#[Interval percentile log between 0.000 and <Infinite> seconds (relative to StartTime)]
#[StartTime: 1524307582.004 (seconds since epoch), Sat Apr 21 12:46:22 CEST 2018]
Time: IntervalPercentiles:count ( 50% 90% Max ) TotalPercentiles:count ( 50% 90% 99% 99.9% 99.99% Max )
9.968: I:1 (   0.001   0.001   0.001 ) T:1 (   0.001   0.001   0.001   0.001   0.001   0.001 )
19.962: I:1 (   0.001   0.001   0.001 ) T:2 (   0.001   0.001   0.001   0.001   0.001   0.001 )
29.963: I:1 (   0.001   0.001   0.001 ) T:3 (   0.001   0.001   0.001   0.001   0.001   0.001 )
39.962: I:1 (   0.001   0.001   0.001 ) T:4 (   0.001   0.001   0.001   0.001   0.001   0.001 )
49.962: I:1 (   0.001   0.001   0.001 ) T:5 (   0.001   0.001   0.001   0.001   0.001   0.001 )
59.962: I:1 (   0.001   0.001   0.001 ) T:6 (   0.001   0.001   0.001   0.001   0.001   0.001 )
69.965: I:1 (   0.001   0.001   0.001 ) T:7 (   0.001   0.001   0.001   0.001   0.001   0.001 )
79.962: I:1 (   0.001   0.001   0.001 ) T:8 (   0.001   0.001   0.001   0.001   0.001   0.001 )
89.961: I:1 (   0.002   0.002   0.002 ) T:9 (   0.001   0.002   0.002   0.002   0.002   0.002 )
99.962: I:1 (   0.001   0.001   0.001 ) T:10 (   0.001   0.001   0.002   0.002   0.002   0.002 )
109.962: I:1 (   0.001   0.001   0.001 ) T:11 (   0.001   0.001   0.002   0.002   0.002   0.002 )
119.961: I:1 (   0.001   0.001   0.001 ) T:12 (   0.001   0.001   0.002   0.002   0.002   0.002 )
129.961: I:1 (   0.001   0.001   0.001 ) T:13 (   0.001   0.001   0.002   0.002   0.002   0.002 )
139.962: I:1 (   0.001   0.001   0.001 ) T:14 (   0.001   0.001   0.002   0.002   0.002   0.002 )
149.962: I:1 (   0.001   0.001   0.001 ) T:15 (   0.001   0.001   0.002   0.002   0.002   0.002 )
159.961: I:1 (   0.001   0.001   0.001 ) T:16 (   0.001   0.001   0.002   0.002   0.002   0.002 )
169.961: I:1 (   0.001   0.001   0.001 ) T:17 (   0.001   0.001   0.002   0.002   0.002   0.002 )
179.961: I:1 (   0.001   0.001   0.001 ) T:18 (   0.001   0.001   0.002   0.002   0.002   0.002 )
189.961: I:1 (   0.001   0.001   0.001 ) T:19 (   0.001   0.001   0.002   0.002   0.002   0.002 )
199.961: I:1 (   0.001   0.001   0.001 ) T:20 (   0.001   0.001   0.002   0.002   0.002   0.002 )
209.961: I:1 (   0.002   0.002   0.002 ) T:21 (   0.001   0.001   0.002   0.002   0.002   0.002 )
219.962: I:1 (   0.001   0.001   0.001 ) T:22 (   0.001   0.001   0.002   0.002   0.002   0.002 )
229.962: I:1 (   0.001   0.001   0.001 ) T:23 (   0.001   0.001   0.002   0.002   0.002   0.002 )
239.961: I:1 (   0.001   0.001   0.001 ) T:24 (   0.001   0.001   0.002   0.002   0.002   0.002 )
249.961: I:1 (   0.001   0.001   0.001 ) T:25 (   0.001   0.001   0.002   0.002   0.002   0.002 )
259.961: I:1 (   0.001   0.001   0.001 ) T:26 (   0.001   0.001   0.002   0.002   0.002   0.002 )
269.961: I:1 (   0.001   0.001   0.001 ) T:27 (   0.001   0.001   0.002   0.002   0.002   0.002 )
279.961: I:1 (   0.001   0.001   0.001 ) T:28 (   0.001   0.001   0.002   0.002   0.002   0.002 )
289.961: I:1 (   0.001   0.001   0.001 ) T:29 (   0.001   0.001   0.002   0.002   0.002   0.002 )
299.961: I:1 (   0.001   0.001   0.001 ) T:30 (   0.001   0.001   0.002   0.002   0.002   0.002 )
309.961: I:1 (   0.001   0.001   0.001 ) T:31 (   0.001   0.001   0.002   0.002   0.002   0.002 )
319.961: I:1 (   0.001   0.001   0.001 ) T:32 (   0.001   0.001   0.002   0.002   0.002   0.002 )
329.961: I:1 (   0.001   0.001   0.001 ) T:33 (   0.001   0.001   0.002   0.002   0.002   0.002 )
339.961: I:1 (   0.001   0.001   0.001 ) T:34 (   0.001   0.001   0.002   0.002   0.002   0.002 )
349.961: I:1 (   0.001   0.001   0.001 ) T:35 (   0.001   0.001   0.002   0.002   0.002   0.002 )
359.964: I:1 (   0.001   0.001   0.001 ) T:36 (   0.001   0.001   0.002   0.002   0.002   0.002 )
369.961: I:1 (   0.001   0.001   0.001 ) T:37 (   0.001   0.001   0.002   0.002   0.002   0.002 )
379.961: I:1 (   0.001   0.001   0.001 ) T:38 (   0.001   0.001   0.002   0.002   0.002   0.002 )
389.961: I:1 (   0.001   0.001   0.001 ) T:39 (   0.001   0.001   0.002   0.002   0.002   0.002 )
399.961: I:1 (   0.001   0.001   0.001 ) T:40 (   0.001   0.001   0.002   0.002   0.002   0.002 )
409.961: I:1 (   0.001   0.001   0.001 ) T:41 (   0.001   0.001   0.002   0.002   0.002   0.002 )
419.961: I:1 (   0.001   0.001   0.001 ) T:42 (   0.001   0.001   0.002   0.002   0.002   0.002 )
429.961: I:1 (   0.001   0.001   0.001 ) T:43 (   0.001   0.001   0.002   0.002   0.002   0.002 )
439.961: I:1 (   0.001   0.001   0.001 ) T:44 (   0.001   0.001   0.002   0.002   0.002   0.002 )
449.964: I:1 (   0.001   0.001   0.001 ) T:45 (   0.001   0.001   0.002   0.002   0.002   0.002 )
459.961: I:1 (   0.001   0.001   0.001 ) T:46 (   0.001   0.001   0.002   0.002   0.002   0.002 )
469.961: I:1 (   0.001   0.001   0.001 ) T:47 (   0.001   0.001   0.002   0.002   0.002   0.002 )
479.961: I:1 (   0.001   0.001   0.001 ) T:48 (   0.001   0.001   0.002   0.002   0.002   0.002 )
489.961: I:1 (   0.001   0.001   0.001 ) T:49 (   0.001   0.001   0.002   0.002   0.002   0.002 )
499.961: I:1 (   0.001   0.001   0.001 ) T:50 (   0.001   0.001   0.002   0.002   0.002   0.002 )
509.961: I:1 (   0.001   0.001   0.001 ) T:51 (   0.001   0.001   0.002   0.002   0.002   0.002 )
519.961: I:1 (   0.001   0.001   0.001 ) T:52 (   0.001   0.001   0.002   0.002   0.002   0.002 )
529.961: I:1 (   0.001   0.001   0.001 ) T:53 (   0.001   0.001   0.002   0.002   0.002   0.002 )
539.961: I:1 (   0.001   0.001   0.001 ) T:54 (   0.001   0.001   0.002   0.002   0.002   0.002 )
549.961: I:1 (   0.001   0.001   0.001 ) T:55 (   0.001   0.001   0.002   0.002   0.002   0.002 )
559.961: I:1 (   0.001   0.001   0.001 ) T:56 (   0.001   0.001   0.002   0.002   0.002   0.002 )
569.961: I:1 (   0.001   0.001   0.001 ) T:57 (   0.001   0.001   0.002   0.002   0.002   0.002 )
579.961: I:1 (   0.001   0.001   0.001 ) T:58 (   0.001   0.001   0.002   0.002   0.002   0.002 )
589.961: I:1 (   0.001   0.001   0.001 ) T:59 (   0.001   0.001   0.002   0.002   0.002   0.002 )
599.961: I:1 (   0.001   0.001   0.001 ) T:60 (   0.001   0.001   0.002   0.002   0.002   0.002 )
609.961: I:1 (   0.001   0.001   0.001 ) T:61 (   0.001   0.001   0.002   0.002   0.002   0.002 )
619.961: I:1 (   0.001   0.001   0.001 ) T:62 (   0.001   0.001   0.002   0.002   0.002   0.002 )
629.961: I:1 (   0.001   0.001   0.001 ) T:63 (   0.001   0.001   0.002   0.002   0.002   0.002 )
639.961: I:1 (   0.001   0.001   0.001 ) T:64 (   0.001   0.001   0.002   0.002   0.002   0.002 )
649.961: I:1 (   0.001   0.001   0.001 ) T:65 (   0.001   0.001   0.002   0.002   0.002   0.002 )
659.961: I:1 (   0.001   0.001   0.001 ) T:66 (   0.001   0.001   0.002   0.002   0.002   0.002 )
669.961: I:1 (   0.001   0.001   0.001 ) T:67 (   0.001   0.001   0.002   0.002   0.002   0.002 )
679.961: I:1 (   0.001   0.001   0.001 ) T:68 (   0.001   0.001   0.002   0.002   0.002   0.002 )
689.961: I:1 (   0.001   0.001   0.001 ) T:69 (   0.001   0.001   0.002   0.002   0.002   0.002 )
699.961: I:1 (   0.001   0.001   0.001 ) T:70 (   0.001   0.001   0.002   0.002   0.002   0.002 )
709.961: I:1 (   0.001   0.001   0.001 ) T:71 (   0.001   0.001   0.002   0.002   0.002   0.002 )
719.961: I:1 (   0.001   0.001   0.001 ) T:72 (   0.001   0.001   0.002   0.002   0.002   0.002 )
729.961: I:1 (   0.001   0.001   0.001 ) T:73 (   0.001   0.001   0.002   0.002   0.002   0.002 )
739.961: I:1 (   0.001   0.001   0.001 ) T:74 (   0.001   0.001   0.002   0.002   0.002   0.002 )
749.961: I:1 (   0.001   0.001   0.001 ) T:75 (   0.001   0.001   0.002   0.002   0.002   0.002 )
759.961: I:1 (   0.001   0.001   0.001 ) T:76 (   0.001   0.001   0.002   0.002   0.002   0.002 )
769.961: I:1 (   0.001   0.001   0.001 ) T:77 (   0.001   0.001   0.002   0.002   0.002   0.002 )
779.961: I:1 (   0.001   0.001   0.001 ) T:78 (   0.001   0.001   0.002   0.002   0.002   0.002 )
789.961: I:1 (   0.001   0.001   0.001 ) T:79 (   0.001   0.001   0.002   0.002   0.002   0.002 )
799.961: I:1 (   0.001   0.001   0.001 ) T:80 (   0.001   0.001   0.002   0.002   0.002   0.002 )
809.961: I:1 (   0.001   0.001   0.001 ) T:81 (   0.001   0.001   0.002   0.002   0.002   0.002 )
819.961: I:1 (   0.001   0.001   0.001 ) T:82 (   0.001   0.001   0.002   0.002   0.002   0.002 )
829.961: I:1 (   0.001   0.001   0.001 ) T:83 (   0.001   0.001   0.002   0.002   0.002   0.002 )
839.961: I:1 (   0.001   0.001   0.001 ) T:84 (   0.001   0.001   0.002   0.002   0.002   0.002 )
849.961: I:1 (   0.001   0.001   0.001 ) T:85 (   0.001   0.001   0.002   0.002   0.002   0.002 )
859.961: I:1 (   0.001   0.001   0.001 ) T:86 (   0.001   0.001   0.002   0.002   0.002   0.002 )
869.961: I:1 (   0.001   0.001   0.001 ) T:87 (   0.001   0.001   0.002   0.002   0.002   0.002 )
879.961: I:1 (   0.001   0.001   0.001 ) T:88 (   0.001   0.001   0.002   0.002   0.002   0.002 )
889.961: I:1 (   0.001   0.001   0.001 ) T:89 (   0.001   0.001   0.002   0.002   0.002   0.002 )
899.961: I:1 (   0.001   0.001   0.001 ) T:90 (   0.001   0.001   0.002   0.002   0.002   0.002 )
909.961: I:1 (   0.001   0.001   0.001 ) T:91 (   0.001   0.001   0.002   0.002   0.002   0.002 )
919.961: I:1 (   0.001   0.001   0.001 ) T:92 (   0.001   0.001   0.002   0.002   0.002   0.002 )
929.961: I:1 (   0.001   0.001   0.001 ) T:93 (   0.001   0.001   0.002   0.002   0.002   0.002 )
939.961: I:1 (   0.001   0.001   0.001 ) T:94 (   0.001   0.001   0.002   0.002   0.002   0.002 )
949.961: I:1 (   0.001   0.001   0.001 ) T:95 (   0.001   0.001   0.002   0.002   0.002   0.002 )
959.961: I:1 (   0.001   0.001   0.001 ) T:96 (   0.001   0.001   0.002   0.002   0.002   0.002 )
969.961: I:1 (   0.001   0.001   0.001 ) T:97 (   0.001   0.001   0.002   0.002   0.002   0.002 )
979.961: I:1 (   0.002   0.002   0.002 ) T:98 (   0.001   0.001   0.002   0.002   0.002   0.002 )
989.961: I:1 (   0.001   0.001   0.001 ) T:99 (   0.001   0.001   0.002   0.002   0.002   0.002 )
999.961: I:1 (   0.001   0.001   0.001 ) T:100 (   0.001   0.001   0.002   0.002   0.002   0.002 )
1009.961: I:1 (   0.001   0.001   0.001 ) T:101 (   0.001   0.001   0.002   0.002   0.002   0.002 )
1019.961: I:1 (   0.001   0.001   0.001 ) T:102 (   0.001   0.001   0.002   0.002   0.002   0.002 )
1029.961: I:1 (   0.001   0.001   0.001 ) T:103 (   0.001   0.001   0.002   0.002   0.002   0.002 )
1039.961: I:1 (   0.001   0.001   0.001 ) T:104 (   0.001   0.001   0.002   0.002   0.002   0.002 )
1049.961: I:1 (   0.001   0.001   0.001 ) T:105 (   0.001   0.001   0.002   0.002   0.002   0.002 )
1059.961: I:1 (   0.001   0.001   0.001 ) T:106 (   0.001   0.001   0.002   0.002   0.002   0.002 )
1069.961: I:1 (   0.001   0.001   0.001 ) T:107 (   0.001   0.001   0.002   0.002   0.002   0.002 )
1079.961: I:1 (   0.001   0.001   0.001 ) T:108 (   0.001   0.001   0.002   0.002   0.002   0.002 )
1089.961: I:1 (   0.001   0.001   0.001 ) T:109 (   0.001   0.001   0.002   0.002   0.002   0.002 )
1099.961: I:1 (   0.001   0.001   0.001 ) T:110 (   0.001   0.001   0.002   0.002   0.002   0.002 )
1109.961: I:1 (   0.001   0.001   0.001 ) T:111 (   0.001   0.001   0.002   0.002   0.002   0.002 )
1119.961: I:1 (   0.001   0.001   0.001 ) T:112 (   0.001   0.001   0.002   0.002   0.002   0.002 )
1129.961: I:1 (   0.001   0.001   0.001 ) T:113 (   0.001   0.001   0.002   0.002   0.002   0.002 )
1139.961: I:1 (   0.001   0.001   0.001 ) T:114 (   0.001   0.001   0.002   0.002   0.002   0.002 )
1149.961: I:1 (   0.001   0.001   0.001 ) T:115 (   0.001   0.001   0.002   0.002   0.002   0.002 )
1159.961: I:1 (   0.001   0.001   0.001 ) T:116 (   0.001   0.001   0.002   0.002   0.002   0.002 )
1169.961: I:1 (   0.001   0.001   0.001 ) T:117 (   0.001   0.001   0.002   0.002   0.002   0.002 )
1179.961: I:1 (   0.001   0.001   0.001 ) T:118 (   0.001   0.001   0.002   0.002   0.002   0.002 )
1189.961: I:1 (   0.001   0.001   0.001 ) T:119 (   0.001   0.001   0.002   0.002   0.002   0.002 )
1199.961: I:1 (   0.001   0.001   0.001 ) T:120 (   0.001   0.001   0.002   0.002   0.002   0.002 )
1209.961: I:1 (   0.001   0.001   0.001 ) T:121 (   0.001   0.001   0.002   0.002   0.002   0.002 )
1219.961: I:1 (   0.001   0.001   0.001 ) T:122 (   0.001   0.001   0.002   0.002   0.002   0.002 )
1229.961: I:1 (   0.001   0.001   0.001 ) T:123 (   0.001   0.001   0.002   0.002   0.002   0.002 )
1239.961: I:1 (   0.001   0.001   0.001 ) T:124 (   0.001   0.001   0.002   0.002   0.002   0.002 )
1249.961: I:1 (   0.001   0.001   0.001 ) T:125 (   0.001   0.001   0.002   0.002   0.002   0.002 )
1259.961: I:1 (   0.001   0.001   0.001 ) T:126 (   0.001   0.001   0.002   0.002   0.002   0.002 )
1269.961: I:1 (   0.001   0.001   0.001 ) T:127 (   0.001   0.001   0.002   0.002   0.002   0.002 )
1279.961: I:1 (   0.001   0.001   0.001 ) T:128 (   0.001   0.001   0.002   0.002   0.002   0.002 )
1286.501: I:2 (   0.001   0.001   0.001 ) T:130 (   0.001   0.001   0.002   0.002   0.002   0.002 )
1286.532: I:0 (   0.000   0.000   0.000 ) T:130 (   0.001   0.001   0.002   0.002   0.002   0.002 )
