#[Interval percentile log between 0.000 and <Infinite> seconds (relative to StartTime)]
#[StartTime: 1524398638.304 (seconds since epoch), Sun Apr 22 14:03:58 CEST 2018]
Time: IntervalPercentiles:count ( 50% 90% Max ) TotalPercentiles:count ( 50% 90% 99% 99.9% 99.99% Max )
7.908: I:33 (  85.439 154.495 405.503 ) T:33 (  85.439 154.495 405.503 405.503 405.503 405.503 )
17.881: I:52 (  77.375 127.231 249.471 ) T:85 (  77.823 128.703 405.503 405.503 405.503 405.503 )
27.878: I:49 (  78.719 132.735 398.079 ) T:134 (  78.207 129.023 398.079 405.503 405.503 405.503 )
37.877: I:55 (  75.711 129.279 318.975 ) T:189 (  78.207 129.279 398.079 405.503 405.503 405.503 )
47.875: I:62 (  68.543 118.591 138.495 ) T:251 (  77.823 127.295 381.183 405.503 405.503 405.503 )
57.878: I:57 (  69.887 119.551 176.511 ) T:308 (  77.823 127.295 318.975 405.503 405.503 405.503 )
67.877: I:60 (  69.375 119.167 180.223 ) T:368 (  77.631 126.399 318.975 405.503 405.503 405.503 )
77.879: I:61 (  70.207 129.599 151.167 ) T:429 (  77.631 127.487 249.471 405.503 405.503 405.503 )
87.875: I:60 (  79.039 117.887 220.415 ) T:489 (  77.759 127.487 249.471 405.503 405.503 405.503 )
97.875: I:61 (  69.119 109.695 402.431 ) T:550 (  77.119 127.167 318.975 405.503 405.503 405.503 )
107.876: I:64 (  67.775  99.519 160.127 ) T:614 (  76.863 125.055 303.871 405.503 405.503 405.503 )
117.870: I:63 (  71.167 120.255 170.751 ) T:677 (  76.863 122.879 303.871 405.503 405.503 405.503 )
127.876: I:60 (  69.375 119.743 158.591 ) T:737 (  73.791 121.151 249.471 405.503 405.503 405.503 )
137.872: I:61 (  79.423 120.063 180.479 ) T:798 (  77.055 121.151 249.471 405.503 405.503 405.503 )
147.877: I:60 (  69.375 110.783 129.983 ) T:858 (  77.055 120.639 220.415 405.503 405.503 405.503 )
157.877: I:60 (  70.527 109.695 231.935 ) T:918 (  77.055 119.935 220.415 405.503 405.503 405.503 )
167.877: I:60 (  79.167 119.935 150.015 ) T:978 (  77.119 119.935 220.415 405.503 405.503 405.503 )
177.877: I:63 (  69.631 119.615 180.351 ) T:1041 (  76.863 119.935 180.479 402.431 405.503 405.503 )
187.881: I:63 (  74.559 109.631 160.255 ) T:1104 (  76.223 119.871 180.351 402.431 405.503 405.503 )
197.877: I:63 (  69.503 119.935 150.911 ) T:1167 (  74.943 119.871 180.351 402.431 405.503 405.503 )
207.879: I:60 (  77.823 110.015 261.375 ) T:1227 (  76.223 119.871 180.479 402.431 405.503 405.503 )
217.869: I:63 (  69.439 119.999 170.367 ) T:1290 (  73.791 119.871 180.479 402.431 405.503 405.503 )
227.870: I:63 (  69.567 109.887 131.327 ) T:1353 (  71.167 119.871 180.351 402.431 405.503 405.503 )
237.877: I:61 (  69.375 120.063 241.791 ) T:1414 (  70.527 119.871 180.351 402.431 405.503 405.503 )
247.870: I:59 (  79.423 119.871 170.751 ) T:1473 (  73.791 119.871 180.351 402.431 405.503 405.503 )
257.877: I:60 (  77.887 119.935 190.591 ) T:1533 (  74.943 119.935 180.351 402.431 405.503 405.503 )
267.880: I:60 (  77.887 109.887 140.287 ) T:1593 (  76.863 119.871 180.351 402.431 405.503 405.503 )
277.877: I:57 (  78.911 119.807 190.847 ) T:1650 (  77.055 119.871 180.351 402.431 405.503 405.503 )
287.879: I:64 (  70.399 110.847 140.159 ) T:1714 (  75.711 119.871 180.223 402.431 405.503 405.503 )
297.878: I:63 (  79.359 109.887 130.111 ) T:1777 (  77.311 119.871 180.223 402.431 405.503 405.503 )
307.876: I:59 (  79.487 129.791 230.143 ) T:1836 (  77.375 119.871 180.351 402.431 405.503 405.503 )
317.876: I:64 (  69.439 100.799 150.399 ) T:1900 (  77.311 119.871 180.223 402.431 405.503 405.503 )
327.878: I:62 (  70.463 112.767 160.511 ) T:1962 (  77.055 119.807 180.223 402.431 405.503 405.503 )
337.876: I:59 (  77.823 111.039 251.391 ) T:2021 (  77.311 119.807 180.223 398.079 405.503 405.503 )
347.878: I:60 (  79.551 121.087 140.415 ) T:2081 (  77.375 119.871 180.223 398.079 405.503 405.503 )
357.872: I:59 (  69.695 130.175 169.983 ) T:2140 (  77.375 119.871 176.511 398.079 405.503 405.503 )
367.875: I:61 (  69.631 121.151 151.551 ) T:2201 (  76.863 119.871 170.879 398.079 405.503 405.503 )
377.876: I:59 (  70.527 119.999 291.839 ) T:2260 (  76.223 119.871 176.511 398.079 405.503 405.503 )
387.878: I:61 (  79.551 109.951 340.735 ) T:2321 (  77.311 119.871 176.511 398.079 405.503 405.503 )
397.877: I:62 (  69.887  99.839 160.511 ) T:2383 (  77.247 119.871 176.511 398.079 405.503 405.503 )
407.879: I:58 (  69.695 122.175 180.863 ) T:2441 (  76.863 119.871 176.511 398.079 405.503 405.503 )
417.876: I:59 (  78.911 120.255 180.991 ) T:2500 (  77.247 119.871 180.223 398.079 405.503 405.503 )
427.877: I:61 (  79.487 120.063 140.287 ) T:2561 (  77.311 119.935 180.223 398.079 405.503 405.503 )
437.879: I:60 (  79.551 130.111 170.623 ) T:2621 (  77.375 119.935 176.511 398.079 405.503 405.503 )
447.875: I:58 (  78.143 128.447 171.647 ) T:2679 (  77.439 119.935 176.511 398.079 405.503 405.503 )
457.876: I:63 (  71.359 119.999 140.287 ) T:2742 (  77.375 119.935 171.647 398.079 405.503 405.503 )
467.878: I:59 (  79.487 130.111 372.991 ) T:2801 (  77.503 119.935 171.647 398.079 405.503 405.503 )
477.877: I:61 (  79.551 110.207 141.311 ) T:2862 (  77.567 119.935 171.647 398.079 405.503 405.503 )
487.878: I:58 (  78.015 120.191 332.287 ) T:2920 (  77.567 119.935 176.511 398.079 405.503 405.503 )
497.877: I:50 (  69.695 130.047 382.719 ) T:2970 (  77.567 119.935 180.735 398.079 405.503 405.503 )
507.877: I:58 (  79.679 130.239 372.735 ) T:3028 (  77.567 119.999 180.735 382.719 405.503 405.503 )
517.878: I:55 (  79.679 130.367 360.959 ) T:3083 (  77.695 119.999 180.991 382.719 405.503 405.503 )
527.877: I:56 (  79.679 130.111 261.375 ) T:3139 (  77.759 119.999 190.591 382.719 405.503 405.503 )
537.876: I:60 (  78.911 110.015 130.303 ) T:3199 (  77.759 119.999 190.591 382.719 405.503 405.503 )
547.878: I:61 (  79.487 100.863 125.503 ) T:3260 (  77.759 119.999 187.775 382.719 405.503 405.503 )
557.877: I:61 (  79.231 110.015 130.303 ) T:3321 (  77.823 119.999 180.991 382.719 405.503 405.503 )
567.877: I:59 (  69.631 110.015 210.303 ) T:3380 (  77.695 119.999 187.775 382.719 405.503 405.503 )
577.876: I:58 (  78.911 121.151 160.511 ) T:3438 (  77.759 119.999 180.991 382.719 405.503 405.503 )
587.876: I:59 (  79.743 130.239 262.399 ) T:3497 (  77.823 119.999 187.775 382.719 405.503 405.503 )
597.873: I:62 (  69.759 106.623 141.439 ) T:3559 (  77.823 119.999 180.991 382.719 405.503 405.503 )
607.876: I:50 (  79.743 148.735 259.839 ) T:3609 (  77.823 119.999 190.591 382.719 405.503 405.503 )
617.877: I:57 (  79.615 129.983 312.319 ) T:3666 (  77.887 119.999 190.719 382.719 405.503 405.503 )
627.877: I:58 (  79.679 120.447 184.575 ) T:3724 (  77.887 120.063 190.591 382.719 405.503 405.503 )
637.878: I:58 (  69.823 121.151 160.511 ) T:3782 (  77.887 120.063 190.591 382.719 405.503 405.503 )
647.877: I:59 (  79.615 130.111 177.663 ) T:3841 (  77.887 120.063 187.775 382.719 405.503 405.503 )
657.872: I:55 (  79.743 140.543 363.519 ) T:3896 (  77.951 120.063 190.719 382.719 405.503 405.503 )
667.872: I:57 (  79.679 120.063 221.183 ) T:3953 (  77.951 120.063 190.719 382.719 405.503 405.503 )
677.875: I:58 (  79.551 119.999 180.735 ) T:4011 (  78.015 120.063 190.591 381.183 405.503 405.503 )
687.873: I:60 (  79.551 119.935 179.071 ) T:4071 (  78.015 120.063 190.591 381.183 405.503 405.503 )
697.877: I:60 (  77.951 120.319 197.887 ) T:4131 (  78.015 120.063 190.591 381.183 405.503 405.503 )
707.878: I:56 (  79.743 141.823 241.535 ) T:4187 (  78.015 120.063 190.847 381.183 405.503 405.503 )
717.877: I:59 (  70.783 121.151 168.959 ) T:4246 (  78.015 120.063 190.719 381.183 405.503 405.503 )
727.870: I:58 (  79.615 120.319 258.815 ) T:4304 (  78.079 120.063 190.847 381.183 405.503 405.503 )
737.876: I:59 (  76.799 120.127 131.455 ) T:4363 (  78.079 120.063 190.847 381.183 405.503 405.503 )
747.870: I:58 (  79.487 120.319 158.847 ) T:4421 (  78.079 120.127 190.719 381.183 405.503 405.503 )
757.870: I:59 (  79.039 130.111 211.199 ) T:4480 (  78.079 120.127 190.847 381.183 405.503 405.503 )
767.876: I:59 (  79.423 130.239 167.935 ) T:4539 (  78.143 120.127 190.719 381.183 405.503 405.503 )
777.876: I:60 (  79.615 130.175 200.703 ) T:4599 (  78.143 120.127 190.847 381.183 405.503 405.503 )
787.871: I:63 (  78.079 109.887 130.239 ) T:4662 (  78.143 120.127 190.719 381.183 405.503 405.503 )
797.877: I:59 (  79.551 120.255 210.687 ) T:4721 (  78.143 120.127 190.719 381.183 405.503 405.503 )
807.879: I:59 (  78.015 119.743 140.287 ) T:4780 (  78.143 120.063 190.719 381.183 405.503 405.503 )
817.876: I:58 (  79.679 120.191 181.887 ) T:4838 (  78.143 120.127 190.591 381.183 405.503 405.503 )
827.877: I:60 (  77.951 120.127 136.703 ) T:4898 (  78.143 120.127 190.591 381.183 405.503 405.503 )
837.877: I:58 (  79.295 120.063 262.399 ) T:4956 (  78.143 120.127 190.591 381.183 405.503 405.503 )
847.877: I:57 (  79.615 128.511 169.983 ) T:5013 (  78.207 120.127 187.775 372.991 405.503 405.503 )
857.877: I:61 (  79.615 109.759 140.415 ) T:5074 (  78.207 120.063 187.775 372.991 405.503 405.503 )
867.875: I:59 (  70.719 110.015 313.855 ) T:5133 (  78.207 120.063 187.775 372.991 405.503 405.503 )
877.875: I:60 (  79.743 120.255 150.399 ) T:5193 (  78.271 120.063 187.775 372.991 405.503 405.503 )
887.876: I:63 (  78.015 109.951 130.239 ) T:5256 (  78.207 120.063 184.575 372.991 405.503 405.503 )
897.870: I:61 (  76.671 120.191 211.071 ) T:5317 (  78.207 120.063 187.775 372.991 405.503 405.503 )
907.869: I:61 (  79.039 120.191 160.639 ) T:5378 (  78.207 120.063 187.775 372.991 405.503 405.503 )
917.878: I:58 (  79.551 130.175 392.959 ) T:5436 (  78.207 120.127 187.775 381.183 405.503 405.503 )
927.876: I:58 (  79.679 119.999 130.303 ) T:5494 (  78.271 120.063 187.775 381.183 405.503 405.503 )
937.875: I:59 (  78.015 110.271 341.759 ) T:5553 (  78.271 120.063 187.775 381.183 405.503 405.503 )
947.877: I:61 (  78.015 110.079 127.615 ) T:5614 (  78.207 120.063 184.575 381.183 405.503 405.503 )
957.878: I:62 (  78.079 110.207 198.399 ) T:5676 (  78.207 120.063 187.775 381.183 405.503 405.503 )
967.870: I:37 ( 120.575 231.167 272.127 ) T:5713 (  78.527 120.127 190.847 381.183 405.503 405.503 )
977.878: I:61 (  79.615 100.095 130.175 ) T:5774 (  78.527 120.127 190.847 381.183 405.503 405.503 )
987.875: I:60 (  76.927 108.351 160.639 ) T:5834 (  78.527 120.127 190.719 381.183 405.503 405.503 )
997.875: I:61 (  77.183 110.015 160.639 ) T:5895 (  78.527 120.127 190.719 381.183 405.503 405.503 )
1007.875: I:60 (  70.719 128.575 160.639 ) T:5955 (  78.463 120.127 190.591 381.183 405.503 405.503 )
1017.875: I:63 (  69.567 120.127 342.527 ) T:6018 (  78.335 120.127 190.591 372.991 405.503 405.503 )
1027.870: I:61 (  61.183 110.143 199.295 ) T:6079 (  78.271 120.127 190.719 372.991 405.503 405.503 )
1037.877: I:62 (  79.743 120.255 130.431 ) T:6141 (  78.335 120.127 190.591 372.991 405.503 405.503 )
1047.876: I:62 (  69.759 119.167 140.415 ) T:6203 (  78.271 120.127 188.543 372.991 405.503 405.503 )
1057.872: I:59 (  78.783 110.143 185.599 ) T:6262 (  78.271 120.127 188.543 372.991 405.503 405.503 )
1067.878: I:63 (  78.271 120.191 131.711 ) T:6325 (  78.271 120.127 187.775 372.991 405.503 405.503 )
1077.870: I:64 (  69.631 120.255 131.071 ) T:6389 (  78.207 120.127 187.775 372.991 405.503 405.503 )
1087.875: I:61 (  70.655 110.143 241.407 ) T:6450 (  78.207 120.127 187.775 372.991 405.503 405.503 )
1097.876: I:61 (  69.759 120.127 241.791 ) T:6511 (  78.207 120.127 187.775 372.991 405.503 405.503 )
1107.870: I:60 (  69.631 121.535 130.431 ) T:6571 (  78.143 120.127 187.775 372.991 405.503 405.503 )
1117.876: I:61 (  69.759 110.015 139.903 ) T:6632 (  78.143 120.127 185.599 372.991 405.503 405.503 )
1127.875: I:61 (  70.975 110.271 136.703 ) T:6693 (  78.143 120.127 185.599 372.991 405.503 405.503 )
1137.875: I:59 (  79.807 120.127 140.415 ) T:6752 (  78.143 120.127 184.575 372.991 405.503 405.503 )
1147.875: I:56 (  79.743 140.415 179.327 ) T:6808 (  78.143 120.127 182.015 372.991 405.503 405.503 )
1157.875: I:56 (  70.719 130.495 261.503 ) T:6864 (  78.143 120.127 184.575 372.991 405.503 405.503 )
1167.875: I:59 (  69.823 131.327 221.311 ) T:6923 (  78.143 120.127 184.575 372.991 405.503 405.503 )
1177.879: I:60 (  79.679 129.151 179.711 ) T:6983 (  78.143 120.127 184.575 372.991 405.503 405.503 )
1187.877: I:59 (  69.823 121.471 180.735 ) T:7042 (  78.143 120.127 182.015 372.735 405.503 405.503 )
1197.879: I:60 (  70.847 110.015 131.711 ) T:7102 (  78.143 120.127 181.887 372.735 405.503 405.503 )
1207.875: I:61 (  69.951 120.191 140.671 ) T:7163 (  78.143 120.127 181.887 372.735 405.503 405.503 )
1217.877: I:60 (  78.143 110.015 191.359 ) T:7223 (  78.143 120.127 181.887 372.735 405.503 405.503 )
1227.876: I:58 (  84.095 130.431 170.879 ) T:7281 (  78.143 120.127 181.887 372.735 405.503 405.503 )
1237.876: I:60 (  70.015 110.207 138.751 ) T:7341 (  78.143 120.127 181.503 372.735 405.503 405.503 )
1247.873: I:54 (  79.871 140.415 275.711 ) T:7395 (  78.143 120.191 181.887 372.735 405.503 405.503 )
1257.872: I:57 (  78.143 120.191 191.231 ) T:7452 (  78.143 120.191 181.887 372.735 405.503 405.503 )
1267.876: I:59 (  79.807 110.015 160.767 ) T:7511 (  78.143 120.191 181.503 372.735 405.503 405.503 )
1277.881: I:55 (  76.799 120.191 221.055 ) T:7566 (  78.143 120.191 181.887 372.735 405.503 405.503 )
1287.878: I:60 (  69.631 118.591 130.495 ) T:7626 (  78.143 120.191 181.503 372.735 405.503 405.503 )
1297.875: I:60 (  69.759 110.079 140.415 ) T:7686 (  78.143 120.127 181.503 372.735 405.503 405.503 )
1307.875: I:58 (  69.695 120.127 234.239 ) T:7744 (  78.143 120.127 181.887 372.735 405.503 405.503 )
1317.875: I:59 (  69.631 120.127 161.535 ) T:7803 (  78.143 120.127 181.503 372.735 405.503 405.503 )
1327.875: I:56 (  70.015 130.175 302.079 ) T:7859 (  78.143 120.127 181.887 372.735 405.503 405.503 )
1337.875: I:55 (  78.271 130.175 261.759 ) T:7914 (  78.143 120.191 181.887 372.735 405.503 405.503 )
1347.873: I:58 (  69.887 119.551 209.407 ) T:7972 (  78.143 120.127 182.015 372.735 405.503 405.503 )
1357.877: I:59 (  69.823 130.367 200.447 ) T:8031 (  78.143 120.191 182.015 363.519 405.503 405.503 )
1367.877: I:58 (  69.887 130.239 190.975 ) T:8089 (  78.143 120.191 184.575 363.519 405.503 405.503 )
1377.875: I:61 (  78.079 120.191 132.607 ) T:8150 (  78.143 120.191 182.015 363.519 405.503 405.503 )
1387.877: I:58 (  79.295 120.063 251.775 ) T:8208 (  78.143 120.191 184.575 363.519 405.503 405.503 )
1397.876: I:16 ( 341.759 382.207 403.711 ) T:8224 (  78.143 120.191 197.887 381.183 405.503 405.503 )
1407.876: I:43 (  89.855 321.535 358.911 ) T:8267 (  78.143 120.191 201.215 381.183 405.503 405.503 )
1417.878: I:60 (  69.695 119.551 281.087 ) T:8327 (  78.143 120.191 201.215 381.183 405.503 405.503 )
1427.877: I:61 (  69.823 120.255 180.735 ) T:8388 (  78.143 120.191 201.215 381.183 405.503 405.503 )
1437.878: I:56 (  70.463 140.287 170.623 ) T:8444 (  78.143 120.191 200.703 381.183 405.503 405.503 )
1447.877: I:58 (  79.743 120.127 251.391 ) T:8502 (  78.143 120.191 200.703 381.183 405.503 405.503 )
1457.877: I:61 (  69.567  98.175 219.519 ) T:8563 (  78.143 120.191 201.215 381.183 405.503 405.503 )
1467.879: I:61 (  69.759 120.319 150.399 ) T:8624 (  78.143 120.191 200.703 381.183 405.503 405.503 )
1477.872: I:60 (  70.719 120.127 160.895 ) T:8684 (  78.143 120.191 200.703 381.183 405.503 405.503 )
1487.875: I:58 (  66.623 120.191 320.511 ) T:8742 (  78.143 120.191 201.215 381.183 405.503 405.503 )
1497.878: I:59 (  79.551 118.271 150.527 ) T:8801 (  78.143 120.191 200.703 381.183 405.503 405.503 )
1507.877: I:62 (  67.903 120.063 322.303 ) T:8863 (  78.143 120.191 201.215 381.183 405.503 405.503 )
1517.877: I:63 (  69.887 130.239 160.511 ) T:8926 (  78.143 120.191 200.703 381.183 405.503 405.503 )
1527.878: I:61 (  69.567 130.047 160.511 ) T:8987 (  78.079 120.191 200.703 381.183 405.503 405.503 )
1537.868: I:60 (  78.015  99.903 180.735 ) T:9047 (  78.079 120.191 200.447 372.991 405.503 405.503 )
1547.878: I:61 (  69.695 110.143 160.511 ) T:9108 (  78.079 120.191 199.295 372.991 405.503 405.503 )
1557.875: I:63 (  69.631 111.103 160.639 ) T:9171 (  78.079 120.191 199.295 372.991 405.503 405.503 )
1567.868: I:61 (  73.663 120.127 140.287 ) T:9232 (  78.079 120.191 198.399 372.991 405.503 405.503 )
1577.881: I:62 (  59.807 129.599 170.879 ) T:9294 (  78.079 120.191 198.399 372.991 405.503 405.503 )
1587.876: I:60 (  69.759 120.063 170.751 ) T:9354 (  78.079 120.191 197.887 372.991 405.503 405.503 )
1597.877: I:60 (  69.695 120.767 190.847 ) T:9414 (  78.079 120.191 195.327 372.991 405.503 405.503 )
1607.877: I:62 (  59.647 117.951 141.311 ) T:9476 (  78.015 120.191 195.327 372.991 405.503 405.503 )
1617.876: I:61 (  69.823  90.879 201.087 ) T:9537 (  78.015 120.191 195.327 372.991 405.503 405.503 )
1627.876: I:60 (  69.823 110.079 131.327 ) T:9597 (  78.015 120.191 195.327 372.991 405.503 405.503 )
1637.874: I:58 (  79.679 120.191 231.295 ) T:9655 (  78.015 120.191 195.327 372.991 405.503 405.503 )
1647.875: I:61 (  69.695 120.063 161.791 ) T:9716 (  78.015 120.191 191.359 372.991 405.503 405.503 )
1657.877: I:61 (  70.591 120.575 145.791 ) T:9777 (  78.015 120.191 191.359 372.991 405.503 405.503 )
1667.872: I:56 (  69.503 120.383 183.807 ) T:9833 (  78.015 120.191 191.359 372.991 405.503 405.503 )
1677.877: I:59 (  69.695 120.191 140.415 ) T:9892 (  78.015 120.191 191.359 372.991 405.503 405.503 )
1687.870: I:58 (  79.487 130.303 211.199 ) T:9950 (  78.015 120.191 191.359 372.991 405.503 405.503 )
1697.875: I:50 (  79.039 120.127 130.495 ) T:10000 (  78.015 120.191 191.359 372.735 403.711 405.503 )
1699.253: I:0 (   0.000   0.000   0.000 ) T:10000 (  78.015 120.191 191.359 372.735 403.711 405.503 )
1699.281: I:0 (   0.000   0.000   0.000 ) T:10000 (  78.015 120.191 191.359 372.735 403.711 405.503 )
