#[Interval percentile log between 0.000 and <Infinite> seconds (relative to StartTime)]
#[StartTime: 1524455797.382 (seconds since epoch), Mon Apr 23 05:56:37 CEST 2018]
Time: IntervalPercentiles:count ( 50% 90% Max ) TotalPercentiles:count ( 50% 90% 99% 99.9% 99.99% Max )
9.267: I:42 ( 117.503 187.263 204.543 ) T:42 ( 117.503 187.263 204.543 204.543 204.543 204.543 )
19.244: I:48 ( 101.375 162.047 526.847 ) T:90 ( 109.439 171.903 526.847 526.847 526.847 526.847 )
29.244: I:42 ( 103.615 162.047 458.751 ) T:132 ( 109.439 171.903 458.751 526.847 526.847 526.847 )
39.241: I:45 ( 101.439 162.047 396.031 ) T:177 ( 103.615 171.903 458.751 526.847 526.847 526.847 )
49.241: I:48 ( 101.375 162.047 377.343 ) T:225 ( 102.271 162.047 396.031 526.847 526.847 526.847 )
59.241: I:46 ( 101.439 193.279 284.159 ) T:271 ( 101.503 171.903 396.031 526.847 526.847 526.847 )
69.238: I:45 ( 111.423 182.271 263.679 ) T:316 ( 101.503 182.271 377.343 526.847 526.847 526.847 )
79.241: I:47 ( 101.375 173.439 490.239 ) T:363 ( 101.439 182.271 396.031 526.847 526.847 526.847 )
89.240: I:47 ( 111.295 151.935 421.631 ) T:410 ( 101.439 173.439 396.031 526.847 526.847 526.847 )
99.240: I:45 ( 111.487 211.711 330.239 ) T:455 ( 101.503 182.143 396.031 526.847 526.847 526.847 )
109.239: I:46 ( 101.311 182.143 384.255 ) T:501 ( 101.439 182.143 384.255 526.847 526.847 526.847 )
119.240: I:45 ( 101.375 212.095 353.279 ) T:546 ( 101.439 182.143 384.255 526.847 526.847 526.847 )
129.232: I:44 ( 111.551 162.047 273.151 ) T:590 ( 101.503 182.143 384.255 526.847 526.847 526.847 )
139.241: I:45 ( 101.375 191.359 565.759 ) T:635 ( 101.439 182.143 396.031 565.759 565.759 565.759 )
149.238: I:48 ( 101.439 151.935 303.615 ) T:683 ( 101.439 182.143 396.031 565.759 565.759 565.759 )
159.238: I:45 ( 111.487 162.047 447.487 ) T:728 ( 101.439 182.143 401.151 565.759 565.759 565.759 )
169.240: I:44 ( 101.439 161.919 351.743 ) T:772 ( 101.439 173.439 401.151 565.759 565.759 565.759 )
179.240: I:47 ( 101.503 219.007 350.719 ) T:819 ( 101.439 182.143 396.031 565.759 565.759 565.759 )
189.239: I:47 ( 101.503 182.143 299.263 ) T:866 ( 101.439 182.143 396.031 565.759 565.759 565.759 )
199.242: I:42 ( 111.487 208.895 643.583 ) T:908 ( 101.503 182.271 396.031 643.583 643.583 643.583 )
209.239: I:45 ( 101.375 141.695 368.895 ) T:953 ( 101.439 182.143 396.031 643.583 643.583 643.583 )
219.240: I:47 ( 101.439 228.095 370.687 ) T:1000 ( 101.439 182.143 384.255 565.759 643.583 643.583 )
229.239: I:47 ( 101.439 182.271 367.871 ) T:1047 ( 101.439 182.271 384.255 565.759 643.583 643.583 )
239.241: I:46 ( 101.439 158.207 273.151 ) T:1093 ( 101.439 182.143 384.255 565.759 643.583 643.583 )
249.240: I:49 ( 101.439 161.919 232.703 ) T:1142 ( 101.439 182.143 377.343 565.759 643.583 643.583 )
259.240: I:46 ( 101.375 233.983 350.463 ) T:1188 ( 101.439 182.143 377.343 565.759 643.583 643.583 )
269.240: I:47 ( 101.375 162.047 357.631 ) T:1235 ( 101.439 182.143 370.687 565.759 643.583 643.583 )
279.237: I:47 ( 107.391 217.471 338.687 ) T:1282 ( 101.439 182.143 370.687 565.759 643.583 643.583 )
289.240: I:46 ( 111.295 151.935 460.799 ) T:1328 ( 101.439 182.143 370.687 565.759 643.583 643.583 )
299.233: I:43 ( 101.375 228.351 388.863 ) T:1371 ( 101.439 182.271 377.343 565.759 643.583 643.583 )
309.237: I:47 ( 101.375 172.031 415.743 ) T:1418 ( 101.439 182.271 377.343 565.759 643.583 643.583 )
319.237: I:47 ( 107.263 172.159 385.023 ) T:1465 ( 101.439 182.143 384.255 565.759 643.583 643.583 )
329.239: I:42 ( 111.423 259.967 392.959 ) T:1507 ( 101.439 182.271 384.255 565.759 643.583 643.583 )
339.236: I:42 ( 102.399 222.719 506.879 ) T:1549 ( 101.439 182.271 385.023 565.759 643.583 643.583 )
349.239: I:44 ( 111.423 193.279 385.791 ) T:1593 ( 101.439 182.271 385.791 565.759 643.583 643.583 )
359.237: I:46 ( 101.439 196.479 358.655 ) T:1639 ( 101.439 182.271 385.023 565.759 643.583 643.583 )
369.238: I:46 ( 101.375 257.663 354.303 ) T:1685 ( 101.439 182.271 385.023 565.759 643.583 643.583 )
379.231: I:46 ( 101.375 151.935 352.511 ) T:1731 ( 101.439 182.271 384.255 565.759 643.583 643.583 )
389.237: I:46 ( 111.423 246.399 442.879 ) T:1777 ( 101.439 182.271 385.023 565.759 643.583 643.583 )
399.240: I:43 ( 101.375 141.823 296.447 ) T:1820 ( 101.439 182.271 384.255 565.759 643.583 643.583 )
409.239: I:46 ( 101.439 225.791 341.503 ) T:1866 ( 101.439 182.271 384.255 565.759 643.583 643.583 )
419.239: I:46 ( 104.063 202.367 346.367 ) T:1912 ( 101.439 182.271 380.415 565.759 643.583 643.583 )
429.238: I:46 ( 101.375 172.159 336.895 ) T:1958 ( 101.439 182.271 380.415 565.759 643.583 643.583 )
439.240: I:46 ( 101.439 168.831 472.831 ) T:2004 ( 101.439 182.271 380.415 526.847 643.583 643.583 )
449.239: I:46 ( 101.503 222.591 326.655 ) T:2050 ( 101.439 182.271 380.415 526.847 643.583 643.583 )
459.240: I:48 ( 101.439 141.823 254.335 ) T:2098 ( 101.439 182.271 380.415 526.847 643.583 643.583 )
469.231: I:46 ( 101.375 257.279 354.559 ) T:2144 ( 101.439 185.599 377.343 526.847 643.583 643.583 )
479.238: I:47 ( 101.439 212.479 441.087 ) T:2191 ( 101.439 185.599 380.415 526.847 643.583 643.583 )
489.235: I:44 ( 101.375 182.143 390.143 ) T:2235 ( 101.439 185.599 384.255 526.847 643.583 643.583 )
499.240: I:30 ( 111.423 363.775 703.999 ) T:2265 ( 101.439 191.359 385.791 565.759 703.999 703.999 )
509.237: I:16 ( 363.775 396.543 705.023 ) T:2281 ( 101.439 195.711 390.143 643.583 705.023 705.023 )
519.234: I:40 ( 101.503 223.103 532.479 ) T:2321 ( 101.439 196.479 393.983 643.583 705.023 705.023 )
529.240: I:42 ( 101.375 263.679 488.959 ) T:2363 ( 101.439 197.887 396.031 643.583 705.023 705.023 )
539.237: I:16 ( 353.535 434.431 757.759 ) T:2379 ( 101.439 211.711 401.151 703.999 757.759 757.759 )
549.237: I:23 ( 174.591 414.207 747.519 ) T:2402 ( 101.439 216.447 415.743 705.023 757.759 757.759 )
559.238: I:27 ( 168.831 383.999 383.999 ) T:2429 ( 101.439 222.847 415.743 705.023 757.759 757.759 )
569.238: I:40 ( 101.375 253.055 385.535 ) T:2469 ( 101.439 223.487 415.743 705.023 757.759 757.759 )
579.238: I:36 ( 111.487 325.119 404.223 ) T:2505 ( 101.439 226.687 414.207 705.023 757.759 757.759 )
589.238: I:16 ( 373.759 388.607 709.119 ) T:2521 ( 101.439 233.983 415.743 709.119 757.759 757.759 )
599.238: I:24 ( 275.199 373.759 435.199 ) T:2545 ( 101.503 245.759 421.631 709.119 757.759 757.759 )
609.240: I:25 ( 204.543 380.671 613.375 ) T:2570 ( 101.503 251.647 434.431 709.119 757.759 757.759 )
619.239: I:40 ( 101.503 216.703 436.479 ) T:2610 ( 101.503 251.391 434.431 709.119 757.759 757.759 )
629.236: I:36 ( 111.423 373.759 654.335 ) T:2646 ( 101.503 252.799 435.199 709.119 757.759 757.759 )
639.236: I:15 ( 373.759 444.415 482.815 ) T:2661 ( 101.503 261.119 441.087 709.119 757.759 757.759 )
649.239: I:21 ( 258.431 404.223 535.551 ) T:2682 ( 101.503 265.471 444.415 709.119 757.759 757.759 )
659.238: I:18 ( 323.327 444.415 765.951 ) T:2700 ( 101.503 273.151 444.415 747.519 765.951 765.951 )
669.240: I:39 ( 101.503 373.759 481.279 ) T:2739 ( 101.503 273.151 447.487 747.519 765.951 765.951 )
679.239: I:45 ( 101.439 162.047 417.791 ) T:2784 ( 101.503 273.151 447.487 747.519 765.951 765.951 )
689.239: I:44 ( 101.439 311.039 374.271 ) T:2828 ( 101.503 273.151 444.415 747.519 765.951 765.951 )
699.239: I:46 ( 101.439 165.375 285.183 ) T:2874 ( 101.503 273.151 444.415 747.519 765.951 765.951 )
709.239: I:45 ( 111.551 216.831 466.175 ) T:2919 ( 101.503 272.639 444.415 747.519 765.951 765.951 )
719.231: I:48 ( 101.375 158.847 354.047 ) T:2967 ( 101.503 270.335 444.415 747.519 765.951 765.951 )
729.238: I:47 ( 101.375 204.927 396.543 ) T:3014 ( 101.503 268.287 444.415 709.119 765.951 765.951 )
739.239: I:48 (  92.351 132.351 454.143 ) T:3062 ( 101.503 265.471 444.415 709.119 765.951 765.951 )
749.239: I:46 ( 101.375 277.759 373.759 ) T:3108 ( 101.503 265.983 444.415 709.119 765.951 765.951 )
759.239: I:49 (  94.591 162.175 314.623 ) T:3157 ( 101.503 264.703 444.415 709.119 765.951 765.951 )
769.238: I:49 ( 101.439 200.447 363.263 ) T:3206 ( 101.503 263.679 442.879 709.119 765.951 765.951 )
779.234: I:46 ( 101.375 141.823 349.183 ) T:3252 ( 101.503 262.655 442.879 709.119 765.951 765.951 )
789.240: I:48 (  95.231 182.783 323.583 ) T:3300 ( 101.439 261.887 442.367 709.119 765.951 765.951 )
799.238: I:46 ( 101.439 199.423 293.119 ) T:3346 ( 101.439 260.095 442.367 709.119 765.951 765.951 )
809.234: I:45 ( 101.439 151.935 402.687 ) T:3391 ( 101.439 259.711 442.367 709.119 765.951 765.951 )
819.241: I:45 ( 101.375 162.047 312.063 ) T:3436 ( 101.439 258.431 441.087 709.119 765.951 765.951 )
829.235: I:46 ( 101.439 202.495 396.287 ) T:3482 ( 101.439 257.407 441.087 709.119 765.951 765.951 )
839.238: I:47 ( 101.439 204.671 302.847 ) T:3529 ( 101.439 257.279 436.479 709.119 765.951 765.951 )
849.237: I:46 ( 101.503 191.487 360.191 ) T:3575 ( 101.439 254.335 436.479 709.119 765.951 765.951 )
859.240: I:44 ( 101.375 172.287 453.631 ) T:3619 ( 101.439 254.079 436.479 709.119 765.951 765.951 )
869.232: I:47 ( 101.503 187.647 340.479 ) T:3666 ( 101.439 253.311 436.479 709.119 765.951 765.951 )
879.235: I:45 ( 101.439 280.063 440.831 ) T:3711 ( 101.439 253.311 436.479 709.119 765.951 765.951 )
889.231: I:47 (  99.903 151.935 338.175 ) T:3758 ( 101.439 253.055 436.479 709.119 765.951 765.951 )
899.231: I:45 ( 101.439 293.375 331.263 ) T:3803 ( 101.439 253.055 435.199 709.119 765.951 765.951 )
909.236: I:46 ( 111.487 162.047 339.711 ) T:3849 ( 101.439 253.055 435.199 709.119 765.951 765.951 )
919.239: I:47 ( 101.439 153.087 397.823 ) T:3896 ( 101.439 252.927 435.199 709.119 765.951 765.951 )
929.231: I:44 ( 101.439 228.223 347.391 ) T:3940 ( 101.439 252.799 434.431 709.119 765.951 765.951 )
939.237: I:48 ( 101.183 202.495 443.647 ) T:3988 ( 101.439 252.799 435.199 709.119 765.951 765.951 )
949.238: I:48 ( 101.375 176.895 318.975 ) T:4036 ( 101.439 252.543 434.431 705.023 765.951 765.951 )
959.240: I:46 ( 101.439 142.847 411.903 ) T:4082 ( 101.439 251.391 434.431 705.023 765.951 765.951 )
969.231: I:47 ( 101.439 152.063 343.551 ) T:4129 ( 101.439 251.007 424.703 705.023 765.951 765.951 )
979.238: I:47 ( 101.439 216.703 387.327 ) T:4176 ( 101.439 248.959 424.703 705.023 765.951 765.951 )
989.239: I:49 ( 101.375 195.455 336.127 ) T:4225 ( 101.439 248.447 424.447 705.023 765.951 765.951 )
999.231: I:48 ( 101.439 162.175 324.607 ) T:4273 ( 101.439 246.911 424.447 705.023 765.951 765.951 )
1009.244: I:46 ( 101.439 241.663 379.903 ) T:4319 ( 101.439 246.911 421.631 705.023 765.951 765.951 )
1019.237: I:46 ( 111.359 192.255 355.583 ) T:4365 ( 101.439 245.759 421.631 705.023 765.951 765.951 )
1029.239: I:46 ( 101.503 193.407 322.303 ) T:4411 ( 101.439 245.375 418.815 705.023 765.951 765.951 )
1039.238: I:47 ( 101.439 141.823 344.831 ) T:4458 ( 101.439 244.863 418.815 705.023 765.951 765.951 )
1049.230: I:46 ( 101.055 254.591 431.871 ) T:4504 ( 101.439 244.863 418.815 705.023 765.951 765.951 )
1059.237: I:47 ( 101.567 162.047 435.455 ) T:4551 ( 101.439 244.351 421.631 705.023 765.951 765.951 )
1069.241: I:47 ( 111.359 162.175 384.255 ) T:4598 ( 101.439 243.455 421.631 705.023 765.951 765.951 )
1079.238: I:46 (  91.391 202.367 352.767 ) T:4644 ( 101.439 242.431 418.815 705.023 765.951 765.951 )
1089.240: I:48 ( 101.439 204.159 387.327 ) T:4692 ( 101.439 241.663 418.815 705.023 765.951 765.951 )
1099.231: I:48 ( 101.375 141.951 285.183 ) T:4740 ( 101.439 240.639 417.791 705.023 765.951 765.951 )
1109.236: I:48 ( 101.439 168.959 302.335 ) T:4788 ( 101.439 239.103 417.791 705.023 765.951 765.951 )
1119.239: I:47 ( 101.439 152.959 517.375 ) T:4835 ( 101.439 237.951 417.791 705.023 765.951 765.951 )
1129.239: I:46 ( 101.439 217.343 331.263 ) T:4881 ( 101.439 237.439 417.791 705.023 765.951 765.951 )
1139.230: I:46 ( 101.439 196.991 280.575 ) T:4927 ( 101.439 236.799 416.255 705.023 765.951 765.951 )
1149.237: I:47 ( 101.375 224.767 358.143 ) T:4974 ( 101.439 235.903 416.255 705.023 765.951 765.951 )
1159.239: I:47 ( 101.439 192.767 454.655 ) T:5021 ( 101.439 235.391 416.255 703.999 765.951 765.951 )
1169.233: I:46 ( 101.503 219.647 300.543 ) T:5067 ( 101.439 235.391 416.255 703.999 765.951 765.951 )
1179.237: I:43 ( 111.487 182.271 346.879 ) T:5110 ( 101.439 235.263 415.743 703.999 765.951 765.951 )
1189.234: I:44 ( 111.487 141.951 385.279 ) T:5154 ( 101.439 235.007 415.743 703.999 765.951 765.951 )
1199.237: I:47 ( 110.911 182.271 378.367 ) T:5201 ( 101.439 233.983 414.207 703.999 765.951 765.951 )
1209.239: I:45 ( 111.487 277.247 416.255 ) T:5246 ( 101.439 235.007 415.743 703.999 765.951 765.951 )
1219.239: I:44 ( 101.439 151.935 374.527 ) T:5290 ( 101.439 233.983 415.743 703.999 765.951 765.951 )
1229.238: I:46 ( 111.359 162.047 348.927 ) T:5336 ( 101.439 233.727 414.207 703.999 765.951 765.951 )
1239.232: I:42 ( 118.719 214.015 358.911 ) T:5378 ( 101.439 233.343 414.207 703.999 765.951 765.951 )
1249.237: I:43 ( 111.551 222.719 342.783 ) T:5421 ( 101.439 233.215 411.903 703.999 765.951 765.951 )
1259.240: I:43 ( 101.759 162.047 425.471 ) T:5464 ( 101.439 233.215 414.207 703.999 765.951 765.951 )
1269.238: I:48 ( 101.375 176.767 292.351 ) T:5512 ( 101.439 232.703 411.903 703.999 765.951 765.951 )
1279.238: I:43 ( 101.503 192.383 393.215 ) T:5555 ( 101.439 232.703 411.903 703.999 765.951 765.951 )
1289.238: I:45 ( 101.503 232.703 329.215 ) T:5600 ( 101.439 232.703 411.903 703.999 765.951 765.951 )
1299.237: I:43 ( 121.535 193.407 423.935 ) T:5643 ( 101.439 231.551 411.903 703.999 765.951 765.951 )
1309.239: I:44 ( 111.487 182.143 413.695 ) T:5687 ( 101.439 231.551 413.695 703.999 765.951 765.951 )
1319.232: I:45 ( 101.439 272.895 384.767 ) T:5732 ( 101.439 231.551 411.903 703.999 765.951 765.951 )
1329.231: I:44 ( 111.423 141.823 418.303 ) T:5776 ( 101.439 231.295 413.695 703.999 765.951 765.951 )
1339.240: I:45 ( 102.399 225.919 450.047 ) T:5821 ( 101.439 230.655 413.695 703.999 765.951 765.951 )
1349.239: I:44 ( 111.551 172.159 381.183 ) T:5865 ( 101.439 230.271 413.695 703.999 765.951 765.951 )
1359.231: I:42 ( 104.319 242.687 382.719 ) T:5907 ( 101.439 230.655 411.903 703.999 765.951 765.951 )
1369.233: I:47 ( 101.439 189.311 423.167 ) T:5954 ( 101.439 230.271 413.695 703.999 765.951 765.951 )
1379.238: I:42 ( 111.487 280.831 513.279 ) T:5996 ( 101.439 230.655 415.743 703.999 765.951 765.951 )
1389.235: I:46 ( 101.439 145.407 340.223 ) T:6042 ( 101.439 230.271 414.207 654.335 765.951 765.951 )
1399.237: I:44 ( 101.439 206.207 383.231 ) T:6086 ( 101.439 230.271 414.207 654.335 765.951 765.951 )
1409.231: I:44 ( 102.399 141.823 370.175 ) T:6130 ( 101.503 229.759 413.695 654.335 765.951 765.951 )
1419.238: I:41 ( 111.551 222.463 391.935 ) T:6171 ( 101.503 229.759 413.695 654.335 765.951 765.951 )
1429.238: I:45 ( 111.487 172.159 364.287 ) T:6216 ( 101.503 229.759 411.903 654.335 765.951 765.951 )
1439.238: I:47 ( 101.439 251.263 391.423 ) T:6263 ( 101.503 229.759 411.903 654.335 765.951 765.951 )
1449.239: I:42 ( 101.439 186.623 414.719 ) T:6305 ( 101.503 229.759 411.903 654.335 765.951 765.951 )
1459.233: I:42 ( 101.567 197.503 343.551 ) T:6347 ( 101.503 229.375 411.903 654.335 765.951 765.951 )
1469.240: I:46 ( 101.439 202.111 598.527 ) T:6393 ( 101.503 228.351 413.695 654.335 765.951 765.951 )
1479.239: I:45 ( 111.487 216.831 377.087 ) T:6438 ( 101.503 228.351 411.903 654.335 765.951 765.951 )
1489.233: I:46 ( 101.503 163.071 315.135 ) T:6484 ( 101.503 228.223 411.903 654.335 765.951 765.951 )
1499.237: I:43 ( 111.551 227.711 484.607 ) T:6527 ( 101.503 228.223 413.695 654.335 765.951 765.951 )
1509.241: I:43 ( 111.359 162.559 282.879 ) T:6570 ( 101.503 227.711 413.695 654.335 765.951 765.951 )
1519.237: I:46 ( 101.503 218.111 365.567 ) T:6616 ( 101.503 227.711 411.903 654.335 765.951 765.951 )
1529.237: I:43 ( 111.487 151.807 363.775 ) T:6659 ( 101.503 227.199 411.903 654.335 765.951 765.951 )
1539.237: I:44 ( 102.463 248.575 410.367 ) T:6703 ( 101.503 227.199 411.903 654.335 765.951 765.951 )
1549.238: I:44 ( 111.487 156.927 279.551 ) T:6747 ( 101.503 226.815 411.903 654.335 765.951 765.951 )
1559.235: I:46 ( 101.503 236.927 379.903 ) T:6793 ( 101.503 226.815 411.903 654.335 765.951 765.951 )
1569.243: I:45 ( 101.439 151.935 431.103 ) T:6838 ( 101.503 226.687 411.903 654.335 765.951 765.951 )
1579.240: I:44 ( 101.375 258.175 560.127 ) T:6882 ( 101.503 226.687 411.903 654.335 765.951 765.951 )
1589.238: I:46 ( 101.439 161.919 318.719 ) T:6928 ( 101.503 226.687 411.903 654.335 765.951 765.951 )
1599.241: I:43 ( 111.487 152.959 374.783 ) T:6971 ( 101.503 226.559 411.903 654.335 765.951 765.951 )
1609.240: I:45 ( 101.503 221.695 458.751 ) T:7016 ( 101.503 226.559 411.903 643.583 765.951 765.951 )
1619.238: I:47 ( 101.439 192.255 300.031 ) T:7063 ( 101.503 226.175 411.903 643.583 765.951 765.951 )
1629.238: I:45 ( 111.487 151.679 385.535 ) T:7108 ( 101.503 225.919 410.367 643.583 765.951 765.951 )
1639.231: I:44 ( 101.503 182.271 540.671 ) T:7152 ( 101.503 225.791 411.903 643.583 765.951 765.951 )
1649.240: I:47 ( 101.439 172.287 311.551 ) T:7199 ( 101.503 224.767 411.903 643.583 765.951 765.951 )
1659.239: I:44 ( 111.487 171.903 382.207 ) T:7243 ( 101.503 224.383 410.367 643.583 765.951 765.951 )
1669.231: I:46 ( 101.439 151.935 348.671 ) T:7289 ( 101.503 223.871 410.367 643.583 765.951 765.951 )
1679.238: I:45 ( 101.439 232.703 368.639 ) T:7334 ( 101.503 223.871 404.223 643.583 765.951 765.951 )
1689.238: I:44 ( 101.503 162.047 350.207 ) T:7378 ( 101.503 223.743 404.223 643.583 765.951 765.951 )
1699.239: I:43 ( 111.423 264.191 644.095 ) T:7421 ( 101.503 223.871 410.367 644.095 765.951 765.951 )
1709.239: I:45 ( 111.423 141.823 409.599 ) T:7466 ( 101.503 223.743 410.367 644.095 765.951 765.951 )
1719.231: I:45 ( 104.575 251.263 359.679 ) T:7511 ( 101.503 223.743 409.599 644.095 765.951 765.951 )
1729.234: I:45 ( 111.423 218.495 340.223 ) T:7556 ( 101.503 223.743 409.599 644.095 765.951 765.951 )
1739.241: I:45 ( 111.487 263.167 360.191 ) T:7601 ( 101.503 223.743 404.223 644.095 765.951 765.951 )
1749.235: I:46 ( 101.439 182.271 382.719 ) T:7647 ( 101.503 223.487 404.223 644.095 765.951 765.951 )
1759.238: I:45 ( 101.439 182.271 419.583 ) T:7692 ( 101.503 223.103 409.599 644.095 765.951 765.951 )
1769.234: I:46 ( 101.375 161.919 482.815 ) T:7738 ( 101.503 222.847 409.599 644.095 765.951 765.951 )
1779.238: I:46 ( 111.423 195.583 395.263 ) T:7784 ( 101.503 222.719 409.599 644.095 765.951 765.951 )
1789.239: I:46 ( 101.439 172.031 509.439 ) T:7830 ( 101.503 222.591 409.599 644.095 765.951 765.951 )
1799.239: I:45 ( 101.439 229.631 379.135 ) T:7875 ( 101.503 222.591 409.599 644.095 765.951 765.951 )
1809.237: I:44 ( 101.439 151.935 349.951 ) T:7919 ( 101.503 222.591 404.223 644.095 765.951 765.951 )
1819.240: I:45 ( 103.807 224.383 421.119 ) T:7964 ( 101.503 222.591 409.599 644.095 765.951 765.951 )
1829.237: I:46 ( 101.439 152.063 434.943 ) T:8010 ( 101.503 222.591 409.599 643.583 765.951 765.951 )
1839.240: I:45 ( 102.271 182.271 365.567 ) T:8055 ( 101.503 222.591 409.599 643.583 765.951 765.951 )
1849.239: I:44 ( 101.503 151.935 343.807 ) T:8099 ( 101.503 222.591 409.599 643.583 765.951 765.951 )
1859.236: I:46 ( 101.439 162.047 474.879 ) T:8145 ( 101.503 222.463 409.599 643.583 765.951 765.951 )
1869.238: I:46 ( 111.423 306.687 362.751 ) T:8191 ( 101.503 222.463 409.599 643.583 765.951 765.951 )
1879.238: I:44 ( 101.439 224.383 654.847 ) T:8235 ( 101.503 222.591 409.599 644.095 765.951 765.951 )
1889.238: I:47 ( 101.375 182.271 488.191 ) T:8282 ( 101.503 222.463 410.367 644.095 765.951 765.951 )
1899.241: I:42 ( 111.487 232.703 328.703 ) T:8324 ( 101.503 222.591 409.599 644.095 765.951 765.951 )
1909.240: I:47 ( 101.375 162.047 437.503 ) T:8371 ( 101.503 222.463 410.367 644.095 765.951 765.951 )
1919.239: I:45 ( 111.487 192.255 363.007 ) T:8416 ( 101.503 222.463 409.599 644.095 765.951 765.951 )
1929.238: I:43 ( 101.439 162.047 373.503 ) T:8459 ( 101.503 222.463 409.599 644.095 765.951 765.951 )
1939.238: I:46 ( 109.119 272.895 422.143 ) T:8505 ( 101.503 222.463 409.599 644.095 765.951 765.951 )
1949.238: I:46 ( 111.103 239.999 409.087 ) T:8551 ( 101.503 222.463 409.599 644.095 765.951 765.951 )
1959.231: I:47 ( 101.375 141.823 242.815 ) T:8598 ( 101.503 222.207 409.599 644.095 765.951 765.951 )
1969.236: I:48 ( 111.359 192.639 315.647 ) T:8646 ( 101.503 222.207 409.087 644.095 765.951 765.951 )
1979.238: I:45 ( 101.439 172.031 343.295 ) T:8691 ( 101.503 221.951 409.087 644.095 765.951 765.951 )
1989.240: I:47 ( 101.439 271.615 367.359 ) T:8738 ( 101.503 222.207 404.223 644.095 765.951 765.951 )
1999.239: I:48 ( 101.375 141.823 348.671 ) T:8786 ( 101.503 221.951 404.223 644.095 765.951 765.951 )
2009.238: I:45 ( 101.439 251.775 429.823 ) T:8831 ( 101.503 221.951 404.223 644.095 765.951 765.951 )
2019.230: I:44 ( 111.487 182.143 363.775 ) T:8875 ( 101.503 221.823 404.223 644.095 765.951 765.951 )
2029.230: I:47 ( 107.775 156.799 325.375 ) T:8922 ( 101.503 221.695 404.223 644.095 765.951 765.951 )
2039.236: I:46 ( 111.487 182.271 427.007 ) T:8968 ( 101.503 221.695 404.223 644.095 765.951 765.951 )
2049.239: I:47 ( 101.439 223.487 289.791 ) T:9015 ( 101.503 221.695 404.223 643.583 765.951 765.951 )
2059.236: I:47 (  98.495 151.807 413.951 ) T:9062 ( 101.503 221.439 404.223 643.583 765.951 765.951 )
2069.238: I:45 ( 101.375 249.983 342.271 ) T:9107 ( 101.503 221.567 404.223 643.583 765.951 765.951 )
2079.241: I:45 ( 101.439 202.367 372.479 ) T:9152 ( 101.503 221.439 404.223 643.583 765.951 765.951 )
2089.241: I:44 ( 111.551 209.791 372.479 ) T:9196 ( 101.503 221.439 404.223 643.583 765.951 765.951 )
2099.241: I:46 ( 111.423 162.047 272.383 ) T:9242 ( 101.503 219.519 403.967 643.583 765.951 765.951 )
2109.232: I:42 ( 111.423 192.383 612.863 ) T:9284 ( 101.503 219.391 404.223 643.583 765.951 765.951 )
2119.241: I:45 ( 108.863 202.367 311.807 ) T:9329 ( 101.503 219.391 404.223 643.583 765.951 765.951 )
2129.238: I:43 ( 111.487 226.175 363.775 ) T:9372 ( 101.503 219.391 404.223 643.583 765.951 765.951 )
2139.236: I:44 ( 111.423 200.319 302.079 ) T:9416 ( 101.503 219.391 403.967 643.583 765.951 765.951 )
2149.240: I:48 ( 101.503 151.935 381.439 ) T:9464 ( 101.503 219.135 403.967 643.583 765.951 765.951 )
2159.234: I:47 ( 101.311 240.511 337.407 ) T:9511 ( 101.503 219.135 402.687 643.583 765.951 765.951 )
2169.232: I:44 ( 111.231 162.047 403.967 ) T:9555 ( 101.503 219.135 403.967 643.583 765.951 765.951 )
2179.238: I:47 ( 101.503 199.167 351.487 ) T:9602 ( 101.503 219.007 402.687 643.583 765.951 765.951 )
2189.234: I:47 ( 101.439 131.711 371.967 ) T:9649 ( 101.503 218.751 402.687 643.583 765.951 765.951 )
2199.238: I:43 ( 111.423 264.959 403.967 ) T:9692 ( 101.503 218.751 403.967 643.583 765.951 765.951 )
2209.238: I:46 ( 101.375 141.823 362.495 ) T:9738 ( 101.503 218.495 402.687 643.583 765.951 765.951 )
2219.235: I:46 ( 101.503 246.655 471.807 ) T:9784 ( 101.503 218.495 403.967 643.583 765.951 765.951 )
2229.238: I:46 ( 101.439 172.159 394.495 ) T:9830 ( 101.503 218.367 402.687 643.583 765.951 765.951 )
2239.238: I:45 ( 101.439 280.831 374.271 ) T:9875 ( 101.503 218.495 402.687 643.583 765.951 765.951 )
2249.237: I:46 ( 101.439 182.271 391.423 ) T:9921 ( 101.503 218.367 401.151 643.583 765.951 765.951 )
2259.238: I:47 ( 101.439 151.935 341.247 ) T:9968 ( 101.503 218.367 401.151 643.583 765.951 765.951 )
2269.234: I:44 ( 101.503 161.919 371.967 ) T:10012 ( 101.503 218.111 397.823 638.463 757.759 765.951 )
2279.231: I:46 ( 101.439 259.967 361.983 ) T:10058 ( 101.503 218.367 397.823 638.463 757.759 765.951 )
2289.238: I:45 ( 111.487 151.935 533.503 ) T:10103 ( 101.503 217.983 397.823 638.463 757.759 765.951 )
2299.238: I:46 ( 111.487 224.895 362.239 ) T:10149 ( 101.503 218.111 397.823 638.463 757.759 765.951 )
2309.238: I:43 ( 111.423 151.679 433.663 ) T:10192 ( 101.503 217.471 401.151 638.463 757.759 765.951 )
2319.239: I:44 ( 111.487 273.663 364.031 ) T:10236 ( 101.503 218.111 397.823 638.463 757.759 765.951 )
2329.240: I:43 ( 111.487 201.471 313.087 ) T:10279 ( 101.503 218.111 397.823 638.463 757.759 765.951 )
2339.240: I:44 ( 102.399 232.447 363.519 ) T:10323 ( 101.503 218.111 396.543 638.463 757.759 765.951 )
2349.237: I:45 ( 111.487 151.935 413.695 ) T:10368 ( 101.503 218.111 397.823 638.463 757.759 765.951 )
2359.231: I:43 ( 111.551 213.119 412.927 ) T:10411 ( 101.503 217.983 397.823 638.463 757.759 765.951 )
2369.238: I:46 ( 101.439 131.711 316.927 ) T:10457 ( 101.503 217.471 397.823 638.463 757.759 765.951 )
2379.228: I:45 ( 101.439 272.383 389.119 ) T:10502 ( 101.503 217.471 396.543 638.463 757.759 765.951 )
2389.231: I:45 ( 102.399 151.935 346.367 ) T:10547 ( 101.503 217.471 396.543 638.463 757.759 765.951 )
2399.237: I:46 ( 101.375 151.935 366.079 ) T:10593 ( 101.503 217.343 396.543 638.463 757.759 765.951 )
2409.231: I:45 ( 111.551 188.799 428.543 ) T:10638 ( 101.503 217.343 396.543 638.463 757.759 765.951 )
2419.241: I:43 ( 111.423 232.575 349.183 ) T:10681 ( 101.503 217.343 396.543 638.463 757.759 765.951 )
2429.240: I:41 ( 101.439 151.935 615.935 ) T:10722 ( 101.503 217.343 396.543 638.463 757.759 765.951 )
2439.238: I:43 ( 111.423 283.647 501.759 ) T:10765 ( 101.503 217.343 401.151 638.463 757.759 765.951 )
2449.238: I:45 ( 101.503 141.823 303.615 ) T:10810 ( 101.503 216.959 397.823 638.463 757.759 765.951 )
2459.229: I:44 ( 101.439 240.127 562.175 ) T:10854 ( 101.503 217.343 402.687 638.463 757.759 765.951 )
2469.241: I:40 ( 111.487 185.599 502.271 ) T:10894 ( 101.503 217.343 403.967 638.463 757.759 765.951 )
2479.234: I:43 ( 102.399 246.015 415.487 ) T:10937 ( 101.503 217.343 403.967 638.463 757.759 765.951 )
2489.238: I:45 ( 101.503 162.047 412.159 ) T:10982 ( 101.503 216.959 403.967 638.463 757.759 765.951 )
2499.237: I:44 ( 101.503 283.135 375.807 ) T:11026 ( 101.503 217.343 403.967 615.935 757.759 765.951 )
2509.238: I:43 ( 111.487 162.047 286.463 ) T:11069 ( 101.503 217.343 403.967 615.935 757.759 765.951 )
2519.237: I:43 ( 101.439 362.239 567.807 ) T:11112 ( 101.503 217.343 403.967 615.935 757.759 765.951 )
2529.239: I:44 ( 101.439 182.143 311.807 ) T:11156 ( 101.503 217.343 403.967 615.935 757.759 765.951 )
2539.236: I:44 ( 104.959 247.295 349.183 ) T:11200 ( 101.503 217.343 403.967 615.935 757.759 765.951 )
2549.238: I:45 ( 101.503 162.175 515.839 ) T:11245 ( 101.503 217.343 403.967 615.935 757.759 765.951 )
2559.238: I:44 ( 101.567 268.031 382.719 ) T:11289 ( 101.503 217.343 403.967 615.935 757.759 765.951 )
2569.238: I:43 ( 101.503 162.815 358.655 ) T:11332 ( 101.503 217.343 403.967 615.935 757.759 765.951 )
2579.237: I:44 ( 111.487 182.271 361.215 ) T:11376 ( 101.503 217.343 403.967 615.935 757.759 765.951 )
2589.233: I:41 ( 103.359 273.151 478.975 ) T:11417 ( 101.503 217.343 403.967 615.935 757.759 765.951 )
2599.236: I:45 ( 111.551 152.191 390.399 ) T:11462 ( 101.503 217.343 403.967 615.935 757.759 765.951 )
2609.240: I:44 ( 111.487 172.159 414.207 ) T:11506 ( 101.503 216.959 403.967 615.935 757.759 765.951 )
2619.233: I:45 ( 101.439 151.935 426.495 ) T:11551 ( 101.503 216.831 403.967 615.935 757.759 765.951 )
2629.239: I:43 ( 101.439 203.263 328.703 ) T:11594 ( 101.503 216.831 403.967 615.935 757.759 765.951 )
2639.236: I:47 ( 101.439 206.335 355.583 ) T:11641 ( 101.503 216.831 403.967 615.935 757.759 765.951 )
2649.234: I:46 ( 101.439 192.255 401.151 ) T:11687 ( 101.503 216.831 403.967 615.935 757.759 765.951 )
2659.226: I:43 ( 111.551 222.463 433.919 ) T:11730 ( 101.503 216.831 403.967 615.935 757.759 765.951 )
2669.240: I:43 ( 101.375 128.063 355.071 ) T:11773 ( 101.503 216.831 403.967 615.935 757.759 765.951 )
2679.239: I:45 ( 101.503 245.375 387.839 ) T:11818 ( 101.503 216.831 403.967 615.935 757.759 765.951 )
2689.240: I:45 ( 101.503 151.935 395.519 ) T:11863 ( 101.503 216.831 403.967 615.935 757.759 765.951 )
2699.239: I:44 ( 101.375 258.815 413.439 ) T:11907 ( 101.503 216.831 403.967 615.935 757.759 765.951 )
2709.232: I:47 ( 101.439 152.063 316.671 ) T:11954 ( 101.503 216.831 403.967 615.935 757.759 765.951 )
2719.238: I:44 ( 102.591 263.423 450.303 ) T:11998 ( 101.503 216.831 403.967 615.935 757.759 765.951 )
2729.238: I:43 ( 111.487 151.935 311.295 ) T:12041 ( 101.503 216.703 403.967 613.375 757.759 765.951 )
2739.236: I:43 ( 101.439 308.991 410.879 ) T:12084 ( 101.503 216.831 403.967 613.375 757.759 765.951 )
2749.240: I:44 ( 101.439 143.359 394.239 ) T:12128 ( 101.503 216.831 403.967 613.375 757.759 765.951 )
2759.239: I:42 ( 111.487 248.831 442.623 ) T:12170 ( 101.503 216.831 403.967 613.375 757.759 765.951 )
2769.240: I:43 ( 111.487 172.031 494.847 ) T:12213 ( 101.503 216.831 403.967 613.375 757.759 765.951 )
2779.234: I:46 ( 101.503 235.775 424.447 ) T:12259 ( 101.503 216.831 403.967 613.375 757.759 765.951 )
2789.231: I:43 ( 101.503 141.951 479.487 ) T:12302 ( 101.503 216.831 403.967 613.375 757.759 765.951 )
2799.238: I:44 ( 101.503 238.463 379.647 ) T:12346 ( 101.503 216.831 403.967 613.375 757.759 765.951 )
2809.235: I:47 ( 101.503 141.823 339.455 ) T:12393 ( 101.503 216.831 403.967 613.375 757.759 765.951 )
2819.238: I:43 ( 107.711 314.623 386.047 ) T:12436 ( 101.503 216.831 403.967 613.375 757.759 765.951 )
2829.238: I:42 ( 101.503 151.807 463.615 ) T:12478 ( 101.503 216.831 403.967 613.375 757.759 765.951 )
2839.237: I:43 ( 101.439 228.607 358.655 ) T:12521 ( 101.503 216.831 403.967 613.375 757.759 765.951 )
2849.240: I:43 ( 101.503 141.823 559.615 ) T:12564 ( 101.503 216.831 403.967 613.375 757.759 765.951 )
2859.240: I:46 ( 101.439 219.391 365.055 ) T:12610 ( 101.503 216.831 403.967 613.375 757.759 765.951 )
2869.239: I:45 ( 101.503 162.047 376.831 ) T:12655 ( 101.503 216.703 403.967 613.375 757.759 765.951 )
2879.241: I:42 ( 101.503 274.431 415.743 ) T:12697 ( 101.503 216.831 404.223 613.375 757.759 765.951 )
2889.235: I:43 ( 101.439 162.047 474.623 ) T:12740 ( 101.503 216.703 404.223 613.375 757.759 765.951 )
2899.238: I:45 ( 101.503 220.159 353.023 ) T:12785 ( 101.503 216.831 404.223 613.375 757.759 765.951 )
2909.238: I:42 ( 101.503 172.159 446.975 ) T:12827 ( 101.503 216.703 404.223 613.375 757.759 765.951 )
2919.237: I:45 ( 111.487 152.191 485.375 ) T:12872 ( 101.503 216.703 404.223 613.375 757.759 765.951 )
2929.238: I:42 ( 111.487 163.199 534.015 ) T:12914 ( 101.503 216.703 409.087 613.375 757.759 765.951 )
2939.230: I:46 ( 111.487 151.807 399.359 ) T:12960 ( 101.503 216.447 409.087 613.375 757.759 765.951 )
2949.239: I:44 ( 111.487 151.935 385.791 ) T:13004 ( 101.503 216.447 406.015 612.863 757.759 765.951 )
2959.239: I:44 ( 103.039 185.087 345.855 ) T:13048 ( 101.503 216.447 406.015 612.863 757.759 765.951 )
2969.235: I:44 ( 111.551 182.271 375.807 ) T:13092 ( 101.503 215.679 406.015 612.863 757.759 765.951 )
2979.234: I:44 ( 111.423 222.591 338.943 ) T:13136 ( 101.503 216.447 404.223 612.863 757.759 765.951 )
2989.238: I:43 ( 101.503 250.239 477.183 ) T:13179 ( 101.503 216.703 409.087 612.863 757.759 765.951 )
2999.231: I:46 ( 101.375 220.543 398.079 ) T:13225 ( 101.503 216.703 406.015 612.863 757.759 765.951 )
3009.238: I:43 ( 111.359 182.143 357.631 ) T:13268 ( 101.503 216.447 406.015 612.863 757.759 765.951 )
3019.231: I:43 ( 111.423 212.479 418.559 ) T:13311 ( 101.503 216.447 408.831 612.863 757.759 765.951 )
3024.356: I:21 ( 111.487 141.951 446.975 ) T:13332 ( 101.503 216.447 409.087 612.863 757.759 765.951 )
3024.402: I:0 (   0.000   0.000   0.000 ) T:13332 ( 101.503 216.447 409.087 612.863 757.759 765.951 )
