#[Interval percentile log between 0.000 and <Infinite> seconds (relative to StartTime)]
#[StartTime: 1524913384.233 (seconds since epoch), Sat Apr 28 13:03:04 CEST 2018]
Time: IntervalPercentiles:count ( 50% 90% Max ) TotalPercentiles:count ( 50% 90% 99% 99.9% 99.99% Max )
9.811: I:1 ( 240.895 240.895 240.895 ) T:1 ( 240.895 240.895 240.895 240.895 240.895 240.895 )
19.786: I:0 (   0.000   0.000   0.000 ) T:1 ( 240.895 240.895 240.895 240.895 240.895 240.895 )
29.782: I:0 (   0.000   0.000   0.000 ) T:1 ( 240.895 240.895 240.895 240.895 240.895 240.895 )
39.774: I:0 (   0.000   0.000   0.000 ) T:1 ( 240.895 240.895 240.895 240.895 240.895 240.895 )
49.771: I:0 (   0.000   0.000   0.000 ) T:1 ( 240.895 240.895 240.895 240.895 240.895 240.895 )
59.773: I:0 (   0.000   0.000   0.000 ) T:1 ( 240.895 240.895 240.895 240.895 240.895 240.895 )
69.772: I:0 (   0.000   0.000   0.000 ) T:1 ( 240.895 240.895 240.895 240.895 240.895 240.895 )
79.769: I:0 (   0.000   0.000   0.000 ) T:1 ( 240.895 240.895 240.895 240.895 240.895 240.895 )
89.768: I:0 (   0.000   0.000   0.000 ) T:1 ( 240.895 240.895 240.895 240.895 240.895 240.895 )
99.768: I:0 (   0.000   0.000   0.000 ) T:1 ( 240.895 240.895 240.895 240.895 240.895 240.895 )
109.768: I:0 (   0.000   0.000   0.000 ) T:1 ( 240.895 240.895 240.895 240.895 240.895 240.895 )
119.771: I:0 (   0.000   0.000   0.000 ) T:1 ( 240.895 240.895 240.895 240.895 240.895 240.895 )
129.768: I:0 (   0.000   0.000   0.000 ) T:1 ( 240.895 240.895 240.895 240.895 240.895 240.895 )
139.770: I:0 (   0.000   0.000   0.000 ) T:1 ( 240.895 240.895 240.895 240.895 240.895 240.895 )
149.769: I:0 (   0.000   0.000   0.000 ) T:1 ( 240.895 240.895 240.895 240.895 240.895 240.895 )
159.768: I:0 (   0.000   0.000   0.000 ) T:1 ( 240.895 240.895 240.895 240.895 240.895 240.895 )
169.768: I:0 (   0.000   0.000   0.000 ) T:1 ( 240.895 240.895 240.895 240.895 240.895 240.895 )
179.769: I:0 (   0.000   0.000   0.000 ) T:1 ( 240.895 240.895 240.895 240.895 240.895 240.895 )
189.769: I:0 (   0.000   0.000   0.000 ) T:1 ( 240.895 240.895 240.895 240.895 240.895 240.895 )
199.770: I:0 (   0.000   0.000   0.000 ) T:1 ( 240.895 240.895 240.895 240.895 240.895 240.895 )
209.770: I:0 (   0.000   0.000   0.000 ) T:1 ( 240.895 240.895 240.895 240.895 240.895 240.895 )
219.770: I:0 (   0.000   0.000   0.000 ) T:1 ( 240.895 240.895 240.895 240.895 240.895 240.895 )
229.768: I:0 (   0.000   0.000   0.000 ) T:1 ( 240.895 240.895 240.895 240.895 240.895 240.895 )
239.770: I:0 (   0.000   0.000   0.000 ) T:1 ( 240.895 240.895 240.895 240.895 240.895 240.895 )
249.769: I:0 (   0.000   0.000   0.000 ) T:1 ( 240.895 240.895 240.895 240.895 240.895 240.895 )
259.769: I:0 (   0.000   0.000   0.000 ) T:1 ( 240.895 240.895 240.895 240.895 240.895 240.895 )
269.769: I:0 (   0.000   0.000   0.000 ) T:1 ( 240.895 240.895 240.895 240.895 240.895 240.895 )
279.768: I:0 (   0.000   0.000   0.000 ) T:1 ( 240.895 240.895 240.895 240.895 240.895 240.895 )
289.768: I:0 (   0.000   0.000   0.000 ) T:1 ( 240.895 240.895 240.895 240.895 240.895 240.895 )
299.768: I:0 (   0.000   0.000   0.000 ) T:1 ( 240.895 240.895 240.895 240.895 240.895 240.895 )
309.768: I:0 (   0.000   0.000   0.000 ) T:1 ( 240.895 240.895 240.895 240.895 240.895 240.895 )
319.768: I:0 (   0.000   0.000   0.000 ) T:1 ( 240.895 240.895 240.895 240.895 240.895 240.895 )
329.770: I:0 (   0.000   0.000   0.000 ) T:1 ( 240.895 240.895 240.895 240.895 240.895 240.895 )
339.769: I:0 (   0.000   0.000   0.000 ) T:1 ( 240.895 240.895 240.895 240.895 240.895 240.895 )
349.769: I:0 (   0.000   0.000   0.000 ) T:1 ( 240.895 240.895 240.895 240.895 240.895 240.895 )
359.767: I:0 (   0.000   0.000   0.000 ) T:1 ( 240.895 240.895 240.895 240.895 240.895 240.895 )
369.770: I:0 (   0.000   0.000   0.000 ) T:1 ( 240.895 240.895 240.895 240.895 240.895 240.895 )
379.767: I:0 (   0.000   0.000   0.000 ) T:1 ( 240.895 240.895 240.895 240.895 240.895 240.895 )
389.769: I:0 (   0.000   0.000   0.000 ) T:1 ( 240.895 240.895 240.895 240.895 240.895 240.895 )
399.767: I:0 (   0.000   0.000   0.000 ) T:1 ( 240.895 240.895 240.895 240.895 240.895 240.895 )
409.769: I:0 (   0.000   0.000   0.000 ) T:1 ( 240.895 240.895 240.895 240.895 240.895 240.895 )
419.808: I:0 (   0.000   0.000   0.000 ) T:1 ( 240.895 240.895 240.895 240.895 240.895 240.895 )
429.767: I:0 (   0.000   0.000   0.000 ) T:1 ( 240.895 240.895 240.895 240.895 240.895 240.895 )
439.767: I:0 (   0.000   0.000   0.000 ) T:1 ( 240.895 240.895 240.895 240.895 240.895 240.895 )
449.769: I:0 (   0.000   0.000   0.000 ) T:1 ( 240.895 240.895 240.895 240.895 240.895 240.895 )
459.768: I:0 (   0.000   0.000   0.000 ) T:1 ( 240.895 240.895 240.895 240.895 240.895 240.895 )
469.768: I:0 (   0.000   0.000   0.000 ) T:1 ( 240.895 240.895 240.895 240.895 240.895 240.895 )
479.819: I:0 (   0.000   0.000   0.000 ) T:1 ( 240.895 240.895 240.895 240.895 240.895 240.895 )
489.768: I:0 (   0.000   0.000   0.000 ) T:1 ( 240.895 240.895 240.895 240.895 240.895 240.895 )
499.767: I:0 (   0.000   0.000   0.000 ) T:1 ( 240.895 240.895 240.895 240.895 240.895 240.895 )
509.768: I:0 (   0.000   0.000   0.000 ) T:1 ( 240.895 240.895 240.895 240.895 240.895 240.895 )
519.768: I:0 (   0.000   0.000   0.000 ) T:1 ( 240.895 240.895 240.895 240.895 240.895 240.895 )
529.769: I:0 (   0.000   0.000   0.000 ) T:1 ( 240.895 240.895 240.895 240.895 240.895 240.895 )
539.769: I:0 (   0.000   0.000   0.000 ) T:1 ( 240.895 240.895 240.895 240.895 240.895 240.895 )
549.767: I:0 (   0.000   0.000   0.000 ) T:1 ( 240.895 240.895 240.895 240.895 240.895 240.895 )
559.769: I:0 (   0.000   0.000   0.000 ) T:1 ( 240.895 240.895 240.895 240.895 240.895 240.895 )
569.770: I:0 (   0.000   0.000   0.000 ) T:1 ( 240.895 240.895 240.895 240.895 240.895 240.895 )
579.770: I:0 (   0.000   0.000   0.000 ) T:1 ( 240.895 240.895 240.895 240.895 240.895 240.895 )
589.768: I:0 (   0.000   0.000   0.000 ) T:1 ( 240.895 240.895 240.895 240.895 240.895 240.895 )
599.768: I:0 (   0.000   0.000   0.000 ) T:1 ( 240.895 240.895 240.895 240.895 240.895 240.895 )
609.767: I:0 (   0.000   0.000   0.000 ) T:1 ( 240.895 240.895 240.895 240.895 240.895 240.895 )
619.768: I:0 (   0.000   0.000   0.000 ) T:1 ( 240.895 240.895 240.895 240.895 240.895 240.895 )
629.768: I:0 (   0.000   0.000   0.000 ) T:1 ( 240.895 240.895 240.895 240.895 240.895 240.895 )
639.768: I:0 (   0.000   0.000   0.000 ) T:1 ( 240.895 240.895 240.895 240.895 240.895 240.895 )
649.769: I:0 (   0.000   0.000   0.000 ) T:1 ( 240.895 240.895 240.895 240.895 240.895 240.895 )
659.769: I:0 (   0.000   0.000   0.000 ) T:1 ( 240.895 240.895 240.895 240.895 240.895 240.895 )
669.768: I:0 (   0.000   0.000   0.000 ) T:1 ( 240.895 240.895 240.895 240.895 240.895 240.895 )
679.768: I:0 (   0.000   0.000   0.000 ) T:1 ( 240.895 240.895 240.895 240.895 240.895 240.895 )
689.768: I:0 (   0.000   0.000   0.000 ) T:1 ( 240.895 240.895 240.895 240.895 240.895 240.895 )
699.768: I:0 (   0.000   0.000   0.000 ) T:1 ( 240.895 240.895 240.895 240.895 240.895 240.895 )
709.768: I:0 (   0.000   0.000   0.000 ) T:1 ( 240.895 240.895 240.895 240.895 240.895 240.895 )
719.769: I:0 (   0.000   0.000   0.000 ) T:1 ( 240.895 240.895 240.895 240.895 240.895 240.895 )
729.769: I:0 (   0.000   0.000   0.000 ) T:1 ( 240.895 240.895 240.895 240.895 240.895 240.895 )
739.833: I:0 (   0.000   0.000   0.000 ) T:1 ( 240.895 240.895 240.895 240.895 240.895 240.895 )
749.769: I:0 (   0.000   0.000   0.000 ) T:1 ( 240.895 240.895 240.895 240.895 240.895 240.895 )
759.767: I:0 (   0.000   0.000   0.000 ) T:1 ( 240.895 240.895 240.895 240.895 240.895 240.895 )
769.764: I:0 (   0.000   0.000   0.000 ) T:1 ( 240.895 240.895 240.895 240.895 240.895 240.895 )
779.768: I:0 (   0.000   0.000   0.000 ) T:1 ( 240.895 240.895 240.895 240.895 240.895 240.895 )
789.767: I:0 (   0.000   0.000   0.000 ) T:1 ( 240.895 240.895 240.895 240.895 240.895 240.895 )
799.768: I:0 (   0.000   0.000   0.000 ) T:1 ( 240.895 240.895 240.895 240.895 240.895 240.895 )
809.768: I:0 (   0.000   0.000   0.000 ) T:1 ( 240.895 240.895 240.895 240.895 240.895 240.895 )
819.769: I:0 (   0.000   0.000   0.000 ) T:1 ( 240.895 240.895 240.895 240.895 240.895 240.895 )
829.768: I:0 (   0.000   0.000   0.000 ) T:1 ( 240.895 240.895 240.895 240.895 240.895 240.895 )
839.770: I:0 (   0.000   0.000   0.000 ) T:1 ( 240.895 240.895 240.895 240.895 240.895 240.895 )
849.770: I:0 (   0.000   0.000   0.000 ) T:1 ( 240.895 240.895 240.895 240.895 240.895 240.895 )
859.769: I:0 (   0.000   0.000   0.000 ) T:1 ( 240.895 240.895 240.895 240.895 240.895 240.895 )
869.768: I:0 (   0.000   0.000   0.000 ) T:1 ( 240.895 240.895 240.895 240.895 240.895 240.895 )
879.768: I:0 (   0.000   0.000   0.000 ) T:1 ( 240.895 240.895 240.895 240.895 240.895 240.895 )
889.768: I:0 (   0.000   0.000   0.000 ) T:1 ( 240.895 240.895 240.895 240.895 240.895 240.895 )
899.768: I:0 (   0.000   0.000   0.000 ) T:1 ( 240.895 240.895 240.895 240.895 240.895 240.895 )
909.768: I:0 (   0.000   0.000   0.000 ) T:1 ( 240.895 240.895 240.895 240.895 240.895 240.895 )
919.768: I:0 (   0.000   0.000   0.000 ) T:1 ( 240.895 240.895 240.895 240.895 240.895 240.895 )
929.769: I:0 (   0.000   0.000   0.000 ) T:1 ( 240.895 240.895 240.895 240.895 240.895 240.895 )
939.765: I:0 (   0.000   0.000   0.000 ) T:1 ( 240.895 240.895 240.895 240.895 240.895 240.895 )
949.770: I:0 (   0.000   0.000   0.000 ) T:1 ( 240.895 240.895 240.895 240.895 240.895 240.895 )
959.767: I:0 (   0.000   0.000   0.000 ) T:1 ( 240.895 240.895 240.895 240.895 240.895 240.895 )
969.768: I:0 (   0.000   0.000   0.000 ) T:1 ( 240.895 240.895 240.895 240.895 240.895 240.895 )
979.768: I:0 (   0.000   0.000   0.000 ) T:1 ( 240.895 240.895 240.895 240.895 240.895 240.895 )
989.768: I:0 (   0.000   0.000   0.000 ) T:1 ( 240.895 240.895 240.895 240.895 240.895 240.895 )
999.767: I:0 (   0.000   0.000   0.000 ) T:1 ( 240.895 240.895 240.895 240.895 240.895 240.895 )
1009.768: I:0 (   0.000   0.000   0.000 ) T:1 ( 240.895 240.895 240.895 240.895 240.895 240.895 )
1019.765: I:0 (   0.000   0.000   0.000 ) T:1 ( 240.895 240.895 240.895 240.895 240.895 240.895 )
1029.768: I:0 (   0.000   0.000   0.000 ) T:1 ( 240.895 240.895 240.895 240.895 240.895 240.895 )
1039.765: I:0 (   0.000   0.000   0.000 ) T:1 ( 240.895 240.895 240.895 240.895 240.895 240.895 )
1049.766: I:0 (   0.000   0.000   0.000 ) T:1 ( 240.895 240.895 240.895 240.895 240.895 240.895 )
1059.767: I:0 (   0.000   0.000   0.000 ) T:1 ( 240.895 240.895 240.895 240.895 240.895 240.895 )
1069.765: I:0 (   0.000   0.000   0.000 ) T:1 ( 240.895 240.895 240.895 240.895 240.895 240.895 )
1079.767: I:0 (   0.000   0.000   0.000 ) T:1 ( 240.895 240.895 240.895 240.895 240.895 240.895 )
1089.768: I:0 (   0.000   0.000   0.000 ) T:1 ( 240.895 240.895 240.895 240.895 240.895 240.895 )
1099.762: I:0 (   0.000   0.000   0.000 ) T:1 ( 240.895 240.895 240.895 240.895 240.895 240.895 )
1109.765: I:0 (   0.000   0.000   0.000 ) T:1 ( 240.895 240.895 240.895 240.895 240.895 240.895 )
1119.767: I:0 (   0.000   0.000   0.000 ) T:1 ( 240.895 240.895 240.895 240.895 240.895 240.895 )
1129.767: I:0 (   0.000   0.000   0.000 ) T:1 ( 240.895 240.895 240.895 240.895 240.895 240.895 )
1139.768: I:0 (   0.000   0.000   0.000 ) T:1 ( 240.895 240.895 240.895 240.895 240.895 240.895 )
1149.767: I:0 (   0.000   0.000   0.000 ) T:1 ( 240.895 240.895 240.895 240.895 240.895 240.895 )
1159.767: I:0 (   0.000   0.000   0.000 ) T:1 ( 240.895 240.895 240.895 240.895 240.895 240.895 )
1169.767: I:0 (   0.000   0.000   0.000 ) T:1 ( 240.895 240.895 240.895 240.895 240.895 240.895 )
1179.766: I:0 (   0.000   0.000   0.000 ) T:1 ( 240.895 240.895 240.895 240.895 240.895 240.895 )
1189.769: I:0 (   0.000   0.000   0.000 ) T:1 ( 240.895 240.895 240.895 240.895 240.895 240.895 )
1199.774: I:0 (   0.000   0.000   0.000 ) T:1 ( 240.895 240.895 240.895 240.895 240.895 240.895 )
1209.766: I:0 (   0.000   0.000   0.000 ) T:1 ( 240.895 240.895 240.895 240.895 240.895 240.895 )
1219.768: I:0 (   0.000   0.000   0.000 ) T:1 ( 240.895 240.895 240.895 240.895 240.895 240.895 )
1229.768: I:0 (   0.000   0.000   0.000 ) T:1 ( 240.895 240.895 240.895 240.895 240.895 240.895 )
1239.769: I:0 (   0.000   0.000   0.000 ) T:1 ( 240.895 240.895 240.895 240.895 240.895 240.895 )
1249.764: I:0 (   0.000   0.000   0.000 ) T:1 ( 240.895 240.895 240.895 240.895 240.895 240.895 )
1259.767: I:0 (   0.000   0.000   0.000 ) T:1 ( 240.895 240.895 240.895 240.895 240.895 240.895 )
1269.765: I:0 (   0.000   0.000   0.000 ) T:1 ( 240.895 240.895 240.895 240.895 240.895 240.895 )
1279.766: I:0 (   0.000   0.000   0.000 ) T:1 ( 240.895 240.895 240.895 240.895 240.895 240.895 )
1289.768: I:0 (   0.000   0.000   0.000 ) T:1 ( 240.895 240.895 240.895 240.895 240.895 240.895 )
1299.767: I:0 (   0.000   0.000   0.000 ) T:1 ( 240.895 240.895 240.895 240.895 240.895 240.895 )
1309.767: I:0 (   0.000   0.000   0.000 ) T:1 ( 240.895 240.895 240.895 240.895 240.895 240.895 )
1319.775: I:0 (   0.000   0.000   0.000 ) T:1 ( 240.895 240.895 240.895 240.895 240.895 240.895 )
1329.769: I:0 (   0.000   0.000   0.000 ) T:1 ( 240.895 240.895 240.895 240.895 240.895 240.895 )
1339.768: I:0 (   0.000   0.000   0.000 ) T:1 ( 240.895 240.895 240.895 240.895 240.895 240.895 )
1349.768: I:0 (   0.000   0.000   0.000 ) T:1 ( 240.895 240.895 240.895 240.895 240.895 240.895 )
1359.768: I:0 (   0.000   0.000   0.000 ) T:1 ( 240.895 240.895 240.895 240.895 240.895 240.895 )
1369.767: I:0 (   0.000   0.000   0.000 ) T:1 ( 240.895 240.895 240.895 240.895 240.895 240.895 )
1379.769: I:0 (   0.000   0.000   0.000 ) T:1 ( 240.895 240.895 240.895 240.895 240.895 240.895 )
1389.769: I:0 (   0.000   0.000   0.000 ) T:1 ( 240.895 240.895 240.895 240.895 240.895 240.895 )
1399.768: I:0 (   0.000   0.000   0.000 ) T:1 ( 240.895 240.895 240.895 240.895 240.895 240.895 )
1409.767: I:0 (   0.000   0.000   0.000 ) T:1 ( 240.895 240.895 240.895 240.895 240.895 240.895 )
1419.768: I:0 (   0.000   0.000   0.000 ) T:1 ( 240.895 240.895 240.895 240.895 240.895 240.895 )
1429.768: I:0 (   0.000   0.000   0.000 ) T:1 ( 240.895 240.895 240.895 240.895 240.895 240.895 )
1439.768: I:0 (   0.000   0.000   0.000 ) T:1 ( 240.895 240.895 240.895 240.895 240.895 240.895 )
1449.767: I:0 (   0.000   0.000   0.000 ) T:1 ( 240.895 240.895 240.895 240.895 240.895 240.895 )
1459.769: I:0 (   0.000   0.000   0.000 ) T:1 ( 240.895 240.895 240.895 240.895 240.895 240.895 )
1469.763: I:0 (   0.000   0.000   0.000 ) T:1 ( 240.895 240.895 240.895 240.895 240.895 240.895 )
1479.768: I:0 (   0.000   0.000   0.000 ) T:1 ( 240.895 240.895 240.895 240.895 240.895 240.895 )
1489.767: I:0 (   0.000   0.000   0.000 ) T:1 ( 240.895 240.895 240.895 240.895 240.895 240.895 )
1499.768: I:0 (   0.000   0.000   0.000 ) T:1 ( 240.895 240.895 240.895 240.895 240.895 240.895 )
1509.768: I:0 (   0.000   0.000   0.000 ) T:1 ( 240.895 240.895 240.895 240.895 240.895 240.895 )
1519.764: I:0 (   0.000   0.000   0.000 ) T:1 ( 240.895 240.895 240.895 240.895 240.895 240.895 )
1529.768: I:0 (   0.000   0.000   0.000 ) T:1 ( 240.895 240.895 240.895 240.895 240.895 240.895 )
1539.765: I:0 (   0.000   0.000   0.000 ) T:1 ( 240.895 240.895 240.895 240.895 240.895 240.895 )
1549.770: I:0 (   0.000   0.000   0.000 ) T:1 ( 240.895 240.895 240.895 240.895 240.895 240.895 )
1559.764: I:0 (   0.000   0.000   0.000 ) T:1 ( 240.895 240.895 240.895 240.895 240.895 240.895 )
1569.765: I:0 (   0.000   0.000   0.000 ) T:1 ( 240.895 240.895 240.895 240.895 240.895 240.895 )
1579.765: I:0 (   0.000   0.000   0.000 ) T:1 ( 240.895 240.895 240.895 240.895 240.895 240.895 )
1589.772: I:0 (   0.000   0.000   0.000 ) T:1 ( 240.895 240.895 240.895 240.895 240.895 240.895 )
1599.773: I:0 (   0.000   0.000   0.000 ) T:1 ( 240.895 240.895 240.895 240.895 240.895 240.895 )
1609.767: I:0 (   0.000   0.000   0.000 ) T:1 ( 240.895 240.895 240.895 240.895 240.895 240.895 )
1619.767: I:0 (   0.000   0.000   0.000 ) T:1 ( 240.895 240.895 240.895 240.895 240.895 240.895 )
1629.767: I:0 (   0.000   0.000   0.000 ) T:1 ( 240.895 240.895 240.895 240.895 240.895 240.895 )
1639.767: I:0 (   0.000   0.000   0.000 ) T:1 ( 240.895 240.895 240.895 240.895 240.895 240.895 )
1649.768: I:0 (   0.000   0.000   0.000 ) T:1 ( 240.895 240.895 240.895 240.895 240.895 240.895 )
1659.768: I:0 (   0.000   0.000   0.000 ) T:1 ( 240.895 240.895 240.895 240.895 240.895 240.895 )
1669.768: I:0 (   0.000   0.000   0.000 ) T:1 ( 240.895 240.895 240.895 240.895 240.895 240.895 )
1679.768: I:0 (   0.000   0.000   0.000 ) T:1 ( 240.895 240.895 240.895 240.895 240.895 240.895 )
1689.768: I:0 (   0.000   0.000   0.000 ) T:1 ( 240.895 240.895 240.895 240.895 240.895 240.895 )
1699.769: I:0 (   0.000   0.000   0.000 ) T:1 ( 240.895 240.895 240.895 240.895 240.895 240.895 )
1709.769: I:0 (   0.000   0.000   0.000 ) T:1 ( 240.895 240.895 240.895 240.895 240.895 240.895 )
1719.765: I:0 (   0.000   0.000   0.000 ) T:1 ( 240.895 240.895 240.895 240.895 240.895 240.895 )
1729.767: I:0 (   0.000   0.000   0.000 ) T:1 ( 240.895 240.895 240.895 240.895 240.895 240.895 )
1739.763: I:0 (   0.000   0.000   0.000 ) T:1 ( 240.895 240.895 240.895 240.895 240.895 240.895 )
1749.768: I:0 (   0.000   0.000   0.000 ) T:1 ( 240.895 240.895 240.895 240.895 240.895 240.895 )
1759.767: I:0 (   0.000   0.000   0.000 ) T:1 ( 240.895 240.895 240.895 240.895 240.895 240.895 )
1769.768: I:0 (   0.000   0.000   0.000 ) T:1 ( 240.895 240.895 240.895 240.895 240.895 240.895 )
1779.765: I:0 (   0.000   0.000   0.000 ) T:1 ( 240.895 240.895 240.895 240.895 240.895 240.895 )
1789.767: I:0 (   0.000   0.000   0.000 ) T:1 ( 240.895 240.895 240.895 240.895 240.895 240.895 )
1799.768: I:0 (   0.000   0.000   0.000 ) T:1 ( 240.895 240.895 240.895 240.895 240.895 240.895 )
1809.768: I:0 (   0.000   0.000   0.000 ) T:1 ( 240.895 240.895 240.895 240.895 240.895 240.895 )
1819.769: I:0 (   0.000   0.000   0.000 ) T:1 ( 240.895 240.895 240.895 240.895 240.895 240.895 )
1829.768: I:0 (   0.000   0.000   0.000 ) T:1 ( 240.895 240.895 240.895 240.895 240.895 240.895 )
1839.768: I:0 (   0.000   0.000   0.000 ) T:1 ( 240.895 240.895 240.895 240.895 240.895 240.895 )
1849.768: I:0 (   0.000   0.000   0.000 ) T:1 ( 240.895 240.895 240.895 240.895 240.895 240.895 )
1859.768: I:0 (   0.000   0.000   0.000 ) T:1 ( 240.895 240.895 240.895 240.895 240.895 240.895 )
1869.769: I:0 (   0.000   0.000   0.000 ) T:1 ( 240.895 240.895 240.895 240.895 240.895 240.895 )
1879.764: I:0 (   0.000   0.000   0.000 ) T:1 ( 240.895 240.895 240.895 240.895 240.895 240.895 )
1889.768: I:0 (   0.000   0.000   0.000 ) T:1 ( 240.895 240.895 240.895 240.895 240.895 240.895 )
1899.768: I:0 (   0.000   0.000   0.000 ) T:1 ( 240.895 240.895 240.895 240.895 240.895 240.895 )
1909.769: I:0 (   0.000   0.000   0.000 ) T:1 ( 240.895 240.895 240.895 240.895 240.895 240.895 )
1919.767: I:0 (   0.000   0.000   0.000 ) T:1 ( 240.895 240.895 240.895 240.895 240.895 240.895 )
1929.768: I:0 (   0.000   0.000   0.000 ) T:1 ( 240.895 240.895 240.895 240.895 240.895 240.895 )
1939.768: I:0 (   0.000   0.000   0.000 ) T:1 ( 240.895 240.895 240.895 240.895 240.895 240.895 )
1949.765: I:0 (   0.000   0.000   0.000 ) T:1 ( 240.895 240.895 240.895 240.895 240.895 240.895 )
1959.769: I:0 (   0.000   0.000   0.000 ) T:1 ( 240.895 240.895 240.895 240.895 240.895 240.895 )
1969.765: I:0 (   0.000   0.000   0.000 ) T:1 ( 240.895 240.895 240.895 240.895 240.895 240.895 )
1979.764: I:0 (   0.000   0.000   0.000 ) T:1 ( 240.895 240.895 240.895 240.895 240.895 240.895 )
1989.768: I:0 (   0.000   0.000   0.000 ) T:1 ( 240.895 240.895 240.895 240.895 240.895 240.895 )
1999.770: I:0 (   0.000   0.000   0.000 ) T:1 ( 240.895 240.895 240.895 240.895 240.895 240.895 )
2009.793: I:0 (   0.000   0.000   0.000 ) T:1 ( 240.895 240.895 240.895 240.895 240.895 240.895 )
2019.769: I:0 (   0.000   0.000   0.000 ) T:1 ( 240.895 240.895 240.895 240.895 240.895 240.895 )
2029.768: I:0 (   0.000   0.000   0.000 ) T:1 ( 240.895 240.895 240.895 240.895 240.895 240.895 )
2039.765: I:0 (   0.000   0.000   0.000 ) T:1 ( 240.895 240.895 240.895 240.895 240.895 240.895 )
2049.767: I:0 (   0.000   0.000   0.000 ) T:1 ( 240.895 240.895 240.895 240.895 240.895 240.895 )
2059.764: I:0 (   0.000   0.000   0.000 ) T:1 ( 240.895 240.895 240.895 240.895 240.895 240.895 )
2069.833: I:0 (   0.000   0.000   0.000 ) T:1 ( 240.895 240.895 240.895 240.895 240.895 240.895 )
2079.768: I:0 (   0.000   0.000   0.000 ) T:1 ( 240.895 240.895 240.895 240.895 240.895 240.895 )
2089.768: I:0 (   0.000   0.000   0.000 ) T:1 ( 240.895 240.895 240.895 240.895 240.895 240.895 )
2099.767: I:0 (   0.000   0.000   0.000 ) T:1 ( 240.895 240.895 240.895 240.895 240.895 240.895 )
2109.770: I:0 (   0.000   0.000   0.000 ) T:1 ( 240.895 240.895 240.895 240.895 240.895 240.895 )
2119.767: I:0 (   0.000   0.000   0.000 ) T:1 ( 240.895 240.895 240.895 240.895 240.895 240.895 )
2129.768: I:0 (   0.000   0.000   0.000 ) T:1 ( 240.895 240.895 240.895 240.895 240.895 240.895 )
2139.764: I:0 (   0.000   0.000   0.000 ) T:1 ( 240.895 240.895 240.895 240.895 240.895 240.895 )
2149.769: I:0 (   0.000   0.000   0.000 ) T:1 ( 240.895 240.895 240.895 240.895 240.895 240.895 )
2159.767: I:0 (   0.000   0.000   0.000 ) T:1 ( 240.895 240.895 240.895 240.895 240.895 240.895 )
2169.768: I:0 (   0.000   0.000   0.000 ) T:1 ( 240.895 240.895 240.895 240.895 240.895 240.895 )
2179.764: I:0 (   0.000   0.000   0.000 ) T:1 ( 240.895 240.895 240.895 240.895 240.895 240.895 )
2189.768: I:0 (   0.000   0.000   0.000 ) T:1 ( 240.895 240.895 240.895 240.895 240.895 240.895 )
2199.768: I:0 (   0.000   0.000   0.000 ) T:1 ( 240.895 240.895 240.895 240.895 240.895 240.895 )
2209.768: I:0 (   0.000   0.000   0.000 ) T:1 ( 240.895 240.895 240.895 240.895 240.895 240.895 )
2219.768: I:0 (   0.000   0.000   0.000 ) T:1 ( 240.895 240.895 240.895 240.895 240.895 240.895 )
2229.823: I:0 (   0.000   0.000   0.000 ) T:1 ( 240.895 240.895 240.895 240.895 240.895 240.895 )
2239.767: I:0 (   0.000   0.000   0.000 ) T:1 ( 240.895 240.895 240.895 240.895 240.895 240.895 )
2249.769: I:0 (   0.000   0.000   0.000 ) T:1 ( 240.895 240.895 240.895 240.895 240.895 240.895 )
2259.768: I:0 (   0.000   0.000   0.000 ) T:1 ( 240.895 240.895 240.895 240.895 240.895 240.895 )
2269.768: I:0 (   0.000   0.000   0.000 ) T:1 ( 240.895 240.895 240.895 240.895 240.895 240.895 )
2279.767: I:0 (   0.000   0.000   0.000 ) T:1 ( 240.895 240.895 240.895 240.895 240.895 240.895 )
2289.764: I:0 (   0.000   0.000   0.000 ) T:1 ( 240.895 240.895 240.895 240.895 240.895 240.895 )
2299.769: I:0 (   0.000   0.000   0.000 ) T:1 ( 240.895 240.895 240.895 240.895 240.895 240.895 )
2309.765: I:0 (   0.000   0.000   0.000 ) T:1 ( 240.895 240.895 240.895 240.895 240.895 240.895 )
2319.768: I:0 (   0.000   0.000   0.000 ) T:1 ( 240.895 240.895 240.895 240.895 240.895 240.895 )
2329.768: I:0 (   0.000   0.000   0.000 ) T:1 ( 240.895 240.895 240.895 240.895 240.895 240.895 )
2339.775: I:0 (   0.000   0.000   0.000 ) T:1 ( 240.895 240.895 240.895 240.895 240.895 240.895 )
2349.769: I:0 (   0.000   0.000   0.000 ) T:1 ( 240.895 240.895 240.895 240.895 240.895 240.895 )
2359.766: I:0 (   0.000   0.000   0.000 ) T:1 ( 240.895 240.895 240.895 240.895 240.895 240.895 )
2369.769: I:0 (   0.000   0.000   0.000 ) T:1 ( 240.895 240.895 240.895 240.895 240.895 240.895 )
2379.768: I:0 (   0.000   0.000   0.000 ) T:1 ( 240.895 240.895 240.895 240.895 240.895 240.895 )
2389.768: I:0 (   0.000   0.000   0.000 ) T:1 ( 240.895 240.895 240.895 240.895 240.895 240.895 )
2399.769: I:0 (   0.000   0.000   0.000 ) T:1 ( 240.895 240.895 240.895 240.895 240.895 240.895 )
2409.770: I:0 (   0.000   0.000   0.000 ) T:1 ( 240.895 240.895 240.895 240.895 240.895 240.895 )
2419.769: I:0 (   0.000   0.000   0.000 ) T:1 ( 240.895 240.895 240.895 240.895 240.895 240.895 )
2429.767: I:0 (   0.000   0.000   0.000 ) T:1 ( 240.895 240.895 240.895 240.895 240.895 240.895 )
2439.769: I:0 (   0.000   0.000   0.000 ) T:1 ( 240.895 240.895 240.895 240.895 240.895 240.895 )
2449.764: I:0 (   0.000   0.000   0.000 ) T:1 ( 240.895 240.895 240.895 240.895 240.895 240.895 )
2459.768: I:0 (   0.000   0.000   0.000 ) T:1 ( 240.895 240.895 240.895 240.895 240.895 240.895 )
2469.768: I:0 (   0.000   0.000   0.000 ) T:1 ( 240.895 240.895 240.895 240.895 240.895 240.895 )
2479.767: I:0 (   0.000   0.000   0.000 ) T:1 ( 240.895 240.895 240.895 240.895 240.895 240.895 )
2489.765: I:0 (   0.000   0.000   0.000 ) T:1 ( 240.895 240.895 240.895 240.895 240.895 240.895 )
2499.768: I:0 (   0.000   0.000   0.000 ) T:1 ( 240.895 240.895 240.895 240.895 240.895 240.895 )
2509.767: I:0 (   0.000   0.000   0.000 ) T:1 ( 240.895 240.895 240.895 240.895 240.895 240.895 )
2519.767: I:0 (   0.000   0.000   0.000 ) T:1 ( 240.895 240.895 240.895 240.895 240.895 240.895 )
2529.770: I:0 (   0.000   0.000   0.000 ) T:1 ( 240.895 240.895 240.895 240.895 240.895 240.895 )
2539.768: I:0 (   0.000   0.000   0.000 ) T:1 ( 240.895 240.895 240.895 240.895 240.895 240.895 )
2549.770: I:0 (   0.000   0.000   0.000 ) T:1 ( 240.895 240.895 240.895 240.895 240.895 240.895 )
2559.769: I:0 (   0.000   0.000   0.000 ) T:1 ( 240.895 240.895 240.895 240.895 240.895 240.895 )
2569.769: I:0 (   0.000   0.000   0.000 ) T:1 ( 240.895 240.895 240.895 240.895 240.895 240.895 )
2579.769: I:0 (   0.000   0.000   0.000 ) T:1 ( 240.895 240.895 240.895 240.895 240.895 240.895 )
2589.770: I:0 (   0.000   0.000   0.000 ) T:1 ( 240.895 240.895 240.895 240.895 240.895 240.895 )
2599.768: I:0 (   0.000   0.000   0.000 ) T:1 ( 240.895 240.895 240.895 240.895 240.895 240.895 )
2609.767: I:0 (   0.000   0.000   0.000 ) T:1 ( 240.895 240.895 240.895 240.895 240.895 240.895 )
2619.768: I:0 (   0.000   0.000   0.000 ) T:1 ( 240.895 240.895 240.895 240.895 240.895 240.895 )
2629.767: I:0 (   0.000   0.000   0.000 ) T:1 ( 240.895 240.895 240.895 240.895 240.895 240.895 )
2639.770: I:0 (   0.000   0.000   0.000 ) T:1 ( 240.895 240.895 240.895 240.895 240.895 240.895 )
2649.775: I:0 (   0.000   0.000   0.000 ) T:1 ( 240.895 240.895 240.895 240.895 240.895 240.895 )
2659.768: I:0 (   0.000   0.000   0.000 ) T:1 ( 240.895 240.895 240.895 240.895 240.895 240.895 )
2669.767: I:0 (   0.000   0.000   0.000 ) T:1 ( 240.895 240.895 240.895 240.895 240.895 240.895 )
2679.770: I:0 (   0.000   0.000   0.000 ) T:1 ( 240.895 240.895 240.895 240.895 240.895 240.895 )
2689.767: I:0 (   0.000   0.000   0.000 ) T:1 ( 240.895 240.895 240.895 240.895 240.895 240.895 )
2699.766: I:0 (   0.000   0.000   0.000 ) T:1 ( 240.895 240.895 240.895 240.895 240.895 240.895 )
2709.770: I:0 (   0.000   0.000   0.000 ) T:1 ( 240.895 240.895 240.895 240.895 240.895 240.895 )
2719.767: I:0 (   0.000   0.000   0.000 ) T:1 ( 240.895 240.895 240.895 240.895 240.895 240.895 )
2729.763: I:0 (   0.000   0.000   0.000 ) T:1 ( 240.895 240.895 240.895 240.895 240.895 240.895 )
2739.769: I:0 (   0.000   0.000   0.000 ) T:1 ( 240.895 240.895 240.895 240.895 240.895 240.895 )
2749.767: I:0 (   0.000   0.000   0.000 ) T:1 ( 240.895 240.895 240.895 240.895 240.895 240.895 )
2759.765: I:0 (   0.000   0.000   0.000 ) T:1 ( 240.895 240.895 240.895 240.895 240.895 240.895 )
2769.768: I:0 (   0.000   0.000   0.000 ) T:1 ( 240.895 240.895 240.895 240.895 240.895 240.895 )
2779.768: I:0 (   0.000   0.000   0.000 ) T:1 ( 240.895 240.895 240.895 240.895 240.895 240.895 )
2789.768: I:0 (   0.000   0.000   0.000 ) T:1 ( 240.895 240.895 240.895 240.895 240.895 240.895 )
2799.765: I:0 (   0.000   0.000   0.000 ) T:1 ( 240.895 240.895 240.895 240.895 240.895 240.895 )
2809.767: I:0 (   0.000   0.000   0.000 ) T:1 ( 240.895 240.895 240.895 240.895 240.895 240.895 )
2819.767: I:0 (   0.000   0.000   0.000 ) T:1 ( 240.895 240.895 240.895 240.895 240.895 240.895 )
2829.767: I:0 (   0.000   0.000   0.000 ) T:1 ( 240.895 240.895 240.895 240.895 240.895 240.895 )
2839.768: I:0 (   0.000   0.000   0.000 ) T:1 ( 240.895 240.895 240.895 240.895 240.895 240.895 )
2849.768: I:0 (   0.000   0.000   0.000 ) T:1 ( 240.895 240.895 240.895 240.895 240.895 240.895 )
2859.768: I:0 (   0.000   0.000   0.000 ) T:1 ( 240.895 240.895 240.895 240.895 240.895 240.895 )
2869.767: I:0 (   0.000   0.000   0.000 ) T:1 ( 240.895 240.895 240.895 240.895 240.895 240.895 )
2879.765: I:0 (   0.000   0.000   0.000 ) T:1 ( 240.895 240.895 240.895 240.895 240.895 240.895 )
2889.767: I:0 (   0.000   0.000   0.000 ) T:1 ( 240.895 240.895 240.895 240.895 240.895 240.895 )
2899.769: I:0 (   0.000   0.000   0.000 ) T:1 ( 240.895 240.895 240.895 240.895 240.895 240.895 )
2909.769: I:0 (   0.000   0.000   0.000 ) T:1 ( 240.895 240.895 240.895 240.895 240.895 240.895 )
2919.767: I:0 (   0.000   0.000   0.000 ) T:1 ( 240.895 240.895 240.895 240.895 240.895 240.895 )
2929.768: I:0 (   0.000   0.000   0.000 ) T:1 ( 240.895 240.895 240.895 240.895 240.895 240.895 )
2939.768: I:0 (   0.000   0.000   0.000 ) T:1 ( 240.895 240.895 240.895 240.895 240.895 240.895 )
2949.768: I:0 (   0.000   0.000   0.000 ) T:1 ( 240.895 240.895 240.895 240.895 240.895 240.895 )
2959.768: I:0 (   0.000   0.000   0.000 ) T:1 ( 240.895 240.895 240.895 240.895 240.895 240.895 )
2969.767: I:0 (   0.000   0.000   0.000 ) T:1 ( 240.895 240.895 240.895 240.895 240.895 240.895 )
2979.765: I:0 (   0.000   0.000   0.000 ) T:1 ( 240.895 240.895 240.895 240.895 240.895 240.895 )
2989.767: I:0 (   0.000   0.000   0.000 ) T:1 ( 240.895 240.895 240.895 240.895 240.895 240.895 )
2999.769: I:0 (   0.000   0.000   0.000 ) T:1 ( 240.895 240.895 240.895 240.895 240.895 240.895 )
3009.767: I:0 (   0.000   0.000   0.000 ) T:1 ( 240.895 240.895 240.895 240.895 240.895 240.895 )
3019.765: I:0 (   0.000   0.000   0.000 ) T:1 ( 240.895 240.895 240.895 240.895 240.895 240.895 )
3029.768: I:0 (   0.000   0.000   0.000 ) T:1 ( 240.895 240.895 240.895 240.895 240.895 240.895 )
3039.767: I:0 (   0.000   0.000   0.000 ) T:1 ( 240.895 240.895 240.895 240.895 240.895 240.895 )
3049.768: I:0 (   0.000   0.000   0.000 ) T:1 ( 240.895 240.895 240.895 240.895 240.895 240.895 )
3059.765: I:0 (   0.000   0.000   0.000 ) T:1 ( 240.895 240.895 240.895 240.895 240.895 240.895 )
3069.768: I:0 (   0.000   0.000   0.000 ) T:1 ( 240.895 240.895 240.895 240.895 240.895 240.895 )
3079.765: I:0 (   0.000   0.000   0.000 ) T:1 ( 240.895 240.895 240.895 240.895 240.895 240.895 )
3089.767: I:0 (   0.000   0.000   0.000 ) T:1 ( 240.895 240.895 240.895 240.895 240.895 240.895 )
3099.767: I:0 (   0.000   0.000   0.000 ) T:1 ( 240.895 240.895 240.895 240.895 240.895 240.895 )
3109.768: I:0 (   0.000   0.000   0.000 ) T:1 ( 240.895 240.895 240.895 240.895 240.895 240.895 )
3119.765: I:0 (   0.000   0.000   0.000 ) T:1 ( 240.895 240.895 240.895 240.895 240.895 240.895 )
3129.765: I:0 (   0.000   0.000   0.000 ) T:1 ( 240.895 240.895 240.895 240.895 240.895 240.895 )
3139.768: I:0 (   0.000   0.000   0.000 ) T:1 ( 240.895 240.895 240.895 240.895 240.895 240.895 )
3149.768: I:0 (   0.000   0.000   0.000 ) T:1 ( 240.895 240.895 240.895 240.895 240.895 240.895 )
3159.769: I:0 (   0.000   0.000   0.000 ) T:1 ( 240.895 240.895 240.895 240.895 240.895 240.895 )
3169.764: I:0 (   0.000   0.000   0.000 ) T:1 ( 240.895 240.895 240.895 240.895 240.895 240.895 )
3179.767: I:0 (   0.000   0.000   0.000 ) T:1 ( 240.895 240.895 240.895 240.895 240.895 240.895 )
3189.768: I:0 (   0.000   0.000   0.000 ) T:1 ( 240.895 240.895 240.895 240.895 240.895 240.895 )
3199.768: I:0 (   0.000   0.000   0.000 ) T:1 ( 240.895 240.895 240.895 240.895 240.895 240.895 )
3209.768: I:0 (   0.000   0.000   0.000 ) T:1 ( 240.895 240.895 240.895 240.895 240.895 240.895 )
3219.767: I:0 (   0.000   0.000   0.000 ) T:1 ( 240.895 240.895 240.895 240.895 240.895 240.895 )
3229.763: I:0 (   0.000   0.000   0.000 ) T:1 ( 240.895 240.895 240.895 240.895 240.895 240.895 )
3239.766: I:0 (   0.000   0.000   0.000 ) T:1 ( 240.895 240.895 240.895 240.895 240.895 240.895 )
3249.768: I:0 (   0.000   0.000   0.000 ) T:1 ( 240.895 240.895 240.895 240.895 240.895 240.895 )
3259.767: I:0 (   0.000   0.000   0.000 ) T:1 ( 240.895 240.895 240.895 240.895 240.895 240.895 )
3269.764: I:0 (   0.000   0.000   0.000 ) T:1 ( 240.895 240.895 240.895 240.895 240.895 240.895 )
3279.767: I:0 (   0.000   0.000   0.000 ) T:1 ( 240.895 240.895 240.895 240.895 240.895 240.895 )
3289.769: I:0 (   0.000   0.000   0.000 ) T:1 ( 240.895 240.895 240.895 240.895 240.895 240.895 )
3299.766: I:0 (   0.000   0.000   0.000 ) T:1 ( 240.895 240.895 240.895 240.895 240.895 240.895 )
3309.769: I:0 (   0.000   0.000   0.000 ) T:1 ( 240.895 240.895 240.895 240.895 240.895 240.895 )
3319.767: I:0 (   0.000   0.000   0.000 ) T:1 ( 240.895 240.895 240.895 240.895 240.895 240.895 )
3329.768: I:0 (   0.000   0.000   0.000 ) T:1 ( 240.895 240.895 240.895 240.895 240.895 240.895 )
3339.768: I:0 (   0.000   0.000   0.000 ) T:1 ( 240.895 240.895 240.895 240.895 240.895 240.895 )
3349.767: I:0 (   0.000   0.000   0.000 ) T:1 ( 240.895 240.895 240.895 240.895 240.895 240.895 )
3359.769: I:0 (   0.000   0.000   0.000 ) T:1 ( 240.895 240.895 240.895 240.895 240.895 240.895 )
3369.767: I:0 (   0.000   0.000   0.000 ) T:1 ( 240.895 240.895 240.895 240.895 240.895 240.895 )
3379.765: I:0 (   0.000   0.000   0.000 ) T:1 ( 240.895 240.895 240.895 240.895 240.895 240.895 )
3389.765: I:0 (   0.000   0.000   0.000 ) T:1 ( 240.895 240.895 240.895 240.895 240.895 240.895 )
3399.762: I:0 (   0.000   0.000   0.000 ) T:1 ( 240.895 240.895 240.895 240.895 240.895 240.895 )
3409.769: I:0 (   0.000   0.000   0.000 ) T:1 ( 240.895 240.895 240.895 240.895 240.895 240.895 )
3419.768: I:0 (   0.000   0.000   0.000 ) T:1 ( 240.895 240.895 240.895 240.895 240.895 240.895 )
3429.770: I:0 (   0.000   0.000   0.000 ) T:1 ( 240.895 240.895 240.895 240.895 240.895 240.895 )
3439.768: I:0 (   0.000   0.000   0.000 ) T:1 ( 240.895 240.895 240.895 240.895 240.895 240.895 )
3449.770: I:0 (   0.000   0.000   0.000 ) T:1 ( 240.895 240.895 240.895 240.895 240.895 240.895 )
3459.765: I:0 (   0.000   0.000   0.000 ) T:1 ( 240.895 240.895 240.895 240.895 240.895 240.895 )
3469.765: I:0 (   0.000   0.000   0.000 ) T:1 ( 240.895 240.895 240.895 240.895 240.895 240.895 )
3479.769: I:0 (   0.000   0.000   0.000 ) T:1 ( 240.895 240.895 240.895 240.895 240.895 240.895 )
3489.768: I:0 (   0.000   0.000   0.000 ) T:1 ( 240.895 240.895 240.895 240.895 240.895 240.895 )
3499.765: I:0 (   0.000   0.000   0.000 ) T:1 ( 240.895 240.895 240.895 240.895 240.895 240.895 )
3509.765: I:0 (   0.000   0.000   0.000 ) T:1 ( 240.895 240.895 240.895 240.895 240.895 240.895 )
3519.770: I:0 (   0.000   0.000   0.000 ) T:1 ( 240.895 240.895 240.895 240.895 240.895 240.895 )
3529.765: I:0 (   0.000   0.000   0.000 ) T:1 ( 240.895 240.895 240.895 240.895 240.895 240.895 )
3539.769: I:0 (   0.000   0.000   0.000 ) T:1 ( 240.895 240.895 240.895 240.895 240.895 240.895 )
3549.768: I:0 (   0.000   0.000   0.000 ) T:1 ( 240.895 240.895 240.895 240.895 240.895 240.895 )
3559.768: I:0 (   0.000   0.000   0.000 ) T:1 ( 240.895 240.895 240.895 240.895 240.895 240.895 )
3569.768: I:0 (   0.000   0.000   0.000 ) T:1 ( 240.895 240.895 240.895 240.895 240.895 240.895 )
3579.767: I:0 (   0.000   0.000   0.000 ) T:1 ( 240.895 240.895 240.895 240.895 240.895 240.895 )
3589.765: I:0 (   0.000   0.000   0.000 ) T:1 ( 240.895 240.895 240.895 240.895 240.895 240.895 )
3599.768: I:0 (   0.000   0.000   0.000 ) T:1 ( 240.895 240.895 240.895 240.895 240.895 240.895 )
3607.771: I:0 (   0.000   0.000   0.000 ) T:1 ( 240.895 240.895 240.895 240.895 240.895 240.895 )
3607.831: I:0 (   0.000   0.000   0.000 ) T:1 ( 240.895 240.895 240.895 240.895 240.895 240.895 )
