#[Interval percentile log between 0.000 and <Infinite> seconds (relative to StartTime)]
#[StartTime: 1524371707.797 (seconds since epoch), Sun Apr 22 06:35:07 CEST 2018]
Time: IntervalPercentiles:count ( 50% 90% Max ) TotalPercentiles:count ( 50% 90% 99% 99.9% 99.99% Max )
9.990: I:1 (   0.000   0.000   0.000 ) T:1 (   0.000   0.000   0.000   0.000   0.000   0.000 )
19.973: I:1 (   0.048   0.048   0.048 ) T:2 (   0.000   0.048   0.048   0.048   0.048   0.048 )
29.971: I:1 (   0.005   0.005   0.005 ) T:3 (   0.005   0.048   0.048   0.048   0.048   0.048 )
39.967: I:1 (   0.010   0.010   0.010 ) T:4 (   0.005   0.048   0.048   0.048   0.048   0.048 )
49.968: I:1 (   0.004   0.004   0.004 ) T:5 (   0.005   0.048   0.048   0.048   0.048   0.048 )
59.969: I:1 (   0.006   0.006   0.006 ) T:6 (   0.005   0.048   0.048   0.048   0.048   0.048 )
69.962: I:1 (   0.004   0.004   0.004 ) T:7 (   0.005   0.048   0.048   0.048   0.048   0.048 )
79.967: I:1 (   0.013   0.013   0.013 ) T:8 (   0.005   0.048   0.048   0.048   0.048   0.048 )
89.961: I:1 (   0.005   0.005   0.005 ) T:9 (   0.005   0.048   0.048   0.048   0.048   0.048 )
99.965: I:1 (   0.010   0.010   0.010 ) T:10 (   0.005   0.013   0.048   0.048   0.048   0.048 )
109.967: I:1 (   0.009   0.009   0.009 ) T:11 (   0.006   0.013   0.048   0.048   0.048   0.048 )
119.967: I:1 (   0.007   0.007   0.007 ) T:12 (   0.006   0.013   0.048   0.048   0.048   0.048 )
129.969: I:1 (   0.007   0.007   0.007 ) T:13 (   0.007   0.013   0.048   0.048   0.048   0.048 )
139.969: I:1 (   0.007   0.007   0.007 ) T:14 (   0.007   0.013   0.048   0.048   0.048   0.048 )
149.969: I:1 (   0.006   0.006   0.006 ) T:15 (   0.007   0.013   0.048   0.048   0.048   0.048 )
159.961: I:1 (   0.046   0.046   0.046 ) T:16 (   0.007   0.046   0.048   0.048   0.048   0.048 )
169.967: I:1 (   0.005   0.005   0.005 ) T:17 (   0.007   0.046   0.048   0.048   0.048   0.048 )
179.961: I:1 (   0.009   0.009   0.009 ) T:18 (   0.007   0.046   0.048   0.048   0.048   0.048 )
189.968: I:1 (   0.008   0.008   0.008 ) T:19 (   0.007   0.046   0.048   0.048   0.048   0.048 )
199.969: I:1 (   0.009   0.009   0.009 ) T:20 (   0.007   0.013   0.048   0.048   0.048   0.048 )
209.965: I:1 (   0.005   0.005   0.005 ) T:21 (   0.007   0.013   0.048   0.048   0.048   0.048 )
219.965: I:1 (   0.010   0.010   0.010 ) T:22 (   0.007   0.013   0.048   0.048   0.048   0.048 )
229.964: I:1 (   0.009   0.009   0.009 ) T:23 (   0.007   0.013   0.048   0.048   0.048   0.048 )
239.967: I:1 (   0.010   0.010   0.010 ) T:24 (   0.007   0.013   0.048   0.048   0.048   0.048 )
249.964: I:1 (   0.007   0.007   0.007 ) T:25 (   0.007   0.013   0.048   0.048   0.048   0.048 )
259.967: I:1 (   0.010   0.010   0.010 ) T:26 (   0.007   0.013   0.048   0.048   0.048   0.048 )
269.967: I:1 (   0.007   0.007   0.007 ) T:27 (   0.007   0.013   0.048   0.048   0.048   0.048 )
279.964: I:1 (   0.009   0.009   0.009 ) T:28 (   0.007   0.013   0.048   0.048   0.048   0.048 )
289.967: I:1 (   0.009   0.009   0.009 ) T:29 (   0.008   0.013   0.048   0.048   0.048   0.048 )
299.971: I:1 (   0.011   0.011   0.011 ) T:30 (   0.008   0.011   0.048   0.048   0.048   0.048 )
309.968: I:1 (   0.011   0.011   0.011 ) T:31 (   0.009   0.011   0.048   0.048   0.048   0.048 )
319.966: I:1 (   0.014   0.014   0.014 ) T:32 (   0.009   0.013   0.048   0.048   0.048   0.048 )
329.964: I:1 (   0.013   0.013   0.013 ) T:33 (   0.009   0.013   0.048   0.048   0.048   0.048 )
339.973: I:1 (   0.013   0.013   0.013 ) T:34 (   0.009   0.013   0.048   0.048   0.048   0.048 )
349.967: I:1 (   0.013   0.013   0.013 ) T:35 (   0.009   0.013   0.048   0.048   0.048   0.048 )
359.970: I:1 (   0.013   0.013   0.013 ) T:36 (   0.009   0.013   0.048   0.048   0.048   0.048 )
369.967: I:1 (   0.010   0.010   0.010 ) T:37 (   0.009   0.013   0.048   0.048   0.048   0.048 )
379.967: I:1 (   0.014   0.014   0.014 ) T:38 (   0.009   0.014   0.048   0.048   0.048   0.048 )
389.960: I:1 (   0.017   0.017   0.017 ) T:39 (   0.009   0.014   0.048   0.048   0.048   0.048 )
399.964: I:1 (   0.014   0.014   0.014 ) T:40 (   0.009   0.014   0.048   0.048   0.048   0.048 )
409.964: I:1 (   0.016   0.016   0.016 ) T:41 (   0.009   0.014   0.048   0.048   0.048   0.048 )
419.967: I:1 (   0.013   0.013   0.013 ) T:42 (   0.009   0.014   0.048   0.048   0.048   0.048 )
429.964: I:1 (   0.015   0.015   0.015 ) T:43 (   0.010   0.015   0.048   0.048   0.048   0.048 )
439.964: I:1 (   0.013   0.013   0.013 ) T:44 (   0.010   0.015   0.048   0.048   0.048   0.048 )
449.965: I:1 (   0.011   0.011   0.011 ) T:45 (   0.010   0.015   0.048   0.048   0.048   0.048 )
459.967: I:1 (   0.015   0.015   0.015 ) T:46 (   0.010   0.015   0.048   0.048   0.048   0.048 )
469.973: I:1 (   0.014   0.014   0.014 ) T:47 (   0.010   0.015   0.048   0.048   0.048   0.048 )
479.966: I:1 (   0.014   0.014   0.014 ) T:48 (   0.010   0.015   0.048   0.048   0.048   0.048 )
489.968: I:1 (   0.018   0.018   0.018 ) T:49 (   0.010   0.016   0.048   0.048   0.048   0.048 )
499.967: I:1 (   0.016   0.016   0.016 ) T:50 (   0.010   0.016   0.048   0.048   0.048   0.048 )
509.967: I:1 (   0.014   0.014   0.014 ) T:51 (   0.010   0.016   0.048   0.048   0.048   0.048 )
519.967: I:1 (   0.019   0.019   0.019 ) T:52 (   0.010   0.016   0.048   0.048   0.048   0.048 )
529.960: I:1 (   0.014   0.014   0.014 ) T:53 (   0.010   0.016   0.048   0.048   0.048   0.048 )
539.966: I:1 (   0.015   0.015   0.015 ) T:54 (   0.010   0.016   0.048   0.048   0.048   0.048 )
549.967: I:1 (   0.017   0.017   0.017 ) T:55 (   0.011   0.017   0.048   0.048   0.048   0.048 )
559.970: I:1 (   0.017   0.017   0.017 ) T:56 (   0.011   0.017   0.048   0.048   0.048   0.048 )
569.960: I:1 (   0.015   0.015   0.015 ) T:57 (   0.011   0.017   0.048   0.048   0.048   0.048 )
579.966: I:1 (   0.016   0.016   0.016 ) T:58 (   0.011   0.017   0.048   0.048   0.048   0.048 )
589.967: I:1 (   0.015   0.015   0.015 ) T:59 (   0.011   0.017   0.048   0.048   0.048   0.048 )
599.960: I:1 (   0.018   0.018   0.018 ) T:60 (   0.011   0.017   0.048   0.048   0.048   0.048 )
609.967: I:1 (   0.013   0.013   0.013 ) T:61 (   0.013   0.017   0.048   0.048   0.048   0.048 )
619.964: I:1 (   0.016   0.016   0.016 ) T:62 (   0.013   0.017   0.048   0.048   0.048   0.048 )
629.959: I:1 (   0.017   0.017   0.017 ) T:63 (   0.013   0.017   0.048   0.048   0.048   0.048 )
639.967: I:1 (   0.016   0.016   0.016 ) T:64 (   0.013   0.017   0.048   0.048   0.048   0.048 )
649.994: I:1 (   0.015   0.015   0.015 ) T:65 (   0.013   0.017   0.048   0.048   0.048   0.048 )
659.968: I:1 (   0.020   0.020   0.020 ) T:66 (   0.013   0.017   0.048   0.048   0.048   0.048 )
669.968: I:1 (   0.016   0.016   0.016 ) T:67 (   0.013   0.017   0.048   0.048   0.048   0.048 )
679.965: I:1 (   0.020   0.020   0.020 ) T:68 (   0.013   0.018   0.048   0.048   0.048   0.048 )
689.966: I:1 (   0.020   0.020   0.020 ) T:69 (   0.013   0.018   0.048   0.048   0.048   0.048 )
699.968: I:1 (   0.018   0.018   0.018 ) T:70 (   0.013   0.018   0.048   0.048   0.048   0.048 )
709.960: I:1 (   0.020   0.020   0.020 ) T:71 (   0.013   0.018   0.048   0.048   0.048   0.048 )
719.969: I:1 (   0.019   0.019   0.019 ) T:72 (   0.013   0.019   0.048   0.048   0.048   0.048 )
729.965: I:1 (   0.022   0.022   0.022 ) T:73 (   0.013   0.019   0.048   0.048   0.048   0.048 )
739.968: I:1 (   0.024   0.024   0.024 ) T:74 (   0.013   0.020   0.048   0.048   0.048   0.048 )
749.965: I:1 (   0.029   0.029   0.029 ) T:75 (   0.013   0.020   0.048   0.048   0.048   0.048 )
759.965: I:1 (   0.023   0.023   0.023 ) T:76 (   0.013   0.020   0.048   0.048   0.048   0.048 )
769.966: I:1 (   0.018   0.018   0.018 ) T:77 (   0.014   0.020   0.048   0.048   0.048   0.048 )
779.968: I:1 (   0.018   0.018   0.018 ) T:78 (   0.014   0.020   0.048   0.048   0.048   0.048 )
789.965: I:1 (   0.017   0.017   0.017 ) T:79 (   0.014   0.020   0.048   0.048   0.048   0.048 )
799.968: I:1 (   0.021   0.021   0.021 ) T:80 (   0.014   0.020   0.048   0.048   0.048   0.048 )
809.962: I:1 (   0.020   0.020   0.020 ) T:81 (   0.014   0.020   0.048   0.048   0.048   0.048 )
819.967: I:1 (   0.019   0.019   0.019 ) T:82 (   0.014   0.020   0.048   0.048   0.048   0.048 )
829.967: I:1 (   0.021   0.021   0.021 ) T:83 (   0.014   0.020   0.048   0.048   0.048   0.048 )
839.967: I:1 (   0.016   0.016   0.016 ) T:84 (   0.014   0.020   0.048   0.048   0.048   0.048 )
849.964: I:1 (   0.020   0.020   0.020 ) T:85 (   0.014   0.020   0.048   0.048   0.048   0.048 )
859.968: I:1 (   0.020   0.020   0.020 ) T:86 (   0.014   0.020   0.048   0.048   0.048   0.048 )
869.963: I:1 (   0.018   0.018   0.018 ) T:87 (   0.014   0.020   0.048   0.048   0.048   0.048 )
879.968: I:1 (   0.022   0.022   0.022 ) T:88 (   0.014   0.021   0.048   0.048   0.048   0.048 )
889.962: I:1 (   0.020   0.020   0.020 ) T:89 (   0.014   0.021   0.048   0.048   0.048   0.048 )
899.969: I:1 (   0.020   0.020   0.020 ) T:90 (   0.014   0.020   0.048   0.048   0.048   0.048 )
909.960: I:1 (   0.022   0.022   0.022 ) T:91 (   0.015   0.021   0.048   0.048   0.048   0.048 )
919.970: I:1 (   0.023   0.023   0.023 ) T:92 (   0.015   0.021   0.048   0.048   0.048   0.048 )
929.966: I:1 (   0.022   0.022   0.022 ) T:93 (   0.015   0.022   0.048   0.048   0.048   0.048 )
939.966: I:1 (   0.023   0.023   0.023 ) T:94 (   0.015   0.022   0.048   0.048   0.048   0.048 )
949.969: I:1 (   0.020   0.020   0.020 ) T:95 (   0.015   0.022   0.048   0.048   0.048   0.048 )
959.968: I:1 (   0.019   0.019   0.019 ) T:96 (   0.015   0.022   0.048   0.048   0.048   0.048 )
969.967: I:1 (   0.023   0.023   0.023 ) T:97 (   0.015   0.022   0.048   0.048   0.048   0.048 )
979.961: I:1 (   0.023   0.023   0.023 ) T:98 (   0.015   0.022   0.048   0.048   0.048   0.048 )
989.967: I:1 (   0.023   0.023   0.023 ) T:99 (   0.015   0.023   0.048   0.048   0.048   0.048 )
999.966: I:1 (   0.025   0.025   0.025 ) T:100 (   0.015   0.023   0.046   0.048   0.048   0.048 )
1009.968: I:1 (   0.020   0.020   0.020 ) T:101 (   0.015   0.023   0.046   0.048   0.048   0.048 )
1019.967: I:1 (   0.023   0.023   0.023 ) T:102 (   0.015   0.023   0.046   0.048   0.048   0.048 )
1029.960: I:1 (   0.026   0.026   0.026 ) T:103 (   0.016   0.023   0.046   0.048   0.048   0.048 )
1039.967: I:1 (   0.023   0.023   0.023 ) T:104 (   0.016   0.023   0.046   0.048   0.048   0.048 )
1049.967: I:1 (   0.023   0.023   0.023 ) T:105 (   0.016   0.023   0.046   0.048   0.048   0.048 )
1059.965: I:1 (   0.025   0.025   0.025 ) T:106 (   0.016   0.023   0.046   0.048   0.048   0.048 )
1069.969: I:1 (   0.024   0.024   0.024 ) T:107 (   0.016   0.023   0.046   0.048   0.048   0.048 )
1079.960: I:1 (   0.027   0.027   0.027 ) T:108 (   0.016   0.023   0.046   0.048   0.048   0.048 )
1089.967: I:1 (   0.024   0.024   0.024 ) T:109 (   0.016   0.023   0.046   0.048   0.048   0.048 )
1099.967: I:1 (   0.027   0.027   0.027 ) T:110 (   0.016   0.023   0.046   0.048   0.048   0.048 )
1109.965: I:1 (   0.024   0.024   0.024 ) T:111 (   0.016   0.024   0.046   0.048   0.048   0.048 )
1119.960: I:1 (   0.023   0.023   0.023 ) T:112 (   0.016   0.024   0.046   0.048   0.048   0.048 )
1129.960: I:1 (   0.024   0.024   0.024 ) T:113 (   0.016   0.024   0.046   0.048   0.048   0.048 )
1139.969: I:1 (   0.027   0.027   0.027 ) T:114 (   0.016   0.024   0.046   0.048   0.048   0.048 )
1149.969: I:1 (   0.028   0.028   0.028 ) T:115 (   0.016   0.024   0.046   0.048   0.048   0.048 )
1159.961: I:1 (   0.028   0.028   0.028 ) T:116 (   0.016   0.024   0.046   0.048   0.048   0.048 )
1169.968: I:1 (   0.093   0.093   0.093 ) T:117 (   0.017   0.025   0.048   0.093   0.093   0.093 )
1179.964: I:1 (   0.026   0.026   0.026 ) T:118 (   0.017   0.025   0.048   0.093   0.093   0.093 )
1189.960: I:1 (   0.025   0.025   0.025 ) T:119 (   0.017   0.025   0.048   0.093   0.093   0.093 )
1199.969: I:1 (   0.024   0.024   0.024 ) T:120 (   0.017   0.025   0.048   0.093   0.093   0.093 )
1209.966: I:1 (   0.024   0.024   0.024 ) T:121 (   0.017   0.025   0.048   0.093   0.093   0.093 )
1219.965: I:1 (   0.029   0.029   0.029 ) T:122 (   0.017   0.025   0.048   0.093   0.093   0.093 )
1229.959: I:1 (   0.040   0.040   0.040 ) T:123 (   0.017   0.026   0.048   0.093   0.093   0.093 )
1239.967: I:1 (   0.026   0.026   0.026 ) T:124 (   0.017   0.026   0.048   0.093   0.093   0.093 )
1249.964: I:1 (   0.028   0.028   0.028 ) T:125 (   0.017   0.026   0.048   0.093   0.093   0.093 )
1259.967: I:1 (   0.029   0.029   0.029 ) T:126 (   0.017   0.027   0.048   0.093   0.093   0.093 )
1269.962: I:1 (   0.025   0.025   0.025 ) T:127 (   0.018   0.027   0.048   0.093   0.093   0.093 )
1279.968: I:1 (   0.025   0.025   0.025 ) T:128 (   0.018   0.027   0.048   0.093   0.093   0.093 )
1289.967: I:1 (   0.027   0.027   0.027 ) T:129 (   0.018   0.027   0.048   0.093   0.093   0.093 )
1299.965: I:1 (   0.031   0.031   0.031 ) T:130 (   0.018   0.027   0.048   0.093   0.093   0.093 )
1309.961: I:1 (   0.029   0.029   0.029 ) T:131 (   0.018   0.027   0.048   0.093   0.093   0.093 )
1319.967: I:1 (   0.030   0.030   0.030 ) T:132 (   0.018   0.027   0.048   0.093   0.093   0.093 )
1329.968: I:1 (   0.022   0.022   0.022 ) T:133 (   0.018   0.027   0.048   0.093   0.093   0.093 )
1339.965: I:1 (   0.026   0.026   0.026 ) T:134 (   0.018   0.027   0.048   0.093   0.093   0.093 )
1349.964: I:1 (   0.028   0.028   0.028 ) T:135 (   0.018   0.028   0.048   0.093   0.093   0.093 )
1359.969: I:1 (   0.025   0.025   0.025 ) T:136 (   0.018   0.028   0.048   0.093   0.093   0.093 )
1369.963: I:1 (   0.029   0.029   0.029 ) T:137 (   0.018   0.028   0.048   0.093   0.093   0.093 )
1379.960: I:1 (   0.029   0.029   0.029 ) T:138 (   0.018   0.028   0.048   0.093   0.093   0.093 )
1389.967: I:1 (   0.027   0.027   0.027 ) T:139 (   0.019   0.028   0.048   0.093   0.093   0.093 )
1399.967: I:1 (   0.027   0.027   0.027 ) T:140 (   0.019   0.028   0.048   0.093   0.093   0.093 )
1409.967: I:1 (   0.028   0.028   0.028 ) T:141 (   0.019   0.028   0.048   0.093   0.093   0.093 )
1419.969: I:1 (   0.032   0.032   0.032 ) T:142 (   0.019   0.028   0.048   0.093   0.093   0.093 )
1429.961: I:1 (   0.014   0.014   0.014 ) T:143 (   0.019   0.028   0.048   0.093   0.093   0.093 )
1439.967: I:1 (   0.017   0.017   0.017 ) T:144 (   0.019   0.028   0.048   0.093   0.093   0.093 )
1449.961: I:1 (   0.032   0.032   0.032 ) T:145 (   0.019   0.028   0.048   0.093   0.093   0.093 )
1459.961: I:1 (   0.031   0.031   0.031 ) T:146 (   0.019   0.029   0.048   0.093   0.093   0.093 )
1469.962: I:1 (   0.030   0.030   0.030 ) T:147 (   0.019   0.029   0.048   0.093   0.093   0.093 )
1479.969: I:1 (   0.031   0.031   0.031 ) T:148 (   0.019   0.029   0.048   0.093   0.093   0.093 )
1489.962: I:1 (   0.031   0.031   0.031 ) T:149 (   0.019   0.029   0.048   0.093   0.093   0.093 )
1499.967: I:1 (   0.031   0.031   0.031 ) T:150 (   0.019   0.029   0.048   0.093   0.093   0.093 )
1509.961: I:1 (   0.031   0.031   0.031 ) T:151 (   0.020   0.029   0.048   0.093   0.093   0.093 )
1519.967: I:1 (   0.029   0.029   0.029 ) T:152 (   0.020   0.029   0.048   0.093   0.093   0.093 )
1529.963: I:1 (   0.035   0.035   0.035 ) T:153 (   0.020   0.029   0.048   0.093   0.093   0.093 )
1539.968: I:1 (   0.037   0.037   0.037 ) T:154 (   0.020   0.030   0.048   0.093   0.093   0.093 )
1549.960: I:1 (   0.035   0.035   0.035 ) T:155 (   0.020   0.030   0.048   0.093   0.093   0.093 )
1559.967: I:1 (   0.031   0.031   0.031 ) T:156 (   0.020   0.031   0.048   0.093   0.093   0.093 )
1569.960: I:1 (   0.030   0.030   0.030 ) T:157 (   0.020   0.031   0.048   0.093   0.093   0.093 )
1579.965: I:1 (   0.029   0.029   0.029 ) T:158 (   0.020   0.031   0.048   0.093   0.093   0.093 )
1589.961: I:1 (   0.031   0.031   0.031 ) T:159 (   0.020   0.031   0.048   0.093   0.093   0.093 )
1599.967: I:1 (   0.065   0.065   0.065 ) T:160 (   0.020   0.031   0.065   0.093   0.093   0.093 )
1609.965: I:1 (   0.026   0.026   0.026 ) T:161 (   0.020   0.031   0.065   0.093   0.093   0.093 )
1619.966: I:1 (   0.032   0.032   0.032 ) T:162 (   0.020   0.031   0.065   0.093   0.093   0.093 )
1629.963: I:1 (   0.028   0.028   0.028 ) T:163 (   0.020   0.031   0.065   0.093   0.093   0.093 )
1639.967: I:1 (   0.031   0.031   0.031 ) T:164 (   0.020   0.031   0.065   0.093   0.093   0.093 )
1649.966: I:1 (   0.031   0.031   0.031 ) T:165 (   0.020   0.031   0.065   0.093   0.093   0.093 )
1659.966: I:1 (   0.028   0.028   0.028 ) T:166 (   0.020   0.031   0.065   0.093   0.093   0.093 )
1669.969: I:1 (   0.033   0.033   0.033 ) T:167 (   0.020   0.031   0.065   0.093   0.093   0.093 )
1679.960: I:1 (   0.028   0.028   0.028 ) T:168 (   0.020   0.031   0.065   0.093   0.093   0.093 )
1689.967: I:1 (   0.031   0.031   0.031 ) T:169 (   0.020   0.031   0.065   0.093   0.093   0.093 )
1699.967: I:1 (   0.030   0.030   0.030 ) T:170 (   0.020   0.031   0.065   0.093   0.093   0.093 )
1709.967: I:1 (   0.031   0.031   0.031 ) T:171 (   0.020   0.031   0.065   0.093   0.093   0.093 )
1719.967: I:1 (   0.031   0.031   0.031 ) T:172 (   0.020   0.031   0.065   0.093   0.093   0.093 )
1729.966: I:1 (   0.031   0.031   0.031 ) T:173 (   0.021   0.031   0.065   0.093   0.093   0.093 )
1739.967: I:1 (   0.031   0.031   0.031 ) T:174 (   0.021   0.031   0.065   0.093   0.093   0.093 )
1749.961: I:1 (   0.031   0.031   0.031 ) T:175 (   0.021   0.031   0.065   0.093   0.093   0.093 )
1759.968: I:1 (   0.033   0.033   0.033 ) T:176 (   0.021   0.031   0.065   0.093   0.093   0.093 )
1769.968: I:1 (   0.035   0.035   0.035 ) T:177 (   0.022   0.031   0.065   0.093   0.093   0.093 )
1779.967: I:1 (   0.033   0.033   0.033 ) T:178 (   0.022   0.031   0.065   0.093   0.093   0.093 )
1789.967: I:1 (   0.027   0.027   0.027 ) T:179 (   0.022   0.031   0.065   0.093   0.093   0.093 )
1799.967: I:1 (   0.027   0.027   0.027 ) T:180 (   0.022   0.031   0.065   0.093   0.093   0.093 )
1809.969: I:1 (   0.030   0.030   0.030 ) T:181 (   0.022   0.031   0.065   0.093   0.093   0.093 )
1819.969: I:1 (   0.033   0.033   0.033 ) T:182 (   0.022   0.031   0.065   0.093   0.093   0.093 )
1829.967: I:1 (   0.030   0.030   0.030 ) T:183 (   0.022   0.031   0.065   0.093   0.093   0.093 )
1839.964: I:1 (   0.031   0.031   0.031 ) T:184 (   0.022   0.031   0.065   0.093   0.093   0.093 )
1849.966: I:1 (   0.037   0.037   0.037 ) T:185 (   0.022   0.031   0.065   0.093   0.093   0.093 )
1859.966: I:1 (   0.034   0.034   0.034 ) T:186 (   0.022   0.031   0.065   0.093   0.093   0.093 )
1869.966: I:1 (   0.038   0.038   0.038 ) T:187 (   0.023   0.032   0.065   0.093   0.093   0.093 )
1879.966: I:1 (   0.035   0.035   0.035 ) T:188 (   0.023   0.032   0.065   0.093   0.093   0.093 )
1889.965: I:1 (   0.031   0.031   0.031 ) T:189 (   0.023   0.032   0.065   0.093   0.093   0.093 )
1899.965: I:1 (   0.034   0.034   0.034 ) T:190 (   0.023   0.032   0.065   0.093   0.093   0.093 )
1909.964: I:1 (   0.034   0.034   0.034 ) T:191 (   0.023   0.032   0.065   0.093   0.093   0.093 )
1919.967: I:1 (   0.035   0.035   0.035 ) T:192 (   0.023   0.033   0.065   0.093   0.093   0.093 )
1929.967: I:1 (   0.035   0.035   0.035 ) T:193 (   0.023   0.033   0.065   0.093   0.093   0.093 )
1939.960: I:1 (   0.077   0.077   0.077 ) T:194 (   0.023   0.033   0.077   0.093   0.093   0.093 )
1949.966: I:1 (   0.034   0.034   0.034 ) T:195 (   0.023   0.033   0.077   0.093   0.093   0.093 )
1959.967: I:1 (   0.035   0.035   0.035 ) T:196 (   0.023   0.034   0.077   0.093   0.093   0.093 )
1969.966: I:1 (   0.032   0.032   0.032 ) T:197 (   0.023   0.034   0.077   0.093   0.093   0.093 )
1979.967: I:1 (   0.034   0.034   0.034 ) T:198 (   0.023   0.034   0.077   0.093   0.093   0.093 )
1982.546: I:2 (   0.002   0.030   0.030 ) T:200 (   0.023   0.034   0.065   0.093   0.093   0.093 )
1982.572: I:0 (   0.000   0.000   0.000 ) T:200 (   0.023   0.034   0.065   0.093   0.093   0.093 )
