#[Interval percentile log between 0.000 and <Infinite> seconds (relative to StartTime)]
#[StartTime: 1524849507.946 (seconds since epoch), Fri Apr 27 19:18:27 CEST 2018]
Time: IntervalPercentiles:count ( 50% 90% Max ) TotalPercentiles:count ( 50% 90% 99% 99.9% 99.99% Max )
2.731: I:1 ( 367.871 367.871 367.871 ) T:1 ( 367.871 367.871 367.871 367.871 367.871 367.871 )
12.707: I:0 (   0.000   0.000   0.000 ) T:1 ( 367.871 367.871 367.871 367.871 367.871 367.871 )
22.707: I:0 (   0.000   0.000   0.000 ) T:1 ( 367.871 367.871 367.871 367.871 367.871 367.871 )
32.707: I:1 (   1.291   1.291   1.291 ) T:2 (   1.291 367.871 367.871 367.871 367.871 367.871 )
42.699: I:1 (   1.724   1.724   1.724 ) T:3 (   1.724 367.871 367.871 367.871 367.871 367.871 )
52.698: I:1 (   2.253   2.253   2.253 ) T:4 (   1.724 367.871 367.871 367.871 367.871 367.871 )
62.696: I:1 (   1.639   1.639   1.639 ) T:5 (   1.724 367.871 367.871 367.871 367.871 367.871 )
72.706: I:1 (   1.580   1.580   1.580 ) T:6 (   1.639 367.871 367.871 367.871 367.871 367.871 )
82.694: I:1 (   1.373   1.373   1.373 ) T:7 (   1.639 367.871 367.871 367.871 367.871 367.871 )
92.707: I:1 (   1.330   1.330   1.330 ) T:8 (   1.580 367.871 367.871 367.871 367.871 367.871 )
102.699: I:0 (   0.000   0.000   0.000 ) T:8 (   1.580 367.871 367.871 367.871 367.871 367.871 )
112.699: I:0 (   0.000   0.000   0.000 ) T:8 (   1.580 367.871 367.871 367.871 367.871 367.871 )
122.699: I:3 (   1.344   1.592   1.592 ) T:11 (   1.580   2.253 367.871 367.871 367.871 367.871 )
132.705: I:1 (   1.368   1.368   1.368 ) T:12 (   1.373   2.253 367.871 367.871 367.871 367.871 )
142.700: I:1 (   1.358   1.358   1.358 ) T:13 (   1.373   2.253 367.871 367.871 367.871 367.871 )
152.704: I:0 (   0.000   0.000   0.000 ) T:13 (   1.373   2.253 367.871 367.871 367.871 367.871 )
162.698: I:1 (   1.348   1.348   1.348 ) T:14 (   1.368   2.253 367.871 367.871 367.871 367.871 )
172.699: I:0 (   0.000   0.000   0.000 ) T:14 (   1.368   2.253 367.871 367.871 367.871 367.871 )
182.699: I:3 (   1.297   1.341   1.341 ) T:17 (   1.358   2.253 367.871 367.871 367.871 367.871 )
192.699: I:1 (   1.054   1.054   1.054 ) T:18 (   1.348   2.253 367.871 367.871 367.871 367.871 )
202.707: I:1 ( 176.767 176.767 176.767 ) T:19 (   1.358 176.767 367.871 367.871 367.871 367.871 )
212.696: I:1 (   1.441   1.441   1.441 ) T:20 (   1.358   2.253 367.871 367.871 367.871 367.871 )
222.699: I:1 (   1.597   1.597   1.597 ) T:21 (   1.368   2.253 367.871 367.871 367.871 367.871 )
232.701: I:0 (   0.000   0.000   0.000 ) T:21 (   1.368   2.253 367.871 367.871 367.871 367.871 )
242.697: I:0 (   0.000   0.000   0.000 ) T:21 (   1.368   2.253 367.871 367.871 367.871 367.871 )
252.699: I:0 (   0.000   0.000   0.000 ) T:21 (   1.368   2.253 367.871 367.871 367.871 367.871 )
262.698: I:0 (   0.000   0.000   0.000 ) T:21 (   1.368   2.253 367.871 367.871 367.871 367.871 )
272.699: I:0 (   0.000   0.000   0.000 ) T:21 (   1.368   2.253 367.871 367.871 367.871 367.871 )
282.705: I:1 ( 116.671 116.671 116.671 ) T:22 (   1.368 116.671 367.871 367.871 367.871 367.871 )
292.697: I:0 (   0.000   0.000   0.000 ) T:22 (   1.368 116.671 367.871 367.871 367.871 367.871 )
302.697: I:0 (   0.000   0.000   0.000 ) T:22 (   1.368 116.671 367.871 367.871 367.871 367.871 )
312.696: I:2 (   1.073   1.327   1.327 ) T:24 (   1.358 116.671 367.871 367.871 367.871 367.871 )
322.692: I:0 (   0.000   0.000   0.000 ) T:24 (   1.358 116.671 367.871 367.871 367.871 367.871 )
332.699: I:2 (   1.296   1.408   1.408 ) T:26 (   1.358 116.671 367.871 367.871 367.871 367.871 )
342.698: I:3 (   1.082   1.589   1.589 ) T:29 (   1.358 116.671 367.871 367.871 367.871 367.871 )
352.694: I:0 (   0.000   0.000   0.000 ) T:29 (   1.358 116.671 367.871 367.871 367.871 367.871 )
362.699: I:3 (   1.370   1.616   1.616 ) T:32 (   1.358   2.253 367.871 367.871 367.871 367.871 )
372.701: I:2 (   0.851   1.198   1.198 ) T:34 (   1.348   2.253 367.871 367.871 367.871 367.871 )
382.698: I:0 (   0.000   0.000   0.000 ) T:34 (   1.348   2.253 367.871 367.871 367.871 367.871 )
392.698: I:0 (   0.000   0.000   0.000 ) T:34 (   1.348   2.253 367.871 367.871 367.871 367.871 )
402.698: I:0 (   0.000   0.000   0.000 ) T:34 (   1.348   2.253 367.871 367.871 367.871 367.871 )
412.698: I:2 (   0.671   1.365   1.365 ) T:36 (   1.348   2.253 367.871 367.871 367.871 367.871 )
422.698: I:0 (   0.000   0.000   0.000 ) T:36 (   1.348   2.253 367.871 367.871 367.871 367.871 )
432.698: I:0 (   0.000   0.000   0.000 ) T:36 (   1.348   2.253 367.871 367.871 367.871 367.871 )
442.698: I:0 (   0.000   0.000   0.000 ) T:36 (   1.348   2.253 367.871 367.871 367.871 367.871 )
452.697: I:2 (   1.001   1.123   1.123 ) T:38 (   1.344   2.253 367.871 367.871 367.871 367.871 )
462.697: I:1 (   1.105   1.105   1.105 ) T:39 (   1.344   2.253 367.871 367.871 367.871 367.871 )
472.697: I:0 (   0.000   0.000   0.000 ) T:39 (   1.344   2.253 367.871 367.871 367.871 367.871 )
482.698: I:1 (   1.130   1.130   1.130 ) T:40 (   1.341   1.724 367.871 367.871 367.871 367.871 )
492.694: I:1 (   1.276   1.276   1.276 ) T:41 (   1.341   1.724 367.871 367.871 367.871 367.871 )
502.696: I:2 (   1.249   1.572   1.572 ) T:43 (   1.341   1.724 367.871 367.871 367.871 367.871 )
512.698: I:0 (   0.000   0.000   0.000 ) T:43 (   1.341   1.724 367.871 367.871 367.871 367.871 )
522.707: I:1 ( 190.207 190.207 190.207 ) T:44 (   1.341   2.253 367.871 367.871 367.871 367.871 )
532.699: I:2 (   1.190   1.209   1.209 ) T:46 (   1.330   2.253 367.871 367.871 367.871 367.871 )
542.693: I:2 (   0.802   1.086   1.086 ) T:48 (   1.327   2.253 367.871 367.871 367.871 367.871 )
552.697: I:1 (   0.654   0.654   0.654 ) T:49 (   1.327   2.253 367.871 367.871 367.871 367.871 )
562.698: I:1 (   0.975   0.975   0.975 ) T:50 (   1.297   1.724 367.871 367.871 367.871 367.871 )
572.699: I:0 (   0.000   0.000   0.000 ) T:50 (   1.297   1.724 367.871 367.871 367.871 367.871 )
582.692: I:1 (   1.049   1.049   1.049 ) T:51 (   1.297   1.724 367.871 367.871 367.871 367.871 )
592.695: I:0 (   0.000   0.000   0.000 ) T:51 (   1.297   1.724 367.871 367.871 367.871 367.871 )
602.702: I:0 (   0.000   0.000   0.000 ) T:51 (   1.297   1.724 367.871 367.871 367.871 367.871 )
612.698: I:0 (   0.000   0.000   0.000 ) T:51 (   1.297   1.724 367.871 367.871 367.871 367.871 )
622.692: I:0 (   0.000   0.000   0.000 ) T:51 (   1.297   1.724 367.871 367.871 367.871 367.871 )
632.698: I:0 (   0.000   0.000   0.000 ) T:51 (   1.297   1.724 367.871 367.871 367.871 367.871 )
642.697: I:0 (   0.000   0.000   0.000 ) T:51 (   1.297   1.724 367.871 367.871 367.871 367.871 )
652.699: I:0 (   0.000   0.000   0.000 ) T:51 (   1.297   1.724 367.871 367.871 367.871 367.871 )
662.698: I:0 (   0.000   0.000   0.000 ) T:51 (   1.297   1.724 367.871 367.871 367.871 367.871 )
672.697: I:0 (   0.000   0.000   0.000 ) T:51 (   1.297   1.724 367.871 367.871 367.871 367.871 )
682.699: I:0 (   0.000   0.000   0.000 ) T:51 (   1.297   1.724 367.871 367.871 367.871 367.871 )
692.706: I:2 (   0.515   0.954   0.954 ) T:53 (   1.296   1.724 367.871 367.871 367.871 367.871 )
702.697: I:2 (   1.198   1.262   1.262 ) T:55 (   1.291   1.724 367.871 367.871 367.871 367.871 )
712.696: I:0 (   0.000   0.000   0.000 ) T:55 (   1.291   1.724 367.871 367.871 367.871 367.871 )
722.698: I:1 (   1.092   1.092   1.092 ) T:56 (   1.291   1.724 367.871 367.871 367.871 367.871 )
732.698: I:0 (   0.000   0.000   0.000 ) T:56 (   1.291   1.724 367.871 367.871 367.871 367.871 )
742.696: I:1 (   0.985   0.985   0.985 ) T:57 (   1.291   1.724 367.871 367.871 367.871 367.871 )
752.697: I:2 (   0.470   0.827   0.827 ) T:59 (   1.276   1.724 367.871 367.871 367.871 367.871 )
762.691: I:2 (   1.034   1.052   1.052 ) T:61 (   1.262   1.639 367.871 367.871 367.871 367.871 )
772.699: I:1 (   0.894   0.894   0.894 ) T:62 (   1.249   1.639 367.871 367.871 367.871 367.871 )
782.697: I:1 (   0.967   0.967   0.967 ) T:63 (   1.249   1.639 367.871 367.871 367.871 367.871 )
792.697: I:1 (   1.165   1.165   1.165 ) T:64 (   1.209   1.639 367.871 367.871 367.871 367.871 )
802.696: I:0 (   0.000   0.000   0.000 ) T:64 (   1.209   1.639 367.871 367.871 367.871 367.871 )
812.696: I:0 (   0.000   0.000   0.000 ) T:64 (   1.209   1.639 367.871 367.871 367.871 367.871 )
822.691: I:2 (   0.507   0.810   0.810 ) T:66 (   1.203   1.639 367.871 367.871 367.871 367.871 )
832.695: I:0 (   0.000   0.000   0.000 ) T:66 (   1.203   1.639 367.871 367.871 367.871 367.871 )
842.697: I:1 (   0.928   0.928   0.928 ) T:67 (   1.203   1.639 367.871 367.871 367.871 367.871 )
852.698: I:0 (   0.000   0.000   0.000 ) T:67 (   1.203   1.639 367.871 367.871 367.871 367.871 )
862.699: I:1 (   0.938   0.938   0.938 ) T:68 (   1.198   1.639 367.871 367.871 367.871 367.871 )
872.697: I:1 (   0.826   0.826   0.826 ) T:69 (   1.198   1.639 367.871 367.871 367.871 367.871 )
882.693: I:0 (   0.000   0.000   0.000 ) T:69 (   1.198   1.639 367.871 367.871 367.871 367.871 )
892.697: I:1 (   0.857   0.857   0.857 ) T:70 (   1.198   1.616 367.871 367.871 367.871 367.871 )
902.698: I:0 (   0.000   0.000   0.000 ) T:70 (   1.198   1.616 367.871 367.871 367.871 367.871 )
912.698: I:1 (   0.821   0.821   0.821 ) T:71 (   1.198   1.616 367.871 367.871 367.871 367.871 )
922.698: I:0 (   0.000   0.000   0.000 ) T:71 (   1.198   1.616 367.871 367.871 367.871 367.871 )
932.704: I:1 ( 208.127 208.127 208.127 ) T:72 (   1.198   1.639 367.871 367.871 367.871 367.871 )
942.698: I:0 (   0.000   0.000   0.000 ) T:72 (   1.198   1.639 367.871 367.871 367.871 367.871 )
952.694: I:0 (   0.000   0.000   0.000 ) T:72 (   1.198   1.639 367.871 367.871 367.871 367.871 )
962.692: I:0 (   0.000   0.000   0.000 ) T:72 (   1.198   1.639 367.871 367.871 367.871 367.871 )
972.698: I:1 (   0.471   0.471   0.471 ) T:73 (   1.198   1.639 367.871 367.871 367.871 367.871 )
982.696: I:0 (   0.000   0.000   0.000 ) T:73 (   1.198   1.639 367.871 367.871 367.871 367.871 )
992.698: I:1 (   0.491   0.491   0.491 ) T:74 (   1.190   1.639 367.871 367.871 367.871 367.871 )
1002.699: I:0 (   0.000   0.000   0.000 ) T:74 (   1.190   1.639 367.871 367.871 367.871 367.871 )
1012.695: I:0 (   0.000   0.000   0.000 ) T:74 (   1.190   1.639 367.871 367.871 367.871 367.871 )
1022.700: I:0 (   0.000   0.000   0.000 ) T:74 (   1.190   1.639 367.871 367.871 367.871 367.871 )
1032.696: I:0 (   0.000   0.000   0.000 ) T:74 (   1.190   1.639 367.871 367.871 367.871 367.871 )
1042.698: I:2 (   0.808   0.835   0.835 ) T:76 (   1.165   1.639 367.871 367.871 367.871 367.871 )
1052.706: I:1 (   0.846   0.846   0.846 ) T:77 (   1.165   1.639 367.871 367.871 367.871 367.871 )
1062.705: I:0 (   0.000   0.000   0.000 ) T:77 (   1.165   1.639 367.871 367.871 367.871 367.871 )
1072.697: I:0 (   0.000   0.000   0.000 ) T:77 (   1.165   1.639 367.871 367.871 367.871 367.871 )
1082.698: I:1 (   0.827   0.827   0.827 ) T:78 (   1.130   1.639 367.871 367.871 367.871 367.871 )
1092.696: I:0 (   0.000   0.000   0.000 ) T:78 (   1.130   1.639 367.871 367.871 367.871 367.871 )
1102.698: I:1 (   1.260   1.260   1.260 ) T:79 (   1.165   1.639 367.871 367.871 367.871 367.871 )
1112.696: I:0 (   0.000   0.000   0.000 ) T:79 (   1.165   1.639 367.871 367.871 367.871 367.871 )
1122.692: I:1 (   0.487   0.487   0.487 ) T:80 (   1.130   1.616 367.871 367.871 367.871 367.871 )
1132.697: I:2 (   0.806   0.871   0.871 ) T:82 (   1.123   1.616 367.871 367.871 367.871 367.871 )
1142.698: I:3 (   0.674   0.837   0.837 ) T:85 (   1.105   1.616 367.871 367.871 367.871 367.871 )
1152.696: I:1 (   0.705   0.705   0.705 ) T:86 (   1.092   1.616 367.871 367.871 367.871 367.871 )
1162.704: I:1 (  83.007  83.007  83.007 ) T:87 (   1.105   1.639 367.871 367.871 367.871 367.871 )
1172.697: I:0 (   0.000   0.000   0.000 ) T:87 (   1.105   1.639 367.871 367.871 367.871 367.871 )
1182.692: I:1 (   0.755   0.755   0.755 ) T:88 (   1.092   1.639 367.871 367.871 367.871 367.871 )
1192.706: I:2 (   0.807 221.823 221.823 ) T:90 (   1.092   1.639 367.871 367.871 367.871 367.871 )
1202.704: I:2 (   0.624  87.551  87.551 ) T:92 (   1.092   1.724 367.871 367.871 367.871 367.871 )
1212.706: I:1 (   0.794   0.794   0.794 ) T:93 (   1.092   1.724 367.871 367.871 367.871 367.871 )
1222.696: I:0 (   0.000   0.000   0.000 ) T:93 (   1.092   1.724 367.871 367.871 367.871 367.871 )
1232.697: I:0 (   0.000   0.000   0.000 ) T:93 (   1.092   1.724 367.871 367.871 367.871 367.871 )
1242.703: I:0 (   0.000   0.000   0.000 ) T:93 (   1.092   1.724 367.871 367.871 367.871 367.871 )
1252.698: I:0 (   0.000   0.000   0.000 ) T:93 (   1.092   1.724 367.871 367.871 367.871 367.871 )
1262.700: I:2 (   0.789   0.825   0.825 ) T:95 (   1.086   1.724 367.871 367.871 367.871 367.871 )
1272.703: I:1 (  90.239  90.239  90.239 ) T:96 (   1.086   2.253 367.871 367.871 367.871 367.871 )
1282.698: I:1 (   0.743   0.743   0.743 ) T:97 (   1.086   2.253 367.871 367.871 367.871 367.871 )
1292.697: I:1 (   0.588   0.588   0.588 ) T:98 (   1.082   2.253 367.871 367.871 367.871 367.871 )
1302.697: I:1 (   0.845   0.845   0.845 ) T:99 (   1.082   2.253 367.871 367.871 367.871 367.871 )
1312.697: I:0 (   0.000   0.000   0.000 ) T:99 (   1.082   2.253 367.871 367.871 367.871 367.871 )
1322.698: I:1 (   0.814   0.814   0.814 ) T:100 (   1.073   1.724 221.823 367.871 367.871 367.871 )
1332.696: I:0 (   0.000   0.000   0.000 ) T:100 (   1.073   1.724 221.823 367.871 367.871 367.871 )
1342.700: I:0 (   0.000   0.000   0.000 ) T:100 (   1.073   1.724 221.823 367.871 367.871 367.871 )
1352.697: I:1 (   0.692   0.692   0.692 ) T:101 (   1.073   1.724 221.823 367.871 367.871 367.871 )
1362.698: I:0 (   0.000   0.000   0.000 ) T:101 (   1.073   1.724 221.823 367.871 367.871 367.871 )
1372.698: I:1 (   0.724   0.724   0.724 ) T:102 (   1.054   1.724 221.823 367.871 367.871 367.871 )
1382.697: I:0 (   0.000   0.000   0.000 ) T:102 (   1.054   1.724 221.823 367.871 367.871 367.871 )
1392.695: I:0 (   0.000   0.000   0.000 ) T:102 (   1.054   1.724 221.823 367.871 367.871 367.871 )
1402.695: I:2 (   0.695   0.734   0.734 ) T:104 (   1.052   1.724 221.823 367.871 367.871 367.871 )
1412.696: I:1 (   0.792   0.792   0.792 ) T:105 (   1.052   1.724 221.823 367.871 367.871 367.871 )
1422.696: I:1 (   0.747   0.747   0.747 ) T:106 (   1.049   1.724 221.823 367.871 367.871 367.871 )
1432.695: I:1 (   0.360   0.360   0.360 ) T:107 (   1.049   1.724 221.823 367.871 367.871 367.871 )
1442.699: I:0 (   0.000   0.000   0.000 ) T:107 (   1.049   1.724 221.823 367.871 367.871 367.871 )
1452.700: I:1 (   0.699   0.699   0.699 ) T:108 (   1.034   1.724 221.823 367.871 367.871 367.871 )
1462.697: I:1 (   0.650   0.650   0.650 ) T:109 (   1.034   1.724 221.823 367.871 367.871 367.871 )
1472.696: I:1 (   0.840   0.840   0.840 ) T:110 (   1.018   1.639 221.823 367.871 367.871 367.871 )
1482.703: I:0 (   0.000   0.000   0.000 ) T:110 (   1.018   1.639 221.823 367.871 367.871 367.871 )
1492.696: I:3 (   0.668   0.756   0.756 ) T:113 (   1.001   1.639 221.823 367.871 367.871 367.871 )
1502.695: I:0 (   0.000   0.000   0.000 ) T:113 (   1.001   1.639 221.823 367.871 367.871 367.871 )
1512.696: I:0 (   0.000   0.000   0.000 ) T:113 (   1.001   1.639 221.823 367.871 367.871 367.871 )
1522.697: I:0 (   0.000   0.000   0.000 ) T:113 (   1.001   1.639 221.823 367.871 367.871 367.871 )
1532.708: I:1 (   0.694   0.694   0.694 ) T:114 (   0.985   1.639 221.823 367.871 367.871 367.871 )
1542.700: I:0 (   0.000   0.000   0.000 ) T:114 (   0.985   1.639 221.823 367.871 367.871 367.871 )
1552.696: I:1 (   0.700   0.700   0.700 ) T:115 (   0.985   1.639 221.823 367.871 367.871 367.871 )
1562.695: I:0 (   0.000   0.000   0.000 ) T:115 (   0.985   1.639 221.823 367.871 367.871 367.871 )
1572.698: I:0 (   0.000   0.000   0.000 ) T:115 (   0.985   1.639 221.823 367.871 367.871 367.871 )
1582.693: I:1 (   0.841   0.841   0.841 ) T:116 (   0.975   1.639 221.823 367.871 367.871 367.871 )
1592.702: I:1 ( 118.847 118.847 118.847 ) T:117 (   0.985   1.724 221.823 367.871 367.871 367.871 )
1602.697: I:1 (   0.652   0.652   0.652 ) T:118 (   0.975   1.724 221.823 367.871 367.871 367.871 )
1612.697: I:1 (   0.553   0.553   0.553 ) T:119 (   0.975   1.724 221.823 367.871 367.871 367.871 )
1622.697: I:0 (   0.000   0.000   0.000 ) T:119 (   0.975   1.724 221.823 367.871 367.871 367.871 )
1632.697: I:0 (   0.000   0.000   0.000 ) T:119 (   0.975   1.724 221.823 367.871 367.871 367.871 )
1642.704: I:4 (   0.632  98.367  98.367 ) T:123 (   0.967   1.724 221.823 367.871 367.871 367.871 )
1652.701: I:1 (   0.601   0.601   0.601 ) T:124 (   0.954   1.724 221.823 367.871 367.871 367.871 )
1662.699: I:0 (   0.000   0.000   0.000 ) T:124 (   0.954   1.724 221.823 367.871 367.871 367.871 )
1672.692: I:0 (   0.000   0.000   0.000 ) T:124 (   0.954   1.724 221.823 367.871 367.871 367.871 )
1682.698: I:0 (   0.000   0.000   0.000 ) T:124 (   0.954   1.724 221.823 367.871 367.871 367.871 )
1692.696: I:0 (   0.000   0.000   0.000 ) T:124 (   0.954   1.724 221.823 367.871 367.871 367.871 )
1702.698: I:0 (   0.000   0.000   0.000 ) T:124 (   0.954   1.724 221.823 367.871 367.871 367.871 )
1712.697: I:0 (   0.000   0.000   0.000 ) T:124 (   0.954   1.724 221.823 367.871 367.871 367.871 )
1722.697: I:1 (   0.637   0.637   0.637 ) T:125 (   0.954   1.724 221.823 367.871 367.871 367.871 )
1732.697: I:0 (   0.000   0.000   0.000 ) T:125 (   0.954   1.724 221.823 367.871 367.871 367.871 )
1742.692: I:0 (   0.000   0.000   0.000 ) T:125 (   0.954   1.724 221.823 367.871 367.871 367.871 )
1752.697: I:0 (   0.000   0.000   0.000 ) T:125 (   0.954   1.724 221.823 367.871 367.871 367.871 )
1762.702: I:1 (   0.616   0.616   0.616 ) T:126 (   0.938   1.724 221.823 367.871 367.871 367.871 )
1772.698: I:0 (   0.000   0.000   0.000 ) T:126 (   0.938   1.724 221.823 367.871 367.871 367.871 )
1782.696: I:1 (   0.669   0.669   0.669 ) T:127 (   0.938   1.724 221.823 367.871 367.871 367.871 )
1792.695: I:0 (   0.000   0.000   0.000 ) T:127 (   0.938   1.724 221.823 367.871 367.871 367.871 )
1802.697: I:0 (   0.000   0.000   0.000 ) T:127 (   0.938   1.724 221.823 367.871 367.871 367.871 )
1812.696: I:0 (   0.000   0.000   0.000 ) T:127 (   0.938   1.724 221.823 367.871 367.871 367.871 )
1822.695: I:0 (   0.000   0.000   0.000 ) T:127 (   0.938   1.724 221.823 367.871 367.871 367.871 )
1832.705: I:2 (   0.652 161.023 161.023 ) T:129 (   0.938   2.253 221.823 367.871 367.871 367.871 )
1842.701: I:1 (   0.678   0.678   0.678 ) T:130 (   0.928   1.724 221.823 367.871 367.871 367.871 )
1852.709: I:5 (   0.649 119.807 119.807 ) T:135 (   0.894   2.253 221.823 367.871 367.871 367.871 )
1862.704: I:2 (   0.663 202.239 202.239 ) T:137 (   0.894  83.007 221.823 367.871 367.871 367.871 )
1872.695: I:0 (   0.000   0.000   0.000 ) T:137 (   0.894  83.007 221.823 367.871 367.871 367.871 )
1882.691: I:2 (   0.567   0.622   0.622 ) T:139 (   0.871  83.007 221.823 367.871 367.871 367.871 )
1892.694: I:0 (   0.000   0.000   0.000 ) T:139 (   0.871  83.007 221.823 367.871 367.871 367.871 )
1902.697: I:0 (   0.000   0.000   0.000 ) T:139 (   0.871  83.007 221.823 367.871 367.871 367.871 )
1912.698: I:1 (   0.676   0.676   0.676 ) T:140 (   0.857   2.253 221.823 367.871 367.871 367.871 )
1922.696: I:0 (   0.000   0.000   0.000 ) T:140 (   0.857   2.253 221.823 367.871 367.871 367.871 )
1932.695: I:1 (   0.331   0.331   0.331 ) T:141 (   0.857   2.253 221.823 367.871 367.871 367.871 )
1942.700: I:2 (   0.559   0.668   0.668 ) T:143 (   0.851   2.253 221.823 367.871 367.871 367.871 )
1952.697: I:1 (   0.476   0.476   0.476 ) T:144 (   0.846   2.253 221.823 367.871 367.871 367.871 )
1962.696: I:0 (   0.000   0.000   0.000 ) T:144 (   0.846   2.253 221.823 367.871 367.871 367.871 )
1972.691: I:0 (   0.000   0.000   0.000 ) T:144 (   0.846   2.253 221.823 367.871 367.871 367.871 )
1982.701: I:0 (   0.000   0.000   0.000 ) T:144 (   0.846   2.253 221.823 367.871 367.871 367.871 )
1992.697: I:1 (   0.533   0.533   0.533 ) T:145 (   0.846   2.253 221.823 367.871 367.871 367.871 )
2002.697: I:1 (   0.618   0.618   0.618 ) T:146 (   0.845   2.253 221.823 367.871 367.871 367.871 )
2012.697: I:0 (   0.000   0.000   0.000 ) T:146 (   0.845   2.253 221.823 367.871 367.871 367.871 )
2022.696: I:0 (   0.000   0.000   0.000 ) T:146 (   0.845   2.253 221.823 367.871 367.871 367.871 )
2032.698: I:0 (   0.000   0.000   0.000 ) T:146 (   0.845   2.253 221.823 367.871 367.871 367.871 )
2042.695: I:0 (   0.000   0.000   0.000 ) T:146 (   0.845   2.253 221.823 367.871 367.871 367.871 )
2052.698: I:0 (   0.000   0.000   0.000 ) T:146 (   0.845   2.253 221.823 367.871 367.871 367.871 )
2062.697: I:3 (   0.601   0.651   0.651 ) T:149 (   0.841   2.253 221.823 367.871 367.871 367.871 )
2072.697: I:0 (   0.000   0.000   0.000 ) T:149 (   0.841   2.253 221.823 367.871 367.871 367.871 )
2082.698: I:2 (   0.622   0.631   0.631 ) T:151 (   0.840   1.724 221.823 367.871 367.871 367.871 )
2092.697: I:0 (   0.000   0.000   0.000 ) T:151 (   0.840   1.724 221.823 367.871 367.871 367.871 )
2102.697: I:1 (   0.507   0.507   0.507 ) T:152 (   0.837   1.724 221.823 367.871 367.871 367.871 )
2112.697: I:1 (   0.635   0.635   0.635 ) T:153 (   0.837   1.724 221.823 367.871 367.871 367.871 )
2122.696: I:1 (   0.555   0.555   0.555 ) T:154 (   0.835   1.724 221.823 367.871 367.871 367.871 )
2132.698: I:0 (   0.000   0.000   0.000 ) T:154 (   0.835   1.724 221.823 367.871 367.871 367.871 )
2142.695: I:2 (   0.631   0.671   0.671 ) T:156 (   0.827   1.724 221.823 367.871 367.871 367.871 )
2152.700: I:0 (   0.000   0.000   0.000 ) T:156 (   0.827   1.724 221.823 367.871 367.871 367.871 )
2162.697: I:0 (   0.000   0.000   0.000 ) T:156 (   0.827   1.724 221.823 367.871 367.871 367.871 )
2172.696: I:0 (   0.000   0.000   0.000 ) T:156 (   0.827   1.724 221.823 367.871 367.871 367.871 )
2182.697: I:0 (   0.000   0.000   0.000 ) T:156 (   0.827   1.724 221.823 367.871 367.871 367.871 )
2192.697: I:0 (   0.000   0.000   0.000 ) T:156 (   0.827   1.724 221.823 367.871 367.871 367.871 )
2202.695: I:1 (   0.615   0.615   0.615 ) T:157 (   0.827   1.724 221.823 367.871 367.871 367.871 )
2212.695: I:0 (   0.000   0.000   0.000 ) T:157 (   0.827   1.724 221.823 367.871 367.871 367.871 )
2222.696: I:1 (   0.574   0.574   0.574 ) T:158 (   0.827   1.724 221.823 367.871 367.871 367.871 )
2232.697: I:1 (   0.524   0.524   0.524 ) T:159 (   0.827   1.724 221.823 367.871 367.871 367.871 )
2242.694: I:0 (   0.000   0.000   0.000 ) T:159 (   0.827   1.724 221.823 367.871 367.871 367.871 )
2252.691: I:1 (   0.532   0.532   0.532 ) T:160 (   0.826   1.639 221.823 367.871 367.871 367.871 )
2262.691: I:2 (   0.593   0.600   0.600 ) T:162 (   0.825   1.639 221.823 367.871 367.871 367.871 )
2272.697: I:0 (   0.000   0.000   0.000 ) T:162 (   0.825   1.639 221.823 367.871 367.871 367.871 )
2282.693: I:0 (   0.000   0.000   0.000 ) T:162 (   0.825   1.639 221.823 367.871 367.871 367.871 )
2292.700: I:1 (   0.612   0.612   0.612 ) T:163 (   0.825   1.639 221.823 367.871 367.871 367.871 )
2302.697: I:0 (   0.000   0.000   0.000 ) T:163 (   0.825   1.639 221.823 367.871 367.871 367.871 )
2312.709: I:1 (   0.566   0.566   0.566 ) T:164 (   0.821   1.639 221.823 367.871 367.871 367.871 )
2322.703: I:0 (   0.000   0.000   0.000 ) T:164 (   0.821   1.639 221.823 367.871 367.871 367.871 )
2332.698: I:0 (   0.000   0.000   0.000 ) T:164 (   0.821   1.639 221.823 367.871 367.871 367.871 )
2342.695: I:1 (   0.664   0.664   0.664 ) T:165 (   0.821   1.639 221.823 367.871 367.871 367.871 )
2352.697: I:0 (   0.000   0.000   0.000 ) T:165 (   0.821   1.639 221.823 367.871 367.871 367.871 )
2362.698: I:1 (   0.596   0.596   0.596 ) T:166 (   0.814   1.639 221.823 367.871 367.871 367.871 )
2372.700: I:0 (   0.000   0.000   0.000 ) T:166 (   0.814   1.639 221.823 367.871 367.871 367.871 )
2382.698: I:0 (   0.000   0.000   0.000 ) T:166 (   0.814   1.639 221.823 367.871 367.871 367.871 )
2392.697: I:0 (   0.000   0.000   0.000 ) T:166 (   0.814   1.639 221.823 367.871 367.871 367.871 )
2402.697: I:2 (   0.498   0.622   0.622 ) T:168 (   0.810   1.639 221.823 367.871 367.871 367.871 )
2412.698: I:2 (   0.537 221.823 221.823 ) T:170 (   0.810   1.639 221.823 367.871 367.871 367.871 )
2422.695: I:2 (   0.582   0.624   0.624 ) T:172 (   0.808   1.639 221.823 367.871 367.871 367.871 )
2432.698: I:0 (   0.000   0.000   0.000 ) T:172 (   0.808   1.639 221.823 367.871 367.871 367.871 )
2442.696: I:0 (   0.000   0.000   0.000 ) T:172 (   0.808   1.639 221.823 367.871 367.871 367.871 )
2452.697: I:0 (   0.000   0.000   0.000 ) T:172 (   0.808   1.639 221.823 367.871 367.871 367.871 )
2462.698: I:2 (   0.610   0.624   0.624 ) T:174 (   0.807   1.639 221.823 367.871 367.871 367.871 )
2472.705: I:1 ( 204.287 204.287 204.287 ) T:175 (   0.808   1.724 221.823 367.871 367.871 367.871 )
2482.697: I:1 (   0.569   0.569   0.569 ) T:176 (   0.807   1.724 221.823 367.871 367.871 367.871 )
2492.705: I:0 (   0.000   0.000   0.000 ) T:176 (   0.807   1.724 221.823 367.871 367.871 367.871 )
2502.697: I:1 (   0.638   0.638   0.638 ) T:177 (   0.807   1.724 221.823 367.871 367.871 367.871 )
2512.699: I:0 (   0.000   0.000   0.000 ) T:177 (   0.807   1.724 221.823 367.871 367.871 367.871 )
2522.696: I:1 (   0.606   0.606   0.606 ) T:178 (   0.806   1.724 221.823 367.871 367.871 367.871 )
2532.691: I:0 (   0.000   0.000   0.000 ) T:178 (   0.806   1.724 221.823 367.871 367.871 367.871 )
2542.696: I:0 (   0.000   0.000   0.000 ) T:178 (   0.806   1.724 221.823 367.871 367.871 367.871 )
2552.696: I:0 (   0.000   0.000   0.000 ) T:178 (   0.806   1.724 221.823 367.871 367.871 367.871 )
2562.695: I:0 (   0.000   0.000   0.000 ) T:178 (   0.806   1.724 221.823 367.871 367.871 367.871 )
2572.691: I:0 (   0.000   0.000   0.000 ) T:178 (   0.806   1.724 221.823 367.871 367.871 367.871 )
2582.692: I:0 (   0.000   0.000   0.000 ) T:178 (   0.806   1.724 221.823 367.871 367.871 367.871 )
2592.695: I:1 (   0.562   0.562   0.562 ) T:179 (   0.806   1.724 221.823 367.871 367.871 367.871 )
2602.697: I:2 (   0.326   0.500   0.500 ) T:181 (   0.802   1.639 221.823 367.871 367.871 367.871 )
2612.697: I:0 (   0.000   0.000   0.000 ) T:181 (   0.802   1.639 221.823 367.871 367.871 367.871 )
2622.696: I:0 (   0.000   0.000   0.000 ) T:181 (   0.802   1.639 221.823 367.871 367.871 367.871 )
2632.697: I:0 (   0.000   0.000   0.000 ) T:181 (   0.802   1.639 221.823 367.871 367.871 367.871 )
2642.697: I:0 (   0.000   0.000   0.000 ) T:181 (   0.802   1.639 221.823 367.871 367.871 367.871 )
2652.697: I:1 (   0.604   0.604   0.604 ) T:182 (   0.794   1.639 221.823 367.871 367.871 367.871 )
2662.697: I:1 (   0.306   0.306   0.306 ) T:183 (   0.794   1.639 221.823 367.871 367.871 367.871 )
2672.697: I:0 (   0.000   0.000   0.000 ) T:183 (   0.794   1.639 221.823 367.871 367.871 367.871 )
2682.697: I:1 (   0.624   0.624   0.624 ) T:184 (   0.792   1.639 221.823 367.871 367.871 367.871 )
2692.696: I:0 (   0.000   0.000   0.000 ) T:184 (   0.792   1.639 221.823 367.871 367.871 367.871 )
2702.698: I:0 (   0.000   0.000   0.000 ) T:184 (   0.792   1.639 221.823 367.871 367.871 367.871 )
2712.696: I:0 (   0.000   0.000   0.000 ) T:184 (   0.792   1.639 221.823 367.871 367.871 367.871 )
2722.699: I:0 (   0.000   0.000   0.000 ) T:184 (   0.792   1.639 221.823 367.871 367.871 367.871 )
2732.697: I:1 (   0.605   0.605   0.605 ) T:185 (   0.792   1.639 221.823 367.871 367.871 367.871 )
2742.691: I:0 (   0.000   0.000   0.000 ) T:185 (   0.792   1.639 221.823 367.871 367.871 367.871 )
2752.692: I:0 (   0.000   0.000   0.000 ) T:185 (   0.792   1.639 221.823 367.871 367.871 367.871 )
2762.697: I:0 (   0.000   0.000   0.000 ) T:185 (   0.792   1.639 221.823 367.871 367.871 367.871 )
2772.696: I:0 (   0.000   0.000   0.000 ) T:185 (   0.792   1.639 221.823 367.871 367.871 367.871 )
2782.697: I:1 (   0.547   0.547   0.547 ) T:186 (   0.789   1.639 221.823 367.871 367.871 367.871 )
2792.706: I:1 ( 251.519 251.519 251.519 ) T:187 (   0.792   1.724 251.519 367.871 367.871 367.871 )
2802.709: I:2 (   0.642 105.215 105.215 ) T:189 (   0.792   2.253 251.519 367.871 367.871 367.871 )
2812.706: I:1 (   0.599   0.599   0.599 ) T:190 (   0.789   1.724 251.519 367.871 367.871 367.871 )
2822.697: I:1 (   0.629   0.629   0.629 ) T:191 (   0.789   1.724 251.519 367.871 367.871 367.871 )
2832.697: I:0 (   0.000   0.000   0.000 ) T:191 (   0.789   1.724 251.519 367.871 367.871 367.871 )
2842.697: I:0 (   0.000   0.000   0.000 ) T:191 (   0.789   1.724 251.519 367.871 367.871 367.871 )
2852.697: I:1 (   0.684   0.684   0.684 ) T:192 (   0.762   1.724 251.519 367.871 367.871 367.871 )
2862.696: I:1 (   0.559   0.559   0.559 ) T:193 (   0.762   1.724 251.519 367.871 367.871 367.871 )
2872.696: I:1 (   0.574   0.574   0.574 ) T:194 (   0.756   1.724 251.519 367.871 367.871 367.871 )
2882.697: I:2 (   0.471   0.563   0.563 ) T:196 (   0.755   1.724 251.519 367.871 367.871 367.871 )
2892.695: I:5 (   0.523   0.532   0.532 ) T:201 (   0.747   1.639 221.823 367.871 367.871 367.871 )
2902.696: I:1 (   0.592   0.592   0.592 ) T:202 (   0.743   1.639 221.823 367.871 367.871 367.871 )
2912.697: I:1 (   0.472   0.472   0.472 ) T:203 (   0.743   1.639 221.823 367.871 367.871 367.871 )
2922.692: I:0 (   0.000   0.000   0.000 ) T:203 (   0.743   1.639 221.823 367.871 367.871 367.871 )
2932.705: I:3 ( 131.071 278.271 278.271 ) T:206 (   0.743   2.253 251.519 367.871 367.871 367.871 )
2942.705: I:0 (   0.000   0.000   0.000 ) T:206 (   0.743   2.253 251.519 367.871 367.871 367.871 )
2952.706: I:1 ( 139.903 139.903 139.903 ) T:207 (   0.747  83.007 251.519 367.871 367.871 367.871 )
2962.691: I:0 (   0.000   0.000   0.000 ) T:207 (   0.747  83.007 251.519 367.871 367.871 367.871 )
2972.696: I:1 (   0.357   0.357   0.357 ) T:208 (   0.743  83.007 251.519 367.871 367.871 367.871 )
2982.697: I:0 (   0.000   0.000   0.000 ) T:208 (   0.743  83.007 251.519 367.871 367.871 367.871 )
2992.697: I:0 (   0.000   0.000   0.000 ) T:208 (   0.743  83.007 251.519 367.871 367.871 367.871 )
3002.697: I:1 (   0.814   0.814   0.814 ) T:209 (   0.747  83.007 251.519 367.871 367.871 367.871 )
3012.697: I:1 (   0.595   0.595   0.595 ) T:210 (   0.743   2.253 251.519 367.871 367.871 367.871 )
3022.696: I:1 (   0.602   0.602   0.602 ) T:211 (   0.743   2.253 251.519 367.871 367.871 367.871 )
3032.692: I:0 (   0.000   0.000   0.000 ) T:211 (   0.743   2.253 251.519 367.871 367.871 367.871 )
3042.697: I:0 (   0.000   0.000   0.000 ) T:211 (   0.743   2.253 251.519 367.871 367.871 367.871 )
3052.706: I:1 ( 294.143 294.143 294.143 ) T:212 (   0.743  83.007 278.271 367.871 367.871 367.871 )
3062.697: I:2 (   0.489   0.612   0.612 ) T:214 (   0.734  83.007 278.271 367.871 367.871 367.871 )
3072.697: I:1 (   0.336   0.336   0.336 ) T:215 (   0.734  83.007 278.271 367.871 367.871 367.871 )
3082.696: I:0 (   0.000   0.000   0.000 ) T:215 (   0.734  83.007 278.271 367.871 367.871 367.871 )
3092.696: I:1 (   0.649   0.649   0.649 ) T:216 (   0.724  83.007 278.271 367.871 367.871 367.871 )
3102.697: I:0 (   0.000   0.000   0.000 ) T:216 (   0.724  83.007 278.271 367.871 367.871 367.871 )
3112.697: I:1 (   0.582   0.582   0.582 ) T:217 (   0.724  83.007 278.271 367.871 367.871 367.871 )
3122.697: I:0 (   0.000   0.000   0.000 ) T:217 (   0.724  83.007 278.271 367.871 367.871 367.871 )
3132.696: I:3 (   0.475   0.574   0.574 ) T:220 (   0.700   2.253 278.271 367.871 367.871 367.871 )
3142.696: I:0 (   0.000   0.000   0.000 ) T:220 (   0.700   2.253 278.271 367.871 367.871 367.871 )
3152.698: I:0 (   0.000   0.000   0.000 ) T:220 (   0.700   2.253 278.271 367.871 367.871 367.871 )
3162.697: I:0 (   0.000   0.000   0.000 ) T:220 (   0.700   2.253 278.271 367.871 367.871 367.871 )
3172.698: I:0 (   0.000   0.000   0.000 ) T:220 (   0.700   2.253 278.271 367.871 367.871 367.871 )
3182.700: I:2 (   0.533   0.597   0.597 ) T:222 (   0.699   2.253 278.271 367.871 367.871 367.871 )
3192.696: I:1 (   0.116   0.116   0.116 ) T:223 (   0.699   2.253 278.271 367.871 367.871 367.871 )
3202.696: I:1 (   0.500   0.500   0.500 ) T:224 (   0.695   2.253 278.271 367.871 367.871 367.871 )
3212.696: I:3 (   0.453   0.536   0.536 ) T:227 (   0.694   2.253 278.271 367.871 367.871 367.871 )
3222.697: I:1 (   0.509   0.509   0.509 ) T:228 (   0.692   2.253 278.271 367.871 367.871 367.871 )
3232.698: I:1 (   0.484   0.484   0.484 ) T:229 (   0.692   2.253 278.271 367.871 367.871 367.871 )
3242.699: I:0 (   0.000   0.000   0.000 ) T:229 (   0.692   2.253 278.271 367.871 367.871 367.871 )
3252.707: I:0 (   0.000   0.000   0.000 ) T:229 (   0.692   2.253 278.271 367.871 367.871 367.871 )
3262.698: I:0 (   0.000   0.000   0.000 ) T:229 (   0.692   2.253 278.271 367.871 367.871 367.871 )
3272.697: I:0 (   0.000   0.000   0.000 ) T:229 (   0.692   2.253 278.271 367.871 367.871 367.871 )
3282.697: I:1 (   0.562   0.562   0.562 ) T:230 (   0.684   1.724 278.271 367.871 367.871 367.871 )
3292.696: I:1 (   0.528   0.528   0.528 ) T:231 (   0.684   1.724 278.271 367.871 367.871 367.871 )
3302.705: I:0 (   0.000   0.000   0.000 ) T:231 (   0.684   1.724 278.271 367.871 367.871 367.871 )
3312.697: I:0 (   0.000   0.000   0.000 ) T:231 (   0.684   1.724 278.271 367.871 367.871 367.871 )
3322.697: I:0 (   0.000   0.000   0.000 ) T:231 (   0.684   1.724 278.271 367.871 367.871 367.871 )
3332.696: I:1 (   0.370   0.370   0.370 ) T:232 (   0.678   1.724 278.271 367.871 367.871 367.871 )
3342.700: I:0 (   0.000   0.000   0.000 ) T:232 (   0.678   1.724 278.271 367.871 367.871 367.871 )
3352.691: I:1 (   0.592   0.592   0.592 ) T:233 (   0.678   1.724 278.271 367.871 367.871 367.871 )
3362.703: I:3 (   0.481 216.063 216.063 ) T:236 (   0.676   2.253 278.271 367.871 367.871 367.871 )
3372.696: I:0 (   0.000   0.000   0.000 ) T:236 (   0.676   2.253 278.271 367.871 367.871 367.871 )
3382.705: I:1 ( 205.055 205.055 205.055 ) T:237 (   0.678  83.007 278.271 367.871 367.871 367.871 )
3392.695: I:0 (   0.000   0.000   0.000 ) T:237 (   0.678  83.007 278.271 367.871 367.871 367.871 )
3402.690: I:0 (   0.000   0.000   0.000 ) T:237 (   0.678  83.007 278.271 367.871 367.871 367.871 )
3412.697: I:0 (   0.000   0.000   0.000 ) T:237 (   0.678  83.007 278.271 367.871 367.871 367.871 )
3422.698: I:2 (   0.522   0.539   0.539 ) T:239 (   0.676  83.007 278.271 367.871 367.871 367.871 )
3432.697: I:0 (   0.000   0.000   0.000 ) T:239 (   0.676  83.007 278.271 367.871 367.871 367.871 )
3442.699: I:0 (   0.000   0.000   0.000 ) T:239 (   0.676  83.007 278.271 367.871 367.871 367.871 )
3452.697: I:2 (   0.512   0.571   0.571 ) T:241 (   0.674   2.253 278.271 367.871 367.871 367.871 )
3462.696: I:3 (   0.524   0.605   0.605 ) T:244 (   0.671   2.253 278.271 367.871 367.871 367.871 )
3472.701: I:0 (   0.000   0.000   0.000 ) T:244 (   0.671   2.253 278.271 367.871 367.871 367.871 )
3482.697: I:0 (   0.000   0.000   0.000 ) T:244 (   0.671   2.253 278.271 367.871 367.871 367.871 )
3492.699: I:0 (   0.000   0.000   0.000 ) T:244 (   0.671   2.253 278.271 367.871 367.871 367.871 )
3502.697: I:0 (   0.000   0.000   0.000 ) T:244 (   0.671   2.253 278.271 367.871 367.871 367.871 )
3510.149: I:0 (   0.000   0.000   0.000 ) T:244 (   0.671   2.253 278.271 367.871 367.871 367.871 )
3510.206: I:0 (   0.000   0.000   0.000 ) T:244 (   0.671   2.253 278.271 367.871 367.871 367.871 )
