#[Interval percentile log between 0.000 and <Infinite> seconds (relative to StartTime)]
#[StartTime: 1524886714.062 (seconds since epoch), Sat Apr 28 05:38:34 CEST 2018]
Time: IntervalPercentiles:count ( 50% 90% Max ) TotalPercentiles:count ( 50% 90% 99% 99.9% 99.99% Max )
9.987: I:1 (   0.000   0.000   0.000 ) T:1 (   0.000   0.000   0.000   0.000   0.000   0.000 )
19.967: I:1 (   0.008   0.008   0.008 ) T:2 (   0.000   0.008   0.008   0.008   0.008   0.008 )
29.961: I:1 (   0.000   0.000   0.000 ) T:3 (   0.000   0.008   0.008   0.008   0.008   0.008 )
39.959: I:1 (   0.005   0.005   0.005 ) T:4 (   0.000   0.008   0.008   0.008   0.008   0.008 )
49.958: I:1 (   0.000   0.000   0.000 ) T:5 (   0.000   0.008   0.008   0.008   0.008   0.008 )
59.962: I:1 (   0.000   0.000   0.000 ) T:6 (   0.000   0.008   0.008   0.008   0.008   0.008 )
69.961: I:1 (   0.004   0.004   0.004 ) T:7 (   0.000   0.008   0.008   0.008   0.008   0.008 )
79.965: I:1 (   0.000   0.000   0.000 ) T:8 (   0.000   0.008   0.008   0.008   0.008   0.008 )
89.959: I:1 (   0.004   0.004   0.004 ) T:9 (   0.000   0.008   0.008   0.008   0.008   0.008 )
99.963: I:1 (   0.000   0.000   0.000 ) T:10 (   0.000   0.005   0.008   0.008   0.008   0.008 )
109.959: I:1 (   0.005   0.005   0.005 ) T:11 (   0.000   0.005   0.008   0.008   0.008   0.008 )
119.961: I:1 (   0.000   0.000   0.000 ) T:12 (   0.000   0.005   0.008   0.008   0.008   0.008 )
129.963: I:1 (   0.004   0.004   0.004 ) T:13 (   0.000   0.005   0.008   0.008   0.008   0.008 )
139.966: I:1 (   0.000   0.000   0.000 ) T:14 (   0.000   0.005   0.008   0.008   0.008   0.008 )
149.959: I:1 (   0.005   0.005   0.005 ) T:15 (   0.000   0.005   0.008   0.008   0.008   0.008 )
159.959: I:1 (   0.000   0.000   0.000 ) T:16 (   0.000   0.005   0.008   0.008   0.008   0.008 )
169.959: I:1 (   0.002   0.002   0.002 ) T:17 (   0.000   0.005   0.008   0.008   0.008   0.008 )
179.963: I:1 (   0.000   0.000   0.000 ) T:18 (   0.000   0.005   0.008   0.008   0.008   0.008 )
189.959: I:1 (   0.001   0.001   0.001 ) T:19 (   0.000   0.005   0.008   0.008   0.008   0.008 )
199.960: I:1 (   0.000   0.000   0.000 ) T:20 (   0.000   0.005   0.008   0.008   0.008   0.008 )
209.957: I:1 (   0.002   0.002   0.002 ) T:21 (   0.000   0.005   0.008   0.008   0.008   0.008 )
219.968: I:1 (   0.000   0.000   0.000 ) T:22 (   0.000   0.005   0.008   0.008   0.008   0.008 )
229.957: I:1 (   0.002   0.002   0.002 ) T:23 (   0.000   0.005   0.008   0.008   0.008   0.008 )
239.961: I:1 (   0.000   0.000   0.000 ) T:24 (   0.000   0.005   0.008   0.008   0.008   0.008 )
249.959: I:1 (   0.001   0.001   0.001 ) T:25 (   0.000   0.005   0.008   0.008   0.008   0.008 )
259.966: I:1 (   0.000   0.000   0.000 ) T:26 (   0.000   0.005   0.008   0.008   0.008   0.008 )
269.959: I:1 (   0.002   0.002   0.002 ) T:27 (   0.000   0.005   0.008   0.008   0.008   0.008 )
279.961: I:1 (   0.000   0.000   0.000 ) T:28 (   0.000   0.005   0.008   0.008   0.008   0.008 )
289.962: I:1 (   0.000   0.000   0.000 ) T:29 (   0.000   0.005   0.008   0.008   0.008   0.008 )
299.958: I:1 (   0.002   0.002   0.002 ) T:30 (   0.000   0.005   0.008   0.008   0.008   0.008 )
309.958: I:1 (   0.000   0.000   0.000 ) T:31 (   0.000   0.005   0.008   0.008   0.008   0.008 )
319.959: I:1 (   0.002   0.002   0.002 ) T:32 (   0.000   0.005   0.008   0.008   0.008   0.008 )
329.960: I:1 (   0.000   0.000   0.000 ) T:33 (   0.000   0.005   0.008   0.008   0.008   0.008 )
339.960: I:1 (   0.002   0.002   0.002 ) T:34 (   0.000   0.005   0.008   0.008   0.008   0.008 )
349.959: I:1 (   0.000   0.000   0.000 ) T:35 (   0.000   0.005   0.008   0.008   0.008   0.008 )
359.959: I:1 (   0.001   0.001   0.001 ) T:36 (   0.000   0.005   0.008   0.008   0.008   0.008 )
369.958: I:1 (   0.000   0.000   0.000 ) T:37 (   0.000   0.005   0.008   0.008   0.008   0.008 )
379.956: I:1 (   0.002   0.002   0.002 ) T:38 (   0.000   0.005   0.008   0.008   0.008   0.008 )
389.958: I:1 (   0.000   0.000   0.000 ) T:39 (   0.000   0.005   0.008   0.008   0.008   0.008 )
399.964: I:1 (   0.002   0.002   0.002 ) T:40 (   0.000   0.004   0.008   0.008   0.008   0.008 )
409.959: I:1 (   0.000   0.000   0.000 ) T:41 (   0.000   0.004   0.008   0.008   0.008   0.008 )
419.959: I:1 (   0.002   0.002   0.002 ) T:42 (   0.000   0.004   0.008   0.008   0.008   0.008 )
429.958: I:1 (   0.001   0.001   0.001 ) T:43 (   0.000   0.004   0.008   0.008   0.008   0.008 )
439.959: I:1 (   0.000   0.000   0.000 ) T:44 (   0.000   0.004   0.008   0.008   0.008   0.008 )
449.956: I:1 (   0.002   0.002   0.002 ) T:45 (   0.000   0.004   0.008   0.008   0.008   0.008 )
459.963: I:1 (   0.000   0.000   0.000 ) T:46 (   0.000   0.004   0.008   0.008   0.008   0.008 )
469.958: I:1 (   0.002   0.002   0.002 ) T:47 (   0.000   0.004   0.008   0.008   0.008   0.008 )
479.958: I:1 (   0.000   0.000   0.000 ) T:48 (   0.000   0.004   0.008   0.008   0.008   0.008 )
489.958: I:1 (   0.001   0.001   0.001 ) T:49 (   0.000   0.004   0.008   0.008   0.008   0.008 )
499.962: I:1 (   0.000   0.000   0.000 ) T:50 (   0.000   0.004   0.008   0.008   0.008   0.008 )
509.959: I:1 (   0.002   0.002   0.002 ) T:51 (   0.000   0.004   0.008   0.008   0.008   0.008 )
519.962: I:1 (   0.002   0.002   0.002 ) T:52 (   0.000   0.004   0.008   0.008   0.008   0.008 )
529.959: I:1 (   0.000   0.000   0.000 ) T:53 (   0.000   0.004   0.008   0.008   0.008   0.008 )
539.962: I:1 (   0.002   0.002   0.002 ) T:54 (   0.000   0.004   0.008   0.008   0.008   0.008 )
549.962: I:1 (   0.000   0.000   0.000 ) T:55 (   0.000   0.004   0.008   0.008   0.008   0.008 )
559.959: I:1 (   0.002   0.002   0.002 ) T:56 (   0.000   0.004   0.008   0.008   0.008   0.008 )
569.959: I:1 (   0.001   0.001   0.001 ) T:57 (   0.001   0.004   0.008   0.008   0.008   0.008 )
579.959: I:1 (   0.000   0.000   0.000 ) T:58 (   0.000   0.004   0.008   0.008   0.008   0.008 )
589.959: I:1 (   0.002   0.002   0.002 ) T:59 (   0.001   0.004   0.008   0.008   0.008   0.008 )
599.958: I:1 (   0.000   0.000   0.000 ) T:60 (   0.000   0.004   0.008   0.008   0.008   0.008 )
609.962: I:1 (   0.002   0.002   0.002 ) T:61 (   0.001   0.004   0.008   0.008   0.008   0.008 )
619.962: I:1 (   0.001   0.001   0.001 ) T:62 (   0.001   0.004   0.008   0.008   0.008   0.008 )
629.959: I:1 (   0.000   0.000   0.000 ) T:63 (   0.001   0.004   0.008   0.008   0.008   0.008 )
639.958: I:1 (   0.003   0.003   0.003 ) T:64 (   0.001   0.004   0.008   0.008   0.008   0.008 )
649.959: I:1 (   0.001   0.001   0.001 ) T:65 (   0.001   0.004   0.008   0.008   0.008   0.008 )
659.962: I:1 (   0.000   0.000   0.000 ) T:66 (   0.001   0.004   0.008   0.008   0.008   0.008 )
669.958: I:1 (   0.002   0.002   0.002 ) T:67 (   0.001   0.004   0.008   0.008   0.008   0.008 )
679.957: I:1 (   0.002   0.002   0.002 ) T:68 (   0.001   0.004   0.008   0.008   0.008   0.008 )
689.962: I:1 (   0.000   0.000   0.000 ) T:69 (   0.001   0.004   0.008   0.008   0.008   0.008 )
699.959: I:1 (   0.002   0.002   0.002 ) T:70 (   0.001   0.003   0.008   0.008   0.008   0.008 )
709.959: I:1 (   0.001   0.001   0.001 ) T:71 (   0.001   0.003   0.008   0.008   0.008   0.008 )
719.959: I:1 (   0.000   0.000   0.000 ) T:72 (   0.001   0.003   0.008   0.008   0.008   0.008 )
729.959: I:1 (   0.002   0.002   0.002 ) T:73 (   0.001   0.003   0.008   0.008   0.008   0.008 )
739.959: I:1 (   0.001   0.001   0.001 ) T:74 (   0.001   0.003   0.008   0.008   0.008   0.008 )
749.959: I:1 (   0.000   0.000   0.000 ) T:75 (   0.001   0.003   0.008   0.008   0.008   0.008 )
759.959: I:1 (   0.003   0.003   0.003 ) T:76 (   0.001   0.003   0.008   0.008   0.008   0.008 )
769.959: I:1 (   0.001   0.001   0.001 ) T:77 (   0.001   0.003   0.008   0.008   0.008   0.008 )
779.961: I:1 (   0.000   0.000   0.000 ) T:78 (   0.001   0.003   0.008   0.008   0.008   0.008 )
789.965: I:1 (   0.002   0.002   0.002 ) T:79 (   0.001   0.003   0.008   0.008   0.008   0.008 )
799.959: I:1 (   0.002   0.002   0.002 ) T:80 (   0.001   0.003   0.008   0.008   0.008   0.008 )
809.961: I:1 (   0.001   0.001   0.001 ) T:81 (   0.001   0.003   0.008   0.008   0.008   0.008 )
819.965: I:1 (   0.002   0.002   0.002 ) T:82 (   0.001   0.003   0.008   0.008   0.008   0.008 )
829.959: I:1 (   0.002   0.002   0.002 ) T:83 (   0.001   0.003   0.008   0.008   0.008   0.008 )
839.959: I:1 (   0.000   0.000   0.000 ) T:84 (   0.001   0.003   0.008   0.008   0.008   0.008 )
849.962: I:1 (   0.000   0.000   0.000 ) T:85 (   0.001   0.003   0.008   0.008   0.008   0.008 )
859.966: I:1 (   0.002   0.002   0.002 ) T:86 (   0.001   0.003   0.008   0.008   0.008   0.008 )
869.959: I:1 (   0.001   0.001   0.001 ) T:87 (   0.001   0.003   0.008   0.008   0.008   0.008 )
879.959: I:1 (   0.000   0.000   0.000 ) T:88 (   0.001   0.003   0.008   0.008   0.008   0.008 )
889.957: I:1 (   0.002   0.002   0.002 ) T:89 (   0.001   0.003   0.008   0.008   0.008   0.008 )
899.959: I:1 (   0.001   0.001   0.001 ) T:90 (   0.001   0.002   0.008   0.008   0.008   0.008 )
909.959: I:1 (   0.000   0.000   0.000 ) T:91 (   0.001   0.002   0.008   0.008   0.008   0.008 )
919.959: I:1 (   0.002   0.002   0.002 ) T:92 (   0.001   0.002   0.008   0.008   0.008   0.008 )
929.958: I:1 (   0.000   0.000   0.000 ) T:93 (   0.001   0.002   0.008   0.008   0.008   0.008 )
939.965: I:1 (   0.001   0.001   0.001 ) T:94 (   0.001   0.002   0.008   0.008   0.008   0.008 )
949.959: I:1 (   0.000   0.000   0.000 ) T:95 (   0.001   0.002   0.008   0.008   0.008   0.008 )
959.959: I:1 (   0.002   0.002   0.002 ) T:96 (   0.001   0.002   0.008   0.008   0.008   0.008 )
969.958: I:1 (   0.000   0.000   0.000 ) T:97 (   0.001   0.002   0.008   0.008   0.008   0.008 )
979.957: I:1 (   0.002   0.002   0.002 ) T:98 (   0.001   0.002   0.008   0.008   0.008   0.008 )
989.957: I:1 (   0.002   0.002   0.002 ) T:99 (   0.001   0.002   0.008   0.008   0.008   0.008 )
999.959: I:1 (   0.000   0.000   0.000 ) T:100 (   0.001   0.002   0.005   0.008   0.008   0.008 )
1009.958: I:1 (   0.001   0.001   0.001 ) T:101 (   0.001   0.002   0.005   0.008   0.008   0.008 )
1019.958: I:1 (   0.000   0.000   0.000 ) T:102 (   0.001   0.002   0.005   0.008   0.008   0.008 )
1029.958: I:1 (   0.002   0.002   0.002 ) T:103 (   0.001   0.002   0.005   0.008   0.008   0.008 )
1039.960: I:1 (   0.000   0.000   0.000 ) T:104 (   0.001   0.002   0.005   0.008   0.008   0.008 )
1049.961: I:1 (   0.002   0.002   0.002 ) T:105 (   0.001   0.002   0.005   0.008   0.008   0.008 )
1059.961: I:1 (   0.001   0.001   0.001 ) T:106 (   0.001   0.002   0.005   0.008   0.008   0.008 )
1069.959: I:1 (   0.000   0.000   0.000 ) T:107 (   0.001   0.002   0.005   0.008   0.008   0.008 )
1079.962: I:1 (   0.002   0.002   0.002 ) T:108 (   0.001   0.002   0.005   0.008   0.008   0.008 )
1089.962: I:1 (   0.001   0.001   0.001 ) T:109 (   0.001   0.002   0.005   0.008   0.008   0.008 )
1099.958: I:1 (   0.002   0.002   0.002 ) T:110 (   0.001   0.002   0.005   0.008   0.008   0.008 )
1109.959: I:1 (   0.001   0.001   0.001 ) T:111 (   0.001   0.002   0.005   0.008   0.008   0.008 )
1119.961: I:1 (   0.002   0.002   0.002 ) T:112 (   0.001   0.002   0.005   0.008   0.008   0.008 )
1129.959: I:1 (   0.002   0.002   0.002 ) T:113 (   0.001   0.002   0.005   0.008   0.008   0.008 )
1139.958: I:1 (   0.000   0.000   0.000 ) T:114 (   0.001   0.002   0.005   0.008   0.008   0.008 )
1149.958: I:1 (   0.002   0.002   0.002 ) T:115 (   0.001   0.002   0.005   0.008   0.008   0.008 )
1159.956: I:1 (   0.002   0.002   0.002 ) T:116 (   0.001   0.002   0.005   0.008   0.008   0.008 )
1169.958: I:1 (   0.001   0.001   0.001 ) T:117 (   0.001   0.002   0.005   0.008   0.008   0.008 )
1179.958: I:1 (   0.002   0.002   0.002 ) T:118 (   0.001   0.002   0.005   0.008   0.008   0.008 )
1189.962: I:1 (   0.000   0.000   0.000 ) T:119 (   0.001   0.002   0.005   0.008   0.008   0.008 )
1199.962: I:1 (   0.002   0.002   0.002 ) T:120 (   0.001   0.002   0.005   0.008   0.008   0.008 )
1209.959: I:1 (   0.002   0.002   0.002 ) T:121 (   0.001   0.002   0.005   0.008   0.008   0.008 )
1219.959: I:1 (   0.002   0.002   0.002 ) T:122 (   0.001   0.002   0.005   0.008   0.008   0.008 )
1229.958: I:1 (   0.002   0.002   0.002 ) T:123 (   0.001   0.002   0.005   0.008   0.008   0.008 )
1239.958: I:1 (   0.002   0.002   0.002 ) T:124 (   0.001   0.002   0.005   0.008   0.008   0.008 )
1249.965: I:1 (   0.001   0.001   0.001 ) T:125 (   0.001   0.002   0.005   0.008   0.008   0.008 )
1259.959: I:1 (   0.000   0.000   0.000 ) T:126 (   0.001   0.002   0.005   0.008   0.008   0.008 )
1269.959: I:1 (   0.002   0.002   0.002 ) T:127 (   0.001   0.002   0.005   0.008   0.008   0.008 )
1279.958: I:1 (   0.002   0.002   0.002 ) T:128 (   0.001   0.002   0.005   0.008   0.008   0.008 )
1289.958: I:1 (   0.001   0.001   0.001 ) T:129 (   0.001   0.002   0.005   0.008   0.008   0.008 )
1299.959: I:1 (   0.002   0.002   0.002 ) T:130 (   0.001   0.002   0.005   0.008   0.008   0.008 )
1309.963: I:1 (   0.000   0.000   0.000 ) T:131 (   0.001   0.002   0.005   0.008   0.008   0.008 )
1319.959: I:1 (   0.002   0.002   0.002 ) T:132 (   0.001   0.002   0.005   0.008   0.008   0.008 )
1329.958: I:1 (   0.002   0.002   0.002 ) T:133 (   0.001   0.002   0.005   0.008   0.008   0.008 )
1339.960: I:1 (   0.003   0.003   0.003 ) T:134 (   0.001   0.002   0.005   0.008   0.008   0.008 )
1349.959: I:1 (   0.002   0.002   0.002 ) T:135 (   0.001   0.002   0.005   0.008   0.008   0.008 )
1359.959: I:1 (   0.000   0.000   0.000 ) T:136 (   0.001   0.002   0.005   0.008   0.008   0.008 )
1369.965: I:1 (   0.002   0.002   0.002 ) T:137 (   0.001   0.002   0.005   0.008   0.008   0.008 )
1379.962: I:1 (   0.001   0.001   0.001 ) T:138 (   0.001   0.002   0.005   0.008   0.008   0.008 )
1389.958: I:1 (   0.003   0.003   0.003 ) T:139 (   0.001   0.002   0.005   0.008   0.008   0.008 )
1399.958: I:1 (   0.001   0.001   0.001 ) T:140 (   0.001   0.002   0.005   0.008   0.008   0.008 )
1409.960: I:1 (   0.002   0.002   0.002 ) T:141 (   0.001   0.002   0.005   0.008   0.008   0.008 )
1419.959: I:1 (   0.000   0.000   0.000 ) T:142 (   0.001   0.002   0.005   0.008   0.008   0.008 )
1429.966: I:1 (   0.002   0.002   0.002 ) T:143 (   0.001   0.002   0.005   0.008   0.008   0.008 )
1439.960: I:1 (   0.002   0.002   0.002 ) T:144 (   0.001   0.002   0.005   0.008   0.008   0.008 )
1449.956: I:1 (   0.002   0.002   0.002 ) T:145 (   0.001   0.002   0.005   0.008   0.008   0.008 )
1459.961: I:1 (   0.002   0.002   0.002 ) T:146 (   0.001   0.002   0.005   0.008   0.008   0.008 )
1469.959: I:1 (   0.001   0.001   0.001 ) T:147 (   0.001   0.002   0.005   0.008   0.008   0.008 )
1479.962: I:1 (   0.003   0.003   0.003 ) T:148 (   0.001   0.002   0.005   0.008   0.008   0.008 )
1489.959: I:1 (   0.002   0.002   0.002 ) T:149 (   0.001   0.002   0.005   0.008   0.008   0.008 )
1499.959: I:1 (   0.001   0.001   0.001 ) T:150 (   0.001   0.002   0.005   0.008   0.008   0.008 )
1509.958: I:1 (   0.002   0.002   0.002 ) T:151 (   0.001   0.002   0.005   0.008   0.008   0.008 )
1519.962: I:1 (   0.000   0.000   0.000 ) T:152 (   0.001   0.002   0.005   0.008   0.008   0.008 )
1529.962: I:1 (   0.003   0.003   0.003 ) T:153 (   0.001   0.002   0.005   0.008   0.008   0.008 )
1539.956: I:1 (   0.002   0.002   0.002 ) T:154 (   0.001   0.002   0.005   0.008   0.008   0.008 )
1549.958: I:1 (   0.002   0.002   0.002 ) T:155 (   0.001   0.002   0.005   0.008   0.008   0.008 )
1559.958: I:1 (   0.000   0.000   0.000 ) T:156 (   0.001   0.002   0.005   0.008   0.008   0.008 )
1569.956: I:1 (   0.001   0.001   0.001 ) T:157 (   0.001   0.002   0.005   0.008   0.008   0.008 )
1579.959: I:1 (   0.002   0.002   0.002 ) T:158 (   0.001   0.002   0.005   0.008   0.008   0.008 )
1589.959: I:1 (   0.002   0.002   0.002 ) T:159 (   0.001   0.002   0.005   0.008   0.008   0.008 )
1599.959: I:1 (   0.002   0.002   0.002 ) T:160 (   0.001   0.002   0.005   0.008   0.008   0.008 )
1609.959: I:1 (   0.000   0.000   0.000 ) T:161 (   0.001   0.002   0.005   0.008   0.008   0.008 )
1619.958: I:1 (   0.001   0.001   0.001 ) T:162 (   0.001   0.002   0.005   0.008   0.008   0.008 )
1629.959: I:1 (   0.002   0.002   0.002 ) T:163 (   0.001   0.002   0.005   0.008   0.008   0.008 )
1639.959: I:1 (   0.002   0.002   0.002 ) T:164 (   0.001   0.002   0.005   0.008   0.008   0.008 )
1649.959: I:1 (   0.002   0.002   0.002 ) T:165 (   0.001   0.002   0.005   0.008   0.008   0.008 )
1659.962: I:1 (   0.002   0.002   0.002 ) T:166 (   0.001   0.002   0.005   0.008   0.008   0.008 )
1669.961: I:1 (   0.002   0.002   0.002 ) T:167 (   0.001   0.002   0.005   0.008   0.008   0.008 )
1679.959: I:1 (   0.001   0.001   0.001 ) T:168 (   0.001   0.002   0.005   0.008   0.008   0.008 )
1689.961: I:1 (   0.002   0.002   0.002 ) T:169 (   0.001   0.002   0.005   0.008   0.008   0.008 )
1699.962: I:1 (   0.001   0.001   0.001 ) T:170 (   0.001   0.002   0.005   0.008   0.008   0.008 )
1709.964: I:1 (   0.002   0.002   0.002 ) T:171 (   0.001   0.002   0.005   0.008   0.008   0.008 )
1719.961: I:1 (   0.000   0.000   0.000 ) T:172 (   0.001   0.002   0.005   0.008   0.008   0.008 )
1729.961: I:1 (   0.003   0.003   0.003 ) T:173 (   0.001   0.002   0.005   0.008   0.008   0.008 )
1739.962: I:1 (   0.037   0.037   0.037 ) T:174 (   0.001   0.002   0.008   0.037   0.037   0.037 )
1749.965: I:1 (   0.001   0.001   0.001 ) T:175 (   0.001   0.002   0.008   0.037   0.037   0.037 )
1759.959: I:1 (   0.000   0.000   0.000 ) T:176 (   0.001   0.002   0.008   0.037   0.037   0.037 )
1769.959: I:1 (   0.002   0.002   0.002 ) T:177 (   0.001   0.002   0.008   0.037   0.037   0.037 )
1779.959: I:1 (   0.002   0.002   0.002 ) T:178 (   0.001   0.002   0.008   0.037   0.037   0.037 )
1789.959: I:1 (   0.002   0.002   0.002 ) T:179 (   0.002   0.002   0.008   0.037   0.037   0.037 )
1799.966: I:1 (   0.001   0.001   0.001 ) T:180 (   0.001   0.002   0.008   0.037   0.037   0.037 )
1809.959: I:1 (   0.002   0.002   0.002 ) T:181 (   0.002   0.002   0.008   0.037   0.037   0.037 )
1819.958: I:1 (   0.000   0.000   0.000 ) T:182 (   0.001   0.002   0.008   0.037   0.037   0.037 )
1829.958: I:1 (   0.002   0.002   0.002 ) T:183 (   0.002   0.002   0.008   0.037   0.037   0.037 )
1839.958: I:1 (   0.001   0.001   0.001 ) T:184 (   0.001   0.002   0.008   0.037   0.037   0.037 )
1849.961: I:1 (   0.002   0.002   0.002 ) T:185 (   0.002   0.002   0.008   0.037   0.037   0.037 )
1859.959: I:1 (   0.002   0.002   0.002 ) T:186 (   0.002   0.002   0.008   0.037   0.037   0.037 )
1869.961: I:1 (   0.002   0.002   0.002 ) T:187 (   0.002   0.002   0.008   0.037   0.037   0.037 )
1879.958: I:1 (   0.001   0.001   0.001 ) T:188 (   0.002   0.002   0.008   0.037   0.037   0.037 )
1889.957: I:1 (   0.000   0.000   0.000 ) T:189 (   0.002   0.002   0.008   0.037   0.037   0.037 )
1899.958: I:1 (   0.002   0.002   0.002 ) T:190 (   0.002   0.002   0.008   0.037   0.037   0.037 )
1909.958: I:1 (   0.002   0.002   0.002 ) T:191 (   0.002   0.002   0.008   0.037   0.037   0.037 )
1919.963: I:1 (   0.001   0.001   0.001 ) T:192 (   0.002   0.002   0.008   0.037   0.037   0.037 )
1929.958: I:1 (   0.002   0.002   0.002 ) T:193 (   0.002   0.002   0.008   0.037   0.037   0.037 )
1939.968: I:1 (   0.002   0.002   0.002 ) T:194 (   0.002   0.002   0.008   0.037   0.037   0.037 )
1949.956: I:1 (   0.002   0.002   0.002 ) T:195 (   0.002   0.002   0.008   0.037   0.037   0.037 )
1959.958: I:1 (   0.000   0.000   0.000 ) T:196 (   0.002   0.002   0.008   0.037   0.037   0.037 )
1969.959: I:1 (   0.003   0.003   0.003 ) T:197 (   0.002   0.002   0.008   0.037   0.037   0.037 )
1979.965: I:1 (   0.002   0.002   0.002 ) T:198 (   0.002   0.002   0.008   0.037   0.037   0.037 )
1989.956: I:1 (   0.000   0.000   0.000 ) T:199 (   0.002   0.002   0.008   0.037   0.037   0.037 )
1999.958: I:1 (   0.002   0.002   0.002 ) T:200 (   0.002   0.002   0.005   0.037   0.037   0.037 )
2009.958: I:1 (   0.002   0.002   0.002 ) T:201 (   0.002   0.002   0.005   0.037   0.037   0.037 )
2019.958: I:1 (   0.002   0.002   0.002 ) T:202 (   0.002   0.002   0.005   0.037   0.037   0.037 )
2029.958: I:1 (   0.001   0.001   0.001 ) T:203 (   0.002   0.002   0.005   0.037   0.037   0.037 )
2039.958: I:1 (   0.002   0.002   0.002 ) T:204 (   0.002   0.002   0.005   0.037   0.037   0.037 )
2049.965: I:1 (   0.002   0.002   0.002 ) T:205 (   0.002   0.002   0.005   0.037   0.037   0.037 )
2059.958: I:1 (   0.001   0.001   0.001 ) T:206 (   0.002   0.002   0.005   0.037   0.037   0.037 )
2069.966: I:1 (   0.002   0.002   0.002 ) T:207 (   0.002   0.002   0.005   0.037   0.037   0.037 )
2079.958: I:1 (   0.000   0.000   0.000 ) T:208 (   0.002   0.002   0.005   0.037   0.037   0.037 )
2089.961: I:1 (   0.002   0.002   0.002 ) T:209 (   0.002   0.002   0.005   0.037   0.037   0.037 )
2099.959: I:1 (   0.004   0.004   0.004 ) T:210 (   0.002   0.002   0.005   0.037   0.037   0.037 )
2109.958: I:1 (   0.000   0.000   0.000 ) T:211 (   0.002   0.002   0.005   0.037   0.037   0.037 )
2119.959: I:1 (   0.023   0.023   0.023 ) T:212 (   0.002   0.002   0.008   0.037   0.037   0.037 )
2129.958: I:1 (   0.002   0.002   0.002 ) T:213 (   0.002   0.002   0.008   0.037   0.037   0.037 )
2139.958: I:1 (   0.001   0.001   0.001 ) T:214 (   0.002   0.002   0.008   0.037   0.037   0.037 )
2149.956: I:1 (   0.002   0.002   0.002 ) T:215 (   0.002   0.002   0.008   0.037   0.037   0.037 )
2159.963: I:1 (   0.001   0.001   0.001 ) T:216 (   0.002   0.002   0.008   0.037   0.037   0.037 )
2169.959: I:1 (   0.002   0.002   0.002 ) T:217 (   0.002   0.002   0.008   0.037   0.037   0.037 )
2179.963: I:1 (   0.002   0.002   0.002 ) T:218 (   0.002   0.002   0.008   0.037   0.037   0.037 )
2189.961: I:1 (   0.001   0.001   0.001 ) T:219 (   0.002   0.002   0.008   0.037   0.037   0.037 )
2199.956: I:1 (   0.002   0.002   0.002 ) T:220 (   0.002   0.002   0.008   0.037   0.037   0.037 )
2209.958: I:1 (   0.002   0.002   0.002 ) T:221 (   0.002   0.002   0.008   0.037   0.037   0.037 )
2219.957: I:1 (   0.002   0.002   0.002 ) T:222 (   0.002   0.002   0.008   0.037   0.037   0.037 )
2229.960: I:1 (   0.003   0.003   0.003 ) T:223 (   0.002   0.002   0.008   0.037   0.037   0.037 )
2239.956: I:1 (   0.002   0.002   0.002 ) T:224 (   0.002   0.002   0.008   0.037   0.037   0.037 )
2249.961: I:1 (   0.002   0.002   0.002 ) T:225 (   0.002   0.002   0.008   0.037   0.037   0.037 )
2259.956: I:1 (   0.001   0.001   0.001 ) T:226 (   0.002   0.002   0.008   0.037   0.037   0.037 )
2269.965: I:1 (   0.002   0.002   0.002 ) T:227 (   0.002   0.002   0.008   0.037   0.037   0.037 )
2279.962: I:1 (   0.002   0.002   0.002 ) T:228 (   0.002   0.002   0.008   0.037   0.037   0.037 )
2289.962: I:1 (   0.002   0.002   0.002 ) T:229 (   0.002   0.002   0.008   0.037   0.037   0.037 )
2299.959: I:1 (   0.005   0.005   0.005 ) T:230 (   0.002   0.002   0.008   0.037   0.037   0.037 )
2309.959: I:1 (   0.002   0.002   0.002 ) T:231 (   0.002   0.002   0.008   0.037   0.037   0.037 )
2319.961: I:1 (   0.001   0.001   0.001 ) T:232 (   0.002   0.002   0.008   0.037   0.037   0.037 )
2329.958: I:1 (   0.004   0.004   0.004 ) T:233 (   0.002   0.002   0.008   0.037   0.037   0.037 )
2339.956: I:1 (   0.002   0.002   0.002 ) T:234 (   0.002   0.002   0.008   0.037   0.037   0.037 )
2349.959: I:1 (   0.000   0.000   0.000 ) T:235 (   0.002   0.002   0.008   0.037   0.037   0.037 )
2359.962: I:1 (   0.002   0.002   0.002 ) T:236 (   0.002   0.002   0.008   0.037   0.037   0.037 )
2369.961: I:1 (   0.001   0.001   0.001 ) T:237 (   0.002   0.002   0.008   0.037   0.037   0.037 )
2379.957: I:1 (   0.004   0.004   0.004 ) T:238 (   0.002   0.002   0.008   0.037   0.037   0.037 )
2389.960: I:1 (   0.001   0.001   0.001 ) T:239 (   0.002   0.002   0.008   0.037   0.037   0.037 )
2399.958: I:1 (   0.002   0.002   0.002 ) T:240 (   0.002   0.002   0.008   0.037   0.037   0.037 )
2409.960: I:1 (   0.018   0.018   0.018 ) T:241 (   0.002   0.002   0.018   0.037   0.037   0.037 )
2419.958: I:1 (   0.002   0.002   0.002 ) T:242 (   0.002   0.002   0.018   0.037   0.037   0.037 )
2429.959: I:1 (   0.000   0.000   0.000 ) T:243 (   0.002   0.002   0.018   0.037   0.037   0.037 )
2439.959: I:1 (   0.001   0.001   0.001 ) T:244 (   0.002   0.002   0.018   0.037   0.037   0.037 )
2449.962: I:1 (   0.002   0.002   0.002 ) T:245 (   0.002   0.002   0.018   0.037   0.037   0.037 )
2459.962: I:1 (   0.003   0.003   0.003 ) T:246 (   0.002   0.002   0.018   0.037   0.037   0.037 )
2469.959: I:1 (   0.002   0.002   0.002 ) T:247 (   0.002   0.002   0.018   0.037   0.037   0.037 )
2479.958: I:1 (   0.002   0.002   0.002 ) T:248 (   0.002   0.002   0.018   0.037   0.037   0.037 )
2489.962: I:1 (   0.001   0.001   0.001 ) T:249 (   0.002   0.002   0.018   0.037   0.037   0.037 )
2499.958: I:1 (   0.002   0.002   0.002 ) T:250 (   0.002   0.002   0.018   0.037   0.037   0.037 )
2509.958: I:1 (   0.001   0.001   0.001 ) T:251 (   0.002   0.002   0.018   0.037   0.037   0.037 )
2519.960: I:1 (   0.002   0.002   0.002 ) T:252 (   0.002   0.002   0.018   0.037   0.037   0.037 )
2529.959: I:1 (   0.002   0.002   0.002 ) T:253 (   0.002   0.002   0.018   0.037   0.037   0.037 )
2539.959: I:1 (   0.002   0.002   0.002 ) T:254 (   0.002   0.002   0.018   0.037   0.037   0.037 )
2549.958: I:1 (   0.001   0.001   0.001 ) T:255 (   0.002   0.002   0.018   0.037   0.037   0.037 )
2559.965: I:1 (   0.002   0.002   0.002 ) T:256 (   0.002   0.002   0.018   0.037   0.037   0.037 )
2569.959: I:1 (   0.000   0.000   0.000 ) T:257 (   0.002   0.002   0.018   0.037   0.037   0.037 )
2579.958: I:1 (   0.002   0.002   0.002 ) T:258 (   0.002   0.002   0.018   0.037   0.037   0.037 )
2589.957: I:1 (   0.001   0.001   0.001 ) T:259 (   0.002   0.002   0.018   0.037   0.037   0.037 )
2599.965: I:1 (   0.002   0.002   0.002 ) T:260 (   0.002   0.002   0.018   0.037   0.037   0.037 )
2609.959: I:1 (   0.002   0.002   0.002 ) T:261 (   0.002   0.002   0.018   0.037   0.037   0.037 )
2619.959: I:1 (   0.002   0.002   0.002 ) T:262 (   0.002   0.002   0.018   0.037   0.037   0.037 )
2629.964: I:1 (   0.001   0.001   0.001 ) T:263 (   0.002   0.002   0.018   0.037   0.037   0.037 )
2639.958: I:1 (   0.003   0.003   0.003 ) T:264 (   0.002   0.002   0.018   0.037   0.037   0.037 )
2649.961: I:1 (   0.002   0.002   0.002 ) T:265 (   0.002   0.002   0.018   0.037   0.037   0.037 )
2659.960: I:1 (   0.002   0.002   0.002 ) T:266 (   0.002   0.002   0.018   0.037   0.037   0.037 )
2669.959: I:1 (   0.001   0.001   0.001 ) T:267 (   0.002   0.002   0.018   0.037   0.037   0.037 )
2679.963: I:1 (   0.003   0.003   0.003 ) T:268 (   0.002   0.002   0.018   0.037   0.037   0.037 )
2689.958: I:1 (   0.002   0.002   0.002 ) T:269 (   0.002   0.002   0.018   0.037   0.037   0.037 )
2699.984: I:1 (   0.003   0.003   0.003 ) T:270 (   0.002   0.002   0.018   0.037   0.037   0.037 )
2709.965: I:1 (   0.021   0.021   0.021 ) T:271 (   0.002   0.003   0.021   0.037   0.037   0.037 )
2719.958: I:1 (   0.002   0.002   0.002 ) T:272 (   0.002   0.003   0.021   0.037   0.037   0.037 )
2729.958: I:1 (   0.001   0.001   0.001 ) T:273 (   0.002   0.003   0.021   0.037   0.037   0.037 )
2739.958: I:1 (   0.002   0.002   0.002 ) T:274 (   0.002   0.003   0.021   0.037   0.037   0.037 )
2749.959: I:1 (   0.000   0.000   0.000 ) T:275 (   0.002   0.003   0.021   0.037   0.037   0.037 )
2759.958: I:1 (   0.001   0.001   0.001 ) T:276 (   0.002   0.003   0.021   0.037   0.037   0.037 )
2769.962: I:1 (   0.002   0.002   0.002 ) T:277 (   0.002   0.003   0.021   0.037   0.037   0.037 )
2779.964: I:1 (   0.004   0.004   0.004 ) T:278 (   0.002   0.003   0.021   0.037   0.037   0.037 )
2789.956: I:1 (   0.000   0.000   0.000 ) T:279 (   0.002   0.003   0.021   0.037   0.037   0.037 )
2799.963: I:1 (   0.001   0.001   0.001 ) T:280 (   0.002   0.003   0.021   0.037   0.037   0.037 )
2809.959: I:1 (   0.004   0.004   0.004 ) T:281 (   0.002   0.003   0.021   0.037   0.037   0.037 )
2819.961: I:1 (   0.001   0.001   0.001 ) T:282 (   0.002   0.003   0.021   0.037   0.037   0.037 )
2829.958: I:1 (   0.002   0.002   0.002 ) T:283 (   0.002   0.003   0.021   0.037   0.037   0.037 )
2839.958: I:1 (   0.001   0.001   0.001 ) T:284 (   0.002   0.003   0.021   0.037   0.037   0.037 )
2849.956: I:1 (   0.002   0.002   0.002 ) T:285 (   0.002   0.003   0.021   0.037   0.037   0.037 )
2859.964: I:1 (   0.002   0.002   0.002 ) T:286 (   0.002   0.003   0.021   0.037   0.037   0.037 )
2869.958: I:1 (   0.001   0.001   0.001 ) T:287 (   0.002   0.003   0.021   0.037   0.037   0.037 )
2879.958: I:1 (   0.000   0.000   0.000 ) T:288 (   0.002   0.003   0.021   0.037   0.037   0.037 )
2889.959: I:1 (   0.002   0.002   0.002 ) T:289 (   0.002   0.003   0.021   0.037   0.037   0.037 )
2899.959: I:1 (   0.002   0.002   0.002 ) T:290 (   0.002   0.003   0.021   0.037   0.037   0.037 )
2909.959: I:1 (   0.002   0.002   0.002 ) T:291 (   0.002   0.003   0.021   0.037   0.037   0.037 )
2919.957: I:1 (   0.002   0.002   0.002 ) T:292 (   0.002   0.003   0.021   0.037   0.037   0.037 )
2929.958: I:1 (   0.001   0.001   0.001 ) T:293 (   0.002   0.003   0.021   0.037   0.037   0.037 )
2939.958: I:1 (   0.002   0.002   0.002 ) T:294 (   0.002   0.003   0.021   0.037   0.037   0.037 )
2949.957: I:1 (   0.001   0.001   0.001 ) T:295 (   0.002   0.003   0.021   0.037   0.037   0.037 )
2959.957: I:1 (   0.002   0.002   0.002 ) T:296 (   0.002   0.003   0.021   0.037   0.037   0.037 )
2969.956: I:1 (   0.002   0.002   0.002 ) T:297 (   0.002   0.003   0.021   0.037   0.037   0.037 )
2979.958: I:1 (   0.001   0.001   0.001 ) T:298 (   0.002   0.003   0.021   0.037   0.037   0.037 )
2989.958: I:1 (   0.000   0.000   0.000 ) T:299 (   0.002   0.003   0.021   0.037   0.037   0.037 )
2999.959: I:1 (   0.003   0.003   0.003 ) T:300 (   0.002   0.003   0.018   0.037   0.037   0.037 )
3009.964: I:1 (   0.002   0.002   0.002 ) T:301 (   0.002   0.003   0.018   0.037   0.037   0.037 )
3019.963: I:1 (   0.002   0.002   0.002 ) T:302 (   0.002   0.003   0.018   0.037   0.037   0.037 )
3029.962: I:1 (   0.021   0.021   0.021 ) T:303 (   0.002   0.003   0.021   0.037   0.037   0.037 )
3039.964: I:1 (   0.002   0.002   0.002 ) T:304 (   0.002   0.003   0.021   0.037   0.037   0.037 )
3049.957: I:1 (   0.002   0.002   0.002 ) T:305 (   0.002   0.003   0.021   0.037   0.037   0.037 )
3059.574: I:2 (   0.001   0.002   0.002 ) T:307 (   0.002   0.003   0.021   0.037   0.037   0.037 )
3059.625: I:0 (   0.000   0.000   0.000 ) T:307 (   0.002   0.003   0.021   0.037   0.037   0.037 )
