#[Interval percentile log between 0.000 and <Infinite> seconds (relative to StartTime)]
#[StartTime: 1525098320.400 (seconds since epoch), Mon Apr 30 16:25:20 CEST 2018]
Time: IntervalPercentiles:count ( 50% 90% Max ) TotalPercentiles:count ( 50% 90% 99% 99.9% 99.99% Max )
3.955: I:1674 (   0.123   0.308 201.471 ) T:1674 (   0.123   0.308   5.727 184.575 201.471 201.471 )
13.931: I:10680 (   0.050   0.074 294.911 ) T:12354 (   0.054   0.095   0.440 192.767 265.983 294.911 )
23.928: I:21523 (   0.040   0.048 553.983 ) T:33877 (   0.041   0.074   0.260 163.071 351.487 553.983 )
33.927: I:24189 (   0.041   0.043 836.607 ) T:58066 (   0.041   0.061   0.196 104.383 351.487 836.607 )
43.924: I:28702 (   0.040   0.043 499.199 ) T:86768 (   0.040   0.054   0.155  10.511 364.031 836.607 )
53.926: I:12533 (   0.042   0.062 727.039 ) T:99301 (   0.040   0.057   0.145  83.519 364.031 836.607 )
63.925: I:17545 (   0.041   0.060 540.159 ) T:116846 (   0.041   0.058   0.133  94.207 351.487 836.607 )
73.926: I:35654 (   0.040   0.043 672.255 ) T:152500 (   0.040   0.055   0.109   9.631 330.239 836.607 )
83.926: I:34673 (   0.041   0.043 960.511 ) T:187173 (   0.040   0.051   0.100   1.639 327.935 960.511 )
93.925: I:41773 (   0.040   0.043 661.503 ) T:228946 (   0.040   0.046   0.096   1.288 314.623 960.511 )
103.922: I:28829 (   0.040   0.043 934.399 ) T:257775 (   0.040   0.045   0.095   1.228 330.239 960.511 )
113.919: I:36633 (   0.040   0.043 688.639 ) T:294408 (   0.040   0.044   0.093   1.182 336.639 960.511 )
123.925: I:29669 (   0.040   0.043 603.135 ) T:324077 (   0.040   0.044   0.091   1.170 327.935 960.511 )
133.919: I:36989 (   0.041   0.044 916.479 ) T:361066 (   0.040   0.044   0.091   1.148 315.647 960.511 )
143.921: I:35100 (   0.041   0.043 933.375 ) T:396166 (   0.040   0.044   0.089   1.135 326.143 960.511 )
153.918: I:46197 (   0.041   0.044 644.095 ) T:442363 (   0.040   0.044   0.088   1.126 315.647 960.511 )
163.923: I:27053 (   0.041   0.045 916.479 ) T:469416 (   0.040   0.044   0.088   1.121 327.679 960.511 )
173.924: I:21284 (   0.041   0.044 709.119 ) T:490700 (   0.041   0.044   0.087   1.126 327.935 960.511 )
183.925: I:34133 (   0.042   0.044 644.607 ) T:524833 (   0.041   0.044   0.087   1.121 336.639 960.511 )
193.920: I:26363 (   0.041   0.045 700.415 ) T:551196 (   0.041   0.044   0.087   1.120 336.639 960.511 )
203.926: I:37848 (   0.041   0.044 1087.487 ) T:589044 (   0.041   0.044   0.086   1.115 336.639 1087.487 )
213.925: I:37840 (   0.042   0.045 725.503 ) T:626884 (   0.041   0.044   0.085   1.113 336.639 1087.487 )
223.922: I:21958 (   0.041   0.044 718.847 ) T:648842 (   0.041   0.044   0.085   1.114 347.647 1087.487 )
233.925: I:13162 (   0.042   0.045 1385.471 ) T:662004 (   0.041   0.044   0.084   1.115 344.063 1385.471 )
243.920: I:41397 (   0.042   0.045 456.191 ) T:703401 (   0.041   0.044   0.084   1.112 334.079 1385.471 )
253.921: I:41533 (   0.042   0.045 486.399 ) T:744934 (   0.041   0.044   0.083   1.110 343.807 1385.471 )
263.926: I:34403 (   0.041   0.044 640.511 ) T:779337 (   0.041   0.044   0.083   1.107 334.079 1385.471 )
273.921: I:39198 (   0.042   0.045 643.583 ) T:818535 (   0.041   0.044   0.082   1.104 336.639 1385.471 )
283.919: I:42857 (   0.042   0.045 571.391 ) T:861392 (   0.041   0.044   0.082   1.101 330.239 1385.471 )
293.918: I:48874 (   0.042   0.045 896.511 ) T:910266 (   0.041   0.044   0.081   1.097 315.647 1385.471 )
303.919: I:32542 (   0.042   0.045 1199.103 ) T:942808 (   0.041   0.044   0.081   1.096 315.647 1385.471 )
313.925: I:34656 (   0.041   0.044 382.719 ) T:977464 (   0.041   0.044   0.081   1.094 316.671 1385.471 )
323.926: I:11665 (   0.043   0.095 345.087 ) T:989129 (   0.041   0.044   0.086   1.097 316.671 1385.471 )
333.919: I:16383 (   0.042   0.057 810.495 ) T:1005512 (   0.041   0.045   0.087   1.097 316.671 1385.471 )
343.921: I:34701 (   0.041   0.044 860.159 ) T:1040213 (   0.041   0.045   0.087   1.096 326.143 1385.471 )
353.926: I:34616 (   0.042   0.044 478.975 ) T:1074829 (   0.041   0.044   0.087   1.093 315.647 1385.471 )
363.918: I:32631 (   0.041   0.044 1363.967 ) T:1107460 (   0.041   0.044   0.086   1.091 316.671 1385.471 )
373.919: I:40000 (   0.042   0.044 868.351 ) T:1147460 (   0.041   0.044   0.086   1.088 315.647 1385.471 )
383.920: I:43699 (   0.041   0.044 772.607 ) T:1191159 (   0.041   0.044   0.085   1.083 314.623 1385.471 )
393.924: I:39074 (   0.041   0.044 1203.199 ) T:1230233 (   0.041   0.044   0.085   1.080 313.343 1385.471 )
403.926: I:27368 (   0.042   0.045 433.151 ) T:1257601 (   0.041   0.044   0.085   1.080 313.599 1385.471 )
413.924: I:15891 (   0.043   0.061 582.143 ) T:1273492 (   0.041   0.044   0.085   1.082 313.343 1385.471 )
423.922: I:14608 (   0.042   0.063 300.543 ) T:1288100 (   0.041   0.045   0.086   1.086 310.271 1385.471 )
433.925: I:26624 (   0.041   0.044 876.543 ) T:1314724 (   0.041   0.045   0.086   1.086 309.759 1385.471 )
443.921: I:33049 (   0.042   0.044 860.159 ) T:1347773 (   0.041   0.045   0.086   1.082 310.271 1385.471 )
453.918: I:29508 (   0.041   0.044 446.463 ) T:1377281 (   0.041   0.045   0.086   1.081 314.623 1385.471 )
463.923: I:38256 (   0.041   0.044 736.255 ) T:1415537 (   0.041   0.044   0.085   1.078 314.623 1385.471 )
473.924: I:36877 (   0.042   0.044 1503.231 ) T:1452414 (   0.041   0.044   0.085   1.074 313.599 1503.231 )
483.925: I:33544 (   0.042   0.044 633.343 ) T:1485958 (   0.041   0.044   0.084   1.071 314.623 1503.231 )
493.927: I:14191 (   0.042   0.064 313.087 ) T:1500149 (   0.041   0.045   0.085   1.075 313.343 1503.231 )
503.926: I:10055 (   0.042   0.096 336.127 ) T:1510204 (   0.041   0.045   0.088   1.078 314.623 1503.231 )
513.964: I:37037 (   0.041   0.044 395.519 ) T:1547241 (   0.041   0.045   0.088   1.075 313.599 1503.231 )
523.921: I:32505 (   0.041   0.044 473.855 ) T:1579746 (   0.041   0.045   0.087   1.072 313.343 1503.231 )
533.922: I:12315 (   0.043   0.068 1006.079 ) T:1592061 (   0.041   0.045   0.088   1.075 313.599 1503.231 )
543.921: I:44314 (   0.041   0.044 1213.439 ) T:1636375 (   0.041   0.045   0.087   1.068 312.575 1503.231 )
553.921: I:34353 (   0.042   0.045 340.991 ) T:1670728 (   0.041   0.045   0.087   1.064 309.759 1503.231 )
563.925: I:23570 (   0.041   0.045 356.607 ) T:1694298 (   0.041   0.045   0.087   1.066 310.271 1503.231 )
573.926: I:27014 (   0.041   0.044 3553.279 ) T:1721312 (   0.041   0.045   0.087   1.061 309.759 3553.279 )
583.921: I:33217 (   0.042   0.044 2609.151 ) T:1754529 (   0.041   0.045   0.087   1.058 309.759 3553.279 )
593.925: I:36433 (   0.041   0.044 965.631 ) T:1790962 (   0.041   0.045   0.087   1.051 308.223 3553.279 )
603.921: I:37643 (   0.042   0.044 653.311 ) T:1828605 (   0.041   0.045   0.086   1.046 308.223 3553.279 )
613.925: I:31393 (   0.042   0.044 473.599 ) T:1859998 (   0.041   0.044   0.086   1.044 308.223 3553.279 )
623.920: I:13309 (   0.042   0.100 295.679 ) T:1873307 (   0.041   0.045   0.089   1.048 305.663 3553.279 )
633.923: I:30880 (   0.041   0.044 576.511 ) T:1904187 (   0.041   0.045   0.089   1.045 304.639 3553.279 )
643.925: I:22218 (   0.042   0.058 569.343 ) T:1926405 (   0.041   0.045   0.089   1.047 305.663 3553.279 )
653.926: I:15713 (   0.042   0.045 237.951 ) T:1942118 (   0.041   0.045   0.089   1.048 304.639 3553.279 )
663.925: I:16669 (   0.041   0.044 300.031 ) T:1958787 (   0.041   0.045   0.090   1.052 303.871 3553.279 )
673.919: I:31097 (   0.042   0.045 888.319 ) T:1989884 (   0.041   0.045   0.089   1.051 306.687 3553.279 )
683.921: I:38342 (   0.042   0.045 791.551 ) T:2028226 (   0.041   0.045   0.089   1.046 308.223 3553.279 )
693.919: I:40765 (   0.043   0.045 392.447 ) T:2068991 (   0.041   0.045   0.089   1.041 306.687 3553.279 )
703.918: I:41928 (   0.043   0.045 845.823 ) T:2110919 (   0.041   0.045   0.089   1.038 306.687 3553.279 )
713.925: I:40476 (   0.043   0.045 567.807 ) T:2151395 (   0.041   0.045   0.088   1.036 305.663 3553.279 )
723.919: I:29840 (   0.043   0.045 541.183 ) T:2181235 (   0.041   0.045   0.088   1.036 309.759 3553.279 )
733.918: I:24267 (   0.043   0.045 616.959 ) T:2205502 (   0.041   0.045   0.088   1.036 310.271 3553.279 )
743.926: I:33392 (   0.043   0.045 781.311 ) T:2238894 (   0.041   0.045   0.088   1.035 313.087 3553.279 )
753.925: I:32028 (   0.043   0.046 617.983 ) T:2270922 (   0.041   0.045   0.088   1.034 312.575 3553.279 )
763.925: I:37331 (   0.043   0.045 479.487 ) T:2308253 (   0.041   0.045   0.088   1.033 313.087 3553.279 )
773.918: I:27303 (   0.042   0.045 1643.519 ) T:2335556 (   0.041   0.045   0.087   1.033 313.599 3553.279 )
783.925: I:4558 (   0.045   0.051 1356.799 ) T:2340114 (   0.041   0.045   0.088   1.033 314.623 3553.279 )
793.923: I:816 (   0.044   0.087 8142.847 ) T:2340930 (   0.041   0.045   0.088   1.033 315.647 8142.847 )
803.919: I:7237 (   0.043   0.061 1262.591 ) T:2348167 (   0.041   0.045   0.088   1.034 326.143 8142.847 )
813.923: I:7249 (   0.042   0.045 5926.911 ) T:2355416 (   0.042   0.045   0.088   1.034 327.935 8142.847 )
823.926: I:18824 (   0.043   0.045 621.567 ) T:2374240 (   0.042   0.045   0.088   1.034 327.679 8142.847 )
833.919: I:18350 (   0.043   0.045 1404.927 ) T:2392590 (   0.042   0.045   0.088   1.034 326.655 8142.847 )
843.918: I:27622 (   0.043   0.047 296.703 ) T:2420212 (   0.042   0.045   0.088   1.033 325.119 8142.847 )
853.918: I:39881 (   0.042   0.045 854.527 ) T:2460093 (   0.042   0.045   0.087   1.032 325.119 8142.847 )
863.921: I:29678 (   0.043   0.046 634.367 ) T:2489771 (   0.042   0.045   0.087   1.032 326.143 8142.847 )
873.921: I:24272 (   0.044   0.046 367.871 ) T:2514043 (   0.042   0.045   0.087   1.032 326.143 8142.847 )
883.925: I:31531 (   0.043   0.046 377.855 ) T:2545574 (   0.042   0.045   0.087   1.031 325.119 8142.847 )
893.919: I:26330 (   0.044   0.046 495.103 ) T:2571904 (   0.042   0.045   0.087   1.031 327.935 8142.847 )
903.922: I:31620 (   0.043   0.046 1025.535 ) T:2603524 (   0.042   0.045   0.086   1.031 327.935 8142.847 )
913.923: I:30754 (   0.044   0.047 828.415 ) T:2634278 (   0.042   0.045   0.087   1.031 327.935 8142.847 )
923.924: I:21093 (   0.044   0.046 720.383 ) T:2655371 (   0.042   0.045   0.087   1.031 327.935 8142.847 )
933.918: I:36089 (   0.043   0.046 671.231 ) T:2691460 (   0.042   0.045   0.086   1.030 327.679 8142.847 )
943.922: I:31981 (   0.044   0.046 285.695 ) T:2723441 (   0.042   0.045   0.086   1.030 326.143 8142.847 )
953.925: I:21435 (   0.043   0.046 366.335 ) T:2744876 (   0.042   0.045   0.086   1.030 326.143 8142.847 )
963.919: I:33365 (   0.044   0.047 489.215 ) T:2778241 (   0.042   0.045   0.087   1.030 326.143 8142.847 )
973.921: I:39986 (   0.044   0.046 538.111 ) T:2818227 (   0.042   0.045   0.087   1.029 321.279 8142.847 )
983.919: I:31798 (   0.043   0.046 674.303 ) T:2850025 (   0.042   0.045   0.087   1.029 321.279 8142.847 )
993.921: I:26176 (   0.043   0.046 568.831 ) T:2876201 (   0.042   0.045   0.086   1.029 326.143 8142.847 )
1003.925: I:35330 (   0.044   0.046 651.263 ) T:2911531 (   0.042   0.045   0.086   1.029 321.279 8142.847 )
1013.918: I:42199 (   0.043   0.046 1219.583 ) T:2953730 (   0.042   0.045   0.086   1.028 319.743 8142.847 )
1023.919: I:26530 (   0.043   0.045 826.879 ) T:2980260 (   0.042   0.045   0.086   1.028 319.743 8142.847 )
1033.923: I:33081 (   0.043   0.046 506.367 ) T:3013341 (   0.042   0.045   0.085   1.028 319.743 8142.847 )
1043.994: I:33455 (   0.043   0.045 876.031 ) T:3046796 (   0.042   0.045   0.085   1.028 316.927 8142.847 )
1053.921: I:31708 (   0.043   0.045 487.679 ) T:3078504 (   0.042   0.045   0.085   1.028 316.671 8142.847 )
1063.925: I:40098 (   0.043   0.046 386.303 ) T:3118602 (   0.042   0.045   0.085   1.028 316.159 8142.847 )
1073.922: I:13850 (   0.042   0.046 897.535 ) T:3132452 (   0.042   0.045   0.085   1.028 316.671 8142.847 )
1083.918: I:32460 (   0.043   0.045 625.151 ) T:3164912 (   0.042   0.045   0.085   1.028 316.671 8142.847 )
1093.923: I:39301 (   0.043   0.045 1125.375 ) T:3204213 (   0.042   0.045   0.085   1.027 315.647 8142.847 )
1103.918: I:39534 (   0.043   0.046 1750.015 ) T:3243747 (   0.042   0.045   0.084   1.027 315.647 8142.847 )
1113.922: I:34741 (   0.043   0.045 590.847 ) T:3278488 (   0.042   0.045   0.084   1.026 315.647 8142.847 )
1123.925: I:28600 (   0.043   0.046 441.599 ) T:3307088 (   0.042   0.045   0.084   1.026 316.671 8142.847 )
1133.925: I:40872 (   0.043   0.045 749.055 ) T:3347960 (   0.042   0.045   0.084   1.026 316.671 8142.847 )
1143.925: I:39202 (   0.043   0.046 926.207 ) T:3387162 (   0.042   0.045   0.084   1.025 316.927 8142.847 )
1157.070: I:36698 (   0.043   0.045 3774.463 ) T:3423860 (   0.042   0.045   0.084   1.025 317.439 8142.847 )
1163.923: I:32456 (   0.043   0.046 817.151 ) T:3456316 (   0.042   0.045   0.084   1.025 316.671 8142.847 )
1173.919: I:40710 (   0.043   0.046 1072.127 ) T:3497026 (   0.042   0.045   0.083   1.024 316.671 8142.847 )
1183.919: I:36520 (   0.044   0.046 825.855 ) T:3533546 (   0.042   0.045   0.083   1.024 316.671 8142.847 )
1193.919: I:34332 (   0.043   0.046 1283.071 ) T:3567878 (   0.042   0.045   0.083   1.024 316.671 8142.847 )
1203.923: I:31941 (   0.043   0.046 506.111 ) T:3599819 (   0.042   0.045   0.083   1.024 316.671 8142.847 )
1213.922: I:35178 (   0.043   0.046 1569.791 ) T:3634997 (   0.042   0.045   0.083   1.024 315.647 8142.847 )
1223.918: I:32922 (   0.043   0.046 682.495 ) T:3667919 (   0.042   0.045   0.083   1.024 316.159 8142.847 )
1233.922: I:33202 (   0.044   0.046 760.831 ) T:3701121 (   0.042   0.045   0.083   1.023 315.647 8142.847 )
1243.919: I:33789 (   0.043   0.046 816.639 ) T:3734910 (   0.042   0.045   0.083   1.023 315.647 8142.847 )
1253.919: I:26562 (   0.043   0.047 812.543 ) T:3761472 (   0.042   0.045   0.083   1.023 316.671 8142.847 )
1263.919: I:30715 (   0.043   0.046 1170.431 ) T:3792187 (   0.042   0.045   0.082   1.023 316.671 8142.847 )
1273.922: I:13189 (   0.044   0.058 782.335 ) T:3805376 (   0.042   0.045   0.083   1.023 316.927 8142.847 )
1283.985: I:40685 (   0.044   0.046 391.423 ) T:3846061 (   0.042   0.045   0.083   1.023 316.159 8142.847 )
1293.918: I:38829 (   0.043   0.046 783.359 ) T:3884890 (   0.042   0.046   0.083   1.023 315.647 8142.847 )
1303.926: I:28832 (   0.043   0.045 568.831 ) T:3913722 (   0.042   0.045   0.082   1.023 315.647 8142.847 )
1313.926: I:29884 (   0.042   0.045 856.063 ) T:3943606 (   0.042   0.045   0.082   1.023 316.671 8142.847 )
1323.923: I:28585 (   0.042   0.045 739.327 ) T:3972191 (   0.042   0.045   0.082   1.023 316.159 8142.847 )
1333.925: I:33360 (   0.043   0.045 726.015 ) T:4005551 (   0.042   0.045   0.082   1.022 316.671 8142.847 )
1343.925: I:40739 (   0.043   0.045 944.639 ) T:4046290 (   0.042   0.045   0.082   1.022 316.671 8142.847 )
1353.923: I:31959 (   0.042   0.045 648.703 ) T:4078249 (   0.042   0.045   0.082   1.022 316.671 8142.847 )
1363.922: I:42184 (   0.043   0.045 557.567 ) T:4120433 (   0.042   0.045   0.082   1.022 315.647 8142.847 )
1373.924: I:38446 (   0.043   0.045 614.399 ) T:4158879 (   0.042   0.045   0.082   1.021 315.647 8142.847 )
1383.920: I:36316 (   0.042   0.045 939.007 ) T:4195195 (   0.042   0.045   0.082   1.021 315.647 8142.847 )
1393.926: I:33639 (   0.043   0.046 717.823 ) T:4228834 (   0.042   0.045   0.082   1.021 315.391 8142.847 )
1403.921: I:35350 (   0.042   0.045 760.319 ) T:4264184 (   0.042   0.045   0.081   1.021 315.391 8142.847 )
1413.920: I:27248 (   0.043   0.046 829.951 ) T:4291432 (   0.042   0.045   0.082   1.021 315.647 8142.847 )
1423.923: I:30047 (   0.042   0.045 741.375 ) T:4321479 (   0.042   0.045   0.082   1.021 315.647 8142.847 )
1433.925: I:18961 (   0.043   0.045 348.415 ) T:4340440 (   0.042   0.045   0.081   1.021 315.647 8142.847 )
1443.926: I:24169 (   0.042   0.045 505.343 ) T:4364609 (   0.042   0.045   0.081   1.021 315.647 8142.847 )
1453.955: I:22341 (   0.043   0.046 3420.159 ) T:4386950 (   0.042   0.045   0.081   1.021 315.647 8142.847 )
1463.918: I:40777 (   0.043   0.046 839.679 ) T:4427727 (   0.042   0.045   0.081   1.021 315.647 8142.847 )
1473.923: I:30076 (   0.043   0.046 732.159 ) T:4457803 (   0.042   0.045   0.081   1.021 315.391 8142.847 )
1483.921: I:34175 (   0.043   0.046 797.183 ) T:4491978 (   0.042   0.045   0.081   1.021 315.391 8142.847 )
1493.921: I:41182 (   0.043   0.046 208.639 ) T:4533160 (   0.042   0.046   0.081   1.020 313.599 8142.847 )
1503.922: I:28043 (   0.043   0.046 552.959 ) T:4561203 (   0.042   0.046   0.081   1.020 313.343 8142.847 )
1513.926: I:25423 (   0.043   0.046 965.631 ) T:4586626 (   0.042   0.046   0.081   1.020 313.599 8142.847 )
1523.921: I:35891 (   0.044   0.047 915.967 ) T:4622517 (   0.042   0.046   0.081   1.020 313.343 8142.847 )
1533.918: I:32885 (   0.043   0.046 650.751 ) T:4655402 (   0.042   0.046   0.081   1.020 314.623 8142.847 )
1543.923: I:12285 (   0.044   0.046 503.551 ) T:4667687 (   0.042   0.046   0.081   1.020 315.135 8142.847 )
1553.923: I:33768 (   0.043   0.046 777.215 ) T:4701455 (   0.042   0.046   0.081   1.020 315.135 8142.847 )
1563.925: I:34176 (   0.044   0.046 598.527 ) T:4735631 (   0.042   0.046   0.081   1.020 315.647 8142.847 )
1573.922: I:32037 (   0.043   0.046 1070.079 ) T:4767668 (   0.042   0.046   0.081   1.020 315.647 8142.847 )
1583.925: I:31511 (   0.043   0.046 990.207 ) T:4799179 (   0.042   0.046   0.081   1.020 316.159 8142.847 )
1593.925: I:37027 (   0.043   0.046 417.023 ) T:4836206 (   0.042   0.046   0.081   1.020 316.159 8142.847 )
1603.918: I:43330 (   0.043   0.045 688.127 ) T:4879536 (   0.042   0.046   0.081   1.020 316.671 8142.847 )
1613.918: I:32507 (   0.043   0.046 393.215 ) T:4912043 (   0.042   0.046   0.081   1.019 316.159 8142.847 )
1623.919: I:39814 (   0.043   0.046 577.535 ) T:4951857 (   0.042   0.046   0.080   1.019 315.647 8142.847 )
1633.926: I:28222 (   0.043   0.046 648.191 ) T:4980079 (   0.042   0.046   0.080   1.019 316.159 8142.847 )
1643.920: I:28675 (   0.043   0.046 1129.471 ) T:5008754 (   0.042   0.046   0.080   1.019 316.671 8142.847 )
1653.918: I:40427 (   0.043   0.046 431.359 ) T:5049181 (   0.042   0.046   0.080   1.019 316.671 8142.847 )
1663.918: I:40598 (   0.042   0.045 388.607 ) T:5089779 (   0.042   0.046   0.080   1.019 316.671 8142.847 )
1673.919: I:30300 (   0.043   0.046 2232.319 ) T:5120079 (   0.042   0.046   0.080   1.019 316.159 8142.847 )
1683.925: I:33350 (   0.043   0.046 1079.295 ) T:5153429 (   0.042   0.046   0.080   1.019 315.647 8142.847 )
1693.921: I:43586 (   0.043   0.046 311.295 ) T:5197015 (   0.042   0.046   0.080   1.018 315.135 8142.847 )
1703.919: I:34565 (   0.043   0.046 687.103 ) T:5231580 (   0.042   0.046   0.080   1.018 314.623 8142.847 )
1714.048: I:38153 (   0.043   0.045 777.727 ) T:5269733 (   0.042   0.046   0.080   1.018 314.623 8142.847 )
1723.921: I:38562 (   0.043   0.045 399.103 ) T:5308295 (   0.042   0.046   0.080   1.018 314.367 8142.847 )
1733.926: I:28632 (   0.043   0.046 654.335 ) T:5336927 (   0.042   0.046   0.080   1.018 314.367 8142.847 )
1743.918: I:33676 (   0.043   0.046 538.623 ) T:5370603 (   0.042   0.046   0.080   1.018 314.623 8142.847 )
1753.918: I:37287 (   0.043   0.046 1195.007 ) T:5407890 (   0.042   0.046   0.080   1.018 315.135 8142.847 )
1763.922: I:39085 (   0.043   0.046 838.143 ) T:5446975 (   0.042   0.046   0.080   1.018 314.623 8142.847 )
1773.923: I:36274 (   0.043   0.046 999.935 ) T:5483249 (   0.042   0.046   0.080   1.017 314.623 8142.847 )
1783.921: I:40014 (   0.043   0.046 813.055 ) T:5523263 (   0.042   0.046   0.080   1.017 314.623 8142.847 )
1793.918: I:39354 (   0.043   0.046 393.983 ) T:5562617 (   0.042   0.046   0.080   1.017 313.599 8142.847 )
1803.923: I:40204 (   0.043   0.046 567.807 ) T:5602821 (   0.042   0.046   0.079   1.017 313.087 8142.847 )
1813.925: I:23119 (   0.043   0.047 400.895 ) T:5625940 (   0.042   0.046   0.080   1.017 313.087 8142.847 )
1824.043: I:15679 (   0.044   0.064 367.103 ) T:5641619 (   0.042   0.046   0.080   1.017 313.343 8142.847 )
1833.921: I:41319 (   0.043   0.046 1007.103 ) T:5682938 (   0.042   0.046   0.080   1.017 313.599 8142.847 )
1843.920: I:38633 (   0.043   0.046 607.743 ) T:5721571 (   0.042   0.046   0.080   1.017 314.367 8142.847 )
1853.918: I:37290 (   0.043   0.046 793.599 ) T:5758861 (   0.042   0.046   0.080   1.017 314.623 8142.847 )
1863.919: I:33552 (   0.043   0.046 1567.743 ) T:5792413 (   0.042   0.046   0.080   1.017 314.623 8142.847 )
1873.922: I:34829 (   0.043   0.046 576.511 ) T:5827242 (   0.042   0.046   0.079   1.017 314.623 8142.847 )
1883.918: I:36636 (   0.043   0.045 978.943 ) T:5863878 (   0.042   0.046   0.079   1.016 313.599 8142.847 )
1893.925: I:42334 (   0.043   0.046 380.159 ) T:5906212 (   0.042   0.046   0.079   1.016 313.087 8142.847 )
1903.918: I:13402 (   0.042   0.045 650.239 ) T:5919614 (   0.042   0.046   0.079   1.016 313.087 8142.847 )
1913.922: I:28274 (   0.043   0.046 668.671 ) T:5947888 (   0.042   0.046   0.079   1.016 312.575 8142.847 )
1923.925: I:37547 (   0.043   0.046 594.943 ) T:5985435 (   0.042   0.046   0.079   1.016 312.575 8142.847 )
1933.921: I:36280 (   0.043   0.045 1232.895 ) T:6021715 (   0.042   0.046   0.079   1.016 312.575 8142.847 )
1943.926: I:18074 (   0.043   0.045 423.679 ) T:6039789 (   0.042   0.046   0.079   1.016 313.087 8142.847 )
1953.919: I:43811 (   0.043   0.045 731.647 ) T:6083600 (   0.042   0.046   0.079   1.015 311.295 8142.847 )
1963.919: I:21026 (   0.043   0.045 1039.871 ) T:6104626 (   0.042   0.046   0.079   1.015 312.575 8142.847 )
1973.918: I:40396 (   0.043   0.046 852.991 ) T:6145022 (   0.042   0.046   0.079   1.015 311.295 8142.847 )
1983.918: I:38989 (   0.043   0.045 951.807 ) T:6184011 (   0.042   0.046   0.079   1.015 311.295 8142.847 )
1993.925: I:39629 (   0.043   0.046 806.399 ) T:6223640 (   0.042   0.046   0.079   1.015 310.271 8142.847 )
2003.926: I:26113 (   0.043   0.045 721.407 ) T:6249753 (   0.042   0.046   0.079   1.015 311.295 8142.847 )
2013.925: I:16066 (   0.044   0.046 840.703 ) T:6265819 (   0.042   0.046   0.079   1.015 311.295 8142.847 )
2023.926: I:36316 (   0.043   0.046 726.527 ) T:6302135 (   0.042   0.046   0.079   1.015 310.271 8142.847 )
2033.923: I:47258 (   0.044   0.046 989.695 ) T:6349393 (   0.042   0.046   0.079   1.014 310.015 8142.847 )
2043.918: I:34580 (   0.043   0.046 879.103 ) T:6383973 (   0.042   0.046   0.079   1.014 309.759 8142.847 )
2053.923: I:38792 (   0.043   0.046 926.719 ) T:6422765 (   0.043   0.046   0.079   1.014 309.759 8142.847 )
2063.924: I:43864 (   0.043   0.046 772.607 ) T:6466629 (   0.043   0.046   0.079   1.014 308.223 8142.847 )
2073.925: I:35298 (   0.043   0.046 838.143 ) T:6501927 (   0.043   0.046   0.079   1.013 309.503 8142.847 )
2083.925: I:39015 (   0.044   0.046 1061.887 ) T:6540942 (   0.043   0.046   0.079   1.013 308.223 8142.847 )
2093.918: I:35906 (   0.043   0.046 1157.119 ) T:6576848 (   0.043   0.046   0.079   1.013 308.223 8142.847 )
2103.925: I:33530 (   0.043   0.046 748.543 ) T:6610378 (   0.043   0.046   0.078   1.013 307.967 8142.847 )
2113.921: I:36516 (   0.044   0.046 1065.983 ) T:6646894 (   0.043   0.046   0.078   1.013 307.967 8142.847 )
2123.923: I:43232 (   0.044   0.046 954.367 ) T:6690126 (   0.043   0.046   0.078   1.013 307.199 8142.847 )
2133.944: I:23525 (   0.043   0.046 587.775 ) T:6713651 (   0.043   0.046   0.078   1.013 307.711 8142.847 )
2143.918: I:38674 (   0.043   0.046 831.999 ) T:6752325 (   0.043   0.046   0.078   1.012 307.711 8142.847 )
2153.922: I:34472 (   0.043   0.046 1033.215 ) T:6786797 (   0.043   0.046   0.078   1.012 307.967 8142.847 )
2163.923: I:42144 (   0.043   0.045 505.599 ) T:6828941 (   0.043   0.046   0.078   1.012 307.967 8142.847 )
2173.925: I:43230 (   0.043   0.046 740.351 ) T:6872171 (   0.043   0.046   0.078   1.012 306.943 8142.847 )
2183.918: I:35896 (   0.043   0.046 1154.047 ) T:6908067 (   0.043   0.046   0.078   1.012 307.199 8142.847 )
2193.918: I:51459 (   0.043   0.045 803.839 ) T:6959526 (   0.043   0.046   0.078   1.011 306.687 8142.847 )
2203.926: I:20034 (   0.043   0.045 830.463 ) T:6979560 (   0.043   0.046   0.078   1.011 306.943 8142.847 )
2213.926: I:13846 (   0.042   0.045 300.287 ) T:6993406 (   0.043   0.046   0.078   1.012 306.687 8142.847 )
2223.922: I:40962 (   0.043   0.046 634.367 ) T:7034368 (   0.043   0.046   0.078   1.011 305.919 8142.847 )
2233.919: I:33402 (   0.043   0.045 678.399 ) T:7067770 (   0.043   0.046   0.078   1.011 306.687 8142.847 )
2243.918: I:34553 (   0.043   0.046 389.631 ) T:7102323 (   0.043   0.046   0.078   1.011 305.919 8142.847 )
2253.918: I:36610 (   0.043   0.046 415.487 ) T:7138933 (   0.043   0.046   0.078   1.011 305.919 8142.847 )
2263.926: I:34367 (   0.043   0.046 1219.583 ) T:7173300 (   0.043   0.046   0.078   1.011 305.919 8142.847 )
2273.918: I:33943 (   0.043   0.046 571.391 ) T:7207243 (   0.043   0.046   0.078   1.011 305.919 8142.847 )
2283.925: I:35893 (   0.044   0.046 1074.175 ) T:7243136 (   0.043   0.046   0.078   1.010 305.919 8142.847 )
2293.925: I:38581 (   0.044   0.046 1985.535 ) T:7281717 (   0.043   0.046   0.078   1.010 305.919 8142.847 )
2303.919: I:48743 (   0.043   0.046 1213.439 ) T:7330460 (   0.043   0.046   0.078   1.010 305.407 8142.847 )
2313.925: I:37549 (   0.044   0.046 848.895 ) T:7368009 (   0.043   0.046   0.078   1.010 304.895 8142.847 )
2323.923: I:41613 (   0.043   0.046 655.359 ) T:7409622 (   0.043   0.046   0.078   1.010 304.639 8142.847 )
2333.919: I:41095 (   0.044   0.046 933.375 ) T:7450717 (   0.043   0.046   0.078   1.010 304.639 8142.847 )
2343.926: I:32002 (   0.043   0.046 1201.151 ) T:7482719 (   0.043   0.046   0.077   1.009 304.639 8142.847 )
2353.926: I:31535 (   0.043   0.046 669.183 ) T:7514254 (   0.043   0.046   0.077   1.009 304.639 8142.847 )
2363.919: I:10369 (   0.043   0.046 308.223 ) T:7524623 (   0.043   0.046   0.077   1.009 304.639 8142.847 )
2373.926: I:12200 (   0.044   0.066 289.279 ) T:7536823 (   0.043   0.046   0.078   1.010 304.639 8142.847 )
2383.926: I:14952 (   0.045   0.066 864.255 ) T:7551775 (   0.043   0.046   0.078   1.010 304.639 8142.847 )
2393.919: I:24039 (   0.043   0.058 650.239 ) T:7575814 (   0.043   0.046   0.078   1.010 304.639 8142.847 )
2403.925: I:30490 (   0.044   0.046 495.871 ) T:7606304 (   0.043   0.046   0.078   1.010 304.895 8142.847 )
2413.925: I:12610 (   0.044   0.063 1234.943 ) T:7618914 (   0.043   0.046   0.078   1.010 305.663 8142.847 )
2423.919: I:28312 (   0.044   0.046 513.535 ) T:7647226 (   0.043   0.046   0.078   1.010 305.663 8142.847 )
2433.926: I:23363 (   0.043   0.062 529.919 ) T:7670589 (   0.043   0.046   0.078   1.010 304.895 8142.847 )
2443.926: I:38952 (   0.043   0.046 447.743 ) T:7709541 (   0.043   0.046   0.078   1.010 304.639 8142.847 )
2453.919: I:38978 (   0.043   0.046 659.967 ) T:7748519 (   0.043   0.046   0.078   1.010 304.639 8142.847 )
2463.923: I:26644 (   0.042   0.045 506.879 ) T:7775163 (   0.043   0.046   0.078   1.010 305.663 8142.847 )
2473.918: I:31572 (   0.043   0.045 585.215 ) T:7806735 (   0.043   0.046   0.078   1.010 305.407 8142.847 )
2483.922: I:31585 (   0.043   0.045 2002.943 ) T:7838320 (   0.043   0.046   0.078   1.010 305.663 8142.847 )
2493.925: I:35112 (   0.043   0.045 733.695 ) T:7873432 (   0.043   0.046   0.078   1.009 304.895 8142.847 )
2503.923: I:41237 (   0.042   0.045 451.327 ) T:7914669 (   0.043   0.046   0.078   1.009 304.895 8142.847 )
2513.926: I:15051 (   0.043   0.046 1845.247 ) T:7929720 (   0.043   0.046   0.078   1.009 305.407 8142.847 )
2523.919: I:27290 (   0.043   0.045 428.287 ) T:7957010 (   0.043   0.046   0.078   1.009 304.895 8142.847 )
2533.925: I:33463 (   0.043   0.045 694.271 ) T:7990473 (   0.043   0.046   0.078   1.009 305.407 8142.847 )
2543.926: I:22136 (   0.043   0.059 505.343 ) T:8012609 (   0.043   0.046   0.078   1.009 305.663 8142.847 )
2553.925: I:32030 (   0.043   0.046 503.551 ) T:8044639 (   0.043   0.046   0.078   1.009 305.663 8142.847 )
2563.921: I:37694 (   0.043   0.045 467.967 ) T:8082333 (   0.043   0.046   0.078   1.009 305.919 8142.847 )
2573.925: I:26168 (   0.043   0.045 434.943 ) T:8108501 (   0.043   0.046   0.078   1.009 306.943 8142.847 )
2583.921: I:38891 (   0.043   0.046 936.447 ) T:8147392 (   0.043   0.046   0.078   1.009 306.943 8142.847 )
2593.919: I:36435 (   0.043   0.046 961.023 ) T:8183827 (   0.043   0.046   0.078   1.009 307.711 8142.847 )
2603.918: I:26080 (   0.043   0.046 490.751 ) T:8209907 (   0.043   0.046   0.078   1.009 308.223 8142.847 )
2613.925: I:32414 (   0.044   0.046 502.015 ) T:8242321 (   0.043   0.046   0.078   1.009 307.711 8142.847 )
2623.921: I:44531 (   0.043   0.046 673.279 ) T:8286852 (   0.043   0.046   0.078   1.009 307.455 8142.847 )
2633.918: I:41389 (   0.043   0.046 544.255 ) T:8328241 (   0.043   0.046   0.078   1.008 307.199 8142.847 )
2643.925: I:35363 (   0.043   0.046 1997.823 ) T:8363604 (   0.043   0.046   0.078   1.008 307.199 8142.847 )
2653.924: I:42485 (   0.044   0.046 457.471 ) T:8406089 (   0.043   0.046   0.078   1.008 306.687 8142.847 )
2663.923: I:35507 (   0.043   0.046 471.295 ) T:8441596 (   0.043   0.046   0.078   1.008 305.919 8142.847 )
2673.919: I:35374 (   0.043   0.046 868.863 ) T:8476970 (   0.043   0.046   0.078   1.008 306.687 8142.847 )
2683.918: I:37985 (   0.043   0.046 1539.071 ) T:8514955 (   0.043   0.046   0.078   1.008 305.919 8142.847 )
2693.925: I:36759 (   0.043   0.046 446.207 ) T:8551714 (   0.043   0.046   0.078   1.008 305.663 8142.847 )
2703.919: I:25224 (   0.043   0.046 437.759 ) T:8576938 (   0.043   0.046   0.078   1.008 305.919 8142.847 )
2713.926: I:12221 (   0.043   0.046 976.383 ) T:8589159 (   0.043   0.046   0.078   1.008 307.199 8142.847 )
2723.922: I:27503 (   0.043   0.046 337.151 ) T:8616662 (   0.043   0.046   0.078   1.008 306.687 8142.847 )
2733.982: I:48534 (   0.043   0.046 686.591 ) T:8665196 (   0.043   0.046   0.078   1.008 305.919 8142.847 )
2743.923: I:39685 (   0.043   0.046 863.743 ) T:8704881 (   0.043   0.046   0.078   1.007 305.919 8142.847 )
2753.919: I:33477 (   0.043   0.046 1303.551 ) T:8738358 (   0.043   0.046   0.078   1.007 305.919 8142.847 )
2763.922: I:40439 (   0.043   0.045 730.111 ) T:8778797 (   0.043   0.046   0.078   1.007 305.919 8142.847 )
2773.921: I:24256 (   0.042   0.045 712.191 ) T:8803053 (   0.043   0.046   0.078   1.007 305.919 8142.847 )
2783.919: I:35290 (   0.042   0.046 830.463 ) T:8838343 (   0.043   0.046   0.078   1.007 306.687 8142.847 )
2793.922: I:40203 (   0.043   0.046 582.655 ) T:8878546 (   0.043   0.046   0.078   1.007 306.687 8142.847 )
2803.921: I:34692 (   0.043   0.045 1027.583 ) T:8913238 (   0.043   0.046   0.078   1.007 306.687 8142.847 )
2813.919: I:36840 (   0.043   0.046 1191.935 ) T:8950078 (   0.043   0.046   0.078   1.007 306.687 8142.847 )
2823.922: I:33359 (   0.043   0.046 354.815 ) T:8983437 (   0.043   0.046   0.078   1.007 305.919 8142.847 )
2833.926: I:15016 (   0.043   0.047 311.295 ) T:8998453 (   0.043   0.046   0.078   1.007 305.919 8142.847 )
2843.919: I:23380 (   0.043   0.046 1423.359 ) T:9021833 (   0.043   0.046   0.078   1.007 306.943 8142.847 )
2853.919: I:40473 (   0.043   0.046 433.663 ) T:9062306 (   0.043   0.046   0.078   1.007 306.687 8142.847 )
2863.918: I:46151 (   0.044   0.047 651.775 ) T:9108457 (   0.043   0.046   0.078   1.007 305.919 8142.847 )
2873.918: I:34587 (   0.044   0.046 966.143 ) T:9143044 (   0.043   0.046   0.078   1.006 306.687 8142.847 )
2883.925: I:33992 (   0.044   0.046 431.359 ) T:9177036 (   0.043   0.046   0.078   1.006 305.919 8142.847 )
2893.926: I:34088 (   0.044   0.047 610.303 ) T:9211124 (   0.043   0.046   0.078   1.006 305.919 8142.847 )
2903.925: I:36710 (   0.044   0.046 725.503 ) T:9247834 (   0.043   0.046   0.078   1.006 306.687 8142.847 )
2913.919: I:35222 (   0.044   0.046 1008.639 ) T:9283056 (   0.043   0.046   0.077   1.006 305.919 8142.847 )
2923.925: I:34038 (   0.044   0.046 543.231 ) T:9317094 (   0.043   0.046   0.077   1.006 305.919 8142.847 )
2933.923: I:38744 (   0.043   0.046 1098.751 ) T:9355838 (   0.043   0.046   0.077   1.006 305.919 8142.847 )
2943.926: I:14402 (   0.044   0.047 1213.439 ) T:9370240 (   0.043   0.046   0.077   1.006 305.919 8142.847 )
2953.924: I:31086 (   0.044   0.046 408.063 ) T:9401326 (   0.043   0.046   0.077   1.006 305.919 8142.847 )
2963.924: I:34356 (   0.043   0.046 498.943 ) T:9435682 (   0.043   0.046   0.077   1.006 305.919 8142.847 )
2973.918: I:8594 (   0.043   0.046 6856.703 ) T:9444276 (   0.043   0.046   0.077   1.006 305.919 8142.847 )
2983.924: I:31422 (   0.044   0.046 1105.919 ) T:9475698 (   0.043   0.046   0.077   1.006 306.687 8142.847 )
2993.918: I:35342 (   0.043   0.046 712.703 ) T:9511040 (   0.043   0.046   0.077   1.006 305.919 8142.847 )
3003.925: I:30579 (   0.043   0.046 671.231 ) T:9541619 (   0.043   0.046   0.077   1.006 305.919 8142.847 )
3014.165: I:31203 (   0.043   0.046 1572.863 ) T:9572822 (   0.043   0.046   0.077   1.005 305.919 8142.847 )
3023.918: I:30600 (   0.043   0.046 401.919 ) T:9603422 (   0.043   0.046   0.077   1.005 305.919 8142.847 )
3033.925: I:12762 (   0.044   0.046 377.855 ) T:9616184 (   0.043   0.046   0.077   1.006 305.919 8142.847 )
3043.925: I:33007 (   0.043   0.046 265.215 ) T:9649191 (   0.043   0.046   0.077   1.005 305.663 8142.847 )
3053.919: I:24618 (   0.043   0.046 2953.215 ) T:9673809 (   0.043   0.046   0.077   1.005 305.919 8142.847 )
3063.925: I:23976 (   0.043   0.046 782.847 ) T:9697785 (   0.043   0.046   0.077   1.005 305.919 8142.847 )
3073.918: I:37099 (   0.043   0.046 584.191 ) T:9734884 (   0.043   0.046   0.077   1.005 305.919 8142.847 )
3083.921: I:36878 (   0.043   0.046 890.879 ) T:9771762 (   0.043   0.046   0.077   1.005 305.919 8142.847 )
3093.922: I:37394 (   0.043   0.046 751.615 ) T:9809156 (   0.043   0.046   0.077   1.005 305.919 8142.847 )
3103.925: I:31274 (   0.043   0.046 421.119 ) T:9840430 (   0.043   0.046   0.077   1.005 305.919 8142.847 )
3113.919: I:34882 (   0.043   0.046 589.823 ) T:9875312 (   0.043   0.046   0.077   1.005 305.919 8142.847 )
3123.918: I:37431 (   0.043   0.046 1015.295 ) T:9912743 (   0.043   0.046   0.077   1.005 305.919 8142.847 )
3133.918: I:28305 (   0.043   0.046 925.695 ) T:9941048 (   0.043   0.046   0.077   1.005 305.919 8142.847 )
3143.924: I:16528 (   0.043   0.045 2037.759 ) T:9957576 (   0.043   0.046   0.077   1.005 305.919 8142.847 )
3153.925: I:30702 (   0.043   0.046 362.239 ) T:9988278 (   0.043   0.046   0.077   1.005 305.919 8142.847 )
3163.918: I:36634 (   0.043   0.046 761.855 ) T:10024912 (   0.043   0.046   0.077   1.005 306.687 8142.847 )
3173.925: I:39748 (   0.043   0.045 641.535 ) T:10064660 (   0.043   0.046   0.077   1.004 305.919 8142.847 )
3183.921: I:45671 (   0.043   0.045 850.943 ) T:10110331 (   0.043   0.046   0.077   1.004 305.919 8142.847 )
3193.925: I:47009 (   0.043   0.046 800.255 ) T:10157340 (   0.043   0.046   0.077   1.004 305.663 8142.847 )
3203.924: I:41529 (   0.043   0.045 890.879 ) T:10198869 (   0.043   0.046   0.077   1.003 305.407 8142.847 )
3213.918: I:45615 (   0.043   0.045 1337.343 ) T:10244484 (   0.043   0.046   0.077   1.003 304.895 8142.847 )
3223.924: I:44473 (   0.043   0.046 1031.679 ) T:10288957 (   0.043   0.046   0.077   1.003 304.895 8142.847 )
3233.919: I:28087 (   0.043   0.045 2248.703 ) T:10317044 (   0.043   0.046   0.077   1.003 305.151 8142.847 )
3243.926: I:13527 (   0.042   0.045 716.799 ) T:10330571 (   0.043   0.046   0.077   1.003 305.663 8142.847 )
3253.918: I:33935 (   0.043   0.045 383.999 ) T:10364506 (   0.043   0.046   0.077   1.003 305.151 8142.847 )
3263.925: I:37956 (   0.043   0.045 650.751 ) T:10402462 (   0.043   0.046   0.076   1.002 304.895 8142.847 )
3273.920: I:29964 (   0.043   0.046 2322.431 ) T:10432426 (   0.043   0.046   0.076   1.002 304.895 8142.847 )
3283.923: I:39515 (   0.043   0.045 1001.983 ) T:10471941 (   0.043   0.046   0.076   1.002 304.895 8142.847 )
3293.918: I:31876 (   0.043   0.046 521.471 ) T:10503817 (   0.043   0.046   0.076   1.002 305.151 8142.847 )
3303.925: I:28788 (   0.044   0.046 963.583 ) T:10532605 (   0.043   0.046   0.076   1.002 305.663 8142.847 )
3313.918: I:40259 (   0.043   0.046 556.031 ) T:10572864 (   0.043   0.046   0.076   1.002 305.663 8142.847 )
3323.921: I:37668 (   0.044   0.046 519.167 ) T:10610532 (   0.043   0.046   0.076   1.001 305.919 8142.847 )
3333.925: I:25432 (   0.044   0.046 714.751 ) T:10635964 (   0.043   0.046   0.076   1.001 305.919 8142.847 )
3343.925: I:18257 (   0.043   0.046 500.735 ) T:10654221 (   0.043   0.046   0.076   1.001 305.919 8142.847 )
3353.925: I:35134 (   0.043   0.046 545.791 ) T:10689355 (   0.043   0.046   0.076   1.001 305.919 8142.847 )
3363.923: I:26408 (   0.044   0.046 315.903 ) T:10715763 (   0.043   0.046   0.076   1.001 305.919 8142.847 )
3373.921: I:32961 (   0.043   0.046 965.631 ) T:10748724 (   0.043   0.046   0.076   1.001 305.919 8142.847 )
3384.307: I:40942 (   0.043   0.046 375.551 ) T:10789666 (   0.043   0.046   0.076   1.000 305.919 8142.847 )
3393.917: I:46829 (   0.043   0.046 1239.039 ) T:10836495 (   0.043   0.046   0.076   1.000 305.919 8142.847 )
3403.918: I:44029 (   0.043   0.046 927.743 ) T:10880524 (   0.043   0.046   0.076   1.000 305.919 8142.847 )
3413.925: I:35722 (   0.043   0.046 950.271 ) T:10916246 (   0.043   0.046   0.076   0.999 305.919 8142.847 )
3423.918: I:28041 (   0.043   0.046 685.055 ) T:10944287 (   0.043   0.046   0.076   0.999 305.919 8142.847 )
3433.926: I:22531 (   0.043   0.047 780.799 ) T:10966818 (   0.043   0.046   0.076   0.999 305.919 8142.847 )
3443.926: I:12872 (   0.045   0.071 278.271 ) T:10979690 (   0.043   0.046   0.076   1.000 305.919 8142.847 )
3453.925: I:26429 (   0.043   0.046 781.823 ) T:11006119 (   0.043   0.046   0.076   0.999 305.919 8142.847 )
3463.918: I:43393 (   0.043   0.046 556.543 ) T:11049512 (   0.043   0.046   0.076   0.999 305.919 8142.847 )
3473.921: I:38147 (   0.043   0.046 735.231 ) T:11087659 (   0.043   0.046   0.076   0.999 305.919 8142.847 )
3483.923: I:47312 (   0.043   0.046 654.335 ) T:11134971 (   0.043   0.046   0.076   0.998 305.663 8142.847 )
3493.919: I:34648 (   0.043   0.046 310.527 ) T:11169619 (   0.043   0.046   0.076   0.998 305.663 8142.847 )
3503.919: I:38610 (   0.043   0.046 496.639 ) T:11208229 (   0.043   0.046   0.076   0.998 305.663 8142.847 )
3513.918: I:40788 (   0.043   0.045 716.287 ) T:11249017 (   0.043   0.046   0.076   0.998 305.663 8142.847 )
3523.925: I:35405 (   0.043   0.046 455.935 ) T:11284422 (   0.043   0.046   0.076   0.997 305.663 8142.847 )
3533.925: I:37390 (   0.043   0.046 1324.031 ) T:11321812 (   0.043   0.046   0.076   0.997 305.663 8142.847 )
3543.918: I:36498 (   0.043   0.046 1067.007 ) T:11358310 (   0.043   0.046   0.076   0.997 305.663 8142.847 )
3553.921: I:35211 (   0.044   0.046 1125.375 ) T:11393521 (   0.043   0.046   0.076   0.997 305.663 8142.847 )
3563.922: I:27336 (   0.044   0.046 583.167 ) T:11420857 (   0.043   0.046   0.076   0.996 305.663 8142.847 )
3574.064: I:35759 (   0.043   0.046 727.551 ) T:11456616 (   0.043   0.046   0.076   0.996 305.919 8142.847 )
3583.918: I:36433 (   0.044   0.046 442.879 ) T:11493049 (   0.043   0.046   0.076   0.996 305.663 8142.847 )
3593.919: I:32241 (   0.044   0.046 343.039 ) T:11525290 (   0.043   0.046   0.076   0.996 305.663 8142.847 )
3603.921: I:39010 (   0.043   0.046 343.807 ) T:11564300 (   0.043   0.046   0.076   0.996 305.663 8142.847 )
3614.129: I:37011 (   0.044   0.046 906.751 ) T:11601311 (   0.043   0.046   0.076   0.995 305.663 8142.847 )
3623.925: I:18134 (   0.043   0.046 1387.519 ) T:11619445 (   0.043   0.046   0.076   0.995 305.663 8142.847 )
3633.919: I:25205 (   0.043   0.046 498.175 ) T:11644650 (   0.043   0.046   0.076   0.995 305.663 8142.847 )
3643.926: I:32745 (   0.043   0.046 532.991 ) T:11677395 (   0.043   0.046   0.076   0.995 305.919 8142.847 )
3653.926: I:30618 (   0.043   0.046 300.799 ) T:11708013 (   0.043   0.046   0.076   0.995 305.663 8142.847 )
3663.922: I:37404 (   0.043   0.046 1011.199 ) T:11745417 (   0.043   0.046   0.076   0.995 305.663 8142.847 )
3673.918: I:37994 (   0.043   0.046 853.503 ) T:11783411 (   0.043   0.046   0.076   0.994 305.663 8142.847 )
3683.924: I:43609 (   0.043   0.046 747.007 ) T:11827020 (   0.043   0.046   0.076   0.994 305.663 8142.847 )
3693.926: I:21180 (   0.044   0.061 623.103 ) T:11848200 (   0.043   0.046   0.076   0.994 305.663 8142.847 )
3704.601: I:36850 (   0.043   0.046 300.287 ) T:11885050 (   0.043   0.046   0.076   0.994 305.407 8142.847 )
3713.922: I:39198 (   0.043   0.046 1255.423 ) T:11924248 (   0.043   0.046   0.076   0.993 305.407 8142.847 )
3723.926: I:19721 (   0.043   0.046 471.039 ) T:11943969 (   0.043   0.046   0.076   0.993 305.663 8142.847 )
3733.925: I:16111 (   0.043   0.064 328.703 ) T:11960080 (   0.043   0.046   0.076   0.994 305.663 8142.847 )
3743.924: I:30321 (   0.043   0.046 734.719 ) T:11990401 (   0.043   0.046   0.076   0.993 305.407 8142.847 )
3753.921: I:35275 (   0.043   0.046 453.375 ) T:12025676 (   0.043   0.046   0.076   0.993 305.663 8142.847 )
3763.919: I:28131 (   0.043   0.046 1534.975 ) T:12053807 (   0.043   0.046   0.076   0.993 305.151 8142.847 )
3773.923: I:25889 (   0.043   0.046 388.095 ) T:12079696 (   0.043   0.046   0.076   0.993 305.663 8142.847 )
3783.923: I:43709 (   0.043   0.046 571.391 ) T:12123405 (   0.043   0.046   0.076   0.993 305.407 8142.847 )
3793.922: I:40467 (   0.044   0.046 394.239 ) T:12163872 (   0.043   0.046   0.076   0.993 304.895 8142.847 )
3803.918: I:39224 (   0.044   0.047 393.727 ) T:12203096 (   0.043   0.046   0.076   0.992 304.639 8142.847 )
3813.924: I:41716 (   0.044   0.046 402.175 ) T:12244812 (   0.043   0.046   0.076   0.992 304.639 8142.847 )
3823.918: I:37125 (   0.044   0.046 398.079 ) T:12281937 (   0.043   0.046   0.076   0.991 304.127 8142.847 )
3833.925: I:33110 (   0.044   0.046 385.023 ) T:12315047 (   0.043   0.046   0.076   0.991 303.871 8142.847 )
3843.918: I:40642 (   0.044   0.047 433.919 ) T:12355689 (   0.043   0.046   0.076   0.991 304.127 8142.847 )
3853.919: I:41474 (   0.044   0.046 886.271 ) T:12397163 (   0.043   0.046   0.076   0.991 303.871 8142.847 )
3863.919: I:23880 (   0.044   0.046 542.719 ) T:12421043 (   0.043   0.046   0.076   0.990 303.871 8142.847 )
3873.921: I:44758 (   0.044   0.047 870.911 ) T:12465801 (   0.043   0.046   0.076   0.990 304.127 8142.847 )
3883.918: I:29598 (   0.043   0.046 395.519 ) T:12495399 (   0.043   0.046   0.076   0.990 304.639 8142.847 )
3893.976: I:37388 (   0.043   0.046 637.439 ) T:12532787 (   0.043   0.046   0.076   0.990 304.639 8142.847 )
3903.922: I:49920 (   0.043   0.045 835.583 ) T:12582707 (   0.043   0.046   0.076   0.989 304.639 8142.847 )
3913.920: I:38095 (   0.043   0.046 790.015 ) T:12620802 (   0.043   0.046   0.076   0.989 304.127 8142.847 )
3923.920: I:44228 (   0.043   0.045 991.231 ) T:12665030 (   0.043   0.046   0.076   0.989 304.127 8142.847 )
3933.932: I:27358 (   0.043   0.045 1519.615 ) T:12692388 (   0.043   0.046   0.076   0.989 304.639 8142.847 )
3943.918: I:43095 (   0.043   0.046 412.159 ) T:12735483 (   0.043   0.046   0.076   0.989 304.639 8142.847 )
3954.076: I:31699 (   0.043   0.046 669.183 ) T:12767182 (   0.043   0.046   0.076   0.988 304.639 8142.847 )
3963.921: I:32546 (   0.043   0.046 552.447 ) T:12799728 (   0.043   0.046   0.076   0.988 304.639 8142.847 )
3973.918: I:40322 (   0.043   0.046 601.087 ) T:12840050 (   0.043   0.046   0.076   0.988 304.127 8142.847 )
3983.921: I:36450 (   0.043   0.046 488.191 ) T:12876500 (   0.043   0.046   0.076   0.988 303.871 8142.847 )
3993.925: I:29481 (   0.043   0.045 1209.343 ) T:12905981 (   0.043   0.046   0.076   0.987 304.127 8142.847 )
4003.918: I:39595 (   0.043   0.045 613.887 ) T:12945576 (   0.043   0.046   0.076   0.987 304.127 8142.847 )
4013.918: I:30118 (   0.043   0.045 733.695 ) T:12975694 (   0.043   0.046   0.076   0.987 304.639 8142.847 )
4023.926: I:20032 (   0.043   0.046 1102.847 ) T:12995726 (   0.043   0.046   0.076   0.987 304.639 8142.847 )
4033.921: I:32167 (   0.044   0.046 524.031 ) T:13027893 (   0.043   0.046   0.076   0.987 304.639 8142.847 )
4043.918: I:35232 (   0.043   0.046 647.679 ) T:13063125 (   0.043   0.046   0.076   0.987 304.639 8142.847 )
4053.919: I:25203 (   0.043   0.046 534.527 ) T:13088328 (   0.043   0.046   0.076   0.987 304.895 8142.847 )
4063.921: I:38743 (   0.043   0.046 1090.559 ) T:13127071 (   0.043   0.046   0.075   0.986 304.639 8142.847 )
4073.921: I:39923 (   0.043   0.046 906.239 ) T:13166994 (   0.043   0.046   0.075   0.986 304.639 8142.847 )
4083.918: I:39899 (   0.044   0.046 710.655 ) T:13206893 (   0.043   0.046   0.075   0.986 304.895 8142.847 )
4094.299: I:20404 (   0.044   0.046 1424.383 ) T:13227297 (   0.043   0.046   0.075   0.986 304.895 8142.847 )
4103.925: I:33515 (   0.043   0.046 927.231 ) T:13260812 (   0.043   0.046   0.075   0.986 304.895 8142.847 )
4113.918: I:34175 (   0.043   0.046 613.375 ) T:13294987 (   0.043   0.046   0.075   0.985 304.895 8142.847 )
4123.926: I:37056 (   0.044   0.046 420.095 ) T:13332043 (   0.043   0.046   0.075   0.985 305.151 8142.847 )
4136.995: I:18853 (   0.044   0.046 1627.135 ) T:13350896 (   0.043   0.046   0.075   0.985 305.407 8142.847 )
4143.926: I:27847 (   0.043   0.046 381.951 ) T:13378743 (   0.043   0.046   0.075   0.985 305.151 8142.847 )
4153.925: I:31021 (   0.043   0.046 819.199 ) T:13409764 (   0.043   0.046   0.075   0.985 304.895 8142.847 )
4163.919: I:32900 (   0.043   0.045 2018.303 ) T:13442664 (   0.043   0.046   0.075   0.984 304.895 8142.847 )
4174.149: I:47838 (   0.043   0.046 857.599 ) T:13490502 (   0.043   0.046   0.075   0.984 304.639 8142.847 )
4183.923: I:34441 (   0.043   0.046 1267.711 ) T:13524943 (   0.043   0.046   0.075   0.984 304.639 8142.847 )
4193.918: I:34847 (   0.043   0.045 303.615 ) T:13559790 (   0.043   0.046   0.075   0.984 304.639 8142.847 )
4203.922: I:29440 (   0.043   0.046 409.855 ) T:13589230 (   0.043   0.046   0.075   0.984 304.639 8142.847 )
4213.918: I:31235 (   0.043   0.046 883.711 ) T:13620465 (   0.043   0.046   0.075   0.983 304.639 8142.847 )
4223.923: I:38854 (   0.043   0.045 546.815 ) T:13659319 (   0.043   0.046   0.075   0.983 304.639 8142.847 )
4233.918: I:38437 (   0.043   0.046 1833.983 ) T:13697756 (   0.043   0.046   0.075   0.983 304.127 8142.847 )
4243.922: I:38935 (   0.043   0.045 761.343 ) T:13736691 (   0.043   0.046   0.075   0.983 304.127 8142.847 )
4253.919: I:34827 (   0.043   0.046 673.791 ) T:13771518 (   0.043   0.046   0.075   0.982 304.127 8142.847 )
4263.921: I:37058 (   0.043   0.046 466.431 ) T:13808576 (   0.043   0.046   0.075   0.982 304.127 8142.847 )
4273.921: I:36988 (   0.044   0.047 919.039 ) T:13845564 (   0.043   0.046   0.075   0.982 304.127 8142.847 )
4283.925: I:28943 (   0.044   0.046 722.943 ) T:13874507 (   0.043   0.046   0.075   0.982 304.127 8142.847 )
4293.925: I:33408 (   0.043   0.046 407.807 ) T:13907915 (   0.043   0.046   0.075   0.982 304.127 8142.847 )
4303.923: I:28331 (   0.044   0.046 1633.279 ) T:13936246 (   0.043   0.046   0.075   0.982 304.127 8142.847 )
4313.921: I:31528 (   0.043   0.046 499.199 ) T:13967774 (   0.043   0.046   0.075   0.982 304.127 8142.847 )
4323.920: I:32921 (   0.044   0.046 489.215 ) T:14000695 (   0.043   0.046   0.075   0.982 304.639 8142.847 )
4333.926: I:16125 (   0.044   0.046 1921.023 ) T:14016820 (   0.043   0.046   0.075   0.981 304.639 8142.847 )
4343.918: I:35190 (   0.043   0.046 505.855 ) T:14052010 (   0.043   0.046   0.075   0.981 304.639 8142.847 )
4353.918: I:24930 (   0.044   0.046 427.263 ) T:14076940 (   0.043   0.046   0.075   0.981 304.639 8142.847 )
4363.921: I:35350 (   0.043   0.046 448.767 ) T:14112290 (   0.043   0.046   0.075   0.981 304.639 8142.847 )
4373.925: I:37284 (   0.044   0.046 1241.087 ) T:14149574 (   0.043   0.046   0.075   0.981 304.639 8142.847 )
4383.919: I:37055 (   0.044   0.046 585.727 ) T:14186629 (   0.043   0.046   0.075   0.981 304.639 8142.847 )
4393.921: I:38097 (   0.043   0.045 730.623 ) T:14224726 (   0.043   0.046   0.075   0.981 304.639 8142.847 )
4403.921: I:30182 (   0.043   0.046 1799.167 ) T:14254908 (   0.043   0.046   0.075   0.981 304.639 8142.847 )
4414.122: I:41038 (   0.043   0.045 739.839 ) T:14295946 (   0.043   0.046   0.075   0.980 304.639 8142.847 )
4423.919: I:26892 (   0.043   0.046 452.607 ) T:14322838 (   0.043   0.046   0.075   0.980 304.639 8142.847 )
4433.921: I:40611 (   0.043   0.046 1295.359 ) T:14363449 (   0.043   0.046   0.075   0.980 304.639 8142.847 )
4443.918: I:37300 (   0.043   0.045 747.007 ) T:14400749 (   0.043   0.046   0.075   0.980 304.895 8142.847 )
4453.961: I:27029 (   0.043   0.047 703.487 ) T:14427778 (   0.043   0.046   0.075   0.980 304.895 8142.847 )
4463.918: I:33922 (   0.043   0.045 1455.103 ) T:14461700 (   0.043   0.046   0.075   0.980 304.639 8142.847 )
4473.918: I:27383 (   0.043   0.045 585.727 ) T:14489083 (   0.043   0.046   0.075   0.980 304.639 8142.847 )
4483.925: I:46721 (   0.043   0.045 474.623 ) T:14535804 (   0.043   0.046   0.075   0.980 304.639 8142.847 )
4493.925: I:29058 (   0.043   0.046 829.439 ) T:14564862 (   0.043   0.046   0.075   0.980 304.639 8142.847 )
4503.926: I:31181 (   0.043   0.046 1904.639 ) T:14596043 (   0.043   0.046   0.075   0.980 304.639 8142.847 )
4513.926: I:25144 (   0.043   0.046 569.343 ) T:14621187 (   0.043   0.046   0.075   0.980 304.639 8142.847 )
4523.926: I:17052 (   0.043   0.045 582.655 ) T:14638239 (   0.043   0.046   0.075   0.980 304.639 8142.847 )
4534.207: I:21439 (   0.043   0.046 1353.727 ) T:14659678 (   0.043   0.046   0.075   0.980 304.895 8142.847 )
4543.922: I:31207 (   0.043   0.046 658.431 ) T:14690885 (   0.043   0.046   0.075   0.980 304.639 8142.847 )
4553.926: I:41386 (   0.044   0.046 564.735 ) T:14732271 (   0.043   0.046   0.075   0.979 304.639 8142.847 )
4563.921: I:32931 (   0.044   0.046 464.895 ) T:14765202 (   0.043   0.046   0.075   0.979 304.639 8142.847 )
4573.919: I:34456 (   0.044   0.047 1077.247 ) T:14799658 (   0.043   0.046   0.075   0.979 304.639 8142.847 )
4583.925: I:29793 (   0.044   0.046 664.063 ) T:14829451 (   0.043   0.046   0.075   0.979 304.639 8142.847 )
4593.921: I:43372 (   0.044   0.046 461.823 ) T:14872823 (   0.043   0.046   0.075   0.979 304.127 8142.847 )
4603.924: I:24007 (   0.043   0.046 401.919 ) T:14896830 (   0.043   0.046   0.075   0.979 304.127 8142.847 )
4613.921: I:38829 (   0.043   0.046 836.607 ) T:14935659 (   0.043   0.046   0.075   0.979 304.127 8142.847 )
4623.921: I:29940 (   0.044   0.046 637.439 ) T:14965599 (   0.043   0.046   0.075   0.979 304.383 8142.847 )
4634.028: I:29379 (   0.043   0.046 707.071 ) T:14994978 (   0.043   0.046   0.075   0.979 304.383 8142.847 )
4643.922: I:32639 (   0.044   0.046 595.967 ) T:15027617 (   0.043   0.046   0.075   0.979 304.383 8142.847 )
4653.921: I:41555 (   0.043   0.045 553.471 ) T:15069172 (   0.043   0.046   0.075   0.978 304.383 8142.847 )
4663.922: I:27824 (   0.043   0.046 397.055 ) T:15096996 (   0.043   0.046   0.075   0.978 304.383 8142.847 )
4673.921: I:39831 (   0.043   0.045 732.671 ) T:15136827 (   0.043   0.046   0.075   0.978 304.383 8142.847 )
4683.925: I:38482 (   0.043   0.046 462.591 ) T:15175309 (   0.043   0.046   0.075   0.978 304.383 8142.847 )
4694.029: I:38503 (   0.043   0.046 754.687 ) T:15213812 (   0.043   0.046   0.074   0.978 304.383 8142.847 )
4703.919: I:28939 (   0.043   0.046 566.271 ) T:15242751 (   0.043   0.046   0.074   0.978 304.383 8142.847 )
4713.925: I:22953 (   0.043   0.045 379.903 ) T:15265704 (   0.043   0.046   0.074   0.978 304.639 8142.847 )
4723.926: I:19528 (   0.043   0.045 385.791 ) T:15285232 (   0.043   0.046   0.074   0.978 304.639 8142.847 )
4733.926: I:21695 (   0.043   0.045 1051.647 ) T:15306927 (   0.043   0.046   0.074   0.978 304.639 8142.847 )
4743.918: I:29850 (   0.043   0.045 592.383 ) T:15336777 (   0.043   0.046   0.074   0.978 304.639 8142.847 )
4753.918: I:31578 (   0.043   0.046 1018.879 ) T:15368355 (   0.043   0.046   0.074   0.978 304.639 8142.847 )
4763.920: I:34549 (   0.043   0.045 801.791 ) T:15402904 (   0.043   0.046   0.074   0.978 304.639 8142.847 )
4774.021: I:41974 (   0.043   0.045 1092.607 ) T:15444878 (   0.043   0.046   0.074   0.978 304.639 8142.847 )
4783.919: I:34814 (   0.043   0.045 277.759 ) T:15479692 (   0.043   0.046   0.074   0.978 304.639 8142.847 )
4793.918: I:24544 (   0.043   0.046 1790.975 ) T:15504236 (   0.043   0.046   0.074   0.978 304.639 8142.847 )
4804.166: I:44210 (   0.044   0.046 529.919 ) T:15548446 (   0.043   0.046   0.074   0.977 304.383 8142.847 )
4813.918: I:35163 (   0.043   0.046 547.327 ) T:15583609 (   0.043   0.046   0.074   0.977 304.383 8142.847 )
4823.925: I:28339 (   0.044   0.046 1218.559 ) T:15611948 (   0.043   0.046   0.074   0.977 304.639 8142.847 )
4833.926: I:16231 (   0.044   0.065 331.775 ) T:15628179 (   0.043   0.046   0.075   0.977 304.639 8142.847 )
4843.918: I:23080 (   0.043   0.046 450.047 ) T:15651259 (   0.043   0.046   0.075   0.977 304.639 8142.847 )
4853.921: I:40046 (   0.044   0.046 628.735 ) T:15691305 (   0.043   0.046   0.074   0.977 304.639 8142.847 )
4863.925: I:34361 (   0.043   0.046 676.863 ) T:15725666 (   0.043   0.046   0.075   0.977 304.639 8142.847 )
4873.925: I:30822 (   0.044   0.047 216.063 ) T:15756488 (   0.043   0.046   0.075   0.977 304.383 8142.847 )
4883.925: I:39404 (   0.044   0.046 607.231 ) T:15795892 (   0.043   0.046   0.074   0.977 304.383 8142.847 )
4893.918: I:38151 (   0.044   0.046 802.815 ) T:15834043 (   0.043   0.046   0.074   0.977 304.383 8142.847 )
4904.083: I:38188 (   0.043   0.046 1137.663 ) T:15872231 (   0.043   0.046   0.074   0.977 304.127 8142.847 )
4913.925: I:35611 (   0.043   0.045 588.287 ) T:15907842 (   0.043   0.046   0.074   0.977 304.383 8142.847 )
4923.924: I:43946 (   0.043   0.045 515.583 ) T:15951788 (   0.043   0.046   0.074   0.977 304.127 8142.847 )
4933.925: I:22257 (   0.043   0.046 1794.047 ) T:15974045 (   0.043   0.046   0.074   0.977 304.127 8142.847 )
4943.920: I:23754 (   0.043   0.045 284.671 ) T:15997799 (   0.043   0.046   0.074   0.977 303.871 8142.847 )
4953.925: I:33064 (   0.043   0.046 1614.847 ) T:16030863 (   0.043   0.046   0.074   0.977 303.871 8142.847 )
4963.918: I:39028 (   0.043   0.045 448.767 ) T:16069891 (   0.043   0.046   0.074   0.976 303.871 8142.847 )
4974.003: I:43374 (   0.043   0.046 428.287 ) T:16113265 (   0.043   0.046   0.074   0.976 303.359 8142.847 )
4983.924: I:38530 (   0.043   0.045 834.047 ) T:16151795 (   0.043   0.046   0.074   0.976 303.359 8142.847 )
4993.925: I:19564 (   0.043   0.046 1663.999 ) T:16171359 (   0.043   0.046   0.074   0.976 303.871 8142.847 )
5003.918: I:41115 (   0.043   0.046 823.807 ) T:16212474 (   0.043   0.046   0.074   0.976 303.871 8142.847 )
5013.919: I:41607 (   0.043   0.046 648.191 ) T:16254081 (   0.043   0.046   0.074   0.976 303.871 8142.847 )
5023.921: I:30665 (   0.043   0.046 625.151 ) T:16284746 (   0.043   0.046   0.074   0.976 303.871 8142.847 )
5033.919: I:22537 (   0.042   0.045 320.767 ) T:16307283 (   0.043   0.046   0.074   0.976 303.871 8142.847 )
5043.919: I:24313 (   0.043   0.046 408.831 ) T:16331596 (   0.043   0.046   0.074   0.976 303.871 8142.847 )
5054.028: I:35155 (   0.044   0.046 1294.335 ) T:16366751 (   0.043   0.046   0.074   0.976 303.871 8142.847 )
5063.921: I:28180 (   0.043   0.046 998.911 ) T:16394931 (   0.043   0.046   0.074   0.976 303.871 8142.847 )
5073.923: I:38942 (   0.044   0.046 513.535 ) T:16433873 (   0.043   0.046   0.074   0.976 303.615 8142.847 )
5083.921: I:32547 (   0.044   0.046 848.383 ) T:16466420 (   0.043   0.046   0.074   0.976 303.871 8142.847 )
5093.925: I:20131 (   0.043   0.060 464.639 ) T:16486551 (   0.043   0.046   0.074   0.976 304.127 8142.847 )
5103.919: I:30484 (   0.044   0.047 377.599 ) T:16517035 (   0.043   0.046   0.074   0.976 304.127 8142.847 )
5113.921: I:34823 (   0.044   0.046 2328.575 ) T:16551858 (   0.043   0.046   0.074   0.976 303.871 8142.847 )
5123.918: I:36262 (   0.043   0.046 761.855 ) T:16588120 (   0.043   0.046   0.074   0.975 303.871 8142.847 )
5133.918: I:35519 (   0.044   0.046 579.583 ) T:16623639 (   0.043   0.046   0.074   0.975 303.871 8142.847 )
5143.926: I:18439 (   0.043   0.046 504.063 ) T:16642078 (   0.043   0.046   0.074   0.975 304.127 8142.847 )
5153.919: I:16666 (   0.043   0.046 580.095 ) T:16658744 (   0.043   0.046   0.074   0.975 304.383 8142.847 )
5163.923: I:30976 (   0.043   0.046 321.791 ) T:16689720 (   0.043   0.046   0.074   0.975 304.127 8142.847 )
5173.985: I:37629 (   0.043   0.046 435.711 ) T:16727349 (   0.043   0.046   0.074   0.975 304.127 8142.847 )
5183.925: I:29760 (   0.043   0.045 514.559 ) T:16757109 (   0.043   0.046   0.074   0.975 304.127 8142.847 )
5193.925: I:40756 (   0.043   0.045 564.735 ) T:16797865 (   0.043   0.046   0.074   0.975 304.127 8142.847 )
5203.924: I:40732 (   0.043   0.046 600.575 ) T:16838597 (   0.043   0.046   0.074   0.975 304.127 8142.847 )
5213.921: I:38712 (   0.043   0.045 643.583 ) T:16877309 (   0.043   0.046   0.074   0.975 304.127 8142.847 )
5223.926: I:40120 (   0.043   0.045 674.815 ) T:16917429 (   0.043   0.046   0.074   0.975 304.383 8142.847 )
5233.920: I:35051 (   0.043   0.045 589.823 ) T:16952480 (   0.043   0.046   0.074   0.975 304.383 8142.847 )
5243.922: I:27663 (   0.043   0.046 388.095 ) T:16980143 (   0.043   0.046   0.074   0.975 304.127 8142.847 )
5253.920: I:25145 (   0.043   0.046 485.375 ) T:17005288 (   0.043   0.046   0.074   0.975 304.127 8142.847 )
5263.925: I:32217 (   0.043   0.045 330.495 ) T:17037505 (   0.043   0.046   0.074   0.975 304.127 8142.847 )
5273.925: I:27975 (   0.043   0.045 1065.983 ) T:17065480 (   0.043   0.046   0.074   0.975 304.127 8142.847 )
5283.925: I:40727 (   0.043   0.046 498.431 ) T:17106207 (   0.043   0.046   0.074   0.975 304.127 8142.847 )
5294.023: I:39341 (   0.043   0.046 700.415 ) T:17145548 (   0.043   0.046   0.074   0.974 304.127 8142.847 )
5303.973: I:42761 (   0.043   0.046 1434.623 ) T:17188309 (   0.043   0.046   0.074   0.974 304.127 8142.847 )
5313.925: I:43475 (   0.044   0.046 1226.751 ) T:17231784 (   0.043   0.046   0.074   0.974 303.871 8142.847 )
5323.918: I:41087 (   0.043   0.046 922.111 ) T:17272871 (   0.043   0.046   0.074   0.974 303.871 8142.847 )
5334.070: I:34000 (   0.044   0.046 936.447 ) T:17306871 (   0.043   0.046   0.074   0.974 303.871 8142.847 )
5343.920: I:25044 (   0.043   0.046 767.999 ) T:17331915 (   0.043   0.046   0.074   0.974 304.127 8142.847 )
5353.924: I:34498 (   0.044   0.046 572.927 ) T:17366413 (   0.043   0.046   0.074   0.974 304.127 8142.847 )
5363.926: I:37918 (   0.044   0.046 410.879 ) T:17404331 (   0.043   0.046   0.074   0.974 303.871 8142.847 )
5373.918: I:38065 (   0.044   0.046 771.071 ) T:17442396 (   0.043   0.046   0.074   0.974 304.127 8142.847 )
5383.918: I:36395 (   0.044   0.046 1182.719 ) T:17478791 (   0.043   0.046   0.074   0.974 303.871 8142.847 )
5394.269: I:34184 (   0.044   0.046 804.351 ) T:17512975 (   0.043   0.046   0.074   0.974 304.127 8142.847 )
5403.924: I:32072 (   0.043   0.046 413.951 ) T:17545047 (   0.043   0.046   0.074   0.974 303.871 8142.847 )
5413.923: I:38041 (   0.043   0.045 808.447 ) T:17583088 (   0.043   0.046   0.074   0.974 304.127 8142.847 )
5424.263: I:34832 (   0.043   0.046 1128.447 ) T:17617920 (   0.043   0.046   0.074   0.973 304.383 8142.847 )
5433.926: I:30604 (   0.043   0.045 493.823 ) T:17648524 (   0.043   0.046   0.074   0.973 304.383 8142.847 )
5443.925: I:31401 (   0.043   0.045 466.943 ) T:17679925 (   0.043   0.046   0.074   0.973 304.127 8142.847 )
5453.925: I:32559 (   0.043   0.045 434.687 ) T:17712484 (   0.043   0.046   0.074   0.973 304.127 8142.847 )
5463.921: I:22356 (   0.043   0.047 638.975 ) T:17734840 (   0.043   0.046   0.074   0.973 304.383 8142.847 )
5473.926: I:32706 (   0.043   0.045 318.975 ) T:17767546 (   0.043   0.046   0.074   0.973 304.383 8142.847 )
5483.921: I:27584 (   0.043   0.045 689.663 ) T:17795130 (   0.043   0.046   0.074   0.973 304.127 8142.847 )
5493.925: I:38522 (   0.043   0.046 586.751 ) T:17833652 (   0.043   0.046   0.074   0.973 304.127 8142.847 )
5503.924: I:41599 (   0.043   0.046 702.975 ) T:17875251 (   0.043   0.046   0.074   0.973 303.871 8142.847 )
5513.925: I:39221 (   0.043   0.046 906.751 ) T:17914472 (   0.043   0.046   0.074   0.973 304.127 8142.847 )
5523.922: I:39625 (   0.043   0.045 696.319 ) T:17954097 (   0.043   0.046   0.074   0.973 303.871 8142.847 )
5533.925: I:43290 (   0.043   0.046 773.631 ) T:17997387 (   0.043   0.046   0.074   0.973 303.871 8142.847 )
5544.129: I:39263 (   0.043   0.046 655.871 ) T:18036650 (   0.043   0.046   0.074   0.973 303.615 8142.847 )
5553.921: I:30663 (   0.043   0.046 959.487 ) T:18067313 (   0.043   0.046   0.074   0.973 303.871 8142.847 )
5563.922: I:31782 (   0.043   0.046 773.119 ) T:18099095 (   0.043   0.046   0.074   0.973 303.871 8142.847 )
5574.178: I:45188 (   0.044   0.046 935.935 ) T:18144283 (   0.043   0.046   0.074   0.972 303.359 8142.847 )
5583.923: I:39405 (   0.043   0.046 1242.111 ) T:18183688 (   0.043   0.046   0.074   0.972 303.359 8142.847 )
5593.919: I:35213 (   0.044   0.046 734.207 ) T:18218901 (   0.043   0.046   0.074   0.972 303.359 8142.847 )
5603.924: I:38566 (   0.043   0.046 990.719 ) T:18257467 (   0.043   0.046   0.074   0.972 303.359 8142.847 )
5613.922: I:35032 (   0.044   0.046 522.495 ) T:18292499 (   0.043   0.046   0.073   0.972 303.359 8142.847 )
5623.922: I:27819 (   0.043   0.046 328.447 ) T:18320318 (   0.043   0.046   0.073   0.972 303.359 8142.847 )
5633.926: I:33305 (   0.043   0.046 676.351 ) T:18353623 (   0.043   0.046   0.073   0.972 303.103 8142.847 )
5643.918: I:45999 (   0.043   0.046 759.807 ) T:18399622 (   0.043   0.046   0.073   0.972 303.103 8142.847 )
5654.111: I:42356 (   0.043   0.045 1166.335 ) T:18441978 (   0.043   0.046   0.073   0.972 303.103 8142.847 )
5663.920: I:39647 (   0.043   0.045 817.151 ) T:18481625 (   0.043   0.046   0.073   0.972 302.847 8142.847 )
5673.918: I:39764 (   0.043   0.045 901.119 ) T:18521389 (   0.043   0.046   0.073   0.972 303.103 8142.847 )
5683.918: I:37010 (   0.043   0.045 802.815 ) T:18558399 (   0.043   0.046   0.073   0.972 303.103 8142.847 )
5693.921: I:39345 (   0.043   0.046 1064.959 ) T:18597744 (   0.043   0.046   0.073   0.972 303.103 8142.847 )
5703.920: I:39350 (   0.043   0.046 434.175 ) T:18637094 (   0.043   0.046   0.073   0.972 303.103 8142.847 )
5713.919: I:23646 (   0.043   0.046 681.471 ) T:18660740 (   0.043   0.046   0.073   0.972 303.103 8142.847 )
5723.925: I:9408 (   0.043   0.046 3405.823 ) T:18670148 (   0.043   0.046   0.073   0.972 303.103 8142.847 )
5733.922: I:13244 (   0.044   0.067 634.879 ) T:18683392 (   0.043   0.046   0.073   0.972 303.103 8142.847 )
5743.918: I:32874 (   0.044   0.046 727.551 ) T:18716266 (   0.043   0.046   0.073   0.972 303.359 8142.847 )
5753.925: I:40375 (   0.043   0.046 340.479 ) T:18756641 (   0.043   0.046   0.073   0.972 303.103 8142.847 )
5763.918: I:41600 (   0.043   0.046 990.207 ) T:18798241 (   0.043   0.046   0.073   0.971 303.103 8142.847 )
5774.011: I:43846 (   0.043   0.046 411.903 ) T:18842087 (   0.043   0.046   0.073   0.971 302.847 8142.847 )
5783.919: I:31524 (   0.044   0.047 652.287 ) T:18873611 (   0.043   0.046   0.073   0.971 302.847 8142.847 )
5793.919: I:32569 (   0.043   0.046 361.471 ) T:18906180 (   0.043   0.046   0.073   0.971 302.591 8142.847 )
5809.574: I:16792 (   0.044   0.046 655.871 ) T:18922972 (   0.043   0.046   0.073   0.971 302.591 8142.847 )
5813.926: I:7748 (   0.042   0.045 346.879 ) T:18930720 (   0.043   0.046   0.073   0.971 302.591 8142.847 )
5823.926: I:13808 (   0.044   0.046 361.471 ) T:18944528 (   0.043   0.046   0.073   0.971 302.591 8142.847 )
5834.246: I:26300 (   0.044   0.046 467.455 ) T:18970828 (   0.043   0.046   0.073   0.971 302.847 8142.847 )
5843.918: I:32582 (   0.043   0.046 736.255 ) T:19003410 (   0.043   0.046   0.073   0.971 302.847 8142.847 )
5853.923: I:40464 (   0.043   0.046 708.607 ) T:19043874 (   0.043   0.046   0.073   0.971 302.847 8142.847 )
5863.918: I:40173 (   0.044   0.046 908.287 ) T:19084047 (   0.043   0.046   0.073   0.971 302.847 8142.847 )
5873.918: I:45738 (   0.043   0.046 495.615 ) T:19129785 (   0.043   0.046   0.073   0.971 302.591 8142.847 )
5884.167: I:40719 (   0.044   0.046 952.831 ) T:19170504 (   0.043   0.046   0.073   0.971 302.591 8142.847 )
5893.918: I:30162 (   0.044   0.046 429.823 ) T:19200666 (   0.043   0.046   0.073   0.971 302.591 8142.847 )
5903.925: I:33076 (   0.044   0.046 406.527 ) T:19233742 (   0.043   0.046   0.073   0.971 302.591 8142.847 )
5913.926: I:24114 (   0.044   0.047 386.815 ) T:19257856 (   0.043   0.046   0.073   0.971 302.591 8142.847 )
5923.925: I:35311 (   0.044   0.047 1227.775 ) T:19293167 (   0.043   0.046   0.073   0.971 302.335 8142.847 )
5933.918: I:21740 (   0.044   0.046 688.639 ) T:19314907 (   0.043   0.046   0.073   0.971 302.335 8142.847 )
5943.922: I:30063 (   0.043   0.046 829.951 ) T:19344970 (   0.043   0.046   0.073   0.971 302.079 8142.847 )
5953.927: I:31933 (   0.043   0.046 1073.151 ) T:19376903 (   0.043   0.046   0.073   0.971 302.079 8142.847 )
5963.919: I:22404 (   0.043   0.046 1405.951 ) T:19399307 (   0.043   0.046   0.073   0.971 302.847 8142.847 )
5973.921: I:33116 (   0.044   0.046 749.567 ) T:19432423 (   0.043   0.046   0.073   0.971 302.591 8142.847 )
5983.926: I:24770 (   0.044   0.046 1257.471 ) T:19457193 (   0.043   0.046   0.073   0.971 302.847 8142.847 )
5993.941: I:29568 (   0.043   0.045 772.095 ) T:19486761 (   0.043   0.046   0.073   0.971 303.103 8142.847 )
6003.984: I:31105 (   0.043   0.046 1248.255 ) T:19517866 (   0.043   0.046   0.073   0.971 303.103 8142.847 )
6013.920: I:31923 (   0.043   0.046 1055.743 ) T:19549789 (   0.043   0.046   0.073   0.971 303.359 8142.847 )
6023.919: I:30541 (   0.043   0.045 1432.575 ) T:19580330 (   0.043   0.046   0.073   0.971 303.103 8142.847 )
6033.918: I:32149 (   0.043   0.045 1345.535 ) T:19612479 (   0.043   0.046   0.073   0.971 303.359 8142.847 )
6043.982: I:30368 (   0.043   0.046 425.215 ) T:19642847 (   0.043   0.046   0.073   0.971 303.359 8142.847 )
6053.924: I:33709 (   0.042   0.045 457.471 ) T:19676556 (   0.043   0.046   0.073   0.971 303.359 8142.847 )
6063.919: I:27764 (   0.043   0.045 840.703 ) T:19704320 (   0.043   0.046   0.073   0.971 303.615 8142.847 )
6073.923: I:34388 (   0.043   0.045 863.743 ) T:19738708 (   0.043   0.046   0.073   0.971 303.871 8142.847 )
6084.003: I:31071 (   0.043   0.045 701.951 ) T:19769779 (   0.043   0.046   0.073   0.971 303.871 8142.847 )
6093.919: I:19139 (   0.043   0.049 365.567 ) T:19788918 (   0.043   0.046   0.073   0.971 303.615 8142.847 )
6103.918: I:40252 (   0.043   0.046 983.039 ) T:19829170 (   0.043   0.046   0.073   0.971 303.615 8142.847 )
6113.918: I:37163 (   0.043   0.045 1246.207 ) T:19866333 (   0.043   0.046   0.073   0.971 303.359 8142.847 )
6123.920: I:24694 (   0.044   0.047 1437.695 ) T:19891027 (   0.043   0.046   0.073   0.971 303.615 8142.847 )
6133.918: I:28689 (   0.043   0.047 427.007 ) T:19919716 (   0.043   0.046   0.073   0.971 303.615 8142.847 )
6143.918: I:48222 (   0.043   0.046 721.919 ) T:19967938 (   0.043   0.046   0.073   0.971 303.359 8142.847 )
6153.917: I:46117 (   0.044   0.046 984.575 ) T:20014055 (   0.043   0.046   0.073   0.971 303.359 8142.847 )
6164.044: I:39747 (   0.044   0.046 758.271 ) T:20053802 (   0.043   0.046   0.073   0.970 303.103 8142.847 )
6173.919: I:33467 (   0.044   0.047 636.415 ) T:20087269 (   0.043   0.046   0.073   0.970 303.359 8142.847 )
6183.919: I:23790 (   0.044   0.047 414.463 ) T:20111059 (   0.043   0.046   0.073   0.970 303.359 8142.847 )
6193.926: I:11674 (   0.043   0.046 1691.647 ) T:20122733 (   0.043   0.046   0.073   0.971 303.359 8142.847 )
6203.918: I:24789 (   0.043   0.046 1215.487 ) T:20147522 (   0.043   0.046   0.073   0.971 303.359 8142.847 )
6213.918: I:34067 (   0.044   0.046 545.279 ) T:20181589 (   0.043   0.046   0.073   0.971 303.359 8142.847 )
6223.925: I:32927 (   0.044   0.046 596.991 ) T:20214516 (   0.043   0.046   0.073   0.970 303.615 8142.847 )
6233.926: I:17877 (   0.043   0.046 556.543 ) T:20232393 (   0.043   0.046   0.073   0.970 303.615 8142.847 )
6244.116: I:31601 (   0.044   0.046 581.119 ) T:20263994 (   0.043   0.046   0.073   0.970 303.615 8142.847 )
6253.919: I:32547 (   0.043   0.046 447.487 ) T:20296541 (   0.043   0.046   0.073   0.970 303.871 8142.847 )
6263.925: I:37723 (   0.044   0.046 305.407 ) T:20334264 (   0.043   0.046   0.073   0.970 303.615 8142.847 )
6273.918: I:35031 (   0.043   0.045 963.071 ) T:20369295 (   0.043   0.046   0.073   0.970 303.615 8142.847 )
6283.941: I:42384 (   0.043   0.045 940.543 ) T:20411679 (   0.043   0.046   0.073   0.970 303.615 8142.847 )
6293.918: I:44598 (   0.043   0.045 1329.151 ) T:20456277 (   0.043   0.046   0.073   0.970 303.359 8142.847 )
6303.921: I:32644 (   0.043   0.046 619.007 ) T:20488921 (   0.043   0.046   0.073   0.970 303.615 8142.847 )
6313.922: I:34770 (   0.043   0.045 905.215 ) T:20523691 (   0.043   0.046   0.073   0.970 303.615 8142.847 )
6324.258: I:38804 (   0.043   0.046 2441.215 ) T:20562495 (   0.043   0.046   0.073   0.970 303.615 8142.847 )
6333.919: I:20174 (   0.043   0.045 779.263 ) T:20582669 (   0.043   0.046   0.073   0.970 303.871 8142.847 )
6343.919: I:33337 (   0.043   0.045 851.967 ) T:20616006 (   0.043   0.046   0.073   0.970 303.871 8142.847 )
6353.923: I:33259 (   0.043   0.045 416.255 ) T:20649265 (   0.043   0.046   0.073   0.970 303.615 8142.847 )
6363.919: I:47253 (   0.043   0.046 814.079 ) T:20696518 (   0.043   0.046   0.073   0.970 303.359 8142.847 )
6373.922: I:36796 (   0.043   0.046 877.055 ) T:20733314 (   0.043   0.046   0.073   0.970 303.359 8142.847 )
6384.182: I:37772 (   0.043   0.045 636.927 ) T:20771086 (   0.043   0.046   0.073   0.970 303.359 8142.847 )
6393.926: I:32244 (   0.043   0.045 437.759 ) T:20803330 (   0.043   0.046   0.073   0.970 303.359 8142.847 )
6403.925: I:31113 (   0.043   0.046 1705.983 ) T:20834443 (   0.043   0.046   0.073   0.970 303.615 8142.847 )
6413.924: I:24858 (   0.044   0.047 982.527 ) T:20859301 (   0.043   0.046   0.073   0.970 303.871 8142.847 )
6423.919: I:12943 (   0.043   0.047 1641.471 ) T:20872244 (   0.043   0.046   0.073   0.970 303.871 8142.847 )
6434.235: I:7921 (   0.044   0.046 2332.671 ) T:20880165 (   0.043   0.046   0.073   0.970 303.871 8142.847 )
6445.086: I:4239 (   0.042   0.047 5652.479 ) T:20884404 (   0.043   0.046   0.073   0.970 304.127 8142.847 )
6453.924: I:14689 (   0.043   0.046 1331.199 ) T:20899093 (   0.043   0.046   0.073   0.970 304.639 8142.847 )
6464.008: I:13857 (   0.043   0.047 3461.119 ) T:20912950 (   0.043   0.046   0.073   0.970 304.639 8142.847 )
6473.918: I:30460 (   0.043   0.046 826.879 ) T:20943410 (   0.043   0.046   0.073   0.970 304.639 8142.847 )
6483.918: I:40609 (   0.044   0.046 1058.815 ) T:20984019 (   0.043   0.046   0.073   0.970 304.639 8142.847 )
6493.921: I:37185 (   0.043   0.046 353.791 ) T:21021204 (   0.043   0.046   0.073   0.970 304.639 8142.847 )
6504.157: I:44202 (   0.044   0.046 1895.423 ) T:21065406 (   0.043   0.046   0.073   0.970 304.383 8142.847 )
6513.918: I:39577 (   0.044   0.046 894.975 ) T:21104983 (   0.043   0.046   0.073   0.970 304.383 8142.847 )
6522.197: I:34219 (   0.044   0.047 407.039 ) T:21139202 (   0.043   0.046   0.073   0.970 304.127 8142.847 )
6524.194: I:0 (   0.000   0.000   0.000 ) T:21139202 (   0.043   0.046   0.073   0.970 304.127 8142.847 )
