#[Interval percentile log between 0.000 and <Infinite> seconds (relative to StartTime)]
#[StartTime: 1525098320.276 (seconds since epoch), Mon Apr 30 16:25:20 CEST 2018]
Time: IntervalPercentiles:count ( 50% 90% Max ) TotalPercentiles:count ( 50% 90% 99% 99.9% 99.99% Max )
4.095: I:3346 (   0.118   0.304 215.423 ) T:3346 (   0.118   0.304   1.175 176.127 215.423 215.423 )
14.062: I:21361 (   0.047   0.071 325.375 ) T:24707 (   0.050   0.092   0.410 174.079 265.983 325.375 )
24.058: I:43041 (   0.037   0.046 553.983 ) T:67748 (   0.039   0.070   0.248 143.103 314.623 553.983 )
34.057: I:48376 (   0.037   0.043 900.607 ) T:116124 (   0.038   0.059   0.187  97.727 314.623 900.607 )
44.053: I:57420 (   0.037   0.042 518.399 ) T:173544 (   0.038   0.051   0.147   7.547 330.239 900.607 )
54.055: I:25046 (   0.040   0.060 727.039 ) T:198590 (   0.038   0.054   0.137  23.279 336.639 900.607 )
64.055: I:35086 (   0.039   0.056 618.495 ) T:233676 (   0.038   0.055   0.124  31.743 330.239 900.607 )
74.056: I:71305 (   0.037   0.042 727.551 ) T:304981 (   0.038   0.051   0.105   1.809 325.375 900.607 )
84.055: I:69341 (   0.038   0.043 960.511 ) T:374322 (   0.038   0.049   0.097   1.240 314.623 960.511 )
94.054: I:83543 (   0.038   0.043 922.111 ) T:457865 (   0.038   0.045   0.092   1.144 305.663 960.511 )
104.051: I:57654 (   0.037   0.042 934.399 ) T:515519 (   0.038   0.044   0.090   1.129 314.623 960.511 )
114.047: I:73356 (   0.038   0.042 688.639 ) T:588875 (   0.038   0.044   0.088   1.105 315.647 960.511 )
124.054: I:59239 (   0.038   0.042 603.135 ) T:648114 (   0.038   0.043   0.087   1.098 314.623 960.511 )
134.047: I:74062 (   0.038   0.043 916.479 ) T:722176 (   0.038   0.043   0.087   1.045 313.343 960.511 )
144.051: I:70109 (   0.038   0.043 933.375 ) T:792285 (   0.038   0.043   0.085   0.643 306.687 960.511 )
154.047: I:92475 (   0.038   0.043 727.039 ) T:884760 (   0.038   0.043   0.084   0.554 303.871 960.511 )
164.054: I:54165 (   0.038   0.043 1571.839 ) T:938925 (   0.038   0.043   0.084   0.508 308.223 1571.839 )
174.053: I:42416 (   0.038   0.044 709.119 ) T:981341 (   0.038   0.043   0.083   0.541 308.223 1571.839 )
184.054: I:68261 (   0.038   0.043 994.815 ) T:1049602 (   0.038   0.043   0.083   0.474 313.599 1571.839 )
194.048: I:52771 (   0.038   0.044 700.415 ) T:1102373 (   0.038   0.043   0.083   0.473 313.599 1571.839 )
204.055: I:75643 (   0.039   0.043 1087.487 ) T:1178016 (   0.038   0.043   0.082   0.444 306.687 1571.839 )
214.054: I:75676 (   0.039   0.044 725.503 ) T:1253692 (   0.038   0.043   0.081   0.419 308.223 1571.839 )
224.051: I:43915 (   0.038   0.043 718.847 ) T:1297607 (   0.038   0.043   0.081   0.425 313.599 1571.839 )
234.054: I:26321 (   0.039   0.044 1385.471 ) T:1323928 (   0.038   0.043   0.081   0.452 313.343 1571.839 )
244.050: I:82789 (   0.039   0.044 776.703 ) T:1406717 (   0.038   0.043   0.080   0.427 306.687 1571.839 )
254.051: I:83061 (   0.039   0.044 514.047 ) T:1489778 (   0.038   0.043   0.080   0.403 306.687 1571.839 )
264.054: I:68802 (   0.039   0.044 640.511 ) T:1558580 (   0.038   0.043   0.079   0.385 306.687 1571.839 )
274.050: I:78390 (   0.039   0.044 1441.791 ) T:1636970 (   0.038   0.044   0.079   0.369 305.663 1571.839 )
284.047: I:85776 (   0.039   0.044 720.383 ) T:1722746 (   0.038   0.044   0.078   0.350 296.447 1571.839 )
294.046: I:97740 (   0.039   0.044 896.511 ) T:1820486 (   0.038   0.044   0.077   0.330 290.303 1571.839 )
304.048: I:65116 (   0.039   0.045 1199.103 ) T:1885602 (   0.038   0.044   0.078   0.318 291.327 1571.839 )
314.053: I:69208 (   0.039   0.044 608.255 ) T:1954810 (   0.038   0.044   0.078   0.308 290.303 1571.839 )
324.056: I:23329 (   0.041   0.091 815.615 ) T:1978139 (   0.038   0.044   0.083   0.330 291.327 1571.839 )
334.047: I:32856 (   0.039   0.053 810.495 ) T:2010995 (   0.038   0.044   0.083   0.338 291.327 1571.839 )
344.052: I:69388 (   0.039   0.043 860.159 ) T:2080383 (   0.038   0.044   0.083   0.321 291.327 1571.839 )
354.054: I:69145 (   0.039   0.043 652.799 ) T:2149528 (   0.038   0.044   0.083   0.317 290.047 1571.839 )
364.047: I:65322 (   0.039   0.043 1363.967 ) T:2214850 (   0.038   0.044   0.082   0.306 290.047 1571.839 )
374.047: I:80020 (   0.039   0.043 868.351 ) T:2294870 (   0.038   0.044   0.082   0.299 286.463 1571.839 )
384.049: I:87304 (   0.039   0.043 772.607 ) T:2382174 (   0.038   0.044   0.082   0.289 285.439 1571.839 )
394.053: I:78144 (   0.039   0.043 1203.199 ) T:2460318 (   0.038   0.044   0.081   0.284 283.391 1571.839 )
404.054: I:54732 (   0.039   0.044 1421.311 ) T:2515050 (   0.038   0.044   0.081   0.284 284.159 1571.839 )
414.053: I:31780 (   0.040   0.058 582.143 ) T:2546830 (   0.038   0.044   0.081   0.292 284.159 1571.839 )
424.052: I:29251 (   0.041   0.061 303.615 ) T:2576081 (   0.038   0.044   0.082   0.301 283.391 1571.839 )
434.053: I:53210 (   0.039   0.043 876.543 ) T:2629291 (   0.038   0.044   0.082   0.302 283.135 1571.839 )
444.050: I:66093 (   0.038   0.044 860.159 ) T:2695384 (   0.038   0.044   0.082   0.297 283.391 1571.839 )
454.046: I:59094 (   0.038   0.043 446.463 ) T:2754478 (   0.038   0.044   0.082   0.294 285.695 1571.839 )
464.052: I:76425 (   0.039   0.043 736.255 ) T:2830903 (   0.038   0.044   0.081   0.288 285.439 1571.839 )
474.053: I:73749 (   0.039   0.044 1503.231 ) T:2904652 (   0.038   0.044   0.081   0.284 284.159 1571.839 )
484.053: I:67085 (   0.039   0.043 633.343 ) T:2971737 (   0.038   0.044   0.081   0.280 285.439 1571.839 )
494.056: I:28380 (   0.040   0.063 411.391 ) T:3000117 (   0.038   0.044   0.082   0.287 285.951 1571.839 )
504.055: I:20109 (   0.040   0.089 1330.175 ) T:3020226 (   0.038   0.044   0.083   0.295 287.487 1571.839 )
514.092: I:74161 (   0.039   0.044 588.287 ) T:3094387 (   0.038   0.044   0.083   0.291 287.487 1571.839 )
524.051: I:64924 (   0.039   0.043 637.439 ) T:3159311 (   0.038   0.044   0.083   0.289 287.487 1571.839 )
534.051: I:24723 (   0.041   0.066 1006.079 ) T:3184034 (   0.038   0.044   0.083   0.298 288.255 1571.839 )
544.051: I:88615 (   0.039   0.043 1213.439 ) T:3272649 (   0.038   0.044   0.083   0.289 285.951 1571.839 )
554.051: I:68606 (   0.039   0.044 573.951 ) T:3341255 (   0.038   0.044   0.083   0.286 285.951 1571.839 )
564.054: I:47137 (   0.039   0.044 851.967 ) T:3388392 (   0.038   0.044   0.083   0.289 286.463 1571.839 )
574.054: I:54025 (   0.038   0.043 3553.279 ) T:3442417 (   0.038   0.044   0.083   0.286 286.207 3553.279 )
584.051: I:66430 (   0.039   0.044 2609.151 ) T:3508847 (   0.038   0.044   0.083   0.281 286.207 3553.279 )
594.053: I:72861 (   0.039   0.043 965.631 ) T:3581708 (   0.038   0.044   0.082   0.276 285.951 3553.279 )
604.050: I:75368 (   0.039   0.044 858.623 ) T:3657076 (   0.038   0.044   0.082   0.272 285.695 3553.279 )
614.054: I:62697 (   0.039   0.044 473.599 ) T:3719773 (   0.038   0.044   0.082   0.271 285.951 3553.279 )
624.051: I:26643 (   0.041   0.093 449.023 ) T:3746416 (   0.039   0.044   0.085   0.280 285.951 3553.279 )
634.052: I:61728 (   0.039   0.044 1245.183 ) T:3808144 (   0.039   0.044   0.085   0.278 285.695 3553.279 )
644.057: I:44538 (   0.039   0.054 569.343 ) T:3852682 (   0.039   0.044   0.085   0.282 285.951 3553.279 )
654.054: I:31390 (   0.039   0.044 406.271 ) T:3884072 (   0.039   0.044   0.085   0.288 285.951 3553.279 )
664.054: I:33267 (   0.039   0.044 1297.407 ) T:3917339 (   0.039   0.044   0.085   0.294 286.207 3553.279 )
674.047: I:62280 (   0.039   0.044 888.319 ) T:3979619 (   0.039   0.044   0.085   0.292 287.487 3553.279 )
684.051: I:76590 (   0.039   0.044 791.551 ) T:4056209 (   0.039   0.044   0.085   0.287 286.463 3553.279 )
694.047: I:81612 (   0.040   0.045 705.023 ) T:4137821 (   0.039   0.044   0.084   0.281 286.463 3553.279 )
704.046: I:83838 (   0.040   0.045 845.823 ) T:4221659 (   0.039   0.044   0.084   0.274 285.951 3553.279 )
714.054: I:80872 (   0.040   0.045 696.831 ) T:4302531 (   0.039   0.044   0.084   0.270 285.951 3553.279 )
724.047: I:59767 (   0.040   0.045 878.079 ) T:4362298 (   0.039   0.044   0.084   0.268 287.743 3553.279 )
734.046: I:48524 (   0.040   0.045 616.959 ) T:4410822 (   0.039   0.044   0.084   0.268 288.767 3553.279 )
744.054: I:66697 (   0.040   0.045 781.311 ) T:4477519 (   0.039   0.044   0.083   0.267 288.767 3553.279 )
754.053: I:64051 (   0.040   0.045 986.623 ) T:4541570 (   0.039   0.044   0.083   0.266 288.255 3553.279 )
764.053: I:74659 (   0.040   0.044 684.543 ) T:4616229 (   0.039   0.044   0.083   0.264 288.767 3553.279 )
774.046: I:54688 (   0.040   0.044 1643.519 ) T:4670917 (   0.039   0.044   0.083   0.263 289.279 3553.279 )
784.054: I:9030 (   0.041   0.051 2052.095 ) T:4679947 (   0.039   0.044   0.083   0.263 291.071 3553.279 )
794.054: I:1725 (   0.043   0.087 8142.847 ) T:4681672 (   0.039   0.044   0.083   0.264 293.119 8142.847 )
804.047: I:14466 (   0.040   0.053 1262.591 ) T:4696138 (   0.039   0.044   0.083   0.265 295.679 8142.847 )
814.051: I:14410 (   0.040   0.044 5926.911 ) T:4710548 (   0.039   0.044   0.083   0.265 295.935 8142.847 )
824.054: I:37646 (   0.040   0.045 836.607 ) T:4748194 (   0.039   0.044   0.083   0.266 296.191 8142.847 )
834.047: I:36789 (   0.040   0.045 3641.343 ) T:4784983 (   0.039   0.044   0.083   0.265 296.191 8142.847 )
844.046: I:55232 (   0.040   0.046 754.687 ) T:4840215 (   0.039   0.044   0.083   0.265 295.935 8142.847 )
854.047: I:79739 (   0.040   0.044 854.527 ) T:4919954 (   0.039   0.044   0.083   0.262 296.191 8142.847 )
864.051: I:59289 (   0.040   0.045 737.791 ) T:4979243 (   0.039   0.044   0.083   0.261 296.191 8142.847 )
874.050: I:48539 (   0.040   0.046 506.623 ) T:5027782 (   0.039   0.044   0.083   0.262 295.935 8142.847 )
884.053: I:63060 (   0.040   0.045 641.535 ) T:5090842 (   0.039   0.044   0.083   0.261 295.935 8142.847 )
894.046: I:52739 (   0.040   0.046 1629.183 ) T:5143581 (   0.039   0.044   0.083   0.260 296.447 8142.847 )
904.051: I:63154 (   0.040   0.045 1025.535 ) T:5206735 (   0.039   0.044   0.082   0.259 296.447 8142.847 )
914.052: I:61504 (   0.041   0.046 828.415 ) T:5268239 (   0.039   0.044   0.083   0.258 296.447 8142.847 )
924.052: I:42272 (   0.041   0.045 720.383 ) T:5310511 (   0.039   0.044   0.083   0.259 296.447 8142.847 )
934.046: I:72166 (   0.041   0.045 671.231 ) T:5382677 (   0.039   0.044   0.082   0.257 296.191 8142.847 )
944.051: I:63877 (   0.041   0.046 883.199 ) T:5446554 (   0.039   0.044   0.082   0.257 295.935 8142.847 )
954.054: I:42869 (   0.041   0.045 1431.551 ) T:5489423 (   0.039   0.044   0.082   0.258 295.935 8142.847 )
964.048: I:66817 (   0.041   0.046 1654.783 ) T:5556240 (   0.039   0.044   0.083   0.257 295.935 8142.847 )
974.050: I:79874 (   0.041   0.046 538.111 ) T:5636114 (   0.039   0.044   0.083   0.254 295.679 8142.847 )
984.048: I:63649 (   0.040   0.045 691.199 ) T:5699763 (   0.039   0.044   0.082   0.253 295.935 8142.847 )
994.051: I:52293 (   0.041   0.045 568.831 ) T:5752056 (   0.039   0.044   0.082   0.253 295.935 8142.847 )
1004.055: I:70657 (   0.041   0.046 854.015 ) T:5822713 (   0.039   0.044   0.082   0.252 295.679 8142.847 )
1014.046: I:84465 (   0.040   0.045 1219.583 ) T:5907178 (   0.039   0.044   0.082   0.248 294.911 8142.847 )
1024.047: I:53073 (   0.040   0.045 826.879 ) T:5960251 (   0.039   0.044   0.082   0.249 294.911 8142.847 )
1034.052: I:66067 (   0.040   0.045 624.639 ) T:6026318 (   0.039   0.044   0.082   0.247 295.167 8142.847 )
1044.122: I:66906 (   0.040   0.045 876.031 ) T:6093224 (   0.039   0.044   0.081   0.247 294.911 8142.847 )
1054.050: I:63414 (   0.040   0.045 487.679 ) T:6156638 (   0.039   0.044   0.081   0.247 293.887 8142.847 )
1064.053: I:80190 (   0.040   0.045 537.087 ) T:6236828 (   0.039   0.044   0.081   0.245 293.631 8142.847 )
1074.052: I:27699 (   0.040   0.045 897.535 ) T:6264527 (   0.039   0.044   0.081   0.247 294.911 8142.847 )
1084.046: I:65000 (   0.040   0.045 625.151 ) T:6329527 (   0.039   0.044   0.081   0.247 294.655 8142.847 )
1094.051: I:78514 (   0.040   0.045 1125.375 ) T:6408041 (   0.039   0.044   0.081   0.244 293.119 8142.847 )
1104.046: I:79151 (   0.040   0.045 1750.015 ) T:6487192 (   0.039   0.044   0.081   0.242 292.095 8142.847 )
1114.051: I:69390 (   0.040   0.045 1174.527 ) T:6556582 (   0.039   0.045   0.081   0.240 292.095 8142.847 )
1124.053: I:57197 (   0.040   0.045 476.415 ) T:6613779 (   0.039   0.045   0.081   0.240 293.375 8142.847 )
1134.053: I:81738 (   0.040   0.045 749.055 ) T:6695517 (   0.039   0.045   0.080   0.238 293.119 8142.847 )
1144.053: I:78399 (   0.040   0.045 926.207 ) T:6773916 (   0.039   0.045   0.080   0.236 293.119 8142.847 )
1157.199: I:73473 (   0.040   0.045 3774.463 ) T:6847389 (   0.039   0.045   0.080   0.235 293.119 8142.847 )
1164.051: I:64827 (   0.041   0.045 817.151 ) T:6912216 (   0.039   0.045   0.080   0.234 291.071 8142.847 )
1174.047: I:81500 (   0.041   0.045 1072.127 ) T:6993716 (   0.039   0.045   0.080   0.232 290.303 8142.847 )
1184.049: I:72951 (   0.041   0.046 825.855 ) T:7066667 (   0.039   0.045   0.080   0.231 290.303 8142.847 )
1194.047: I:68745 (   0.040   0.045 1283.071 ) T:7135412 (   0.039   0.045   0.080   0.230 290.303 8142.847 )
1204.052: I:63792 (   0.041   0.045 532.479 ) T:7199204 (   0.039   0.045   0.080   0.229 291.071 8142.847 )
1214.051: I:70352 (   0.041   0.046 1569.791 ) T:7269556 (   0.039   0.045   0.080   0.228 290.303 8142.847 )
1224.046: I:65923 (   0.041   0.045 682.495 ) T:7335479 (   0.039   0.045   0.080   0.227 290.559 8142.847 )
1234.052: I:66317 (   0.040   0.046 760.831 ) T:7401796 (   0.039   0.045   0.079   0.226 290.559 8142.847 )
1244.047: I:67663 (   0.041   0.045 816.639 ) T:7469459 (   0.039   0.045   0.079   0.225 291.327 8142.847 )
1254.047: I:53123 (   0.041   0.046 812.543 ) T:7522582 (   0.039   0.045   0.079   0.225 293.119 8142.847 )
1264.047: I:61425 (   0.040   0.045 1170.431 ) T:7584007 (   0.039   0.045   0.079   0.225 293.119 8142.847 )
1274.052: I:26287 (   0.041   0.055 782.335 ) T:7610294 (   0.039   0.045   0.079   0.226 294.399 8142.847 )
1284.113: I:81442 (   0.041   0.046 477.695 ) T:7691736 (   0.039   0.045   0.079   0.225 293.119 8142.847 )
1294.046: I:77661 (   0.041   0.045 783.359 ) T:7769397 (   0.039   0.045   0.079   0.224 293.119 8142.847 )
1304.054: I:57575 (   0.040   0.045 714.239 ) T:7826972 (   0.039   0.045   0.079   0.224 293.119 8142.847 )
1314.054: I:59767 (   0.040   0.045 1002.495 ) T:7886739 (   0.039   0.045   0.079   0.223 293.375 8142.847 )
1324.051: I:57165 (   0.039   0.044 739.327 ) T:7943904 (   0.039   0.045   0.079   0.223 293.119 8142.847 )
1334.053: I:66716 (   0.040   0.045 726.015 ) T:8010620 (   0.039   0.045   0.079   0.222 293.375 8142.847 )
1344.053: I:81472 (   0.040   0.045 944.639 ) T:8092092 (   0.039   0.045   0.079   0.221 293.119 8142.847 )
1354.052: I:63914 (   0.039   0.044 807.423 ) T:8156006 (   0.039   0.045   0.079   0.220 293.375 8142.847 )
1364.050: I:84364 (   0.040   0.045 887.807 ) T:8240370 (   0.039   0.045   0.079   0.219 293.119 8142.847 )
1374.052: I:76966 (   0.040   0.045 790.527 ) T:8317336 (   0.039   0.045   0.078   0.218 293.119 8142.847 )
1384.049: I:72548 (   0.040   0.045 939.007 ) T:8389884 (   0.039   0.045   0.078   0.217 293.375 8142.847 )
1394.054: I:67275 (   0.040   0.045 717.823 ) T:8457159 (   0.039   0.045   0.078   0.216 293.631 8142.847 )
1404.050: I:70696 (   0.040   0.045 760.319 ) T:8527855 (   0.039   0.045   0.078   0.215 293.375 8142.847 )
1414.050: I:54493 (   0.040   0.045 829.951 ) T:8582348 (   0.039   0.045   0.078   0.215 293.631 8142.847 )
1424.052: I:60090 (   0.040   0.044 741.375 ) T:8642438 (   0.039   0.045   0.078   0.214 293.631 8142.847 )
1434.053: I:37921 (   0.040   0.045 433.151 ) T:8680359 (   0.039   0.045   0.078   0.215 294.655 8142.847 )
1444.054: I:48334 (   0.040   0.044 639.487 ) T:8728693 (   0.039   0.045   0.078   0.215 294.655 8142.847 )
1454.083: I:44732 (   0.040   0.045 3420.159 ) T:8773425 (   0.039   0.045   0.078   0.215 294.655 8142.847 )
1464.044: I:81545 (   0.040   0.045 839.679 ) T:8854970 (   0.039   0.045   0.078   0.214 294.399 8142.847 )
1474.052: I:60100 (   0.040   0.045 732.159 ) T:8915070 (   0.039   0.045   0.078   0.214 294.143 8142.847 )
1484.051: I:68346 (   0.040   0.045 797.183 ) T:8983416 (   0.039   0.045   0.078   0.213 294.655 8142.847 )
1494.050: I:82359 (   0.040   0.045 719.871 ) T:9065775 (   0.039   0.045   0.078   0.212 294.143 8142.847 )
1504.051: I:56081 (   0.040   0.045 728.575 ) T:9121856 (   0.039   0.045   0.078   0.212 294.655 8142.847 )
1514.054: I:50844 (   0.041   0.045 965.631 ) T:9172700 (   0.039   0.045   0.078   0.212 294.655 8142.847 )
1524.050: I:71779 (   0.041   0.046 915.967 ) T:9244479 (   0.039   0.045   0.078   0.211 294.143 8142.847 )
1534.046: I:65845 (   0.040   0.045 650.751 ) T:9310324 (   0.040   0.045   0.078   0.211 294.655 8142.847 )
1544.053: I:24488 (   0.040   0.046 724.991 ) T:9334812 (   0.040   0.045   0.078   0.213 294.911 8142.847 )
1554.052: I:67532 (   0.041   0.045 777.215 ) T:9402344 (   0.040   0.045   0.077   0.212 294.655 8142.847 )
1564.053: I:68348 (   0.040   0.046 598.527 ) T:9470692 (   0.040   0.045   0.077   0.211 294.655 8142.847 )
1574.050: I:64070 (   0.041   0.045 1070.079 ) T:9534762 (   0.040   0.045   0.077   0.211 294.911 8142.847 )
1584.053: I:63019 (   0.040   0.045 990.207 ) T:9597781 (   0.040   0.045   0.077   0.210 295.167 8142.847 )
1594.053: I:74050 (   0.040   0.045 542.207 ) T:9671831 (   0.040   0.045   0.077   0.209 294.911 8142.847 )
1604.046: I:86734 (   0.040   0.045 688.127 ) T:9758565 (   0.040   0.045   0.077   0.208 294.655 8142.847 )
1614.046: I:65010 (   0.040   0.045 904.191 ) T:9823575 (   0.040   0.045   0.077   0.208 294.911 8142.847 )
1624.047: I:79623 (   0.040   0.045 652.799 ) T:9903198 (   0.040   0.045   0.077   0.207 294.655 8142.847 )
1634.053: I:56361 (   0.040   0.045 648.191 ) T:9959559 (   0.040   0.045   0.077   0.207 294.911 8142.847 )
1644.050: I:57348 (   0.040   0.045 1129.471 ) T:10016907 (   0.040   0.045   0.077   0.207 294.911 8142.847 )
1654.046: I:80927 (   0.040   0.045 592.895 ) T:10097834 (   0.040   0.045   0.077   0.206 294.911 8142.847 )
1664.046: I:81193 (   0.040   0.045 900.095 ) T:10179027 (   0.040   0.045   0.077   0.206 294.655 8142.847 )
1674.048: I:60593 (   0.040   0.045 2232.319 ) T:10239620 (   0.040   0.045   0.077   0.205 294.655 8142.847 )
1684.053: I:66618 (   0.040   0.045 1079.295 ) T:10306238 (   0.040   0.045   0.077   0.205 294.399 8142.847 )
1694.050: I:87166 (   0.040   0.045 809.471 ) T:10393404 (   0.040   0.045   0.077   0.204 293.887 8142.847 )
1704.047: I:69126 (   0.040   0.045 1025.023 ) T:10462530 (   0.040   0.045   0.076   0.203 293.631 8142.847 )
1714.176: I:76382 (   0.040   0.045 777.727 ) T:10538912 (   0.040   0.045   0.076   0.203 293.375 8142.847 )
1724.053: I:77078 (   0.040   0.045 1362.943 ) T:10615990 (   0.040   0.045   0.076   0.202 292.863 8142.847 )
1734.053: I:57222 (   0.040   0.045 957.951 ) T:10673212 (   0.040   0.045   0.076   0.202 292.863 8142.847 )
1744.046: I:67425 (   0.040   0.045 710.655 ) T:10740637 (   0.040   0.045   0.076   0.202 292.863 8142.847 )
1754.046: I:74581 (   0.041   0.045 1195.007 ) T:10815218 (   0.040   0.045   0.076   0.201 292.351 8142.847 )
1764.050: I:78150 (   0.040   0.045 869.887 ) T:10893368 (   0.040   0.045   0.076   0.201 291.839 8142.847 )
1774.052: I:72471 (   0.041   0.045 999.935 ) T:10965839 (   0.040   0.045   0.076   0.200 291.839 8142.847 )
1784.050: I:80023 (   0.041   0.045 813.055 ) T:11045862 (   0.040   0.045   0.076   0.200 291.071 8142.847 )
1794.047: I:78790 (   0.041   0.045 849.407 ) T:11124652 (   0.040   0.045   0.076   0.200 290.559 8142.847 )
1804.052: I:80316 (   0.041   0.045 1176.575 ) T:11204968 (   0.040   0.045   0.076   0.199 290.303 8142.847 )
1814.054: I:46235 (   0.041   0.046 3225.599 ) T:11251203 (   0.040   0.045   0.076   0.199 290.303 8142.847 )
1824.172: I:31445 (   0.042   0.057 367.103 ) T:11282648 (   0.040   0.045   0.076   0.200 290.303 8142.847 )
1834.050: I:82544 (   0.041   0.046 1007.103 ) T:11365192 (   0.040   0.045   0.076   0.199 290.303 8142.847 )
1844.050: I:77263 (   0.041   0.045 631.807 ) T:11442455 (   0.040   0.045   0.076   0.199 290.303 8142.847 )
1854.046: I:74650 (   0.041   0.045 793.599 ) T:11517105 (   0.040   0.045   0.076   0.198 290.303 8142.847 )
1864.047: I:67097 (   0.040   0.045 1567.743 ) T:11584202 (   0.040   0.045   0.076   0.198 290.303 8142.847 )
1874.051: I:69580 (   0.040   0.045 672.767 ) T:11653782 (   0.040   0.045   0.076   0.197 290.559 8142.847 )
1884.046: I:73354 (   0.040   0.045 978.943 ) T:11727136 (   0.040   0.045   0.076   0.197 290.303 8142.847 )
1894.054: I:84578 (   0.040   0.045 799.231 ) T:11811714 (   0.040   0.045   0.076   0.196 290.303 8142.847 )
1904.047: I:26863 (   0.040   0.045 650.239 ) T:11838577 (   0.040   0.045   0.076   0.196 290.303 8142.847 )
1914.051: I:56483 (   0.040   0.045 705.023 ) T:11895060 (   0.040   0.045   0.076   0.196 290.303 8142.847 )
1924.053: I:75091 (   0.040   0.045 934.911 ) T:11970151 (   0.040   0.045   0.076   0.195 290.303 8142.847 )
1934.049: I:72556 (   0.040   0.045 1232.895 ) T:12042707 (   0.040   0.045   0.076   0.195 290.047 8142.847 )
1944.054: I:36145 (   0.040   0.045 558.079 ) T:12078852 (   0.040   0.045   0.076   0.196 290.303 8142.847 )
1954.047: I:87703 (   0.040   0.045 731.647 ) T:12166555 (   0.040   0.045   0.076   0.195 290.047 8142.847 )
1964.047: I:42053 (   0.040   0.045 1039.871 ) T:12208608 (   0.040   0.045   0.076   0.196 290.047 8142.847 )
1974.046: I:80754 (   0.040   0.045 852.991 ) T:12289362 (   0.040   0.045   0.076   0.195 290.047 8142.847 )
1984.046: I:78001 (   0.040   0.045 951.807 ) T:12367363 (   0.040   0.045   0.076   0.194 290.047 8142.847 )
1994.054: I:79169 (   0.040   0.045 806.399 ) T:12446532 (   0.040   0.045   0.075   0.194 290.047 8142.847 )
2004.054: I:52223 (   0.040   0.045 790.527 ) T:12498755 (   0.040   0.045   0.076   0.194 290.303 8142.847 )
2014.054: I:32129 (   0.040   0.046 840.703 ) T:12530884 (   0.040   0.045   0.076   0.195 290.303 8142.847 )
2024.054: I:72628 (   0.040   0.045 726.527 ) T:12603512 (   0.040   0.045   0.075   0.194 290.047 8142.847 )
2034.051: I:94510 (   0.041   0.045 989.695 ) T:12698022 (   0.040   0.045   0.075   0.193 289.791 8142.847 )
2044.047: I:69241 (   0.040   0.046 879.103 ) T:12767263 (   0.040   0.045   0.075   0.193 289.791 8142.847 )
2054.051: I:77496 (   0.041   0.045 926.719 ) T:12844759 (   0.040   0.045   0.075   0.192 289.023 8142.847 )
2064.053: I:87759 (   0.041   0.045 772.607 ) T:12932518 (   0.040   0.045   0.075   0.191 288.511 8142.847 )
2074.053: I:70555 (   0.041   0.045 838.143 ) T:13003073 (   0.040   0.045   0.075   0.191 288.767 8142.847 )
2084.053: I:78025 (   0.041   0.045 1061.887 ) T:13081098 (   0.040   0.045   0.075   0.190 288.255 8142.847 )
2094.046: I:71884 (   0.040   0.045 1157.119 ) T:13152982 (   0.040   0.045   0.075   0.190 288.255 8142.847 )
2104.054: I:66979 (   0.041   0.046 897.535 ) T:13219961 (   0.040   0.045   0.075   0.189 288.255 8142.847 )
2114.050: I:73028 (   0.041   0.045 1065.983 ) T:13292989 (   0.040   0.045   0.075   0.189 287.999 8142.847 )
2124.052: I:86459 (   0.041   0.045 954.367 ) T:13379448 (   0.040   0.045   0.075   0.188 287.743 8142.847 )
2134.072: I:47142 (   0.040   0.045 3203.071 ) T:13426590 (   0.040   0.045   0.075   0.188 287.999 8142.847 )
2144.046: I:77332 (   0.040   0.045 831.999 ) T:13503922 (   0.040   0.045   0.075   0.188 287.743 8142.847 )
2154.051: I:68856 (   0.040   0.045 1033.215 ) T:13572778 (   0.040   0.045   0.075   0.187 287.487 8142.847 )
2164.052: I:84282 (   0.040   0.045 612.863 ) T:13657060 (   0.040   0.045   0.075   0.187 287.487 8142.847 )
2174.053: I:86457 (   0.040   0.045 740.351 ) T:13743517 (   0.040   0.045   0.075   0.186 286.207 8142.847 )
2184.046: I:71870 (   0.040   0.045 1541.119 ) T:13815387 (   0.040   0.045   0.075   0.186 286.207 8142.847 )
2194.045: I:102896 (   0.040   0.045 803.839 ) T:13918283 (   0.040   0.045   0.075   0.184 285.951 8142.847 )
2204.053: I:39997 (   0.040   0.045 830.463 ) T:13958280 (   0.040   0.045   0.075   0.185 285.951 8142.847 )
2214.056: I:27690 (   0.040   0.044 980.479 ) T:13985970 (   0.040   0.045   0.075   0.186 285.951 8142.847 )
2224.051: I:81921 (   0.040   0.045 733.695 ) T:14067891 (   0.040   0.045   0.075   0.185 285.951 8142.847 )
2234.047: I:66892 (   0.040   0.045 678.399 ) T:14134783 (   0.040   0.045   0.075   0.185 285.951 8142.847 )
2244.046: I:69093 (   0.040   0.045 963.583 ) T:14203876 (   0.040   0.045   0.074   0.184 285.951 8142.847 )
2254.046: I:73212 (   0.040   0.045 671.231 ) T:14277088 (   0.040   0.045   0.074   0.184 285.951 8142.847 )
2264.054: I:68651 (   0.040   0.045 1219.583 ) T:14345739 (   0.040   0.045   0.074   0.183 285.951 8142.847 )
2274.046: I:67960 (   0.040   0.045 571.391 ) T:14413699 (   0.040   0.045   0.074   0.183 285.951 8142.847 )
2284.053: I:71702 (   0.041   0.046 1074.175 ) T:14485401 (   0.040   0.045   0.074   0.183 285.951 8142.847 )
2294.053: I:77157 (   0.041   0.045 1985.535 ) T:14562558 (   0.040   0.045   0.074   0.182 285.695 8142.847 )
2304.048: I:97481 (   0.041   0.045 1213.439 ) T:14660039 (   0.040   0.045   0.074   0.181 285.183 8142.847 )
2314.053: I:75094 (   0.041   0.046 1340.415 ) T:14735133 (   0.040   0.045   0.074   0.181 284.671 8142.847 )
2324.052: I:83220 (   0.041   0.045 655.359 ) T:14818353 (   0.040   0.045   0.074   0.180 283.903 8142.847 )
2334.047: I:82272 (   0.041   0.046 933.375 ) T:14900625 (   0.040   0.045   0.074   0.180 283.903 8142.847 )
2344.054: I:63914 (   0.040   0.045 1201.151 ) T:14964539 (   0.040   0.045   0.074   0.180 283.647 8142.847 )
2354.056: I:63065 (   0.041   0.046 669.183 ) T:15027604 (   0.040   0.045   0.074   0.180 284.159 8142.847 )
2364.048: I:20825 (   0.041   0.046 7348.223 ) T:15048429 (   0.040   0.045   0.074   0.180 284.671 8142.847 )
2374.055: I:24312 (   0.043   0.065 1185.791 ) T:15072741 (   0.040   0.045   0.074   0.181 284.927 8142.847 )
2384.054: I:29901 (   0.043   0.063 864.255 ) T:15102642 (   0.040   0.045   0.074   0.181 284.927 8142.847 )
2394.047: I:48159 (   0.041   0.055 650.239 ) T:15150801 (   0.040   0.045   0.075   0.181 284.927 8142.847 )
2404.053: I:60894 (   0.041   0.046 495.871 ) T:15211695 (   0.040   0.045   0.075   0.181 285.183 8142.847 )
2414.054: I:25217 (   0.042   0.056 1234.943 ) T:15236912 (   0.040   0.045   0.075   0.182 285.695 8142.847 )
2424.047: I:56715 (   0.041   0.046 3770.367 ) T:15293627 (   0.040   0.045   0.075   0.181 285.951 8142.847 )
2434.054: I:46629 (   0.040   0.055 529.919 ) T:15340256 (   0.040   0.045   0.075   0.182 285.951 8142.847 )
2444.054: I:77898 (   0.040   0.045 1497.087 ) T:15418154 (   0.040   0.045   0.075   0.182 285.695 8142.847 )
2454.047: I:78037 (   0.040   0.045 913.919 ) T:15496191 (   0.040   0.045   0.075   0.181 285.695 8142.847 )
2464.052: I:53200 (   0.040   0.045 774.655 ) T:15549391 (   0.040   0.045   0.075   0.181 285.951 8142.847 )
2474.047: I:63219 (   0.040   0.044 603.135 ) T:15612610 (   0.040   0.045   0.075   0.181 285.951 8142.847 )
2484.050: I:63152 (   0.040   0.045 2002.943 ) T:15675762 (   0.040   0.045   0.075   0.181 285.951 8142.847 )
2494.053: I:70154 (   0.040   0.045 763.903 ) T:15745916 (   0.040   0.045   0.075   0.181 286.207 8142.847 )
2504.051: I:82559 (   0.040   0.045 670.719 ) T:15828475 (   0.040   0.045   0.075   0.181 286.207 8142.847 )
2514.054: I:30012 (   0.040   0.045 1845.247 ) T:15858487 (   0.040   0.045   0.075   0.181 286.207 8142.847 )
2524.047: I:54643 (   0.040   0.045 428.287 ) T:15913130 (   0.040   0.045   0.075   0.181 286.207 8142.847 )
2534.054: I:66854 (   0.040   0.045 694.271 ) T:15979984 (   0.040   0.045   0.075   0.181 286.207 8142.847 )
2544.054: I:44271 (   0.040   0.055 505.343 ) T:16024255 (   0.040   0.045   0.075   0.182 286.207 8142.847 )
2554.053: I:64055 (   0.040   0.045 891.391 ) T:16088310 (   0.040   0.045   0.075   0.182 286.463 8142.847 )
2564.051: I:75384 (   0.040   0.045 661.503 ) T:16163694 (   0.040   0.045   0.075   0.181 286.463 8142.847 )
2574.054: I:52332 (   0.040   0.044 438.527 ) T:16216026 (   0.040   0.045   0.075   0.181 287.231 8142.847 )
2584.050: I:77779 (   0.040   0.045 1363.967 ) T:16293805 (   0.040   0.045   0.075   0.181 287.231 8142.847 )
2594.048: I:72885 (   0.041   0.045 961.023 ) T:16366690 (   0.040   0.045   0.075   0.181 287.231 8142.847 )
2604.046: I:52218 (   0.041   0.045 490.751 ) T:16418908 (   0.040   0.045   0.075   0.181 287.487 8142.847 )
2614.053: I:64743 (   0.041   0.046 1539.071 ) T:16483651 (   0.040   0.045   0.075   0.181 287.487 8142.847 )
2624.050: I:89057 (   0.040   0.045 673.279 ) T:16572708 (   0.040   0.045   0.074   0.180 286.463 8142.847 )
2634.044: I:82842 (   0.041   0.046 612.351 ) T:16655550 (   0.040   0.045   0.075   0.180 286.207 8142.847 )
2644.053: I:70652 (   0.041   0.045 1997.823 ) T:16726202 (   0.040   0.045   0.075   0.179 286.207 8142.847 )
2654.053: I:84964 (   0.041   0.045 750.591 ) T:16811166 (   0.040   0.045   0.074   0.179 285.951 8142.847 )
2664.052: I:71011 (   0.041   0.045 532.479 ) T:16882177 (   0.040   0.045   0.074   0.179 285.951 8142.847 )
2674.047: I:70827 (   0.040   0.045 868.863 ) T:16953004 (   0.040   0.045   0.074   0.179 286.207 8142.847 )
2684.046: I:75968 (   0.040   0.045 1539.071 ) T:17028972 (   0.040   0.045   0.074   0.179 285.951 8142.847 )
2694.053: I:73428 (   0.040   0.046 1039.359 ) T:17102400 (   0.040   0.045   0.074   0.178 285.951 8142.847 )
2704.047: I:50536 (   0.040   0.045 734.207 ) T:17152936 (   0.040   0.045   0.074   0.179 286.207 8142.847 )
2714.054: I:24348 (   0.040   0.045 1065.983 ) T:17177284 (   0.040   0.045   0.074   0.179 287.231 8142.847 )
2724.051: I:55005 (   0.040   0.045 585.215 ) T:17232289 (   0.040   0.045   0.074   0.179 287.487 8142.847 )
2734.115: I:97062 (   0.040   0.045 686.591 ) T:17329351 (   0.040   0.045   0.074   0.179 286.463 8142.847 )
2744.052: I:79364 (   0.040   0.045 863.743 ) T:17408715 (   0.040   0.045   0.074   0.178 286.207 8142.847 )
2754.047: I:67040 (   0.040   0.045 1303.551 ) T:17475755 (   0.040   0.045   0.074   0.178 286.207 8142.847 )
2764.051: I:80783 (   0.040   0.045 730.111 ) T:17556538 (   0.040   0.045   0.074   0.178 285.951 8142.847 )
2774.050: I:48511 (   0.040   0.045 754.687 ) T:17605049 (   0.040   0.045   0.074   0.178 286.207 8142.847 )
2784.047: I:70663 (   0.040   0.045 830.463 ) T:17675712 (   0.040   0.045   0.074   0.178 286.207 8142.847 )
2794.051: I:80390 (   0.040   0.045 607.743 ) T:17756102 (   0.040   0.045   0.074   0.178 286.207 8142.847 )
2804.050: I:69302 (   0.040   0.045 1027.583 ) T:17825404 (   0.040   0.045   0.074   0.177 286.207 8142.847 )
2814.047: I:73756 (   0.040   0.045 1191.935 ) T:17899160 (   0.040   0.045   0.074   0.177 285.951 8142.847 )
2824.050: I:66724 (   0.040   0.045 485.631 ) T:17965884 (   0.040   0.045   0.074   0.177 285.951 8142.847 )
2834.055: I:29940 (   0.040   0.046 601.087 ) T:17995824 (   0.040   0.045   0.074   0.177 285.951 8142.847 )
2844.047: I:46850 (   0.040   0.045 1423.359 ) T:18042674 (   0.040   0.045   0.074   0.177 286.207 8142.847 )
2854.047: I:80927 (   0.040   0.045 632.319 ) T:18123601 (   0.040   0.045   0.074   0.177 286.207 8142.847 )
2864.046: I:92291 (   0.041   0.046 651.775 ) T:18215892 (   0.040   0.045   0.074   0.176 285.951 8142.847 )
2874.046: I:69178 (   0.041   0.046 966.143 ) T:18285070 (   0.040   0.045   0.074   0.176 285.951 8142.847 )
2884.053: I:67898 (   0.041   0.045 943.103 ) T:18352968 (   0.040   0.045   0.074   0.176 285.951 8142.847 )
2894.054: I:68173 (   0.041   0.046 736.767 ) T:18421141 (   0.040   0.045   0.074   0.176 285.951 8142.847 )
2904.053: I:73415 (   0.041   0.045 813.055 ) T:18494556 (   0.040   0.045   0.074   0.175 285.951 8142.847 )
2914.050: I:70440 (   0.041   0.046 1008.639 ) T:18564996 (   0.040   0.045   0.074   0.175 285.951 8142.847 )
2924.053: I:68072 (   0.041   0.045 688.639 ) T:18633068 (   0.040   0.045   0.074   0.175 285.951 8142.847 )
2934.052: I:77483 (   0.041   0.045 1098.751 ) T:18710551 (   0.040   0.045   0.074   0.175 285.695 8142.847 )
2944.054: I:28804 (   0.041   0.046 1213.439 ) T:18739355 (   0.040   0.045   0.074   0.175 285.951 8142.847 )
2954.051: I:62254 (   0.041   0.046 569.343 ) T:18801609 (   0.040   0.045   0.074   0.175 285.951 8142.847 )
2964.053: I:68622 (   0.041   0.045 556.543 ) T:18870231 (   0.040   0.045   0.074   0.175 285.951 8142.847 )
2974.046: I:17273 (   0.041   0.045 6856.703 ) T:18887504 (   0.040   0.045   0.074   0.175 286.207 8142.847 )
2984.053: I:62753 (   0.041   0.046 1105.919 ) T:18950257 (   0.040   0.045   0.074   0.175 285.951 8142.847 )
2994.047: I:70763 (   0.041   0.046 712.703 ) T:19021020 (   0.040   0.045   0.074   0.175 285.951 8142.847 )
3004.053: I:61071 (   0.040   0.045 671.231 ) T:19082091 (   0.040   0.045   0.074   0.175 285.951 8142.847 )
3014.313: I:62401 (   0.040   0.045 1572.863 ) T:19144492 (   0.040   0.045   0.074   0.175 285.951 8142.847 )
3024.046: I:61198 (   0.040   0.045 760.831 ) T:19205690 (   0.040   0.045   0.074   0.174 285.951 8142.847 )
3034.053: I:25522 (   0.040   0.045 377.855 ) T:19231212 (   0.040   0.045   0.074   0.175 286.207 8142.847 )
3044.053: I:66011 (   0.040   0.045 1452.031 ) T:19297223 (   0.040   0.045   0.074   0.175 285.951 8142.847 )
3054.047: I:49320 (   0.040   0.045 2953.215 ) T:19346543 (   0.040   0.045   0.074   0.175 285.951 8142.847 )
3064.053: I:47862 (   0.040   0.045 843.775 ) T:19394405 (   0.040   0.045   0.074   0.175 286.207 8142.847 )
3074.046: I:74273 (   0.040   0.045 720.895 ) T:19468678 (   0.040   0.045   0.074   0.175 286.207 8142.847 )
3084.050: I:73671 (   0.040   0.045 890.879 ) T:19542349 (   0.040   0.045   0.074   0.174 286.207 8142.847 )
3094.051: I:74783 (   0.041   0.045 751.615 ) T:19617132 (   0.040   0.045   0.074   0.174 286.207 8142.847 )
3104.053: I:62544 (   0.040   0.045 658.943 ) T:19679676 (   0.040   0.045   0.074   0.174 285.951 8142.847 )
3114.048: I:69847 (   0.040   0.045 3125.247 ) T:19749523 (   0.040   0.045   0.074   0.174 285.951 8142.847 )
3124.046: I:74854 (   0.040   0.045 1015.295 ) T:19824377 (   0.040   0.045   0.074   0.174 285.951 8142.847 )
3134.046: I:56602 (   0.040   0.045 925.695 ) T:19880979 (   0.040   0.045   0.074   0.174 286.207 8142.847 )
3144.053: I:32976 (   0.040   0.045 2037.759 ) T:19913955 (   0.040   0.045   0.074   0.174 286.463 8142.847 )
3154.053: I:61400 (   0.040   0.045 679.423 ) T:19975355 (   0.040   0.045   0.073   0.174 286.463 8142.847 )
3164.046: I:73341 (   0.041   0.045 761.855 ) T:20048696 (   0.040   0.045   0.073   0.174 286.719 8142.847 )
3174.053: I:79415 (   0.040   0.045 641.535 ) T:20128111 (   0.040   0.045   0.073   0.174 286.463 8142.847 )
3184.050: I:91413 (   0.040   0.045 899.583 ) T:20219524 (   0.040   0.045   0.073   0.173 286.207 8142.847 )
3194.053: I:93935 (   0.040   0.045 800.255 ) T:20313459 (   0.040   0.045   0.073   0.173 285.951 8142.847 )
3204.052: I:83054 (   0.040   0.045 1079.295 ) T:20396513 (   0.040   0.045   0.073   0.173 285.695 8142.847 )
3214.046: I:91301 (   0.040   0.045 1337.343 ) T:20487814 (   0.040   0.045   0.073   0.172 285.439 8142.847 )
3224.052: I:88862 (   0.040   0.045 1031.679 ) T:20576676 (   0.040   0.045   0.073   0.172 285.183 8142.847 )
3234.047: I:56261 (   0.040   0.045 2248.703 ) T:20632937 (   0.040   0.045   0.073   0.172 285.183 8142.847 )
3244.054: I:26964 (   0.040   0.044 716.799 ) T:20659901 (   0.040   0.045   0.073   0.173 285.695 8142.847 )
3254.046: I:67947 (   0.040   0.045 679.935 ) T:20727848 (   0.040   0.045   0.073   0.173 285.695 8142.847 )
3264.053: I:75826 (   0.040   0.045 650.751 ) T:20803674 (   0.040   0.045   0.073   0.172 285.695 8142.847 )
3274.049: I:59924 (   0.040   0.045 2322.431 ) T:20863598 (   0.040   0.045   0.073   0.172 285.695 8142.847 )
3284.052: I:79025 (   0.040   0.045 1001.983 ) T:20942623 (   0.040   0.045   0.073   0.172 285.439 8142.847 )
3294.047: I:63832 (   0.041   0.045 521.471 ) T:21006455 (   0.040   0.045   0.073   0.172 285.695 8142.847 )
3304.053: I:57490 (   0.041   0.045 963.583 ) T:21063945 (   0.040   0.045   0.073   0.172 285.695 8142.847 )
3314.045: I:80584 (   0.041   0.045 556.031 ) T:21144529 (   0.040   0.045   0.073   0.172 285.695 8142.847 )
3324.050: I:75259 (   0.041   0.046 649.215 ) T:21219788 (   0.040   0.045   0.073   0.172 285.695 8142.847 )
3334.053: I:50860 (   0.041   0.045 992.255 ) T:21270648 (   0.040   0.045   0.073   0.171 285.951 8142.847 )
3344.053: I:36512 (   0.041   0.045 609.791 ) T:21307160 (   0.040   0.045   0.073   0.172 285.951 8142.847 )
3354.053: I:70264 (   0.041   0.045 560.639 ) T:21377424 (   0.040   0.045   0.073   0.172 285.951 8142.847 )
3364.052: I:52815 (   0.041   0.045 928.255 ) T:21430239 (   0.040   0.045   0.073   0.172 285.951 8142.847 )
3374.049: I:65992 (   0.041   0.045 965.631 ) T:21496231 (   0.040   0.045   0.073   0.172 285.951 8142.847 )
3384.435: I:81882 (   0.041   0.045 676.351 ) T:21578113 (   0.040   0.045   0.073   0.172 285.951 8142.847 )
3394.044: I:93630 (   0.041   0.045 1239.039 ) T:21671743 (   0.040   0.045   0.073   0.171 285.695 8142.847 )
3404.044: I:88070 (   0.040   0.045 927.743 ) T:21759813 (   0.040   0.045   0.073   0.171 285.695 8142.847 )
3414.053: I:71368 (   0.040   0.045 950.271 ) T:21831181 (   0.040   0.045   0.073   0.171 285.695 8142.847 )
3424.046: I:56162 (   0.040   0.045 1401.855 ) T:21887343 (   0.040   0.045   0.073   0.171 285.695 8142.847 )
3434.054: I:44976 (   0.040   0.046 780.799 ) T:21932319 (   0.040   0.045   0.073   0.171 285.951 8142.847 )
3444.054: I:25742 (   0.043   0.069 317.695 ) T:21958061 (   0.040   0.045   0.073   0.172 285.951 8142.847 )
3454.054: I:52854 (   0.041   0.046 781.823 ) T:22010915 (   0.040   0.045   0.073   0.172 285.951 8142.847 )
3464.046: I:86857 (   0.040   0.045 556.543 ) T:22097772 (   0.040   0.045   0.073   0.172 285.695 8142.847 )
3474.050: I:76212 (   0.040   0.045 735.231 ) T:22173984 (   0.040   0.045   0.073   0.172 285.695 8142.847 )
3484.051: I:94692 (   0.040   0.045 654.335 ) T:22268676 (   0.040   0.045   0.073   0.171 285.439 8142.847 )
3494.047: I:69268 (   0.040   0.045 1641.471 ) T:22337944 (   0.040   0.045   0.073   0.171 285.439 8142.847 )
3504.047: I:77240 (   0.040   0.045 682.495 ) T:22415184 (   0.040   0.045   0.073   0.171 285.439 8142.847 )
3514.046: I:81582 (   0.040   0.045 716.287 ) T:22496766 (   0.040   0.045   0.073   0.171 285.439 8142.847 )
3524.053: I:70723 (   0.040   0.045 568.831 ) T:22567489 (   0.040   0.045   0.073   0.171 285.439 8142.847 )
3534.053: I:74774 (   0.041   0.045 1324.031 ) T:22642263 (   0.040   0.045   0.073   0.170 285.439 8142.847 )
3544.046: I:73070 (   0.041   0.045 1067.007 ) T:22715333 (   0.040   0.045   0.073   0.170 285.439 8142.847 )
3554.050: I:70339 (   0.041   0.045 1125.375 ) T:22785672 (   0.040   0.045   0.073   0.170 285.439 8142.847 )
3564.051: I:54669 (   0.041   0.045 1777.663 ) T:22840341 (   0.040   0.045   0.073   0.170 285.439 8142.847 )
3574.451: I:71514 (   0.041   0.045 727.551 ) T:22911855 (   0.040   0.045   0.072   0.170 285.439 8142.847 )
3584.046: I:72944 (   0.041   0.046 442.879 ) T:22984799 (   0.040   0.045   0.072   0.170 285.439 8142.847 )
3594.047: I:64477 (   0.041   0.046 1302.527 ) T:23049276 (   0.040   0.045   0.072   0.170 285.439 8142.847 )
3604.050: I:77934 (   0.041   0.046 855.039 ) T:23127210 (   0.040   0.045   0.072   0.170 285.439 8142.847 )
3614.257: I:74017 (   0.041   0.046 906.751 ) T:23201227 (   0.040   0.045   0.072   0.169 285.439 8142.847 )
3624.053: I:36265 (   0.041   0.045 1387.519 ) T:23237492 (   0.040   0.045   0.072   0.170 285.439 8142.847 )
3634.047: I:50490 (   0.041   0.045 537.599 ) T:23287982 (   0.040   0.045   0.072   0.170 285.695 8142.847 )
3644.054: I:65405 (   0.041   0.045 885.759 ) T:23353387 (   0.040   0.045   0.072   0.170 285.695 8142.847 )
3654.054: I:61232 (   0.040   0.045 1079.295 ) T:23414619 (   0.040   0.045   0.072   0.170 285.695 8142.847 )
3664.051: I:74804 (   0.041   0.045 1011.199 ) T:23489423 (   0.040   0.045   0.072   0.170 285.695 8142.847 )
3674.048: I:76025 (   0.041   0.045 853.503 ) T:23565448 (   0.040   0.045   0.072   0.170 285.695 8142.847 )
3684.052: I:87170 (   0.041   0.045 747.007 ) T:23652618 (   0.040   0.045   0.072   0.169 285.439 8142.847 )
3694.054: I:42359 (   0.041   0.056 1478.655 ) T:23694977 (   0.040   0.045   0.072   0.169 285.695 8142.847 )
3704.728: I:73694 (   0.041   0.045 758.783 ) T:23768671 (   0.040   0.045   0.072   0.169 285.439 8142.847 )
3714.051: I:78392 (   0.040   0.045 1255.423 ) T:23847063 (   0.040   0.045   0.072   0.169 285.439 8142.847 )
3724.054: I:39440 (   0.040   0.046 2154.495 ) T:23886503 (   0.040   0.045   0.072   0.169 285.439 8142.847 )
3734.054: I:32220 (   0.041   0.061 390.399 ) T:23918723 (   0.040   0.045   0.073   0.170 285.439 8142.847 )
3744.053: I:60638 (   0.040   0.045 734.719 ) T:23979361 (   0.040   0.045   0.073   0.170 285.439 8142.847 )
3754.050: I:70545 (   0.040   0.045 478.975 ) T:24049906 (   0.040   0.045   0.073   0.170 285.439 8142.847 )
3764.047: I:56340 (   0.041   0.045 1534.975 ) T:24106246 (   0.040   0.045   0.073   0.170 285.695 8142.847 )
3774.051: I:51768 (   0.040   0.045 398.079 ) T:24158014 (   0.040   0.045   0.073   0.170 285.695 8142.847 )
3784.052: I:87341 (   0.040   0.045 571.391 ) T:24245355 (   0.040   0.045   0.073   0.170 285.695 8142.847 )
3794.051: I:80927 (   0.041   0.046 1403.903 ) T:24326282 (   0.040   0.045   0.072   0.169 285.439 8142.847 )
3804.046: I:78518 (   0.041   0.046 679.423 ) T:24404800 (   0.040   0.045   0.073   0.169 285.439 8142.847 )
3814.052: I:83352 (   0.041   0.046 739.839 ) T:24488152 (   0.040   0.045   0.072   0.169 285.183 8142.847 )
3824.047: I:74338 (   0.041   0.045 2185.215 ) T:24562490 (   0.040   0.045   0.072   0.169 285.183 8142.847 )
3834.053: I:66125 (   0.041   0.045 789.503 ) T:24628615 (   0.040   0.045   0.072   0.169 285.183 8142.847 )
3844.045: I:81348 (   0.041   0.046 433.919 ) T:24709963 (   0.040   0.045   0.072   0.168 285.183 8142.847 )
3854.047: I:82950 (   0.041   0.046 886.271 ) T:24792913 (   0.040   0.045   0.072   0.168 284.927 8142.847 )
3864.047: I:47765 (   0.041   0.046 2117.631 ) T:24840678 (   0.040   0.045   0.072   0.168 285.183 8142.847 )
3874.050: I:89427 (   0.041   0.046 870.911 ) T:24930105 (   0.040   0.045   0.072   0.168 284.927 8142.847 )
3884.046: I:59269 (   0.041   0.046 395.519 ) T:24989374 (   0.040   0.045   0.072   0.168 285.183 8142.847 )
3894.105: I:74694 (   0.040   0.045 637.439 ) T:25064068 (   0.040   0.045   0.072   0.168 285.183 8142.847 )
3904.050: I:99834 (   0.040   0.045 835.583 ) T:25163902 (   0.040   0.045   0.072   0.168 284.671 8142.847 )
3914.050: I:76185 (   0.040   0.045 790.015 ) T:25240087 (   0.040   0.045   0.072   0.167 284.671 8142.847 )
3924.050: I:88452 (   0.040   0.045 991.231 ) T:25328539 (   0.040   0.045   0.072   0.167 284.159 8142.847 )
3934.060: I:54791 (   0.040   0.045 1519.615 ) T:25383330 (   0.040   0.045   0.072   0.167 284.671 8142.847 )
3944.046: I:86177 (   0.040   0.045 412.159 ) T:25469507 (   0.040   0.045   0.072   0.167 284.671 8142.847 )
3954.204: I:63406 (   0.041   0.045 3538.943 ) T:25532913 (   0.040   0.045   0.072   0.167 284.159 8142.847 )
3964.051: I:65003 (   0.040   0.045 1032.703 ) T:25597916 (   0.040   0.045   0.072   0.167 284.159 8142.847 )
3974.048: I:80745 (   0.040   0.045 601.087 ) T:25678661 (   0.040   0.045   0.072   0.167 284.159 8142.847 )
3984.050: I:72879 (   0.040   0.045 599.039 ) T:25751540 (   0.040   0.045   0.072   0.167 284.159 8142.847 )
3994.053: I:58871 (   0.040   0.045 1253.375 ) T:25810411 (   0.040   0.045   0.072   0.167 284.159 8142.847 )
4004.046: I:79263 (   0.040   0.045 613.887 ) T:25889674 (   0.040   0.045   0.072   0.166 283.903 8142.847 )
4014.046: I:60239 (   0.040   0.045 733.695 ) T:25949913 (   0.040   0.045   0.072   0.166 284.159 8142.847 )
4024.054: I:39978 (   0.041   0.045 1102.847 ) T:25989891 (   0.040   0.045   0.072   0.167 284.159 8142.847 )
4034.051: I:64329 (   0.041   0.045 713.727 ) T:26054220 (   0.040   0.045   0.072   0.167 284.159 8142.847 )
4044.046: I:70533 (   0.041   0.045 748.031 ) T:26124753 (   0.040   0.045   0.072   0.167 284.159 8142.847 )
4054.047: I:50414 (   0.041   0.045 534.527 ) T:26175167 (   0.040   0.045   0.072   0.167 284.671 8142.847 )
4064.050: I:77397 (   0.041   0.045 1090.559 ) T:26252564 (   0.040   0.045   0.072   0.167 284.159 8142.847 )
4074.050: I:79840 (   0.041   0.045 906.239 ) T:26332404 (   0.040   0.045   0.072   0.166 284.159 8142.847 )
4084.046: I:79867 (   0.041   0.046 710.655 ) T:26412271 (   0.040   0.045   0.072   0.166 284.159 8142.847 )
4094.511: I:42118 (   0.041   0.045 1424.383 ) T:26454389 (   0.040   0.045   0.072   0.167 284.671 8142.847 )
4104.053: I:65642 (   0.041   0.045 927.231 ) T:26520031 (   0.040   0.045   0.072   0.166 284.415 8142.847 )
4114.047: I:68433 (   0.041   0.045 1044.991 ) T:26588464 (   0.040   0.045   0.072   0.166 284.671 8142.847 )
4124.053: I:74019 (   0.041   0.045 458.239 ) T:26662483 (   0.040   0.045   0.072   0.166 284.671 8142.847 )
4137.126: I:37784 (   0.041   0.045 8171.519 ) T:26700267 (   0.040   0.045   0.072   0.166 284.671 8171.519 )
4144.054: I:55612 (   0.040   0.045 450.815 ) T:26755879 (   0.040   0.045   0.072   0.166 284.671 8171.519 )
4154.053: I:62037 (   0.040   0.045 819.199 ) T:26817916 (   0.040   0.045   0.072   0.166 284.671 8171.519 )
4164.047: I:65882 (   0.040   0.045 2018.303 ) T:26883798 (   0.040   0.045   0.072   0.166 284.671 8171.519 )
4174.276: I:95651 (   0.040   0.045 857.599 ) T:26979449 (   0.040   0.045   0.072   0.166 283.903 8171.519 )
4184.051: I:68893 (   0.040   0.045 1267.711 ) T:27048342 (   0.040   0.045   0.072   0.166 283.903 8171.519 )
4194.047: I:69690 (   0.040   0.044 664.575 ) T:27118032 (   0.040   0.045   0.072   0.166 283.903 8171.519 )
4204.051: I:58795 (   0.040   0.045 3801.087 ) T:27176827 (   0.040   0.045   0.072   0.165 283.647 8171.519 )
4214.047: I:62559 (   0.040   0.045 883.711 ) T:27239386 (   0.040   0.045   0.072   0.165 283.903 8171.519 )
4224.052: I:77610 (   0.040   0.045 644.095 ) T:27316996 (   0.040   0.045   0.072   0.165 283.903 8171.519 )
4234.046: I:76941 (   0.040   0.045 1833.983 ) T:27393937 (   0.040   0.045   0.072   0.165 283.391 8171.519 )
4244.051: I:77793 (   0.040   0.045 761.343 ) T:27471730 (   0.040   0.045   0.072   0.165 283.391 8171.519 )
4254.047: I:69733 (   0.040   0.045 673.791 ) T:27541463 (   0.040   0.045   0.072   0.165 283.391 8171.519 )
4264.050: I:74029 (   0.040   0.045 540.671 ) T:27615492 (   0.040   0.045   0.072   0.165 283.391 8171.519 )
4274.050: I:73973 (   0.041   0.046 919.039 ) T:27689465 (   0.040   0.045   0.072   0.165 283.391 8171.519 )
4284.053: I:57881 (   0.041   0.046 722.943 ) T:27747346 (   0.040   0.045   0.072   0.165 283.391 8171.519 )
4294.053: I:66813 (   0.041   0.045 566.783 ) T:27814159 (   0.040   0.045   0.072   0.165 283.391 8171.519 )
4304.052: I:56657 (   0.041   0.045 1633.279 ) T:27870816 (   0.040   0.045   0.072   0.165 283.391 8171.519 )
4314.050: I:63052 (   0.041   0.045 499.199 ) T:27933868 (   0.040   0.045   0.072   0.165 283.647 8171.519 )
4324.048: I:65894 (   0.041   0.045 489.215 ) T:27999762 (   0.040   0.045   0.072   0.165 283.647 8171.519 )
4334.055: I:32193 (   0.041   0.045 1921.023 ) T:28031955 (   0.040   0.045   0.072   0.165 283.647 8171.519 )
4344.046: I:70452 (   0.041   0.045 505.855 ) T:28102407 (   0.040   0.045   0.072   0.165 283.391 8171.519 )
4354.046: I:49861 (   0.041   0.045 427.263 ) T:28152268 (   0.040   0.045   0.072   0.165 283.647 8171.519 )
4364.049: I:70700 (   0.041   0.045 448.767 ) T:28222968 (   0.040   0.045   0.071   0.165 283.391 8171.519 )
4374.053: I:74478 (   0.041   0.046 1241.087 ) T:28297446 (   0.040   0.045   0.071   0.165 283.391 8171.519 )
4384.047: I:74191 (   0.041   0.046 585.727 ) T:28371637 (   0.040   0.045   0.071   0.165 283.391 8171.519 )
4394.050: I:76105 (   0.040   0.045 730.623 ) T:28447742 (   0.040   0.045   0.071   0.165 283.391 8171.519 )
4404.050: I:60360 (   0.040   0.045 1799.167 ) T:28508102 (   0.040   0.045   0.071   0.165 283.391 8171.519 )
4414.250: I:82073 (   0.040   0.045 739.839 ) T:28590175 (   0.040   0.045   0.071   0.164 283.135 8171.519 )
4424.047: I:53868 (   0.040   0.045 452.607 ) T:28644043 (   0.040   0.045   0.071   0.164 283.647 8171.519 )
4434.051: I:81130 (   0.040   0.045 1295.359 ) T:28725173 (   0.040   0.045   0.071   0.164 283.391 8171.519 )
4444.046: I:74675 (   0.040   0.045 747.007 ) T:28799848 (   0.040   0.045   0.071   0.164 283.391 8171.519 )
4454.090: I:54063 (   0.041   0.047 703.487 ) T:28853911 (   0.040   0.045   0.072   0.164 283.391 8171.519 )
4464.046: I:67831 (   0.040   0.045 1455.103 ) T:28921742 (   0.040   0.045   0.071   0.164 283.391 8171.519 )
4474.046: I:54765 (   0.040   0.045 585.727 ) T:28976507 (   0.040   0.045   0.071   0.164 283.391 8171.519 )
4484.053: I:93353 (   0.040   0.045 474.623 ) T:29069860 (   0.040   0.045   0.071   0.164 283.135 8171.519 )
4494.054: I:58112 (   0.041   0.045 829.439 ) T:29127972 (   0.040   0.045   0.071   0.164 283.135 8171.519 )
4504.054: I:62361 (   0.040   0.045 1904.639 ) T:29190333 (   0.040   0.045   0.071   0.164 283.135 8171.519 )
4514.054: I:50284 (   0.040   0.045 569.343 ) T:29240617 (   0.040   0.045   0.071   0.165 283.135 8171.519 )
4524.054: I:34102 (   0.040   0.045 582.655 ) T:29274719 (   0.040   0.045   0.071   0.165 283.135 8171.519 )
4534.336: I:42965 (   0.040   0.045 1353.727 ) T:29317684 (   0.040   0.045   0.071   0.165 283.135 8171.519 )
4544.051: I:62320 (   0.041   0.045 2834.431 ) T:29380004 (   0.040   0.045   0.071   0.165 283.135 8171.519 )
4554.054: I:82767 (   0.041   0.046 564.735 ) T:29462771 (   0.040   0.045   0.071   0.165 282.879 8171.519 )
4564.050: I:65857 (   0.041   0.045 464.895 ) T:29528628 (   0.040   0.045   0.071   0.165 283.135 8171.519 )
4574.047: I:68957 (   0.041   0.046 1077.247 ) T:29597585 (   0.040   0.045   0.071   0.165 283.135 8171.519 )
4584.053: I:59536 (   0.041   0.045 778.751 ) T:29657121 (   0.040   0.045   0.071   0.165 283.135 8171.519 )
4594.050: I:86738 (   0.041   0.046 989.695 ) T:29743859 (   0.040   0.045   0.071   0.164 282.623 8171.519 )
4604.052: I:48100 (   0.041   0.045 792.063 ) T:29791959 (   0.040   0.045   0.071   0.165 282.623 8171.519 )
4614.051: I:77563 (   0.041   0.045 836.607 ) T:29869522 (   0.040   0.045   0.071   0.164 282.623 8171.519 )
4624.050: I:59876 (   0.041   0.045 637.439 ) T:29929398 (   0.040   0.045   0.071   0.164 282.623 8171.519 )
4634.156: I:58838 (   0.041   0.045 992.767 ) T:29988236 (   0.040   0.045   0.071   0.164 282.879 8171.519 )
4644.051: I:65192 (   0.041   0.046 595.967 ) T:30053428 (   0.040   0.045   0.071   0.164 282.879 8171.519 )
4654.050: I:83179 (   0.040   0.045 1199.103 ) T:30136607 (   0.040   0.045   0.071   0.164 282.879 8171.519 )
4664.051: I:55569 (   0.040   0.045 1336.319 ) T:30192176 (   0.040   0.045   0.071   0.164 282.879 8171.519 )
4674.050: I:79741 (   0.040   0.045 814.079 ) T:30271917 (   0.040   0.045   0.071   0.164 282.879 8171.519 )
4684.053: I:76877 (   0.040   0.045 765.439 ) T:30348794 (   0.040   0.045   0.071   0.164 282.879 8171.519 )
4694.241: I:77000 (   0.040   0.045 754.687 ) T:30425794 (   0.040   0.045   0.071   0.164 282.879 8171.519 )
4704.047: I:57966 (   0.040   0.045 2273.279 ) T:30483760 (   0.040   0.045   0.071   0.164 282.623 8171.519 )
4714.053: I:45812 (   0.040   0.045 379.903 ) T:30529572 (   0.040   0.045   0.071   0.164 282.879 8171.519 )
4724.054: I:39054 (   0.040   0.045 434.943 ) T:30568626 (   0.040   0.045   0.071   0.164 282.879 8171.519 )
4734.054: I:43389 (   0.040   0.045 1650.687 ) T:30612015 (   0.040   0.045   0.071   0.164 282.879 8171.519 )
4744.046: I:59777 (   0.040   0.044 592.383 ) T:30671792 (   0.040   0.045   0.071   0.165 282.879 8171.519 )
4754.046: I:63152 (   0.040   0.045 1018.879 ) T:30734944 (   0.040   0.045   0.071   0.165 283.135 8171.519 )
4764.050: I:69013 (   0.040   0.045 801.791 ) T:30803957 (   0.040   0.045   0.071   0.164 283.135 8171.519 )
4774.148: I:83943 (   0.040   0.045 1092.607 ) T:30887900 (   0.040   0.045   0.071   0.164 282.879 8171.519 )
4784.048: I:69622 (   0.040   0.045 463.615 ) T:30957522 (   0.040   0.045   0.071   0.164 282.879 8171.519 )
4794.047: I:49166 (   0.040   0.045 1790.975 ) T:31006688 (   0.040   0.045   0.071   0.164 282.879 8171.519 )
4804.294: I:88416 (   0.041   0.046 529.919 ) T:31095104 (   0.040   0.045   0.071   0.164 282.623 8171.519 )
4814.046: I:70320 (   0.041   0.045 647.167 ) T:31165424 (   0.040   0.045   0.071   0.164 282.623 8171.519 )
4824.053: I:56597 (   0.041   0.046 1218.559 ) T:31222021 (   0.040   0.045   0.071   0.164 282.623 8171.519 )
4834.054: I:32467 (   0.042   0.062 572.415 ) T:31254488 (   0.040   0.045   0.071   0.165 282.879 8171.519 )
4844.046: I:46227 (   0.041   0.045 450.047 ) T:31300715 (   0.040   0.045   0.071   0.165 282.879 8171.519 )
4854.051: I:80009 (   0.041   0.046 1151.999 ) T:31380724 (   0.040   0.045   0.071   0.165 282.879 8171.519 )
4864.055: I:68718 (   0.041   0.045 676.863 ) T:31449442 (   0.040   0.045   0.071   0.165 282.879 8171.519 )
4874.052: I:61640 (   0.041   0.046 3631.103 ) T:31511082 (   0.040   0.045   0.071   0.164 282.623 8171.519 )
4884.053: I:78802 (   0.041   0.046 607.231 ) T:31589884 (   0.040   0.045   0.071   0.164 282.623 8171.519 )
4894.046: I:76383 (   0.041   0.045 802.815 ) T:31666267 (   0.040   0.045   0.071   0.164 282.367 8171.519 )
4904.215: I:76288 (   0.041   0.046 1137.663 ) T:31742555 (   0.040   0.045   0.071   0.164 282.111 8171.519 )
4914.053: I:71217 (   0.040   0.045 588.287 ) T:31813772 (   0.040   0.045   0.071   0.164 282.111 8171.519 )
4924.052: I:87887 (   0.040   0.045 515.583 ) T:31901659 (   0.040   0.045   0.071   0.164 281.599 8171.519 )
4934.053: I:44512 (   0.040   0.045 1794.047 ) T:31946171 (   0.040   0.045   0.071   0.164 281.855 8171.519 )
4944.050: I:47503 (   0.040   0.045 367.871 ) T:31993674 (   0.040   0.045   0.071   0.164 281.599 8171.519 )
4954.053: I:66124 (   0.040   0.045 1614.847 ) T:32059798 (   0.040   0.045   0.071   0.164 281.855 8171.519 )
4964.046: I:78134 (   0.040   0.045 900.095 ) T:32137932 (   0.040   0.045   0.071   0.164 281.855 8171.519 )
4974.131: I:86742 (   0.040   0.045 752.127 ) T:32224674 (   0.040   0.045   0.071   0.164 281.343 8171.519 )
4984.051: I:76975 (   0.040   0.045 834.047 ) T:32301649 (   0.040   0.045   0.071   0.163 281.343 8171.519 )
4994.053: I:39126 (   0.040   0.045 1663.999 ) T:32340775 (   0.040   0.045   0.071   0.164 281.599 8171.519 )
5004.045: I:82297 (   0.041   0.045 823.807 ) T:32423072 (   0.040   0.045   0.071   0.163 281.343 8171.519 )
5014.047: I:83223 (   0.040   0.045 648.191 ) T:32506295 (   0.040   0.045   0.071   0.163 281.343 8171.519 )
5024.049: I:61239 (   0.040   0.045 962.559 ) T:32567534 (   0.040   0.045   0.071   0.163 281.343 8171.519 )
5034.047: I:45073 (   0.040   0.045 535.551 ) T:32612607 (   0.040   0.045   0.071   0.164 281.343 8171.519 )
5044.048: I:48725 (   0.040   0.045 408.831 ) T:32661332 (   0.040   0.045   0.071   0.164 281.343 8171.519 )
5054.218: I:70202 (   0.041   0.046 1294.335 ) T:32731534 (   0.040   0.045   0.071   0.164 281.343 8171.519 )
5064.050: I:56356 (   0.041   0.045 998.911 ) T:32787890 (   0.040   0.045   0.071   0.164 281.343 8171.519 )
5074.052: I:77880 (   0.041   0.045 513.535 ) T:32865770 (   0.040   0.045   0.071   0.164 281.087 8171.519 )
5084.050: I:65091 (   0.041   0.046 848.383 ) T:32930861 (   0.040   0.045   0.071   0.164 281.343 8171.519 )
5094.053: I:40259 (   0.041   0.055 617.471 ) T:32971120 (   0.040   0.045   0.071   0.164 281.599 8171.519 )
5104.047: I:61049 (   0.041   0.047 504.831 ) T:33032169 (   0.040   0.045   0.071   0.164 281.599 8171.519 )
5114.051: I:69557 (   0.041   0.045 2328.575 ) T:33101726 (   0.040   0.045   0.071   0.164 281.343 8171.519 )
5124.046: I:72599 (   0.041   0.045 761.855 ) T:33174325 (   0.040   0.045   0.071   0.164 281.599 8171.519 )
5134.046: I:71020 (   0.041   0.046 579.583 ) T:33245345 (   0.040   0.045   0.071   0.164 281.599 8171.519 )
5144.053: I:36811 (   0.041   0.045 1154.047 ) T:33282156 (   0.040   0.045   0.071   0.164 281.855 8171.519 )
5154.048: I:33426 (   0.041   0.045 629.759 ) T:33315582 (   0.040   0.045   0.071   0.165 282.367 8171.519 )
5164.052: I:61852 (   0.041   0.045 487.935 ) T:33377434 (   0.040   0.045   0.071   0.165 282.367 8171.519 )
5174.113: I:75338 (   0.040   0.045 680.959 ) T:33452772 (   0.040   0.045   0.071   0.165 282.111 8171.519 )
5184.053: I:59432 (   0.040   0.045 950.271 ) T:33512204 (   0.040   0.045   0.071   0.165 282.111 8171.519 )
5194.053: I:81506 (   0.040   0.045 2590.719 ) T:33593710 (   0.040   0.045   0.071   0.165 282.111 8171.519 )
5204.052: I:81461 (   0.040   0.045 600.575 ) T:33675171 (   0.040   0.045   0.071   0.164 281.855 8171.519 )
5214.050: I:77418 (   0.040   0.045 643.583 ) T:33752589 (   0.040   0.045   0.071   0.164 281.855 8171.519 )
5224.054: I:80236 (   0.040   0.045 674.815 ) T:33832825 (   0.040   0.045   0.071   0.164 281.855 8171.519 )
5234.050: I:70097 (   0.040   0.045 1248.255 ) T:33902922 (   0.040   0.045   0.071   0.164 281.599 8171.519 )
5244.051: I:55329 (   0.040   0.045 1133.567 ) T:33958251 (   0.040   0.045   0.071   0.164 281.855 8171.519 )
5254.048: I:50281 (   0.040   0.045 814.591 ) T:34008532 (   0.040   0.045   0.071   0.164 282.111 8171.519 )
5264.053: I:64431 (   0.040   0.045 538.111 ) T:34072963 (   0.040   0.045   0.071   0.164 282.111 8171.519 )
5274.053: I:55946 (   0.040   0.045 1065.983 ) T:34128909 (   0.040   0.045   0.071   0.164 282.367 8171.519 )
5284.053: I:81450 (   0.040   0.045 498.431 ) T:34210359 (   0.040   0.045   0.071   0.164 281.855 8171.519 )
5294.151: I:78675 (   0.040   0.045 700.415 ) T:34289034 (   0.040   0.045   0.071   0.164 281.855 8171.519 )
5304.103: I:85605 (   0.041   0.045 1434.623 ) T:34374639 (   0.040   0.045   0.071   0.164 281.599 8171.519 )
5314.053: I:86858 (   0.041   0.046 1226.751 ) T:34461497 (   0.040   0.045   0.071   0.164 281.343 8171.519 )
5324.046: I:82258 (   0.041   0.045 922.111 ) T:34543755 (   0.040   0.045   0.071   0.164 281.343 8171.519 )
5334.197: I:67984 (   0.041   0.045 936.447 ) T:34611739 (   0.040   0.045   0.071   0.163 281.087 8171.519 )
5344.048: I:50083 (   0.041   0.045 767.999 ) T:34661822 (   0.040   0.045   0.071   0.164 281.343 8171.519 )
5354.052: I:68917 (   0.041   0.045 572.927 ) T:34730739 (   0.040   0.045   0.071   0.164 281.343 8171.519 )
5364.054: I:75832 (   0.041   0.045 1124.351 ) T:34806571 (   0.040   0.045   0.071   0.163 281.343 8171.519 )
5374.046: I:76204 (   0.041   0.046 771.071 ) T:34882775 (   0.040   0.045   0.071   0.163 281.343 8171.519 )
5384.046: I:72779 (   0.041   0.046 1182.719 ) T:34955554 (   0.040   0.045   0.071   0.163 281.087 8171.519 )
5394.397: I:68369 (   0.041   0.046 804.351 ) T:35023923 (   0.040   0.045   0.071   0.163 281.087 8171.519 )
5404.052: I:64062 (   0.041   0.045 680.447 ) T:35087985 (   0.040   0.045   0.071   0.163 281.343 8171.519 )
5414.052: I:76077 (   0.040   0.045 808.447 ) T:35164062 (   0.040   0.045   0.071   0.163 281.343 8171.519 )
5424.392: I:69741 (   0.040   0.045 1128.447 ) T:35233803 (   0.040   0.045   0.071   0.163 281.343 8171.519 )
5434.054: I:61124 (   0.040   0.045 1168.383 ) T:35294927 (   0.040   0.045   0.071   0.163 281.343 8171.519 )
5444.053: I:62797 (   0.040   0.044 641.023 ) T:35357724 (   0.040   0.045   0.071   0.163 281.343 8171.519 )
5454.053: I:65115 (   0.040   0.044 679.423 ) T:35422839 (   0.040   0.045   0.071   0.163 281.343 8171.519 )
5464.052: I:44803 (   0.040   0.046 638.975 ) T:35467642 (   0.040   0.045   0.071   0.163 281.343 8171.519 )
5474.054: I:65314 (   0.040   0.045 628.223 ) T:35532956 (   0.040   0.045   0.071   0.163 281.343 8171.519 )
5484.051: I:55253 (   0.040   0.045 2070.527 ) T:35588209 (   0.040   0.045   0.071   0.163 281.087 8171.519 )
5494.055: I:77036 (   0.040   0.045 586.751 ) T:35665245 (   0.040   0.045   0.071   0.163 281.087 8171.519 )
5504.052: I:83109 (   0.040   0.045 702.975 ) T:35748354 (   0.040   0.045   0.071   0.163 280.831 8171.519 )
5514.053: I:78437 (   0.040   0.045 906.751 ) T:35826791 (   0.040   0.045   0.071   0.162 280.831 8171.519 )
5524.052: I:79320 (   0.040   0.045 865.791 ) T:35906111 (   0.040   0.045   0.071   0.162 280.575 8171.519 )
5534.053: I:86500 (   0.040   0.045 773.631 ) T:35992611 (   0.040   0.045   0.071   0.162 280.575 8171.519 )
5544.257: I:78606 (   0.041   0.045 655.871 ) T:36071217 (   0.040   0.045   0.071   0.162 280.575 8171.519 )
5554.051: I:61238 (   0.041   0.045 1041.407 ) T:36132455 (   0.040   0.045   0.071   0.162 280.575 8171.519 )
5564.050: I:63559 (   0.041   0.045 773.119 ) T:36196014 (   0.040   0.045   0.071   0.162 280.575 8171.519 )
5574.314: I:90370 (   0.041   0.045 935.935 ) T:36286384 (   0.040   0.045   0.071   0.162 280.575 8171.519 )
5584.051: I:78806 (   0.041   0.045 1242.111 ) T:36365190 (   0.040   0.045   0.070   0.162 280.575 8171.519 )
5594.047: I:70513 (   0.041   0.046 734.207 ) T:36435703 (   0.040   0.045   0.071   0.162 280.575 8171.519 )
5604.052: I:77038 (   0.041   0.045 990.719 ) T:36512741 (   0.040   0.045   0.070   0.161 280.575 8171.519 )
5614.051: I:70057 (   0.041   0.045 688.127 ) T:36582798 (   0.040   0.045   0.070   0.161 280.575 8171.519 )
5624.051: I:55636 (   0.041   0.045 693.247 ) T:36638434 (   0.040   0.045   0.070   0.162 280.575 8171.519 )
5634.054: I:66606 (   0.041   0.046 770.559 ) T:36705040 (   0.040   0.045   0.070   0.161 280.575 8171.519 )
5644.046: I:92067 (   0.040   0.045 799.231 ) T:36797107 (   0.040   0.045   0.070   0.161 280.319 8171.519 )
5654.326: I:84632 (   0.040   0.045 1166.335 ) T:36881739 (   0.040   0.045   0.070   0.161 280.063 8171.519 )
5664.050: I:79289 (   0.040   0.045 817.151 ) T:36961028 (   0.040   0.045   0.070   0.161 280.063 8171.519 )
5674.046: I:79585 (   0.040   0.045 901.119 ) T:37040613 (   0.040   0.045   0.070   0.161 280.063 8171.519 )
5684.046: I:74035 (   0.040   0.045 802.815 ) T:37114648 (   0.040   0.045   0.070   0.161 280.063 8171.519 )
5694.214: I:79150 (   0.040   0.045 1064.959 ) T:37193798 (   0.040   0.045   0.070   0.161 279.807 8171.519 )
5704.050: I:78151 (   0.040   0.045 510.463 ) T:37271949 (   0.040   0.045   0.070   0.161 279.807 8171.519 )
5714.049: I:47288 (   0.040   0.045 1625.087 ) T:37319237 (   0.040   0.045   0.070   0.161 280.063 8171.519 )
5724.053: I:18816 (   0.040   0.045 3405.823 ) T:37338053 (   0.040   0.045   0.070   0.161 280.063 8171.519 )
5734.052: I:26485 (   0.043   0.066 771.071 ) T:37364538 (   0.040   0.045   0.070   0.161 280.063 8171.519 )
5744.046: I:65829 (   0.041   0.045 936.447 ) T:37430367 (   0.040   0.045   0.070   0.161 280.063 8171.519 )
5754.053: I:80662 (   0.041   0.045 419.327 ) T:37511029 (   0.040   0.045   0.070   0.161 280.063 8171.519 )
5764.046: I:83274 (   0.041   0.045 990.207 ) T:37594303 (   0.040   0.045   0.070   0.161 279.807 8171.519 )
5774.139: I:87605 (   0.041   0.045 843.263 ) T:37681908 (   0.040   0.045   0.070   0.161 279.551 8171.519 )
5784.048: I:63060 (   0.041   0.046 2459.647 ) T:37744968 (   0.040   0.045   0.070   0.161 279.551 8171.519 )
5794.047: I:65202 (   0.041   0.045 980.479 ) T:37810170 (   0.040   0.045   0.070   0.161 279.551 8171.519 )
5809.702: I:33583 (   0.041   0.045 12214.271 ) T:37843753 (   0.040   0.045   0.070   0.160 279.551 12214.271 )
5814.053: I:15412 (   0.040   0.044 346.879 ) T:37859165 (   0.040   0.045   0.070   0.161 279.551 12214.271 )
5824.054: I:27613 (   0.041   0.045 3055.615 ) T:37886778 (   0.040   0.045   0.070   0.161 279.807 12214.271 )
5834.375: I:52677 (   0.041   0.046 1168.383 ) T:37939455 (   0.040   0.045   0.070   0.161 280.063 12214.271 )
5844.047: I:65164 (   0.041   0.046 1486.847 ) T:38004619 (   0.040   0.045   0.070   0.161 280.063 12214.271 )
5854.052: I:80839 (   0.041   0.045 708.607 ) T:38085458 (   0.040   0.045   0.070   0.161 279.807 12214.271 )
5864.046: I:80417 (   0.041   0.046 908.287 ) T:38165875 (   0.040   0.045   0.070   0.161 279.807 12214.271 )
5874.046: I:91471 (   0.041   0.045 1000.447 ) T:38257346 (   0.040   0.045   0.070   0.160 279.551 12214.271 )
5884.300: I:81358 (   0.041   0.046 952.831 ) T:38338704 (   0.040   0.045   0.070   0.160 279.551 12214.271 )
5894.046: I:60401 (   0.041   0.045 836.607 ) T:38399105 (   0.040   0.045   0.070   0.160 279.551 12214.271 )
5904.054: I:66067 (   0.041   0.046 680.959 ) T:38465172 (   0.040   0.045   0.070   0.160 279.807 12214.271 )
5914.054: I:48224 (   0.041   0.046 806.399 ) T:38513396 (   0.040   0.045   0.070   0.160 279.807 12214.271 )
5924.176: I:70618 (   0.041   0.046 1227.775 ) T:38584014 (   0.040   0.045   0.070   0.160 279.807 12214.271 )
5934.046: I:43555 (   0.041   0.046 688.639 ) T:38627569 (   0.040   0.045   0.070   0.161 279.807 12214.271 )
5944.051: I:60045 (   0.041   0.045 924.159 ) T:38687614 (   0.040   0.045   0.070   0.161 280.063 12214.271 )
5954.056: I:63863 (   0.041   0.046 1073.151 ) T:38751477 (   0.040   0.045   0.070   0.161 279.807 12214.271 )
5964.047: I:44885 (   0.041   0.045 1405.951 ) T:38796362 (   0.040   0.045   0.070   0.161 280.063 12214.271 )
5974.050: I:66149 (   0.041   0.045 749.567 ) T:38862511 (   0.040   0.045   0.070   0.160 280.063 12214.271 )
5984.054: I:49536 (   0.041   0.046 1257.471 ) T:38912047 (   0.040   0.045   0.070   0.160 280.319 12214.271 )
5994.069: I:59226 (   0.041   0.045 1067.007 ) T:38971273 (   0.040   0.045   0.070   0.160 280.319 12214.271 )
6004.112: I:62195 (   0.040   0.045 1248.255 ) T:39033468 (   0.040   0.045   0.070   0.160 280.319 12214.271 )
6014.050: I:63761 (   0.040   0.045 1055.743 ) T:39097229 (   0.040   0.045   0.070   0.160 280.575 12214.271 )
6024.047: I:61164 (   0.040   0.045 1432.575 ) T:39158393 (   0.040   0.045   0.070   0.160 280.575 12214.271 )
6034.046: I:64286 (   0.040   0.044 1345.535 ) T:39222679 (   0.040   0.045   0.070   0.160 280.575 12214.271 )
6044.110: I:60654 (   0.040   0.045 822.783 ) T:39283333 (   0.040   0.045   0.070   0.160 280.575 12214.271 )
6054.051: I:67413 (   0.040   0.044 590.335 ) T:39350746 (   0.040   0.045   0.070   0.160 280.831 12214.271 )
6064.047: I:55611 (   0.040   0.045 1582.079 ) T:39406357 (   0.040   0.045   0.070   0.160 280.831 12214.271 )
6074.052: I:68687 (   0.040   0.045 863.743 ) T:39475044 (   0.040   0.045   0.070   0.160 280.831 12214.271 )
6084.337: I:62261 (   0.040   0.045 1115.135 ) T:39537305 (   0.040   0.045   0.070   0.160 280.831 12214.271 )
6094.047: I:38232 (   0.041   0.048 2826.239 ) T:39575537 (   0.040   0.045   0.070   0.160 280.831 12214.271 )
6104.047: I:80505 (   0.041   0.045 983.039 ) T:39656042 (   0.040   0.045   0.070   0.160 280.831 12214.271 )
6114.046: I:74314 (   0.040   0.044 1246.207 ) T:39730356 (   0.040   0.045   0.070   0.160 280.575 12214.271 )
6124.049: I:49307 (   0.041   0.046 1437.695 ) T:39779663 (   0.040   0.045   0.070   0.160 280.831 12214.271 )
6134.046: I:57459 (   0.041   0.046 427.007 ) T:39837122 (   0.040   0.045   0.070   0.160 280.575 12214.271 )
6144.046: I:96428 (   0.041   0.045 721.919 ) T:39933550 (   0.040   0.045   0.070   0.160 280.575 12214.271 )
6154.043: I:92206 (   0.041   0.046 984.575 ) T:40025756 (   0.040   0.045   0.070   0.160 280.319 12214.271 )
6164.299: I:79439 (   0.041   0.046 758.271 ) T:40105195 (   0.040   0.045   0.070   0.159 280.319 12214.271 )
6174.047: I:67012 (   0.041   0.046 889.343 ) T:40172207 (   0.040   0.045   0.070   0.159 280.319 12214.271 )
6184.047: I:47577 (   0.041   0.046 556.543 ) T:40219784 (   0.040   0.045   0.070   0.160 280.319 12214.271 )
6194.054: I:23263 (   0.041   0.045 1691.647 ) T:40243047 (   0.040   0.045   0.070   0.160 280.575 12214.271 )
6204.119: I:50213 (   0.041   0.045 1215.487 ) T:40293260 (   0.040   0.045   0.070   0.160 280.575 12214.271 )
6214.046: I:67570 (   0.041   0.045 545.279 ) T:40360830 (   0.040   0.045   0.070   0.160 280.575 12214.271 )
6224.054: I:65772 (   0.041   0.046 848.383 ) T:40426602 (   0.040   0.045   0.070   0.160 280.831 12214.271 )
6234.054: I:35752 (   0.041   0.045 1396.735 ) T:40462354 (   0.040   0.045   0.070   0.160 280.831 12214.271 )
6244.337: I:63199 (   0.041   0.046 692.223 ) T:40525553 (   0.040   0.045   0.070   0.160 280.831 12214.271 )
6254.049: I:65089 (   0.041   0.045 447.487 ) T:40590642 (   0.040   0.045   0.070   0.160 281.087 12214.271 )
6264.053: I:75443 (   0.041   0.045 872.959 ) T:40666085 (   0.040   0.045   0.070   0.160 280.831 12214.271 )
6274.046: I:70058 (   0.040   0.045 963.071 ) T:40736143 (   0.040   0.045   0.070   0.160 281.087 12214.271 )
6284.174: I:86423 (   0.040   0.045 940.543 ) T:40822566 (   0.040   0.045   0.070   0.159 280.831 12214.271 )
6294.045: I:87602 (   0.040   0.045 1329.151 ) T:40910168 (   0.040   0.045   0.070   0.159 280.831 12214.271 )
6304.050: I:65210 (   0.040   0.045 723.967 ) T:40975378 (   0.040   0.045   0.070   0.159 280.831 12214.271 )
6314.051: I:69537 (   0.040   0.045 905.215 ) T:41044915 (   0.040   0.045   0.070   0.159 280.575 12214.271 )
6324.462: I:78599 (   0.040   0.045 2441.215 ) T:41123514 (   0.040   0.045   0.070   0.159 280.575 12214.271 )
6334.047: I:39434 (   0.040   0.045 2428.927 ) T:41162948 (   0.040   0.045   0.070   0.159 280.831 12214.271 )
6344.047: I:66677 (   0.040   0.045 851.967 ) T:41229625 (   0.040   0.045   0.070   0.159 280.831 12214.271 )
6354.051: I:66423 (   0.040   0.045 416.255 ) T:41296048 (   0.040   0.045   0.070   0.159 280.575 12214.271 )
6364.047: I:94585 (   0.040   0.045 3643.391 ) T:41390633 (   0.040   0.045   0.070   0.159 280.575 12214.271 )
6374.050: I:73562 (   0.040   0.045 877.055 ) T:41464195 (   0.040   0.045   0.070   0.159 280.575 12214.271 )
6384.422: I:75559 (   0.040   0.045 2040.831 ) T:41539754 (   0.040   0.045   0.070   0.159 280.575 12214.271 )
6394.054: I:64406 (   0.040   0.045 775.679 ) T:41604160 (   0.040   0.045   0.070   0.159 280.575 12214.271 )
6404.053: I:62222 (   0.041   0.045 1705.983 ) T:41666382 (   0.040   0.045   0.070   0.159 280.575 12214.271 )
6414.052: I:49713 (   0.041   0.046 982.527 ) T:41716095 (   0.040   0.045   0.070   0.159 280.575 12214.271 )
6424.134: I:25884 (   0.041   0.046 1641.471 ) T:41741979 (   0.040   0.045   0.070   0.159 280.831 12214.271 )
6434.363: I:15842 (   0.041   0.045 3133.439 ) T:41757821 (   0.040   0.045   0.070   0.159 280.831 12214.271 )
6445.215: I:8561 (   0.040   0.046 5652.479 ) T:41766382 (   0.040   0.045   0.070   0.159 281.087 12214.271 )
6454.051: I:29292 (   0.041   0.045 1331.199 ) T:41795674 (   0.040   0.045   0.070   0.159 281.087 12214.271 )
6464.136: I:27712 (   0.041   0.046 3461.119 ) T:41823386 (   0.040   0.045   0.070   0.159 281.343 12214.271 )
6474.047: I:60997 (   0.041   0.046 826.879 ) T:41884383 (   0.040   0.045   0.070   0.159 281.343 12214.271 )
6484.044: I:81203 (   0.041   0.046 1058.815 ) T:41965586 (   0.040   0.045   0.070   0.159 281.087 12214.271 )
6494.050: I:74296 (   0.041   0.045 447.231 ) T:42039882 (   0.040   0.045   0.070   0.159 281.087 12214.271 )
6504.677: I:92576 (   0.041   0.046 1895.423 ) T:42132458 (   0.040   0.045   0.070   0.158 280.831 12214.271 )
6514.046: I:75046 (   0.041   0.045 894.975 ) T:42207504 (   0.040   0.045   0.070   0.158 280.831 12214.271 )
6522.491: I:68358 (   0.041   0.046 927.231 ) T:42275862 (   0.040   0.045   0.070   0.158 280.575 12214.271 )
6524.330: I:0 (   0.000   0.000   0.000 ) T:42275862 (   0.040   0.045   0.070   0.158 280.575 12214.271 )
