#[Interval percentile log between 0.000 and <Infinite> seconds (relative to StartTime)]
#[StartTime: 1524747779.465 (seconds since epoch), Thu Apr 26 15:02:59 CEST 2018]
Time: IntervalPercentiles:count ( 50% 90% Max ) TotalPercentiles:count ( 50% 90% 99% 99.9% 99.99% Max )
10.006: I:1 (   1.380   1.380   1.380 ) T:1 (   1.380   1.380   1.380   1.380   1.380   1.380 )
19.987: I:1 (   1.335   1.335   1.335 ) T:2 (   1.335   1.380   1.380   1.380   1.380   1.380 )
29.984: I:1 (   1.341   1.341   1.341 ) T:3 (   1.341   1.380   1.380   1.380   1.380   1.380 )
39.984: I:1 (   1.394   1.394   1.394 ) T:4 (   1.341   1.394   1.394   1.394   1.394   1.394 )
49.984: I:1 (   1.517   1.517   1.517 ) T:5 (   1.380   1.517   1.517   1.517   1.517   1.517 )
59.983: I:1 (   1.411   1.411   1.411 ) T:6 (   1.380   1.517   1.517   1.517   1.517   1.517 )
69.984: I:1 (   1.442   1.442   1.442 ) T:7 (   1.394   1.517   1.517   1.517   1.517   1.517 )
79.984: I:1 (   1.661   1.661   1.661 ) T:8 (   1.394   1.661   1.661   1.661   1.661   1.661 )
89.984: I:1 (   1.477   1.477   1.477 ) T:9 (   1.411   1.661   1.661   1.661   1.661   1.661 )
99.983: I:1 (   1.582   1.582   1.582 ) T:10 (   1.411   1.582   1.661   1.661   1.661   1.661 )
109.983: I:1 (   1.723   1.723   1.723 ) T:11 (   1.442   1.661   1.723   1.723   1.723   1.723 )
119.983: I:1 (   1.685   1.685   1.685 ) T:12 (   1.442   1.685   1.723   1.723   1.723   1.723 )
129.983: I:1 (   1.569   1.569   1.569 ) T:13 (   1.477   1.685   1.723   1.723   1.723   1.723 )
139.983: I:1 (   1.668   1.668   1.668 ) T:14 (   1.477   1.685   1.723   1.723   1.723   1.723 )
149.983: I:1 (   1.763   1.763   1.763 ) T:15 (   1.517   1.723   1.763   1.763   1.763   1.763 )
159.982: I:1 (   1.533   1.533   1.533 ) T:16 (   1.517   1.723   1.763   1.763   1.763   1.763 )
169.982: I:1 (   1.459   1.459   1.459 ) T:17 (   1.517   1.723   1.763   1.763   1.763   1.763 )
179.983: I:1 (   1.762   1.762   1.762 ) T:18 (   1.517   1.762   1.763   1.763   1.763   1.763 )
189.982: I:1 (   1.809   1.809   1.809 ) T:19 (   1.533   1.763   1.809   1.809   1.809   1.809 )
199.983: I:1 (   1.517   1.517   1.517 ) T:20 (   1.517   1.762   1.809   1.809   1.809   1.809 )
209.983: I:1 (   1.659   1.659   1.659 ) T:21 (   1.533   1.762   1.809   1.809   1.809   1.809 )
219.983: I:1 (   1.608   1.608   1.608 ) T:22 (   1.533   1.762   1.809   1.809   1.809   1.809 )
229.982: I:1 (   1.719   1.719   1.719 ) T:23 (   1.569   1.762   1.809   1.809   1.809   1.809 )
239.983: I:1 (   1.760   1.760   1.760 ) T:24 (   1.569   1.762   1.809   1.809   1.809   1.809 )
249.982: I:1 (   1.701   1.701   1.701 ) T:25 (   1.582   1.762   1.809   1.809   1.809   1.809 )
259.982: I:1 (   1.626   1.626   1.626 ) T:26 (   1.582   1.762   1.809   1.809   1.809   1.809 )
269.982: I:1 (   1.717   1.717   1.717 ) T:27 (   1.608   1.762   1.809   1.809   1.809   1.809 )
279.982: I:1 (   1.925   1.925   1.925 ) T:28 (   1.608   1.763   1.925   1.925   1.925   1.925 )
290.214: I:1 (   1.774   1.774   1.774 ) T:29 (   1.626   1.774   1.925   1.925   1.925   1.925 )
299.983: I:1 (   2.185   2.185   2.185 ) T:30 (   1.626   1.774   2.185   2.185   2.185   2.185 )
309.982: I:1 (   2.031   2.031   2.031 ) T:31 (   1.659   1.809   2.185   2.185   2.185   2.185 )
319.982: I:1 (   1.857   1.857   1.857 ) T:32 (   1.659   1.857   2.185   2.185   2.185   2.185 )
329.983: I:1 (   1.662   1.662   1.662 ) T:33 (   1.661   1.857   2.185   2.185   2.185   2.185 )
339.982: I:1 (   2.113   2.113   2.113 ) T:34 (   1.661   1.925   2.185   2.185   2.185   2.185 )
349.983: I:1 (   1.678   1.678   1.678 ) T:35 (   1.662   1.925   2.185   2.185   2.185   2.185 )
359.982: I:1 (   1.791   1.791   1.791 ) T:36 (   1.662   1.925   2.185   2.185   2.185   2.185 )
369.983: I:1 (   2.125   2.125   2.125 ) T:37 (   1.668   2.031   2.185   2.185   2.185   2.185 )
379.982: I:1 (   2.179   2.179   2.179 ) T:38 (   1.668   2.113   2.185   2.185   2.185   2.185 )
389.983: I:1 (   1.816   1.816   1.816 ) T:39 (   1.678   2.113   2.185   2.185   2.185   2.185 )
399.984: I:1 (   1.803   1.803   1.803 ) T:40 (   1.678   2.031   2.185   2.185   2.185   2.185 )
409.983: I:1 (   1.725   1.725   1.725 ) T:41 (   1.685   2.031   2.185   2.185   2.185   2.185 )
419.983: I:1 (   1.962   1.962   1.962 ) T:42 (   1.685   2.031   2.185   2.185   2.185   2.185 )
429.983: I:1 (   1.801   1.801   1.801 ) T:43 (   1.701   2.031   2.185   2.185   2.185   2.185 )
439.982: I:1 (   2.161   2.161   2.161 ) T:44 (   1.701   2.113   2.185   2.185   2.185   2.185 )
449.982: I:1 (   1.967   1.967   1.967 ) T:45 (   1.717   2.113   2.185   2.185   2.185   2.185 )
459.982: I:1 (   2.059   2.059   2.059 ) T:46 (   1.717   2.113   2.185   2.185   2.185   2.185 )
469.982: I:1 (   2.081   2.081   2.081 ) T:47 (   1.719   2.113   2.185   2.185   2.185   2.185 )
479.982: I:1 (   1.944   1.944   1.944 ) T:48 (   1.719   2.113   2.185   2.185   2.185   2.185 )
489.983: I:1 (   2.297   2.297   2.297 ) T:49 (   1.723   2.125   2.297   2.297   2.297   2.297 )
499.983: I:1 (   2.016   2.016   2.016 ) T:50 (   1.723   2.113   2.297   2.297   2.297   2.297 )
509.983: I:1 (   2.227   2.227   2.227 ) T:51 (   1.725   2.125   2.297   2.297   2.297   2.297 )
519.982: I:1 (   2.267   2.267   2.267 ) T:52 (   1.725   2.161   2.297   2.297   2.297   2.297 )
529.983: I:1 (   2.463   2.463   2.463 ) T:53 (   1.760   2.179   2.463   2.463   2.463   2.463 )
539.982: I:1 (   2.107   2.107   2.107 ) T:54 (   1.760   2.179   2.463   2.463   2.463   2.463 )
549.982: I:1 (   1.971   1.971   1.971 ) T:55 (   1.762   2.179   2.463   2.463   2.463   2.463 )
559.983: I:1 (   2.149   2.149   2.149 ) T:56 (   1.762   2.179   2.463   2.463   2.463   2.463 )
569.983: I:1 (   1.939   1.939   1.939 ) T:57 (   1.763   2.179   2.463   2.463   2.463   2.463 )
579.983: I:1 (   2.635   2.635   2.635 ) T:58 (   1.763   2.185   2.635   2.635   2.635   2.635 )
589.982: I:1 (   1.966   1.966   1.966 ) T:59 (   1.774   2.185   2.635   2.635   2.635   2.635 )
599.982: I:1 (   2.225   2.225   2.225 ) T:60 (   1.774   2.185   2.635   2.635   2.635   2.635 )
609.982: I:1 (   2.243   2.243   2.243 ) T:61 (   1.791   2.225   2.635   2.635   2.635   2.635 )
620.021: I:1 (   2.431   2.431   2.431 ) T:62 (   1.791   2.227   2.635   2.635   2.635   2.635 )
629.981: I:1 (   1.931   1.931   1.931 ) T:63 (   1.801   2.227   2.635   2.635   2.635   2.635 )
639.982: I:1 (   2.273   2.273   2.273 ) T:64 (   1.801   2.243   2.635   2.635   2.635   2.635 )
649.982: I:1 (   2.393   2.393   2.393 ) T:65 (   1.803   2.267   2.635   2.635   2.635   2.635 )
659.982: I:1 (   2.249   2.249   2.249 ) T:66 (   1.803   2.267   2.635   2.635   2.635   2.635 )
669.982: I:1 (   2.187   2.187   2.187 ) T:67 (   1.809   2.267   2.635   2.635   2.635   2.635 )
679.982: I:1 (   2.505   2.505   2.505 ) T:68 (   1.809   2.273   2.635   2.635   2.635   2.635 )
689.982: I:1 (   2.607   2.607   2.607 ) T:69 (   1.816   2.297   2.635   2.635   2.635   2.635 )
699.982: I:1 (   2.207   2.207   2.207 ) T:70 (   1.816   2.273   2.635   2.635   2.635   2.635 )
709.982: I:1 (   2.775   2.775   2.775 ) T:71 (   1.857   2.297   2.775   2.775   2.775   2.775 )
719.983: I:1 (   2.529   2.529   2.529 ) T:72 (   1.857   2.393   2.775   2.775   2.775   2.775 )
730.013: I:1 (   2.505   2.505   2.505 ) T:73 (   1.925   2.431   2.775   2.775   2.775   2.775 )
739.982: I:1 (   2.069   2.069   2.069 ) T:74 (   1.925   2.431   2.775   2.775   2.775   2.775 )
749.982: I:1 (   2.955   2.955   2.955 ) T:75 (   1.931   2.463   2.955   2.955   2.955   2.955 )
759.982: I:1 (   2.407   2.407   2.407 ) T:76 (   1.931   2.463   2.955   2.955   2.955   2.955 )
769.983: I:1 (   2.287   2.287   2.287 ) T:77 (   1.939   2.463   2.955   2.955   2.955   2.955 )
779.982: I:1 (   2.171   2.171   2.171 ) T:78 (   1.939   2.463   2.955   2.955   2.955   2.955 )
789.982: I:1 (   3.009   3.009   3.009 ) T:79 (   1.944   2.505   3.009   3.009   3.009   3.009 )
799.982: I:1 (   2.533   2.533   2.533 ) T:80 (   1.944   2.505   3.009   3.009   3.009   3.009 )
809.982: I:1 (   2.237   2.237   2.237 ) T:81 (   1.962   2.505   3.009   3.009   3.009   3.009 )
819.982: I:1 (   2.465   2.465   2.465 ) T:82 (   1.962   2.505   3.009   3.009   3.009   3.009 )
829.982: I:1 (   2.303   2.303   2.303 ) T:83 (   1.966   2.505   3.009   3.009   3.009   3.009 )
839.982: I:1 (   2.631   2.631   2.631 ) T:84 (   1.966   2.505   3.009   3.009   3.009   3.009 )
849.982: I:1 (   2.851   2.851   2.851 ) T:85 (   1.967   2.529   3.009   3.009   3.009   3.009 )
859.982: I:1 (   2.637   2.637   2.637 ) T:86 (   1.967   2.533   3.009   3.009   3.009   3.009 )
869.982: I:1 (   2.355   2.355   2.355 ) T:87 (   1.971   2.533   3.009   3.009   3.009   3.009 )
879.983: I:1 (   2.999   2.999   2.999 ) T:88 (   1.971   2.607   3.009   3.009   3.009   3.009 )
889.983: I:1 (   2.703   2.703   2.703 ) T:89 (   2.016   2.631   3.009   3.009   3.009   3.009 )
899.982: I:1 (   2.443   2.443   2.443 ) T:90 (   2.016   2.607   3.009   3.009   3.009   3.009 )
909.983: I:1 (   2.399   2.399   2.399 ) T:91 (   2.031   2.607   3.009   3.009   3.009   3.009 )
919.982: I:1 (   2.329   2.329   2.329 ) T:92 (   2.031   2.607   3.009   3.009   3.009   3.009 )
929.983: I:1 (   3.169   3.169   3.169 ) T:93 (   2.059   2.631   3.169   3.169   3.169   3.169 )
939.983: I:1 (   3.349   3.349   3.349 ) T:94 (   2.059   2.635   3.349   3.349   3.349   3.349 )
949.982: I:1 (   3.381   3.381   3.381 ) T:95 (   2.069   2.637   3.381   3.381   3.381   3.381 )
959.983: I:1 (   2.681   2.681   2.681 ) T:96 (   2.069   2.681   3.381   3.381   3.381   3.381 )
969.983: I:1 (   2.491   2.491   2.491 ) T:97 (   2.081   2.681   3.381   3.381   3.381   3.381 )
979.982: I:1 (   2.377   2.377   2.377 ) T:98 (   2.081   2.681   3.381   3.381   3.381   3.381 )
989.982: I:1 (   2.663   2.663   2.663 ) T:99 (   2.107   2.681   3.381   3.381   3.381   3.381 )
999.982: I:1 (   3.483   3.483   3.483 ) T:100 (   2.107   2.681   3.381   3.483   3.483   3.483 )
1009.982: I:1 (   3.235   3.235   3.235 ) T:101 (   2.113   2.703   3.381   3.483   3.483   3.483 )
1019.982: I:1 (   2.623   2.623   2.623 ) T:102 (   2.113   2.703   3.381   3.483   3.483   3.483 )
1029.982: I:1 (   3.159   3.159   3.159 ) T:103 (   2.125   2.775   3.381   3.483   3.483   3.483 )
1039.982: I:1 (   3.959   3.959   3.959 ) T:104 (   2.125   2.851   3.483   3.959   3.959   3.959 )
1049.982: I:1 (   2.913   2.913   2.913 ) T:105 (   2.149   2.913   3.483   3.959   3.959   3.959 )
1059.982: I:1 (   2.677   2.677   2.677 ) T:106 (   2.149   2.913   3.483   3.959   3.959   3.959 )
1069.982: I:1 (   3.953   3.953   3.953 ) T:107 (   2.161   2.955   3.953   3.959   3.959   3.959 )
1079.982: I:1 (   3.231   3.231   3.231 ) T:108 (   2.161   2.999   3.953   3.959   3.959   3.959 )
1089.982: I:1 (   3.761   3.761   3.761 ) T:109 (   2.171   3.009   3.953   3.959   3.959   3.959 )
1099.982: I:1 (   3.875   3.875   3.875 ) T:110 (   2.171   3.009   3.953   3.959   3.959   3.959 )
1109.982: I:1 (   3.591   3.591   3.591 ) T:111 (   2.179   3.159   3.953   3.959   3.959   3.959 )
1119.982: I:1 (   2.763   2.763   2.763 ) T:112 (   2.179   3.159   3.953   3.959   3.959   3.959 )
1130.090: I:1 (   2.867   2.867   2.867 ) T:113 (   2.185   3.159   3.953   3.959   3.959   3.959 )
1140.118: I:1 (   2.641   2.641   2.641 ) T:114 (   2.185   3.159   3.953   3.959   3.959   3.959 )
1149.982: I:1 (   2.667   2.667   2.667 ) T:115 (   2.187   3.159   3.953   3.959   3.959   3.959 )
1159.982: I:1 (   2.979   2.979   2.979 ) T:116 (   2.187   3.159   3.953   3.959   3.959   3.959 )
1169.982: I:1 (   4.171   4.171   4.171 ) T:117 (   2.207   3.169   3.959   4.171   4.171   4.171 )
1179.982: I:1 (   4.167   4.167   4.167 ) T:118 (   2.207   3.231   4.167   4.171   4.171   4.171 )
1189.982: I:1 (   3.917   3.917   3.917 ) T:119 (   2.225   3.235   4.167   4.171   4.171   4.171 )
1199.982: I:1 (   3.225   3.225   3.225 ) T:120 (   2.225   3.231   4.167   4.171   4.171   4.171 )
1209.989: I:1 (   4.255   4.255   4.255 ) T:121 (   2.227   3.235   4.171   4.255   4.255   4.255 )
1219.982: I:1 (   2.809   2.809   2.809 ) T:122 (   2.227   3.235   4.171   4.255   4.255   4.255 )
1229.982: I:1 (   3.841   3.841   3.841 ) T:123 (   2.237   3.349   4.171   4.255   4.255   4.255 )
1239.983: I:1 (   4.127   4.127   4.127 ) T:124 (   2.237   3.381   4.171   4.255   4.255   4.255 )
1249.982: I:1 (   4.871   4.871   4.871 ) T:125 (   2.243   3.483   4.255   4.871   4.871   4.871 )
1259.982: I:1 (   4.017   4.017   4.017 ) T:126 (   2.243   3.591   4.255   4.871   4.871   4.871 )
1269.983: I:1 (   3.115   3.115   3.115 ) T:127 (   2.249   3.591   4.255   4.871   4.871   4.871 )
1279.982: I:1 (   4.259   4.259   4.259 ) T:128 (   2.249   3.761   4.259   4.871   4.871   4.871 )
1289.982: I:1 (   3.101   3.101   3.101 ) T:129 (   2.267   3.761   4.259   4.871   4.871   4.871 )
1299.983: I:1 (   4.615   4.615   4.615 ) T:130 (   2.267   3.761   4.615   4.871   4.871   4.871 )
1309.982: I:1 (   3.823   3.823   3.823 ) T:131 (   2.273   3.823   4.615   4.871   4.871   4.871 )
1319.982: I:1 (   4.899   4.899   4.899 ) T:132 (   2.273   3.841   4.871   4.899   4.899   4.899 )
1329.983: I:1 (   3.325   3.325   3.325 ) T:133 (   2.287   3.841   4.871   4.899   4.899   4.899 )
1339.983: I:1 (   4.843   4.843   4.843 ) T:134 (   2.287   3.875   4.871   4.899   4.899   4.899 )
1349.983: I:1 (   3.651   3.651   3.651 ) T:135 (   2.297   3.875   4.871   4.899   4.899   4.899 )
1359.982: I:1 (   4.835   4.835   4.835 ) T:136 (   2.297   3.917   4.871   4.899   4.899   4.899 )
1369.983: I:1 (   3.515   3.515   3.515 ) T:137 (   2.303   3.917   4.871   4.899   4.899   4.899 )
1379.982: I:1 (   5.343   5.343   5.343 ) T:138 (   2.303   3.953   4.899   5.343   5.343   5.343 )
1389.982: I:1 (   4.151   4.151   4.151 ) T:139 (   2.329   3.959   4.899   5.343   5.343   5.343 )
1399.982: I:1 (   4.779   4.779   4.779 ) T:140 (   2.329   3.959   4.899   5.343   5.343   5.343 )
1409.982: I:1 (   5.579   5.579   5.579 ) T:141 (   2.355   4.017   5.343   5.579   5.579   5.579 )
1420.181: I:1 (   4.603   4.603   4.603 ) T:142 (   2.355   4.127   5.343   5.579   5.579   5.579 )
1429.982: I:1 (   3.103   3.103   3.103 ) T:143 (   2.377   4.127   5.343   5.579   5.579   5.579 )
1443.100: I:1 (   4.727   4.727   4.727 ) T:144 (   2.377   4.151   5.343   5.579   5.579   5.579 )
1449.981: I:1 (   2.891   2.891   2.891 ) T:145 (   2.393   4.151   5.343   5.579   5.579   5.579 )
1459.982: I:1 (   4.403   4.403   4.403 ) T:146 (   2.393   4.167   5.343   5.579   5.579   5.579 )
1469.982: I:1 (   4.839   4.839   4.839 ) T:147 (   2.399   4.171   5.343   5.579   5.579   5.579 )
1479.982: I:1 (   4.287   4.287   4.287 ) T:148 (   2.399   4.255   5.343   5.579   5.579   5.579 )
1489.982: I:1 (   3.241   3.241   3.241 ) T:149 (   2.407   4.255   5.343   5.579   5.579   5.579 )
1499.982: I:1 (   3.435   3.435   3.435 ) T:150 (   2.407   4.171   5.343   5.579   5.579   5.579 )
1509.982: I:1 (   4.051   4.051   4.051 ) T:151 (   2.431   4.171   5.343   5.579   5.579   5.579 )
1519.982: I:1 (   5.103   5.103   5.103 ) T:152 (   2.431   4.255   5.343   5.579   5.579   5.579 )
1529.982: I:1 (   4.983   4.983   4.983 ) T:153 (   2.443   4.259   5.343   5.579   5.579   5.579 )
1539.982: I:1 (   5.299   5.299   5.299 ) T:154 (   2.443   4.287   5.343   5.579   5.579   5.579 )
1549.982: I:1 (   5.579   5.579   5.579 ) T:155 (   2.463   4.403   5.579   5.579   5.579   5.579 )
1559.983: I:1 (   6.063   6.063   6.063 ) T:156 (   2.463   4.603   5.579   6.063   6.063   6.063 )
1569.982: I:1 (   5.887   5.887   5.887 ) T:157 (   2.465   4.615   5.887   6.063   6.063   6.063 )
1579.982: I:1 (   6.227   6.227   6.227 ) T:158 (   2.465   4.727   6.063   6.227   6.227   6.227 )
1589.982: I:1 (   6.147   6.147   6.147 ) T:159 (   2.491   4.779   6.147   6.227   6.227   6.227 )
1599.982: I:1 (   6.311   6.311   6.311 ) T:160 (   2.491   4.779   6.227   6.311   6.311   6.311 )
1609.983: I:1 (   5.651   5.651   5.651 ) T:161 (   2.505   4.835   6.227   6.311   6.311   6.311 )
1619.982: I:1 (   5.323   5.323   5.323 ) T:162 (   2.505   4.839   6.227   6.311   6.311   6.311 )
1629.982: I:1 (   5.863   5.863   5.863 ) T:163 (   2.505   4.843   6.227   6.311   6.311   6.311 )
1639.982: I:1 (   6.299   6.299   6.299 ) T:164 (   2.505   4.871   6.299   6.311   6.311   6.311 )
1649.982: I:1 (   5.767   5.767   5.767 ) T:165 (   2.529   4.899   6.299   6.311   6.311   6.311 )
1659.983: I:1 (   4.751   4.751   4.751 ) T:166 (   2.529   4.899   6.299   6.311   6.311   6.311 )
1669.982: I:1 (   3.213   3.213   3.213 ) T:167 (   2.533   4.899   6.299   6.311   6.311   6.311 )
1679.982: I:1 (   5.483   5.483   5.483 ) T:168 (   2.533   4.983   6.299   6.311   6.311   6.311 )
1689.982: I:1 (   5.027   5.027   5.027 ) T:169 (   2.607   5.027   6.299   6.311   6.311   6.311 )
1699.982: I:1 (   5.135   5.135   5.135 ) T:170 (   2.607   5.027   6.299   6.311   6.311   6.311 )
1709.982: I:1 (   5.431   5.431   5.431 ) T:171 (   2.623   5.103   6.299   6.311   6.311   6.311 )
1719.982: I:1 (   4.435   4.435   4.435 ) T:172 (   2.623   5.103   6.299   6.311   6.311   6.311 )
1729.982: I:1 (   4.403   4.403   4.403 ) T:173 (   2.631   5.103   6.299   6.311   6.311   6.311 )
1740.061: I:1 (   4.047   4.047   4.047 ) T:174 (   2.631   5.103   6.299   6.311   6.311   6.311 )
1749.982: I:1 (   3.313   3.313   3.313 ) T:175 (   2.635   5.103   6.299   6.311   6.311   6.311 )
1759.982: I:1 (   3.549   3.549   3.549 ) T:176 (   2.635   5.103   6.299   6.311   6.311   6.311 )
1769.982: I:1 (   6.243   6.243   6.243 ) T:177 (   2.637   5.135   6.299   6.311   6.311   6.311 )
1779.982: I:1 (   5.615   5.615   5.615 ) T:178 (   2.637   5.299   6.299   6.311   6.311   6.311 )
1789.982: I:1 (   4.057   4.057   4.057 ) T:179 (   2.641   5.299   6.299   6.311   6.311   6.311 )
1799.982: I:1 (   3.523   3.523   3.523 ) T:180 (   2.641   5.135   6.299   6.311   6.311   6.311 )
1809.982: I:1 (   5.443   5.443   5.443 ) T:181 (   2.663   5.299   6.299   6.311   6.311   6.311 )
1819.982: I:1 (   7.135   7.135   7.135 ) T:182 (   2.663   5.323   6.311   7.135   7.135   7.135 )
1829.982: I:1 (   7.275   7.275   7.275 ) T:183 (   2.667   5.343   7.135   7.275   7.275   7.275 )
1840.127: I:1 (   7.175   7.175   7.175 ) T:184 (   2.667   5.431   7.175   7.275   7.275   7.275 )
1850.084: I:1 (   3.425   3.425   3.425 ) T:185 (   2.677   5.431   7.175   7.275   7.275   7.275 )
1859.982: I:1 (   3.447   3.447   3.447 ) T:186 (   2.677   5.431   7.175   7.275   7.275   7.275 )
1869.982: I:1 (   7.183   7.183   7.183 ) T:187 (   2.681   5.443   7.183   7.275   7.275   7.275 )
1879.982: I:1 (   6.335   6.335   6.335 ) T:188 (   2.681   5.483   7.183   7.275   7.275   7.275 )
1890.767: I:1 (   5.907   5.907   5.907 ) T:189 (   2.703   5.579   7.183   7.275   7.275   7.275 )
1899.981: I:1 (   6.087   6.087   6.087 ) T:190 (   2.703   5.579   7.183   7.275   7.275   7.275 )
1909.982: I:1 (   4.467   4.467   4.467 ) T:191 (   2.763   5.579   7.183   7.275   7.275   7.275 )
1919.982: I:1 (   4.143   4.143   4.143 ) T:192 (   2.763   5.579   7.183   7.275   7.275   7.275 )
1929.982: I:1 (   3.645   3.645   3.645 ) T:193 (   2.775   5.579   7.183   7.275   7.275   7.275 )
1939.982: I:1 (   6.023   6.023   6.023 ) T:194 (   2.775   5.579   7.183   7.275   7.275   7.275 )
1949.982: I:1 (   7.183   7.183   7.183 ) T:195 (   2.809   5.615   7.183   7.275   7.275   7.275 )
1959.982: I:1 (   5.719   5.719   5.719 ) T:196 (   2.809   5.651   7.183   7.275   7.275   7.275 )
1969.982: I:1 (   4.775   4.775   4.775 ) T:197 (   2.851   5.651   7.183   7.275   7.275   7.275 )
1979.982: I:1 (   4.179   4.179   4.179 ) T:198 (   2.851   5.651   7.183   7.275   7.275   7.275 )
1989.982: I:1 (   7.623   7.623   7.623 ) T:199 (   2.867   5.719   7.275   7.623   7.623   7.623 )
1999.982: I:1 (   7.239   7.239   7.239 ) T:200 (   2.867   5.719   7.239   7.623   7.623   7.623 )
2009.982: I:1 (   6.327   6.327   6.327 ) T:201 (   2.891   5.767   7.239   7.623   7.623   7.623 )
2019.982: I:1 (   5.799   5.799   5.799 ) T:202 (   2.891   5.799   7.239   7.623   7.623   7.623 )
2029.982: I:1 (   4.735   4.735   4.735 ) T:203 (   2.913   5.799   7.239   7.623   7.623   7.623 )
2039.982: I:1 (   5.963   5.963   5.963 ) T:204 (   2.913   5.863   7.239   7.623   7.623   7.623 )
2049.983: I:1 (   5.383   5.383   5.383 ) T:205 (   2.955   5.863   7.239   7.623   7.623   7.623 )
2059.982: I:1 (   6.995   6.995   6.995 ) T:206 (   2.955   5.887   7.239   7.623   7.623   7.623 )
2069.982: I:1 (   4.179   4.179   4.179 ) T:207 (   2.979   5.887   7.239   7.623   7.623   7.623 )
2079.983: I:1 (   7.791   7.791   7.791 ) T:208 (   2.979   5.907   7.275   7.791   7.791   7.791 )
2089.982: I:1 (   6.651   6.651   6.651 ) T:209 (   2.999   5.963   7.275   7.791   7.791   7.791 )
2100.209: I:1 (   5.911   5.911   5.911 ) T:210 (   2.999   5.911   7.275   7.791   7.791   7.791 )
2109.982: I:1 (   4.271   4.271   4.271 ) T:211 (   3.009   5.911   7.275   7.791   7.791   7.791 )
2119.982: I:1 (   7.047   7.047   7.047 ) T:212 (   3.009   5.963   7.275   7.791   7.791   7.791 )
2129.982: I:1 (   5.563   5.563   5.563 ) T:213 (   3.101   5.963   7.275   7.791   7.791   7.791 )
2139.982: I:1 (   4.527   4.527   4.527 ) T:214 (   3.101   5.963   7.275   7.791   7.791   7.791 )
2149.982: I:1 (   7.979   7.979   7.979 ) T:215 (   3.103   6.023   7.623   7.979   7.979   7.979 )
2159.982: I:1 (   6.931   6.931   6.931 ) T:216 (   3.103   6.063   7.623   7.979   7.979   7.979 )
2169.982: I:1 (   5.007   5.007   5.007 ) T:217 (   3.115   6.063   7.623   7.979   7.979   7.979 )
2179.982: I:1 (   4.029   4.029   4.029 ) T:218 (   3.115   6.063   7.623   7.979   7.979   7.979 )
2189.982: I:1 (   7.223   7.223   7.223 ) T:219 (   3.159   6.087   7.623   7.979   7.979   7.979 )
2199.982: I:1 (   6.003   6.003   6.003 ) T:220 (   3.159   6.063   7.623   7.979   7.979   7.979 )
2210.317: I:1 (   4.967   4.967   4.967 ) T:221 (   3.169   6.063   7.623   7.979   7.979   7.979 )
2219.981: I:1 (   3.991   3.991   3.991 ) T:222 (   3.169   6.063   7.623   7.979   7.979   7.979 )
2229.982: I:1 (   7.355   7.355   7.355 ) T:223 (   3.213   6.087   7.623   7.979   7.979   7.979 )
2239.982: I:1 (   6.143   6.143   6.143 ) T:224 (   3.213   6.143   7.623   7.979   7.979   7.979 )
2249.982: I:1 (   5.399   5.399   5.399 ) T:225 (   3.225   6.143   7.623   7.979   7.979   7.979 )
2259.982: I:1 (   4.403   4.403   4.403 ) T:226 (   3.225   6.143   7.623   7.979   7.979   7.979 )
2269.982: I:1 (   7.731   7.731   7.731 ) T:227 (   3.231   6.147   7.731   7.979   7.979   7.979 )
2279.982: I:1 (   7.263   7.263   7.263 ) T:228 (   3.231   6.227   7.731   7.979   7.979   7.979 )
2289.982: I:1 (   3.923   3.923   3.923 ) T:229 (   3.235   6.227   7.731   7.979   7.979   7.979 )
2299.982: I:1 (   7.811   7.811   7.811 ) T:230 (   3.235   6.227   7.791   7.979   7.979   7.979 )
2309.982: I:1 (   7.459   7.459   7.459 ) T:231 (   3.241   6.243   7.791   7.979   7.979   7.979 )
2319.982: I:1 (   6.391   6.391   6.391 ) T:232 (   3.241   6.299   7.791   7.979   7.979   7.979 )
2329.982: I:1 (   4.163   4.163   4.163 ) T:233 (   3.313   6.299   7.791   7.979   7.979   7.979 )
2339.982: I:1 (   7.299   7.299   7.299 ) T:234 (   3.313   6.311   7.791   7.979   7.979   7.979 )
2349.982: I:1 (   4.435   4.435   4.435 ) T:235 (   3.325   6.311   7.791   7.979   7.979   7.979 )
2359.982: I:1 (   7.503   7.503   7.503 ) T:236 (   3.325   6.327   7.791   7.979   7.979   7.979 )
2369.982: I:1 (   7.151   7.151   7.151 ) T:237 (   3.349   6.335   7.791   7.979   7.979   7.979 )
2379.982: I:1 (   6.551   6.551   6.551 ) T:238 (   3.349   6.391   7.791   7.979   7.979   7.979 )
2390.183: I:1 (   5.675   5.675   5.675 ) T:239 (   3.381   6.391   7.791   7.979   7.979   7.979 )
2399.983: I:1 (   4.053   4.053   4.053 ) T:240 (   3.381   6.335   7.791   7.979   7.979   7.979 )
2409.982: I:1 (   5.247   5.247   5.247 ) T:241 (   3.425   6.335   7.791   7.979   7.979   7.979 )
2419.982: I:1 (   8.327   8.327   8.327 ) T:242 (   3.425   6.391   7.811   8.327   8.327   8.327 )
2429.982: I:1 (   7.239   7.239   7.239 ) T:243 (   3.435   6.551   7.811   8.327   8.327   8.327 )
2439.982: I:1 (   5.595   5.595   5.595 ) T:244 (   3.435   6.551   7.811   8.327   8.327   8.327 )
2449.982: I:1 (   8.551   8.551   8.551 ) T:245 (   3.447   6.651   7.979   8.551   8.551   8.551 )
2459.982: I:1 (   7.615   7.615   7.615 ) T:246 (   3.447   6.931   7.979   8.551   8.551   8.551 )
2469.983: I:1 (   5.451   5.451   5.451 ) T:247 (   3.483   6.931   7.979   8.551   8.551   8.551 )
2479.982: I:1 (   7.807   7.807   7.807 ) T:248 (   3.483   6.995   7.979   8.551   8.551   8.551 )
2489.982: I:1 (   6.463   6.463   6.463 ) T:249 (   3.515   6.995   7.979   8.551   8.551   8.551 )
2499.982: I:1 (   5.851   5.851   5.851 ) T:250 (   3.515   6.931   7.979   8.551   8.551   8.551 )
2509.982: I:1 (   4.751   4.751   4.751 ) T:251 (   3.523   6.931   7.979   8.551   8.551   8.551 )
2519.982: I:1 (   4.227   4.227   4.227 ) T:252 (   3.523   6.931   7.979   8.551   8.551   8.551 )
2529.983: I:1 (   7.659   7.659   7.659 ) T:253 (   3.549   6.995   7.979   8.551   8.551   8.551 )
2539.982: I:1 (   6.087   6.087   6.087 ) T:254 (   3.549   6.995   7.979   8.551   8.551   8.551 )
2549.982: I:1 (   5.155   5.155   5.155 ) T:255 (   3.591   6.995   7.979   8.551   8.551   8.551 )
2559.983: I:1 (   7.807   7.807   7.807 ) T:256 (   3.591   7.047   7.979   8.551   8.551   8.551 )
2569.982: I:1 (   6.935   6.935   6.935 ) T:257 (   3.645   7.047   7.979   8.551   8.551   8.551 )
2579.982: I:1 (   5.959   5.959   5.959 ) T:258 (   3.645   7.047   7.979   8.551   8.551   8.551 )
2589.982: I:1 (   5.039   5.039   5.039 ) T:259 (   3.651   7.047   7.979   8.551   8.551   8.551 )
2599.982: I:1 (   7.967   7.967   7.967 ) T:260 (   3.651   7.047   7.979   8.551   8.551   8.551 )
2609.982: I:1 (   6.435   6.435   6.435 ) T:261 (   3.761   7.047   7.979   8.551   8.551   8.551 )
2619.982: I:1 (   4.507   4.507   4.507 ) T:262 (   3.761   7.047   7.979   8.551   8.551   8.551 )
2630.001: I:1 (   6.207   6.207   6.207 ) T:263 (   3.823   7.047   7.979   8.551   8.551   8.551 )
2639.981: I:1 (   4.335   4.335   4.335 ) T:264 (   3.823   7.047   7.979   8.551   8.551   8.551 )
2649.982: I:1 (   7.071   7.071   7.071 ) T:265 (   3.841   7.071   7.979   8.551   8.551   8.551 )
2659.982: I:1 (   7.555   7.555   7.555 ) T:266 (   3.841   7.135   7.979   8.551   8.551   8.551 )
2669.983: I:1 (   8.223   8.223   8.223 ) T:267 (   3.875   7.151   8.223   8.551   8.551   8.551 )
2679.982: I:1 (   6.043   6.043   6.043 ) T:268 (   3.875   7.151   8.223   8.551   8.551   8.551 )
2689.982: I:1 (   4.931   4.931   4.931 ) T:269 (   3.917   7.151   8.223   8.551   8.551   8.551 )
2700.125: I:1 (   4.371   4.371   4.371 ) T:270 (   3.917   7.135   8.223   8.551   8.551   8.551 )
2709.982: I:1 (   7.519   7.519   7.519 ) T:271 (   3.923   7.151   8.223   8.551   8.551   8.551 )
2719.982: I:1 (   6.947   6.947   6.947 ) T:272 (   3.923   7.151   8.223   8.551   8.551   8.551 )
2729.982: I:1 (   5.639   5.639   5.639 ) T:273 (   3.953   7.151   8.223   8.551   8.551   8.551 )
2739.982: I:1 (   4.427   4.427   4.427 ) T:274 (   3.953   7.151   8.223   8.551   8.551   8.551 )
2749.982: I:1 (   8.079   8.079   8.079 ) T:275 (   3.959   7.175   8.223   8.551   8.551   8.551 )
2759.982: I:1 (   5.823   5.823   5.823 ) T:276 (   3.959   7.175   8.223   8.551   8.551   8.551 )
2769.982: I:1 (   7.083   7.083   7.083 ) T:277 (   3.991   7.175   8.223   8.551   8.551   8.551 )
2779.982: I:1 (   4.659   4.659   4.659 ) T:278 (   3.991   7.175   8.223   8.551   8.551   8.551 )
2789.982: I:1 (   7.131   7.131   7.131 ) T:279 (   4.017   7.175   8.223   8.551   8.551   8.551 )
2799.982: I:1 (   5.455   5.455   5.455 ) T:280 (   4.017   7.151   8.223   8.551   8.551   8.551 )
2809.982: I:1 (   8.695   8.695   8.695 ) T:281 (   4.029   7.175   8.327   8.695   8.695   8.695 )
2819.982: I:1 (   7.263   7.263   7.263 ) T:282 (   4.029   7.183   8.327   8.695   8.695   8.695 )
2829.982: I:1 (   5.799   5.799   5.799 ) T:283 (   4.047   7.183   8.327   8.695   8.695   8.695 )
2839.982: I:1 (   8.871   8.871   8.871 ) T:284 (   4.047   7.183   8.551   8.871   8.871   8.871 )
2849.982: I:1 (   7.391   7.391   7.391 ) T:285 (   4.051   7.223   8.551   8.871   8.871   8.871 )
2859.982: I:1 (   9.135   9.135   9.135 ) T:286 (   4.051   7.239   8.695   9.135   9.135   9.135 )
2869.982: I:1 (   7.595   7.595   7.595 ) T:287 (   4.053   7.239   8.695   9.135   9.135   9.135 )
2879.982: I:1 (   7.043   7.043   7.043 ) T:288 (   4.053   7.239   8.695   9.135   9.135   9.135 )
2889.982: I:1 (   5.063   5.063   5.063 ) T:289 (   4.057   7.239   8.695   9.135   9.135   9.135 )
2899.982: I:1 (   8.511   8.511   8.511 ) T:290 (   4.057   7.239   8.695   9.135   9.135   9.135 )
2909.982: I:1 (   7.959   7.959   7.959 ) T:291 (   4.127   7.263   8.695   9.135   9.135   9.135 )
2919.982: I:1 (   7.995   7.995   7.995 ) T:292 (   4.127   7.263   8.695   9.135   9.135   9.135 )
2929.982: I:1 (   6.459   6.459   6.459 ) T:293 (   4.143   7.263   8.695   9.135   9.135   9.135 )
2939.982: I:1 (   6.027   6.027   6.027 ) T:294 (   4.143   7.263   8.695   9.135   9.135   9.135 )
2949.982: I:1 (   5.347   5.347   5.347 ) T:295 (   4.151   7.263   8.695   9.135   9.135   9.135 )
2959.982: I:1 (   8.967   8.967   8.967 ) T:296 (   4.151   7.275   8.871   9.135   9.135   9.135 )
2969.983: I:1 (   7.583   7.583   7.583 ) T:297 (   4.163   7.299   8.871   9.135   9.135   9.135 )
2980.015: I:1 (   6.751   6.751   6.751 ) T:298 (   4.163   7.299   8.871   9.135   9.135   9.135 )
2989.982: I:1 (   5.519   5.519   5.519 ) T:299 (   4.167   7.299   8.871   9.135   9.135   9.135 )
2999.982: I:1 (   8.359   8.359   8.359 ) T:300 (   4.167   7.299   8.695   9.135   9.135   9.135 )
3010.015: I:1 (   6.683   6.683   6.683 ) T:301 (   4.171   7.299   8.695   9.135   9.135   9.135 )
3019.982: I:1 (   4.751   4.751   4.751 ) T:302 (   4.171   7.299   8.695   9.135   9.135   9.135 )
3029.982: I:1 (   7.759   7.759   7.759 ) T:303 (   4.179   7.355   8.695   9.135   9.135   9.135 )
3039.982: I:1 (   4.763   4.763   4.763 ) T:304 (   4.179   7.355   8.695   9.135   9.135   9.135 )
3049.982: I:1 (   6.703   6.703   6.703 ) T:305 (   4.179   7.355   8.695   9.135   9.135   9.135 )
3059.982: I:1 (   8.535   8.535   8.535 ) T:306 (   4.179   7.391   8.695   9.135   9.135   9.135 )
3069.982: I:1 (   7.211   7.211   7.211 ) T:307 (   4.227   7.391   8.695   9.135   9.135   9.135 )
3079.982: I:1 (   5.763   5.763   5.763 ) T:308 (   4.227   7.391   8.695   9.135   9.135   9.135 )
3089.982: I:1 (   9.247   9.247   9.247 ) T:309 (   4.255   7.459   8.871   9.247   9.247   9.247 )
3099.982: I:1 (   8.099   8.099   8.099 ) T:310 (   4.255   7.459   8.871   9.247   9.247   9.247 )
3109.982: I:1 (   6.579   6.579   6.579 ) T:311 (   4.259   7.459   8.871   9.247   9.247   9.247 )
3119.982: I:1 (   5.151   5.151   5.151 ) T:312 (   4.259   7.459   8.871   9.247   9.247   9.247 )
3129.982: I:1 (   8.367   8.367   8.367 ) T:313 (   4.271   7.503   8.871   9.247   9.247   9.247 )
3139.982: I:1 (   6.615   6.615   6.615 ) T:314 (   4.271   7.503   8.871   9.247   9.247   9.247 )
3149.982: I:1 (   5.183   5.183   5.183 ) T:315 (   4.287   7.503   8.871   9.247   9.247   9.247 )
3159.982: I:1 (   8.223   8.223   8.223 ) T:316 (   4.287   7.519   8.871   9.247   9.247   9.247 )
3169.982: I:1 (   5.883   5.883   5.883 ) T:317 (   4.335   7.519   8.871   9.247   9.247   9.247 )
3179.982: I:1 (   9.495   9.495   9.495 ) T:318 (   4.335   7.555   8.967   9.495   9.495   9.495 )
3189.982: I:1 (   8.367   8.367   8.367 ) T:319 (   4.371   7.583   8.967   9.495   9.495   9.495 )
3199.982: I:1 (   7.059   7.059   7.059 ) T:320 (   4.371   7.555   8.967   9.495   9.495   9.495 )
3209.982: I:1 (   5.451   5.451   5.451 ) T:321 (   4.403   7.555   8.967   9.495   9.495   9.495 )
3219.982: I:1 (   9.639   9.639   9.639 ) T:322 (   4.403   7.583   9.135   9.639   9.639   9.639 )
3229.982: I:1 (   9.311   9.311   9.311 ) T:323 (   4.403   7.595   9.247   9.639   9.639   9.639 )
3239.982: I:1 (   6.719   6.719   6.719 ) T:324 (   4.403   7.595   9.247   9.639   9.639   9.639 )
3250.087: I:1 (   8.687   8.687   8.687 ) T:325 (   4.403   7.615   9.247   9.639   9.639   9.639 )
3259.981: I:1 (   5.007   5.007   5.007 ) T:326 (   4.403   7.615   9.247   9.639   9.639   9.639 )
3269.982: I:1 (   8.391   8.391   8.391 ) T:327 (   4.427   7.623   9.247   9.639   9.639   9.639 )
3279.982: I:1 (   7.447   7.447   7.447 ) T:328 (   4.427   7.623   9.247   9.639   9.639   9.639 )
3289.982: I:1 (   5.039   5.039   5.039 ) T:329 (   4.435   7.623   9.247   9.639   9.639   9.639 )
3299.982: I:1 (   8.207   8.207   8.207 ) T:330 (   4.435   7.623   9.247   9.639   9.639   9.639 )
3309.982: I:1 (   6.903   6.903   6.903 ) T:331 (   4.435   7.623   9.247   9.639   9.639   9.639 )
3319.982: I:1 (   6.823   6.823   6.823 ) T:332 (   4.435   7.623   9.247   9.639   9.639   9.639 )
3329.982: I:1 (   5.659   5.659   5.659 ) T:333 (   4.467   7.623   9.247   9.639   9.639   9.639 )
3339.982: I:1 (   9.015   9.015   9.015 ) T:334 (   4.467   7.659   9.247   9.639   9.639   9.639 )
3349.982: I:1 (   7.119   7.119   7.119 ) T:335 (   4.507   7.659   9.247   9.639   9.639   9.639 )
3359.982: I:1 (   9.623   9.623   9.623 ) T:336 (   4.507   7.731   9.311   9.639   9.639   9.639 )
3369.982: I:1 (   8.311   8.311   8.311 ) T:337 (   4.527   7.759   9.311   9.639   9.639   9.639 )
3379.982: I:1 (   7.475   7.475   7.475 ) T:338 (   4.527   7.759   9.311   9.639   9.639   9.639 )
3389.982: I:1 (   6.427   6.427   6.427 ) T:339 (   4.603   7.759   9.311   9.639   9.639   9.639 )
3399.982: I:1 (   5.591   5.591   5.591 ) T:340 (   4.603   7.731   9.311   9.639   9.639   9.639 )
3409.982: I:1 (   9.647   9.647   9.647 ) T:341 (   4.615   7.759   9.495   9.647   9.647   9.647 )
3419.982: I:1 (   9.175   9.175   9.175 ) T:342 (   4.615   7.791   9.495   9.647   9.647   9.647 )
3429.982: I:1 (   7.835   7.835   7.835 ) T:343 (   4.659   7.807   9.495   9.647   9.647   9.647 )
3439.982: I:1 (   5.423   5.423   5.423 ) T:344 (   4.659   7.807   9.495   9.647   9.647   9.647 )
3449.982: I:1 (   7.639   7.639   7.639 ) T:345 (   4.727   7.807   9.495   9.647   9.647   9.647 )
3459.982: I:1 (   8.999   8.999   8.999 ) T:346 (   4.727   7.807   9.495   9.647   9.647   9.647 )
3469.982: I:1 (   7.767   7.767   7.767 ) T:347 (   4.735   7.807   9.495   9.647   9.647   9.647 )
3479.982: I:1 (   6.343   6.343   6.343 ) T:348 (   4.735   7.807   9.495   9.647   9.647   9.647 )
3489.982: I:1 (   7.627   7.627   7.627 ) T:349 (   4.751   7.807   9.495   9.647   9.647   9.647 )
3500.035: I:1 (   6.043   6.043   6.043 ) T:350 (   4.751   7.807   9.495   9.647   9.647   9.647 )
3509.982: I:1 (   5.323   5.323   5.323 ) T:351 (   4.751   7.807   9.495   9.647   9.647   9.647 )
3519.982: I:1 (   8.519   8.519   8.519 ) T:352 (   4.751   7.807   9.495   9.647   9.647   9.647 )
3536.081: I:1 (   7.499   7.499   7.499 ) T:353 (   4.751   7.807   9.495   9.647   9.647   9.647 )
3539.982: I:1 (   5.319   5.319   5.319 ) T:354 (   4.751   7.807   9.495   9.647   9.647   9.647 )
3549.982: I:1 (   6.663   6.663   6.663 ) T:355 (   4.763   7.807   9.495   9.647   9.647   9.647 )
3560.028: I:1 (   9.191   9.191   9.191 ) T:356 (   4.763   7.811   9.495   9.647   9.647   9.647 )
3570.049: I:1 (   7.367   7.367   7.367 ) T:357 (   4.775   7.811   9.495   9.647   9.647   9.647 )
3579.982: I:1 (   5.355   5.355   5.355 ) T:358 (   4.775   7.811   9.495   9.647   9.647   9.647 )
3589.982: I:1 (   8.455   8.455   8.455 ) T:359 (   4.779   7.835   9.495   9.647   9.647   9.647 )
3599.982: I:1 (   6.235   6.235   6.235 ) T:360 (   4.779   7.811   9.495   9.647   9.647   9.647 )
3609.982: I:1 (   9.055   9.055   9.055 ) T:361 (   4.835   7.835   9.495   9.647   9.647   9.647 )
3619.982: I:1 (   7.519   7.519   7.519 ) T:362 (   4.835   7.835   9.495   9.647   9.647   9.647 )
3629.982: I:1 (   6.499   6.499   6.499 ) T:363 (   4.839   7.835   9.495   9.647   9.647   9.647 )
3639.982: I:1 (   9.415   9.415   9.415 ) T:364 (   4.839   7.959   9.495   9.647   9.647   9.647 )
3649.982: I:1 (   7.467   7.467   7.467 ) T:365 (   4.843   7.959   9.495   9.647   9.647   9.647 )
3660.328: I:1 (   6.323   6.323   6.323 ) T:366 (   4.843   7.959   9.495   9.647   9.647   9.647 )
3669.983: I:1 (   5.479   5.479   5.479 ) T:367 (   4.871   7.959   9.495   9.647   9.647   9.647 )
3679.982: I:1 (   7.123   7.123   7.123 ) T:368 (   4.871   7.959   9.495   9.647   9.647   9.647 )
3689.982: I:1 (  10.119  10.119  10.119 ) T:369 (   4.899   7.967   9.623  10.119  10.119  10.119 )
3699.982: I:1 (   8.799   8.799   8.799 ) T:370 (   4.899   7.967   9.623  10.119  10.119  10.119 )
3709.982: I:1 (   7.631   7.631   7.631 ) T:371 (   4.931   7.967   9.623  10.119  10.119  10.119 )
3720.224: I:1 (   6.227   6.227   6.227 ) T:372 (   4.931   7.967   9.623  10.119  10.119  10.119 )
3729.981: I:1 (   5.599   5.599   5.599 ) T:373 (   4.967   7.967   9.623  10.119  10.119  10.119 )
3739.982: I:1 (   9.111   9.111   9.111 ) T:374 (   4.967   7.979   9.623  10.119  10.119  10.119 )
3749.982: I:1 (   8.479   8.479   8.479 ) T:375 (   4.983   7.995   9.623  10.119  10.119  10.119 )
3759.982: I:1 (   6.295   6.295   6.295 ) T:376 (   4.983   7.995   9.623  10.119  10.119  10.119 )
3769.982: I:1 (   9.655   9.655   9.655 ) T:377 (   5.007   8.079   9.639  10.119  10.119  10.119 )
3779.982: I:1 (   8.115   8.115   8.115 ) T:378 (   5.007   8.099   9.639  10.119  10.119  10.119 )
3789.982: I:1 (   6.823   6.823   6.823 ) T:379 (   5.007   8.099   9.639  10.119  10.119  10.119 )
3799.982: I:1 (   9.591   9.591   9.591 ) T:380 (   5.007   8.099   9.639  10.119  10.119  10.119 )
3809.982: I:1 (   8.535   8.535   8.535 ) T:381 (   5.027   8.115   9.639  10.119  10.119  10.119 )
3819.982: I:1 (   6.259   6.259   6.259 ) T:382 (   5.027   8.115   9.639  10.119  10.119  10.119 )
3829.982: I:1 (   8.903   8.903   8.903 ) T:383 (   5.039   8.207   9.639  10.119  10.119  10.119 )
3839.982: I:1 (   7.331   7.331   7.331 ) T:384 (   5.039   8.207   9.639  10.119  10.119  10.119 )
3849.982: I:1 (   8.687   8.687   8.687 ) T:385 (   5.039   8.223   9.639  10.119  10.119  10.119 )
3859.982: I:1 (   6.819   6.819   6.819 ) T:386 (   5.039   8.223   9.639  10.119  10.119  10.119 )
3869.983: I:1 (   9.863   9.863   9.863 ) T:387 (   5.063   8.223   9.647  10.119  10.119  10.119 )
3879.982: I:1 (   8.935   8.935   8.935 ) T:388 (   5.063   8.311   9.647  10.119  10.119  10.119 )
3889.982: I:1 (   8.527   8.527   8.527 ) T:389 (   5.103   8.327   9.647  10.119  10.119  10.119 )
3899.982: I:1 (   7.067   7.067   7.067 ) T:390 (   5.103   8.311   9.647  10.119  10.119  10.119 )
3909.982: I:1 (   8.479   8.479   8.479 ) T:391 (   5.135   8.327   9.647  10.119  10.119  10.119 )
3919.982: I:1 (   7.791   7.791   7.791 ) T:392 (   5.135   8.327   9.647  10.119  10.119  10.119 )
3929.982: I:1 (   6.955   6.955   6.955 ) T:393 (   5.151   8.327   9.647  10.119  10.119  10.119 )
3939.982: I:1 (  10.319  10.319  10.319 ) T:394 (   5.151   8.359   9.655  10.319  10.319  10.319 )
3949.982: I:1 (   8.863   8.863   8.863 ) T:395 (   5.155   8.367   9.655  10.319  10.319  10.319 )
3959.982: I:1 (   6.879   6.879   6.879 ) T:396 (   5.155   8.367   9.655  10.319  10.319  10.319 )
3969.982: I:1 (   6.631   6.631   6.631 ) T:397 (   5.183   8.367   9.655  10.319  10.319  10.319 )
3979.982: I:1 (   9.983   9.983   9.983 ) T:398 (   5.183   8.367   9.863  10.319  10.319  10.319 )
3989.982: I:1 (   8.799   8.799   8.799 ) T:399 (   5.247   8.391   9.863  10.319  10.319  10.319 )
3999.982: I:1 (   8.583   8.583   8.583 ) T:400 (   5.247   8.391   9.655  10.319  10.319  10.319 )
4009.982: I:1 (   7.671   7.671   7.671 ) T:401 (   5.299   8.391   9.655  10.319  10.319  10.319 )
4019.982: I:1 (   6.779   6.779   6.779 ) T:402 (   5.299   8.391   9.655  10.319  10.319  10.319 )
4029.982: I:1 (   9.479   9.479   9.479 ) T:403 (   5.319   8.455   9.655  10.319  10.319  10.319 )
4039.982: I:1 (   8.591   8.591   8.591 ) T:404 (   5.319   8.479   9.655  10.319  10.319  10.319 )
4049.982: I:1 (   6.791   6.791   6.791 ) T:405 (   5.323   8.479   9.655  10.319  10.319  10.319 )
4059.982: I:1 (   9.679   9.679   9.679 ) T:406 (   5.323   8.479   9.679  10.319  10.319  10.319 )
4069.982: I:1 (   8.943   8.943   8.943 ) T:407 (   5.323   8.511   9.679  10.319  10.319  10.319 )
4080.052: I:1 (   8.231   8.231   8.231 ) T:408 (   5.323   8.511   9.679  10.319  10.319  10.319 )
4090.090: I:1 (   8.479   8.479   8.479 ) T:409 (   5.343   8.511   9.679  10.319  10.319  10.319 )
4099.981: I:1 (   7.763   7.763   7.763 ) T:410 (   5.343   8.479   9.679  10.319  10.319  10.319 )
4109.982: I:1 (   7.219   7.219   7.219 ) T:411 (   5.347   8.479   9.679  10.319  10.319  10.319 )
4120.178: I:1 (   6.667   6.667   6.667 ) T:412 (   5.347   8.479   9.679  10.319  10.319  10.319 )
4129.981: I:1 (   6.335   6.335   6.335 ) T:413 (   5.355   8.479   9.679  10.319  10.319  10.319 )
4139.982: I:1 (   9.535   9.535   9.535 ) T:414 (   5.355   8.511   9.679  10.319  10.319  10.319 )
4149.982: I:1 (   9.271   9.271   9.271 ) T:415 (   5.383   8.519   9.679  10.319  10.319  10.319 )
4159.982: I:1 (   8.135   8.135   8.135 ) T:416 (   5.383   8.519   9.679  10.319  10.319  10.319 )
4169.982: I:1 (   7.119   7.119   7.119 ) T:417 (   5.399   8.519   9.679  10.319  10.319  10.319 )
4179.982: I:1 (  10.271  10.271  10.271 ) T:418 (   5.399   8.527   9.863  10.319  10.319  10.319 )
4189.982: I:1 (   8.983   8.983   8.983 ) T:419 (   5.423   8.535   9.863  10.319  10.319  10.319 )
4199.982: I:1 (   8.043   8.043   8.043 ) T:420 (   5.423   8.527   9.863  10.319  10.319  10.319 )
4209.981: I:1 (  10.551  10.551  10.551 ) T:421 (   5.431   8.535   9.983  10.551  10.551  10.551 )
4219.981: I:1 (   8.847   8.847   8.847 ) T:422 (   5.431   8.535   9.983  10.551  10.551  10.551 )
4229.982: I:1 (   7.483   7.483   7.483 ) T:423 (   5.443   8.535   9.983  10.551  10.551  10.551 )
4239.982: I:1 (  10.263  10.263  10.263 ) T:424 (   5.443   8.551  10.119  10.551  10.551  10.551 )
4249.982: I:1 (   9.183   9.183   9.183 ) T:425 (   5.451   8.583  10.119  10.551  10.551  10.551 )
4259.981: I:1 (   8.335   8.335   8.335 ) T:426 (   5.451   8.583  10.119  10.551  10.551  10.551 )
4269.981: I:1 (   7.923   7.923   7.923 ) T:427 (   5.451   8.583  10.119  10.551  10.551  10.551 )
4279.982: I:1 (   9.751   9.751   9.751 ) T:428 (   5.451   8.591  10.119  10.551  10.551  10.551 )
4289.982: I:1 (   7.483   7.483   7.483 ) T:429 (   5.455   8.591  10.119  10.551  10.551  10.551 )
4299.982: I:1 (  10.263  10.263  10.263 ) T:430 (   5.455   8.591  10.263  10.551  10.551  10.551 )
4309.982: I:1 (   9.527   9.527   9.527 ) T:431 (   5.479   8.687  10.263  10.551  10.551  10.551 )
4320.280: I:1 (   7.643   7.643   7.643 ) T:432 (   5.479   8.687  10.263  10.551  10.551  10.551 )
4329.981: I:1 (   6.543   6.543   6.543 ) T:433 (   5.483   8.687  10.263  10.551  10.551  10.551 )
4339.982: I:1 (   9.119   9.119   9.119 ) T:434 (   5.483   8.687  10.263  10.551  10.551  10.551 )
4349.982: I:1 (   6.831   6.831   6.831 ) T:435 (   5.519   8.687  10.263  10.551  10.551  10.551 )
4359.982: I:1 (  10.063  10.063  10.063 ) T:436 (   5.519   8.695  10.263  10.551  10.551  10.551 )
4369.981: I:1 (   8.815   8.815   8.815 ) T:437 (   5.563   8.799  10.263  10.551  10.551  10.551 )
4379.981: I:1 (   6.707   6.707   6.707 ) T:438 (   5.563   8.799  10.263  10.551  10.551  10.551 )
4389.982: I:1 (  10.247  10.247  10.247 ) T:439 (   5.579   8.799  10.263  10.551  10.551  10.551 )
4399.982: I:1 (   9.439   9.439   9.439 ) T:440 (   5.579   8.799  10.263  10.551  10.551  10.551 )
4409.982: I:1 (   8.255   8.255   8.255 ) T:441 (   5.579   8.799  10.263  10.551  10.551  10.551 )
4419.982: I:1 (   6.663   6.663   6.663 ) T:442 (   5.579   8.799  10.263  10.551  10.551  10.551 )
4429.981: I:1 (   8.959   8.959   8.959 ) T:443 (   5.591   8.815  10.263  10.551  10.551  10.551 )
4439.981: I:1 (   6.851   6.851   6.851 ) T:444 (   5.591   8.815  10.263  10.551  10.551  10.551 )
4449.982: I:1 (  10.367  10.367  10.367 ) T:445 (   5.595   8.847  10.263  10.551  10.551  10.551 )
4459.982: I:1 (   7.831   7.831   7.831 ) T:446 (   5.595   8.847  10.263  10.551  10.551  10.551 )
4469.982: I:1 (  11.071  11.071  11.071 ) T:447 (   5.599   8.863  10.271  11.071  11.071  11.071 )
4479.982: I:1 (   9.583   9.583   9.583 ) T:448 (   5.599   8.871  10.271  11.071  11.071  11.071 )
4489.981: I:1 (   8.535   8.535   8.535 ) T:449 (   5.615   8.871  10.271  11.071  11.071  11.071 )
4499.980: I:1 (   6.931   6.931   6.931 ) T:450 (   5.615   8.863  10.271  11.071  11.071  11.071 )
4509.981: I:1 (  10.671  10.671  10.671 ) T:451 (   5.639   8.871  10.319  11.071  11.071  11.071 )
4520.039: I:1 (   6.503   6.503   6.503 ) T:452 (   5.639   8.871  10.319  11.071  11.071  11.071 )
4530.044: I:1 (   9.999   9.999   9.999 ) T:453 (   5.651   8.903  10.319  11.071  11.071  11.071 )
4539.981: I:1 (   6.639   6.639   6.639 ) T:454 (   5.651   8.903  10.319  11.071  11.071  11.071 )
4549.982: I:1 (  10.463  10.463  10.463 ) T:455 (   5.659   8.935  10.367  11.071  11.071  11.071 )
4559.982: I:1 (   8.935   8.935   8.935 ) T:456 (   5.659   8.935  10.367  11.071  11.071  11.071 )
4569.982: I:1 (   8.047   8.047   8.047 ) T:457 (   5.675   8.935  10.367  11.071  11.071  11.071 )
4579.982: I:1 (  11.095  11.095  11.095 ) T:458 (   5.675   8.943  10.463  11.095  11.095  11.095 )
4589.981: I:1 (  10.655  10.655  10.655 ) T:459 (   5.719   8.959  10.551  11.095  11.095  11.095 )
4599.980: I:1 (   9.119   9.119   9.119 ) T:460 (   5.719   8.959  10.551  11.095  11.095  11.095 )
4609.981: I:1 (   7.767   7.767   7.767 ) T:461 (   5.763   8.959  10.551  11.095  11.095  11.095 )
4619.982: I:1 (  10.783  10.783  10.783 ) T:462 (   5.763   8.967  10.655  11.095  11.095  11.095 )
4629.982: I:1 (   7.787   7.787   7.787 ) T:463 (   5.767   8.967  10.655  11.095  11.095  11.095 )
4639.982: I:1 (   9.319   9.319   9.319 ) T:464 (   5.767   8.983  10.655  11.095  11.095  11.095 )
4649.981: I:1 (   6.775   6.775   6.775 ) T:465 (   5.799   8.983  10.655  11.095  11.095  11.095 )
4659.981: I:1 (  10.559  10.559  10.559 ) T:466 (   5.799   8.999  10.655  11.095  11.095  11.095 )
4669.981: I:1 (   8.799   8.799   8.799 ) T:467 (   5.799   8.999  10.655  11.095  11.095  11.095 )
4679.981: I:1 (   8.375   8.375   8.375 ) T:468 (   5.799   8.999  10.655  11.095  11.095  11.095 )
4689.982: I:1 (   8.079   8.079   8.079 ) T:469 (   5.823   8.999  10.655  11.095  11.095  11.095 )
4699.982: I:1 (   6.943   6.943   6.943 ) T:470 (   5.823   8.983  10.655  11.095  11.095  11.095 )
4709.982: I:1 (  10.047  10.047  10.047 ) T:471 (   5.851   8.999  10.655  11.095  11.095  11.095 )
4719.982: I:1 (   8.959   8.959   8.959 ) T:472 (   5.851   8.999  10.655  11.095  11.095  11.095 )
4729.982: I:1 (   8.583   8.583   8.583 ) T:473 (   5.863   8.999  10.655  11.095  11.095  11.095 )
4739.982: I:1 (   9.959   9.959   9.959 ) T:474 (   5.863   9.015  10.655  11.095  11.095  11.095 )
4749.982: I:1 (   7.371   7.371   7.371 ) T:475 (   5.883   9.015  10.655  11.095  11.095  11.095 )
4759.982: I:1 (  11.327  11.327  11.327 ) T:476 (   5.883   9.055  10.671  11.327  11.327  11.327 )
4769.981: I:1 (  10.615  10.615  10.615 ) T:477 (   5.887   9.111  10.671  11.327  11.327  11.327 )
4779.980: I:1 (   8.815   8.815   8.815 ) T:478 (   5.887   9.111  10.671  11.327  11.327  11.327 )
4789.980: I:1 (   8.163   8.163   8.163 ) T:479 (   5.907   9.111  10.671  11.327  11.327  11.327 )
4799.981: I:1 (   7.559   7.559   7.559 ) T:480 (   5.907   9.055  10.671  11.327  11.327  11.327 )
4809.982: I:1 (   7.083   7.083   7.083 ) T:481 (   5.911   9.055  10.671  11.327  11.327  11.327 )
4819.982: I:1 (   9.919   9.919   9.919 ) T:482 (   5.911   9.111  10.671  11.327  11.327  11.327 )
4829.982: I:1 (   7.083   7.083   7.083 ) T:483 (   5.959   9.111  10.671  11.327  11.327  11.327 )
4839.982: I:1 (   8.855   8.855   8.855 ) T:484 (   5.959   9.111  10.671  11.327  11.327  11.327 )
4849.982: I:1 (   7.943   7.943   7.943 ) T:485 (   5.963   9.111  10.671  11.327  11.327  11.327 )
4859.982: I:1 (  10.663  10.663  10.663 ) T:486 (   5.963   9.119  10.671  11.327  11.327  11.327 )
4869.981: I:1 (  10.487  10.487  10.487 ) T:487 (   6.003   9.119  10.671  11.327  11.327  11.327 )
4879.981: I:1 (  10.167  10.167  10.167 ) T:488 (   6.003   9.135  10.671  11.327  11.327  11.327 )
4889.981: I:1 (   9.431   9.431   9.431 ) T:489 (   6.023   9.175  10.671  11.327  11.327  11.327 )
4899.981: I:1 (   7.943   7.943   7.943 ) T:490 (   6.023   9.135  10.671  11.327  11.327  11.327 )
4910.176: I:1 (  11.559  11.559  11.559 ) T:491 (   6.027   9.175  10.783  11.559  11.559  11.559 )
4919.982: I:1 (  10.343  10.343  10.343 ) T:492 (   6.027   9.183  10.783  11.559  11.559  11.559 )
4929.982: I:1 (   7.763   7.763   7.763 ) T:493 (   6.043   9.183  10.783  11.559  11.559  11.559 )
4939.982: I:1 (  11.063  11.063  11.063 ) T:494 (   6.043   9.191  11.063  11.559  11.559  11.559 )
4949.982: I:1 (  10.535  10.535  10.535 ) T:495 (   6.043   9.247  11.063  11.559  11.559  11.559 )
4959.982: I:1 (  10.575  10.575  10.575 ) T:496 (   6.043   9.271  11.063  11.559  11.559  11.559 )
4969.982: I:1 (   9.351   9.351   9.351 ) T:497 (   6.063   9.311  11.063  11.559  11.559  11.559 )
4979.982: I:1 (   8.287   8.287   8.287 ) T:498 (   6.063   9.311  11.063  11.559  11.559  11.559 )
4989.982: I:1 (   7.287   7.287   7.287 ) T:499 (   6.087   9.311  11.063  11.559  11.559  11.559 )
5000.064: I:1 (  10.167  10.167  10.167 ) T:500 (   6.087   9.311  10.783  11.559  11.559  11.559 )
5009.981: I:1 (   7.979   7.979   7.979 ) T:501 (   6.087   9.311  10.783  11.559  11.559  11.559 )
5019.982: I:1 (  11.039  11.039  11.039 ) T:502 (   6.087   9.319  11.039  11.559  11.559  11.559 )
5029.981: I:1 (  10.023  10.023  10.023 ) T:503 (   6.143   9.351  11.039  11.559  11.559  11.559 )
5040.451: I:1 (   9.215   9.215   9.215 ) T:504 (   6.143   9.351  11.039  11.559  11.559  11.559 )
5050.040: I:1 (   8.719   8.719   8.719 ) T:505 (   6.147   9.351  11.039  11.559  11.559  11.559 )
5059.981: I:1 (  10.767  10.767  10.767 ) T:506 (   6.147   9.415  11.039  11.559  11.559  11.559 )
5069.982: I:1 (   9.183   9.183   9.183 ) T:507 (   6.207   9.415  11.039  11.559  11.559  11.559 )
5079.982: I:1 (   8.175   8.175   8.175 ) T:508 (   6.207   9.415  11.039  11.559  11.559  11.559 )
5089.982: I:1 (  11.735  11.735  11.735 ) T:509 (   6.227   9.431  11.063  11.735  11.735  11.735 )
5099.982: I:1 (   9.927   9.927   9.927 ) T:510 (   6.227   9.431  11.063  11.735  11.735  11.735 )
5109.981: I:1 (   8.743   8.743   8.743 ) T:511 (   6.227   9.431  11.063  11.735  11.735  11.735 )
5119.981: I:1 (  11.847  11.847  11.847 ) T:512 (   6.227   9.439  11.071  11.847  11.847  11.847 )
5129.982: I:1 (  10.655  10.655  10.655 ) T:513 (   6.235   9.479  11.071  11.847  11.847  11.847 )
5139.981: I:1 (   8.059   8.059   8.059 ) T:514 (   6.235   9.479  11.071  11.847  11.847  11.847 )
5149.980: I:1 (  11.743  11.743  11.743 ) T:515 (   6.243   9.495  11.095  11.847  11.847  11.847 )
5159.981: I:1 (  10.679  10.679  10.679 ) T:516 (   6.243   9.527  11.095  11.847  11.847  11.847 )
5169.981: I:1 (   9.335   9.335   9.335 ) T:517 (   6.259   9.527  11.095  11.847  11.847  11.847 )
5180.260: I:1 (   8.207   8.207   8.207 ) T:518 (   6.259   9.527  11.095  11.847  11.847  11.847 )
5189.981: I:1 (   7.335   7.335   7.335 ) T:519 (   6.295   9.527  11.095  11.847  11.847  11.847 )
5199.982: I:1 (   9.783   9.783   9.783 ) T:520 (   6.295   9.527  11.095  11.847  11.847  11.847 )
5209.982: I:1 (   8.423   8.423   8.423 ) T:521 (   6.299   9.527  11.095  11.847  11.847  11.847 )
5219.982: I:1 (  11.991  11.991  11.991 ) T:522 (   6.299   9.535  11.327  11.991  11.991  11.991 )
5229.982: I:1 (  11.831  11.831  11.831 ) T:523 (   6.311   9.583  11.559  11.991  11.991  11.991 )
5239.981: I:1 (  10.391  10.391  10.391 ) T:524 (   6.311   9.591  11.559  11.991  11.991  11.991 )
5249.981: I:1 (  10.287  10.287  10.287 ) T:525 (   6.323   9.623  11.559  11.991  11.991  11.991 )
5259.981: I:1 (   8.975   8.975   8.975 ) T:526 (   6.323   9.623  11.559  11.991  11.991  11.991 )
5269.981: I:1 (   7.635   7.635   7.635 ) T:527 (   6.327   9.623  11.559  11.991  11.991  11.991 )
5279.982: I:1 (  11.143  11.143  11.143 ) T:528 (   6.327   9.639  11.559  11.991  11.991  11.991 )
5289.981: I:1 (   8.807   8.807   8.807 ) T:529 (   6.335   9.639  11.559  11.991  11.991  11.991 )
5299.981: I:1 (  11.975  11.975  11.975 ) T:530 (   6.335   9.639  11.735  11.991  11.991  11.991 )
5309.981: I:1 (  10.263  10.263  10.263 ) T:531 (   6.335   9.647  11.735  11.991  11.991  11.991 )
5319.981: I:1 (   9.655   9.655   9.655 ) T:532 (   6.335   9.655  11.735  11.991  11.991  11.991 )
5329.982: I:1 (   8.383   8.383   8.383 ) T:533 (   6.343   9.655  11.735  11.991  11.991  11.991 )
5339.982: I:1 (  12.143  12.143  12.143 ) T:534 (   6.343   9.655  11.743  12.143  12.143  12.143 )
5349.982: I:1 (  10.647  10.647  10.647 ) T:535 (   6.391   9.679  11.743  12.143  12.143  12.143 )
5359.982: I:1 (   9.503   9.503   9.503 ) T:536 (   6.391   9.679  11.743  12.143  12.143  12.143 )
5369.981: I:1 (   8.359   8.359   8.359 ) T:537 (   6.427   9.679  11.743  12.143  12.143  12.143 )
5379.980: I:1 (   7.979   7.979   7.979 ) T:538 (   6.427   9.679  11.743  12.143  12.143  12.143 )
5389.981: I:1 (  11.767  11.767  11.767 ) T:539 (   6.435   9.751  11.767  12.143  12.143  12.143 )
5399.982: I:1 (  10.775  10.775  10.775 ) T:540 (   6.435   9.751  11.767  12.143  12.143  12.143 )
5409.981: I:1 (   9.463   9.463   9.463 ) T:541 (   6.459   9.751  11.767  12.143  12.143  12.143 )
5419.980: I:1 (  12.199  12.199  12.199 ) T:542 (   6.459   9.783  11.831  12.199  12.199  12.199 )
5429.981: I:1 (  10.343  10.343  10.343 ) T:543 (   6.463   9.863  11.831  12.199  12.199  12.199 )
5439.982: I:1 (   9.183   9.183   9.183 ) T:544 (   6.463   9.863  11.831  12.199  12.199  12.199 )
5449.982: I:1 (   7.771   7.771   7.771 ) T:545 (   6.499   9.863  11.831  12.199  12.199  12.199 )
5459.981: I:1 (  10.511  10.511  10.511 ) T:546 (   6.499   9.919  11.831  12.199  12.199  12.199 )
5469.980: I:1 (   8.351   8.351   8.351 ) T:547 (   6.503   9.919  11.831  12.199  12.199  12.199 )
5479.980: I:1 (  11.551  11.551  11.551 ) T:548 (   6.503   9.927  11.831  12.199  12.199  12.199 )
5489.980: I:1 (   9.767   9.767   9.767 ) T:549 (   6.543   9.927  11.831  12.199  12.199  12.199 )
5499.981: I:1 (  11.623  11.623  11.623 ) T:550 (   6.543   9.927  11.831  12.199  12.199  12.199 )
5509.998: I:1 (   8.871   8.871   8.871 ) T:551 (   6.551   9.927  11.831  12.199  12.199  12.199 )
5519.981: I:1 (   7.763   7.763   7.763 ) T:552 (   6.551   9.927  11.831  12.199  12.199  12.199 )
5529.982: I:1 (  11.839  11.839  11.839 ) T:553 (   6.579   9.959  11.839  12.199  12.199  12.199 )
5539.982: I:1 (  10.375  10.375  10.375 ) T:554 (   6.579   9.983  11.839  12.199  12.199  12.199 )
5549.981: I:1 (   9.527   9.527   9.527 ) T:555 (   6.615   9.983  11.839  12.199  12.199  12.199 )
5560.220: I:1 (   8.079   8.079   8.079 ) T:556 (   6.615   9.983  11.839  12.199  12.199  12.199 )
5570.023: I:1 (   9.951   9.951   9.951 ) T:557 (   6.631   9.983  11.839  12.199  12.199  12.199 )
5579.981: I:1 (   8.591   8.591   8.591 ) T:558 (   6.631   9.983  11.839  12.199  12.199  12.199 )
5589.982: I:1 (  12.175  12.175  12.175 ) T:559 (   6.639   9.999  11.847  12.199  12.199  12.199 )
5599.981: I:1 (  10.855  10.855  10.855 ) T:560 (   6.639   9.999  11.847  12.199  12.199  12.199 )
5609.981: I:1 (   9.479   9.479   9.479 ) T:561 (   6.651   9.999  11.847  12.199  12.199  12.199 )
5619.981: I:1 (   7.855   7.855   7.855 ) T:562 (   6.651   9.999  11.847  12.199  12.199  12.199 )
5629.980: I:1 (  11.239  11.239  11.239 ) T:563 (   6.663  10.023  11.847  12.199  12.199  12.199 )
5639.981: I:1 (  10.983  10.983  10.983 ) T:564 (   6.663  10.047  11.847  12.199  12.199  12.199 )
5649.981: I:1 (  10.407  10.407  10.407 ) T:565 (   6.663  10.063  11.847  12.199  12.199  12.199 )
5659.980: I:1 (   8.695   8.695   8.695 ) T:566 (   6.663  10.063  11.847  12.199  12.199  12.199 )
5669.981: I:1 (  12.399  12.399  12.399 ) T:567 (   6.667  10.119  11.975  12.399  12.399  12.399 )
5679.981: I:1 (  10.751  10.751  10.751 ) T:568 (   6.667  10.167  11.975  12.399  12.399  12.399 )
5689.981: I:1 (   9.271   9.271   9.271 ) T:569 (   6.683  10.167  11.975  12.399  12.399  12.399 )
5699.981: I:1 (  12.119  12.119  12.119 ) T:570 (   6.683  10.167  11.991  12.399  12.399  12.399 )
5709.981: I:1 (   9.511   9.511   9.511 ) T:571 (   6.703  10.167  11.991  12.399  12.399  12.399 )
5719.982: I:1 (   8.271   8.271   8.271 ) T:572 (   6.703  10.167  11.991  12.399  12.399  12.399 )
5729.982: I:1 (   8.103   8.103   8.103 ) T:573 (   6.707  10.167  11.991  12.399  12.399  12.399 )
5739.982: I:1 (  11.743  11.743  11.743 ) T:574 (   6.707  10.167  11.991  12.399  12.399  12.399 )
5749.982: I:1 (  10.055  10.055  10.055 ) T:575 (   6.719  10.167  11.991  12.399  12.399  12.399 )
5759.982: I:1 (   8.231   8.231   8.231 ) T:576 (   6.719  10.167  11.991  12.399  12.399  12.399 )
5769.982: I:1 (   9.503   9.503   9.503 ) T:577 (   6.751  10.167  11.991  12.399  12.399  12.399 )
5779.981: I:1 (   8.343   8.343   8.343 ) T:578 (   6.751  10.167  11.991  12.399  12.399  12.399 )
5789.980: I:1 (  12.519  12.519  12.519 ) T:579 (   6.775  10.247  12.119  12.519  12.519  12.519 )
5800.177: I:1 (  11.039  11.039  11.039 ) T:580 (   6.775  10.247  12.119  12.519  12.519  12.519 )
5809.982: I:1 (   8.079   8.079   8.079 ) T:581 (   6.779  10.247  12.119  12.519  12.519  12.519 )
5819.982: I:1 (  10.999  10.999  10.999 ) T:582 (   6.779  10.263  12.119  12.519  12.519  12.519 )
5829.982: I:1 (   9.831   9.831   9.831 ) T:583 (   6.791  10.263  12.119  12.519  12.519  12.519 )
5839.981: I:1 (   8.111   8.111   8.111 ) T:584 (   6.791  10.263  12.119  12.519  12.519  12.519 )
5849.980: I:1 (  11.903  11.903  11.903 ) T:585 (   6.819  10.263  12.119  12.519  12.519  12.519 )
5859.981: I:1 (  10.455  10.455  10.455 ) T:586 (   6.819  10.263  12.119  12.519  12.519  12.519 )
5869.982: I:1 (   8.351   8.351   8.351 ) T:587 (   6.823  10.263  12.119  12.519  12.519  12.519 )
5879.981: I:1 (  11.855  11.855  11.855 ) T:588 (   6.823  10.271  12.119  12.519  12.519  12.519 )
5889.981: I:1 (  11.359  11.359  11.359 ) T:589 (   6.823  10.287  12.119  12.519  12.519  12.519 )
5899.981: I:1 (   9.439   9.439   9.439 ) T:590 (   6.823  10.271  12.119  12.519  12.519  12.519 )
5909.981: I:1 (  12.247  12.247  12.247 ) T:591 (   6.831  10.287  12.143  12.519  12.519  12.519 )
5919.981: I:1 (  10.639  10.639  10.639 ) T:592 (   6.831  10.319  12.143  12.519  12.519  12.519 )
5929.981: I:1 (   9.295   9.295   9.295 ) T:593 (   6.851  10.319  12.143  12.519  12.519  12.519 )
5939.982: I:1 (  12.431  12.431  12.431 ) T:594 (   6.851  10.343  12.175  12.519  12.519  12.519 )
5949.982: I:1 (   9.487   9.487   9.487 ) T:595 (   6.879  10.343  12.175  12.519  12.519  12.519 )
5959.982: I:1 (   8.447   8.447   8.447 ) T:596 (   6.879  10.343  12.175  12.519  12.519  12.519 )
5969.982: I:1 (  11.575  11.575  11.575 ) T:597 (   6.903  10.343  12.175  12.519  12.519  12.519 )
5980.326: I:1 (   9.631   9.631   9.631 ) T:598 (   6.903  10.343  12.175  12.519  12.519  12.519 )
5989.980: I:1 (   8.319   8.319   8.319 ) T:599 (   6.931  10.343  12.175  12.519  12.519  12.519 )
5999.980: I:1 (  12.023  12.023  12.023 ) T:600 (   6.931  10.343  12.143  12.519  12.519  12.519 )
6009.981: I:1 (   9.767   9.767   9.767 ) T:601 (   6.931  10.343  12.143  12.519  12.519  12.519 )
6020.079: I:1 (  12.391  12.391  12.391 ) T:602 (   6.931  10.367  12.175  12.519  12.519  12.519 )
6029.980: I:1 (  10.375  10.375  10.375 ) T:603 (   6.935  10.375  12.175  12.519  12.519  12.519 )
6040.325: I:1 (  12.335  12.335  12.335 ) T:604 (   6.935  10.375  12.199  12.519  12.519  12.519 )
6049.982: I:1 (  11.727  11.727  11.727 ) T:605 (   6.943  10.391  12.199  12.519  12.519  12.519 )
6059.982: I:1 (  10.319  10.319  10.319 ) T:606 (   6.943  10.391  12.199  12.519  12.519  12.519 )
6069.981: I:1 (  12.855  12.855  12.855 ) T:607 (   6.947  10.407  12.247  12.855  12.855  12.855 )
6079.981: I:1 (  11.583  11.583  11.583 ) T:608 (   6.947  10.455  12.247  12.855  12.855  12.855 )
6090.162: I:1 (  10.431  10.431  10.431 ) T:609 (   6.955  10.455  12.247  12.855  12.855  12.855 )
6099.981: I:1 (   8.415   8.415   8.415 ) T:610 (   6.955  10.431  12.247  12.855  12.855  12.855 )
6109.982: I:1 (  10.463  10.463  10.463 ) T:611 (   6.995  10.455  12.247  12.855  12.855  12.855 )
6119.982: I:1 (   9.599   9.599   9.599 ) T:612 (   6.995  10.455  12.247  12.855  12.855  12.855 )
6133.022: I:1 (  13.111  13.111  13.111 ) T:613 (   7.043  10.463  12.335  13.111  13.111  13.111 )
6139.982: I:1 (   8.487   8.487   8.487 ) T:614 (   7.043  10.463  12.335  13.111  13.111  13.111 )
6149.982: I:1 (  11.263  11.263  11.263 ) T:615 (   7.047  10.463  12.335  13.111  13.111  13.111 )
6159.981: I:1 (   9.695   9.695   9.695 ) T:616 (   7.047  10.463  12.335  13.111  13.111  13.111 )
6169.980: I:1 (   8.463   8.463   8.463 ) T:617 (   7.059  10.463  12.335  13.111  13.111  13.111 )
6179.980: I:1 (  10.599  10.599  10.599 ) T:618 (   7.059  10.487  12.335  13.111  13.111  13.111 )
6189.980: I:1 (   9.039   9.039   9.039 ) T:619 (   7.067  10.487  12.335  13.111  13.111  13.111 )
6199.980: I:1 (  12.527  12.527  12.527 ) T:620 (   7.067  10.487  12.391  13.111  13.111  13.111 )
6209.981: I:1 (  11.103  11.103  11.103 ) T:621 (   7.071  10.511  12.391  13.111  13.111  13.111 )
6219.993: I:1 (   9.527   9.527   9.527 ) T:622 (   7.071  10.511  12.391  13.111  13.111  13.111 )
6229.982: I:1 (  12.631  12.631  12.631 ) T:623 (   7.083  10.535  12.399  13.111  13.111  13.111 )
6230.774: I:2 (  10.679  10.775  10.775 ) T:625 (   7.083  10.559  12.399  13.111  13.111  13.111 )
6232.500: I:0 (   0.000   0.000   0.000 ) T:625 (   7.083  10.559  12.399  13.111  13.111  13.111 )
