#[Interval percentile log between 0.000 and <Infinite> seconds (relative to StartTime)]
#[StartTime: 1524380613.227 (seconds since epoch), Sun Apr 22 09:03:33 CEST 2018]
Time: IntervalPercentiles:count ( 50% 90% Max ) TotalPercentiles:count ( 50% 90% 99% 99.9% 99.99% Max )
9.429: I:78 ( 101.375 192.255 540.671 ) T:78 ( 101.375 192.255 540.671 540.671 540.671 540.671 )
19.416: I:87 (  91.199 151.807 579.071 ) T:165 (  91.391 171.647 540.671 579.071 579.071 579.071 )
29.415: I:90 (  91.391 170.879 343.551 ) T:255 (  91.391 171.647 507.903 579.071 579.071 579.071 )
39.414: I:88 (  91.327 194.687 366.335 ) T:343 (  91.391 172.287 443.135 579.071 579.071 579.071 )
49.414: I:92 (  91.263 141.823 288.767 ) T:435 (  91.327 170.879 366.335 579.071 579.071 579.071 )
59.416: I:87 ( 101.247 172.031 399.103 ) T:522 (  91.391 170.879 366.335 579.071 579.071 579.071 )
69.415: I:93 (  91.263 155.775 370.943 ) T:615 (  91.391 170.879 366.335 579.071 579.071 579.071 )
79.411: I:84 ( 101.247 192.127 336.383 ) T:699 (  91.391 171.647 366.335 579.071 579.071 579.071 )
89.414: I:87 ( 101.311 156.159 293.375 ) T:786 (  91.391 167.679 343.551 579.071 579.071 579.071 )
99.415: I:93 (  91.263 141.951 310.527 ) T:879 (  91.391 167.423 337.407 579.071 579.071 579.071 )
109.414: I:88 (  91.327 162.175 344.319 ) T:967 (  91.391 164.991 337.407 579.071 579.071 579.071 )
119.414: I:92 (  91.199 172.159 321.279 ) T:1059 (  91.327 167.423 336.383 540.671 579.071 579.071 )
129.412: I:102 (  81.151 162.047 259.711 ) T:1161 (  91.327 164.991 335.359 540.671 579.071 579.071 )
139.415: I:98 (  81.151 147.839 335.103 ) T:1259 (  91.263 164.991 335.103 540.671 579.071 579.071 )
149.411: I:101 (  81.151 151.807 343.551 ) T:1360 (  91.263 164.607 335.103 540.671 579.071 579.071 )
159.412: I:99 (  81.087 182.271 345.343 ) T:1459 (  91.263 164.991 335.103 540.671 579.071 579.071 )
169.414: I:100 (  81.087 131.839 329.983 ) T:1559 (  91.199 164.607 329.983 540.671 579.071 579.071 )
179.414: I:100 (  81.023 192.255 376.063 ) T:1659 (  91.199 164.991 329.983 540.671 579.071 579.071 )
189.414: I:100 (  81.151 182.015 291.071 ) T:1759 (  91.135 167.423 322.815 540.671 579.071 579.071 )
199.413: I:105 (  76.799 153.599 326.399 ) T:1864 (  91.071 164.991 322.815 540.671 579.071 579.071 )
209.414: I:97 (  81.215 172.159 349.183 ) T:1961 (  91.007 164.991 326.399 540.671 579.071 579.071 )
219.412: I:103 (  81.087 151.935 342.015 ) T:2064 (  90.751 164.607 326.399 507.903 579.071 579.071 )
229.409: I:102 (  81.087 131.711 303.359 ) T:2166 (  83.583 163.071 322.815 507.903 579.071 579.071 )
239.411: I:99 (  81.215 163.071 302.335 ) T:2265 (  82.239 163.071 321.279 507.903 579.071 579.071 )
249.412: I:100 (  81.151 136.959 347.135 ) T:2365 (  82.175 162.175 321.279 507.903 579.071 579.071 )
259.406: I:96 (  81.087 208.767 393.983 ) T:2461 (  81.279 162.175 326.399 507.903 579.071 579.071 )
269.412: I:93 (  81.279 192.127 392.703 ) T:2554 (  81.279 164.991 329.983 507.903 579.071 579.071 )
279.414: I:94 (  81.215 172.543 331.519 ) T:2648 (  81.279 167.167 329.983 507.903 579.071 579.071 )
289.412: I:102 (  72.063 172.031 296.703 ) T:2750 (  81.279 167.167 326.399 507.903 579.071 579.071 )
299.406: I:96 (  81.151 172.031 443.391 ) T:2846 (  81.279 167.423 326.399 507.903 579.071 579.071 )
309.412: I:98 (  81.087 137.343 486.911 ) T:2944 (  81.279 167.167 329.983 507.903 579.071 579.071 )
319.414: I:98 (  81.023 174.847 376.063 ) T:3042 (  81.215 167.423 332.799 486.911 579.071 579.071 )
329.412: I:99 (  81.151 158.335 361.471 ) T:3141 (  81.215 167.039 335.103 486.911 579.071 579.071 )
339.412: I:94 (  74.111 211.199 334.847 ) T:3235 (  81.215 167.423 334.847 486.911 579.071 579.071 )
349.406: I:102 (  81.023 141.823 380.671 ) T:3337 (  81.215 167.423 334.847 486.911 579.071 579.071 )
359.413: I:100 (  81.215 151.935 314.111 ) T:3437 (  81.215 167.039 332.799 486.911 579.071 579.071 )
369.414: I:101 (  77.759 131.839 328.703 ) T:3538 (  81.215 165.503 331.519 486.911 579.071 579.071 )
379.413: I:95 (  81.215 172.031 378.111 ) T:3633 (  81.215 165.503 334.847 486.911 579.071 579.071 )
389.413: I:95 (  81.215 172.031 498.175 ) T:3728 (  81.215 167.039 335.103 498.175 579.071 579.071 )
399.414: I:99 (  76.671 165.503 409.087 ) T:3827 (  81.215 165.503 335.103 498.175 579.071 579.071 )
409.413: I:98 (  81.151 172.159 343.551 ) T:3925 (  81.215 165.503 335.359 498.175 579.071 579.071 )
419.414: I:93 (  81.151 201.727 375.295 ) T:4018 (  81.215 167.039 336.383 486.911 579.071 579.071 )
429.414: I:98 (  71.615 214.527 383.487 ) T:4116 (  81.215 167.167 336.383 486.911 579.071 579.071 )
439.413: I:98 (  81.151 161.919 364.543 ) T:4214 (  81.215 167.039 336.383 486.911 579.071 579.071 )
449.414: I:100 (  81.087 141.823 338.175 ) T:4314 (  81.215 165.503 336.383 486.911 579.071 579.071 )
459.406: I:99 (  81.151 182.143 291.327 ) T:4413 (  81.215 165.503 336.383 486.911 579.071 579.071 )
469.406: I:96 (  81.151 142.847 366.335 ) T:4509 (  81.215 165.503 336.383 486.911 579.071 579.071 )
479.406: I:99 (  81.151 172.159 397.567 ) T:4608 (  81.215 165.503 336.383 486.911 579.071 579.071 )
489.412: I:100 (  81.087 152.831 364.799 ) T:4708 (  81.215 165.503 336.383 486.911 579.071 579.071 )
499.411: I:92 (  81.151 192.255 413.183 ) T:4800 (  81.215 165.503 337.407 486.911 579.071 579.071 )
509.405: I:98 (  81.215 161.919 432.639 ) T:4898 (  81.215 165.503 341.503 486.911 579.071 579.071 )
519.414: I:99 (  81.151 162.047 492.031 ) T:4997 (  81.215 165.503 341.503 492.031 579.071 579.071 )
529.410: I:94 (  81.215 154.623 387.839 ) T:5091 (  81.215 164.607 341.503 486.911 579.071 579.071 )
539.411: I:98 (  74.623 169.727 367.871 ) T:5189 (  81.215 164.991 342.015 486.911 579.071 579.071 )
549.410: I:100 (  81.151 151.807 476.415 ) T:5289 (  81.215 163.455 342.015 486.911 579.071 579.071 )
559.408: I:93 (  81.151 151.807 446.975 ) T:5382 (  81.215 163.071 343.551 486.911 579.071 579.071 )
569.406: I:102 (  81.151 141.695 318.975 ) T:5484 (  81.215 162.943 342.015 486.911 579.071 579.071 )
579.412: I:86 (  81.151 206.719 427.775 ) T:5570 (  81.215 164.607 343.551 486.911 579.071 579.071 )
589.410: I:26 ( 353.279 454.655 807.935 ) T:5596 (  81.215 172.031 353.535 498.175 807.935 807.935 )
599.407: I:41 ( 278.527 383.999 577.023 ) T:5637 (  81.215 177.151 363.775 507.903 807.935 807.935 )
609.413: I:96 (  81.151 182.143 522.495 ) T:5733 (  81.215 177.151 363.775 522.495 807.935 807.935 )
619.406: I:97 (  81.215 152.447 300.287 ) T:5830 (  81.215 175.871 363.519 522.495 807.935 807.935 )
629.413: I:101 (  78.399 160.383 297.727 ) T:5931 (  81.215 174.975 361.983 522.495 807.935 807.935 )
639.412: I:95 (  81.215 182.271 412.159 ) T:6026 (  81.215 175.871 363.519 507.903 807.935 807.935 )
649.412: I:104 (  81.215 145.023 316.671 ) T:6130 (  81.215 174.207 361.983 507.903 807.935 807.935 )
659.412: I:101 (  81.215 154.367 326.399 ) T:6231 (  81.215 173.183 361.471 507.903 807.935 807.935 )
669.412: I:96 (  81.215 154.495 383.999 ) T:6327 (  81.215 172.671 361.471 507.903 807.935 807.935 )
679.409: I:98 (  81.215 192.255 300.287 ) T:6425 (  81.215 173.183 360.959 507.903 807.935 807.935 )
689.413: I:96 (  91.199 180.735 307.455 ) T:6521 (  81.215 173.183 360.191 507.903 807.935 807.935 )
699.410: I:92 (  81.471 172.031 384.511 ) T:6613 (  81.215 173.183 360.191 507.903 807.935 807.935 )
709.412: I:107 (  73.599 151.935 367.871 ) T:6720 (  81.215 172.415 360.191 507.903 807.935 807.935 )
719.414: I:96 (  81.215 163.455 323.583 ) T:6816 (  81.215 172.415 356.095 507.903 807.935 807.935 )
729.413: I:101 (  81.023 142.847 410.879 ) T:6917 (  81.215 172.287 356.095 507.903 807.935 807.935 )
739.408: I:98 (  81.215 148.607 425.215 ) T:7015 (  81.215 172.159 356.095 498.175 807.935 807.935 )
749.413: I:96 (  81.151 153.471 588.287 ) T:7111 (  81.215 172.159 359.935 507.903 807.935 807.935 )
759.410: I:95 (  81.215 131.839 460.287 ) T:7206 (  81.215 172.159 360.191 507.903 807.935 807.935 )
769.406: I:97 (  81.215 171.263 367.359 ) T:7303 (  81.215 172.159 360.191 507.903 807.935 807.935 )
779.413: I:95 (  81.215 172.159 579.071 ) T:7398 (  81.215 172.159 361.471 522.495 807.935 807.935 )
789.411: I:99 (  81.215 152.575 315.903 ) T:7497 (  81.215 172.159 360.959 522.495 807.935 807.935 )
799.413: I:95 (  81.215 151.935 381.439 ) T:7592 (  81.215 172.159 361.471 522.495 807.935 807.935 )
809.414: I:98 (  81.151 182.143 347.135 ) T:7690 (  81.215 172.159 360.959 522.495 807.935 807.935 )
819.413: I:100 (  81.151 153.727 357.887 ) T:7790 (  81.215 172.031 360.191 522.495 807.935 807.935 )
829.406: I:100 (  81.215 131.711 364.031 ) T:7890 (  81.215 172.031 360.191 522.495 807.935 807.935 )
839.406: I:95 (  81.151 161.919 323.839 ) T:7985 (  81.215 172.031 359.935 522.495 807.935 807.935 )
849.412: I:94 (  81.215 214.527 353.535 ) T:8079 (  81.215 172.159 357.887 507.903 807.935 807.935 )
859.411: I:100 (  81.151 182.015 323.839 ) T:8179 (  81.215 172.159 356.095 507.903 807.935 807.935 )
869.409: I:98 (  81.215 182.143 337.919 ) T:8277 (  81.215 172.159 354.559 507.903 807.935 807.935 )
879.412: I:97 (  81.215 174.591 339.967 ) T:8374 (  81.215 172.159 354.303 507.903 807.935 807.935 )
889.406: I:97 (  81.151 200.063 429.311 ) T:8471 (  81.215 172.159 354.559 507.903 807.935 807.935 )
899.409: I:96 (  81.279 162.047 273.151 ) T:8567 (  81.215 172.159 354.303 507.903 807.935 807.935 )
909.406: I:96 (  81.087 172.031 394.239 ) T:8663 (  81.215 172.159 354.559 507.903 807.935 807.935 )
919.406: I:92 (  91.263 162.047 472.575 ) T:8755 (  81.215 172.159 354.559 507.903 807.935 807.935 )
929.411: I:99 (  81.151 151.935 339.711 ) T:8854 (  81.215 172.159 354.303 507.903 807.935 807.935 )
939.411: I:103 (  81.151 141.695 347.647 ) T:8957 (  81.215 172.159 354.047 507.903 807.935 807.935 )
949.406: I:97 (  81.151 184.575 331.263 ) T:9054 (  81.215 172.159 353.535 498.175 807.935 807.935 )
959.412: I:95 (  81.855 174.335 393.471 ) T:9149 (  81.215 172.159 353.535 498.175 807.935 807.935 )
969.413: I:91 (  91.199 166.271 357.375 ) T:9240 (  81.215 172.159 353.535 498.175 807.935 807.935 )
979.413: I:94 (  91.199 151.935 360.191 ) T:9334 (  81.215 172.159 353.535 498.175 807.935 807.935 )
989.406: I:97 (  81.151 212.607 316.671 ) T:9431 (  81.215 172.159 353.535 498.175 807.935 807.935 )
999.412: I:94 (  88.703 173.055 304.895 ) T:9525 (  81.215 172.159 353.535 498.175 807.935 807.935 )
1009.413: I:99 (  81.151 141.823 437.503 ) T:9624 (  81.215 172.159 353.535 498.175 807.935 807.935 )
1019.411: I:97 (  81.151 148.351 325.887 ) T:9721 (  81.215 172.159 353.535 498.175 807.935 807.935 )
1029.413: I:97 (  81.151 174.463 355.839 ) T:9818 (  81.215 172.159 353.535 498.175 807.935 807.935 )
1039.413: I:92 (  81.215 182.143 391.679 ) T:9910 (  81.215 172.159 354.047 498.175 807.935 807.935 )
1049.406: I:94 (  91.199 155.519 346.367 ) T:10004 (  81.215 172.159 353.535 492.031 715.775 807.935 )
1059.412: I:91 (  82.367 159.743 435.711 ) T:10095 (  81.215 172.159 354.047 492.031 715.775 807.935 )
1069.406: I:93 (  81.215 192.255 438.015 ) T:10188 (  81.215 172.159 354.047 492.031 715.775 807.935 )
1079.411: I:96 (  91.199 168.319 338.175 ) T:10284 (  81.215 172.159 353.535 492.031 715.775 807.935 )
1089.413: I:98 (  81.151 151.935 403.199 ) T:10382 (  81.215 172.159 353.535 492.031 715.775 807.935 )
1099.411: I:95 (  81.087 153.343 434.687 ) T:10477 (  81.215 172.159 353.535 492.031 715.775 807.935 )
1109.413: I:100 (  81.023 132.735 347.391 ) T:10577 (  81.215 172.159 353.535 492.031 715.775 807.935 )
1119.411: I:94 (  81.151 192.255 351.743 ) T:10671 (  81.215 172.159 353.535 492.031 715.775 807.935 )
1129.410: I:98 (  81.215 190.847 366.847 ) T:10769 (  81.215 172.159 353.535 492.031 715.775 807.935 )
1139.413: I:103 (  81.151 172.031 302.079 ) T:10872 (  81.215 172.159 353.535 492.031 715.775 807.935 )
1149.406: I:94 (  81.215 151.807 374.271 ) T:10966 (  81.215 172.159 353.535 492.031 715.775 807.935 )
1159.411: I:91 (  81.215 183.679 373.503 ) T:11057 (  81.215 172.159 353.535 489.983 715.775 807.935 )
1169.413: I:94 (  81.151 164.223 373.759 ) T:11151 (  81.215 172.159 353.535 489.983 715.775 807.935 )
1179.406: I:101 (  81.215 151.807 294.399 ) T:11252 (  81.215 172.031 353.535 489.983 715.775 807.935 )
1189.412: I:101 (  81.151 166.143 306.431 ) T:11353 (  81.215 172.031 353.535 489.983 715.775 807.935 )
1199.415: I:102 (  81.023 132.351 415.999 ) T:11455 (  81.215 172.031 353.535 489.983 715.775 807.935 )
1209.409: I:101 (  81.151 145.791 398.591 ) T:11556 (  81.215 172.031 353.535 489.983 715.775 807.935 )
1219.412: I:97 (  81.151 151.935 438.271 ) T:11653 (  81.215 172.031 353.535 489.983 715.775 807.935 )
1229.412: I:96 (  81.215 182.143 358.655 ) T:11749 (  81.215 172.031 353.535 489.983 715.775 807.935 )
1239.412: I:96 (  81.471 141.823 369.919 ) T:11845 (  81.215 172.031 353.535 489.983 715.775 807.935 )
1249.412: I:87 (  81.151 235.135 645.119 ) T:11932 (  81.215 172.031 353.535 492.031 715.775 807.935 )
1259.406: I:96 (  81.151 196.095 406.527 ) T:12028 (  81.215 172.031 353.535 489.983 715.775 807.935 )
1269.412: I:97 (  81.215 161.919 354.559 ) T:12125 (  81.215 172.031 353.535 489.983 715.775 807.935 )
1279.412: I:95 (  81.215 167.807 339.967 ) T:12220 (  81.215 172.031 353.535 489.983 715.775 807.935 )
1289.406: I:97 (  81.151 166.015 397.311 ) T:12317 (  81.215 172.031 353.535 489.983 715.775 807.935 )
1299.412: I:95 (  81.151 182.271 342.527 ) T:12412 (  81.215 172.031 353.535 489.983 715.775 807.935 )
1309.410: I:90 (  81.279 172.031 420.095 ) T:12502 (  81.215 172.031 353.535 489.983 715.775 807.935 )
1319.414: I:98 (  81.151 142.847 489.215 ) T:12600 (  81.215 172.031 353.535 489.983 715.775 807.935 )
1329.413: I:102 (  77.951 125.567 324.607 ) T:12702 (  81.215 172.031 353.535 489.983 715.775 807.935 )
1339.413: I:98 (  81.151 163.455 377.343 ) T:12800 (  81.215 172.031 353.535 489.983 715.775 807.935 )
1349.410: I:92 (  81.215 201.343 396.287 ) T:12892 (  81.215 172.031 353.535 489.983 715.775 807.935 )
1359.410: I:90 (  81.151 172.159 554.495 ) T:12982 (  81.215 172.031 353.535 492.031 715.775 807.935 )
1369.411: I:95 (  82.431 162.047 349.695 ) T:13077 (  81.215 172.031 353.535 489.983 715.775 807.935 )
1379.410: I:95 (  81.215 162.047 579.071 ) T:13172 (  81.215 172.031 353.535 492.031 715.775 807.935 )
1389.409: I:96 (  81.151 168.191 405.759 ) T:13268 (  81.215 172.031 353.535 492.031 715.775 807.935 )
1399.412: I:96 (  81.151 173.055 450.815 ) T:13364 (  81.215 172.031 353.535 492.031 715.775 807.935 )
1409.406: I:99 (  81.151 172.159 368.127 ) T:13463 (  81.215 172.031 353.535 492.031 715.775 807.935 )
1419.411: I:98 (  91.199 158.335 329.983 ) T:13561 (  81.215 172.031 353.535 492.031 715.775 807.935 )
1429.406: I:99 (  81.215 141.695 341.247 ) T:13660 (  81.215 171.903 353.535 492.031 715.775 807.935 )
1439.412: I:94 (  81.151 162.815 443.135 ) T:13754 (  81.215 171.903 353.535 492.031 715.775 807.935 )
1449.411: I:98 (  81.087 182.143 334.847 ) T:13852 (  81.215 171.903 353.535 492.031 715.775 807.935 )
1459.406: I:102 (  78.463 172.031 374.783 ) T:13954 (  81.215 172.031 353.535 492.031 715.775 807.935 )
1469.412: I:94 (  81.215 192.255 347.135 ) T:14048 (  81.215 172.031 353.535 489.983 715.775 807.935 )
1479.412: I:94 (  82.175 162.047 330.239 ) T:14142 (  81.215 172.031 353.535 489.983 715.775 807.935 )
1489.408: I:98 (  81.215 158.079 347.391 ) T:14240 (  81.215 171.775 353.535 489.983 715.775 807.935 )
1499.412: I:93 (  81.279 141.695 420.095 ) T:14333 (  81.215 171.775 353.535 489.983 715.775 807.935 )
1509.412: I:95 (  81.279 177.791 327.935 ) T:14428 (  81.215 171.775 353.535 489.983 715.775 807.935 )
1519.410: I:96 (  81.215 151.935 343.039 ) T:14524 (  81.215 171.647 353.535 489.983 715.775 807.935 )
1529.412: I:100 (  71.167 187.519 505.599 ) T:14624 (  81.215 171.775 353.535 492.031 715.775 807.935 )
1539.412: I:98 (  81.151 177.663 330.239 ) T:14722 (  81.215 171.775 353.279 492.031 715.775 807.935 )
1549.410: I:94 (  81.151 192.255 466.175 ) T:14816 (  81.215 172.031 353.535 492.031 715.775 807.935 )
1559.413: I:99 (  81.151 161.919 344.319 ) T:14915 (  81.215 171.903 353.535 492.031 715.775 807.935 )
1569.411: I:97 (  81.215 173.567 420.863 ) T:15012 (  81.215 172.031 353.535 489.983 715.775 807.935 )
1579.407: I:100 (  80.511 161.151 371.199 ) T:15112 (  81.215 171.903 353.535 489.983 715.775 807.935 )
1589.412: I:99 (  81.151 180.351 372.223 ) T:15211 (  81.215 172.031 353.535 489.983 715.775 807.935 )
1599.412: I:97 (  81.151 172.287 309.759 ) T:15308 (  81.215 172.031 353.279 489.983 715.775 807.935 )
1609.412: I:100 (  81.215 141.951 327.935 ) T:15408 (  81.215 172.031 352.511 489.983 715.775 807.935 )
1619.412: I:93 (  81.279 131.711 585.727 ) T:15501 (  81.215 171.903 353.279 492.031 715.775 807.935 )
1629.406: I:99 (  81.215 168.447 306.431 ) T:15600 (  81.215 171.903 352.511 492.031 715.775 807.935 )
1639.411: I:94 (  81.215 162.047 595.967 ) T:15694 (  81.215 171.775 353.535 498.175 715.775 807.935 )
1649.410: I:97 (  81.215 192.255 338.943 ) T:15791 (  81.215 171.903 353.279 498.175 715.775 807.935 )
1659.413: I:101 (  81.151 141.823 371.967 ) T:15892 (  81.215 171.903 353.279 498.175 715.775 807.935 )
1669.413: I:101 (  81.215 131.711 312.831 ) T:15993 (  81.215 171.647 352.511 498.175 715.775 807.935 )
1679.412: I:101 (  81.087 180.095 290.559 ) T:16094 (  81.215 171.647 352.511 492.031 715.775 807.935 )
1689.412: I:94 (  81.151 141.823 553.983 ) T:16188 (  81.215 171.647 352.511 498.175 715.775 807.935 )
1699.412: I:101 (  81.215 153.087 284.159 ) T:16289 (  81.215 171.263 351.743 498.175 715.775 807.935 )
1709.412: I:95 (  79.487 169.855 414.719 ) T:16384 (  81.215 171.263 352.511 498.175 715.775 807.935 )
1719.412: I:93 (  81.215 179.967 411.135 ) T:16477 (  81.215 171.263 353.279 498.175 715.775 807.935 )
1729.412: I:99 (  81.151 211.327 426.751 ) T:16576 (  81.215 171.263 353.279 498.175 715.775 807.935 )
1739.412: I:97 (  81.151 141.823 406.527 ) T:16673 (  81.215 171.263 353.535 498.175 715.775 807.935 )
1749.412: I:90 (  81.279 131.711 392.191 ) T:16763 (  81.215 171.263 353.535 498.175 715.775 807.935 )
1759.411: I:99 (  81.215 168.319 309.759 ) T:16862 (  81.215 171.263 353.535 498.175 715.775 807.935 )
1769.412: I:93 (  81.215 211.071 371.967 ) T:16955 (  81.215 171.263 353.535 498.175 715.775 807.935 )
1779.411: I:92 (  81.215 182.271 375.295 ) T:17047 (  81.215 171.647 353.535 492.031 715.775 807.935 )
1789.412: I:94 (  81.279 165.375 375.551 ) T:17141 (  81.215 171.519 353.535 492.031 715.775 807.935 )
1799.411: I:96 (  81.151 171.903 381.439 ) T:17237 (  81.215 171.647 353.535 492.031 715.775 807.935 )
1809.413: I:97 (  81.215 172.159 327.935 ) T:17334 (  81.215 171.647 353.535 492.031 715.775 807.935 )
1819.413: I:94 (  81.215 179.071 424.447 ) T:17428 (  81.215 171.647 353.535 492.031 715.775 807.935 )
1829.412: I:96 (  81.215 172.287 381.439 ) T:17524 (  81.215 171.775 353.535 492.031 715.775 807.935 )
1839.412: I:92 (  81.215 182.399 436.991 ) T:17616 (  81.215 171.775 353.535 492.031 715.775 807.935 )
1849.412: I:93 (  81.151 151.935 390.911 ) T:17709 (  81.215 171.775 353.535 492.031 715.775 807.935 )
1859.411: I:98 (  81.151 176.767 340.479 ) T:17807 (  81.215 171.775 353.535 492.031 715.775 807.935 )
1869.410: I:98 (  81.215 180.735 407.551 ) T:17905 (  81.215 171.903 353.535 492.031 715.775 807.935 )
1879.412: I:92 (  81.151 218.879 461.567 ) T:17997 (  81.215 171.903 353.535 492.031 715.775 807.935 )
1889.414: I:100 (  81.151 162.047 420.351 ) T:18097 (  81.215 171.903 353.535 489.983 715.775 807.935 )
1899.412: I:96 (  81.151 172.159 483.327 ) T:18193 (  81.215 171.903 354.047 489.983 715.775 807.935 )
1909.412: I:94 (  81.151 141.823 634.367 ) T:18287 (  81.215 171.903 354.047 492.031 715.775 807.935 )
1919.413: I:98 (  81.151 180.607 352.255 ) T:18385 (  81.215 171.903 354.047 492.031 715.775 807.935 )
1929.406: I:96 (  81.151 192.383 335.615 ) T:18481 (  81.215 171.903 353.535 492.031 715.775 807.935 )
1939.409: I:95 (  81.279 162.047 348.159 ) T:18576 (  81.215 171.903 353.535 492.031 715.775 807.935 )
1949.412: I:96 (  81.215 172.159 340.991 ) T:18672 (  81.215 171.903 353.535 492.031 715.775 807.935 )
1959.411: I:91 (  81.215 164.863 477.439 ) T:18763 (  81.215 171.903 353.535 492.031 715.775 807.935 )
1969.411: I:94 (  81.151 162.175 402.687 ) T:18857 (  81.215 171.903 354.047 492.031 715.775 807.935 )
1979.412: I:95 (  81.215 161.919 338.687 ) T:18952 (  81.215 171.775 353.535 492.031 715.775 807.935 )
1989.408: I:94 (  81.279 182.271 431.359 ) T:19046 (  81.215 171.903 354.047 489.983 715.775 807.935 )
1999.412: I:93 (  81.215 131.711 483.071 ) T:19139 (  81.215 171.775 354.047 489.983 715.775 807.935 )
2009.412: I:94 (  81.151 189.823 444.927 ) T:19233 (  81.215 171.903 354.303 489.983 715.775 807.935 )
2019.411: I:97 (  81.215 151.935 328.959 ) T:19330 (  81.215 171.903 354.047 489.983 715.775 807.935 )
2029.406: I:95 (  81.215 177.663 409.855 ) T:19425 (  81.215 172.031 354.047 489.983 715.775 807.935 )
2039.412: I:97 (  81.215 178.559 325.119 ) T:19522 (  81.215 172.031 354.047 489.983 715.775 807.935 )
2049.406: I:94 (  81.151 188.159 397.823 ) T:19616 (  81.215 172.031 354.047 489.983 715.775 807.935 )
2059.409: I:96 (  81.151 161.919 433.663 ) T:19712 (  81.215 172.031 354.047 489.983 715.775 807.935 )
2069.411: I:97 (  81.215 162.047 402.431 ) T:19809 (  81.215 172.031 354.047 489.983 715.775 807.935 )
2079.408: I:90 (  81.215 182.783 521.471 ) T:19899 (  81.215 172.031 354.303 492.031 715.775 807.935 )
2089.410: I:92 (  81.215 162.047 402.943 ) T:19991 (  81.215 172.031 354.303 492.031 715.775 807.935 )
2099.410: I:103 (  81.151 151.935 394.751 ) T:20094 (  81.215 172.031 354.303 489.983 645.119 807.935 )
2109.411: I:95 (  81.151 176.383 510.207 ) T:20189 (  81.215 172.031 354.559 492.031 645.119 807.935 )
2119.412: I:94 (  88.639 141.823 348.159 ) T:20283 (  81.215 172.031 354.559 492.031 645.119 807.935 )
2129.412: I:90 (  82.239 192.255 350.975 ) T:20373 (  81.215 172.031 354.303 492.031 645.119 807.935 )
2139.412: I:94 (  81.215 162.047 341.759 ) T:20467 (  81.215 172.031 354.047 492.031 645.119 807.935 )
2149.412: I:91 (  81.279 162.047 613.375 ) T:20558 (  81.215 172.031 354.303 498.175 645.119 807.935 )
2159.409: I:95 (  81.151 177.407 430.847 ) T:20653 (  81.215 172.031 354.303 498.175 645.119 807.935 )
2169.409: I:99 (  81.215 151.935 413.695 ) T:20752 (  81.215 172.031 354.559 498.175 645.119 807.935 )
2179.411: I:92 (  81.151 161.919 490.751 ) T:20844 (  81.215 172.031 354.559 498.175 645.119 807.935 )
2189.410: I:93 (  81.215 172.159 351.999 ) T:20937 (  81.215 172.031 354.559 498.175 645.119 807.935 )
2199.412: I:93 (  81.151 203.391 464.127 ) T:21030 (  81.215 172.031 354.559 492.031 645.119 807.935 )
2209.412: I:94 (  81.151 196.351 446.719 ) T:21124 (  81.215 172.031 354.559 492.031 645.119 807.935 )
2219.412: I:90 (  81.215 144.255 444.415 ) T:21214 (  81.215 172.031 356.095 492.031 645.119 807.935 )
2229.412: I:95 (  91.199 181.503 297.727 ) T:21309 (  81.215 172.031 355.839 492.031 645.119 807.935 )
2239.413: I:96 (  81.151 212.479 322.303 ) T:21405 (  81.215 172.031 354.559 492.031 645.119 807.935 )
2249.410: I:91 (  81.215 152.063 415.487 ) T:21496 (  81.215 172.031 356.095 492.031 645.119 807.935 )
2259.407: I:96 (  81.215 141.823 381.183 ) T:21592 (  81.215 172.031 356.095 492.031 645.119 807.935 )
2269.413: I:96 (  81.215 172.159 409.343 ) T:21688 (  81.215 172.031 356.095 492.031 645.119 807.935 )
2279.406: I:93 (  81.279 192.383 388.351 ) T:21781 (  81.215 172.031 356.095 492.031 645.119 807.935 )
2289.412: I:97 (  81.151 199.167 386.303 ) T:21878 (  81.215 172.031 356.095 492.031 645.119 807.935 )
2299.411: I:99 (  81.151 162.047 375.039 ) T:21977 (  81.215 172.031 356.095 492.031 645.119 807.935 )
2309.413: I:90 (  81.215 191.999 439.039 ) T:22067 (  81.215 172.031 357.375 490.751 645.119 807.935 )
2319.414: I:93 (  81.215 151.935 352.767 ) T:22160 (  81.215 172.031 356.095 490.751 645.119 807.935 )
2329.411: I:96 (  81.151 161.919 609.279 ) T:22256 (  81.215 172.031 357.375 492.031 645.119 807.935 )
2339.411: I:98 (  81.151 166.271 375.551 ) T:22354 (  81.215 172.031 357.375 492.031 645.119 807.935 )
2349.412: I:101 (  81.215 172.159 325.375 ) T:22455 (  81.215 172.031 356.095 492.031 645.119 807.935 )
2359.409: I:96 (  81.151 182.271 400.383 ) T:22551 (  81.215 172.031 357.375 492.031 645.119 807.935 )
2369.411: I:92 (  81.151 152.063 440.063 ) T:22643 (  81.215 172.031 357.887 492.031 645.119 807.935 )
2379.406: I:93 (  81.215 149.247 478.207 ) T:22736 (  81.215 172.031 358.399 492.031 645.119 807.935 )
2389.406: I:92 (  81.215 184.063 351.487 ) T:22828 (  81.215 172.031 357.887 492.031 645.119 807.935 )
2399.411: I:100 (  81.215 131.711 408.831 ) T:22928 (  81.215 172.031 357.887 492.031 645.119 807.935 )
2409.413: I:102 (  81.087 182.143 440.575 ) T:23030 (  81.215 172.031 357.887 490.751 645.119 807.935 )
2419.410: I:95 (  81.279 172.031 436.991 ) T:23125 (  81.215 172.031 357.887 490.751 645.119 807.935 )
2429.410: I:93 (  81.215 141.823 401.151 ) T:23218 (  81.215 172.031 357.887 490.751 645.119 807.935 )
2439.406: I:91 (  91.263 158.591 428.799 ) T:23309 (  81.215 172.031 357.887 490.751 645.119 807.935 )
2442.070: I:23 (  81.215 172.159 396.543 ) T:23332 (  81.215 172.031 358.399 490.751 645.119 807.935 )
2442.113: I:0 (   0.000   0.000   0.000 ) T:23332 (  81.215 172.031 358.399 490.751 645.119 807.935 )
