#[Interval percentile log between 0.000 and <Infinite> seconds (relative to StartTime)]
#[StartTime: 1524389367.830 (seconds since epoch), Sun Apr 22 11:29:27 CEST 2018]
Time: IntervalPercentiles:count ( 50% 90% Max ) TotalPercentiles:count ( 50% 90% 99% 99.9% 99.99% Max )
9.977: I:1 (   0.003   0.003   0.003 ) T:1 (   0.003   0.003   0.003   0.003   0.003   0.003 )
19.977: I:1 (   0.003   0.003   0.003 ) T:2 (   0.003   0.003   0.003   0.003   0.003   0.003 )
29.977: I:1 (   0.003   0.003   0.003 ) T:3 (   0.003   0.003   0.003   0.003   0.003   0.003 )
39.977: I:1 (   0.003   0.003   0.003 ) T:4 (   0.003   0.003   0.003   0.003   0.003   0.003 )
49.977: I:1 (   0.003   0.003   0.003 ) T:5 (   0.003   0.003   0.003   0.003   0.003   0.003 )
59.980: I:1 (   0.003   0.003   0.003 ) T:6 (   0.003   0.003   0.003   0.003   0.003   0.003 )
69.977: I:1 (   0.003   0.003   0.003 ) T:7 (   0.003   0.003   0.003   0.003   0.003   0.003 )
79.977: I:1 (   0.003   0.003   0.003 ) T:8 (   0.003   0.003   0.003   0.003   0.003   0.003 )
89.977: I:1 (   0.003   0.003   0.003 ) T:9 (   0.003   0.003   0.003   0.003   0.003   0.003 )
99.977: I:1 (   0.003   0.003   0.003 ) T:10 (   0.003   0.003   0.003   0.003   0.003   0.003 )
109.977: I:1 (   0.003   0.003   0.003 ) T:11 (   0.003   0.003   0.003   0.003   0.003   0.003 )
119.977: I:1 (   0.003   0.003   0.003 ) T:12 (   0.003   0.003   0.003   0.003   0.003   0.003 )
129.977: I:1 (   0.003   0.003   0.003 ) T:13 (   0.003   0.003   0.003   0.003   0.003   0.003 )
139.977: I:1 (   0.003   0.003   0.003 ) T:14 (   0.003   0.003   0.003   0.003   0.003   0.003 )
149.977: I:1 (   0.003   0.003   0.003 ) T:15 (   0.003   0.003   0.003   0.003   0.003   0.003 )
159.977: I:1 (   0.003   0.003   0.003 ) T:16 (   0.003   0.003   0.003   0.003   0.003   0.003 )
169.977: I:1 (   0.003   0.003   0.003 ) T:17 (   0.003   0.003   0.003   0.003   0.003   0.003 )
179.977: I:1 (   0.003   0.003   0.003 ) T:18 (   0.003   0.003   0.003   0.003   0.003   0.003 )
189.977: I:1 (   0.003   0.003   0.003 ) T:19 (   0.003   0.003   0.003   0.003   0.003   0.003 )
199.976: I:1 (   0.003   0.003   0.003 ) T:20 (   0.003   0.003   0.003   0.003   0.003   0.003 )
209.977: I:1 (   0.003   0.003   0.003 ) T:21 (   0.003   0.003   0.003   0.003   0.003   0.003 )
219.977: I:1 (   0.003   0.003   0.003 ) T:22 (   0.003   0.003   0.003   0.003   0.003   0.003 )
229.977: I:1 (   0.003   0.003   0.003 ) T:23 (   0.003   0.003   0.003   0.003   0.003   0.003 )
239.977: I:1 (   0.003   0.003   0.003 ) T:24 (   0.003   0.003   0.003   0.003   0.003   0.003 )
249.977: I:1 (   0.003   0.003   0.003 ) T:25 (   0.003   0.003   0.003   0.003   0.003   0.003 )
259.976: I:1 (   0.003   0.003   0.003 ) T:26 (   0.003   0.003   0.003   0.003   0.003   0.003 )
269.977: I:1 (   0.003   0.003   0.003 ) T:27 (   0.003   0.003   0.003   0.003   0.003   0.003 )
279.979: I:1 (   0.003   0.003   0.003 ) T:28 (   0.003   0.003   0.003   0.003   0.003   0.003 )
289.976: I:1 (   0.003   0.003   0.003 ) T:29 (   0.003   0.003   0.003   0.003   0.003   0.003 )
299.976: I:1 (   0.003   0.003   0.003 ) T:30 (   0.003   0.003   0.003   0.003   0.003   0.003 )
309.977: I:1 (   0.003   0.003   0.003 ) T:31 (   0.003   0.003   0.003   0.003   0.003   0.003 )
319.976: I:1 (   0.003   0.003   0.003 ) T:32 (   0.003   0.003   0.003   0.003   0.003   0.003 )
329.976: I:1 (   0.003   0.003   0.003 ) T:33 (   0.003   0.003   0.003   0.003   0.003   0.003 )
339.977: I:1 (   0.003   0.003   0.003 ) T:34 (   0.003   0.003   0.003   0.003   0.003   0.003 )
349.976: I:1 (   0.003   0.003   0.003 ) T:35 (   0.003   0.003   0.003   0.003   0.003   0.003 )
359.976: I:1 (   0.003   0.003   0.003 ) T:36 (   0.003   0.003   0.003   0.003   0.003   0.003 )
369.977: I:1 (   0.003   0.003   0.003 ) T:37 (   0.003   0.003   0.003   0.003   0.003   0.003 )
379.976: I:1 (   0.003   0.003   0.003 ) T:38 (   0.003   0.003   0.003   0.003   0.003   0.003 )
389.977: I:1 (   0.003   0.003   0.003 ) T:39 (   0.003   0.003   0.003   0.003   0.003   0.003 )
399.976: I:1 (   0.003   0.003   0.003 ) T:40 (   0.003   0.003   0.003   0.003   0.003   0.003 )
409.976: I:1 (   0.003   0.003   0.003 ) T:41 (   0.003   0.003   0.003   0.003   0.003   0.003 )
419.976: I:1 (   0.003   0.003   0.003 ) T:42 (   0.003   0.003   0.003   0.003   0.003   0.003 )
429.976: I:1 (   0.003   0.003   0.003 ) T:43 (   0.003   0.003   0.003   0.003   0.003   0.003 )
439.976: I:1 (   0.003   0.003   0.003 ) T:44 (   0.003   0.003   0.003   0.003   0.003   0.003 )
449.976: I:1 (   0.003   0.003   0.003 ) T:45 (   0.003   0.003   0.003   0.003   0.003   0.003 )
459.976: I:1 (   0.003   0.003   0.003 ) T:46 (   0.003   0.003   0.003   0.003   0.003   0.003 )
469.976: I:1 (   0.003   0.003   0.003 ) T:47 (   0.003   0.003   0.003   0.003   0.003   0.003 )
479.977: I:1 (   0.003   0.003   0.003 ) T:48 (   0.003   0.003   0.003   0.003   0.003   0.003 )
489.977: I:1 (   0.003   0.003   0.003 ) T:49 (   0.003   0.003   0.003   0.003   0.003   0.003 )
499.977: I:1 (   0.003   0.003   0.003 ) T:50 (   0.003   0.003   0.003   0.003   0.003   0.003 )
509.977: I:1 (   0.003   0.003   0.003 ) T:51 (   0.003   0.003   0.003   0.003   0.003   0.003 )
519.976: I:1 (   0.003   0.003   0.003 ) T:52 (   0.003   0.003   0.003   0.003   0.003   0.003 )
529.976: I:1 (   0.003   0.003   0.003 ) T:53 (   0.003   0.003   0.003   0.003   0.003   0.003 )
539.976: I:1 (   0.003   0.003   0.003 ) T:54 (   0.003   0.003   0.003   0.003   0.003   0.003 )
549.977: I:1 (   0.003   0.003   0.003 ) T:55 (   0.003   0.003   0.003   0.003   0.003   0.003 )
559.977: I:1 (   0.003   0.003   0.003 ) T:56 (   0.003   0.003   0.003   0.003   0.003   0.003 )
569.977: I:1 (   0.003   0.003   0.003 ) T:57 (   0.003   0.003   0.003   0.003   0.003   0.003 )
579.976: I:1 (   0.003   0.003   0.003 ) T:58 (   0.003   0.003   0.003   0.003   0.003   0.003 )
589.976: I:1 (   0.003   0.003   0.003 ) T:59 (   0.003   0.003   0.003   0.003   0.003   0.003 )
599.976: I:1 (   0.003   0.003   0.003 ) T:60 (   0.003   0.003   0.003   0.003   0.003   0.003 )
609.977: I:1 (   0.003   0.003   0.003 ) T:61 (   0.003   0.003   0.003   0.003   0.003   0.003 )
619.976: I:1 (   0.003   0.003   0.003 ) T:62 (   0.003   0.003   0.003   0.003   0.003   0.003 )
629.977: I:1 (   0.003   0.003   0.003 ) T:63 (   0.003   0.003   0.003   0.003   0.003   0.003 )
639.976: I:1 (   0.003   0.003   0.003 ) T:64 (   0.003   0.003   0.003   0.003   0.003   0.003 )
649.976: I:1 (   0.003   0.003   0.003 ) T:65 (   0.003   0.003   0.003   0.003   0.003   0.003 )
659.976: I:1 (   0.003   0.003   0.003 ) T:66 (   0.003   0.003   0.003   0.003   0.003   0.003 )
669.976: I:1 (   0.003   0.003   0.003 ) T:67 (   0.003   0.003   0.003   0.003   0.003   0.003 )
679.976: I:1 (   0.003   0.003   0.003 ) T:68 (   0.003   0.003   0.003   0.003   0.003   0.003 )
689.976: I:1 (   0.003   0.003   0.003 ) T:69 (   0.003   0.003   0.003   0.003   0.003   0.003 )
699.976: I:1 (   0.003   0.003   0.003 ) T:70 (   0.003   0.003   0.003   0.003   0.003   0.003 )
709.976: I:1 (   0.003   0.003   0.003 ) T:71 (   0.003   0.003   0.003   0.003   0.003   0.003 )
719.977: I:1 (   0.003   0.003   0.003 ) T:72 (   0.003   0.003   0.003   0.003   0.003   0.003 )
729.977: I:1 (   0.003   0.003   0.003 ) T:73 (   0.003   0.003   0.003   0.003   0.003   0.003 )
739.976: I:1 (   0.003   0.003   0.003 ) T:74 (   0.003   0.003   0.003   0.003   0.003   0.003 )
749.976: I:1 (   0.003   0.003   0.003 ) T:75 (   0.003   0.003   0.003   0.003   0.003   0.003 )
759.977: I:1 (   0.003   0.003   0.003 ) T:76 (   0.003   0.003   0.003   0.003   0.003   0.003 )
769.976: I:1 (   0.003   0.003   0.003 ) T:77 (   0.003   0.003   0.003   0.003   0.003   0.003 )
779.976: I:1 (   0.003   0.003   0.003 ) T:78 (   0.003   0.003   0.003   0.003   0.003   0.003 )
789.976: I:1 (   0.003   0.003   0.003 ) T:79 (   0.003   0.003   0.003   0.003   0.003   0.003 )
799.977: I:1 (   0.003   0.003   0.003 ) T:80 (   0.003   0.003   0.003   0.003   0.003   0.003 )
809.977: I:1 (   0.003   0.003   0.003 ) T:81 (   0.003   0.003   0.003   0.003   0.003   0.003 )
819.976: I:1 (   0.003   0.003   0.003 ) T:82 (   0.003   0.003   0.003   0.003   0.003   0.003 )
829.976: I:1 (   0.003   0.003   0.003 ) T:83 (   0.003   0.003   0.003   0.003   0.003   0.003 )
839.977: I:1 (   0.003   0.003   0.003 ) T:84 (   0.003   0.003   0.003   0.003   0.003   0.003 )
849.977: I:1 (   0.003   0.003   0.003 ) T:85 (   0.003   0.003   0.003   0.003   0.003   0.003 )
859.976: I:1 (   0.003   0.003   0.003 ) T:86 (   0.003   0.003   0.003   0.003   0.003   0.003 )
869.976: I:1 (   0.003   0.003   0.003 ) T:87 (   0.003   0.003   0.003   0.003   0.003   0.003 )
879.976: I:1 (   0.003   0.003   0.003 ) T:88 (   0.003   0.003   0.003   0.003   0.003   0.003 )
889.978: I:1 (   0.003   0.003   0.003 ) T:89 (   0.003   0.003   0.003   0.003   0.003   0.003 )
899.977: I:1 (   0.003   0.003   0.003 ) T:90 (   0.003   0.003   0.003   0.003   0.003   0.003 )
909.977: I:1 (   0.003   0.003   0.003 ) T:91 (   0.003   0.003   0.003   0.003   0.003   0.003 )
919.976: I:1 (   0.003   0.003   0.003 ) T:92 (   0.003   0.003   0.003   0.003   0.003   0.003 )
929.976: I:1 (   0.003   0.003   0.003 ) T:93 (   0.003   0.003   0.003   0.003   0.003   0.003 )
939.976: I:1 (   0.003   0.003   0.003 ) T:94 (   0.003   0.003   0.003   0.003   0.003   0.003 )
949.977: I:1 (   0.003   0.003   0.003 ) T:95 (   0.003   0.003   0.003   0.003   0.003   0.003 )
959.976: I:1 (   0.003   0.003   0.003 ) T:96 (   0.003   0.003   0.003   0.003   0.003   0.003 )
969.977: I:1 (   0.003   0.003   0.003 ) T:97 (   0.003   0.003   0.003   0.003   0.003   0.003 )
979.976: I:1 (   0.003   0.003   0.003 ) T:98 (   0.003   0.003   0.003   0.003   0.003   0.003 )
989.976: I:1 (   0.003   0.003   0.003 ) T:99 (   0.003   0.003   0.003   0.003   0.003   0.003 )
999.976: I:1 (   0.003   0.003   0.003 ) T:100 (   0.003   0.003   0.003   0.003   0.003   0.003 )
1009.977: I:1 (   0.003   0.003   0.003 ) T:101 (   0.003   0.003   0.003   0.003   0.003   0.003 )
1019.976: I:1 (   0.003   0.003   0.003 ) T:102 (   0.003   0.003   0.003   0.003   0.003   0.003 )
1029.976: I:1 (   0.003   0.003   0.003 ) T:103 (   0.003   0.003   0.003   0.003   0.003   0.003 )
1039.976: I:1 (   0.003   0.003   0.003 ) T:104 (   0.003   0.003   0.003   0.003   0.003   0.003 )
1049.976: I:1 (   0.003   0.003   0.003 ) T:105 (   0.003   0.003   0.003   0.003   0.003   0.003 )
1059.976: I:1 (   0.003   0.003   0.003 ) T:106 (   0.003   0.003   0.003   0.003   0.003   0.003 )
1069.976: I:1 (   0.003   0.003   0.003 ) T:107 (   0.003   0.003   0.003   0.003   0.003   0.003 )
1079.976: I:1 (   0.003   0.003   0.003 ) T:108 (   0.003   0.003   0.003   0.003   0.003   0.003 )
1089.976: I:1 (   0.003   0.003   0.003 ) T:109 (   0.003   0.003   0.003   0.003   0.003   0.003 )
1099.976: I:1 (   0.003   0.003   0.003 ) T:110 (   0.003   0.003   0.003   0.003   0.003   0.003 )
1109.976: I:1 (   0.003   0.003   0.003 ) T:111 (   0.003   0.003   0.003   0.003   0.003   0.003 )
1119.976: I:1 (   0.003   0.003   0.003 ) T:112 (   0.003   0.003   0.003   0.003   0.003   0.003 )
1129.976: I:1 (   0.003   0.003   0.003 ) T:113 (   0.003   0.003   0.003   0.003   0.003   0.003 )
1139.976: I:1 (   0.003   0.003   0.003 ) T:114 (   0.003   0.003   0.003   0.003   0.003   0.003 )
1149.976: I:1 (   0.003   0.003   0.003 ) T:115 (   0.003   0.003   0.003   0.003   0.003   0.003 )
1159.976: I:1 (   0.003   0.003   0.003 ) T:116 (   0.003   0.003   0.003   0.003   0.003   0.003 )
1169.977: I:1 (   0.003   0.003   0.003 ) T:117 (   0.003   0.003   0.003   0.003   0.003   0.003 )
1179.976: I:1 (   0.003   0.003   0.003 ) T:118 (   0.003   0.003   0.003   0.003   0.003   0.003 )
1189.976: I:1 (   0.003   0.003   0.003 ) T:119 (   0.003   0.003   0.003   0.003   0.003   0.003 )
1199.976: I:1 (   0.003   0.003   0.003 ) T:120 (   0.003   0.003   0.003   0.003   0.003   0.003 )
1209.976: I:1 (   0.003   0.003   0.003 ) T:121 (   0.003   0.003   0.003   0.003   0.003   0.003 )
1219.976: I:1 (   0.003   0.003   0.003 ) T:122 (   0.003   0.003   0.003   0.003   0.003   0.003 )
1229.977: I:1 (   0.003   0.003   0.003 ) T:123 (   0.003   0.003   0.003   0.003   0.003   0.003 )
1239.976: I:1 (   0.003   0.003   0.003 ) T:124 (   0.003   0.003   0.003   0.003   0.003   0.003 )
1249.976: I:1 (   0.003   0.003   0.003 ) T:125 (   0.003   0.003   0.003   0.003   0.003   0.003 )
1259.976: I:1 (   0.003   0.003   0.003 ) T:126 (   0.003   0.003   0.003   0.003   0.003   0.003 )
1269.977: I:1 (   0.003   0.003   0.003 ) T:127 (   0.003   0.003   0.003   0.003   0.003   0.003 )
1279.976: I:1 (   0.003   0.003   0.003 ) T:128 (   0.003   0.003   0.003   0.003   0.003   0.003 )
1289.976: I:1 (   0.003   0.003   0.003 ) T:129 (   0.003   0.003   0.003   0.003   0.003   0.003 )
1299.976: I:1 (   0.003   0.003   0.003 ) T:130 (   0.003   0.003   0.003   0.003   0.003   0.003 )
1309.976: I:1 (   0.003   0.003   0.003 ) T:131 (   0.003   0.003   0.003   0.003   0.003   0.003 )
1319.976: I:1 (   0.003   0.003   0.003 ) T:132 (   0.003   0.003   0.003   0.003   0.003   0.003 )
1329.976: I:1 (   0.003   0.003   0.003 ) T:133 (   0.003   0.003   0.003   0.003   0.003   0.003 )
1339.976: I:1 (   0.003   0.003   0.003 ) T:134 (   0.003   0.003   0.003   0.003   0.003   0.003 )
1349.976: I:1 (   0.003   0.003   0.003 ) T:135 (   0.003   0.003   0.003   0.003   0.003   0.003 )
1359.976: I:1 (   0.003   0.003   0.003 ) T:136 (   0.003   0.003   0.003   0.003   0.003   0.003 )
1369.976: I:1 (   0.003   0.003   0.003 ) T:137 (   0.003   0.003   0.003   0.003   0.003   0.003 )
1379.976: I:1 (   0.003   0.003   0.003 ) T:138 (   0.003   0.003   0.003   0.003   0.003   0.003 )
1389.976: I:1 (   0.003   0.003   0.003 ) T:139 (   0.003   0.003   0.003   0.003   0.003   0.003 )
1399.976: I:1 (   0.003   0.003   0.003 ) T:140 (   0.003   0.003   0.003   0.003   0.003   0.003 )
1409.976: I:1 (   0.003   0.003   0.003 ) T:141 (   0.003   0.003   0.003   0.003   0.003   0.003 )
1419.976: I:1 (   0.003   0.003   0.003 ) T:142 (   0.003   0.003   0.003   0.003   0.003   0.003 )
1429.976: I:1 (   0.003   0.003   0.003 ) T:143 (   0.003   0.003   0.003   0.003   0.003   0.003 )
1439.976: I:1 (   0.003   0.003   0.003 ) T:144 (   0.003   0.003   0.003   0.003   0.003   0.003 )
1449.976: I:1 (   0.003   0.003   0.003 ) T:145 (   0.003   0.003   0.003   0.003   0.003   0.003 )
1459.976: I:1 (   0.003   0.003   0.003 ) T:146 (   0.003   0.003   0.003   0.003   0.003   0.003 )
1469.976: I:1 (   0.003   0.003   0.003 ) T:147 (   0.003   0.003   0.003   0.003   0.003   0.003 )
1479.976: I:1 (   0.003   0.003   0.003 ) T:148 (   0.003   0.003   0.003   0.003   0.003   0.003 )
1489.976: I:1 (   0.003   0.003   0.003 ) T:149 (   0.003   0.003   0.003   0.003   0.003   0.003 )
1499.976: I:1 (   0.003   0.003   0.003 ) T:150 (   0.003   0.003   0.003   0.003   0.003   0.003 )
1509.976: I:1 (   0.003   0.003   0.003 ) T:151 (   0.003   0.003   0.003   0.003   0.003   0.003 )
1519.976: I:1 (   0.003   0.003   0.003 ) T:152 (   0.003   0.003   0.003   0.003   0.003   0.003 )
1529.976: I:1 (   0.003   0.003   0.003 ) T:153 (   0.003   0.003   0.003   0.003   0.003   0.003 )
1539.976: I:1 (   0.003   0.003   0.003 ) T:154 (   0.003   0.003   0.003   0.003   0.003   0.003 )
1549.976: I:1 (   0.003   0.003   0.003 ) T:155 (   0.003   0.003   0.003   0.003   0.003   0.003 )
1559.976: I:1 (   0.003   0.003   0.003 ) T:156 (   0.003   0.003   0.003   0.003   0.003   0.003 )
1569.976: I:1 (   0.003   0.003   0.003 ) T:157 (   0.003   0.003   0.003   0.003   0.003   0.003 )
1579.977: I:1 (   0.003   0.003   0.003 ) T:158 (   0.003   0.003   0.003   0.003   0.003   0.003 )
1589.976: I:1 (   0.003   0.003   0.003 ) T:159 (   0.003   0.003   0.003   0.003   0.003   0.003 )
1599.976: I:1 (   0.003   0.003   0.003 ) T:160 (   0.003   0.003   0.003   0.003   0.003   0.003 )
1609.976: I:1 (   0.003   0.003   0.003 ) T:161 (   0.003   0.003   0.003   0.003   0.003   0.003 )
1619.976: I:1 (   0.003   0.003   0.003 ) T:162 (   0.003   0.003   0.003   0.003   0.003   0.003 )
1629.976: I:1 (   0.003   0.003   0.003 ) T:163 (   0.003   0.003   0.003   0.003   0.003   0.003 )
1639.976: I:1 (   0.003   0.003   0.003 ) T:164 (   0.003   0.003   0.003   0.003   0.003   0.003 )
1649.976: I:1 (   0.003   0.003   0.003 ) T:165 (   0.003   0.003   0.003   0.003   0.003   0.003 )
1659.976: I:1 (   0.003   0.003   0.003 ) T:166 (   0.003   0.003   0.003   0.003   0.003   0.003 )
1669.976: I:1 (   0.003   0.003   0.003 ) T:167 (   0.003   0.003   0.003   0.003   0.003   0.003 )
1679.976: I:1 (   0.003   0.003   0.003 ) T:168 (   0.003   0.003   0.003   0.003   0.003   0.003 )
1689.976: I:1 (   0.003   0.003   0.003 ) T:169 (   0.003   0.003   0.003   0.003   0.003   0.003 )
1699.976: I:1 (   0.003   0.003   0.003 ) T:170 (   0.003   0.003   0.003   0.003   0.003   0.003 )
1709.976: I:1 (   0.003   0.003   0.003 ) T:171 (   0.003   0.003   0.003   0.003   0.003   0.003 )
1719.976: I:1 (   0.003   0.003   0.003 ) T:172 (   0.003   0.003   0.003   0.003   0.003   0.003 )
1729.976: I:1 (   0.003   0.003   0.003 ) T:173 (   0.003   0.003   0.003   0.003   0.003   0.003 )
1739.976: I:1 (   0.003   0.003   0.003 ) T:174 (   0.003   0.003   0.003   0.003   0.003   0.003 )
1749.976: I:1 (   0.003   0.003   0.003 ) T:175 (   0.003   0.003   0.003   0.003   0.003   0.003 )
1759.976: I:1 (   0.003   0.003   0.003 ) T:176 (   0.003   0.003   0.003   0.003   0.003   0.003 )
1769.976: I:1 (   0.003   0.003   0.003 ) T:177 (   0.003   0.003   0.003   0.003   0.003   0.003 )
1779.976: I:1 (   0.003   0.003   0.003 ) T:178 (   0.003   0.003   0.003   0.003   0.003   0.003 )
1789.976: I:1 (   0.003   0.003   0.003 ) T:179 (   0.003   0.003   0.003   0.003   0.003   0.003 )
1799.976: I:1 (   0.003   0.003   0.003 ) T:180 (   0.003   0.003   0.003   0.003   0.003   0.003 )
1809.976: I:1 (   0.003   0.003   0.003 ) T:181 (   0.003   0.003   0.003   0.003   0.003   0.003 )
1819.976: I:1 (   0.003   0.003   0.003 ) T:182 (   0.003   0.003   0.003   0.003   0.003   0.003 )
1829.976: I:1 (   0.003   0.003   0.003 ) T:183 (   0.003   0.003   0.003   0.003   0.003   0.003 )
1839.976: I:1 (   0.003   0.003   0.003 ) T:184 (   0.003   0.003   0.003   0.003   0.003   0.003 )
1849.976: I:1 (   0.003   0.003   0.003 ) T:185 (   0.003   0.003   0.003   0.003   0.003   0.003 )
1859.976: I:1 (   0.003   0.003   0.003 ) T:186 (   0.003   0.003   0.003   0.003   0.003   0.003 )
1869.976: I:1 (   0.003   0.003   0.003 ) T:187 (   0.003   0.003   0.003   0.003   0.003   0.003 )
1879.976: I:1 (   0.003   0.003   0.003 ) T:188 (   0.003   0.003   0.003   0.003   0.003   0.003 )
1889.976: I:1 (   0.003   0.003   0.003 ) T:189 (   0.003   0.003   0.003   0.003   0.003   0.003 )
1899.976: I:1 (   0.003   0.003   0.003 ) T:190 (   0.003   0.003   0.003   0.003   0.003   0.003 )
1909.976: I:1 (   0.003   0.003   0.003 ) T:191 (   0.003   0.003   0.003   0.003   0.003   0.003 )
1919.977: I:1 (   0.003   0.003   0.003 ) T:192 (   0.003   0.003   0.003   0.003   0.003   0.003 )
1929.976: I:1 (   0.003   0.003   0.003 ) T:193 (   0.003   0.003   0.003   0.003   0.003   0.003 )
1939.976: I:1 (   0.003   0.003   0.003 ) T:194 (   0.003   0.003   0.003   0.003   0.003   0.003 )
1949.976: I:1 (   0.003   0.003   0.003 ) T:195 (   0.003   0.003   0.003   0.003   0.003   0.003 )
1959.976: I:1 (   0.003   0.003   0.003 ) T:196 (   0.003   0.003   0.003   0.003   0.003   0.003 )
1969.976: I:1 (   0.003   0.003   0.003 ) T:197 (   0.003   0.003   0.003   0.003   0.003   0.003 )
1979.976: I:1 (   0.003   0.003   0.003 ) T:198 (   0.003   0.003   0.003   0.003   0.003   0.003 )
1989.976: I:1 (   0.003   0.003   0.003 ) T:199 (   0.003   0.003   0.003   0.003   0.003   0.003 )
1999.976: I:1 (   0.003   0.003   0.003 ) T:200 (   0.003   0.003   0.003   0.003   0.003   0.003 )
2009.976: I:1 (   0.003   0.003   0.003 ) T:201 (   0.003   0.003   0.003   0.003   0.003   0.003 )
2019.976: I:1 (   0.003   0.003   0.003 ) T:202 (   0.003   0.003   0.003   0.003   0.003   0.003 )
2029.976: I:1 (   0.003   0.003   0.003 ) T:203 (   0.003   0.003   0.003   0.003   0.003   0.003 )
2039.976: I:1 (   0.003   0.003   0.003 ) T:204 (   0.003   0.003   0.003   0.003   0.003   0.003 )
2049.976: I:1 (   0.003   0.003   0.003 ) T:205 (   0.003   0.003   0.003   0.003   0.003   0.003 )
2059.976: I:1 (   0.003   0.003   0.003 ) T:206 (   0.003   0.003   0.003   0.003   0.003   0.003 )
2069.976: I:1 (   0.003   0.003   0.003 ) T:207 (   0.003   0.003   0.003   0.003   0.003   0.003 )
2079.976: I:1 (   0.003   0.003   0.003 ) T:208 (   0.003   0.003   0.003   0.003   0.003   0.003 )
2089.976: I:1 (   0.003   0.003   0.003 ) T:209 (   0.003   0.003   0.003   0.003   0.003   0.003 )
2099.976: I:1 (   0.003   0.003   0.003 ) T:210 (   0.003   0.003   0.003   0.003   0.003   0.003 )
2109.976: I:1 (   0.003   0.003   0.003 ) T:211 (   0.003   0.003   0.003   0.003   0.003   0.003 )
2119.976: I:1 (   0.003   0.003   0.003 ) T:212 (   0.003   0.003   0.003   0.003   0.003   0.003 )
2129.976: I:1 (   0.003   0.003   0.003 ) T:213 (   0.003   0.003   0.003   0.003   0.003   0.003 )
2139.976: I:1 (   0.003   0.003   0.003 ) T:214 (   0.003   0.003   0.003   0.003   0.003   0.003 )
2149.976: I:1 (   0.003   0.003   0.003 ) T:215 (   0.003   0.003   0.003   0.003   0.003   0.003 )
2159.976: I:1 (   0.003   0.003   0.003 ) T:216 (   0.003   0.003   0.003   0.003   0.003   0.003 )
2169.976: I:1 (   0.003   0.003   0.003 ) T:217 (   0.003   0.003   0.003   0.003   0.003   0.003 )
2179.976: I:1 (   0.003   0.003   0.003 ) T:218 (   0.003   0.003   0.003   0.003   0.003   0.003 )
2189.976: I:1 (   0.003   0.003   0.003 ) T:219 (   0.003   0.003   0.003   0.003   0.003   0.003 )
2199.978: I:1 (   0.003   0.003   0.003 ) T:220 (   0.003   0.003   0.003   0.003   0.003   0.003 )
2209.975: I:1 (   0.003   0.003   0.003 ) T:221 (   0.003   0.003   0.003   0.003   0.003   0.003 )
2219.976: I:1 (   0.003   0.003   0.003 ) T:222 (   0.003   0.003   0.003   0.003   0.003   0.003 )
2229.976: I:1 (   0.003   0.003   0.003 ) T:223 (   0.003   0.003   0.003   0.003   0.003   0.003 )
2239.976: I:1 (   0.003   0.003   0.003 ) T:224 (   0.003   0.003   0.003   0.003   0.003   0.003 )
2249.976: I:1 (   0.003   0.003   0.003 ) T:225 (   0.003   0.003   0.003   0.003   0.003   0.003 )
2259.976: I:1 (   0.003   0.003   0.003 ) T:226 (   0.003   0.003   0.003   0.003   0.003   0.003 )
2269.976: I:1 (   0.003   0.003   0.003 ) T:227 (   0.003   0.003   0.003   0.003   0.003   0.003 )
2279.976: I:1 (   0.003   0.003   0.003 ) T:228 (   0.003   0.003   0.003   0.003   0.003   0.003 )
2289.976: I:1 (   0.003   0.003   0.003 ) T:229 (   0.003   0.003   0.003   0.003   0.003   0.003 )
2299.976: I:1 (   0.003   0.003   0.003 ) T:230 (   0.003   0.003   0.003   0.003   0.003   0.003 )
2309.976: I:1 (   0.003   0.003   0.003 ) T:231 (   0.003   0.003   0.003   0.003   0.003   0.003 )
2319.976: I:1 (   0.003   0.003   0.003 ) T:232 (   0.003   0.003   0.003   0.003   0.003   0.003 )
2329.976: I:1 (   0.003   0.003   0.003 ) T:233 (   0.003   0.003   0.003   0.003   0.003   0.003 )
2339.976: I:1 (   0.003   0.003   0.003 ) T:234 (   0.003   0.003   0.003   0.003   0.003   0.003 )
2349.976: I:1 (   0.003   0.003   0.003 ) T:235 (   0.003   0.003   0.003   0.003   0.003   0.003 )
2359.976: I:1 (   0.003   0.003   0.003 ) T:236 (   0.003   0.003   0.003   0.003   0.003   0.003 )
2369.976: I:1 (   0.003   0.003   0.003 ) T:237 (   0.003   0.003   0.003   0.003   0.003   0.003 )
2379.976: I:1 (   0.003   0.003   0.003 ) T:238 (   0.003   0.003   0.003   0.003   0.003   0.003 )
2389.976: I:1 (   0.003   0.003   0.003 ) T:239 (   0.003   0.003   0.003   0.003   0.003   0.003 )
2399.976: I:1 (   0.003   0.003   0.003 ) T:240 (   0.003   0.003   0.003   0.003   0.003   0.003 )
2409.976: I:1 (   0.003   0.003   0.003 ) T:241 (   0.003   0.003   0.003   0.003   0.003   0.003 )
2419.976: I:1 (   0.003   0.003   0.003 ) T:242 (   0.003   0.003   0.003   0.003   0.003   0.003 )
2429.976: I:1 (   0.003   0.003   0.003 ) T:243 (   0.003   0.003   0.003   0.003   0.003   0.003 )
2439.976: I:1 (   0.003   0.003   0.003 ) T:244 (   0.003   0.003   0.003   0.003   0.003   0.003 )
2449.976: I:1 (   0.003   0.003   0.003 ) T:245 (   0.003   0.003   0.003   0.003   0.003   0.003 )
2459.976: I:1 (   0.003   0.003   0.003 ) T:246 (   0.003   0.003   0.003   0.003   0.003   0.003 )
2465.807: I:2 (   0.002   0.003   0.003 ) T:248 (   0.003   0.003   0.003   0.003   0.003   0.003 )
2465.842: I:0 (   0.000   0.000   0.000 ) T:248 (   0.003   0.003   0.003   0.003   0.003   0.003 )
