#[Interval percentile log between 0.000 and <Infinite> seconds (relative to StartTime)]
#[StartTime: 1524869305.110 (seconds since epoch), Sat Apr 28 00:48:25 CEST 2018]
Time: IntervalPercentiles:count ( 50% 90% Max ) TotalPercentiles:count ( 50% 90% 99% 99.9% 99.99% Max )
9.395: I:41 ( 111.423 251.647 549.887 ) T:41 ( 111.423 251.647 549.887 549.887 549.887 549.887 )
19.378: I:41 ( 121.471 162.047 558.591 ) T:82 ( 112.447 212.479 558.591 558.591 558.591 558.591 )
29.371: I:41 ( 111.359 303.359 778.239 ) T:123 ( 112.447 242.559 558.591 778.239 778.239 778.239 )
39.375: I:42 ( 101.375 242.815 612.863 ) T:165 ( 111.423 242.815 612.863 778.239 778.239 778.239 )
49.375: I:42 ( 111.487 263.167 438.015 ) T:207 ( 111.487 251.647 558.591 778.239 778.239 778.239 )
59.372: I:45 ( 101.375 197.503 363.519 ) T:252 ( 111.423 238.079 558.591 778.239 778.239 778.239 )
69.370: I:47 (  91.327 162.047 524.799 ) T:299 ( 111.295 232.831 558.591 778.239 778.239 778.239 )
79.378: I:47 ( 101.311 222.591 333.823 ) T:346 ( 102.399 225.023 549.887 778.239 778.239 778.239 )
89.374: I:42 ( 101.311 212.479 283.135 ) T:388 ( 101.567 222.591 549.887 778.239 778.239 778.239 )
99.370: I:44 ( 101.439 242.175 434.687 ) T:432 ( 101.503 222.591 524.799 778.239 778.239 778.239 )
109.377: I:47 ( 101.503 193.023 591.359 ) T:479 ( 101.503 222.591 549.887 778.239 778.239 778.239 )
119.375: I:44 ( 101.311 151.935 317.951 ) T:523 ( 101.439 212.479 524.799 778.239 778.239 778.239 )
129.371: I:47 ( 101.311 232.703 504.063 ) T:570 ( 101.439 212.607 524.799 778.239 778.239 778.239 )
139.378: I:46 ( 101.311 213.631 262.911 ) T:616 ( 101.439 213.631 504.063 778.239 778.239 778.239 )
149.375: I:47 (  92.287 177.663 542.719 ) T:663 ( 101.375 212.607 524.799 778.239 778.239 778.239 )
159.375: I:38 ( 111.551 336.383 427.519 ) T:701 ( 101.439 219.007 504.063 778.239 778.239 778.239 )
169.374: I:49 ( 101.375 258.431 303.359 ) T:750 ( 101.439 219.007 504.063 778.239 778.239 778.239 )
179.377: I:46 (  96.831 197.119 406.527 ) T:796 ( 101.375 219.007 504.063 778.239 778.239 778.239 )
189.371: I:50 ( 101.311 141.823 368.383 ) T:846 ( 101.375 213.631 438.015 778.239 778.239 778.239 )
199.371: I:48 ( 101.375 232.831 375.551 ) T:894 ( 101.375 213.631 438.015 778.239 778.239 778.239 )
209.371: I:46 ( 101.375 172.159 459.007 ) T:940 ( 101.375 212.607 438.015 778.239 778.239 778.239 )
219.371: I:45 ( 111.487 192.255 414.463 ) T:985 ( 101.375 212.607 438.015 778.239 778.239 778.239 )
229.371: I:41 ( 111.487 172.031 552.447 ) T:1026 ( 101.439 212.607 438.015 612.863 778.239 778.239 )
239.371: I:45 ( 111.551 193.279 339.967 ) T:1071 ( 101.439 212.479 438.015 612.863 778.239 778.239 )
249.364: I:43 ( 111.487 161.919 332.287 ) T:1114 ( 101.439 212.479 434.687 612.863 778.239 778.239 )
259.371: I:45 ( 121.663 202.367 320.255 ) T:1159 ( 101.439 212.479 434.687 612.863 778.239 778.239 )
269.371: I:41 ( 111.487 162.047 428.799 ) T:1200 ( 101.439 212.479 428.799 612.863 778.239 778.239 )
279.377: I:41 ( 121.407 142.847 339.199 ) T:1241 ( 101.503 212.479 428.799 612.863 778.239 778.239 )
289.371: I:42 ( 111.487 161.919 340.735 ) T:1283 ( 101.503 212.479 428.799 612.863 778.239 778.239 )
299.368: I:46 ( 101.439 162.047 395.775 ) T:1329 ( 101.503 212.479 427.519 612.863 778.239 778.239 )
309.365: I:42 ( 111.487 182.143 421.119 ) T:1371 ( 102.207 212.479 427.519 612.863 778.239 778.239 )
319.371: I:41 ( 121.215 199.167 417.023 ) T:1412 ( 102.399 212.479 425.983 612.863 778.239 778.239 )
329.374: I:45 ( 101.439 161.919 337.151 ) T:1457 ( 102.399 212.479 425.983 612.863 778.239 778.239 )
339.371: I:42 ( 101.375 161.919 360.703 ) T:1499 ( 102.335 212.479 425.983 612.863 778.239 778.239 )
349.376: I:40 ( 121.535 177.151 381.951 ) T:1539 ( 102.399 212.351 421.119 612.863 778.239 778.239 )
359.371: I:41 ( 115.391 192.127 403.199 ) T:1580 ( 102.975 211.967 421.119 612.863 778.239 778.239 )
369.371: I:44 ( 111.359 162.047 364.799 ) T:1624 ( 102.975 211.967 417.023 612.863 778.239 778.239 )
379.371: I:41 ( 121.535 181.887 405.247 ) T:1665 ( 103.423 211.967 417.023 612.863 778.239 778.239 )
389.369: I:41 ( 121.599 152.063 595.967 ) T:1706 ( 106.687 210.815 417.023 612.863 778.239 778.239 )
399.371: I:41 ( 111.487 172.159 531.455 ) T:1747 ( 110.143 210.815 421.119 612.863 778.239 778.239 )
409.371: I:39 ( 121.599 280.063 418.815 ) T:1786 ( 111.295 210.815 421.119 612.863 778.239 778.239 )
419.371: I:42 ( 121.535 172.031 311.807 ) T:1828 ( 111.359 208.383 418.815 612.863 778.239 778.239 )
429.365: I:39 ( 131.839 259.583 503.039 ) T:1867 ( 111.359 208.383 421.119 612.863 778.239 778.239 )
439.373: I:40 ( 121.471 162.047 343.039 ) T:1907 ( 111.423 203.007 418.815 612.863 778.239 778.239 )
449.371: I:41 ( 121.535 237.311 378.879 ) T:1948 ( 111.423 208.383 418.815 612.863 778.239 778.239 )
459.371: I:45 ( 111.487 222.719 347.647 ) T:1993 ( 111.423 208.383 418.815 612.863 778.239 778.239 )
469.371: I:39 ( 121.663 335.103 362.495 ) T:2032 ( 111.423 210.815 417.023 595.967 778.239 778.239 )
479.371: I:42 ( 111.551 162.175 464.639 ) T:2074 ( 111.423 208.383 418.815 595.967 778.239 778.239 )
489.369: I:42 ( 114.815 214.655 481.279 ) T:2116 ( 111.423 210.815 418.815 595.967 778.239 778.239 )
499.362: I:40 ( 121.471 172.159 442.367 ) T:2156 ( 111.423 208.383 421.119 595.967 778.239 778.239 )
509.365: I:44 ( 111.615 172.159 338.431 ) T:2200 ( 111.487 202.623 418.815 595.967 778.239 778.239 )
519.364: I:39 ( 111.551 324.607 612.351 ) T:2239 ( 111.487 208.383 421.119 612.351 778.239 778.239 )
529.371: I:42 ( 121.663 232.831 335.359 ) T:2281 ( 111.487 209.663 421.119 612.351 778.239 778.239 )
539.371: I:41 ( 131.711 163.071 282.111 ) T:2322 ( 111.487 208.383 418.815 612.351 778.239 778.239 )
549.371: I:41 ( 121.727 212.607 450.559 ) T:2363 ( 111.487 209.663 421.119 612.351 778.239 778.239 )
559.371: I:39 ( 121.599 300.799 320.511 ) T:2402 ( 111.487 210.815 418.815 612.351 778.239 778.239 )
569.370: I:43 ( 121.535 182.143 321.023 ) T:2445 ( 111.487 210.815 418.815 612.351 778.239 778.239 )
579.370: I:43 ( 111.551 172.159 514.815 ) T:2488 ( 111.487 210.815 421.119 612.351 778.239 778.239 )
589.371: I:41 ( 111.487 162.047 437.247 ) T:2529 ( 111.487 210.815 425.983 612.351 778.239 778.239 )
599.368: I:40 ( 111.551 202.623 425.727 ) T:2569 ( 111.487 210.815 425.983 612.351 778.239 778.239 )
609.365: I:40 ( 121.599 202.367 367.359 ) T:2609 ( 111.487 209.663 425.727 612.351 778.239 778.239 )
619.369: I:43 ( 111.487 192.127 447.487 ) T:2652 ( 111.487 208.383 425.983 612.351 778.239 778.239 )
629.371: I:45 ( 114.943 182.143 335.871 ) T:2697 ( 111.487 208.383 425.983 612.351 778.239 778.239 )
639.371: I:40 ( 111.551 172.159 431.359 ) T:2737 ( 111.487 208.383 425.983 612.351 778.239 778.239 )
649.365: I:41 ( 113.599 172.159 368.639 ) T:2778 ( 111.487 206.079 425.983 612.351 778.239 778.239 )
659.368: I:42 ( 121.599 251.007 401.919 ) T:2820 ( 111.487 208.383 425.727 612.351 778.239 778.239 )
669.371: I:44 ( 111.423 141.823 339.967 ) T:2864 ( 111.487 206.079 425.727 612.351 778.239 778.239 )
679.371: I:41 ( 121.663 257.535 398.335 ) T:2905 ( 111.487 208.383 421.119 612.351 778.239 778.239 )
689.369: I:41 ( 121.279 152.959 476.159 ) T:2946 ( 111.487 206.079 425.727 612.351 778.239 778.239 )
699.369: I:42 ( 121.535 202.495 344.831 ) T:2988 ( 111.551 205.311 425.727 612.351 778.239 778.239 )
709.370: I:40 ( 131.711 172.671 292.351 ) T:3028 ( 111.551 205.311 421.119 595.967 778.239 778.239 )
719.363: I:43 ( 121.663 249.087 379.647 ) T:3071 ( 111.551 206.079 421.119 595.967 778.239 778.239 )
729.373: I:41 ( 121.535 172.287 343.551 ) T:3112 ( 111.551 206.079 418.815 595.967 778.239 778.239 )
739.368: I:43 ( 111.551 162.175 312.063 ) T:3155 ( 111.551 205.311 418.815 595.967 778.239 778.239 )
749.371: I:43 ( 116.863 151.935 326.399 ) T:3198 ( 111.551 203.007 418.815 595.967 778.239 778.239 )
759.374: I:40 ( 121.663 298.495 355.583 ) T:3238 ( 111.551 205.311 417.023 595.967 778.239 778.239 )
769.370: I:42 ( 111.487 162.047 545.791 ) T:3280 ( 111.551 202.623 418.815 595.967 778.239 778.239 )
779.370: I:41 ( 122.559 182.271 404.223 ) T:3321 ( 111.551 202.623 417.023 595.967 778.239 778.239 )
789.371: I:43 ( 112.511 172.159 442.879 ) T:3364 ( 111.551 202.623 418.815 595.967 778.239 778.239 )
799.374: I:41 ( 121.599 243.071 493.311 ) T:3405 ( 111.551 203.007 418.815 595.967 778.239 778.239 )
809.375: I:41 ( 121.599 192.383 366.591 ) T:3446 ( 111.551 203.007 418.815 595.967 778.239 778.239 )
819.371: I:42 ( 111.679 212.607 404.479 ) T:3488 ( 111.551 205.311 418.815 595.967 778.239 778.239 )
829.371: I:42 ( 121.535 193.151 309.247 ) T:3530 ( 111.551 203.007 417.023 595.967 778.239 778.239 )
839.368: I:39 ( 122.495 212.351 365.567 ) T:3569 ( 111.551 205.311 417.023 595.967 778.239 778.239 )
849.371: I:41 ( 121.599 172.159 443.135 ) T:3610 ( 111.551 203.007 417.023 595.967 778.239 778.239 )
859.370: I:42 ( 111.487 241.535 474.111 ) T:3652 ( 111.551 205.311 418.815 595.967 778.239 778.239 )
869.370: I:33 ( 131.839 363.775 539.647 ) T:3685 ( 111.551 209.663 421.119 595.967 778.239 778.239 )
879.370: I:16 ( 353.535 466.943 565.759 ) T:3701 ( 111.551 212.607 425.727 595.967 778.239 778.239 )
889.368: I:19 ( 325.887 633.343 895.487 ) T:3720 ( 111.551 222.207 427.519 612.863 895.487 895.487 )
899.371: I:42 ( 101.503 172.159 551.423 ) T:3762 ( 111.551 222.207 427.775 612.863 895.487 895.487 )
909.376: I:33 ( 131.711 343.551 404.223 ) T:3795 ( 111.551 222.591 427.775 612.863 895.487 895.487 )
919.375: I:15 ( 353.535 476.159 671.231 ) T:3810 ( 111.551 225.663 434.687 633.343 895.487 895.487 )
929.371: I:36 ( 121.535 327.423 454.655 ) T:3846 ( 111.551 232.703 437.247 633.343 895.487 895.487 )
939.371: I:20 ( 273.151 383.999 669.183 ) T:3866 ( 111.551 232.831 442.367 669.183 895.487 895.487 )
949.370: I:29 ( 131.711 373.759 643.071 ) T:3895 ( 111.551 237.695 442.879 669.183 895.487 895.487 )
959.370: I:39 ( 122.559 341.503 580.095 ) T:3934 ( 111.551 237.951 442.879 669.183 895.487 895.487 )
969.376: I:30 ( 121.663 363.775 530.943 ) T:3964 ( 111.551 241.535 443.135 669.183 895.487 895.487 )
979.375: I:15 ( 363.775 424.191 462.847 ) T:3979 ( 111.551 244.863 447.487 669.183 895.487 895.487 )
989.371: I:36 ( 131.583 343.551 607.743 ) T:4015 ( 111.615 245.759 447.487 643.071 895.487 895.487 )
999.373: I:28 ( 131.711 358.143 383.999 ) T:4043 ( 111.615 246.527 447.487 643.071 895.487 895.487 )
1009.366: I:30 ( 131.839 363.519 422.399 ) T:4073 ( 111.615 249.087 447.487 643.071 895.487 895.487 )
1019.370: I:38 ( 131.199 253.311 429.311 ) T:4111 ( 111.615 249.087 443.135 643.071 895.487 895.487 )
1029.368: I:30 ( 141.695 303.615 404.223 ) T:4141 ( 111.615 250.623 443.135 643.071 895.487 895.487 )
1039.369: I:15 ( 353.535 383.743 450.559 ) T:4156 ( 111.615 255.999 447.487 643.071 895.487 895.487 )
1049.372: I:41 ( 131.711 227.327 334.335 ) T:4197 ( 111.615 255.999 447.487 643.071 895.487 895.487 )
1059.371: I:25 ( 151.935 373.759 481.279 ) T:4222 ( 111.743 258.431 447.487 643.071 895.487 895.487 )
1069.447: I:16 ( 343.551 393.983 714.239 ) T:4238 ( 112.511 265.727 450.559 669.183 895.487 895.487 )
1079.363: I:37 ( 121.535 303.615 424.191 ) T:4275 ( 112.575 266.751 450.559 669.183 895.487 895.487 )
1089.371: I:41 ( 111.487 172.159 392.191 ) T:4316 ( 112.511 263.167 447.487 669.183 895.487 895.487 )
1099.371: I:43 ( 121.535 151.935 501.759 ) T:4359 ( 112.575 263.167 450.559 669.183 895.487 895.487 )
1109.363: I:37 ( 121.599 263.167 300.031 ) T:4396 ( 112.575 263.167 450.559 669.183 895.487 895.487 )
1119.370: I:38 ( 121.535 232.575 420.863 ) T:4434 ( 113.407 262.911 447.487 669.183 895.487 895.487 )
1129.374: I:41 ( 111.551 192.255 323.839 ) T:4475 ( 113.215 262.911 447.487 669.183 895.487 895.487 )
1139.363: I:40 ( 121.599 212.479 354.047 ) T:4515 ( 113.983 262.655 443.135 669.183 895.487 895.487 )
1149.371: I:41 ( 121.535 232.703 403.199 ) T:4556 ( 114.367 262.655 443.135 669.183 895.487 895.487 )
1159.369: I:39 ( 121.471 253.695 761.855 ) T:4595 ( 114.751 262.143 447.487 671.231 895.487 895.487 )
1169.371: I:37 ( 121.663 279.551 586.239 ) T:4632 ( 114.751 262.143 450.559 671.231 895.487 895.487 )
1179.371: I:40 ( 121.599 238.719 270.079 ) T:4672 ( 115.391 261.119 450.559 671.231 895.487 895.487 )
1189.370: I:40 ( 121.535 260.223 354.047 ) T:4712 ( 116.095 261.119 447.487 671.231 895.487 895.487 )
1199.373: I:39 ( 141.823 291.071 333.823 ) T:4751 ( 116.735 261.375 447.487 671.231 895.487 895.487 )
1209.370: I:41 ( 121.471 232.703 364.031 ) T:4792 ( 116.735 261.375 447.487 671.231 895.487 895.487 )
1219.369: I:40 ( 121.663 192.383 409.087 ) T:4832 ( 117.247 261.119 443.135 671.231 895.487 895.487 )
1229.369: I:40 ( 111.807 232.703 318.719 ) T:4872 ( 116.863 259.839 443.135 671.231 895.487 895.487 )
1239.375: I:38 ( 121.599 329.471 435.711 ) T:4910 ( 117.247 259.839 442.879 671.231 895.487 895.487 )
1249.368: I:41 ( 121.599 182.271 414.719 ) T:4951 ( 117.375 258.815 442.879 671.231 895.487 895.487 )
1259.371: I:39 ( 124.607 283.391 446.463 ) T:4990 ( 118.079 258.815 443.135 671.231 895.487 895.487 )
1269.370: I:40 ( 121.471 216.319 425.727 ) T:5030 ( 118.207 258.815 442.879 669.183 895.487 895.487 )
1279.369: I:41 ( 121.599 272.895 410.623 ) T:5071 ( 118.847 259.583 442.879 669.183 895.487 895.487 )
1289.370: I:40 ( 121.599 222.719 374.271 ) T:5111 ( 119.551 259.583 442.367 669.183 895.487 895.487 )
1299.374: I:37 ( 111.679 262.015 561.151 ) T:5148 ( 119.167 259.839 442.879 669.183 895.487 895.487 )
1309.374: I:39 ( 121.663 322.559 636.927 ) T:5187 ( 120.767 259.839 443.135 669.183 895.487 895.487 )
1319.371: I:38 ( 121.599 263.167 359.167 ) T:5225 ( 121.279 259.839 442.879 669.183 895.487 895.487 )
1329.368: I:38 ( 131.711 218.495 421.375 ) T:5263 ( 121.407 259.583 442.879 669.183 895.487 895.487 )
1339.366: I:41 ( 121.599 222.463 343.295 ) T:5304 ( 121.407 258.815 442.367 669.183 895.487 895.487 )
1349.363: I:37 ( 122.495 284.415 516.351 ) T:5341 ( 121.407 259.583 443.135 669.183 895.487 895.487 )
1359.371: I:43 ( 121.471 192.511 262.911 ) T:5384 ( 121.407 258.815 443.135 669.183 895.487 895.487 )
1369.371: I:39 ( 122.687 260.479 434.175 ) T:5423 ( 121.471 258.815 442.879 669.183 895.487 895.487 )
1379.376: I:37 ( 121.599 172.159 444.159 ) T:5460 ( 121.471 258.431 443.135 669.183 895.487 895.487 )
1389.370: I:39 ( 120.959 232.831 489.215 ) T:5499 ( 121.471 258.431 444.159 669.183 895.487 895.487 )
1399.364: I:39 ( 121.663 246.015 432.639 ) T:5538 ( 121.471 258.047 443.135 669.183 895.487 895.487 )
1409.369: I:38 ( 121.663 262.911 609.791 ) T:5576 ( 121.471 258.047 444.159 669.183 895.487 895.487 )
1419.369: I:40 ( 131.711 183.423 451.583 ) T:5616 ( 121.471 258.047 444.159 669.183 895.487 895.487 )
1429.372: I:35 ( 131.711 359.935 434.943 ) T:5651 ( 121.471 258.175 444.159 669.183 895.487 895.487 )
1439.375: I:38 ( 121.599 281.855 695.295 ) T:5689 ( 121.471 258.431 446.463 671.231 895.487 895.487 )
1449.370: I:38 ( 111.487 202.367 574.975 ) T:5727 ( 121.471 258.047 446.463 671.231 895.487 895.487 )
1459.371: I:38 ( 131.839 317.951 461.567 ) T:5765 ( 121.471 258.047 447.487 671.231 895.487 895.487 )
1469.373: I:38 ( 131.711 242.815 464.895 ) T:5803 ( 121.471 257.535 447.487 671.231 895.487 895.487 )
1479.366: I:40 ( 121.599 197.503 346.623 ) T:5843 ( 121.471 257.535 447.487 671.231 895.487 895.487 )
1489.370: I:40 ( 112.511 234.239 353.791 ) T:5883 ( 121.471 257.535 447.487 671.231 895.487 895.487 )
1499.372: I:40 ( 121.599 151.935 349.439 ) T:5923 ( 121.471 257.407 446.463 671.231 895.487 895.487 )
1509.370: I:41 ( 131.711 237.951 443.135 ) T:5964 ( 121.471 257.151 446.463 671.231 895.487 895.487 )
1519.373: I:42 ( 121.663 162.047 350.975 ) T:6006 ( 121.471 257.151 444.159 669.183 895.487 895.487 )
1529.370: I:41 ( 121.599 212.607 387.583 ) T:6047 ( 121.471 257.151 444.159 669.183 895.487 895.487 )
1539.370: I:38 ( 121.663 293.375 523.519 ) T:6085 ( 121.471 257.151 446.463 669.183 895.487 895.487 )
1549.375: I:39 ( 121.599 263.167 451.583 ) T:6124 ( 121.535 257.151 446.463 669.183 895.487 895.487 )
1559.370: I:38 ( 131.711 232.831 333.311 ) T:6162 ( 121.535 257.023 446.463 669.183 895.487 895.487 )
1569.371: I:39 ( 121.599 271.103 359.167 ) T:6201 ( 121.535 257.151 444.159 669.183 895.487 895.487 )
1579.371: I:38 ( 121.599 299.519 422.143 ) T:6239 ( 121.535 257.407 444.159 669.183 895.487 895.487 )
1589.365: I:40 ( 121.727 240.639 524.031 ) T:6279 ( 121.535 257.407 446.463 669.183 895.487 895.487 )
1599.368: I:37 ( 121.215 252.927 293.375 ) T:6316 ( 121.535 257.151 444.159 669.183 895.487 895.487 )
1609.362: I:39 ( 121.599 242.943 345.343 ) T:6355 ( 121.535 257.151 444.159 669.183 895.487 895.487 )
1619.365: I:39 ( 121.535 192.255 371.711 ) T:6394 ( 121.535 257.023 444.159 669.183 895.487 895.487 )
1629.368: I:41 ( 121.599 252.671 298.239 ) T:6435 ( 121.535 257.023 443.135 669.183 895.487 895.487 )
1639.371: I:38 ( 121.663 293.119 356.095 ) T:6473 ( 121.535 257.151 443.135 669.183 895.487 895.487 )
1649.367: I:38 ( 121.599 233.599 445.183 ) T:6511 ( 121.535 256.767 443.135 669.183 895.487 895.487 )
1659.377: I:37 ( 121.663 252.927 495.103 ) T:6548 ( 121.535 256.767 444.159 669.183 895.487 895.487 )
1669.370: I:39 ( 121.599 264.703 447.231 ) T:6587 ( 121.535 256.767 445.183 669.183 895.487 895.487 )
1679.373: I:38 ( 131.711 242.943 386.303 ) T:6625 ( 121.535 256.511 444.159 669.183 895.487 895.487 )
1689.371: I:37 ( 131.711 215.679 1025.535 ) T:6662 ( 121.535 256.127 445.183 671.231 1025.535 1025.535 )
1699.368: I:37 ( 128.575 306.943 367.103 ) T:6699 ( 121.535 256.255 445.183 671.231 1025.535 1025.535 )
1709.371: I:42 ( 111.615 172.031 302.079 ) T:6741 ( 121.535 255.999 444.159 671.231 1025.535 1025.535 )
1719.374: I:38 ( 121.599 252.927 467.711 ) T:6779 ( 121.535 255.999 445.183 671.231 1025.535 1025.535 )
1729.371: I:37 ( 121.663 330.495 482.303 ) T:6816 ( 121.535 255.999 447.231 671.231 1025.535 1025.535 )
1739.368: I:39 ( 121.599 252.799 385.791 ) T:6855 ( 121.535 255.103 447.231 671.231 1025.535 1025.535 )
1749.363: I:38 ( 121.599 262.015 464.127 ) T:6893 ( 121.535 255.103 447.487 671.231 1025.535 1025.535 )
1759.364: I:38 ( 131.711 280.319 377.343 ) T:6931 ( 121.535 255.103 447.231 671.231 1025.535 1025.535 )
1769.374: I:41 ( 121.471 192.255 353.279 ) T:6972 ( 121.535 254.079 447.231 671.231 1025.535 1025.535 )
1779.368: I:40 ( 121.535 247.039 484.607 ) T:7012 ( 121.535 254.079 447.231 669.183 1025.535 1025.535 )
1789.365: I:38 ( 121.535 329.215 502.271 ) T:7050 ( 121.535 254.079 450.559 669.183 1025.535 1025.535 )
1799.375: I:40 ( 131.583 217.215 313.343 ) T:7090 ( 121.535 254.079 450.559 669.183 1025.535 1025.535 )
1809.370: I:40 ( 121.599 260.479 497.919 ) T:7130 ( 121.535 254.207 450.559 669.183 1025.535 1025.535 )
1819.373: I:40 ( 121.599 192.255 394.239 ) T:7170 ( 121.535 254.079 450.559 669.183 1025.535 1025.535 )
1829.370: I:39 ( 121.535 200.447 417.279 ) T:7209 ( 121.535 253.951 447.487 669.183 1025.535 1025.535 )
1839.374: I:41 ( 121.599 253.311 365.567 ) T:7250 ( 121.535 253.695 447.487 669.183 1025.535 1025.535 )
1849.371: I:38 ( 116.351 332.287 406.527 ) T:7288 ( 121.535 254.207 447.487 669.183 1025.535 1025.535 )
1859.370: I:41 ( 121.599 162.047 346.879 ) T:7329 ( 121.535 254.207 447.231 669.183 1025.535 1025.535 )
1869.372: I:39 ( 121.599 313.343 417.023 ) T:7368 ( 121.535 254.207 447.231 669.183 1025.535 1025.535 )
1879.370: I:39 ( 121.663 239.999 307.711 ) T:7407 ( 121.535 254.079 446.463 669.183 1025.535 1025.535 )
1889.363: I:38 ( 121.599 250.879 465.151 ) T:7445 ( 121.535 253.951 447.231 669.183 1025.535 1025.535 )
1899.370: I:39 ( 121.663 322.303 390.655 ) T:7484 ( 121.535 254.207 447.231 669.183 1025.535 1025.535 )
1909.364: I:39 ( 111.551 172.031 485.375 ) T:7523 ( 121.535 254.079 447.231 669.183 1025.535 1025.535 )
1919.375: I:41 ( 121.535 238.591 405.503 ) T:7564 ( 121.535 254.079 447.231 669.183 1025.535 1025.535 )
1929.368: I:43 ( 120.703 162.175 429.567 ) T:7607 ( 121.535 253.951 446.463 669.183 1025.535 1025.535 )
1939.374: I:39 ( 111.551 214.143 335.359 ) T:7646 ( 121.535 253.567 446.463 669.183 1025.535 1025.535 )
1949.374: I:42 ( 121.599 222.463 297.983 ) T:7688 ( 121.535 253.311 446.463 669.183 1025.535 1025.535 )
1959.376: I:39 ( 125.439 234.751 402.943 ) T:7727 ( 121.535 253.183 445.183 669.183 1025.535 1025.535 )
1969.372: I:39 ( 121.599 334.335 609.791 ) T:7766 ( 121.535 253.311 446.463 669.183 1025.535 1025.535 )
1979.372: I:43 ( 121.599 172.159 406.783 ) T:7809 ( 121.535 253.311 445.183 669.183 1025.535 1025.535 )
1989.372: I:38 ( 111.551 336.127 548.351 ) T:7847 ( 121.535 253.311 446.463 669.183 1025.535 1025.535 )
1999.370: I:39 ( 121.599 252.927 306.687 ) T:7886 ( 121.535 253.183 446.463 669.183 1025.535 1025.535 )
2009.374: I:40 ( 121.599 242.943 398.847 ) T:7926 ( 121.535 253.183 445.183 669.183 1025.535 1025.535 )
2019.374: I:37 ( 121.663 303.359 394.239 ) T:7963 ( 121.535 253.183 445.183 669.183 1025.535 1025.535 )
2029.370: I:40 ( 111.551 256.767 364.031 ) T:8003 ( 121.535 253.311 444.159 643.071 1025.535 1025.535 )
2039.368: I:41 ( 121.599 202.367 442.879 ) T:8044 ( 121.535 253.183 444.159 643.071 1025.535 1025.535 )
2049.371: I:38 ( 121.599 263.167 569.855 ) T:8082 ( 121.535 253.183 446.463 643.071 1025.535 1025.535 )
2059.371: I:41 ( 121.535 223.231 338.175 ) T:8123 ( 121.535 252.927 445.183 643.071 1025.535 1025.535 )
2069.371: I:38 ( 121.535 263.167 450.559 ) T:8161 ( 121.535 252.927 446.463 643.071 1025.535 1025.535 )
2079.371: I:40 ( 111.487 269.823 476.927 ) T:8201 ( 121.535 253.183 447.231 643.071 1025.535 1025.535 )
2089.377: I:41 ( 118.911 229.759 351.743 ) T:8242 ( 121.535 253.183 447.231 643.071 1025.535 1025.535 )
2099.373: I:38 ( 131.711 283.391 444.159 ) T:8280 ( 121.535 253.311 447.231 643.071 1025.535 1025.535 )
2109.370: I:37 ( 121.535 293.375 414.463 ) T:8317 ( 121.535 253.567 446.463 643.071 1025.535 1025.535 )
2119.371: I:39 ( 121.535 215.039 444.927 ) T:8356 ( 121.535 253.311 446.463 643.071 1025.535 1025.535 )
2129.375: I:42 ( 111.487 212.607 449.023 ) T:8398 ( 121.535 253.311 447.231 643.071 1025.535 1025.535 )
2139.370: I:38 ( 111.551 302.079 354.047 ) T:8436 ( 121.535 253.311 446.463 643.071 1025.535 1025.535 )
2149.370: I:43 ( 111.551 212.479 415.743 ) T:8479 ( 121.535 253.311 446.463 643.071 1025.535 1025.535 )
2159.371: I:39 ( 111.487 273.151 475.647 ) T:8518 ( 121.535 253.311 446.463 643.071 1025.535 1025.535 )
2169.371: I:37 ( 112.447 291.071 427.263 ) T:8555 ( 121.535 253.695 446.463 643.071 1025.535 1025.535 )
2179.370: I:39 ( 121.599 267.007 681.471 ) T:8594 ( 121.535 253.695 447.231 669.183 1025.535 1025.535 )
2189.371: I:42 ( 120.895 163.071 409.855 ) T:8636 ( 121.535 253.695 446.463 669.183 1025.535 1025.535 )
2199.369: I:40 ( 121.471 243.839 465.663 ) T:8676 ( 121.535 253.567 447.231 669.183 1025.535 1025.535 )
2209.370: I:39 ( 122.623 286.719 380.159 ) T:8715 ( 121.535 253.567 446.463 669.183 1025.535 1025.535 )
2219.375: I:41 ( 121.535 257.919 383.999 ) T:8756 ( 121.535 253.695 446.463 669.183 1025.535 1025.535 )
2229.371: I:43 ( 111.551 172.159 376.575 ) T:8799 ( 121.535 253.695 446.463 669.183 1025.535 1025.535 )
2239.365: I:39 ( 111.487 242.815 542.719 ) T:8838 ( 121.535 253.567 446.463 669.183 1025.535 1025.535 )
2249.371: I:40 ( 121.215 327.167 384.255 ) T:8878 ( 121.535 253.695 446.463 669.183 1025.535 1025.535 )
2259.367: I:42 ( 111.039 162.047 386.047 ) T:8920 ( 121.535 253.567 445.183 669.183 1025.535 1025.535 )
2269.371: I:40 ( 131.583 232.447 343.807 ) T:8960 ( 121.535 253.567 445.183 669.183 1025.535 1025.535 )
2279.375: I:42 ( 111.551 186.495 367.359 ) T:9002 ( 121.535 253.311 444.927 643.071 1025.535 1025.535 )
2289.372: I:40 ( 111.487 254.847 342.015 ) T:9042 ( 121.535 253.311 444.927 643.071 1025.535 1025.535 )
2299.370: I:42 ( 111.423 254.079 387.583 ) T:9084 ( 121.535 253.567 444.927 643.071 1025.535 1025.535 )
2309.371: I:40 ( 116.351 293.375 508.671 ) T:9124 ( 121.535 253.695 445.183 643.071 1025.535 1025.535 )
2319.371: I:39 ( 111.487 252.927 299.519 ) T:9163 ( 121.535 253.695 445.183 643.071 1025.535 1025.535 )
2329.371: I:40 ( 121.471 261.887 364.031 ) T:9203 ( 121.535 253.695 444.927 643.071 1025.535 1025.535 )
2339.370: I:43 ( 111.551 192.511 381.439 ) T:9246 ( 121.535 253.695 444.927 643.071 1025.535 1025.535 )
2349.368: I:42 ( 111.551 315.135 482.559 ) T:9288 ( 121.535 253.695 445.183 643.071 1025.535 1025.535 )
2359.368: I:40 ( 121.663 189.951 747.519 ) T:9328 ( 121.535 253.695 445.183 669.183 1025.535 1025.535 )
2369.375: I:43 ( 111.551 242.047 340.479 ) T:9371 ( 121.535 253.695 445.183 669.183 1025.535 1025.535 )
2379.369: I:38 ( 116.607 242.815 354.815 ) T:9409 ( 121.535 253.567 444.927 669.183 1025.535 1025.535 )
2389.375: I:41 ( 121.599 263.935 410.623 ) T:9450 ( 121.535 253.567 444.927 669.183 1025.535 1025.535 )
2399.370: I:40 ( 111.615 252.927 591.359 ) T:9490 ( 121.535 253.567 445.183 669.183 1025.535 1025.535 )
2409.370: I:38 ( 111.551 222.719 866.303 ) T:9528 ( 121.535 253.567 445.183 671.231 1025.535 1025.535 )
2419.375: I:41 ( 111.487 202.367 393.471 ) T:9569 ( 121.535 253.567 445.183 671.231 1025.535 1025.535 )
2429.371: I:42 ( 111.487 234.623 309.247 ) T:9611 ( 121.535 253.311 444.927 671.231 1025.535 1025.535 )
2439.371: I:41 ( 110.975 151.935 372.223 ) T:9652 ( 121.535 253.311 444.927 671.231 1025.535 1025.535 )
2449.365: I:41 ( 111.551 163.583 426.495 ) T:9693 ( 121.535 253.183 444.927 671.231 1025.535 1025.535 )
2459.368: I:42 ( 111.487 182.271 353.535 ) T:9735 ( 121.535 252.927 444.159 671.231 1025.535 1025.535 )
2469.368: I:38 ( 111.551 286.719 426.239 ) T:9773 ( 121.535 253.183 444.159 671.231 1025.535 1025.535 )
2479.371: I:42 ( 101.439 250.495 350.463 ) T:9815 ( 121.535 252.927 444.159 671.231 1025.535 1025.535 )
2489.371: I:42 ( 101.503 172.159 430.079 ) T:9857 ( 121.535 252.927 444.159 671.231 1025.535 1025.535 )
2499.371: I:41 ( 111.487 162.047 297.215 ) T:9898 ( 121.535 252.927 444.159 671.231 1025.535 1025.535 )
2509.363: I:38 ( 126.335 202.751 359.935 ) T:9936 ( 121.535 252.927 443.135 671.231 1025.535 1025.535 )
2519.372: I:43 ( 104.127 236.543 628.223 ) T:9979 ( 121.535 252.927 444.159 671.231 1025.535 1025.535 )
2529.370: I:39 ( 112.511 313.599 657.407 ) T:10018 ( 121.535 252.927 444.159 669.183 895.487 1025.535 )
2539.370: I:39 ( 121.535 245.887 394.239 ) T:10057 ( 121.535 252.927 444.159 669.183 895.487 1025.535 )
2549.370: I:38 ( 131.839 354.047 428.031 ) T:10095 ( 121.535 252.927 444.159 669.183 895.487 1025.535 )
2559.367: I:42 ( 112.511 192.255 444.415 ) T:10137 ( 121.535 252.927 444.159 669.183 895.487 1025.535 )
2569.376: I:40 ( 111.551 253.951 323.327 ) T:10177 ( 121.535 252.927 444.159 669.183 895.487 1025.535 )
2579.373: I:40 ( 121.343 211.327 536.063 ) T:10217 ( 121.535 252.927 444.159 669.183 895.487 1025.535 )
2589.371: I:42 ( 101.439 202.111 435.455 ) T:10259 ( 121.535 252.927 444.159 669.183 895.487 1025.535 )
2599.370: I:42 ( 121.599 175.487 308.735 ) T:10301 ( 121.535 252.927 444.159 669.183 895.487 1025.535 )
2609.372: I:45 ( 102.463 182.271 370.687 ) T:10346 ( 121.535 252.927 444.159 669.183 895.487 1025.535 )
2619.367: I:45 ( 116.287 166.783 273.151 ) T:10391 ( 121.535 252.927 444.159 669.183 895.487 1025.535 )
2629.375: I:41 ( 111.487 213.631 384.255 ) T:10432 ( 121.535 252.927 443.135 669.183 895.487 1025.535 )
2639.374: I:41 ( 111.551 172.159 489.215 ) T:10473 ( 121.535 252.927 444.159 669.183 895.487 1025.535 )
2649.373: I:41 ( 121.535 249.599 445.439 ) T:10514 ( 121.535 252.927 444.159 669.183 895.487 1025.535 )
2659.369: I:44 ( 101.503 151.807 305.407 ) T:10558 ( 121.535 252.927 444.159 669.183 895.487 1025.535 )
2669.373: I:43 ( 111.487 223.359 369.919 ) T:10601 ( 121.535 252.927 443.135 669.183 895.487 1025.535 )
2679.376: I:41 ( 111.615 192.255 534.015 ) T:10642 ( 121.535 252.927 444.159 669.183 895.487 1025.535 )
2689.373: I:40 ( 131.583 162.047 521.471 ) T:10682 ( 121.535 252.927 444.159 669.183 895.487 1025.535 )
2699.374: I:43 ( 118.847 220.927 372.479 ) T:10725 ( 121.535 252.927 444.159 669.183 895.487 1025.535 )
2709.371: I:41 ( 111.551 162.047 369.407 ) T:10766 ( 121.535 252.927 444.159 669.183 895.487 1025.535 )
2719.373: I:44 ( 111.487 216.191 318.975 ) T:10810 ( 121.535 252.927 443.135 669.183 895.487 1025.535 )
2729.375: I:43 ( 111.487 182.271 340.991 ) T:10853 ( 121.535 252.927 443.135 669.183 895.487 1025.535 )
2739.374: I:40 ( 122.687 217.087 486.399 ) T:10893 ( 121.535 252.927 444.159 669.183 895.487 1025.535 )
2749.363: I:38 ( 111.551 313.087 424.703 ) T:10931 ( 121.535 252.927 443.135 669.183 895.487 1025.535 )
2759.362: I:39 ( 111.487 220.159 778.239 ) T:10970 ( 121.535 252.927 444.159 671.231 895.487 1025.535 )
2769.370: I:40 ( 122.751 193.407 596.479 ) T:11010 ( 121.535 252.927 444.159 669.183 895.487 1025.535 )
2779.370: I:41 ( 121.535 247.807 404.223 ) T:11051 ( 121.535 252.927 444.159 669.183 895.487 1025.535 )
2789.375: I:40 ( 121.727 288.767 404.479 ) T:11091 ( 121.535 252.927 444.159 669.183 895.487 1025.535 )
2799.372: I:40 ( 111.487 192.127 463.103 ) T:11131 ( 121.535 252.927 444.159 669.183 895.487 1025.535 )
2809.368: I:40 ( 111.551 253.695 401.151 ) T:11171 ( 121.535 252.927 444.159 669.183 895.487 1025.535 )
2819.366: I:42 ( 111.551 149.759 329.983 ) T:11213 ( 121.535 252.927 443.135 669.183 895.487 1025.535 )
2829.365: I:39 ( 131.711 277.759 530.943 ) T:11252 ( 121.535 252.927 444.159 669.183 895.487 1025.535 )
2839.371: I:43 ( 111.487 151.935 419.839 ) T:11295 ( 121.535 252.927 444.159 669.183 895.487 1025.535 )
2849.371: I:41 ( 121.599 172.287 519.167 ) T:11336 ( 121.535 252.927 444.159 669.183 895.487 1025.535 )
2859.375: I:43 ( 101.503 141.951 437.247 ) T:11379 ( 121.535 252.799 444.159 669.183 895.487 1025.535 )
2869.374: I:41 ( 112.575 239.487 423.935 ) T:11420 ( 121.535 252.799 443.135 669.183 895.487 1025.535 )
2879.364: I:40 ( 111.615 182.399 639.487 ) T:11460 ( 121.535 252.671 444.159 669.183 895.487 1025.535 )
2889.363: I:42 ( 115.711 162.047 330.239 ) T:11502 ( 121.535 252.671 443.135 669.183 895.487 1025.535 )
2899.368: I:40 ( 121.791 235.519 386.303 ) T:11542 ( 121.535 252.671 443.135 669.183 895.487 1025.535 )
2909.369: I:42 ( 111.551 162.047 354.047 ) T:11584 ( 121.535 252.671 443.135 669.183 895.487 1025.535 )
2919.367: I:43 ( 102.527 162.047 369.407 ) T:11627 ( 121.471 252.543 443.135 669.183 895.487 1025.535 )
2929.370: I:43 ( 101.439 151.935 327.423 ) T:11670 ( 121.471 252.287 443.135 669.183 895.487 1025.535 )
2939.362: I:39 ( 121.535 312.831 417.535 ) T:11709 ( 121.471 252.671 442.879 669.183 895.487 1025.535 )
2949.370: I:39 ( 120.959 212.479 717.823 ) T:11748 ( 121.471 252.671 443.135 671.231 895.487 1025.535 )
2959.373: I:38 ( 131.711 284.159 545.791 ) T:11786 ( 121.471 252.671 444.159 671.231 895.487 1025.535 )
2969.370: I:40 ( 111.551 273.151 339.711 ) T:11826 ( 121.471 252.671 443.135 671.231 895.487 1025.535 )
2979.368: I:39 ( 121.727 273.151 454.143 ) T:11865 ( 121.471 252.799 444.159 671.231 895.487 1025.535 )
2989.371: I:41 ( 121.663 172.159 343.551 ) T:11906 ( 121.471 252.671 443.135 671.231 895.487 1025.535 )
2999.371: I:39 ( 121.599 293.375 390.655 ) T:11945 ( 121.471 252.799 443.135 671.231 895.487 1025.535 )
3009.371: I:35 ( 124.863 293.375 528.895 ) T:11980 ( 121.535 252.799 444.159 671.231 895.487 1025.535 )
3019.371: I:45 ( 114.495 162.047 290.303 ) T:12025 ( 121.535 252.671 443.135 669.183 895.487 1025.535 )
3029.368: I:40 ( 111.551 182.271 361.983 ) T:12065 ( 121.535 252.671 443.135 669.183 895.487 1025.535 )
3039.373: I:41 ( 101.503 152.575 482.559 ) T:12106 ( 121.471 252.671 443.135 669.183 895.487 1025.535 )
3049.371: I:41 ( 121.535 182.143 363.519 ) T:12147 ( 121.471 252.671 443.135 669.183 895.487 1025.535 )
3059.362: I:41 ( 121.663 182.271 366.847 ) T:12188 ( 121.535 252.671 443.135 669.183 895.487 1025.535 )
3069.362: I:43 ( 101.503 192.383 424.191 ) T:12231 ( 121.471 252.671 443.135 669.183 895.487 1025.535 )
3079.373: I:41 ( 111.615 151.935 554.495 ) T:12272 ( 121.471 252.671 443.135 669.183 895.487 1025.535 )
3089.371: I:42 ( 111.551 182.271 294.143 ) T:12314 ( 121.471 252.543 443.135 669.183 895.487 1025.535 )
3099.371: I:42 ( 111.487 281.087 342.783 ) T:12356 ( 121.471 252.671 443.135 669.183 895.487 1025.535 )
3109.364: I:44 ( 111.359 162.175 444.415 ) T:12400 ( 121.471 252.415 443.135 669.183 895.487 1025.535 )
3119.374: I:40 ( 111.487 222.591 411.135 ) T:12440 ( 121.471 252.415 443.135 669.183 895.487 1025.535 )
3129.370: I:41 ( 111.487 141.951 631.295 ) T:12481 ( 121.471 252.415 443.135 669.183 895.487 1025.535 )
3139.362: I:42 ( 101.439 270.591 374.271 ) T:12523 ( 121.471 252.415 443.135 669.183 895.487 1025.535 )
3149.370: I:40 ( 111.423 284.927 394.495 ) T:12563 ( 121.471 252.671 443.135 669.183 895.487 1025.535 )
3159.370: I:42 ( 111.487 162.047 380.671 ) T:12605 ( 121.471 252.543 442.879 669.183 895.487 1025.535 )
3169.369: I:41 ( 126.143 276.735 367.359 ) T:12646 ( 121.471 252.671 442.879 669.183 895.487 1025.535 )
3172.165: I:12 ( 111.679 354.047 368.383 ) T:12658 ( 121.471 252.671 442.879 669.183 895.487 1025.535 )
3172.210: I:0 (   0.000   0.000   0.000 ) T:12658 ( 121.471 252.671 442.879 669.183 895.487 1025.535 )
