#[Interval percentile log between 0.000 and <Infinite> seconds (relative to StartTime)]
#[StartTime: 1524869305.045 (seconds since epoch), Sat Apr 28 00:48:25 CEST 2018]
Time: IntervalPercentiles:count ( 50% 90% Max ) TotalPercentiles:count ( 50% 90% 99% 99.9% 99.99% Max )
9.448: I:31 ( 110.911 160.895 340.735 ) T:31 ( 110.911 160.895 340.735 340.735 340.735 340.735 )
19.433: I:32 ( 111.231 234.751 314.879 ) T:63 ( 111.231 196.095 340.735 340.735 340.735 340.735 )
29.428: I:30 ( 100.863 202.111 363.519 ) T:93 ( 110.911 202.111 363.519 363.519 363.519 363.519 )
39.430: I:32 ( 101.247 212.223 228.479 ) T:125 ( 110.911 212.223 340.735 363.519 363.519 363.519 )
49.431: I:30 ( 111.295 202.111 379.647 ) T:155 ( 110.975 212.223 363.519 379.647 379.647 379.647 )
59.427: I:35 ( 106.431 232.959 333.311 ) T:190 ( 110.911 212.223 363.519 379.647 379.647 379.647 )
69.426: I:36 ( 101.119 131.583 363.775 ) T:226 ( 107.711 204.159 363.519 379.647 379.647 379.647 )
79.432: I:35 ( 101.119 157.311 383.999 ) T:261 ( 101.247 202.111 363.775 383.999 383.999 383.999 )
89.427: I:32 ( 104.575 259.967 685.055 ) T:293 ( 101.247 212.351 383.999 685.055 685.055 685.055 )
99.426: I:32 ( 101.247 161.791 354.559 ) T:325 ( 101.247 212.351 379.647 685.055 685.055 685.055 )
109.432: I:35 ( 101.119 192.127 450.815 ) T:360 ( 101.247 206.207 383.999 685.055 685.055 685.055 )
119.429: I:34 ( 102.271 283.135 343.551 ) T:394 ( 101.247 212.351 383.999 685.055 685.055 685.055 )
129.423: I:34 (  91.263 141.567 297.727 ) T:428 ( 101.247 212.351 379.647 685.055 685.055 685.055 )
139.434: I:34 (  91.263 232.447 514.815 ) T:462 ( 101.183 212.351 383.999 685.055 685.055 685.055 )
149.429: I:35 ( 101.247 217.983 333.055 ) T:497 ( 101.247 212.351 383.999 685.055 685.055 685.055 )
159.429: I:30 ( 111.359 232.575 348.415 ) T:527 ( 101.247 212.351 379.647 685.055 685.055 685.055 )
169.429: I:36 ( 101.183 161.791 240.511 ) T:563 ( 101.247 212.223 379.647 685.055 685.055 685.055 )
179.432: I:35 ( 101.119 151.679 325.887 ) T:598 ( 101.247 207.615 379.647 685.055 685.055 685.055 )
189.426: I:37 ( 101.247 188.159 272.639 ) T:635 ( 101.247 205.567 363.775 685.055 685.055 685.055 )
199.423: I:36 ( 100.479 163.327 308.991 ) T:671 ( 101.247 203.007 363.775 685.055 685.055 685.055 )
209.425: I:35 ( 101.247 201.087 281.599 ) T:706 ( 101.247 203.007 363.519 685.055 685.055 685.055 )
219.425: I:33 ( 111.231 141.695 383.231 ) T:739 ( 101.247 203.007 363.775 685.055 685.055 685.055 )
229.425: I:32 ( 121.471 192.127 299.519 ) T:771 ( 101.247 202.111 363.775 685.055 685.055 685.055 )
239.425: I:32 ( 121.407 202.367 394.495 ) T:803 ( 101.247 202.367 363.775 685.055 685.055 685.055 )
249.422: I:34 ( 112.383 210.431 307.199 ) T:837 ( 101.311 203.007 363.775 685.055 685.055 685.055 )
259.425: I:32 ( 105.151 151.807 265.471 ) T:869 ( 101.311 202.367 363.775 685.055 685.055 685.055 )
269.425: I:32 ( 111.295 235.775 398.847 ) T:901 ( 101.311 202.367 363.775 685.055 685.055 685.055 )
279.432: I:30 ( 121.535 201.855 360.959 ) T:931 ( 101.311 202.367 363.775 685.055 685.055 685.055 )
289.424: I:33 ( 121.279 151.807 577.023 ) T:964 ( 101.375 202.367 379.647 685.055 685.055 685.055 )
299.425: I:33 ( 111.487 204.159 361.215 ) T:997 ( 101.375 202.367 379.647 685.055 685.055 685.055 )
309.422: I:33 ( 111.231 242.687 314.623 ) T:1030 ( 101.375 202.367 363.775 577.023 685.055 685.055 )
319.425: I:30 ( 111.487 192.255 415.999 ) T:1060 ( 101.375 202.367 379.647 577.023 685.055 685.055 )
329.428: I:34 ( 111.231 202.367 280.575 ) T:1094 ( 101.375 202.367 379.647 577.023 685.055 685.055 )
339.425: I:31 ( 111.359 232.575 508.671 ) T:1125 ( 101.695 203.007 383.999 577.023 685.055 685.055 )
349.431: I:31 ( 111.359 172.031 414.463 ) T:1156 ( 102.271 202.367 394.495 577.023 685.055 685.055 )
359.424: I:31 ( 111.679 172.031 289.023 ) T:1187 ( 103.103 202.367 394.495 577.023 685.055 685.055 )
369.426: I:31 ( 101.375 252.799 413.183 ) T:1218 ( 103.039 202.367 394.495 577.023 685.055 685.055 )
379.425: I:31 ( 111.231 192.255 359.935 ) T:1249 ( 103.167 202.367 394.495 577.023 685.055 685.055 )
389.425: I:32 ( 111.423 237.311 381.439 ) T:1281 ( 103.423 202.367 394.495 577.023 685.055 685.055 )
399.427: I:31 ( 118.015 216.831 546.303 ) T:1312 ( 105.151 203.007 398.847 577.023 685.055 685.055 )
409.427: I:29 ( 131.455 306.431 470.783 ) T:1341 ( 107.263 203.007 410.879 577.023 685.055 685.055 )
419.425: I:31 ( 121.535 161.919 450.303 ) T:1372 ( 110.719 203.007 413.183 577.023 685.055 685.055 )
429.424: I:29 ( 120.703 161.919 426.239 ) T:1401 ( 110.975 202.367 413.183 577.023 685.055 685.055 )
439.427: I:31 ( 111.551 211.711 517.119 ) T:1432 ( 111.039 203.007 414.463 577.023 685.055 685.055 )
449.424: I:31 ( 112.447 172.159 407.039 ) T:1463 ( 111.167 203.007 414.463 577.023 685.055 685.055 )
459.425: I:32 ( 121.471 192.127 315.647 ) T:1495 ( 111.231 203.007 414.463 577.023 685.055 685.055 )
469.424: I:30 ( 112.447 242.687 490.239 ) T:1525 ( 111.231 204.159 414.463 577.023 685.055 685.055 )
479.425: I:32 ( 121.535 202.367 348.415 ) T:1557 ( 111.231 204.159 414.463 577.023 685.055 685.055 )
489.424: I:31 ( 131.583 182.143 281.087 ) T:1588 ( 111.295 203.007 414.463 577.023 685.055 685.055 )
499.421: I:30 ( 121.855 152.959 363.263 ) T:1618 ( 111.295 203.007 413.183 577.023 685.055 685.055 )
509.421: I:32 ( 121.471 182.015 346.623 ) T:1650 ( 111.295 202.367 413.183 577.023 685.055 685.055 )
519.421: I:30 ( 121.535 163.071 386.047 ) T:1680 ( 111.359 202.367 413.183 577.023 685.055 685.055 )
529.425: I:31 ( 111.487 151.807 355.839 ) T:1711 ( 111.359 202.367 410.879 577.023 685.055 685.055 )
539.425: I:32 ( 111.487 256.895 348.671 ) T:1743 ( 111.359 202.367 410.879 577.023 685.055 685.055 )
549.425: I:31 ( 111.423 168.319 306.943 ) T:1774 ( 111.359 202.367 410.879 577.023 685.055 685.055 )
559.426: I:29 ( 115.007 337.151 467.199 ) T:1803 ( 111.359 202.367 410.879 577.023 685.055 685.055 )
569.423: I:32 ( 114.879 151.807 363.007 ) T:1835 ( 111.359 202.367 410.879 577.023 685.055 685.055 )
579.423: I:31 ( 121.535 181.503 335.615 ) T:1866 ( 111.359 202.367 410.879 577.023 685.055 685.055 )
589.423: I:31 ( 111.423 216.703 397.311 ) T:1897 ( 111.359 202.367 410.879 577.023 685.055 685.055 )
599.423: I:31 ( 111.423 172.031 571.903 ) T:1928 ( 111.359 202.367 410.879 577.023 685.055 685.055 )
609.422: I:29 ( 131.583 302.591 402.431 ) T:1957 ( 111.423 202.367 410.879 577.023 685.055 685.055 )
619.423: I:34 ( 101.375 163.071 321.535 ) T:1991 ( 111.359 202.367 410.879 577.023 685.055 685.055 )
629.424: I:32 ( 101.375 172.031 310.527 ) T:2023 ( 111.359 202.367 407.039 571.903 685.055 685.055 )
639.423: I:30 ( 111.423 152.191 617.983 ) T:2053 ( 111.359 202.367 413.183 577.023 685.055 685.055 )
649.424: I:31 ( 121.471 232.831 444.927 ) T:2084 ( 111.423 202.367 414.463 577.023 685.055 685.055 )
659.423: I:32 ( 111.423 161.919 266.495 ) T:2116 ( 111.423 202.367 413.183 577.023 685.055 685.055 )
669.423: I:33 ( 111.423 235.775 329.983 ) T:2149 ( 111.423 202.367 413.183 577.023 685.055 685.055 )
679.427: I:31 ( 121.599 162.559 430.079 ) T:2180 ( 111.423 202.111 414.463 577.023 685.055 685.055 )
689.423: I:31 ( 121.663 182.271 367.615 ) T:2211 ( 111.423 202.111 413.183 577.023 685.055 685.055 )
699.423: I:31 ( 121.535 182.143 400.127 ) T:2242 ( 111.423 202.111 413.183 577.023 685.055 685.055 )
709.424: I:31 ( 121.471 201.599 325.631 ) T:2273 ( 111.423 202.111 413.183 577.023 685.055 685.055 )
719.421: I:31 ( 111.423 141.823 319.743 ) T:2304 ( 111.423 202.111 410.879 577.023 685.055 685.055 )
729.426: I:31 ( 111.423 257.663 447.487 ) T:2335 ( 111.423 202.111 413.183 577.023 685.055 685.055 )
739.423: I:32 ( 111.359 192.255 381.183 ) T:2367 ( 111.423 202.111 413.183 577.023 685.055 685.055 )
749.424: I:32 ( 121.535 250.751 400.639 ) T:2399 ( 111.423 202.367 413.183 577.023 685.055 685.055 )
759.427: I:30 ( 121.087 161.919 418.047 ) T:2429 ( 111.423 202.239 413.183 577.023 685.055 685.055 )
769.422: I:32 ( 121.087 141.823 303.103 ) T:2461 ( 111.423 202.111 413.183 577.023 685.055 685.055 )
779.425: I:30 ( 111.487 202.239 306.943 ) T:2491 ( 111.423 202.239 413.183 577.023 685.055 685.055 )
789.424: I:34 ( 111.551 162.047 234.495 ) T:2525 ( 111.423 202.239 410.879 577.023 685.055 685.055 )
799.427: I:30 ( 111.487 141.823 599.551 ) T:2555 ( 111.423 202.239 413.183 599.551 685.055 685.055 )
809.426: I:30 ( 111.615 161.919 557.055 ) T:2585 ( 111.423 202.111 414.463 599.551 685.055 685.055 )
819.423: I:31 ( 111.295 218.495 368.895 ) T:2616 ( 111.423 202.239 413.183 599.551 685.055 685.055 )
829.423: I:32 ( 111.423 192.255 379.647 ) T:2648 ( 111.423 202.239 413.183 599.551 685.055 685.055 )
839.422: I:30 ( 110.527 201.855 456.959 ) T:2678 ( 111.423 202.239 414.463 599.551 685.055 685.055 )
849.424: I:31 ( 121.343 230.015 372.991 ) T:2709 ( 111.423 202.367 413.183 599.551 685.055 685.055 )
859.422: I:32 ( 111.423 205.439 321.791 ) T:2741 ( 111.423 202.367 413.183 599.551 685.055 685.055 )
869.424: I:24 ( 111.423 285.439 413.439 ) T:2765 ( 111.423 202.367 413.439 599.551 685.055 685.055 )
879.423: I:12 ( 363.519 472.831 539.647 ) T:2777 ( 111.423 206.335 415.999 599.551 685.055 685.055 )
889.422: I:14 ( 280.575 373.759 466.687 ) T:2791 ( 111.423 212.223 418.047 599.551 685.055 685.055 )
899.423: I:32 ( 121.471 303.359 324.351 ) T:2823 ( 111.423 212.351 415.999 599.551 685.055 685.055 )
909.428: I:25 ( 121.983 353.279 701.439 ) T:2848 ( 111.423 216.447 418.047 617.983 701.439 701.439 )
919.428: I:11 ( 348.671 383.743 444.159 ) T:2859 ( 111.423 222.335 419.839 617.983 701.439 701.439 )
929.424: I:26 ( 121.599 330.495 495.871 ) T:2885 ( 111.423 222.463 426.239 617.983 701.439 701.439 )
939.422: I:16 ( 306.687 373.759 698.879 ) T:2901 ( 111.423 228.479 426.239 685.055 701.439 701.439 )
949.422: I:21 ( 151.551 304.639 403.711 ) T:2922 ( 111.423 230.655 426.239 685.055 701.439 701.439 )
959.423: I:29 ( 111.551 302.847 444.927 ) T:2951 ( 111.487 230.655 436.223 685.055 701.439 701.439 )
969.428: I:23 ( 131.583 363.775 393.983 ) T:2974 ( 111.487 232.575 436.223 685.055 701.439 701.439 )
979.430: I:12 ( 363.519 485.119 562.175 ) T:2986 ( 111.487 237.439 440.319 685.055 701.439 701.439 )
989.423: I:25 ( 131.711 261.247 374.527 ) T:3011 ( 111.487 237.439 439.551 617.983 701.439 701.439 )
999.423: I:22 ( 141.311 363.519 703.487 ) T:3033 ( 111.487 240.127 440.319 685.055 703.487 703.487 )
1009.424: I:22 ( 131.711 373.759 403.967 ) T:3055 ( 111.487 242.431 440.319 685.055 703.487 703.487 )
1019.423: I:28 ( 121.535 271.103 474.111 ) T:3083 ( 111.487 242.431 443.391 685.055 703.487 703.487 )
1029.422: I:24 ( 131.199 383.743 491.007 ) T:3107 ( 111.487 243.839 443.391 685.055 703.487 703.487 )
1039.423: I:12 ( 363.775 494.847 830.463 ) T:3119 ( 111.487 250.751 444.927 698.879 830.463 830.463 )
1049.426: I:30 ( 111.423 162.047 369.407 ) T:3149 ( 111.487 249.855 444.927 698.879 830.463 830.463 )
1059.426: I:18 ( 192.127 363.519 440.575 ) T:3167 ( 111.487 252.799 444.927 698.879 830.463 830.463 )
1069.505: I:12 ( 335.103 387.071 693.247 ) T:3179 ( 111.487 258.303 444.927 698.879 830.463 830.463 )
1079.421: I:28 ( 121.599 262.399 481.023 ) T:3207 ( 111.487 258.303 444.927 698.879 830.463 830.463 )
1089.425: I:32 ( 121.535 243.071 356.095 ) T:3239 ( 111.487 258.047 444.927 698.879 830.463 830.463 )
1099.424: I:31 ( 121.535 202.367 343.039 ) T:3270 ( 111.487 257.919 444.927 698.879 830.463 830.463 )
1109.421: I:29 ( 111.551 345.599 434.687 ) T:3299 ( 111.487 258.047 444.927 698.879 830.463 830.463 )
1119.424: I:28 ( 121.663 315.647 335.871 ) T:3327 ( 111.487 259.967 444.927 698.879 830.463 830.463 )
1129.427: I:31 ( 112.383 222.591 337.663 ) T:3358 ( 111.551 258.559 444.927 698.879 830.463 830.463 )
1139.421: I:30 ( 121.599 183.167 303.359 ) T:3388 ( 111.551 258.559 444.927 698.879 830.463 830.463 )
1149.424: I:31 ( 111.551 232.703 352.767 ) T:3419 ( 111.551 258.303 444.159 698.879 830.463 830.463 )
1159.423: I:29 ( 121.663 279.295 324.095 ) T:3448 ( 111.551 258.303 444.159 698.879 830.463 830.463 )
1169.427: I:27 ( 124.415 273.151 354.047 ) T:3475 ( 111.551 258.559 444.159 698.879 830.463 830.463 )
1179.424: I:30 ( 121.535 232.575 324.607 ) T:3505 ( 111.551 258.047 443.391 698.879 830.463 830.463 )
1189.424: I:30 ( 121.471 232.703 296.191 ) T:3535 ( 111.551 258.047 443.391 698.879 830.463 830.463 )
1199.427: I:29 ( 101.375 182.143 285.439 ) T:3564 ( 111.551 257.663 443.391 698.879 830.463 830.463 )
1209.423: I:30 ( 121.663 182.271 349.183 ) T:3594 ( 111.551 257.023 443.391 698.879 830.463 830.463 )
1219.423: I:31 ( 121.535 212.351 328.703 ) T:3625 ( 111.551 257.023 440.575 698.879 830.463 830.463 )
1229.423: I:29 ( 121.599 289.535 472.063 ) T:3654 ( 111.551 257.023 443.391 698.879 830.463 830.463 )
1239.429: I:29 ( 121.279 182.271 567.295 ) T:3683 ( 111.551 256.895 444.159 698.879 830.463 830.463 )
1249.423: I:31 ( 121.535 214.015 321.023 ) T:3714 ( 111.551 256.383 443.391 698.879 830.463 830.463 )
1259.424: I:29 ( 121.535 255.359 313.343 ) T:3743 ( 111.615 256.127 443.391 698.879 830.463 830.463 )
1269.424: I:30 ( 111.551 222.335 397.567 ) T:3773 ( 111.615 256.127 443.391 698.879 830.463 830.463 )
1279.422: I:31 ( 111.487 172.031 287.743 ) T:3804 ( 111.551 254.975 440.575 698.879 830.463 830.463 )
1289.423: I:30 ( 121.471 151.551 310.015 ) T:3834 ( 111.615 254.975 440.575 698.879 830.463 830.463 )
1299.427: I:29 ( 121.535 289.279 480.767 ) T:3863 ( 111.615 255.359 443.391 698.879 830.463 830.463 )
1309.427: I:28 ( 114.495 273.663 343.807 ) T:3891 ( 111.615 255.359 443.391 698.879 830.463 830.463 )
1319.424: I:28 ( 121.471 273.407 616.959 ) T:3919 ( 111.615 256.127 443.391 698.879 830.463 830.463 )
1329.422: I:29 ( 121.407 252.927 513.023 ) T:3948 ( 111.679 255.359 444.159 698.879 830.463 830.463 )
1339.423: I:30 ( 111.487 249.471 340.991 ) T:3978 ( 111.679 255.359 444.159 698.879 830.463 830.463 )
1349.421: I:29 ( 111.423 162.175 365.055 ) T:4007 ( 111.615 254.975 443.391 693.247 830.463 830.463 )
1359.425: I:31 ( 111.487 229.631 391.423 ) T:4038 ( 111.615 252.927 443.391 693.247 830.463 830.463 )
1369.424: I:30 ( 121.535 182.143 392.703 ) T:4068 ( 111.615 252.799 443.391 693.247 830.463 830.463 )
1379.430: I:28 ( 112.831 283.135 705.535 ) T:4096 ( 111.615 252.927 444.927 698.879 830.463 830.463 )
1389.423: I:29 ( 121.535 271.359 402.943 ) T:4125 ( 111.615 252.927 444.159 698.879 830.463 830.463 )
1399.421: I:29 ( 121.535 236.031 337.407 ) T:4154 ( 111.679 252.799 444.159 698.879 830.463 830.463 )
1409.423: I:28 ( 111.487 276.223 766.975 ) T:4182 ( 111.679 252.799 444.927 701.439 830.463 830.463 )
1419.423: I:30 ( 111.487 200.191 353.791 ) T:4212 ( 111.679 252.799 444.159 701.439 830.463 830.463 )
1429.426: I:27 ( 121.599 309.503 364.031 ) T:4239 ( 111.935 252.927 444.159 701.439 830.463 830.463 )
1439.429: I:29 ( 121.407 232.319 364.799 ) T:4268 ( 111.935 252.799 444.159 701.439 830.463 830.463 )
1449.423: I:28 ( 130.815 368.127 389.119 ) T:4296 ( 112.383 252.927 444.159 701.439 830.463 830.463 )
1459.424: I:29 ( 111.423 242.047 343.807 ) T:4325 ( 112.383 252.799 443.391 701.439 830.463 830.463 )
1469.427: I:28 ( 131.711 309.503 450.303 ) T:4353 ( 112.383 252.799 444.159 701.439 830.463 830.463 )
1479.422: I:30 ( 111.551 202.367 349.183 ) T:4383 ( 112.383 252.799 444.159 701.439 830.463 830.463 )
1489.423: I:30 ( 121.471 232.703 322.303 ) T:4413 ( 112.383 252.799 443.391 701.439 830.463 830.463 )
1499.423: I:31 ( 121.471 282.879 457.727 ) T:4444 ( 112.383 252.927 444.159 701.439 830.463 830.463 )
1509.425: I:31 ( 111.487 209.279 308.223 ) T:4475 ( 112.383 252.799 444.159 701.439 830.463 830.463 )
1519.426: I:30 ( 121.471 172.031 266.239 ) T:4505 ( 112.447 252.799 443.391 701.439 830.463 830.463 )
1529.423: I:30 ( 121.663 172.159 272.383 ) T:4535 ( 112.447 252.671 443.391 701.439 830.463 830.463 )
1539.423: I:30 ( 121.407 156.543 247.935 ) T:4565 ( 112.511 251.775 443.391 701.439 830.463 830.463 )
1549.427: I:30 ( 131.711 232.575 345.087 ) T:4595 ( 112.511 251.775 443.391 701.439 830.463 830.463 )
1559.424: I:28 ( 121.471 260.095 469.759 ) T:4623 ( 112.767 251.775 443.391 701.439 830.463 830.463 )
1569.424: I:28 ( 131.583 263.167 303.359 ) T:4651 ( 113.023 252.287 443.391 701.439 830.463 830.463 )
1579.424: I:29 ( 121.599 286.463 368.895 ) T:4680 ( 114.175 252.287 443.391 701.439 830.463 830.463 )
1589.424: I:29 ( 131.327 214.143 265.727 ) T:4709 ( 115.007 251.775 440.575 701.439 830.463 830.463 )
1599.422: I:29 ( 131.583 304.127 393.727 ) T:4738 ( 115.711 252.671 440.575 701.439 830.463 830.463 )
1609.421: I:29 ( 121.407 262.911 541.183 ) T:4767 ( 116.095 252.671 444.159 701.439 830.463 830.463 )
1619.421: I:29 ( 141.695 298.495 461.567 ) T:4796 ( 117.759 252.671 444.927 701.439 830.463 830.463 )
1629.423: I:32 ( 121.471 141.823 462.847 ) T:4828 ( 118.591 252.671 444.927 701.439 830.463 830.463 )
1639.422: I:27 ( 121.471 301.567 691.199 ) T:4855 ( 119.167 252.671 444.927 701.439 830.463 830.463 )
1649.421: I:29 ( 121.599 314.111 404.479 ) T:4884 ( 120.191 252.671 444.927 701.439 830.463 830.463 )
1659.431: I:28 ( 121.471 204.543 263.679 ) T:4912 ( 120.447 252.415 444.927 701.439 830.463 830.463 )
1669.424: I:29 ( 121.535 233.087 329.471 ) T:4941 ( 120.447 252.287 444.927 701.439 830.463 830.463 )
1679.427: I:29 ( 121.535 293.375 361.983 ) T:4970 ( 120.575 252.415 444.927 701.439 830.463 830.463 )
1689.423: I:27 ( 121.535 152.959 503.807 ) T:4997 ( 120.703 252.415 444.927 701.439 830.463 830.463 )
1699.423: I:28 ( 121.471 293.631 384.255 ) T:5025 ( 120.703 252.415 444.927 698.879 830.463 830.463 )
1709.423: I:32 ( 111.423 263.167 575.999 ) T:5057 ( 120.703 252.671 444.927 698.879 830.463 830.463 )
1719.427: I:29 ( 121.407 269.823 300.031 ) T:5086 ( 120.703 252.671 444.927 698.879 830.463 830.463 )
1729.424: I:27 ( 121.599 172.031 631.295 ) T:5113 ( 120.703 252.671 444.927 698.879 830.463 830.463 )
1739.423: I:29 ( 120.703 273.151 396.799 ) T:5142 ( 120.703 252.671 444.927 698.879 830.463 830.463 )
1749.421: I:29 ( 121.535 313.599 477.695 ) T:5171 ( 120.703 252.671 447.487 698.879 830.463 830.463 )
1759.421: I:28 ( 121.407 253.183 463.359 ) T:5199 ( 120.767 252.799 450.303 698.879 830.463 830.463 )
1769.427: I:31 ( 121.471 241.279 448.511 ) T:5230 ( 120.767 252.799 448.511 698.879 830.463 830.463 )
1779.422: I:30 ( 111.487 202.367 338.943 ) T:5260 ( 120.767 252.799 448.511 698.879 830.463 830.463 )
1789.421: I:28 ( 121.535 283.135 448.767 ) T:5288 ( 120.831 252.799 448.767 698.879 830.463 830.463 )
1799.432: I:30 ( 111.487 172.031 289.535 ) T:5318 ( 120.767 252.799 448.511 698.879 830.463 830.463 )
1809.423: I:31 ( 111.487 192.255 327.167 ) T:5349 ( 120.767 252.671 448.511 698.879 830.463 830.463 )
1819.426: I:30 ( 111.551 217.727 454.655 ) T:5379 ( 120.767 252.671 448.767 698.879 830.463 830.463 )
1829.424: I:28 ( 111.423 454.911 462.591 ) T:5407 ( 120.703 252.671 450.303 698.879 830.463 830.463 )
1839.427: I:32 ( 111.487 182.143 265.215 ) T:5439 ( 120.703 252.415 450.303 698.879 830.463 830.463 )
1849.425: I:27 ( 123.519 222.591 548.351 ) T:5466 ( 120.703 252.287 450.815 698.879 830.463 830.463 )
1859.423: I:31 ( 121.471 205.055 383.231 ) T:5497 ( 120.767 252.287 450.815 698.879 830.463 830.463 )
1869.427: I:30 ( 121.599 172.159 516.095 ) T:5527 ( 120.831 252.031 450.815 698.879 830.463 830.463 )
1879.424: I:29 ( 121.535 323.327 367.615 ) T:5556 ( 120.959 252.287 450.815 698.879 830.463 830.463 )
1889.421: I:29 ( 111.423 306.687 354.047 ) T:5585 ( 120.959 252.415 450.815 698.879 830.463 830.463 )
1899.423: I:29 ( 111.487 263.679 341.759 ) T:5614 ( 120.959 252.415 450.303 698.879 830.463 830.463 )
1909.421: I:30 ( 111.487 280.575 605.695 ) T:5644 ( 120.895 252.671 450.815 698.879 830.463 830.463 )
1919.426: I:31 ( 121.535 181.247 297.471 ) T:5675 ( 120.959 252.415 450.815 698.879 830.463 830.463 )
1929.422: I:30 ( 111.487 182.143 277.759 ) T:5705 ( 120.959 252.287 450.303 698.879 830.463 830.463 )
1939.429: I:30 ( 118.591 172.031 661.503 ) T:5735 ( 120.959 252.031 450.815 698.879 830.463 830.463 )
1949.427: I:32 ( 120.767 172.159 343.807 ) T:5767 ( 120.959 252.031 450.815 698.879 830.463 830.463 )
1959.430: I:29 ( 111.487 272.895 329.727 ) T:5796 ( 120.831 252.287 450.815 698.879 830.463 830.463 )
1969.425: I:29 ( 112.511 210.431 342.271 ) T:5825 ( 120.831 251.775 450.303 698.879 830.463 830.463 )
1979.426: I:32 ( 111.359 181.631 289.535 ) T:5857 ( 120.831 251.647 450.303 698.879 830.463 830.463 )
1989.427: I:29 ( 121.599 324.863 364.031 ) T:5886 ( 120.831 251.775 450.303 698.879 830.463 830.463 )
1999.423: I:29 ( 121.599 312.319 454.143 ) T:5915 ( 120.895 252.287 450.303 698.879 830.463 830.463 )
2009.427: I:30 ( 121.535 242.687 319.999 ) T:5945 ( 120.895 252.287 450.303 698.879 830.463 830.463 )
2019.427: I:29 ( 121.471 273.151 404.223 ) T:5974 ( 120.895 252.287 450.303 698.879 830.463 830.463 )
2029.423: I:30 ( 121.535 161.791 329.471 ) T:6004 ( 120.959 252.031 450.303 693.247 830.463 830.463 )
2039.422: I:30 ( 111.487 172.159 456.959 ) T:6034 ( 120.895 252.031 450.303 693.247 830.463 830.463 )
2049.423: I:29 ( 121.599 245.503 317.439 ) T:6063 ( 120.959 251.775 450.303 693.247 830.463 830.463 )
2059.424: I:30 ( 111.551 247.551 382.463 ) T:6093 ( 120.959 251.775 450.303 693.247 830.463 830.463 )
2069.423: I:28 ( 121.535 308.991 375.551 ) T:6121 ( 120.959 252.031 450.303 693.247 830.463 830.463 )
2079.423: I:30 ( 111.487 222.591 491.519 ) T:6151 ( 120.959 252.031 450.303 693.247 830.463 830.463 )
2089.432: I:31 ( 111.423 151.935 358.399 ) T:6182 ( 120.959 251.775 450.303 693.247 830.463 830.463 )
2099.426: I:28 ( 111.295 252.799 342.271 ) T:6210 ( 120.895 251.903 450.303 693.247 830.463 830.463 )
2109.423: I:29 ( 121.535 307.711 374.271 ) T:6239 ( 120.959 252.159 450.303 693.247 830.463 830.463 )
2119.423: I:30 ( 111.487 354.047 551.935 ) T:6269 ( 120.895 252.287 450.303 693.247 830.463 830.463 )
2129.429: I:30 ( 111.487 162.047 319.999 ) T:6299 ( 120.831 252.159 450.303 693.247 830.463 830.463 )
2139.423: I:29 ( 121.599 252.799 297.983 ) T:6328 ( 120.831 252.159 450.303 693.247 830.463 830.463 )
2149.423: I:31 ( 111.615 228.735 369.407 ) T:6359 ( 120.767 252.159 450.303 693.247 830.463 830.463 )
2159.423: I:30 ( 121.471 252.799 572.415 ) T:6389 ( 120.831 252.287 450.303 693.247 830.463 830.463 )
2169.423: I:29 ( 111.487 396.031 431.871 ) T:6418 ( 120.767 252.415 450.303 693.247 830.463 830.463 )
2179.423: I:28 ( 120.895 232.831 424.191 ) T:6446 ( 120.767 252.159 450.303 693.247 830.463 830.463 )
2189.424: I:33 ( 111.359 192.255 385.023 ) T:6479 ( 120.703 252.159 450.303 693.247 830.463 830.463 )
2199.422: I:29 ( 111.359 273.151 417.791 ) T:6508 ( 120.703 252.159 448.767 693.247 830.463 830.463 )
2209.423: I:30 ( 111.551 242.815 392.703 ) T:6538 ( 120.703 252.159 448.767 693.247 830.463 830.463 )
2219.428: I:31 ( 111.487 172.159 333.823 ) T:6569 ( 120.511 252.031 448.767 693.247 830.463 830.463 )
2229.424: I:30 ( 111.551 162.047 396.799 ) T:6599 ( 120.447 251.903 448.767 693.247 830.463 830.463 )
2239.422: I:30 ( 103.103 242.687 699.903 ) T:6629 ( 120.191 251.903 448.767 698.879 830.463 830.463 )
2249.423: I:30 ( 111.359 151.935 397.823 ) T:6659 ( 119.999 251.775 448.767 698.879 830.463 830.463 )
2259.422: I:32 ( 109.759 262.911 305.151 ) T:6691 ( 119.743 251.903 448.767 698.879 830.463 830.463 )
2269.423: I:30 ( 101.439 242.687 383.743 ) T:6721 ( 119.039 251.903 448.511 698.879 830.463 830.463 )
2279.429: I:31 ( 121.087 262.911 299.775 ) T:6752 ( 119.039 252.031 448.511 698.879 830.463 830.463 )
2289.427: I:31 ( 112.383 242.815 323.071 ) T:6783 ( 119.039 251.903 448.511 698.879 830.463 830.463 )
2299.423: I:31 ( 119.103 252.927 432.383 ) T:6814 ( 119.039 252.031 447.487 698.879 830.463 830.463 )
2309.423: I:30 ( 121.535 162.047 278.783 ) T:6844 ( 119.103 251.775 447.487 698.879 830.463 830.463 )
2319.423: I:30 ( 121.599 212.479 343.295 ) T:6874 ( 119.743 251.775 447.487 698.879 830.463 830.463 )
2329.424: I:30 ( 111.551 342.527 414.463 ) T:6904 ( 119.167 251.903 444.927 698.879 830.463 830.463 )
2339.423: I:31 ( 111.423 201.727 270.335 ) T:6935 ( 119.039 251.775 444.927 698.879 830.463 830.463 )
2349.422: I:31 ( 112.447 141.823 375.551 ) T:6966 ( 118.847 251.775 444.927 698.879 830.463 830.463 )
2359.422: I:30 ( 101.375 231.551 303.103 ) T:6996 ( 117.823 251.775 444.927 698.879 830.463 830.463 )
2369.427: I:33 ( 111.359 141.823 315.903 ) T:7029 ( 116.927 251.647 444.927 693.247 830.463 830.463 )
2379.423: I:29 ( 111.423 318.463 663.551 ) T:7058 ( 116.671 251.775 444.927 693.247 830.463 830.463 )
2389.427: I:30 ( 121.535 161.919 286.207 ) T:7088 ( 116.799 251.007 444.927 693.247 830.463 830.463 )
2399.424: I:30 ( 111.487 221.055 343.807 ) T:7118 ( 116.095 251.007 444.927 693.247 830.463 830.463 )
2409.422: I:29 ( 111.423 318.207 364.031 ) T:7147 ( 115.903 251.647 444.927 693.247 830.463 830.463 )
2419.427: I:30 ( 112.959 161.919 515.583 ) T:7177 ( 115.903 251.647 444.927 693.247 830.463 830.463 )
2429.427: I:32 ( 111.423 217.215 350.207 ) T:7209 ( 115.647 251.007 444.927 693.247 830.463 830.463 )
2439.423: I:32 ( 111.359 243.711 523.007 ) T:7241 ( 115.199 251.007 444.927 693.247 830.463 830.463 )
2449.421: I:30 ( 120.703 232.703 499.455 ) T:7271 ( 115.263 251.007 447.487 693.247 830.463 830.463 )
2459.422: I:30 ( 111.551 242.687 418.815 ) T:7301 ( 115.263 251.007 444.927 693.247 830.463 830.463 )
2469.423: I:30 ( 121.407 192.255 335.103 ) T:7331 ( 115.711 251.007 444.927 693.247 830.463 830.463 )
2479.424: I:30 ( 111.359 254.335 659.455 ) T:7361 ( 115.391 251.647 447.487 693.247 830.463 830.463 )
2489.423: I:32 ( 111.295 222.591 568.831 ) T:7393 ( 115.071 251.647 448.511 693.247 830.463 830.463 )
2499.423: I:31 ( 101.439 232.703 622.079 ) T:7424 ( 115.007 251.647 448.767 693.247 830.463 830.463 )
2509.421: I:29 ( 121.599 238.847 354.047 ) T:7453 ( 115.199 251.007 448.767 693.247 830.463 830.463 )
2519.426: I:32 ( 111.423 175.231 409.855 ) T:7485 ( 115.071 251.007 448.767 693.247 830.463 830.463 )
2529.423: I:29 ( 111.551 242.815 386.815 ) T:7514 ( 115.007 251.007 448.511 693.247 830.463 830.463 )
2539.423: I:29 ( 121.535 273.151 349.183 ) T:7543 ( 115.199 251.007 448.511 693.247 830.463 830.463 )
2549.425: I:29 ( 111.423 234.751 283.135 ) T:7572 ( 115.007 250.751 448.511 693.247 830.463 830.463 )
2559.423: I:32 ( 111.487 202.367 328.959 ) T:7604 ( 115.007 250.751 447.487 693.247 830.463 830.463 )
2569.430: I:29 ( 111.487 242.815 276.735 ) T:7633 ( 115.007 250.367 447.487 693.247 830.463 830.463 )
2579.428: I:30 ( 121.535 193.535 422.143 ) T:7663 ( 115.071 250.367 447.487 693.247 830.463 830.463 )
2589.423: I:33 ( 110.655 222.591 308.991 ) T:7696 ( 115.007 249.855 447.487 693.247 830.463 830.463 )
2599.422: I:31 ( 111.487 192.255 340.991 ) T:7727 ( 115.007 249.727 444.927 693.247 830.463 830.463 )
2609.427: I:34 ( 101.375 218.367 380.415 ) T:7761 ( 114.751 248.191 444.927 693.247 830.463 830.463 )
2619.422: I:32 ( 101.375 227.583 359.167 ) T:7793 ( 114.495 247.935 444.927 693.247 830.463 830.463 )
2629.428: I:31 ( 111.551 172.159 509.951 ) T:7824 ( 114.239 247.935 444.927 693.247 830.463 830.463 )
2639.427: I:32 ( 101.439 237.311 342.015 ) T:7856 ( 113.791 247.935 444.927 693.247 830.463 830.463 )
2649.426: I:31 ( 102.335 152.959 442.879 ) T:7887 ( 113.599 247.807 444.927 693.247 830.463 830.463 )
2659.423: I:32 ( 121.599 259.327 380.415 ) T:7919 ( 113.727 247.935 444.927 693.247 830.463 830.463 )
2669.427: I:33 ( 101.375 222.591 341.247 ) T:7952 ( 113.215 247.807 444.927 693.247 830.463 830.463 )
2679.429: I:31 ( 121.471 151.807 431.615 ) T:7983 ( 113.535 247.679 444.927 693.247 830.463 830.463 )
2689.429: I:30 ( 112.639 172.159 296.703 ) T:8013 ( 113.535 247.551 444.159 691.199 830.463 830.463 )
2699.427: I:32 ( 111.487 159.615 500.735 ) T:8045 ( 113.151 247.039 444.927 691.199 830.463 830.463 )
2709.422: I:30 ( 101.439 162.047 790.015 ) T:8075 ( 112.959 247.039 447.487 693.247 830.463 830.463 )
2719.426: I:33 ( 101.375 182.783 313.599 ) T:8108 ( 112.639 246.399 444.927 693.247 830.463 830.463 )
2729.428: I:33 ( 111.551 162.047 300.543 ) T:8141 ( 112.639 246.143 444.927 693.247 830.463 830.463 )
2739.427: I:30 ( 111.551 222.591 359.935 ) T:8171 ( 112.639 245.503 444.927 693.247 830.463 830.463 )
2749.420: I:29 ( 121.535 283.135 449.279 ) T:8200 ( 112.639 245.503 444.927 693.247 830.463 830.463 )
2759.421: I:29 ( 121.535 325.887 418.559 ) T:8229 ( 112.639 246.143 444.927 693.247 830.463 830.463 )
2769.423: I:30 ( 119.679 192.255 394.751 ) T:8259 ( 112.639 246.143 444.927 693.247 830.463 830.463 )
2779.423: I:30 ( 121.599 164.479 313.343 ) T:8289 ( 112.959 245.503 444.927 693.247 830.463 830.463 )
2789.428: I:30 ( 111.423 161.919 344.575 ) T:8319 ( 112.831 245.503 444.927 693.247 830.463 830.463 )
2799.427: I:31 ( 111.359 292.607 378.623 ) T:8350 ( 112.767 246.143 444.927 693.247 830.463 830.463 )
2809.421: I:29 ( 121.535 264.959 394.751 ) T:8379 ( 112.895 246.271 444.927 693.247 830.463 830.463 )
2819.424: I:32 ( 121.215 202.367 507.391 ) T:8411 ( 112.959 246.143 444.927 693.247 830.463 830.463 )
2829.421: I:29 ( 111.615 172.159 456.191 ) T:8440 ( 112.895 245.503 446.463 693.247 830.463 830.463 )
2839.423: I:31 ( 121.599 172.031 474.879 ) T:8471 ( 113.023 245.503 447.487 693.247 830.463 830.463 )
2849.424: I:31 ( 111.423 162.047 413.695 ) T:8502 ( 112.895 245.375 446.463 693.247 830.463 830.463 )
2859.429: I:33 ( 111.487 271.871 298.495 ) T:8535 ( 112.895 245.503 446.463 693.247 830.463 830.463 )
2869.428: I:31 ( 111.487 145.535 342.015 ) T:8566 ( 112.767 245.375 446.463 693.247 830.463 830.463 )
2879.421: I:31 ( 121.087 161.919 409.855 ) T:8597 ( 112.831 244.991 446.463 693.247 830.463 830.463 )
2889.421: I:30 ( 121.023 330.239 547.839 ) T:8627 ( 112.959 245.375 446.463 693.247 830.463 830.463 )
2899.422: I:30 ( 111.359 202.495 390.399 ) T:8657 ( 112.831 244.991 446.463 693.247 830.463 830.463 )
2909.423: I:31 ( 111.423 329.471 479.487 ) T:8688 ( 112.767 245.375 447.487 693.247 830.463 830.463 )
2919.423: I:33 ( 111.487 174.719 252.927 ) T:8721 ( 112.639 244.991 446.463 693.247 830.463 830.463 )
2929.422: I:32 ( 101.439 283.647 655.871 ) T:8753 ( 112.639 245.119 447.487 693.247 830.463 830.463 )
2939.421: I:30 ( 111.423 202.367 370.687 ) T:8783 ( 112.639 245.119 447.487 693.247 830.463 830.463 )
2949.423: I:29 ( 111.423 292.351 318.975 ) T:8812 ( 112.511 245.375 446.463 693.247 830.463 830.463 )
2959.427: I:28 ( 101.439 241.023 289.023 ) T:8840 ( 112.511 245.119 446.463 693.247 830.463 830.463 )
2969.423: I:31 ( 111.551 242.815 453.119 ) T:8871 ( 112.511 245.119 447.487 693.247 830.463 830.463 )
2979.423: I:29 ( 111.615 253.823 298.239 ) T:8900 ( 112.511 245.119 446.463 693.247 830.463 830.463 )
2989.424: I:30 ( 111.487 283.135 310.015 ) T:8930 ( 112.511 245.375 446.463 693.247 830.463 830.463 )
2999.423: I:30 ( 121.535 201.599 356.607 ) T:8960 ( 112.511 245.375 446.463 693.247 830.463 830.463 )
3009.423: I:27 ( 111.487 343.295 424.447 ) T:8987 ( 112.511 245.503 446.463 693.247 830.463 830.463 )
3019.424: I:32 ( 111.487 171.263 403.711 ) T:9019 ( 112.511 245.503 444.927 691.199 830.463 830.463 )
3029.422: I:30 ( 111.487 162.047 636.927 ) T:9049 ( 112.511 245.503 446.463 691.199 830.463 830.463 )
3039.427: I:31 ( 101.439 303.359 492.543 ) T:9080 ( 112.511 245.503 447.487 691.199 830.463 830.463 )
3049.425: I:31 ( 111.423 200.959 432.383 ) T:9111 ( 112.511 245.375 446.463 691.199 830.463 830.463 )
3059.421: I:32 ( 121.151 183.295 312.575 ) T:9143 ( 112.511 245.375 446.463 691.199 830.463 830.463 )
3069.421: I:31 ( 111.423 151.935 430.079 ) T:9174 ( 112.511 245.375 446.463 691.199 830.463 830.463 )
3079.428: I:30 ( 111.423 162.047 432.127 ) T:9204 ( 112.447 245.119 444.927 691.199 830.463 830.463 )
3089.425: I:33 ( 111.359 233.087 380.415 ) T:9237 ( 112.447 245.119 444.927 691.199 830.463 830.463 )
3099.422: I:31 ( 121.535 161.919 362.495 ) T:9268 ( 112.447 244.991 444.927 691.199 830.463 830.463 )
3109.421: I:32 ( 111.487 192.255 363.775 ) T:9300 ( 112.447 244.735 444.927 691.199 830.463 830.463 )
3119.427: I:30 ( 101.439 192.255 530.943 ) T:9330 ( 112.447 244.735 444.927 691.199 830.463 830.463 )
3129.423: I:32 ( 111.423 151.935 347.647 ) T:9362 ( 112.447 244.735 444.927 691.199 830.463 830.463 )
3139.421: I:31 ( 120.319 201.471 379.903 ) T:9393 ( 112.447 244.735 444.927 691.199 830.463 830.463 )
3149.423: I:30 ( 101.375 151.935 365.311 ) T:9423 ( 112.383 244.479 444.927 691.199 830.463 830.463 )
3159.423: I:32 ( 121.535 283.647 557.567 ) T:9455 ( 112.447 244.735 446.463 691.199 830.463 830.463 )
3169.425: I:30 ( 111.487 172.159 319.231 ) T:9485 ( 112.447 244.479 446.463 691.199 830.463 830.463 )
3172.217: I:9 ( 101.183 242.303 242.303 ) T:9494 ( 112.383 243.967 446.463 691.199 830.463 830.463 )
3172.262: I:0 (   0.000   0.000   0.000 ) T:9494 ( 112.383 243.967 446.463 691.199 830.463 830.463 )
