#[Interval percentile log between 0.000 and <Infinite> seconds (relative to StartTime)]
#[StartTime: 1524396859.175 (seconds since epoch), Sun Apr 22 13:34:19 CEST 2018]
Time: IntervalPercentiles:count ( 50% 90% Max ) TotalPercentiles:count ( 50% 90% 99% 99.9% 99.99% Max )
9.993: I:1 (   0.000   0.000   0.000 ) T:1 (   0.000   0.000   0.000   0.000   0.000   0.000 )
19.980: I:1 (   0.047   0.047   0.047 ) T:2 (   0.000   0.047   0.047   0.047   0.047   0.047 )
29.984: I:1 (   0.004   0.004   0.004 ) T:3 (   0.004   0.047   0.047   0.047   0.047   0.047 )
39.981: I:1 (   0.005   0.005   0.005 ) T:4 (   0.004   0.047   0.047   0.047   0.047   0.047 )
49.973: I:1 (   0.007   0.007   0.007 ) T:5 (   0.005   0.047   0.047   0.047   0.047   0.047 )
59.980: I:1 (   0.007   0.007   0.007 ) T:6 (   0.005   0.047   0.047   0.047   0.047   0.047 )
69.980: I:1 (   0.010   0.010   0.010 ) T:7 (   0.007   0.047   0.047   0.047   0.047   0.047 )
79.974: I:1 (   0.005   0.005   0.005 ) T:8 (   0.005   0.047   0.047   0.047   0.047   0.047 )
89.973: I:1 (   0.011   0.011   0.011 ) T:9 (   0.007   0.047   0.047   0.047   0.047   0.047 )
99.976: I:1 (   0.007   0.007   0.007 ) T:10 (   0.007   0.011   0.047   0.047   0.047   0.047 )
109.980: I:1 (   0.010   0.010   0.010 ) T:11 (   0.007   0.011   0.047   0.047   0.047   0.047 )
119.973: I:1 (   0.006   0.006   0.006 ) T:12 (   0.007   0.011   0.047   0.047   0.047   0.047 )
129.979: I:1 (   0.012   0.012   0.012 ) T:13 (   0.007   0.012   0.047   0.047   0.047   0.047 )
139.978: I:1 (   0.007   0.007   0.007 ) T:14 (   0.007   0.012   0.047   0.047   0.047   0.047 )
149.978: I:1 (   0.008   0.008   0.008 ) T:15 (   0.007   0.012   0.047   0.047   0.047   0.047 )
159.975: I:1 (   0.048   0.048   0.048 ) T:16 (   0.007   0.047   0.048   0.048   0.048   0.048 )
169.982: I:1 (   0.007   0.007   0.007 ) T:17 (   0.007   0.047   0.048   0.048   0.048   0.048 )
179.980: I:1 (   0.007   0.007   0.007 ) T:18 (   0.007   0.047   0.048   0.048   0.048   0.048 )
189.979: I:1 (   0.005   0.005   0.005 ) T:19 (   0.007   0.047   0.048   0.048   0.048   0.048 )
199.980: I:1 (   0.007   0.007   0.007 ) T:20 (   0.007   0.012   0.048   0.048   0.048   0.048 )
209.980: I:1 (   0.007   0.007   0.007 ) T:21 (   0.007   0.012   0.048   0.048   0.048   0.048 )
219.980: I:1 (   0.010   0.010   0.010 ) T:22 (   0.007   0.012   0.048   0.048   0.048   0.048 )
229.980: I:1 (   0.007   0.007   0.007 ) T:23 (   0.007   0.012   0.048   0.048   0.048   0.048 )
239.980: I:1 (   0.009   0.009   0.009 ) T:24 (   0.007   0.012   0.048   0.048   0.048   0.048 )
249.980: I:1 (   0.009   0.009   0.009 ) T:25 (   0.007   0.012   0.048   0.048   0.048   0.048 )
259.974: I:1 (   0.009   0.009   0.009 ) T:26 (   0.007   0.012   0.048   0.048   0.048   0.048 )
269.980: I:1 (   0.008   0.008   0.008 ) T:27 (   0.007   0.012   0.048   0.048   0.048   0.048 )
279.982: I:1 (   0.008   0.008   0.008 ) T:28 (   0.007   0.012   0.048   0.048   0.048   0.048 )
289.980: I:1 (   0.011   0.011   0.011 ) T:29 (   0.007   0.012   0.048   0.048   0.048   0.048 )
299.979: I:1 (   0.009   0.009   0.009 ) T:30 (   0.007   0.011   0.048   0.048   0.048   0.048 )
309.980: I:1 (   0.007   0.007   0.007 ) T:31 (   0.007   0.011   0.048   0.048   0.048   0.048 )
319.980: I:1 (   0.005   0.005   0.005 ) T:32 (   0.007   0.011   0.048   0.048   0.048   0.048 )
329.980: I:1 (   0.009   0.009   0.009 ) T:33 (   0.007   0.011   0.048   0.048   0.048   0.048 )
339.978: I:1 (   0.010   0.010   0.010 ) T:34 (   0.007   0.011   0.048   0.048   0.048   0.048 )
349.974: I:1 (   0.013   0.013   0.013 ) T:35 (   0.008   0.012   0.048   0.048   0.048   0.048 )
359.978: I:1 (   0.010   0.010   0.010 ) T:36 (   0.008   0.012   0.048   0.048   0.048   0.048 )
369.978: I:1 (   0.012   0.012   0.012 ) T:37 (   0.008   0.012   0.048   0.048   0.048   0.048 )
379.979: I:1 (   0.011   0.011   0.011 ) T:38 (   0.008   0.012   0.048   0.048   0.048   0.048 )
389.975: I:1 (   0.014   0.014   0.014 ) T:39 (   0.008   0.013   0.048   0.048   0.048   0.048 )
399.978: I:1 (   0.013   0.013   0.013 ) T:40 (   0.008   0.013   0.048   0.048   0.048   0.048 )
409.979: I:1 (   0.010   0.010   0.010 ) T:41 (   0.009   0.013   0.048   0.048   0.048   0.048 )
419.978: I:1 (   0.013   0.013   0.013 ) T:42 (   0.009   0.013   0.048   0.048   0.048   0.048 )
429.978: I:1 (   0.012   0.012   0.012 ) T:43 (   0.009   0.013   0.048   0.048   0.048   0.048 )
439.973: I:1 (   0.012   0.012   0.012 ) T:44 (   0.009   0.013   0.048   0.048   0.048   0.048 )
449.972: I:1 (   0.014   0.014   0.014 ) T:45 (   0.009   0.013   0.048   0.048   0.048   0.048 )
459.971: I:1 (   0.014   0.014   0.014 ) T:46 (   0.009   0.014   0.048   0.048   0.048   0.048 )
469.979: I:1 (   0.014   0.014   0.014 ) T:47 (   0.009   0.014   0.048   0.048   0.048   0.048 )
479.979: I:1 (   0.019   0.019   0.019 ) T:48 (   0.009   0.014   0.048   0.048   0.048   0.048 )
489.981: I:1 (   0.013   0.013   0.013 ) T:49 (   0.009   0.014   0.048   0.048   0.048   0.048 )
499.978: I:1 (   0.012   0.012   0.012 ) T:50 (   0.009   0.014   0.048   0.048   0.048   0.048 )
509.979: I:1 (   0.013   0.013   0.013 ) T:51 (   0.010   0.014   0.048   0.048   0.048   0.048 )
519.979: I:1 (   0.015   0.015   0.015 ) T:52 (   0.010   0.014   0.048   0.048   0.048   0.048 )
529.979: I:1 (   0.013   0.013   0.013 ) T:53 (   0.010   0.014   0.048   0.048   0.048   0.048 )
539.980: I:1 (   0.015   0.015   0.015 ) T:54 (   0.010   0.014   0.048   0.048   0.048   0.048 )
549.979: I:1 (   0.015   0.015   0.015 ) T:55 (   0.010   0.015   0.048   0.048   0.048   0.048 )
559.973: I:1 (   0.014   0.014   0.014 ) T:56 (   0.010   0.015   0.048   0.048   0.048   0.048 )
569.980: I:1 (   0.012   0.012   0.012 ) T:57 (   0.010   0.015   0.048   0.048   0.048   0.048 )
579.976: I:1 (   0.015   0.015   0.015 ) T:58 (   0.010   0.015   0.048   0.048   0.048   0.048 )
589.975: I:1 (   0.015   0.015   0.015 ) T:59 (   0.010   0.015   0.048   0.048   0.048   0.048 )
599.978: I:1 (   0.015   0.015   0.015 ) T:60 (   0.010   0.015   0.048   0.048   0.048   0.048 )
609.978: I:1 (   0.015   0.015   0.015 ) T:61 (   0.010   0.015   0.048   0.048   0.048   0.048 )
619.979: I:1 (   0.013   0.013   0.013 ) T:62 (   0.010   0.015   0.048   0.048   0.048   0.048 )
629.979: I:1 (   0.013   0.013   0.013 ) T:63 (   0.011   0.015   0.048   0.048   0.048   0.048 )
639.972: I:1 (   0.015   0.015   0.015 ) T:64 (   0.011   0.015   0.048   0.048   0.048   0.048 )
649.974: I:1 (   0.016   0.016   0.016 ) T:65 (   0.011   0.015   0.048   0.048   0.048   0.048 )
659.981: I:1 (   0.013   0.013   0.013 ) T:66 (   0.011   0.015   0.048   0.048   0.048   0.048 )
669.979: I:1 (   0.019   0.019   0.019 ) T:67 (   0.011   0.015   0.048   0.048   0.048   0.048 )
679.978: I:1 (   0.013   0.013   0.013 ) T:68 (   0.011   0.015   0.048   0.048   0.048   0.048 )
689.977: I:1 (   0.016   0.016   0.016 ) T:69 (   0.012   0.015   0.048   0.048   0.048   0.048 )
699.979: I:1 (   0.015   0.015   0.015 ) T:70 (   0.012   0.015   0.048   0.048   0.048   0.048 )
709.979: I:1 (   0.015   0.015   0.015 ) T:71 (   0.012   0.015   0.048   0.048   0.048   0.048 )
719.978: I:1 (   0.015   0.015   0.015 ) T:72 (   0.012   0.015   0.048   0.048   0.048   0.048 )
729.978: I:1 (   0.019   0.019   0.019 ) T:73 (   0.012   0.015   0.048   0.048   0.048   0.048 )
739.980: I:1 (   0.015   0.015   0.015 ) T:74 (   0.012   0.015   0.048   0.048   0.048   0.048 )
749.978: I:1 (   0.015   0.015   0.015 ) T:75 (   0.012   0.015   0.048   0.048   0.048   0.048 )
759.978: I:1 (   0.020   0.020   0.020 ) T:76 (   0.012   0.016   0.048   0.048   0.048   0.048 )
769.978: I:1 (   0.014   0.014   0.014 ) T:77 (   0.012   0.016   0.048   0.048   0.048   0.048 )
779.979: I:1 (   0.015   0.015   0.015 ) T:78 (   0.012   0.016   0.048   0.048   0.048   0.048 )
789.980: I:1 (   0.018   0.018   0.018 ) T:79 (   0.012   0.016   0.048   0.048   0.048   0.048 )
799.980: I:1 (   0.015   0.015   0.015 ) T:80 (   0.012   0.016   0.048   0.048   0.048   0.048 )
809.979: I:1 (   0.015   0.015   0.015 ) T:81 (   0.013   0.016   0.048   0.048   0.048   0.048 )
819.973: I:1 (   0.017   0.017   0.017 ) T:82 (   0.013   0.016   0.048   0.048   0.048   0.048 )
829.977: I:1 (   0.018   0.018   0.018 ) T:83 (   0.013   0.017   0.048   0.048   0.048   0.048 )
839.980: I:1 (   0.018   0.018   0.018 ) T:84 (   0.013   0.018   0.048   0.048   0.048   0.048 )
849.978: I:1 (   0.015   0.015   0.015 ) T:85 (   0.013   0.018   0.048   0.048   0.048   0.048 )
859.978: I:1 (   0.027   0.027   0.027 ) T:86 (   0.013   0.018   0.048   0.048   0.048   0.048 )
869.972: I:1 (   0.030   0.030   0.030 ) T:87 (   0.013   0.018   0.048   0.048   0.048   0.048 )
879.978: I:1 (   0.021   0.021   0.021 ) T:88 (   0.013   0.019   0.048   0.048   0.048   0.048 )
889.977: I:1 (   0.016   0.016   0.016 ) T:89 (   0.013   0.019   0.048   0.048   0.048   0.048 )
899.980: I:1 (   0.018   0.018   0.018 ) T:90 (   0.013   0.018   0.048   0.048   0.048   0.048 )
909.972: I:1 (   0.016   0.016   0.016 ) T:91 (   0.013   0.018   0.048   0.048   0.048   0.048 )
919.981: I:1 (   0.018   0.018   0.018 ) T:92 (   0.013   0.018   0.048   0.048   0.048   0.048 )
929.980: I:1 (   0.021   0.021   0.021 ) T:93 (   0.013   0.019   0.048   0.048   0.048   0.048 )
939.980: I:1 (   0.017   0.017   0.017 ) T:94 (   0.013   0.019   0.048   0.048   0.048   0.048 )
949.979: I:1 (   0.016   0.016   0.016 ) T:95 (   0.013   0.019   0.048   0.048   0.048   0.048 )
959.980: I:1 (   0.019   0.019   0.019 ) T:96 (   0.013   0.019   0.048   0.048   0.048   0.048 )
969.978: I:1 (   0.020   0.020   0.020 ) T:97 (   0.013   0.019   0.048   0.048   0.048   0.048 )
979.978: I:1 (   0.018   0.018   0.018 ) T:98 (   0.013   0.019   0.048   0.048   0.048   0.048 )
989.973: I:1 (   0.018   0.018   0.018 ) T:99 (   0.013   0.019   0.048   0.048   0.048   0.048 )
999.979: I:1 (   0.019   0.019   0.019 ) T:100 (   0.013   0.019   0.047   0.048   0.048   0.048 )
1009.979: I:1 (   0.022   0.022   0.022 ) T:101 (   0.014   0.019   0.047   0.048   0.048   0.048 )
1019.979: I:1 (   0.018   0.018   0.018 ) T:102 (   0.014   0.019   0.047   0.048   0.048   0.048 )
1029.973: I:1 (   0.018   0.018   0.018 ) T:103 (   0.014   0.019   0.047   0.048   0.048   0.048 )
1039.978: I:1 (   0.019   0.019   0.019 ) T:104 (   0.014   0.019   0.047   0.048   0.048   0.048 )
1049.980: I:1 (   0.016   0.016   0.016 ) T:105 (   0.014   0.019   0.047   0.048   0.048   0.048 )
1059.979: I:1 (   0.018   0.018   0.018 ) T:106 (   0.014   0.019   0.047   0.048   0.048   0.048 )
1069.979: I:1 (   0.019   0.019   0.019 ) T:107 (   0.014   0.019   0.047   0.048   0.048   0.048 )
1079.979: I:1 (   0.018   0.018   0.018 ) T:108 (   0.014   0.019   0.047   0.048   0.048   0.048 )
1089.980: I:1 (   0.024   0.024   0.024 ) T:109 (   0.014   0.019   0.047   0.048   0.048   0.048 )
1099.979: I:1 (   0.021   0.021   0.021 ) T:110 (   0.014   0.019   0.047   0.048   0.048   0.048 )
1109.979: I:1 (   0.021   0.021   0.021 ) T:111 (   0.014   0.020   0.047   0.048   0.048   0.048 )
1119.978: I:1 (   0.023   0.023   0.023 ) T:112 (   0.014   0.020   0.047   0.048   0.048   0.048 )
1129.975: I:1 (   0.021   0.021   0.021 ) T:113 (   0.015   0.021   0.047   0.048   0.048   0.048 )
1139.980: I:1 (   0.021   0.021   0.021 ) T:114 (   0.015   0.021   0.047   0.048   0.048   0.048 )
1149.979: I:1 (   0.021   0.021   0.021 ) T:115 (   0.015   0.021   0.047   0.048   0.048   0.048 )
1159.979: I:1 (   0.021   0.021   0.021 ) T:116 (   0.015   0.021   0.047   0.048   0.048   0.048 )
1169.977: I:1 (   0.027   0.027   0.027 ) T:117 (   0.015   0.021   0.047   0.048   0.048   0.048 )
1179.979: I:1 (   0.022   0.022   0.022 ) T:118 (   0.015   0.021   0.047   0.048   0.048   0.048 )
1189.978: I:1 (   0.020   0.020   0.020 ) T:119 (   0.015   0.021   0.047   0.048   0.048   0.048 )
1199.978: I:1 (   0.024   0.024   0.024 ) T:120 (   0.015   0.021   0.047   0.048   0.048   0.048 )
1209.978: I:1 (   0.025   0.025   0.025 ) T:121 (   0.015   0.021   0.047   0.048   0.048   0.048 )
1219.978: I:1 (   0.021   0.021   0.021 ) T:122 (   0.015   0.021   0.047   0.048   0.048   0.048 )
1229.980: I:1 (   0.022   0.022   0.022 ) T:123 (   0.015   0.021   0.047   0.048   0.048   0.048 )
1239.980: I:1 (   0.024   0.024   0.024 ) T:124 (   0.015   0.022   0.047   0.048   0.048   0.048 )
1249.978: I:1 (   0.021   0.021   0.021 ) T:125 (   0.015   0.022   0.047   0.048   0.048   0.048 )
1259.971: I:1 (   0.025   0.025   0.025 ) T:126 (   0.015   0.022   0.047   0.048   0.048   0.048 )
1269.979: I:1 (   0.023   0.023   0.023 ) T:127 (   0.015   0.022   0.047   0.048   0.048   0.048 )
1279.981: I:1 (   0.023   0.023   0.023 ) T:128 (   0.015   0.023   0.047   0.048   0.048   0.048 )
1289.978: I:1 (   0.027   0.027   0.027 ) T:129 (   0.015   0.023   0.047   0.048   0.048   0.048 )
1299.979: I:1 (   0.027   0.027   0.027 ) T:130 (   0.015   0.023   0.047   0.048   0.048   0.048 )
1309.977: I:1 (   0.023   0.023   0.023 ) T:131 (   0.015   0.023   0.047   0.048   0.048   0.048 )
1319.979: I:1 (   0.029   0.029   0.029 ) T:132 (   0.015   0.023   0.047   0.048   0.048   0.048 )
1329.979: I:1 (   0.026   0.026   0.026 ) T:133 (   0.015   0.024   0.047   0.048   0.048   0.048 )
1339.979: I:1 (   0.026   0.026   0.026 ) T:134 (   0.015   0.024   0.047   0.048   0.048   0.048 )
1349.979: I:1 (   0.029   0.029   0.029 ) T:135 (   0.015   0.024   0.047   0.048   0.048   0.048 )
1359.975: I:1 (   0.030   0.030   0.030 ) T:136 (   0.015   0.025   0.047   0.048   0.048   0.048 )
1369.978: I:1 (   0.030   0.030   0.030 ) T:137 (   0.015   0.025   0.047   0.048   0.048   0.048 )
1379.971: I:1 (   0.029   0.029   0.029 ) T:138 (   0.015   0.026   0.047   0.048   0.048   0.048 )
1389.979: I:1 (   0.033   0.033   0.033 ) T:139 (   0.015   0.026   0.047   0.048   0.048   0.048 )
1399.980: I:1 (   0.032   0.032   0.032 ) T:140 (   0.015   0.026   0.047   0.048   0.048   0.048 )
1409.973: I:1 (   0.029   0.029   0.029 ) T:141 (   0.015   0.027   0.047   0.048   0.048   0.048 )
1419.975: I:1 (   0.029   0.029   0.029 ) T:142 (   0.015   0.027   0.047   0.048   0.048   0.048 )
1429.978: I:1 (   0.109   0.109   0.109 ) T:143 (   0.015   0.027   0.048   0.109   0.109   0.109 )
1439.979: I:1 (   0.028   0.028   0.028 ) T:144 (   0.015   0.027   0.048   0.109   0.109   0.109 )
1449.979: I:1 (   0.030   0.030   0.030 ) T:145 (   0.015   0.028   0.048   0.109   0.109   0.109 )
1459.978: I:1 (   0.019   0.019   0.019 ) T:146 (   0.015   0.028   0.048   0.109   0.109   0.109 )
1469.978: I:1 (   0.009   0.009   0.009 ) T:147 (   0.015   0.028   0.048   0.109   0.109   0.109 )
1479.978: I:1 (   0.010   0.010   0.010 ) T:148 (   0.015   0.028   0.048   0.109   0.109   0.109 )
1489.978: I:1 (   0.011   0.011   0.011 ) T:149 (   0.015   0.028   0.048   0.109   0.109   0.109 )
1499.978: I:1 (   0.008   0.008   0.008 ) T:150 (   0.015   0.027   0.048   0.109   0.109   0.109 )
1509.979: I:1 (   0.023   0.023   0.023 ) T:151 (   0.015   0.027   0.048   0.109   0.109   0.109 )
1519.979: I:1 (   0.029   0.029   0.029 ) T:152 (   0.015   0.028   0.048   0.109   0.109   0.109 )
1529.978: I:1 (   0.032   0.032   0.032 ) T:153 (   0.015   0.029   0.048   0.109   0.109   0.109 )
1539.978: I:1 (   0.034   0.034   0.034 ) T:154 (   0.015   0.029   0.048   0.109   0.109   0.109 )
1549.979: I:1 (   0.032   0.032   0.032 ) T:155 (   0.016   0.029   0.048   0.109   0.109   0.109 )
1559.975: I:1 (   0.034   0.034   0.034 ) T:156 (   0.016   0.029   0.048   0.109   0.109   0.109 )
1569.981: I:1 (   0.034   0.034   0.034 ) T:157 (   0.016   0.029   0.048   0.109   0.109   0.109 )
1579.979: I:1 (   0.031   0.031   0.031 ) T:158 (   0.016   0.029   0.048   0.109   0.109   0.109 )
1589.977: I:1 (   0.036   0.036   0.036 ) T:159 (   0.016   0.030   0.048   0.109   0.109   0.109 )
1599.978: I:1 (   0.031   0.031   0.031 ) T:160 (   0.016   0.030   0.048   0.109   0.109   0.109 )
1609.978: I:1 (   0.033   0.033   0.033 ) T:161 (   0.016   0.030   0.048   0.109   0.109   0.109 )
1619.979: I:1 (   0.034   0.034   0.034 ) T:162 (   0.016   0.030   0.048   0.109   0.109   0.109 )
1629.979: I:1 (   0.035   0.035   0.035 ) T:163 (   0.016   0.030   0.048   0.109   0.109   0.109 )
1639.973: I:1 (   0.034   0.034   0.034 ) T:164 (   0.016   0.031   0.048   0.109   0.109   0.109 )
1649.979: I:1 (   0.035   0.035   0.035 ) T:165 (   0.016   0.031   0.048   0.109   0.109   0.109 )
1659.974: I:1 (   0.042   0.042   0.042 ) T:166 (   0.016   0.032   0.048   0.109   0.109   0.109 )
1669.979: I:1 (   0.033   0.033   0.033 ) T:167 (   0.017   0.032   0.048   0.109   0.109   0.109 )
1679.977: I:1 (   0.031   0.031   0.031 ) T:168 (   0.017   0.032   0.048   0.109   0.109   0.109 )
1689.981: I:1 (   0.041   0.041   0.041 ) T:169 (   0.017   0.032   0.048   0.109   0.109   0.109 )
1699.978: I:1 (   0.036   0.036   0.036 ) T:170 (   0.017   0.032   0.048   0.109   0.109   0.109 )
1709.980: I:1 (   0.038   0.038   0.038 ) T:171 (   0.018   0.033   0.048   0.109   0.109   0.109 )
1719.980: I:1 (   0.041   0.041   0.041 ) T:172 (   0.018   0.033   0.048   0.109   0.109   0.109 )
1729.979: I:1 (   0.039   0.039   0.039 ) T:173 (   0.018   0.033   0.048   0.109   0.109   0.109 )
1739.980: I:1 (   0.041   0.041   0.041 ) T:174 (   0.018   0.034   0.048   0.109   0.109   0.109 )
1749.979: I:1 (   0.031   0.031   0.031 ) T:175 (   0.018   0.034   0.048   0.109   0.109   0.109 )
1759.980: I:1 (   0.027   0.027   0.027 ) T:176 (   0.018   0.034   0.048   0.109   0.109   0.109 )
1764.954: I:2 (   0.006   0.028   0.028 ) T:178 (   0.018   0.034   0.048   0.109   0.109   0.109 )
1764.983: I:0 (   0.000   0.000   0.000 ) T:178 (   0.018   0.034   0.048   0.109   0.109   0.109 )
