#[Interval percentile log between 0.000 and <Infinite> seconds (relative to StartTime)]
#[StartTime: 1524656545.670 (seconds since epoch), Wed Apr 25 13:42:25 CEST 2018]
Time: IntervalPercentiles:count ( 50% 90% Max ) TotalPercentiles:count ( 50% 90% 99% 99.9% 99.99% Max )
6.874: I:7384 (   0.093   0.253 232.319 ) T:7384 (   0.093   0.253   0.865 173.567 232.319 232.319 )
16.846: I:28260 (   0.041   0.070 300.287 ) T:35644 (   0.051   0.102   0.391 161.663 232.319 300.287 )
26.847: I:44193 (   0.038   0.052 850.943 ) T:79837 (   0.040   0.075   0.267 132.863 300.287 850.943 )
36.841: I:36806 (   0.037   0.042 417.791 ) T:116643 (   0.038   0.065   0.224 126.591 290.047 850.943 )
46.839: I:63292 (   0.037   0.043 481.791 ) T:179935 (   0.038   0.057   0.156  95.999 281.599 850.943 )
56.840: I:71311 (   0.037   0.042 1301.503 ) T:251246 (   0.038   0.053   0.132  13.079 270.079 1301.503 )
66.839: I:80224 (   0.037   0.042 728.575 ) T:331470 (   0.038   0.046   0.118   1.455 280.575 1301.503 )
76.841: I:48962 (   0.038   0.042 420.607 ) T:380432 (   0.038   0.044   0.113   1.340 280.575 1301.503 )
86.837: I:62408 (   0.037   0.042 1559.551 ) T:442840 (   0.038   0.044   0.107   1.209 284.927 1559.551 )
96.838: I:83010 (   0.037   0.042 606.719 ) T:525850 (   0.038   0.043   0.100   1.145 281.599 1559.551 )
106.837: I:57986 (   0.038   0.046 571.391 ) T:583836 (   0.038   0.043   0.100   1.140 278.783 1559.551 )
116.841: I:43252 (   0.038   0.053 534.015 ) T:627088 (   0.038   0.044   0.099   1.143 278.783 1559.551 )
126.840: I:22094 (   0.040   0.062 1352.703 ) T:649182 (   0.038   0.044   0.100   1.164 281.599 1559.551 )
136.838: I:77900 (   0.038   0.043 942.591 ) T:727082 (   0.038   0.044   0.097   1.139 278.783 1559.551 )
146.839: I:70552 (   0.038   0.043 718.335 ) T:797634 (   0.038   0.044   0.096   1.126 281.599 1559.551 )
156.840: I:74552 (   0.038   0.043 886.271 ) T:872186 (   0.038   0.043   0.094   1.107 278.783 1559.551 )
166.840: I:69073 (   0.038   0.044 686.591 ) T:941259 (   0.038   0.043   0.093   1.097 279.807 1559.551 )
176.839: I:84045 (   0.038   0.043 565.247 ) T:1025304 (   0.038   0.043   0.092   1.080 279.807 1559.551 )
186.841: I:62253 (   0.039   0.044 780.799 ) T:1087557 (   0.038   0.043   0.091   1.065 281.599 1559.551 )
196.841: I:38641 (   0.039   0.044 1849.343 ) T:1126198 (   0.038   0.044   0.091   1.081 284.927 1849.343 )
206.840: I:62290 (   0.039   0.045 479.487 ) T:1188488 (   0.038   0.044   0.091   1.073 281.599 1849.343 )
216.836: I:35693 (   0.040   0.059 478.975 ) T:1224181 (   0.038   0.044   0.091   1.089 281.599 1849.343 )
226.842: I:29144 (   0.039   0.045 936.447 ) T:1253325 (   0.038   0.044   0.091   1.098 284.927 1849.343 )
236.841: I:28566 (   0.040   0.058 335.359 ) T:1281891 (   0.038   0.044   0.091   1.106 287.231 1849.343 )
246.836: I:28039 (   0.042   0.067 287.999 ) T:1309930 (   0.038   0.044   0.092   1.114 285.183 1849.343 )
256.841: I:26917 (   0.039   0.044 703.487 ) T:1336847 (   0.038   0.044   0.092   1.117 290.047 1849.343 )
266.836: I:59227 (   0.039   0.044 851.967 ) T:1396074 (   0.038   0.044   0.091   1.114 287.999 1849.343 )
276.836: I:74612 (   0.039   0.044 689.663 ) T:1470686 (   0.038   0.044   0.091   1.109 287.999 1849.343 )
286.838: I:80066 (   0.039   0.044 732.671 ) T:1550752 (   0.038   0.044   0.090   1.102 285.183 1849.343 )
296.836: I:64071 (   0.039   0.044 840.703 ) T:1614823 (   0.038   0.044   0.090   1.098 290.047 1849.343 )
306.841: I:74662 (   0.039   0.044 792.063 ) T:1689485 (   0.038   0.044   0.089   1.091 290.047 1849.343 )
316.859: I:91275 (   0.039   0.044 1026.047 ) T:1780760 (   0.038   0.044   0.089   1.075 284.927 1849.343 )
326.837: I:37486 (   0.040   0.060 676.863 ) T:1818246 (   0.038   0.044   0.090   1.080 285.183 1849.343 )
336.839: I:40174 (   0.039   0.044 467.967 ) T:1858420 (   0.038   0.044   0.090   1.084 287.231 1849.343 )
346.837: I:96186 (   0.039   0.044 945.663 ) T:1954606 (   0.038   0.044   0.089   1.070 281.599 1849.343 )
356.842: I:28346 (   0.040   0.081 492.799 ) T:1982952 (   0.038   0.044   0.091   1.076 285.183 1849.343 )
366.837: I:42663 (   0.039   0.049 413.695 ) T:2025615 (   0.038   0.044   0.091   1.081 285.183 1849.343 )
376.867: I:72200 (   0.039   0.043 707.071 ) T:2097815 (   0.038   0.044   0.091   1.070 284.927 1849.343 )
386.837: I:64466 (   0.039   0.044 927.743 ) T:2162281 (   0.038   0.044   0.090   1.061 285.183 1849.343 )
396.840: I:59730 (   0.039   0.045 742.911 ) T:2222011 (   0.039   0.044   0.090   1.055 284.671 1849.343 )
406.840: I:51662 (   0.039   0.043 532.479 ) T:2273673 (   0.039   0.044   0.090   1.050 284.927 1849.343 )
416.840: I:80032 (   0.039   0.044 1491.967 ) T:2353705 (   0.039   0.044   0.090   1.040 281.599 1849.343 )
426.839: I:91925 (   0.039   0.043 852.991 ) T:2445630 (   0.039   0.044   0.089   1.019 278.783 1849.343 )
436.839: I:71912 (   0.039   0.044 738.303 ) T:2517542 (   0.039   0.044   0.089   1.001 278.783 1849.343 )
446.838: I:43055 (   0.039   0.044 2031.615 ) T:2560597 (   0.039   0.044   0.088   1.001 278.783 2031.615 )
456.835: I:54900 (   0.039   0.043 657.407 ) T:2615497 (   0.039   0.044   0.088   0.998 279.807 2031.615 )
466.838: I:61769 (   0.039   0.043 451.327 ) T:2677266 (   0.039   0.044   0.088   0.921 281.599 2031.615 )
476.842: I:33449 (   0.039   0.043 817.151 ) T:2710715 (   0.039   0.044   0.087   1.007 281.855 2031.615 )
486.841: I:39880 (   0.039   0.044 625.663 ) T:2750595 (   0.039   0.044   0.087   1.013 281.599 2031.615 )
496.839: I:84493 (   0.039   0.043 710.143 ) T:2835088 (   0.039   0.044   0.087   0.998 281.599 2031.615 )
506.838: I:79850 (   0.039   0.044 875.519 ) T:2914938 (   0.039   0.044   0.087   0.799 280.575 2031.615 )
516.835: I:60999 (   0.039   0.044 2170.879 ) T:2975937 (   0.039   0.044   0.086   0.692 279.807 2170.879 )
526.840: I:76862 (   0.039   0.043 729.599 ) T:3052799 (   0.039   0.044   0.086   0.626 279.295 2170.879 )
536.839: I:64711 (   0.039   0.044 787.967 ) T:3117510 (   0.039   0.044   0.086   0.611 279.295 2170.879 )
546.841: I:54352 (   0.039   0.044 876.543 ) T:3171862 (   0.039   0.044   0.085   0.594 280.575 2170.879 )
556.841: I:36119 (   0.039   0.047 1857.535 ) T:3207981 (   0.039   0.044   0.086   0.651 281.855 2170.879 )
566.836: I:49777 (   0.039   0.055 376.063 ) T:3257758 (   0.039   0.044   0.086   0.678 280.575 2170.879 )
576.838: I:74751 (   0.039   0.044 816.127 ) T:3332509 (   0.039   0.044   0.086   0.621 280.575 2170.879 )
586.835: I:41247 (   0.039   0.044 1040.895 ) T:3373756 (   0.039   0.044   0.086   0.662 281.599 2170.879 )
596.835: I:65991 (   0.039   0.043 377.087 ) T:3439747 (   0.039   0.044   0.086   0.638 280.575 2170.879 )
606.834: I:61195 (   0.039   0.044 3194.879 ) T:3500942 (   0.039   0.044   0.086   0.595 279.295 3194.879 )
616.839: I:81018 (   0.039   0.044 694.783 ) T:3581960 (   0.039   0.044   0.085   0.511 278.783 3194.879 )
626.840: I:75845 (   0.039   0.044 814.079 ) T:3657805 (   0.039   0.044   0.085   0.456 279.295 3194.879 )
636.839: I:85770 (   0.039   0.044 528.895 ) T:3743575 (   0.039   0.044   0.085   0.432 278.271 3194.879 )
646.840: I:51325 (   0.039   0.044 685.567 ) T:3794900 (   0.039   0.044   0.085   0.432 278.527 3194.879 )
656.844: I:23437 (   0.042   0.071 857.087 ) T:3818337 (   0.039   0.044   0.085   0.462 278.527 3194.879 )
666.839: I:48374 (   0.039   0.053 546.815 ) T:3866711 (   0.039   0.044   0.085   0.484 278.527 3194.879 )
676.841: I:50628 (   0.039   0.044 559.103 ) T:3917339 (   0.039   0.044   0.085   0.491 279.295 3194.879 )
686.837: I:65798 (   0.039   0.044 916.991 ) T:3983137 (   0.039   0.044   0.085   0.456 280.063 3194.879 )
696.839: I:63361 (   0.040   0.046 556.031 ) T:4046498 (   0.039   0.044   0.085   0.455 279.807 3194.879 )
706.840: I:70721 (   0.040   0.045 957.951 ) T:4117219 (   0.039   0.044   0.085   0.435 279.807 3194.879 )
716.834: I:85133 (   0.040   0.045 766.463 ) T:4202352 (   0.039   0.044   0.084   0.415 279.295 3194.879 )
726.834: I:74924 (   0.040   0.045 1057.791 ) T:4277276 (   0.039   0.044   0.084   0.400 279.295 3194.879 )
736.840: I:52740 (   0.040   0.045 1268.735 ) T:4330016 (   0.039   0.044   0.084   0.396 279.807 3194.879 )
746.837: I:91899 (   0.040   0.045 667.647 ) T:4421915 (   0.039   0.044   0.083   0.383 278.527 3194.879 )
756.838: I:49687 (   0.040   0.045 1360.895 ) T:4471602 (   0.039   0.044   0.083   0.379 279.807 3194.879 )
766.834: I:35208 (   0.040   0.045 809.471 ) T:4506810 (   0.039   0.044   0.083   0.389 280.063 3194.879 )
776.835: I:49514 (   0.040   0.045 582.655 ) T:4556324 (   0.039   0.044   0.083   0.391 280.575 3194.879 )
786.841: I:28431 (   0.040   0.045 395.519 ) T:4584755 (   0.039   0.044   0.083   0.403 281.599 3194.879 )
796.838: I:69419 (   0.040   0.045 950.271 ) T:4654174 (   0.039   0.044   0.083   0.396 280.575 3194.879 )
806.840: I:64098 (   0.040   0.045 1221.631 ) T:4718272 (   0.039   0.044   0.083   0.391 280.575 3194.879 )
816.834: I:62737 (   0.040   0.045 573.951 ) T:4781009 (   0.039   0.044   0.082   0.391 280.063 3194.879 )
826.837: I:70618 (   0.040   0.045 709.119 ) T:4851627 (   0.039   0.044   0.082   0.380 280.575 3194.879 )
836.840: I:38458 (   0.040   0.045 697.855 ) T:4890085 (   0.039   0.044   0.082   0.385 280.575 3194.879 )
846.836: I:26900 (   0.041   0.052 906.239 ) T:4916985 (   0.039   0.044   0.082   0.401 281.599 3194.879 )
856.840: I:66440 (   0.041   0.045 1025.023 ) T:4983425 (   0.039   0.044   0.082   0.393 281.599 3194.879 )
866.842: I:36400 (   0.042   0.080 591.871 ) T:5019825 (   0.039   0.044   0.084   0.404 281.855 3194.879 )
876.835: I:66308 (   0.041   0.046 699.903 ) T:5086133 (   0.039   0.044   0.083   0.395 281.855 3194.879 )
886.836: I:68684 (   0.041   0.046 702.463 ) T:5154817 (   0.039   0.044   0.083   0.389 282.111 3194.879 )
896.834: I:48811 (   0.041   0.047 698.367 ) T:5203628 (   0.039   0.044   0.083   0.393 281.855 3194.879 )
906.836: I:39607 (   0.042   0.064 904.191 ) T:5243235 (   0.039   0.044   0.084   0.403 283.391 3194.879 )
917.615: I:40951 (   0.041   0.046 713.727 ) T:5284186 (   0.039   0.044   0.084   0.401 283.391 3194.879 )
926.838: I:71646 (   0.041   0.046 599.039 ) T:5355832 (   0.039   0.045   0.084   0.391 283.391 3194.879 )
936.838: I:71199 (   0.041   0.046 841.215 ) T:5427031 (   0.039   0.045   0.084   0.383 282.111 3194.879 )
946.835: I:78034 (   0.041   0.045 1341.439 ) T:5505065 (   0.039   0.045   0.084   0.374 281.599 3194.879 )
956.840: I:86258 (   0.041   0.046 643.583 ) T:5591323 (   0.039   0.045   0.084   0.356 279.295 3194.879 )
966.834: I:93004 (   0.041   0.046 946.175 ) T:5684327 (   0.039   0.045   0.083   0.346 278.527 3194.879 )
976.841: I:54712 (   0.041   0.046 902.143 ) T:5739039 (   0.039   0.045   0.083   0.344 279.295 3194.879 )
987.195: I:39804 (   0.042   0.057 614.399 ) T:5778843 (   0.039   0.045   0.084   0.348 278.783 3194.879 )
996.839: I:72486 (   0.041   0.045 552.959 ) T:5851329 (   0.039   0.045   0.083   0.340 278.783 3194.879 )
1006.841: I:49883 (   0.040   0.045 992.767 ) T:5901212 (   0.039   0.045   0.083   0.341 278.783 3194.879 )
1016.842: I:21931 (   0.042   0.075 902.655 ) T:5923143 (   0.039   0.045   0.084   0.350 279.807 3194.879 )
1026.839: I:91693 (   0.040   0.045 408.319 ) T:6014836 (   0.039   0.045   0.084   0.343 278.527 3194.879 )
1036.840: I:76089 (   0.040   0.045 894.463 ) T:6090925 (   0.039   0.045   0.084   0.332 278.271 3194.879 )
1046.839: I:78072 (   0.040   0.045 1149.951 ) T:6168997 (   0.039   0.045   0.084   0.324 278.271 3194.879 )
1056.840: I:64204 (   0.041   0.045 715.263 ) T:6233201 (   0.039   0.045   0.084   0.322 278.271 3194.879 )
1066.837: I:76447 (   0.040   0.045 718.335 ) T:6309648 (   0.040   0.045   0.083   0.316 278.015 3194.879 )
1076.838: I:77311 (   0.040   0.045 969.727 ) T:6386959 (   0.040   0.045   0.083   0.311 277.759 3194.879 )
1086.838: I:72500 (   0.040   0.045 1343.487 ) T:6459459 (   0.040   0.045   0.083   0.306 278.015 3194.879 )
1096.834: I:72199 (   0.040   0.045 749.567 ) T:6531658 (   0.040   0.045   0.083   0.300 277.759 3194.879 )
1106.840: I:54174 (   0.040   0.045 452.351 ) T:6585832 (   0.040   0.045   0.083   0.298 278.271 3194.879 )
1116.838: I:50629 (   0.040   0.045 1052.671 ) T:6636461 (   0.040   0.045   0.083   0.297 278.783 3194.879 )
1126.834: I:85291 (   0.040   0.045 757.759 ) T:6721752 (   0.040   0.045   0.082   0.292 278.271 3194.879 )
1136.838: I:88766 (   0.040   0.045 711.679 ) T:6810518 (   0.040   0.045   0.082   0.286 277.759 3194.879 )
1146.958: I:88241 (   0.041   0.045 478.207 ) T:6898759 (   0.040   0.045   0.082   0.283 277.759 3194.879 )
1156.840: I:66454 (   0.041   0.046 1496.063 ) T:6965213 (   0.040   0.045   0.082   0.280 277.759 3194.879 )
1166.834: I:78994 (   0.041   0.046 673.279 ) T:7044207 (   0.040   0.045   0.082   0.278 277.247 3194.879 )
1176.840: I:46685 (   0.041   0.046 898.559 ) T:7090892 (   0.040   0.045   0.082   0.278 277.503 3194.879 )
1186.839: I:65557 (   0.041   0.046 543.743 ) T:7156449 (   0.040   0.045   0.082   0.278 276.479 3194.879 )
1196.841: I:70580 (   0.041   0.046 934.399 ) T:7227029 (   0.040   0.045   0.082   0.275 276.479 3194.879 )
1206.834: I:67686 (   0.041   0.046 458.239 ) T:7294715 (   0.040   0.045   0.082   0.275 275.455 3194.879 )
1216.835: I:76392 (   0.041   0.046 1307.647 ) T:7371107 (   0.040   0.045   0.082   0.273 275.711 3194.879 )
1226.838: I:55595 (   0.041   0.046 2498.559 ) T:7426702 (   0.040   0.045   0.082   0.272 276.479 3194.879 )
1236.837: I:66038 (   0.041   0.046 521.983 ) T:7492740 (   0.040   0.045   0.082   0.271 276.479 3194.879 )
1246.834: I:70704 (   0.041   0.046 690.687 ) T:7563444 (   0.040   0.045   0.081   0.269 276.479 3194.879 )
1256.835: I:81574 (   0.041   0.046 904.191 ) T:7645018 (   0.040   0.045   0.081   0.265 275.455 3194.879 )
1266.841: I:47379 (   0.042   0.055 743.935 ) T:7692397 (   0.040   0.045   0.081   0.266 275.967 3194.879 )
1276.840: I:75686 (   0.041   0.045 618.495 ) T:7768083 (   0.040   0.045   0.081   0.264 275.967 3194.879 )
1286.840: I:34641 (   0.040   0.045 1446.911 ) T:7802724 (   0.040   0.045   0.081   0.266 276.991 3194.879 )
1296.834: I:42561 (   0.040   0.045 384.767 ) T:7845285 (   0.040   0.045   0.081   0.267 277.247 3194.879 )
1306.840: I:59750 (   0.040   0.045 555.519 ) T:7905035 (   0.040   0.045   0.081   0.266 277.759 3194.879 )
1316.840: I:34195 (   0.040   0.045 1055.743 ) T:7939230 (   0.040   0.045   0.081   0.269 277.759 3194.879 )
1326.837: I:42011 (   0.040   0.046 466.943 ) T:7981241 (   0.040   0.045   0.081   0.269 278.015 3194.879 )
1336.839: I:67706 (   0.040   0.045 433.407 ) T:8048947 (   0.040   0.045   0.081   0.268 277.759 3194.879 )
1346.838: I:74240 (   0.040   0.045 1339.391 ) T:8123187 (   0.040   0.045   0.081   0.266 277.759 3194.879 )
1356.835: I:57511 (   0.040   0.045 2707.455 ) T:8180698 (   0.040   0.045   0.081   0.265 277.503 3194.879 )
1366.835: I:67921 (   0.040   0.045 1005.567 ) T:8248619 (   0.040   0.045   0.081   0.262 277.759 3194.879 )
1376.839: I:79477 (   0.040   0.045 800.767 ) T:8328096 (   0.040   0.045   0.081   0.260 277.247 3194.879 )
1386.837: I:80106 (   0.040   0.045 799.743 ) T:8408202 (   0.040   0.045   0.081   0.258 277.247 3194.879 )
1396.838: I:74803 (   0.040   0.045 911.871 ) T:8483005 (   0.040   0.045   0.080   0.256 276.735 3194.879 )
1406.837: I:55675 (   0.040   0.045 1462.271 ) T:8538680 (   0.040   0.045   0.080   0.256 277.247 3194.879 )
1416.834: I:92881 (   0.040   0.045 583.167 ) T:8631561 (   0.040   0.045   0.080   0.253 275.711 3194.879 )
1426.838: I:82034 (   0.041   0.045 831.487 ) T:8713595 (   0.040   0.045   0.080   0.251 275.455 3194.879 )
1436.838: I:82380 (   0.041   0.046 890.879 ) T:8795975 (   0.040   0.045   0.080   0.249 274.943 3194.879 )
1446.837: I:79115 (   0.041   0.046 1690.623 ) T:8875090 (   0.040   0.045   0.080   0.248 274.687 3194.879 )
1456.840: I:59714 (   0.041   0.046 511.231 ) T:8934804 (   0.040   0.045   0.080   0.247 274.943 3194.879 )
1466.841: I:90792 (   0.041   0.046 824.831 ) T:9025596 (   0.040   0.045   0.080   0.246 274.687 3194.879 )
1476.840: I:67078 (   0.041   0.046 1259.519 ) T:9092674 (   0.040   0.045   0.080   0.245 274.687 3194.879 )
1486.841: I:49315 (   0.041   0.048 457.727 ) T:9141989 (   0.040   0.045   0.080   0.245 274.943 3194.879 )
1496.839: I:69464 (   0.041   0.046 697.343 ) T:9211453 (   0.040   0.045   0.080   0.245 274.687 3194.879 )
1506.888: I:69260 (   0.041   0.046 979.967 ) T:9280713 (   0.040   0.045   0.080   0.244 274.687 3194.879 )
1516.833: I:82411 (   0.041   0.045 846.335 ) T:9363124 (   0.040   0.045   0.080   0.242 274.175 3194.879 )
1526.838: I:55690 (   0.041   0.046 2045.951 ) T:9418814 (   0.040   0.045   0.080   0.241 274.687 3194.879 )
1536.839: I:83136 (   0.041   0.045 927.231 ) T:9501950 (   0.040   0.045   0.079   0.240 274.431 3194.879 )
1546.834: I:75115 (   0.041   0.046 861.183 ) T:9577065 (   0.040   0.045   0.079   0.238 274.175 3194.879 )
1556.840: I:47758 (   0.041   0.046 849.919 ) T:9624823 (   0.040   0.045   0.079   0.238 274.687 3194.879 )
1566.840: I:45014 (   0.041   0.045 1104.895 ) T:9669837 (   0.040   0.045   0.079   0.239 274.943 3194.879 )
1576.834: I:79395 (   0.040   0.045 670.719 ) T:9749232 (   0.040   0.045   0.079   0.237 274.943 3194.879 )
1586.842: I:32579 (   0.040   0.045 462.335 ) T:9781811 (   0.040   0.045   0.079   0.239 274.943 3194.879 )
1596.842: I:25182 (   0.042   0.094 547.839 ) T:9806993 (   0.040   0.045   0.080   0.241 274.943 3194.879 )
1606.842: I:73025 (   0.040   0.045 844.799 ) T:9880018 (   0.040   0.045   0.080   0.241 274.943 3194.879 )
1616.839: I:64991 (   0.040   0.045 762.367 ) T:9945009 (   0.040   0.045   0.080   0.240 274.943 3194.879 )
1626.840: I:89869 (   0.040   0.045 1290.239 ) T:10034878 (   0.040   0.045   0.080   0.238 274.687 3194.879 )
1636.838: I:79036 (   0.040   0.045 1369.087 ) T:10113914 (   0.040   0.045   0.080   0.237 274.431 3194.879 )
1646.833: I:82162 (   0.041   0.045 545.791 ) T:10196076 (   0.040   0.045   0.080   0.236 274.175 3194.879 )
1656.834: I:80453 (   0.040   0.045 758.271 ) T:10276529 (   0.040   0.045   0.080   0.235 273.663 3194.879 )
1666.839: I:68095 (   0.040   0.045 1561.599 ) T:10344624 (   0.040   0.045   0.080   0.234 273.663 3194.879 )
1676.840: I:79103 (   0.040   0.045 762.879 ) T:10423727 (   0.040   0.045   0.080   0.233 273.407 3194.879 )
1686.842: I:62993 (   0.040   0.045 1246.207 ) T:10486720 (   0.040   0.045   0.080   0.233 273.663 3194.879 )
1696.839: I:52024 (   0.041   0.045 701.439 ) T:10538744 (   0.040   0.045   0.080   0.233 273.919 3194.879 )
1706.841: I:40505 (   0.041   0.047 1471.487 ) T:10579249 (   0.040   0.045   0.080   0.233 274.175 3194.879 )
1716.834: I:66106 (   0.040   0.045 895.999 ) T:10645355 (   0.040   0.045   0.080   0.233 274.431 3194.879 )
1726.839: I:49410 (   0.041   0.046 603.647 ) T:10694765 (   0.040   0.045   0.080   0.233 274.687 3194.879 )
1736.838: I:64309 (   0.041   0.045 1517.567 ) T:10759074 (   0.040   0.045   0.079   0.232 274.687 3194.879 )
1746.836: I:69537 (   0.041   0.046 1061.887 ) T:10828611 (   0.040   0.045   0.079   0.231 274.687 3194.879 )
1756.840: I:68682 (   0.041   0.046 640.511 ) T:10897293 (   0.040   0.045   0.079   0.231 274.687 3194.879 )
1766.840: I:58567 (   0.041   0.046 1715.199 ) T:10955860 (   0.040   0.045   0.079   0.230 274.943 3194.879 )
1776.839: I:77331 (   0.041   0.046 817.663 ) T:11033191 (   0.040   0.045   0.079   0.229 274.687 3194.879 )
1786.839: I:99485 (   0.041   0.046 866.815 ) T:11132676 (   0.040   0.045   0.079   0.228 274.431 3194.879 )
1796.834: I:95164 (   0.041   0.046 666.623 ) T:11227840 (   0.040   0.045   0.079   0.227 274.431 3194.879 )
1806.838: I:57409 (   0.041   0.046 3583.999 ) T:11285249 (   0.040   0.045   0.079   0.226 274.175 3583.999 )
1816.836: I:57379 (   0.041   0.056 358.911 ) T:11342628 (   0.040   0.045   0.079   0.227 274.175 3583.999 )
1826.836: I:49368 (   0.042   0.059 390.655 ) T:11391996 (   0.040   0.045   0.079   0.228 273.919 3583.999 )
1836.834: I:66431 (   0.041   0.046 796.671 ) T:11458427 (   0.040   0.045   0.079   0.227 274.175 3583.999 )
1846.839: I:76007 (   0.041   0.046 913.407 ) T:11534434 (   0.040   0.045   0.079   0.226 274.175 3583.999 )
1856.834: I:88035 (   0.040   0.045 492.031 ) T:11622469 (   0.040   0.045   0.079   0.225 273.663 3583.999 )
1866.838: I:83132 (   0.041   0.045 603.647 ) T:11705601 (   0.040   0.045   0.079   0.223 273.663 3583.999 )
1876.839: I:45595 (   0.040   0.045 2103.295 ) T:11751196 (   0.040   0.045   0.079   0.223 273.407 3583.999 )
1886.840: I:27615 (   0.041   0.045 2551.807 ) T:11778811 (   0.040   0.045   0.079   0.223 273.663 3583.999 )
1896.834: I:32571 (   0.041   0.046 4194.303 ) T:11811382 (   0.040   0.045   0.079   0.222 273.663 4194.303 )
1906.834: I:14886 (   0.041   0.046 7610.367 ) T:11826268 (   0.040   0.045   0.079   0.222 273.919 7610.367 )
1916.841: I:16742 (   0.041   0.046 2492.415 ) T:11843010 (   0.040   0.045   0.079   0.223 274.431 7610.367 )
1926.839: I:69000 (   0.040   0.045 1881.087 ) T:11912010 (   0.040   0.045   0.079   0.222 274.431 7610.367 )
1936.836: I:103656 (   0.040   0.045 806.911 ) T:12015666 (   0.040   0.045   0.079   0.221 274.175 7610.367 )
1946.835: I:84366 (   0.041   0.045 2557.951 ) T:12100032 (   0.040   0.045   0.079   0.220 273.663 7610.367 )
1956.834: I:140111 (   0.040   0.045 472.575 ) T:12240143 (   0.040   0.045   0.079   0.218 273.407 7610.367 )
1966.834: I:101143 (   0.040   0.045 566.783 ) T:12341286 (   0.040   0.045   0.078   0.217 273.151 7610.367 )
1976.842: I:21614 (   0.043   0.063 2508.799 ) T:12362900 (   0.040   0.045   0.079   0.218 273.407 7610.367 )
1986.841: I:45712 (   0.041   0.057 549.887 ) T:12408612 (   0.040   0.045   0.079   0.219 273.407 7610.367 )
1996.834: I:44888 (   0.041   0.046 1460.223 ) T:12453500 (   0.040   0.045   0.079   0.218 273.407 7610.367 )
2006.835: I:26321 (   0.040   0.045 2351.103 ) T:12479821 (   0.040   0.045   0.079   0.218 273.919 7610.367 )
2016.840: I:43783 (   0.041   0.058 588.799 ) T:12523604 (   0.040   0.045   0.079   0.219 274.175 7610.367 )
2026.843: I:31434 (   0.042   0.059 358.911 ) T:12555038 (   0.040   0.045   0.079   0.220 274.175 7610.367 )
2036.835: I:54815 (   0.041   0.047 1099.775 ) T:12609853 (   0.040   0.045   0.079   0.220 274.687 7610.367 )
2046.840: I:85914 (   0.041   0.046 699.903 ) T:12695767 (   0.040   0.045   0.079   0.220 274.431 7610.367 )
2056.840: I:81163 (   0.041   0.046 583.167 ) T:12776930 (   0.040   0.045   0.079   0.219 274.175 7610.367 )
2066.839: I:85975 (   0.041   0.046 613.887 ) T:12862905 (   0.040   0.045   0.079   0.218 274.175 7610.367 )
2076.840: I:48081 (   0.041   0.046 1550.335 ) T:12910986 (   0.040   0.045   0.079   0.218 274.175 7610.367 )
2086.834: I:67407 (   0.041   0.046 614.911 ) T:12978393 (   0.040   0.045   0.079   0.218 274.687 7610.367 )
2096.834: I:52409 (   0.041   0.046 684.543 ) T:13030802 (   0.040   0.045   0.079   0.218 274.687 7610.367 )
2106.834: I:79281 (   0.041   0.046 1501.183 ) T:13110083 (   0.040   0.045   0.078   0.217 274.431 7610.367 )
2116.835: I:83083 (   0.041   0.046 689.663 ) T:13193166 (   0.040   0.045   0.078   0.216 274.175 7610.367 )
2126.834: I:83698 (   0.041   0.046 931.327 ) T:13276864 (   0.040   0.045   0.078   0.215 273.919 7610.367 )
2136.837: I:77850 (   0.041   0.046 1128.447 ) T:13354714 (   0.040   0.045   0.078   0.214 273.407 7610.367 )
2146.840: I:67334 (   0.041   0.046 892.927 ) T:13422048 (   0.040   0.045   0.078   0.214 273.407 7610.367 )
2156.840: I:77550 (   0.040   0.045 848.895 ) T:13499598 (   0.040   0.045   0.078   0.213 273.407 7610.367 )
2166.837: I:86278 (   0.041   0.045 788.479 ) T:13585876 (   0.040   0.045   0.078   0.212 272.895 7610.367 )
2177.455: I:49458 (   0.041   0.045 4163.583 ) T:13635334 (   0.040   0.045   0.078   0.212 272.895 7610.367 )
2186.834: I:70584 (   0.040   0.045 634.367 ) T:13705918 (   0.040   0.045   0.078   0.212 272.895 7610.367 )
2196.837: I:67902 (   0.041   0.045 964.095 ) T:13773820 (   0.040   0.045   0.078   0.211 273.407 7610.367 )
2206.841: I:41224 (   0.041   0.047 731.135 ) T:13815044 (   0.040   0.045   0.078   0.212 273.407 7610.367 )
2216.841: I:76283 (   0.040   0.045 986.623 ) T:13891327 (   0.040   0.045   0.078   0.211 273.407 7610.367 )
2226.834: I:82801 (   0.041   0.045 849.919 ) T:13974128 (   0.040   0.045   0.078   0.210 273.407 7610.367 )
2236.838: I:59903 (   0.041   0.045 1349.631 ) T:14034031 (   0.040   0.045   0.078   0.210 273.663 7610.367 )
2246.840: I:72121 (   0.041   0.046 603.135 ) T:14106152 (   0.040   0.045   0.078   0.209 273.919 7610.367 )
2256.837: I:76426 (   0.041   0.045 633.855 ) T:14182578 (   0.040   0.045   0.078   0.208 273.919 7610.367 )
2266.839: I:79305 (   0.041   0.046 804.351 ) T:14261883 (   0.040   0.045   0.078   0.208 273.663 7610.367 )
2276.835: I:32529 (   0.041   0.046 5165.055 ) T:14294412 (   0.040   0.045   0.078   0.208 273.663 7610.367 )
2286.835: I:77992 (   0.041   0.045 812.543 ) T:14372404 (   0.040   0.045   0.078   0.207 273.663 7610.367 )
2296.840: I:70177 (   0.041   0.046 1020.927 ) T:14442581 (   0.040   0.045   0.078   0.207 273.663 7610.367 )
2306.839: I:84977 (   0.041   0.046 766.463 ) T:14527558 (   0.040   0.045   0.078   0.207 273.407 7610.367 )
2316.840: I:47059 (   0.041   0.046 1649.663 ) T:14574617 (   0.040   0.045   0.078   0.206 273.663 7610.367 )
2326.841: I:20482 (   0.042   0.047 2127.871 ) T:14595099 (   0.040   0.045   0.078   0.206 274.175 7610.367 )
2336.842: I:8706 (   0.045   0.087 1952.767 ) T:14603805 (   0.040   0.045   0.078   0.207 274.687 7610.367 )
2346.839: I:3367 (   0.043   0.090 5238.783 ) T:14607172 (   0.040   0.045   0.078   0.207 274.943 7610.367 )
2356.838: I:58091 (   0.041   0.046 2674.687 ) T:14665263 (   0.040   0.045   0.078   0.207 274.687 7610.367 )
2366.839: I:27639 (   0.042   0.047 2101.247 ) T:14692902 (   0.040   0.045   0.078   0.206 274.687 7610.367 )
2376.836: I:31552 (   0.041   0.046 5054.463 ) T:14724454 (   0.040   0.045   0.078   0.206 274.687 7610.367 )
2386.840: I:32143 (   0.042   0.046 3627.007 ) T:14756597 (   0.040   0.045   0.078   0.206 274.687 7610.367 )
2396.840: I:23628 (   0.041   0.046 1538.047 ) T:14780225 (   0.040   0.045   0.078   0.206 275.199 7610.367 )
2406.839: I:47559 (   0.041   0.045 2293.759 ) T:14827784 (   0.040   0.045   0.078   0.206 275.455 7610.367 )
2416.840: I:13491 (   0.041   0.046 4718.591 ) T:14841275 (   0.040   0.045   0.078   0.205 275.711 7610.367 )
2426.834: I:28695 (   0.041   0.046 2809.855 ) T:14869970 (   0.040   0.045   0.078   0.205 275.711 7610.367 )
2436.840: I:26695 (   0.041   0.046 2795.519 ) T:14896665 (   0.040   0.045   0.078   0.205 276.479 7610.367 )
2446.841: I:56122 (   0.041   0.046 3758.079 ) T:14952787 (   0.040   0.045   0.078   0.205 275.967 7610.367 )
2456.839: I:32456 (   0.042   0.047 2920.447 ) T:14985243 (   0.040   0.045   0.078   0.205 276.735 7610.367 )
2466.839: I:50346 (   0.041   0.046 2121.727 ) T:15035589 (   0.040   0.045   0.078   0.204 276.735 7610.367 )
2476.837: I:65276 (   0.042   0.046 998.911 ) T:15100865 (   0.040   0.045   0.078   0.204 275.967 7610.367 )
2486.839: I:19106 (   0.041   0.046 2291.711 ) T:15119971 (   0.040   0.045   0.078   0.204 277.503 7610.367 )
2496.834: I:37949 (   0.041   0.046 1254.399 ) T:15157920 (   0.040   0.045   0.078   0.204 278.015 7610.367 )
2506.840: I:22252 (   0.041   0.046 1627.135 ) T:15180172 (   0.040   0.045   0.078   0.204 278.015 7610.367 )
2516.840: I:19726 (   0.041   0.046 3213.311 ) T:15199898 (   0.040   0.045   0.078   0.204 278.783 7610.367 )
2526.840: I:11400 (   0.041   0.046 1132.543 ) T:15211298 (   0.040   0.045   0.078   0.204 281.343 7610.367 )
2536.841: I:10263 (   0.042   0.049 2093.055 ) T:15221561 (   0.040   0.045   0.078   0.205 283.391 7610.367 )
2546.841: I:12938 (   0.042   0.057 845.823 ) T:15234499 (   0.040   0.045   0.079   0.205 285.183 7610.367 )
2556.840: I:25705 (   0.041   0.046 1511.423 ) T:15260204 (   0.040   0.045   0.079   0.205 286.719 7610.367 )
2566.838: I:17333 (   0.042   0.057 995.839 ) T:15277537 (   0.040   0.045   0.079   0.205 288.255 7610.367 )
2576.841: I:7190 (   0.041   0.062 3184.639 ) T:15284727 (   0.040   0.045   0.079   0.206 288.767 7610.367 )
2586.841: I:14360 (   0.041   0.058 1026.559 ) T:15299087 (   0.040   0.045   0.079   0.206 290.303 7610.367 )
2596.838: I:45601 (   0.040   0.045 2588.671 ) T:15344688 (   0.040   0.045   0.079   0.206 290.559 7610.367 )
2606.837: I:23208 (   0.040   0.047 1455.103 ) T:15367896 (   0.040   0.045   0.079   0.206 290.815 7610.367 )
2616.840: I:39860 (   0.040   0.045 2990.079 ) T:15407756 (   0.040   0.045   0.079   0.205 291.071 7610.367 )
2626.843: I:33051 (   0.041   0.045 1844.223 ) T:15440807 (   0.040   0.045   0.079   0.205 291.327 7610.367 )
2636.839: I:40862 (   0.041   0.046 2437.119 ) T:15481669 (   0.040   0.045   0.079   0.205 291.327 7610.367 )
2646.842: I:34973 (   0.040   0.045 4526.079 ) T:15516642 (   0.040   0.045   0.079   0.205 291.327 7610.367 )
2656.840: I:31370 (   0.041   0.046 1839.103 ) T:15548012 (   0.040   0.045   0.079   0.205 291.583 7610.367 )
2667.219: I:37550 (   0.041   0.045 2301.951 ) T:15585562 (   0.040   0.045   0.079   0.204 292.351 7610.367 )
2676.840: I:24116 (   0.040   0.046 3137.535 ) T:15609678 (   0.040   0.045   0.079   0.204 292.607 7610.367 )
2686.840: I:15162 (   0.040   0.046 1344.511 ) T:15624840 (   0.040   0.045   0.079   0.205 294.655 7610.367 )
2696.834: I:36162 (   0.040   0.045 2217.983 ) T:15661002 (   0.040   0.045   0.079   0.204 294.911 7610.367 )
2706.839: I:39319 (   0.040   0.045 2097.151 ) T:15700321 (   0.040   0.045   0.079   0.204 294.911 7610.367 )
2716.834: I:28622 (   0.041   0.045 3375.103 ) T:15728943 (   0.040   0.045   0.079   0.204 295.167 7610.367 )
2726.840: I:40801 (   0.040   0.045 2553.855 ) T:15769744 (   0.040   0.045   0.079   0.204 295.423 7610.367 )
2736.834: I:48451 (   0.040   0.045 3848.191 ) T:15818195 (   0.040   0.045   0.079   0.204 295.167 7610.367 )
2746.834: I:35276 (   0.041   0.045 4403.199 ) T:15853471 (   0.040   0.045   0.079   0.203 295.167 7610.367 )
2756.840: I:26297 (   0.041   0.046 1292.287 ) T:15879768 (   0.040   0.045   0.079   0.204 295.935 7610.367 )
2766.838: I:43768 (   0.040   0.045 1732.607 ) T:15923536 (   0.040   0.045   0.079   0.203 296.191 7610.367 )
2776.835: I:58967 (   0.041   0.045   1.151 ) T:15982503 (   0.040   0.045   0.079   0.203 295.679 7610.367 )
2786.840: I:24764 (   0.041   0.046 3579.903 ) T:16007267 (   0.040   0.045   0.079   0.203 296.191 7610.367 )
2796.838: I:10840 (   0.042   0.091 970.239 ) T:16018107 (   0.040   0.045   0.079   0.203 297.727 7610.367 )
2806.841: I:6603 (   0.045   0.087 2824.191 ) T:16024710 (   0.040   0.045   0.080   0.204 298.751 7610.367 )
2816.841: I:14380 (   0.041   0.080 1477.631 ) T:16039090 (   0.040   0.045   0.080   0.204 300.543 7610.367 )
2826.840: I:37773 (   0.041   0.045 1381.375 ) T:16076863 (   0.040   0.045   0.080   0.204 300.799 7610.367 )
2836.838: I:41490 (   0.040   0.045 2034.687 ) T:16118353 (   0.040   0.045   0.080   0.204 300.799 7610.367 )
2846.832: I:39827 (   0.041   0.045 3573.759 ) T:16158180 (   0.040   0.045   0.080   0.204 300.799 7610.367 )
2856.840: I:25683 (   0.040   0.045 2359.295 ) T:16183863 (   0.040   0.045   0.080   0.204 301.055 7610.367 )
2866.840: I:34409 (   0.040   0.045 1659.903 ) T:16218272 (   0.040   0.045   0.080   0.204 302.079 7610.367 )
2876.839: I:30060 (   0.041   0.045 1428.479 ) T:16248332 (   0.040   0.045   0.080   0.203 302.079 7610.367 )
2886.841: I:29816 (   0.041   0.046 4247.551 ) T:16278148 (   0.040   0.045   0.080   0.203 302.335 7610.367 )
2896.841: I:35447 (   0.041   0.046 2099.199 ) T:16313595 (   0.040   0.045   0.080   0.203 302.847 7610.367 )
2906.839: I:42467 (   0.041   0.046 2111.487 ) T:16356062 (   0.040   0.045   0.080   0.203 303.359 7610.367 )
2916.840: I:26585 (   0.041   0.045 3819.519 ) T:16382647 (   0.040   0.045   0.080   0.203 303.359 7610.367 )
2926.840: I:30103 (   0.041   0.046 1607.679 ) T:16412750 (   0.040   0.045   0.080   0.203 303.871 7610.367 )
2936.838: I:22330 (   0.041   0.046 1663.999 ) T:16435080 (   0.040   0.045   0.080   0.203 304.895 7610.367 )
2946.834: I:9868 (   0.041   0.047 3108.863 ) T:16444948 (   0.040   0.045   0.080   0.203 305.919 7610.367 )
2956.979: I:20552 (   0.042   0.062 1393.663 ) T:16465500 (   0.040   0.045   0.080   0.204 306.175 7610.367 )
2966.838: I:8795 (   0.043   0.105 1949.695 ) T:16474295 (   0.040   0.045   0.080   0.204 307.967 7610.367 )
2976.841: I:36490 (   0.041   0.046 1532.927 ) T:16510785 (   0.040   0.045   0.080   0.204 308.223 7610.367 )
2986.836: I:15065 (   0.042   0.062 3127.295 ) T:16525850 (   0.040   0.045   0.081   0.204 309.247 7610.367 )
2996.840: I:32518 (   0.041   0.046 2652.159 ) T:16558368 (   0.040   0.045   0.081   0.204 309.503 7610.367 )
3006.843: I:42444 (   0.041   0.046 1701.887 ) T:16600812 (   0.040   0.045   0.081   0.204 310.015 7610.367 )
3016.839: I:21793 (   0.041   0.044 1783.807 ) T:16622605 (   0.040   0.045   0.081   0.204 310.271 7610.367 )
3026.840: I:39203 (   0.041   0.046 3811.327 ) T:16661808 (   0.040   0.045   0.081   0.204 310.271 7610.367 )
3036.841: I:34137 (   0.041   0.046 3893.247 ) T:16695945 (   0.040   0.045   0.081   0.204 310.783 7610.367 )
3046.842: I:35160 (   0.041   0.046 2478.079 ) T:16731105 (   0.040   0.045   0.081   0.203 310.783 7610.367 )
3056.840: I:39811 (   0.041   0.046 2949.119 ) T:16770916 (   0.040   0.045   0.081   0.203 310.783 7610.367 )
3066.838: I:40000 (   0.041   0.046 2439.167 ) T:16810916 (   0.040   0.045   0.081   0.203 311.039 7610.367 )
3076.839: I:50336 (   0.041   0.046 1263.615 ) T:16861252 (   0.040   0.045   0.081   0.203 311.039 7610.367 )
3086.841: I:38577 (   0.041   0.046 2189.311 ) T:16899829 (   0.040   0.045   0.081   0.203 311.295 7610.367 )
3096.839: I:46127 (   0.041   0.046 1686.527 ) T:16945956 (   0.040   0.045   0.081   0.202 311.295 7610.367 )
3106.840: I:35895 (   0.041   0.046 1416.191 ) T:16981851 (   0.040   0.045   0.081   0.202 311.807 7610.367 )
3117.081: I:38719 (   0.041   0.046 1127.423 ) T:17020570 (   0.040   0.045   0.081   0.202 313.087 7610.367 )
3126.836: I:22899 (   0.041   0.046 5836.799 ) T:17043469 (   0.040   0.045   0.081   0.202 313.087 7610.367 )
3136.841: I:39954 (   0.041   0.046 2615.295 ) T:17083423 (   0.040   0.045   0.081   0.202 313.855 7610.367 )
3146.840: I:37331 (   0.041   0.046 1910.783 ) T:17120754 (   0.040   0.045   0.081   0.202 314.111 7610.367 )
3156.841: I:39609 (   0.041   0.046 2764.799 ) T:17160363 (   0.040   0.045   0.081   0.201 314.879 7610.367 )
3166.837: I:27840 (   0.041   0.045 1569.791 ) T:17188203 (   0.040   0.045   0.081   0.201 315.647 7610.367 )
3176.840: I:33029 (   0.040   0.046 1217.535 ) T:17221232 (   0.040   0.045   0.081   0.201 316.415 7610.367 )
3186.840: I:29443 (   0.040   0.045 4122.623 ) T:17250675 (   0.040   0.045   0.081   0.201 316.415 7610.367 )
3196.841: I:29530 (   0.041   0.045 3299.327 ) T:17280205 (   0.040   0.045   0.081   0.201 316.415 7610.367 )
3206.840: I:48571 (   0.041   0.046 1370.111 ) T:17328776 (   0.040   0.045   0.081   0.201 316.927 7610.367 )
3216.840: I:49549 (   0.040   0.045 2607.103 ) T:17378325 (   0.040   0.045   0.081   0.201 316.927 7610.367 )
3226.837: I:28627 (   0.040   0.045 4159.487 ) T:17406952 (   0.040   0.045   0.081   0.201 317.183 7610.367 )
3236.838: I:45920 (   0.041   0.045 1756.159 ) T:17452872 (   0.040   0.045   0.081   0.200 317.183 7610.367 )
3246.834: I:31388 (   0.040   0.045 3969.023 ) T:17484260 (   0.040   0.045   0.081   0.200 317.439 7610.367 )
3256.834: I:73270 (   0.041   0.045 2543.615 ) T:17557530 (   0.040   0.045   0.081   0.199 316.671 7610.367 )
3266.835: I:30431 (   0.040   0.045 1685.503 ) T:17587961 (   0.040   0.045   0.081   0.200 317.439 7610.367 )
3276.837: I:23125 (   0.041   0.046 1472.511 ) T:17611086 (   0.040   0.045   0.081   0.200 317.695 7610.367 )
3286.840: I:44704 (   0.040   0.045 4993.023 ) T:17655790 (   0.040   0.045   0.081   0.199 318.463 7610.367 )
3296.840: I:52273 (   0.041   0.046 1840.127 ) T:17708063 (   0.040   0.045   0.081   0.199 318.463 7610.367 )
3306.834: I:43356 (   0.040   0.045 2646.015 ) T:17751419 (   0.040   0.045   0.081   0.199 318.463 7610.367 )
3316.838: I:59724 (   0.041   0.046 1242.111 ) T:17811143 (   0.040   0.045   0.081   0.199 318.463 7610.367 )
3326.838: I:12004 (   0.043   0.083 1142.783 ) T:17823147 (   0.040   0.045   0.081   0.199 320.255 7610.367 )
3336.834: I:53738 (   0.040   0.046 1040.383 ) T:17876885 (   0.040   0.045   0.081   0.199 320.511 7610.367 )
3346.838: I:85487 (   0.041   0.046 1967.103 ) T:17962372 (   0.040   0.045   0.081   0.198 320.255 7610.367 )
3356.840: I:56247 (   0.041   0.045 944.639 ) T:18018619 (   0.040   0.045   0.081   0.198 320.767 7610.367 )
3367.031: I:41760 (   0.041   0.045 858.111 ) T:18060379 (   0.040   0.045   0.081   0.198 321.279 7610.367 )
3376.834: I:36933 (   0.040   0.045 2820.095 ) T:18097312 (   0.040   0.045   0.081   0.198 321.279 7610.367 )
3386.840: I:56821 (   0.041   0.046 748.543 ) T:18154133 (   0.040   0.045   0.081   0.198 321.535 7610.367 )
3396.834: I:53903 (   0.041   0.046 1882.111 ) T:18208036 (   0.040   0.045   0.081   0.197 321.791 7610.367 )
3406.840: I:45807 (   0.041   0.046 858.623 ) T:18253843 (   0.040   0.045   0.081   0.197 322.303 7610.367 )
3417.850: I:82869 (   0.041   0.046 1672.191 ) T:18336712 (   0.040   0.045   0.081   0.197 321.791 7610.367 )
3426.840: I:28595 (   0.041   0.046 1564.671 ) T:18365307 (   0.040   0.045   0.081   0.197 322.559 7610.367 )
3436.840: I:58419 (   0.041   0.046 967.679 ) T:18423726 (   0.040   0.045   0.081   0.196 323.327 7610.367 )
3446.840: I:50724 (   0.041   0.046 2240.511 ) T:18474450 (   0.040   0.045   0.081   0.196 323.071 7610.367 )
3456.834: I:65473 (   0.041   0.046 1092.607 ) T:18539923 (   0.040   0.045   0.081   0.196 323.327 7610.367 )
3466.835: I:57630 (   0.042   0.047 1065.983 ) T:18597553 (   0.040   0.045   0.081   0.195 323.327 7610.367 )
3476.840: I:47009 (   0.041   0.046 829.439 ) T:18644562 (   0.040   0.045   0.081   0.195 323.839 7610.367 )
3486.836: I:48416 (   0.041   0.046 3184.639 ) T:18692978 (   0.040   0.045   0.081   0.195 324.351 7610.367 )
3496.839: I:27529 (   0.044   0.073 1073.151 ) T:18720507 (   0.040   0.045   0.081   0.195 324.863 7610.367 )
3506.838: I:20545 (   0.042   0.068 1427.455 ) T:18741052 (   0.040   0.045   0.081   0.196 325.119 7610.367 )
3516.839: I:22846 (   0.041   0.047 1562.623 ) T:18763898 (   0.040   0.045   0.081   0.196 326.143 7610.367 )
3526.838: I:11856 (   0.041   0.046 1001.983 ) T:18775754 (   0.040   0.045   0.081   0.196 327.423 7610.367 )
3536.834: I:58972 (   0.041   0.046 971.775 ) T:18834726 (   0.040   0.045   0.081   0.196 327.423 7610.367 )
3546.838: I:71818 (   0.042   0.046 873.983 ) T:18906544 (   0.040   0.045   0.081   0.196 326.911 7610.367 )
3556.835: I:65395 (   0.041   0.046 3287.039 ) T:18971939 (   0.040   0.045   0.081   0.195 326.655 7610.367 )
3566.840: I:64735 (   0.041   0.045 673.791 ) T:19036674 (   0.040   0.045   0.081   0.195 326.655 7610.367 )
3576.834: I:60731 (   0.040   0.045 1971.199 ) T:19097405 (   0.040   0.045   0.081   0.195 326.655 7610.367 )
3586.840: I:72484 (   0.040   0.045 713.215 ) T:19169889 (   0.040   0.045   0.081   0.194 326.655 7610.367 )
3596.840: I:39642 (   0.040   0.045 471.295 ) T:19209531 (   0.040   0.045   0.081   0.195 326.655 7610.367 )
3606.834: I:54417 (   0.041   0.045 1524.735 ) T:19263948 (   0.040   0.045   0.081   0.195 326.399 7610.367 )
3616.834: I:80323 (   0.041   0.045 880.639 ) T:19344271 (   0.040   0.045   0.081   0.194 326.143 7610.367 )
3626.999: I:60018 (   0.041   0.045 776.191 ) T:19404289 (   0.040   0.045   0.081   0.195 326.143 7610.367 )
3636.834: I:82099 (   0.040   0.045 1056.767 ) T:19486388 (   0.040   0.045   0.080   0.194 325.375 7610.367 )
3646.840: I:69175 (   0.040   0.045 1414.143 ) T:19555563 (   0.040   0.045   0.080   0.194 325.887 7610.367 )
3657.058: I:82658 (   0.041   0.046 615.423 ) T:19638221 (   0.040   0.045   0.080   0.193 325.887 7610.367 )
3666.833: I:88715 (   0.041   0.045 734.207 ) T:19726936 (   0.040   0.045   0.080   0.193 325.119 7610.367 )
3676.834: I:87043 (   0.041   0.045 1240.063 ) T:19813979 (   0.040   0.045   0.080   0.192 324.607 7610.367 )
3686.873: I:94901 (   0.041   0.046 674.815 ) T:19908880 (   0.040   0.045   0.080   0.191 324.095 7610.367 )
3696.836: I:40112 (   0.041   0.046 4485.119 ) T:19948992 (   0.040   0.045   0.080   0.191 324.095 7610.367 )
3703.549: I:52210 (   0.041   0.046 782.847 ) T:20001202 (   0.040   0.045   0.080   0.191 323.327 7610.367 )
3703.596: I:0 (   0.000   0.000   0.000 ) T:20001202 (   0.040   0.045   0.080   0.191 323.327 7610.367 )
