#[Interval percentile log between 0.000 and <Infinite> seconds (relative to StartTime)]
#[StartTime: 1524656542.517 (seconds since epoch), Wed Apr 25 13:42:22 CEST 2018]
Time: IntervalPercentiles:count ( 50% 90% Max ) TotalPercentiles:count ( 50% 90% 99% 99.9% 99.99% Max )
9.984: I:1 (   0.002   0.002   0.002 ) T:1 (   0.002   0.002   0.002   0.002   0.002   0.002 )
19.978: I:1 (   0.002   0.002   0.002 ) T:2 (   0.002   0.002   0.002   0.002   0.002   0.002 )
29.979: I:1 (   0.002   0.002   0.002 ) T:3 (   0.002   0.002   0.002   0.002   0.002   0.002 )
39.979: I:1 (   0.002   0.002   0.002 ) T:4 (   0.002   0.002   0.002   0.002   0.002   0.002 )
49.979: I:1 (   0.002   0.002   0.002 ) T:5 (   0.002   0.002   0.002   0.002   0.002   0.002 )
59.979: I:1 (   0.002   0.002   0.002 ) T:6 (   0.002   0.002   0.002   0.002   0.002   0.002 )
69.979: I:1 (   0.001   0.001   0.001 ) T:7 (   0.002   0.002   0.002   0.002   0.002   0.002 )
79.979: I:1 (   0.001   0.001   0.001 ) T:8 (   0.002   0.002   0.002   0.002   0.002   0.002 )
89.978: I:1 (   0.001   0.001   0.001 ) T:9 (   0.002   0.002   0.002   0.002   0.002   0.002 )
99.978: I:1 (   0.001   0.001   0.001 ) T:10 (   0.002   0.002   0.002   0.002   0.002   0.002 )
109.979: I:1 (   0.001   0.001   0.001 ) T:11 (   0.002   0.002   0.002   0.002   0.002   0.002 )
119.979: I:1 (   0.001   0.001   0.001 ) T:12 (   0.001   0.002   0.002   0.002   0.002   0.002 )
129.978: I:1 (   0.001   0.001   0.001 ) T:13 (   0.001   0.002   0.002   0.002   0.002   0.002 )
139.978: I:1 (   0.001   0.001   0.001 ) T:14 (   0.001   0.002   0.002   0.002   0.002   0.002 )
149.978: I:1 (   0.001   0.001   0.001 ) T:15 (   0.001   0.002   0.002   0.002   0.002   0.002 )
159.978: I:1 (   0.002   0.002   0.002 ) T:16 (   0.001   0.002   0.002   0.002   0.002   0.002 )
169.979: I:1 (   0.001   0.001   0.001 ) T:17 (   0.001   0.002   0.002   0.002   0.002   0.002 )
179.978: I:1 (   0.002   0.002   0.002 ) T:18 (   0.001   0.002   0.002   0.002   0.002   0.002 )
189.978: I:1 (   0.002   0.002   0.002 ) T:19 (   0.001   0.002   0.002   0.002   0.002   0.002 )
199.979: I:1 (   0.002   0.002   0.002 ) T:20 (   0.001   0.002   0.002   0.002   0.002   0.002 )
209.979: I:1 (   0.001   0.001   0.001 ) T:21 (   0.001   0.002   0.002   0.002   0.002   0.002 )
219.978: I:1 (   0.001   0.001   0.001 ) T:22 (   0.001   0.002   0.002   0.002   0.002   0.002 )
229.978: I:1 (   0.001   0.001   0.001 ) T:23 (   0.001   0.002   0.002   0.002   0.002   0.002 )
239.978: I:1 (   0.001   0.001   0.001 ) T:24 (   0.001   0.002   0.002   0.002   0.002   0.002 )
249.978: I:1 (   0.001   0.001   0.001 ) T:25 (   0.001   0.002   0.002   0.002   0.002   0.002 )
259.978: I:1 (   0.001   0.001   0.001 ) T:26 (   0.001   0.002   0.002   0.002   0.002   0.002 )
269.978: I:1 (   0.001   0.001   0.001 ) T:27 (   0.001   0.002   0.002   0.002   0.002   0.002 )
279.978: I:1 (   0.001   0.001   0.001 ) T:28 (   0.001   0.002   0.002   0.002   0.002   0.002 )
289.978: I:1 (   0.001   0.001   0.001 ) T:29 (   0.001   0.002   0.002   0.002   0.002   0.002 )
299.978: I:1 (   0.002   0.002   0.002 ) T:30 (   0.001   0.002   0.002   0.002   0.002   0.002 )
309.978: I:1 (   0.002   0.002   0.002 ) T:31 (   0.001   0.002   0.002   0.002   0.002   0.002 )
320.004: I:1 (   0.002   0.002   0.002 ) T:32 (   0.001   0.002   0.002   0.002   0.002   0.002 )
329.978: I:1 (   0.002   0.002   0.002 ) T:33 (   0.001   0.002   0.002   0.002   0.002   0.002 )
339.978: I:1 (   0.001   0.001   0.001 ) T:34 (   0.001   0.002   0.002   0.002   0.002   0.002 )
349.978: I:1 (   0.002   0.002   0.002 ) T:35 (   0.001   0.002   0.002   0.002   0.002   0.002 )
359.978: I:1 (   0.002   0.002   0.002 ) T:36 (   0.001   0.002   0.002   0.002   0.002   0.002 )
369.978: I:1 (   0.002   0.002   0.002 ) T:37 (   0.001   0.002   0.002   0.002   0.002   0.002 )
380.007: I:1 (   0.002   0.002   0.002 ) T:38 (   0.001   0.002   0.002   0.002   0.002   0.002 )
389.978: I:1 (   0.002   0.002   0.002 ) T:39 (   0.001   0.002   0.002   0.002   0.002   0.002 )
399.978: I:1 (   0.002   0.002   0.002 ) T:40 (   0.001   0.002   0.002   0.002   0.002   0.002 )
409.978: I:1 (   0.002   0.002   0.002 ) T:41 (   0.002   0.002   0.002   0.002   0.002   0.002 )
419.978: I:1 (   0.002   0.002   0.002 ) T:42 (   0.002   0.002   0.002   0.002   0.002   0.002 )
429.978: I:1 (   0.002   0.002   0.002 ) T:43 (   0.002   0.002   0.002   0.002   0.002   0.002 )
439.978: I:1 (   0.002   0.002   0.002 ) T:44 (   0.002   0.002   0.002   0.002   0.002   0.002 )
449.978: I:1 (   0.001   0.001   0.001 ) T:45 (   0.002   0.002   0.002   0.002   0.002   0.002 )
459.978: I:1 (   0.002   0.002   0.002 ) T:46 (   0.002   0.002   0.002   0.002   0.002   0.002 )
469.978: I:1 (   0.002   0.002   0.002 ) T:47 (   0.002   0.002   0.002   0.002   0.002   0.002 )
479.978: I:1 (   0.002   0.002   0.002 ) T:48 (   0.002   0.002   0.002   0.002   0.002   0.002 )
489.979: I:1 (   0.002   0.002   0.002 ) T:49 (   0.002   0.002   0.002   0.002   0.002   0.002 )
499.979: I:1 (   0.002   0.002   0.002 ) T:50 (   0.002   0.002   0.002   0.002   0.002   0.002 )
509.978: I:1 (   0.002   0.002   0.002 ) T:51 (   0.002   0.002   0.002   0.002   0.002   0.002 )
519.978: I:1 (   0.002   0.002   0.002 ) T:52 (   0.002   0.002   0.002   0.002   0.002   0.002 )
529.978: I:1 (   0.002   0.002   0.002 ) T:53 (   0.002   0.002   0.002   0.002   0.002   0.002 )
539.978: I:1 (   0.002   0.002   0.002 ) T:54 (   0.002   0.002   0.002   0.002   0.002   0.002 )
549.978: I:1 (   0.002   0.002   0.002 ) T:55 (   0.002   0.002   0.002   0.002   0.002   0.002 )
559.979: I:1 (   0.002   0.002   0.002 ) T:56 (   0.002   0.002   0.002   0.002   0.002   0.002 )
569.978: I:1 (   0.002   0.002   0.002 ) T:57 (   0.002   0.002   0.002   0.002   0.002   0.002 )
579.978: I:1 (   0.002   0.002   0.002 ) T:58 (   0.002   0.002   0.002   0.002   0.002   0.002 )
589.978: I:1 (   0.002   0.002   0.002 ) T:59 (   0.002   0.002   0.002   0.002   0.002   0.002 )
599.978: I:1 (   0.002   0.002   0.002 ) T:60 (   0.002   0.002   0.002   0.002   0.002   0.002 )
609.978: I:1 (   0.002   0.002   0.002 ) T:61 (   0.002   0.002   0.002   0.002   0.002   0.002 )
619.978: I:1 (   0.002   0.002   0.002 ) T:62 (   0.002   0.002   0.002   0.002   0.002   0.002 )
629.978: I:1 (   0.002   0.002   0.002 ) T:63 (   0.002   0.002   0.002   0.002   0.002   0.002 )
639.978: I:1 (   0.002   0.002   0.002 ) T:64 (   0.002   0.002   0.002   0.002   0.002   0.002 )
649.978: I:1 (   0.002   0.002   0.002 ) T:65 (   0.002   0.002   0.002   0.002   0.002   0.002 )
659.978: I:1 (   0.002   0.002   0.002 ) T:66 (   0.002   0.002   0.002   0.002   0.002   0.002 )
669.978: I:1 (   0.002   0.002   0.002 ) T:67 (   0.002   0.002   0.002   0.002   0.002   0.002 )
679.978: I:1 (   0.002   0.002   0.002 ) T:68 (   0.002   0.002   0.002   0.002   0.002   0.002 )
689.978: I:1 (   0.002   0.002   0.002 ) T:69 (   0.002   0.002   0.002   0.002   0.002   0.002 )
699.978: I:1 (   0.002   0.002   0.002 ) T:70 (   0.002   0.002   0.002   0.002   0.002   0.002 )
709.978: I:1 (   0.002   0.002   0.002 ) T:71 (   0.002   0.002   0.002   0.002   0.002   0.002 )
719.978: I:1 (   0.002   0.002   0.002 ) T:72 (   0.002   0.002   0.002   0.002   0.002   0.002 )
729.978: I:1 (   0.002   0.002   0.002 ) T:73 (   0.002   0.002   0.002   0.002   0.002   0.002 )
739.978: I:1 (   0.002   0.002   0.002 ) T:74 (   0.002   0.002   0.002   0.002   0.002   0.002 )
749.978: I:1 (   0.002   0.002   0.002 ) T:75 (   0.002   0.002   0.002   0.002   0.002   0.002 )
759.978: I:1 (   0.002   0.002   0.002 ) T:76 (   0.002   0.002   0.002   0.002   0.002   0.002 )
769.978: I:1 (   0.001   0.001   0.001 ) T:77 (   0.002   0.002   0.002   0.002   0.002   0.002 )
779.978: I:1 (   0.002   0.002   0.002 ) T:78 (   0.002   0.002   0.002   0.002   0.002   0.002 )
789.978: I:1 (   0.002   0.002   0.002 ) T:79 (   0.002   0.002   0.002   0.002   0.002   0.002 )
799.978: I:1 (   0.002   0.002   0.002 ) T:80 (   0.002   0.002   0.002   0.002   0.002   0.002 )
809.978: I:1 (   0.002   0.002   0.002 ) T:81 (   0.002   0.002   0.002   0.002   0.002   0.002 )
819.978: I:1 (   0.002   0.002   0.002 ) T:82 (   0.002   0.002   0.002   0.002   0.002   0.002 )
829.978: I:1 (   0.002   0.002   0.002 ) T:83 (   0.002   0.002   0.002   0.002   0.002   0.002 )
839.978: I:1 (   0.002   0.002   0.002 ) T:84 (   0.002   0.002   0.002   0.002   0.002   0.002 )
849.978: I:1 (   0.002   0.002   0.002 ) T:85 (   0.002   0.002   0.002   0.002   0.002   0.002 )
859.978: I:1 (   0.002   0.002   0.002 ) T:86 (   0.002   0.002   0.002   0.002   0.002   0.002 )
869.979: I:1 (   0.002   0.002   0.002 ) T:87 (   0.002   0.002   0.002   0.002   0.002   0.002 )
879.978: I:1 (   0.002   0.002   0.002 ) T:88 (   0.002   0.002   0.002   0.002   0.002   0.002 )
889.978: I:1 (   0.002   0.002   0.002 ) T:89 (   0.002   0.002   0.002   0.002   0.002   0.002 )
899.978: I:1 (   0.002   0.002   0.002 ) T:90 (   0.002   0.002   0.002   0.002   0.002   0.002 )
909.978: I:1 (   0.002   0.002   0.002 ) T:91 (   0.002   0.002   0.002   0.002   0.002   0.002 )
920.757: I:1 (   0.002   0.002   0.002 ) T:92 (   0.002   0.002   0.002   0.002   0.002   0.002 )
929.978: I:1 (   0.002   0.002   0.002 ) T:93 (   0.002   0.002   0.002   0.002   0.002   0.002 )
939.978: I:1 (   0.002   0.002   0.002 ) T:94 (   0.002   0.002   0.002   0.002   0.002   0.002 )
949.978: I:1 (   0.002   0.002   0.002 ) T:95 (   0.002   0.002   0.002   0.002   0.002   0.002 )
959.978: I:1 (   0.002   0.002   0.002 ) T:96 (   0.002   0.002   0.002   0.002   0.002   0.002 )
969.978: I:1 (   0.002   0.002   0.002 ) T:97 (   0.002   0.002   0.002   0.002   0.002   0.002 )
979.978: I:1 (   0.003   0.003   0.003 ) T:98 (   0.002   0.002   0.003   0.003   0.003   0.003 )
990.333: I:1 (   0.002   0.002   0.002 ) T:99 (   0.002   0.002   0.003   0.003   0.003   0.003 )
999.979: I:1 (   0.002   0.002   0.002 ) T:100 (   0.002   0.002   0.002   0.003   0.003   0.003 )
1009.978: I:1 (   0.002   0.002   0.002 ) T:101 (   0.002   0.002   0.002   0.003   0.003   0.003 )
1019.978: I:1 (   0.002   0.002   0.002 ) T:102 (   0.002   0.002   0.002   0.003   0.003   0.003 )
1029.978: I:1 (   0.002   0.002   0.002 ) T:103 (   0.002   0.002   0.002   0.003   0.003   0.003 )
1039.978: I:1 (   0.002   0.002   0.002 ) T:104 (   0.002   0.002   0.002   0.003   0.003   0.003 )
1049.981: I:1 (   0.002   0.002   0.002 ) T:105 (   0.002   0.002   0.002   0.003   0.003   0.003 )
1059.979: I:1 (   0.002   0.002   0.002 ) T:106 (   0.002   0.002   0.002   0.003   0.003   0.003 )
1069.978: I:1 (   0.002   0.002   0.002 ) T:107 (   0.002   0.002   0.002   0.003   0.003   0.003 )
1079.978: I:1 (   0.002   0.002   0.002 ) T:108 (   0.002   0.002   0.002   0.003   0.003   0.003 )
1089.978: I:1 (   0.002   0.002   0.002 ) T:109 (   0.002   0.002   0.002   0.003   0.003   0.003 )
1099.978: I:1 (   0.002   0.002   0.002 ) T:110 (   0.002   0.002   0.002   0.003   0.003   0.003 )
1109.978: I:1 (   0.002   0.002   0.002 ) T:111 (   0.002   0.002   0.002   0.003   0.003   0.003 )
1119.978: I:1 (   0.002   0.002   0.002 ) T:112 (   0.002   0.002   0.002   0.003   0.003   0.003 )
1129.978: I:1 (   0.002   0.002   0.002 ) T:113 (   0.002   0.002   0.002   0.003   0.003   0.003 )
1139.978: I:1 (   0.002   0.002   0.002 ) T:114 (   0.002   0.002   0.002   0.003   0.003   0.003 )
1150.099: I:1 (   0.002   0.002   0.002 ) T:115 (   0.002   0.002   0.002   0.003   0.003   0.003 )
1159.978: I:1 (   0.002   0.002   0.002 ) T:116 (   0.002   0.002   0.002   0.003   0.003   0.003 )
1169.978: I:1 (   0.002   0.002   0.002 ) T:117 (   0.002   0.002   0.002   0.003   0.003   0.003 )
1179.978: I:1 (   0.002   0.002   0.002 ) T:118 (   0.002   0.002   0.002   0.003   0.003   0.003 )
1189.978: I:1 (   0.002   0.002   0.002 ) T:119 (   0.002   0.002   0.002   0.003   0.003   0.003 )
1199.978: I:1 (   0.002   0.002   0.002 ) T:120 (   0.002   0.002   0.002   0.003   0.003   0.003 )
1209.978: I:1 (   0.002   0.002   0.002 ) T:121 (   0.002   0.002   0.002   0.003   0.003   0.003 )
1219.978: I:1 (   0.002   0.002   0.002 ) T:122 (   0.002   0.002   0.002   0.003   0.003   0.003 )
1229.978: I:1 (   0.002   0.002   0.002 ) T:123 (   0.002   0.002   0.002   0.003   0.003   0.003 )
1239.978: I:1 (   0.002   0.002   0.002 ) T:124 (   0.002   0.002   0.002   0.003   0.003   0.003 )
1249.978: I:1 (   0.002   0.002   0.002 ) T:125 (   0.002   0.002   0.002   0.003   0.003   0.003 )
1259.978: I:1 (   0.002   0.002   0.002 ) T:126 (   0.002   0.002   0.002   0.003   0.003   0.003 )
1269.978: I:1 (   0.002   0.002   0.002 ) T:127 (   0.002   0.002   0.002   0.003   0.003   0.003 )
1279.978: I:1 (   0.002   0.002   0.002 ) T:128 (   0.002   0.002   0.002   0.003   0.003   0.003 )
1289.978: I:1 (   0.003   0.003   0.003 ) T:129 (   0.002   0.002   0.003   0.003   0.003   0.003 )
1299.978: I:1 (   0.003   0.003   0.003 ) T:130 (   0.002   0.002   0.003   0.003   0.003   0.003 )
1309.978: I:1 (   0.002   0.002   0.002 ) T:131 (   0.002   0.002   0.003   0.003   0.003   0.003 )
1319.978: I:1 (   0.002   0.002   0.002 ) T:132 (   0.002   0.002   0.003   0.003   0.003   0.003 )
1329.978: I:1 (   0.002   0.002   0.002 ) T:133 (   0.002   0.002   0.003   0.003   0.003   0.003 )
1339.978: I:1 (   0.002   0.002   0.002 ) T:134 (   0.002   0.002   0.003   0.003   0.003   0.003 )
1349.978: I:1 (   0.002   0.002   0.002 ) T:135 (   0.002   0.002   0.003   0.003   0.003   0.003 )
1359.978: I:1 (   0.002   0.002   0.002 ) T:136 (   0.002   0.002   0.003   0.003   0.003   0.003 )
1369.978: I:1 (   0.002   0.002   0.002 ) T:137 (   0.002   0.002   0.003   0.003   0.003   0.003 )
1379.978: I:1 (   0.002   0.002   0.002 ) T:138 (   0.002   0.002   0.003   0.003   0.003   0.003 )
1389.978: I:1 (   0.002   0.002   0.002 ) T:139 (   0.002   0.002   0.003   0.003   0.003   0.003 )
1399.978: I:1 (   0.001   0.001   0.001 ) T:140 (   0.002   0.002   0.003   0.003   0.003   0.003 )
1409.978: I:1 (   0.001   0.001   0.001 ) T:141 (   0.002   0.002   0.003   0.003   0.003   0.003 )
1419.978: I:1 (   0.001   0.001   0.001 ) T:142 (   0.002   0.002   0.003   0.003   0.003   0.003 )
1429.978: I:1 (   0.002   0.002   0.002 ) T:143 (   0.002   0.002   0.003   0.003   0.003   0.003 )
1439.978: I:1 (   0.002   0.002   0.002 ) T:144 (   0.002   0.002   0.003   0.003   0.003   0.003 )
1449.978: I:1 (   0.002   0.002   0.002 ) T:145 (   0.002   0.002   0.003   0.003   0.003   0.003 )
1459.978: I:1 (   0.002   0.002   0.002 ) T:146 (   0.002   0.002   0.003   0.003   0.003   0.003 )
1469.978: I:1 (   0.002   0.002   0.002 ) T:147 (   0.002   0.002   0.003   0.003   0.003   0.003 )
1479.978: I:1 (   0.002   0.002   0.002 ) T:148 (   0.002   0.002   0.003   0.003   0.003   0.003 )
1489.978: I:1 (   0.002   0.002   0.002 ) T:149 (   0.002   0.002   0.003   0.003   0.003   0.003 )
1499.978: I:1 (   0.002   0.002   0.002 ) T:150 (   0.002   0.002   0.003   0.003   0.003   0.003 )
1510.031: I:1 (   0.002   0.002   0.002 ) T:151 (   0.002   0.002   0.003   0.003   0.003   0.003 )
1519.978: I:1 (   0.002   0.002   0.002 ) T:152 (   0.002   0.002   0.003   0.003   0.003   0.003 )
1529.978: I:1 (   0.002   0.002   0.002 ) T:153 (   0.002   0.002   0.003   0.003   0.003   0.003 )
1539.978: I:1 (   0.002   0.002   0.002 ) T:154 (   0.002   0.002   0.003   0.003   0.003   0.003 )
1549.978: I:1 (   0.002   0.002   0.002 ) T:155 (   0.002   0.002   0.003   0.003   0.003   0.003 )
1559.978: I:1 (   0.002   0.002   0.002 ) T:156 (   0.002   0.002   0.003   0.003   0.003   0.003 )
1569.978: I:1 (   0.002   0.002   0.002 ) T:157 (   0.002   0.002   0.003   0.003   0.003   0.003 )
1579.978: I:1 (   0.002   0.002   0.002 ) T:158 (   0.002   0.002   0.003   0.003   0.003   0.003 )
1589.978: I:1 (   0.002   0.002   0.002 ) T:159 (   0.002   0.002   0.003   0.003   0.003   0.003 )
1599.978: I:1 (   0.002   0.002   0.002 ) T:160 (   0.002   0.002   0.003   0.003   0.003   0.003 )
1609.978: I:1 (   0.002   0.002   0.002 ) T:161 (   0.002   0.002   0.003   0.003   0.003   0.003 )
1619.978: I:1 (   0.002   0.002   0.002 ) T:162 (   0.002   0.002   0.003   0.003   0.003   0.003 )
1629.978: I:1 (   0.002   0.002   0.002 ) T:163 (   0.002   0.002   0.003   0.003   0.003   0.003 )
1639.978: I:1 (   0.002   0.002   0.002 ) T:164 (   0.002   0.002   0.003   0.003   0.003   0.003 )
1649.978: I:1 (   0.002   0.002   0.002 ) T:165 (   0.002   0.002   0.003   0.003   0.003   0.003 )
1659.978: I:1 (   0.002   0.002   0.002 ) T:166 (   0.002   0.002   0.003   0.003   0.003   0.003 )
1669.978: I:1 (   0.002   0.002   0.002 ) T:167 (   0.002   0.002   0.003   0.003   0.003   0.003 )
1679.978: I:1 (   0.002   0.002   0.002 ) T:168 (   0.002   0.002   0.003   0.003   0.003   0.003 )
1689.978: I:1 (   0.002   0.002   0.002 ) T:169 (   0.002   0.002   0.003   0.003   0.003   0.003 )
1699.978: I:1 (   0.002   0.002   0.002 ) T:170 (   0.002   0.002   0.003   0.003   0.003   0.003 )
1709.978: I:1 (   0.002   0.002   0.002 ) T:171 (   0.002   0.002   0.003   0.003   0.003   0.003 )
1719.978: I:1 (   0.002   0.002   0.002 ) T:172 (   0.002   0.002   0.003   0.003   0.003   0.003 )
1729.978: I:1 (   0.002   0.002   0.002 ) T:173 (   0.002   0.002   0.003   0.003   0.003   0.003 )
1739.978: I:1 (   0.002   0.002   0.002 ) T:174 (   0.002   0.002   0.003   0.003   0.003   0.003 )
1749.978: I:1 (   0.002   0.002   0.002 ) T:175 (   0.002   0.002   0.003   0.003   0.003   0.003 )
1759.978: I:1 (   0.002   0.002   0.002 ) T:176 (   0.002   0.002   0.003   0.003   0.003   0.003 )
1769.978: I:1 (   0.002   0.002   0.002 ) T:177 (   0.002   0.002   0.003   0.003   0.003   0.003 )
1779.978: I:1 (   0.002   0.002   0.002 ) T:178 (   0.002   0.002   0.003   0.003   0.003   0.003 )
1789.978: I:1 (   0.002   0.002   0.002 ) T:179 (   0.002   0.002   0.003   0.003   0.003   0.003 )
1799.978: I:1 (   0.002   0.002   0.002 ) T:180 (   0.002   0.002   0.003   0.003   0.003   0.003 )
1809.978: I:1 (   0.002   0.002   0.002 ) T:181 (   0.002   0.002   0.003   0.003   0.003   0.003 )
1819.978: I:1 (   0.002   0.002   0.002 ) T:182 (   0.002   0.002   0.003   0.003   0.003   0.003 )
1829.978: I:1 (   0.002   0.002   0.002 ) T:183 (   0.002   0.002   0.003   0.003   0.003   0.003 )
1839.978: I:1 (   0.002   0.002   0.002 ) T:184 (   0.002   0.002   0.003   0.003   0.003   0.003 )
1849.978: I:1 (   0.002   0.002   0.002 ) T:185 (   0.002   0.002   0.003   0.003   0.003   0.003 )
1859.978: I:1 (   0.001   0.001   0.001 ) T:186 (   0.002   0.002   0.003   0.003   0.003   0.003 )
1869.978: I:1 (   0.002   0.002   0.002 ) T:187 (   0.002   0.002   0.003   0.003   0.003   0.003 )
1879.978: I:1 (   0.003   0.003   0.003 ) T:188 (   0.002   0.002   0.003   0.003   0.003   0.003 )
1889.978: I:1 (   0.003   0.003   0.003 ) T:189 (   0.002   0.002   0.003   0.003   0.003   0.003 )
1899.978: I:1 (   0.003   0.003   0.003 ) T:190 (   0.002   0.002   0.003   0.003   0.003   0.003 )
1909.978: I:1 (   0.003   0.003   0.003 ) T:191 (   0.002   0.002   0.003   0.003   0.003   0.003 )
1919.978: I:1 (   0.003   0.003   0.003 ) T:192 (   0.002   0.002   0.003   0.003   0.003   0.003 )
1929.978: I:1 (   0.003   0.003   0.003 ) T:193 (   0.002   0.002   0.003   0.003   0.003   0.003 )
1939.978: I:1 (   0.003   0.003   0.003 ) T:194 (   0.002   0.002   0.003   0.003   0.003   0.003 )
1949.978: I:1 (   0.003   0.003   0.003 ) T:195 (   0.002   0.002   0.003   0.003   0.003   0.003 )
1959.978: I:1 (   0.003   0.003   0.003 ) T:196 (   0.002   0.002   0.003   0.003   0.003   0.003 )
1969.978: I:1 (   0.003   0.003   0.003 ) T:197 (   0.002   0.002   0.003   0.003   0.003   0.003 )
1979.978: I:1 (   0.002   0.002   0.002 ) T:198 (   0.002   0.002   0.003   0.003   0.003   0.003 )
1989.978: I:1 (   0.002   0.002   0.002 ) T:199 (   0.002   0.002   0.003   0.003   0.003   0.003 )
1999.978: I:1 (   0.002   0.002   0.002 ) T:200 (   0.002   0.002   0.003   0.003   0.003   0.003 )
2009.978: I:1 (   0.002   0.002   0.002 ) T:201 (   0.002   0.002   0.003   0.003   0.003   0.003 )
2019.978: I:1 (   0.002   0.002   0.002 ) T:202 (   0.002   0.002   0.003   0.003   0.003   0.003 )
2029.978: I:1 (   0.002   0.002   0.002 ) T:203 (   0.002   0.002   0.003   0.003   0.003   0.003 )
2039.978: I:1 (   0.002   0.002   0.002 ) T:204 (   0.002   0.002   0.003   0.003   0.003   0.003 )
2049.978: I:1 (   0.002   0.002   0.002 ) T:205 (   0.002   0.002   0.003   0.003   0.003   0.003 )
2059.978: I:1 (   0.002   0.002   0.002 ) T:206 (   0.002   0.002   0.003   0.003   0.003   0.003 )
2069.978: I:1 (   0.002   0.002   0.002 ) T:207 (   0.002   0.002   0.003   0.003   0.003   0.003 )
2079.978: I:1 (   0.002   0.002   0.002 ) T:208 (   0.002   0.002   0.003   0.003   0.003   0.003 )
2089.978: I:1 (   0.002   0.002   0.002 ) T:209 (   0.002   0.002   0.003   0.003   0.003   0.003 )
2099.978: I:1 (   0.001   0.001   0.001 ) T:210 (   0.002   0.002   0.003   0.003   0.003   0.003 )
2109.978: I:1 (   0.001   0.001   0.001 ) T:211 (   0.002   0.002   0.003   0.003   0.003   0.003 )
2119.978: I:1 (   0.002   0.002   0.002 ) T:212 (   0.002   0.002   0.003   0.003   0.003   0.003 )
2129.978: I:1 (   0.002   0.002   0.002 ) T:213 (   0.002   0.002   0.003   0.003   0.003   0.003 )
2139.978: I:1 (   0.002   0.002   0.002 ) T:214 (   0.002   0.002   0.003   0.003   0.003   0.003 )
2149.978: I:1 (   0.002   0.002   0.002 ) T:215 (   0.002   0.002   0.003   0.003   0.003   0.003 )
2159.978: I:1 (   0.002   0.002   0.002 ) T:216 (   0.002   0.002   0.003   0.003   0.003   0.003 )
2169.978: I:1 (   0.002   0.002   0.002 ) T:217 (   0.002   0.002   0.003   0.003   0.003   0.003 )
2180.596: I:1 (   0.002   0.002   0.002 ) T:218 (   0.002   0.002   0.003   0.003   0.003   0.003 )
2189.978: I:1 (   0.002   0.002   0.002 ) T:219 (   0.002   0.002   0.003   0.003   0.003   0.003 )
2199.978: I:1 (   0.002   0.002   0.002 ) T:220 (   0.002   0.002   0.003   0.003   0.003   0.003 )
2209.978: I:1 (   0.002   0.002   0.002 ) T:221 (   0.002   0.002   0.003   0.003   0.003   0.003 )
2219.978: I:1 (   0.002   0.002   0.002 ) T:222 (   0.002   0.002   0.003   0.003   0.003   0.003 )
2229.978: I:1 (   0.002   0.002   0.002 ) T:223 (   0.002   0.002   0.003   0.003   0.003   0.003 )
2239.978: I:1 (   0.002   0.002   0.002 ) T:224 (   0.002   0.002   0.003   0.003   0.003   0.003 )
2249.978: I:1 (   0.002   0.002   0.002 ) T:225 (   0.002   0.002   0.003   0.003   0.003   0.003 )
2259.978: I:1 (   0.002   0.002   0.002 ) T:226 (   0.002   0.002   0.003   0.003   0.003   0.003 )
2269.978: I:1 (   0.002   0.002   0.002 ) T:227 (   0.002   0.002   0.003   0.003   0.003   0.003 )
2279.978: I:1 (   0.002   0.002   0.002 ) T:228 (   0.002   0.002   0.003   0.003   0.003   0.003 )
2289.978: I:1 (   0.002   0.002   0.002 ) T:229 (   0.002   0.002   0.003   0.003   0.003   0.003 )
2299.978: I:1 (   0.002   0.002   0.002 ) T:230 (   0.002   0.002   0.003   0.003   0.003   0.003 )
2309.978: I:1 (   0.002   0.002   0.002 ) T:231 (   0.002   0.002   0.003   0.003   0.003   0.003 )
2319.978: I:1 (   0.002   0.002   0.002 ) T:232 (   0.002   0.002   0.003   0.003   0.003   0.003 )
2329.978: I:1 (   0.002   0.002   0.002 ) T:233 (   0.002   0.002   0.003   0.003   0.003   0.003 )
2339.978: I:1 (   0.002   0.002   0.002 ) T:234 (   0.002   0.002   0.003   0.003   0.003   0.003 )
2349.978: I:1 (   0.002   0.002   0.002 ) T:235 (   0.002   0.002   0.003   0.003   0.003   0.003 )
2359.978: I:1 (   0.002   0.002   0.002 ) T:236 (   0.002   0.002   0.003   0.003   0.003   0.003 )
2369.978: I:1 (   0.003   0.003   0.003 ) T:237 (   0.002   0.002   0.003   0.003   0.003   0.003 )
2379.978: I:1 (   0.003   0.003   0.003 ) T:238 (   0.002   0.002   0.003   0.003   0.003   0.003 )
2389.978: I:1 (   0.003   0.003   0.003 ) T:239 (   0.002   0.002   0.003   0.003   0.003   0.003 )
2399.978: I:1 (   0.003   0.003   0.003 ) T:240 (   0.002   0.002   0.003   0.003   0.003   0.003 )
2409.978: I:1 (   0.003   0.003   0.003 ) T:241 (   0.002   0.002   0.003   0.003   0.003   0.003 )
2419.978: I:1 (   0.003   0.003   0.003 ) T:242 (   0.002   0.002   0.003   0.003   0.003   0.003 )
2429.978: I:1 (   0.003   0.003   0.003 ) T:243 (   0.002   0.002   0.003   0.003   0.003   0.003 )
2439.978: I:1 (   0.003   0.003   0.003 ) T:244 (   0.002   0.002   0.003   0.003   0.003   0.003 )
2449.978: I:1 (   0.003   0.003   0.003 ) T:245 (   0.002   0.002   0.003   0.003   0.003   0.003 )
2459.978: I:1 (   0.003   0.003   0.003 ) T:246 (   0.002   0.002   0.003   0.003   0.003   0.003 )
2469.978: I:1 (   0.003   0.003   0.003 ) T:247 (   0.002   0.002   0.003   0.003   0.003   0.003 )
2479.978: I:1 (   0.003   0.003   0.003 ) T:248 (   0.002   0.003   0.003   0.003   0.003   0.003 )
2489.978: I:1 (   0.003   0.003   0.003 ) T:249 (   0.002   0.003   0.003   0.003   0.003   0.003 )
2499.978: I:1 (   0.003   0.003   0.003 ) T:250 (   0.002   0.003   0.003   0.003   0.003   0.003 )
2509.978: I:1 (   0.003   0.003   0.003 ) T:251 (   0.002   0.003   0.003   0.003   0.003   0.003 )
2519.978: I:1 (   0.003   0.003   0.003 ) T:252 (   0.002   0.003   0.003   0.003   0.003   0.003 )
2529.978: I:1 (   0.003   0.003   0.003 ) T:253 (   0.002   0.003   0.003   0.003   0.003   0.003 )
2539.978: I:1 (   0.003   0.003   0.003 ) T:254 (   0.002   0.003   0.003   0.003   0.003   0.003 )
2549.978: I:1 (   0.003   0.003   0.003 ) T:255 (   0.002   0.003   0.003   0.003   0.003   0.003 )
2559.978: I:1 (   0.003   0.003   0.003 ) T:256 (   0.002   0.003   0.003   0.003   0.003   0.003 )
2569.978: I:1 (   0.003   0.003   0.003 ) T:257 (   0.002   0.003   0.003   0.003   0.003   0.003 )
2579.978: I:1 (   0.002   0.002   0.002 ) T:258 (   0.002   0.003   0.003   0.003   0.003   0.003 )
2589.978: I:1 (   0.002   0.002   0.002 ) T:259 (   0.002   0.003   0.003   0.003   0.003   0.003 )
2599.978: I:1 (   0.002   0.002   0.002 ) T:260 (   0.002   0.003   0.003   0.003   0.003   0.003 )
2609.978: I:1 (   0.002   0.002   0.002 ) T:261 (   0.002   0.003   0.003   0.003   0.003   0.003 )
2619.978: I:1 (   0.002   0.002   0.002 ) T:262 (   0.002   0.003   0.003   0.003   0.003   0.003 )
2629.978: I:1 (   0.002   0.002   0.002 ) T:263 (   0.002   0.003   0.003   0.003   0.003   0.003 )
2639.978: I:1 (   0.002   0.002   0.002 ) T:264 (   0.002   0.003   0.003   0.003   0.003   0.003 )
2649.978: I:1 (   0.003   0.003   0.003 ) T:265 (   0.002   0.003   0.003   0.003   0.003   0.003 )
2659.978: I:1 (   0.003   0.003   0.003 ) T:266 (   0.002   0.003   0.003   0.003   0.003   0.003 )
2670.362: I:1 (   0.003   0.003   0.003 ) T:267 (   0.002   0.003   0.003   0.003   0.003   0.003 )
2679.978: I:1 (   0.002   0.002   0.002 ) T:268 (   0.002   0.003   0.003   0.003   0.003   0.003 )
2689.978: I:1 (   0.002   0.002   0.002 ) T:269 (   0.002   0.003   0.003   0.003   0.003   0.003 )
2699.978: I:1 (   0.002   0.002   0.002 ) T:270 (   0.002   0.003   0.003   0.003   0.003   0.003 )
2709.978: I:1 (   0.002   0.002   0.002 ) T:271 (   0.002   0.003   0.003   0.003   0.003   0.003 )
2719.978: I:1 (   0.002   0.002   0.002 ) T:272 (   0.002   0.003   0.003   0.003   0.003   0.003 )
2729.978: I:1 (   0.002   0.002   0.002 ) T:273 (   0.002   0.003   0.003   0.003   0.003   0.003 )
2739.978: I:1 (   0.002   0.002   0.002 ) T:274 (   0.002   0.003   0.003   0.003   0.003   0.003 )
2749.978: I:1 (   0.002   0.002   0.002 ) T:275 (   0.002   0.003   0.003   0.003   0.003   0.003 )
2759.978: I:1 (   0.002   0.002   0.002 ) T:276 (   0.002   0.003   0.003   0.003   0.003   0.003 )
2769.978: I:1 (   0.002   0.002   0.002 ) T:277 (   0.002   0.003   0.003   0.003   0.003   0.003 )
2779.978: I:1 (   0.003   0.003   0.003 ) T:278 (   0.002   0.003   0.003   0.003   0.003   0.003 )
2789.978: I:1 (   0.003   0.003   0.003 ) T:279 (   0.002   0.003   0.003   0.003   0.003   0.003 )
2799.978: I:1 (   0.003   0.003   0.003 ) T:280 (   0.002   0.003   0.003   0.003   0.003   0.003 )
2809.978: I:1 (   0.003   0.003   0.003 ) T:281 (   0.002   0.003   0.003   0.003   0.003   0.003 )
2819.978: I:1 (   0.003   0.003   0.003 ) T:282 (   0.002   0.003   0.003   0.003   0.003   0.003 )
2829.978: I:1 (   0.003   0.003   0.003 ) T:283 (   0.002   0.003   0.003   0.003   0.003   0.003 )
2839.978: I:1 (   0.003   0.003   0.003 ) T:284 (   0.002   0.003   0.003   0.003   0.003   0.003 )
2849.978: I:1 (   0.002   0.002   0.002 ) T:285 (   0.002   0.003   0.003   0.003   0.003   0.003 )
2859.978: I:1 (   0.002   0.002   0.002 ) T:286 (   0.002   0.003   0.003   0.003   0.003   0.003 )
2869.978: I:1 (   0.002   0.002   0.002 ) T:287 (   0.002   0.003   0.003   0.003   0.003   0.003 )
2879.978: I:1 (   0.002   0.002   0.002 ) T:288 (   0.002   0.003   0.003   0.003   0.003   0.003 )
2889.978: I:1 (   0.002   0.002   0.002 ) T:289 (   0.002   0.003   0.003   0.003   0.003   0.003 )
2899.978: I:1 (   0.002   0.002   0.002 ) T:290 (   0.002   0.003   0.003   0.003   0.003   0.003 )
2909.978: I:1 (   0.003   0.003   0.003 ) T:291 (   0.002   0.003   0.003   0.003   0.003   0.003 )
2919.978: I:1 (   0.002   0.002   0.002 ) T:292 (   0.002   0.003   0.003   0.003   0.003   0.003 )
2929.978: I:1 (   0.002   0.002   0.002 ) T:293 (   0.002   0.003   0.003   0.003   0.003   0.003 )
2939.978: I:1 (   0.003   0.003   0.003 ) T:294 (   0.002   0.003   0.003   0.003   0.003   0.003 )
2949.978: I:1 (   0.003   0.003   0.003 ) T:295 (   0.002   0.003   0.003   0.003   0.003   0.003 )
2960.122: I:1 (   0.003   0.003   0.003 ) T:296 (   0.002   0.003   0.003   0.003   0.003   0.003 )
2969.978: I:1 (   0.003   0.003   0.003 ) T:297 (   0.002   0.003   0.003   0.003   0.003   0.003 )
2979.978: I:1 (   0.003   0.003   0.003 ) T:298 (   0.002   0.003   0.003   0.003   0.003   0.003 )
2989.978: I:1 (   0.003   0.003   0.003 ) T:299 (   0.002   0.003   0.003   0.003   0.003   0.003 )
2999.978: I:1 (   0.003   0.003   0.003 ) T:300 (   0.002   0.003   0.003   0.003   0.003   0.003 )
3009.978: I:1 (   0.003   0.003   0.003 ) T:301 (   0.002   0.003   0.003   0.003   0.003   0.003 )
3019.978: I:1 (   0.003   0.003   0.003 ) T:302 (   0.002   0.003   0.003   0.003   0.003   0.003 )
3029.978: I:1 (   0.003   0.003   0.003 ) T:303 (   0.002   0.003   0.003   0.003   0.003   0.003 )
3039.978: I:1 (   0.003   0.003   0.003 ) T:304 (   0.002   0.003   0.003   0.003   0.003   0.003 )
3049.978: I:1 (   0.002   0.002   0.002 ) T:305 (   0.002   0.003   0.003   0.003   0.003   0.003 )
3059.978: I:1 (   0.002   0.002   0.002 ) T:306 (   0.002   0.003   0.003   0.003   0.003   0.003 )
3069.978: I:1 (   0.002   0.002   0.002 ) T:307 (   0.002   0.003   0.003   0.003   0.003   0.003 )
3079.978: I:1 (   0.002   0.002   0.002 ) T:308 (   0.002   0.003   0.003   0.003   0.003   0.003 )
3089.978: I:1 (   0.003   0.003   0.003 ) T:309 (   0.002   0.003   0.003   0.003   0.003   0.003 )
3099.978: I:1 (   0.002   0.002   0.002 ) T:310 (   0.002   0.003   0.003   0.003   0.003   0.003 )
3109.978: I:1 (   0.003   0.003   0.003 ) T:311 (   0.002   0.003   0.003   0.003   0.003   0.003 )
3120.224: I:1 (   0.003   0.003   0.003 ) T:312 (   0.002   0.003   0.003   0.003   0.003   0.003 )
3129.978: I:1 (   0.003   0.003   0.003 ) T:313 (   0.002   0.003   0.003   0.003   0.003   0.003 )
3139.978: I:1 (   0.003   0.003   0.003 ) T:314 (   0.002   0.003   0.003   0.003   0.003   0.003 )
3149.978: I:1 (   0.002   0.002   0.002 ) T:315 (   0.002   0.003   0.003   0.003   0.003   0.003 )
3159.978: I:1 (   0.003   0.003   0.003 ) T:316 (   0.002   0.003   0.003   0.003   0.003   0.003 )
3169.978: I:1 (   0.003   0.003   0.003 ) T:317 (   0.002   0.003   0.003   0.003   0.003   0.003 )
3179.978: I:1 (   0.002   0.002   0.002 ) T:318 (   0.002   0.003   0.003   0.003   0.003   0.003 )
3189.978: I:1 (   0.002   0.002   0.002 ) T:319 (   0.002   0.003   0.003   0.003   0.003   0.003 )
3199.978: I:1 (   0.002   0.002   0.002 ) T:320 (   0.002   0.003   0.003   0.003   0.003   0.003 )
3209.978: I:1 (   0.002   0.002   0.002 ) T:321 (   0.002   0.003   0.003   0.003   0.003   0.003 )
3219.978: I:1 (   0.002   0.002   0.002 ) T:322 (   0.002   0.003   0.003   0.003   0.003   0.003 )
3229.978: I:1 (   0.002   0.002   0.002 ) T:323 (   0.002   0.003   0.003   0.003   0.003   0.003 )
3239.978: I:1 (   0.002   0.002   0.002 ) T:324 (   0.002   0.003   0.003   0.003   0.003   0.003 )
3249.978: I:1 (   0.003   0.003   0.003 ) T:325 (   0.002   0.003   0.003   0.003   0.003   0.003 )
3259.978: I:1 (   0.003   0.003   0.003 ) T:326 (   0.002   0.003   0.003   0.003   0.003   0.003 )
3269.978: I:1 (   0.003   0.003   0.003 ) T:327 (   0.002   0.003   0.003   0.003   0.003   0.003 )
3279.978: I:1 (   0.003   0.003   0.003 ) T:328 (   0.002   0.003   0.003   0.003   0.003   0.003 )
3289.978: I:1 (   0.003   0.003   0.003 ) T:329 (   0.002   0.003   0.003   0.003   0.003   0.003 )
3299.978: I:1 (   0.003   0.003   0.003 ) T:330 (   0.002   0.003   0.003   0.003   0.003   0.003 )
3309.978: I:1 (   0.003   0.003   0.003 ) T:331 (   0.002   0.003   0.003   0.003   0.003   0.003 )
3319.978: I:1 (   0.003   0.003   0.003 ) T:332 (   0.002   0.003   0.003   0.003   0.003   0.003 )
3329.978: I:1 (   0.003   0.003   0.003 ) T:333 (   0.002   0.003   0.003   0.003   0.003   0.003 )
3339.978: I:1 (   0.003   0.003   0.003 ) T:334 (   0.002   0.003   0.003   0.003   0.003   0.003 )
3349.978: I:1 (   0.003   0.003   0.003 ) T:335 (   0.002   0.003   0.003   0.003   0.003   0.003 )
3359.978: I:1 (   0.003   0.003   0.003 ) T:336 (   0.002   0.003   0.003   0.003   0.003   0.003 )
3370.175: I:1 (   0.002   0.002   0.002 ) T:337 (   0.002   0.003   0.003   0.003   0.003   0.003 )
3379.978: I:1 (   0.002   0.002   0.002 ) T:338 (   0.002   0.003   0.003   0.003   0.003   0.003 )
3389.978: I:1 (   0.002   0.002   0.002 ) T:339 (   0.002   0.003   0.003   0.003   0.003   0.003 )
3399.978: I:1 (   0.003   0.003   0.003 ) T:340 (   0.002   0.003   0.003   0.003   0.003   0.003 )
3409.978: I:1 (   0.003   0.003   0.003 ) T:341 (   0.002   0.003   0.003   0.003   0.003   0.003 )
3420.991: I:1 (   0.003   0.003   0.003 ) T:342 (   0.002   0.003   0.003   0.003   0.003   0.003 )
3429.978: I:1 (   0.003   0.003   0.003 ) T:343 (   0.002   0.003   0.003   0.003   0.003   0.003 )
3439.978: I:1 (   0.003   0.003   0.003 ) T:344 (   0.002   0.003   0.003   0.003   0.003   0.003 )
3449.978: I:1 (   0.003   0.003   0.003 ) T:345 (   0.002   0.003   0.003   0.003   0.003   0.003 )
3459.978: I:1 (   0.003   0.003   0.003 ) T:346 (   0.002   0.003   0.003   0.003   0.003   0.003 )
3469.978: I:1 (   0.003   0.003   0.003 ) T:347 (   0.002   0.003   0.003   0.003   0.003   0.003 )
3479.978: I:1 (   0.002   0.002   0.002 ) T:348 (   0.002   0.003   0.003   0.003   0.003   0.003 )
3489.978: I:1 (   0.002   0.002   0.002 ) T:349 (   0.002   0.003   0.003   0.003   0.003   0.003 )
3499.978: I:1 (   0.002   0.002   0.002 ) T:350 (   0.002   0.003   0.003   0.003   0.003   0.003 )
3509.978: I:1 (   0.003   0.003   0.003 ) T:351 (   0.002   0.003   0.003   0.003   0.003   0.003 )
3519.978: I:1 (   0.003   0.003   0.003 ) T:352 (   0.002   0.003   0.003   0.003   0.003   0.003 )
3529.978: I:1 (   0.003   0.003   0.003 ) T:353 (   0.002   0.003   0.003   0.003   0.003   0.003 )
3539.978: I:1 (   0.003   0.003   0.003 ) T:354 (   0.002   0.003   0.003   0.003   0.003   0.003 )
3549.978: I:1 (   0.003   0.003   0.003 ) T:355 (   0.002   0.003   0.003   0.003   0.003   0.003 )
3559.978: I:1 (   0.003   0.003   0.003 ) T:356 (   0.002   0.003   0.003   0.003   0.003   0.003 )
3569.978: I:1 (   0.003   0.003   0.003 ) T:357 (   0.002   0.003   0.003   0.003   0.003   0.003 )
3579.978: I:1 (   0.002   0.002   0.002 ) T:358 (   0.002   0.003   0.003   0.003   0.003   0.003 )
3589.978: I:1 (   0.002   0.002   0.002 ) T:359 (   0.002   0.003   0.003   0.003   0.003   0.003 )
3599.978: I:1 (   0.002   0.002   0.002 ) T:360 (   0.002   0.003   0.003   0.003   0.003   0.003 )
3609.978: I:1 (   0.003   0.003   0.003 ) T:361 (   0.002   0.003   0.003   0.003   0.003   0.003 )
3619.978: I:1 (   0.002   0.002   0.002 ) T:362 (   0.002   0.003   0.003   0.003   0.003   0.003 )
3630.139: I:1 (   0.002   0.002   0.002 ) T:363 (   0.002   0.003   0.003   0.003   0.003   0.003 )
3639.978: I:1 (   0.002   0.002   0.002 ) T:364 (   0.002   0.003   0.003   0.003   0.003   0.003 )
3649.978: I:1 (   0.002   0.002   0.002 ) T:365 (   0.002   0.003   0.003   0.003   0.003   0.003 )
3660.100: I:1 (   0.002   0.002   0.002 ) T:366 (   0.002   0.003   0.003   0.003   0.003   0.003 )
3669.978: I:1 (   0.002   0.002   0.002 ) T:367 (   0.002   0.003   0.003   0.003   0.003   0.003 )
3679.978: I:1 (   0.002   0.002   0.002 ) T:368 (   0.002   0.003   0.003   0.003   0.003   0.003 )
3689.978: I:1 (   0.002   0.002   0.002 ) T:369 (   0.002   0.003   0.003   0.003   0.003   0.003 )
3699.978: I:1 (   0.002   0.002   0.002 ) T:370 (   0.002   0.003   0.003   0.003   0.003   0.003 )
3706.685: I:2 (   0.002   0.002   0.002 ) T:372 (   0.002   0.003   0.003   0.003   0.003   0.003 )
3706.708: I:0 (   0.000   0.000   0.000 ) T:372 (   0.002   0.003   0.003   0.003   0.003   0.003 )
