#[Interval percentile log between 0.000 and <Infinite> seconds (relative to StartTime)]
#[StartTime: 1524656542.515 (seconds since epoch), Wed Apr 25 13:42:22 CEST 2018]
Time: IntervalPercentiles:count ( 50% 90% Max ) TotalPercentiles:count ( 50% 90% 99% 99.9% 99.99% Max )
10.001: I:1 (   0.660   0.660   0.660 ) T:1 (   0.660   0.660   0.660   0.660   0.660   0.660 )
19.984: I:1 (   0.639   0.639   0.639 ) T:2 (   0.639   0.660   0.660   0.660   0.660   0.660 )
29.982: I:1 (   0.695   0.695   0.695 ) T:3 (   0.660   0.695   0.695   0.695   0.695   0.695 )
39.983: I:1 (   0.702   0.702   0.702 ) T:4 (   0.660   0.702   0.702   0.702   0.702   0.702 )
49.982: I:1 (   0.732   0.732   0.732 ) T:5 (   0.695   0.732   0.732   0.732   0.732   0.732 )
59.982: I:1 (   0.683   0.683   0.683 ) T:6 (   0.683   0.732   0.732   0.732   0.732   0.732 )
69.982: I:1 (   0.873   0.873   0.873 ) T:7 (   0.695   0.873   0.873   0.873   0.873   0.873 )
79.982: I:1 (   0.787   0.787   0.787 ) T:8 (   0.695   0.873   0.873   0.873   0.873   0.873 )
89.981: I:1 (   0.817   0.817   0.817 ) T:9 (   0.702   0.873   0.873   0.873   0.873   0.873 )
99.981: I:1 (   0.841   0.841   0.841 ) T:10 (   0.702   0.841   0.873   0.873   0.873   0.873 )
109.982: I:1 (   0.843   0.843   0.843 ) T:11 (   0.732   0.843   0.873   0.873   0.873   0.873 )
119.982: I:1 (   0.774   0.774   0.774 ) T:12 (   0.732   0.843   0.873   0.873   0.873   0.873 )
129.981: I:1 (   0.877   0.877   0.877 ) T:13 (   0.774   0.873   0.877   0.877   0.877   0.877 )
139.982: I:1 (   0.957   0.957   0.957 ) T:14 (   0.774   0.877   0.957   0.957   0.957   0.957 )
149.981: I:1 (   1.036   1.036   1.036 ) T:15 (   0.787   0.957   1.036   1.036   1.036   1.036 )
159.982: I:1 (   0.952   0.952   0.952 ) T:16 (   0.787   0.957   1.036   1.036   1.036   1.036 )
169.982: I:1 (   0.938   0.938   0.938 ) T:17 (   0.817   0.957   1.036   1.036   1.036   1.036 )
179.981: I:1 (   0.945   0.945   0.945 ) T:18 (   0.817   0.957   1.036   1.036   1.036   1.036 )
189.982: I:1 (   1.167   1.167   1.167 ) T:19 (   0.841   1.036   1.167   1.167   1.167   1.167 )
199.982: I:1 (   1.033   1.033   1.033 ) T:20 (   0.841   1.033   1.167   1.167   1.167   1.167 )
209.982: I:1 (   0.908   0.908   0.908 ) T:21 (   0.843   1.033   1.167   1.167   1.167   1.167 )
219.981: I:1 (   1.016   1.016   1.016 ) T:22 (   0.843   1.033   1.167   1.167   1.167   1.167 )
229.982: I:1 (   1.049   1.049   1.049 ) T:23 (   0.873   1.036   1.167   1.167   1.167   1.167 )
239.981: I:1 (   1.209   1.209   1.209 ) T:24 (   0.873   1.049   1.209   1.209   1.209   1.209 )
249.981: I:1 (   0.895   0.895   0.895 ) T:25 (   0.877   1.049   1.209   1.209   1.209   1.209 )
259.982: I:1 (   0.969   0.969   0.969 ) T:26 (   0.877   1.049   1.209   1.209   1.209   1.209 )
269.981: I:1 (   0.974   0.974   0.974 ) T:27 (   0.895   1.049   1.209   1.209   1.209   1.209 )
279.981: I:1 (   1.220   1.220   1.220 ) T:28 (   0.895   1.167   1.220   1.220   1.220   1.220 )
289.981: I:1 (   1.286   1.286   1.286 ) T:29 (   0.908   1.209   1.286   1.286   1.286   1.286 )
299.981: I:1 (   1.065   1.065   1.065 ) T:30 (   0.908   1.167   1.286   1.286   1.286   1.286 )
309.982: I:1 (   1.007   1.007   1.007 ) T:31 (   0.938   1.167   1.286   1.286   1.286   1.286 )
320.007: I:1 (   1.324   1.324   1.324 ) T:32 (   0.938   1.209   1.324   1.324   1.324   1.324 )
329.981: I:1 (   1.009   1.009   1.009 ) T:33 (   0.945   1.209   1.324   1.324   1.324   1.324 )
339.981: I:1 (   1.351   1.351   1.351 ) T:34 (   0.945   1.220   1.351   1.351   1.351   1.351 )
349.981: I:1 (   1.338   1.338   1.338 ) T:35 (   0.952   1.286   1.351   1.351   1.351   1.351 )
359.982: I:1 (   1.403   1.403   1.403 ) T:36 (   0.952   1.324   1.403   1.403   1.403   1.403 )
369.981: I:1 (   1.282   1.282   1.282 ) T:37 (   0.957   1.324   1.403   1.403   1.403   1.403 )
380.010: I:1 (   1.282   1.282   1.282 ) T:38 (   0.957   1.324   1.403   1.403   1.403   1.403 )
389.982: I:1 (   1.052   1.052   1.052 ) T:39 (   0.969   1.324   1.403   1.403   1.403   1.403 )
399.982: I:1 (   1.435   1.435   1.435 ) T:40 (   0.969   1.324   1.435   1.435   1.435   1.435 )
409.982: I:1 (   1.522   1.522   1.522 ) T:41 (   0.974   1.338   1.522   1.522   1.522   1.522 )
419.982: I:1 (   1.221   1.221   1.221 ) T:42 (   0.974   1.338   1.522   1.522   1.522   1.522 )
429.982: I:1 (   1.618   1.618   1.618 ) T:43 (   1.007   1.351   1.618   1.618   1.618   1.618 )
439.982: I:1 (   1.326   1.326   1.326 ) T:44 (   1.007   1.351   1.618   1.618   1.618   1.618 )
449.981: I:1 (   1.187   1.187   1.187 ) T:45 (   1.009   1.351   1.618   1.618   1.618   1.618 )
459.981: I:1 (   1.316   1.316   1.316 ) T:46 (   1.009   1.351   1.618   1.618   1.618   1.618 )
469.981: I:1 (   1.492   1.492   1.492 ) T:47 (   1.016   1.403   1.618   1.618   1.618   1.618 )
479.982: I:1 (   1.347   1.347   1.347 ) T:48 (   1.016   1.403   1.618   1.618   1.618   1.618 )
489.982: I:1 (   1.088   1.088   1.088 ) T:49 (   1.033   1.403   1.618   1.618   1.618   1.618 )
499.982: I:1 (   1.112   1.112   1.112 ) T:50 (   1.033   1.351   1.618   1.618   1.618   1.618 )
509.981: I:1 (   1.268   1.268   1.268 ) T:51 (   1.036   1.351   1.618   1.618   1.618   1.618 )
519.981: I:1 (   1.128   1.128   1.128 ) T:52 (   1.036   1.351   1.618   1.618   1.618   1.618 )
529.982: I:1 (   1.341   1.341   1.341 ) T:53 (   1.049   1.351   1.618   1.618   1.618   1.618 )
539.981: I:1 (   1.523   1.523   1.523 ) T:54 (   1.049   1.403   1.618   1.618   1.618   1.618 )
549.982: I:1 (   1.788   1.788   1.788 ) T:55 (   1.052   1.435   1.788   1.788   1.788   1.788 )
559.982: I:1 (   1.618   1.618   1.618 ) T:56 (   1.052   1.492   1.788   1.788   1.788   1.788 )
569.981: I:1 (   1.222   1.222   1.222 ) T:57 (   1.065   1.492   1.788   1.788   1.788   1.788 )
579.981: I:1 (   1.385   1.385   1.385 ) T:58 (   1.065   1.492   1.788   1.788   1.788   1.788 )
589.981: I:1 (   1.311   1.311   1.311 ) T:59 (   1.088   1.492   1.788   1.788   1.788   1.788 )
599.981: I:1 (   1.811   1.811   1.811 ) T:60 (   1.088   1.492   1.811   1.811   1.811   1.811 )
609.981: I:1 (   1.304   1.304   1.304 ) T:61 (   1.112   1.492   1.811   1.811   1.811   1.811 )
619.981: I:1 (   1.899   1.899   1.899 ) T:62 (   1.112   1.522   1.899   1.899   1.899   1.899 )
629.982: I:1 (   1.912   1.912   1.912 ) T:63 (   1.128   1.523   1.912   1.912   1.912   1.912 )
639.981: I:1 (   1.608   1.608   1.608 ) T:64 (   1.128   1.608   1.912   1.912   1.912   1.912 )
649.981: I:1 (   1.669   1.669   1.669 ) T:65 (   1.167   1.618   1.912   1.912   1.912   1.912 )
659.981: I:1 (   1.642   1.642   1.642 ) T:66 (   1.167   1.618   1.912   1.912   1.912   1.912 )
669.981: I:1 (   1.925   1.925   1.925 ) T:67 (   1.187   1.642   1.925   1.925   1.925   1.925 )
679.982: I:1 (   1.724   1.724   1.724 ) T:68 (   1.187   1.669   1.925   1.925   1.925   1.925 )
689.981: I:1 (   1.599   1.599   1.599 ) T:69 (   1.209   1.669   1.925   1.925   1.925   1.925 )
699.981: I:1 (   1.346   1.346   1.346 ) T:70 (   1.209   1.642   1.925   1.925   1.925   1.925 )
709.982: I:1 (   1.769   1.769   1.769 ) T:71 (   1.220   1.669   1.925   1.925   1.925   1.925 )
719.981: I:1 (   1.748   1.748   1.748 ) T:72 (   1.220   1.724   1.925   1.925   1.925   1.925 )
729.981: I:1 (   1.430   1.430   1.430 ) T:73 (   1.221   1.724   1.925   1.925   1.925   1.925 )
739.982: I:1 (   1.439   1.439   1.439 ) T:74 (   1.221   1.724   1.925   1.925   1.925   1.925 )
749.981: I:1 (   2.121   2.121   2.121 ) T:75 (   1.222   1.748   2.121   2.121   2.121   2.121 )
759.981: I:1 (   1.919   1.919   1.919 ) T:76 (   1.222   1.769   2.121   2.121   2.121   2.121 )
769.981: I:1 (   1.537   1.537   1.537 ) T:77 (   1.268   1.769   2.121   2.121   2.121   2.121 )
779.981: I:1 (   2.249   2.249   2.249 ) T:78 (   1.268   1.788   2.249   2.249   2.249   2.249 )
789.981: I:1 (   1.786   1.786   1.786 ) T:79 (   1.282   1.788   2.249   2.249   2.249   2.249 )
799.981: I:1 (   2.195   2.195   2.195 ) T:80 (   1.282   1.788   2.249   2.249   2.249   2.249 )
809.982: I:1 (   1.654   1.654   1.654 ) T:81 (   1.282   1.788   2.249   2.249   2.249   2.249 )
819.981: I:1 (   1.856   1.856   1.856 ) T:82 (   1.282   1.811   2.249   2.249   2.249   2.249 )
829.981: I:1 (   1.906   1.906   1.906 ) T:83 (   1.286   1.856   2.249   2.249   2.249   2.249 )
839.982: I:1 (   2.293   2.293   2.293 ) T:84 (   1.286   1.899   2.293   2.293   2.293   2.293 )
849.981: I:1 (   2.147   2.147   2.147 ) T:85 (   1.304   1.906   2.293   2.293   2.293   2.293 )
859.982: I:1 (   2.433   2.433   2.433 ) T:86 (   1.304   1.912   2.433   2.433   2.433   2.433 )
869.982: I:1 (   1.606   1.606   1.606 ) T:87 (   1.311   1.912   2.433   2.433   2.433   2.433 )
879.981: I:1 (   2.309   2.309   2.309 ) T:88 (   1.311   1.919   2.433   2.433   2.433   2.433 )
889.982: I:1 (   2.437   2.437   2.437 ) T:89 (   1.316   1.925   2.437   2.437   2.437   2.437 )
899.981: I:1 (   1.658   1.658   1.658 ) T:90 (   1.316   1.919   2.437   2.437   2.437   2.437 )
909.981: I:1 (   1.929   1.929   1.929 ) T:91 (   1.324   1.925   2.437   2.437   2.437   2.437 )
920.760: I:1 (   1.776   1.776   1.776 ) T:92 (   1.324   1.925   2.437   2.437   2.437   2.437 )
929.981: I:1 (   1.547   1.547   1.547 ) T:93 (   1.326   1.925   2.437   2.437   2.437   2.437 )
939.981: I:1 (   1.792   1.792   1.792 ) T:94 (   1.326   1.925   2.437   2.437   2.437   2.437 )
949.981: I:1 (   1.931   1.931   1.931 ) T:95 (   1.338   1.929   2.437   2.437   2.437   2.437 )
959.982: I:1 (   2.273   2.273   2.273 ) T:96 (   1.338   1.931   2.437   2.437   2.437   2.437 )
969.981: I:1 (   1.782   1.782   1.782 ) T:97 (   1.341   1.931   2.437   2.437   2.437   2.437 )
979.982: I:1 (   2.549   2.549   2.549 ) T:98 (   1.341   2.121   2.549   2.549   2.549   2.549 )
990.337: I:1 (   2.687   2.687   2.687 ) T:99 (   1.346   2.147   2.687   2.687   2.687   2.687 )
999.982: I:1 (   2.031   2.031   2.031 ) T:100 (   1.346   2.121   2.549   2.687   2.687   2.687 )
1009.982: I:1 (   2.791   2.791   2.791 ) T:101 (   1.347   2.147   2.687   2.791   2.791   2.791 )
1019.982: I:1 (   2.397   2.397   2.397 ) T:102 (   1.347   2.195   2.687   2.791   2.791   2.791 )
1029.981: I:1 (   2.097   2.097   2.097 ) T:103 (   1.351   2.195   2.687   2.791   2.791   2.791 )
1039.982: I:1 (   2.107   2.107   2.107 ) T:104 (   1.351   2.195   2.687   2.791   2.791   2.791 )
1049.985: I:1 (   2.673   2.673   2.673 ) T:105 (   1.385   2.249   2.687   2.791   2.791   2.791 )
1059.982: I:1 (   1.783   1.783   1.783 ) T:106 (   1.385   2.249   2.687   2.791   2.791   2.791 )
1069.981: I:1 (   3.209   3.209   3.209 ) T:107 (   1.403   2.273   2.791   3.209   3.209   3.209 )
1079.981: I:1 (   2.153   2.153   2.153 ) T:108 (   1.403   2.273   2.791   3.209   3.209   3.209 )
1089.981: I:1 (   2.581   2.581   2.581 ) T:109 (   1.430   2.293   2.791   3.209   3.209   3.209 )
1099.981: I:1 (   2.723   2.723   2.723 ) T:110 (   1.430   2.293   2.791   3.209   3.209   3.209 )
1109.982: I:1 (   2.847   2.847   2.847 ) T:111 (   1.435   2.309   2.847   3.209   3.209   3.209 )
1119.981: I:1 (   2.145   2.145   2.145 ) T:112 (   1.435   2.309   2.847   3.209   3.209   3.209 )
1129.981: I:1 (   2.831   2.831   2.831 ) T:113 (   1.439   2.397   2.847   3.209   3.209   3.209 )
1139.981: I:1 (   3.517   3.517   3.517 ) T:114 (   1.439   2.433   3.209   3.517   3.517   3.517 )
1150.101: I:1 (   2.647   2.647   2.647 ) T:115 (   1.492   2.437   3.209   3.517   3.517   3.517 )
1159.982: I:1 (   3.401   3.401   3.401 ) T:116 (   1.492   2.549   3.401   3.517   3.517   3.517 )
1169.981: I:1 (   3.155   3.155   3.155 ) T:117 (   1.522   2.581   3.401   3.517   3.517   3.517 )
1179.982: I:1 (   3.457   3.457   3.457 ) T:118 (   1.522   2.647   3.457   3.517   3.517   3.517 )
1189.981: I:1 (   2.169   2.169   2.169 ) T:119 (   1.523   2.647   3.457   3.517   3.517   3.517 )
1199.982: I:1 (   3.465   3.465   3.465 ) T:120 (   1.523   2.647   3.465   3.517   3.517   3.517 )
1209.981: I:1 (   3.235   3.235   3.235 ) T:121 (   1.537   2.673   3.465   3.517   3.517   3.517 )
1219.981: I:1 (   2.829   2.829   2.829 ) T:122 (   1.537   2.687   3.465   3.517   3.517   3.517 )
1229.981: I:1 (   2.735   2.735   2.735 ) T:123 (   1.547   2.723   3.465   3.517   3.517   3.517 )
1239.981: I:1 (   3.515   3.515   3.515 ) T:124 (   1.547   2.735   3.515   3.517   3.517   3.517 )
1249.981: I:1 (   2.807   2.807   2.807 ) T:125 (   1.599   2.791   3.515   3.517   3.517   3.517 )
1259.981: I:1 (   2.213   2.213   2.213 ) T:126 (   1.599   2.791   3.515   3.517   3.517   3.517 )
1269.982: I:1 (   4.025   4.025   4.025 ) T:127 (   1.606   2.807   3.517   4.025   4.025   4.025 )
1279.982: I:1 (   2.223   2.223   2.223 ) T:128 (   1.606   2.807   3.517   4.025   4.025   4.025 )
1289.981: I:1 (   3.631   3.631   3.631 ) T:129 (   1.608   2.829   3.631   4.025   4.025   4.025 )
1299.981: I:1 (   3.117   3.117   3.117 ) T:130 (   1.608   2.829   3.631   4.025   4.025   4.025 )
1309.982: I:1 (   2.949   2.949   2.949 ) T:131 (   1.618   2.831   3.631   4.025   4.025   4.025 )
1319.981: I:1 (   3.461   3.461   3.461 ) T:132 (   1.618   2.847   3.631   4.025   4.025   4.025 )
1329.981: I:1 (   2.853   2.853   2.853 ) T:133 (   1.618   2.853   3.631   4.025   4.025   4.025 )
1339.982: I:1 (   2.507   2.507   2.507 ) T:134 (   1.618   2.853   3.631   4.025   4.025   4.025 )
1349.981: I:1 (   3.361   3.361   3.361 ) T:135 (   1.642   2.949   3.631   4.025   4.025   4.025 )
1359.981: I:1 (   4.399   4.399   4.399 ) T:136 (   1.642   3.117   4.025   4.399   4.399   4.399 )
1369.981: I:1 (   2.113   2.113   2.113 ) T:137 (   1.654   3.117   4.025   4.399   4.399   4.399 )
1379.981: I:1 (   2.851   2.851   2.851 ) T:138 (   1.654   3.117   4.025   4.399   4.399   4.399 )
1389.981: I:1 (   4.093   4.093   4.093 ) T:139 (   1.658   3.155   4.093   4.399   4.399   4.399 )
1399.981: I:1 (   2.845   2.845   2.845 ) T:140 (   1.658   3.117   4.093   4.399   4.399   4.399 )
1409.981: I:1 (   3.873   3.873   3.873 ) T:141 (   1.669   3.155   4.093   4.399   4.399   4.399 )
1419.981: I:1 (   3.945   3.945   3.945 ) T:142 (   1.669   3.209   4.093   4.399   4.399   4.399 )
1429.981: I:1 (   3.249   3.249   3.249 ) T:143 (   1.724   3.235   4.093   4.399   4.399   4.399 )
1439.981: I:1 (   4.459   4.459   4.459 ) T:144 (   1.724   3.249   4.399   4.459   4.459   4.459 )
1449.981: I:1 (   3.261   3.261   3.261 ) T:145 (   1.748   3.261   4.399   4.459   4.459   4.459 )
1459.981: I:1 (   4.407   4.407   4.407 ) T:146 (   1.748   3.361   4.407   4.459   4.459   4.459 )
1469.982: I:1 (   4.623   4.623   4.623 ) T:147 (   1.769   3.401   4.459   4.623   4.623   4.623 )
1479.982: I:1 (   3.629   3.629   3.629 ) T:148 (   1.769   3.457   4.459   4.623   4.623   4.623 )
1489.982: I:1 (   4.151   4.151   4.151 ) T:149 (   1.776   3.461   4.459   4.623   4.623   4.623 )
1499.981: I:1 (   3.847   3.847   3.847 ) T:150 (   1.776   3.461   4.459   4.623   4.623   4.623 )
1510.034: I:1 (   4.427   4.427   4.427 ) T:151 (   1.782   3.465   4.459   4.623   4.623   4.623 )
1519.981: I:1 (   2.335   2.335   2.335 ) T:152 (   1.782   3.465   4.459   4.623   4.623   4.623 )
1529.981: I:1 (   3.401   3.401   3.401 ) T:153 (   1.783   3.465   4.459   4.623   4.623   4.623 )
1539.981: I:1 (   3.267   3.267   3.267 ) T:154 (   1.783   3.465   4.459   4.623   4.623   4.623 )
1549.981: I:1 (   4.383   4.383   4.383 ) T:155 (   1.786   3.515   4.459   4.623   4.623   4.623 )
1559.982: I:1 (   5.027   5.027   5.027 ) T:156 (   1.786   3.517   4.623   5.027   5.027   5.027 )
1569.982: I:1 (   4.483   4.483   4.483 ) T:157 (   1.788   3.629   4.623   5.027   5.027   5.027 )
1579.981: I:1 (   3.709   3.709   3.709 ) T:158 (   1.788   3.631   4.623   5.027   5.027   5.027 )
1589.982: I:1 (   4.499   4.499   4.499 ) T:159 (   1.792   3.709   4.623   5.027   5.027   5.027 )
1599.982: I:1 (   2.951   2.951   2.951 ) T:160 (   1.792   3.631   4.623   5.027   5.027   5.027 )
1609.982: I:1 (   4.179   4.179   4.179 ) T:161 (   1.811   3.709   4.623   5.027   5.027   5.027 )
1619.981: I:1 (   4.543   4.543   4.543 ) T:162 (   1.811   3.847   4.623   5.027   5.027   5.027 )
1629.982: I:1 (   4.483   4.483   4.483 ) T:163 (   1.856   3.873   4.623   5.027   5.027   5.027 )
1639.981: I:1 (   5.527   5.527   5.527 ) T:164 (   1.856   3.945   5.027   5.527   5.527   5.527 )
1649.981: I:1 (   2.741   2.741   2.741 ) T:165 (   1.899   3.945   5.027   5.527   5.527   5.527 )
1659.981: I:1 (   3.267   3.267   3.267 ) T:166 (   1.899   3.945   5.027   5.527   5.527   5.527 )
1669.981: I:1 (   3.717   3.717   3.717 ) T:167 (   1.906   3.945   5.027   5.527   5.527   5.527 )
1679.982: I:1 (   3.455   3.455   3.455 ) T:168 (   1.906   3.945   5.027   5.527   5.527   5.527 )
1689.981: I:1 (   3.697   3.697   3.697 ) T:169 (   1.912   3.945   5.027   5.527   5.527   5.527 )
1699.981: I:1 (   3.151   3.151   3.151 ) T:170 (   1.912   3.873   5.027   5.527   5.527   5.527 )
1709.982: I:1 (   5.619   5.619   5.619 ) T:171 (   1.919   3.945   5.527   5.619   5.619   5.619 )
1719.981: I:1 (   4.027   4.027   4.027 ) T:172 (   1.919   4.025   5.527   5.619   5.619   5.619 )
1729.981: I:1 (   3.543   3.543   3.543 ) T:173 (   1.925   4.025   5.527   5.619   5.619   5.619 )
1739.981: I:1 (   5.899   5.899   5.899 ) T:174 (   1.925   4.027   5.619   5.899   5.899   5.899 )
1749.981: I:1 (   5.287   5.287   5.287 ) T:175 (   1.929   4.093   5.619   5.899   5.899   5.899 )
1759.981: I:1 (   5.051   5.051   5.051 ) T:176 (   1.929   4.151   5.619   5.899   5.899   5.899 )
1769.981: I:1 (   4.643   4.643   4.643 ) T:177 (   1.931   4.179   5.619   5.899   5.899   5.899 )
1779.982: I:1 (   3.709   3.709   3.709 ) T:178 (   1.931   4.179   5.619   5.899   5.899   5.899 )
1789.981: I:1 (   3.667   3.667   3.667 ) T:179 (   2.031   4.179   5.619   5.899   5.899   5.899 )
1799.981: I:1 (   4.571   4.571   4.571 ) T:180 (   2.031   4.179   5.619   5.899   5.899   5.899 )
1809.981: I:1 (   5.307   5.307   5.307 ) T:181 (   2.097   4.383   5.619   5.899   5.899   5.899 )
1819.981: I:1 (   4.187   4.187   4.187 ) T:182 (   2.097   4.383   5.619   5.899   5.899   5.899 )
1829.981: I:1 (   3.073   3.073   3.073 ) T:183 (   2.107   4.383   5.619   5.899   5.899   5.899 )
1839.981: I:1 (   5.407   5.407   5.407 ) T:184 (   2.107   4.399   5.619   5.899   5.899   5.899 )
1849.981: I:1 (   4.631   4.631   4.631 ) T:185 (   2.113   4.407   5.619   5.899   5.899   5.899 )
1859.981: I:1 (   4.291   4.291   4.291 ) T:186 (   2.113   4.407   5.619   5.899   5.899   5.899 )
1869.981: I:1 (   4.439   4.439   4.439 ) T:187 (   2.121   4.427   5.619   5.899   5.899   5.899 )
1879.982: I:1 (   4.267   4.267   4.267 ) T:188 (   2.121   4.427   5.619   5.899   5.899   5.899 )
1889.982: I:1 (   6.455   6.455   6.455 ) T:189 (   2.145   4.439   5.899   6.455   6.455   6.455 )
1899.981: I:1 (   3.631   3.631   3.631 ) T:190 (   2.145   4.427   5.899   6.455   6.455   6.455 )
1909.981: I:1 (   5.171   5.171   5.171 ) T:191 (   2.147   4.439   5.899   6.455   6.455   6.455 )
1919.982: I:1 (   5.891   5.891   5.891 ) T:192 (   2.147   4.459   5.899   6.455   6.455   6.455 )
1929.981: I:1 (   6.659   6.659   6.659 ) T:193 (   2.153   4.483   6.455   6.659   6.659   6.659 )
1939.981: I:1 (   5.823   5.823   5.823 ) T:194 (   2.153   4.483   6.455   6.659   6.659   6.659 )
1949.981: I:1 (   6.579   6.579   6.579 ) T:195 (   2.169   4.499   6.579   6.659   6.659   6.659 )
1959.981: I:1 (   6.459   6.459   6.459 ) T:196 (   2.169   4.543   6.579   6.659   6.659   6.659 )
1969.981: I:1 (   4.607   4.607   4.607 ) T:197 (   2.195   4.571   6.579   6.659   6.659   6.659 )
1979.981: I:1 (   5.087   5.087   5.087 ) T:198 (   2.195   4.607   6.579   6.659   6.659   6.659 )
1989.982: I:1 (   6.127   6.127   6.127 ) T:199 (   2.213   4.623   6.579   6.659   6.659   6.659 )
1999.981: I:1 (   3.991   3.991   3.991 ) T:200 (   2.213   4.607   6.459   6.659   6.659   6.659 )
2009.981: I:1 (   6.055   6.055   6.055 ) T:201 (   2.223   4.623   6.459   6.659   6.659   6.659 )
2019.981: I:1 (   2.953   2.953   2.953 ) T:202 (   2.223   4.623   6.459   6.659   6.659   6.659 )
2029.982: I:1 (   4.967   4.967   4.967 ) T:203 (   2.249   4.631   6.459   6.659   6.659   6.659 )
2039.981: I:1 (   6.459   6.459   6.459 ) T:204 (   2.249   4.643   6.459   6.659   6.659   6.659 )
2049.981: I:1 (   4.847   4.847   4.847 ) T:205 (   2.273   4.847   6.459   6.659   6.659   6.659 )
2059.982: I:1 (   4.603   4.603   4.603 ) T:206 (   2.273   4.847   6.459   6.659   6.659   6.659 )
2069.981: I:1 (   3.951   3.951   3.951 ) T:207 (   2.293   4.847   6.459   6.659   6.659   6.659 )
2079.981: I:1 (   3.501   3.501   3.501 ) T:208 (   2.293   4.847   6.459   6.659   6.659   6.659 )
2089.981: I:1 (   5.763   5.763   5.763 ) T:209 (   2.309   4.967   6.459   6.659   6.659   6.659 )
2099.981: I:1 (   4.435   4.435   4.435 ) T:210 (   2.309   4.847   6.459   6.659   6.659   6.659 )
2109.981: I:1 (   6.967   6.967   6.967 ) T:211 (   2.335   4.967   6.579   6.967   6.967   6.967 )
2119.981: I:1 (   6.075   6.075   6.075 ) T:212 (   2.335   5.027   6.579   6.967   6.967   6.967 )
2129.981: I:1 (   5.459   5.459   5.459 ) T:213 (   2.397   5.051   6.579   6.967   6.967   6.967 )
2139.981: I:1 (   4.767   4.767   4.767 ) T:214 (   2.397   5.051   6.579   6.967   6.967   6.967 )
2149.981: I:1 (   3.853   3.853   3.853 ) T:215 (   2.433   5.051   6.579   6.967   6.967   6.967 )
2159.982: I:1 (   7.007   7.007   7.007 ) T:216 (   2.433   5.087   6.659   7.007   7.007   7.007 )
2169.981: I:1 (   6.099   6.099   6.099 ) T:217 (   2.437   5.171   6.659   7.007   7.007   7.007 )
2180.600: I:1 (   5.523   5.523   5.523 ) T:218 (   2.437   5.287   6.659   7.007   7.007   7.007 )
2189.981: I:1 (   3.081   3.081   3.081 ) T:219 (   2.507   5.287   6.659   7.007   7.007   7.007 )
2199.981: I:1 (   6.355   6.355   6.355 ) T:220 (   2.507   5.287   6.659   7.007   7.007   7.007 )
2209.982: I:1 (   4.975   4.975   4.975 ) T:221 (   2.549   5.287   6.659   7.007   7.007   7.007 )
2219.982: I:1 (   6.947   6.947   6.947 ) T:222 (   2.549   5.307   6.947   7.007   7.007   7.007 )
2229.981: I:1 (   5.987   5.987   5.987 ) T:223 (   2.581   5.407   6.947   7.007   7.007   7.007 )
2239.981: I:1 (   5.383   5.383   5.383 ) T:224 (   2.581   5.407   6.947   7.007   7.007   7.007 )
2249.982: I:1 (   3.687   3.687   3.687 ) T:225 (   2.647   5.407   6.947   7.007   7.007   7.007 )
2259.981: I:1 (   6.999   6.999   6.999 ) T:226 (   2.647   5.459   6.967   7.007   7.007   7.007 )
2269.981: I:1 (   6.095   6.095   6.095 ) T:227 (   2.673   5.523   6.967   7.007   7.007   7.007 )
2279.981: I:1 (   5.315   5.315   5.315 ) T:228 (   2.673   5.523   6.967   7.007   7.007   7.007 )
2289.981: I:1 (   6.755   6.755   6.755 ) T:229 (   2.687   5.527   6.967   7.007   7.007   7.007 )
2299.981: I:1 (   6.003   6.003   6.003 ) T:230 (   2.687   5.527   6.967   7.007   7.007   7.007 )
2309.981: I:1 (   4.815   4.815   4.815 ) T:231 (   2.723   5.527   6.967   7.007   7.007   7.007 )
2319.982: I:1 (   4.219   4.219   4.219 ) T:232 (   2.723   5.527   6.967   7.007   7.007   7.007 )
2329.982: I:1 (   6.487   6.487   6.487 ) T:233 (   2.735   5.619   6.967   7.007   7.007   7.007 )
2339.982: I:1 (   7.403   7.403   7.403 ) T:234 (   2.735   5.763   6.999   7.403   7.403   7.403 )
2349.981: I:1 (   3.421   3.421   3.421 ) T:235 (   2.741   5.763   6.999   7.403   7.403   7.403 )
2359.981: I:1 (   3.519   3.519   3.519 ) T:236 (   2.741   5.763   6.999   7.403   7.403   7.403 )
2369.981: I:1 (   6.275   6.275   6.275 ) T:237 (   2.791   5.823   6.999   7.403   7.403   7.403 )
2379.981: I:1 (   7.547   7.547   7.547 ) T:238 (   2.791   5.891   7.007   7.547   7.547   7.547 )
2389.981: I:1 (   4.515   4.515   4.515 ) T:239 (   2.807   5.891   7.007   7.547   7.547   7.547 )
2399.981: I:1 (   5.991   5.991   5.991 ) T:240 (   2.807   5.891   7.007   7.547   7.547   7.547 )
2409.981: I:1 (   7.095   7.095   7.095 ) T:241 (   2.829   5.899   7.095   7.547   7.547   7.547 )
2419.981: I:1 (   4.743   4.743   4.743 ) T:242 (   2.829   5.899   7.095   7.547   7.547   7.547 )
2429.981: I:1 (   5.399   5.399   5.399 ) T:243 (   2.831   5.899   7.095   7.547   7.547   7.547 )
2439.982: I:1 (   6.759   6.759   6.759 ) T:244 (   2.831   5.987   7.095   7.547   7.547   7.547 )
2449.981: I:1 (   3.483   3.483   3.483 ) T:245 (   2.845   5.987   7.095   7.547   7.547   7.547 )
2459.981: I:1 (   5.999   5.999   5.999 ) T:246 (   2.845   5.991   7.095   7.547   7.547   7.547 )
2469.981: I:1 (   7.599   7.599   7.599 ) T:247 (   2.847   5.999   7.403   7.599   7.599   7.599 )
2479.981: I:1 (   5.347   5.347   5.347 ) T:248 (   2.847   5.999   7.403   7.599   7.599   7.599 )
2489.981: I:1 (   3.831   3.831   3.831 ) T:249 (   2.851   5.999   7.403   7.599   7.599   7.599 )
2499.981: I:1 (   4.707   4.707   4.707 ) T:250 (   2.851   5.991   7.403   7.599   7.599   7.599 )
2509.981: I:1 (   6.463   6.463   6.463 ) T:251 (   2.853   5.999   7.403   7.599   7.599   7.599 )
2519.981: I:1 (   7.499   7.499   7.499 ) T:252 (   2.853   6.003   7.499   7.599   7.599   7.599 )
2529.982: I:1 (   3.813   3.813   3.813 ) T:253 (   2.949   6.003   7.499   7.599   7.599   7.599 )
2539.981: I:1 (   4.375   4.375   4.375 ) T:254 (   2.949   6.003   7.499   7.599   7.599   7.599 )
2549.982: I:1 (   4.851   4.851   4.851 ) T:255 (   2.951   6.003   7.499   7.599   7.599   7.599 )
2559.981: I:1 (   5.511   5.511   5.511 ) T:256 (   2.951   6.003   7.499   7.599   7.599   7.599 )
2569.981: I:1 (   6.715   6.715   6.715 ) T:257 (   2.953   6.055   7.499   7.599   7.599   7.599 )
2579.982: I:1 (   7.467   7.467   7.467 ) T:258 (   2.953   6.075   7.499   7.599   7.599   7.599 )
2589.981: I:1 (   7.839   7.839   7.839 ) T:259 (   3.073   6.095   7.547   7.839   7.839   7.839 )
2599.981: I:1 (   3.917   3.917   3.917 ) T:260 (   3.073   6.075   7.547   7.839   7.839   7.839 )
2609.981: I:1 (   6.031   6.031   6.031 ) T:261 (   3.081   6.075   7.547   7.839   7.839   7.839 )
2619.981: I:1 (   7.071   7.071   7.071 ) T:262 (   3.081   6.095   7.547   7.839   7.839   7.839 )
2629.981: I:1 (   4.251   4.251   4.251 ) T:263 (   3.117   6.095   7.547   7.839   7.839   7.839 )
2639.981: I:1 (   5.847   5.847   5.847 ) T:264 (   3.117   6.095   7.547   7.839   7.839   7.839 )
2649.981: I:1 (   7.715   7.715   7.715 ) T:265 (   3.151   6.099   7.599   7.839   7.839   7.839 )
2659.981: I:1 (   4.711   4.711   4.711 ) T:266 (   3.151   6.099   7.599   7.839   7.839   7.839 )
2670.365: I:1 (   6.211   6.211   6.211 ) T:267 (   3.155   6.127   7.599   7.839   7.839   7.839 )
2679.981: I:1 (   7.899   7.899   7.899 ) T:268 (   3.155   6.211   7.715   7.899   7.899   7.899 )
2689.981: I:1 (   4.355   4.355   4.355 ) T:269 (   3.209   6.211   7.715   7.899   7.899   7.899 )
2699.981: I:1 (   5.023   5.023   5.023 ) T:270 (   3.209   6.127   7.715   7.899   7.899   7.899 )
2709.981: I:1 (   6.703   6.703   6.703 ) T:271 (   3.235   6.211   7.715   7.899   7.899   7.899 )
2719.981: I:1 (   3.831   3.831   3.831 ) T:272 (   3.235   6.211   7.715   7.899   7.899   7.899 )
2729.981: I:1 (   5.159   5.159   5.159 ) T:273 (   3.249   6.211   7.715   7.899   7.899   7.899 )
2739.981: I:1 (   7.031   7.031   7.031 ) T:274 (   3.249   6.275   7.715   7.899   7.899   7.899 )
2749.981: I:1 (   4.539   4.539   4.539 ) T:275 (   3.261   6.275   7.715   7.899   7.899   7.899 )
2759.981: I:1 (   6.171   6.171   6.171 ) T:276 (   3.261   6.275   7.715   7.899   7.899   7.899 )
2769.981: I:1 (   7.407   7.407   7.407 ) T:277 (   3.267   6.355   7.715   7.899   7.899   7.899 )
2779.982: I:1 (   4.695   4.695   4.695 ) T:278 (   3.267   6.355   7.715   7.899   7.899   7.899 )
2789.981: I:1 (   7.435   7.435   7.435 ) T:279 (   3.267   6.455   7.715   7.899   7.899   7.899 )
2799.981: I:1 (   3.867   3.867   3.867 ) T:280 (   3.267   6.355   7.715   7.899   7.899   7.899 )
2809.982: I:1 (   4.351   4.351   4.351 ) T:281 (   3.361   6.355   7.715   7.899   7.899   7.899 )
2819.981: I:1 (   4.739   4.739   4.739 ) T:282 (   3.361   6.355   7.715   7.899   7.899   7.899 )
2829.982: I:1 (   5.319   5.319   5.319 ) T:283 (   3.401   6.355   7.715   7.899   7.899   7.899 )
2839.982: I:1 (   7.115   7.115   7.115 ) T:284 (   3.401   6.455   7.715   7.899   7.899   7.899 )
2849.981: I:1 (   4.359   4.359   4.359 ) T:285 (   3.401   6.455   7.715   7.899   7.899   7.899 )
2859.981: I:1 (   6.231   6.231   6.231 ) T:286 (   3.401   6.455   7.715   7.899   7.899   7.899 )
2869.981: I:1 (   7.479   7.479   7.479 ) T:287 (   3.421   6.459   7.715   7.899   7.899   7.899 )
2879.981: I:1 (   4.259   4.259   4.259 ) T:288 (   3.421   6.459   7.715   7.899   7.899   7.899 )
2889.981: I:1 (   5.679   5.679   5.679 ) T:289 (   3.455   6.459   7.715   7.899   7.899   7.899 )
2899.981: I:1 (   7.107   7.107   7.107 ) T:290 (   3.455   6.459   7.715   7.899   7.899   7.899 )
2909.981: I:1 (   4.011   4.011   4.011 ) T:291 (   3.457   6.459   7.715   7.899   7.899   7.899 )
2919.982: I:1 (   5.919   5.919   5.919 ) T:292 (   3.457   6.459   7.715   7.899   7.899   7.899 )
2929.982: I:1 (   7.155   7.155   7.155 ) T:293 (   3.461   6.459   7.715   7.899   7.899   7.899 )
2939.981: I:1 (   3.833   3.833   3.833 ) T:294 (   3.461   6.459   7.715   7.899   7.899   7.899 )
2949.981: I:1 (   4.879   4.879   4.879 ) T:295 (   3.465   6.459   7.715   7.899   7.899   7.899 )
2960.125: I:1 (   5.375   5.375   5.375 ) T:296 (   3.465   6.459   7.715   7.899   7.899   7.899 )
2969.981: I:1 (   6.339   6.339   6.339 ) T:297 (   3.483   6.459   7.715   7.899   7.899   7.899 )
2979.981: I:1 (   6.727   6.727   6.727 ) T:298 (   3.483   6.463   7.715   7.899   7.899   7.899 )
2989.981: I:1 (   3.681   3.681   3.681 ) T:299 (   3.501   6.463   7.715   7.899   7.899   7.899 )
2999.981: I:1 (   4.451   4.451   4.451 ) T:300 (   3.501   6.459   7.599   7.899   7.899   7.899 )
3009.981: I:1 (   5.891   5.891   5.891 ) T:301 (   3.515   6.459   7.599   7.899   7.899   7.899 )
3019.981: I:1 (   7.891   7.891   7.891 ) T:302 (   3.515   6.463   7.715   7.899   7.899   7.899 )
3029.981: I:1 (   4.147   4.147   4.147 ) T:303 (   3.517   6.463   7.715   7.899   7.899   7.899 )
3039.981: I:1 (   5.951   5.951   5.951 ) T:304 (   3.517   6.463   7.715   7.899   7.899   7.899 )
3049.981: I:1 (   7.567   7.567   7.567 ) T:305 (   3.519   6.487   7.715   7.899   7.899   7.899 )
3059.981: I:1 (   4.475   4.475   4.475 ) T:306 (   3.519   6.487   7.715   7.899   7.899   7.899 )
3069.981: I:1 (   6.295   6.295   6.295 ) T:307 (   3.543   6.487   7.715   7.899   7.899   7.899 )
3079.981: I:1 (   8.123   8.123   8.123 ) T:308 (   3.543   6.579   7.839   8.123   8.123   8.123 )
3089.981: I:1 (   5.723   5.723   5.723 ) T:309 (   3.629   6.579   7.839   8.123   8.123   8.123 )
3099.981: I:1 (   7.555   7.555   7.555 ) T:310 (   3.629   6.579   7.839   8.123   8.123   8.123 )
3109.981: I:1 (   4.887   4.887   4.887 ) T:311 (   3.631   6.579   7.839   8.123   8.123   8.123 )
3120.227: I:1 (   6.535   6.535   6.535 ) T:312 (   3.631   6.579   7.839   8.123   8.123   8.123 )
3129.981: I:1 (   3.669   3.669   3.669 ) T:313 (   3.631   6.579   7.839   8.123   8.123   8.123 )
3139.981: I:1 (   4.711   4.711   4.711 ) T:314 (   3.631   6.579   7.839   8.123   8.123   8.123 )
3149.981: I:1 (   6.551   6.551   6.551 ) T:315 (   3.667   6.579   7.839   8.123   8.123   8.123 )
3159.982: I:1 (   8.279   8.279   8.279 ) T:316 (   3.667   6.659   7.891   8.279   8.279   8.279 )
3169.981: I:1 (   5.307   5.307   5.307 ) T:317 (   3.669   6.659   7.891   8.279   8.279   8.279 )
3179.981: I:1 (   6.663   6.663   6.663 ) T:318 (   3.669   6.663   7.891   8.279   8.279   8.279 )
3189.981: I:1 (   8.207   8.207   8.207 ) T:319 (   3.681   6.703   7.899   8.279   8.279   8.279 )
3199.981: I:1 (   4.739   4.739   4.739 ) T:320 (   3.681   6.663   7.899   8.279   8.279   8.279 )
3209.981: I:1 (   6.103   6.103   6.103 ) T:321 (   3.687   6.663   7.899   8.279   8.279   8.279 )
3219.981: I:1 (   8.327   8.327   8.327 ) T:322 (   3.687   6.703   8.123   8.327   8.327   8.327 )
3229.981: I:1 (   5.819   5.819   5.819 ) T:323 (   3.697   6.703   8.123   8.327   8.327   8.327 )
3239.981: I:1 (   7.183   7.183   7.183 ) T:324 (   3.697   6.715   8.123   8.327   8.327   8.327 )
3249.981: I:1 (   4.479   4.479   4.479 ) T:325 (   3.709   6.715   8.123   8.327   8.327   8.327 )
3259.981: I:1 (   5.935   5.935   5.935 ) T:326 (   3.709   6.715   8.123   8.327   8.327   8.327 )
3269.981: I:1 (   4.535   4.535   4.535 ) T:327 (   3.709   6.715   8.123   8.327   8.327   8.327 )
3279.981: I:1 (   5.915   5.915   5.915 ) T:328 (   3.709   6.715   8.123   8.327   8.327   8.327 )
3289.981: I:1 (   7.083   7.083   7.083 ) T:329 (   3.717   6.727   8.123   8.327   8.327   8.327 )
3299.981: I:1 (   4.231   4.231   4.231 ) T:330 (   3.717   6.715   8.123   8.327   8.327   8.327 )
3309.981: I:1 (   6.655   6.655   6.655 ) T:331 (   3.813   6.715   8.123   8.327   8.327   8.327 )
3319.981: I:1 (   3.867   3.867   3.867 ) T:332 (   3.813   6.715   8.123   8.327   8.327   8.327 )
3329.981: I:1 (   6.687   6.687   6.687 ) T:333 (   3.831   6.715   8.123   8.327   8.327   8.327 )
3339.981: I:1 (   7.279   7.279   7.279 ) T:334 (   3.831   6.727   8.123   8.327   8.327   8.327 )
3349.981: I:1 (   4.951   4.951   4.951 ) T:335 (   3.831   6.727   8.123   8.327   8.327   8.327 )
3359.981: I:1 (   4.095   4.095   4.095 ) T:336 (   3.831   6.727   8.123   8.327   8.327   8.327 )
3370.178: I:1 (   6.731   6.731   6.731 ) T:337 (   3.833   6.731   8.123   8.327   8.327   8.327 )
3379.981: I:1 (   3.833   3.833   3.833 ) T:338 (   3.833   6.731   8.123   8.327   8.327   8.327 )
3389.981: I:1 (   5.503   5.503   5.503 ) T:339 (   3.833   6.731   8.123   8.327   8.327   8.327 )
3399.981: I:1 (   8.179   8.179   8.179 ) T:340 (   3.833   6.731   8.179   8.327   8.327   8.327 )
3409.981: I:1 (   5.879   5.879   5.879 ) T:341 (   3.847   6.731   8.179   8.327   8.327   8.327 )
3420.995: I:1 (   8.031   8.031   8.031 ) T:342 (   3.847   6.755   8.179   8.327   8.327   8.327 )
3429.981: I:1 (   7.007   7.007   7.007 ) T:343 (   3.853   6.759   8.179   8.327   8.327   8.327 )
3439.981: I:1 (   8.447   8.447   8.447 ) T:344 (   3.853   6.947   8.207   8.447   8.447   8.447 )
3449.981: I:1 (   6.307   6.307   6.307 ) T:345 (   3.867   6.947   8.207   8.447   8.447   8.447 )
3459.981: I:1 (   3.889   3.889   3.889 ) T:346 (   3.867   6.947   8.207   8.447   8.447   8.447 )
3469.981: I:1 (   6.903   6.903   6.903 ) T:347 (   3.867   6.947   8.207   8.447   8.447   8.447 )
3479.981: I:1 (   4.783   4.783   4.783 ) T:348 (   3.867   6.947   8.207   8.447   8.447   8.447 )
3489.981: I:1 (   7.027   7.027   7.027 ) T:349 (   3.873   6.967   8.207   8.447   8.447   8.447 )
3499.981: I:1 (   4.515   4.515   4.515 ) T:350 (   3.873   6.947   8.207   8.447   8.447   8.447 )
3509.981: I:1 (   5.879   5.879   5.879 ) T:351 (   3.889   6.947   8.207   8.447   8.447   8.447 )
3519.981: I:1 (   6.859   6.859   6.859 ) T:352 (   3.889   6.947   8.207   8.447   8.447   8.447 )
3529.981: I:1 (   7.923   7.923   7.923 ) T:353 (   3.917   6.967   8.207   8.447   8.447   8.447 )
3539.981: I:1 (   8.511   8.511   8.511 ) T:354 (   3.917   6.999   8.279   8.511   8.511   8.511 )
3549.981: I:1 (   6.331   6.331   6.331 ) T:355 (   3.945   6.999   8.279   8.511   8.511   8.511 )
3559.981: I:1 (   4.935   4.935   4.935 ) T:356 (   3.945   6.999   8.279   8.511   8.511   8.511 )
3569.981: I:1 (   8.031   8.031   8.031 ) T:357 (   3.951   7.007   8.279   8.511   8.511   8.511 )
3579.981: I:1 (   6.219   6.219   6.219 ) T:358 (   3.951   7.007   8.279   8.511   8.511   8.511 )
3589.981: I:1 (   4.183   4.183   4.183 ) T:359 (   3.991   7.007   8.279   8.511   8.511   8.511 )
3599.981: I:1 (   7.591   7.591   7.591 ) T:360 (   3.991   7.007   8.279   8.511   8.511   8.511 )
3609.981: I:1 (   4.587   4.587   4.587 ) T:361 (   4.011   7.007   8.279   8.511   8.511   8.511 )
3619.981: I:1 (   7.187   7.187   7.187 ) T:362 (   4.011   7.007   8.279   8.511   8.511   8.511 )
3630.142: I:1 (   6.063   6.063   6.063 ) T:363 (   4.025   7.007   8.279   8.511   8.511   8.511 )
3639.981: I:1 (   4.075   4.075   4.075 ) T:364 (   4.025   7.007   8.279   8.511   8.511   8.511 )
3649.981: I:1 (   7.855   7.855   7.855 ) T:365 (   4.027   7.027   8.279   8.511   8.511   8.511 )
3660.204: I:1 (   6.191   6.191   6.191 ) T:366 (   4.027   7.027   8.279   8.511   8.511   8.511 )
3669.981: I:1 (   5.147   5.147   5.147 ) T:367 (   4.075   7.027   8.279   8.511   8.511   8.511 )
3679.981: I:1 (   4.379   4.379   4.379 ) T:368 (   4.075   7.027   8.279   8.511   8.511   8.511 )
3689.981: I:1 (   8.463   8.463   8.463 ) T:369 (   4.093   7.031   8.327   8.511   8.511   8.511 )
3699.981: I:1 (   8.063   8.063   8.063 ) T:370 (   4.093   7.031   8.327   8.511   8.511   8.511 )
3706.688: I:2 (   5.115   7.543   7.543 ) T:372 (   4.095   7.071   8.327   8.511   8.511   8.511 )
3706.714: I:0 (   0.000   0.000   0.000 ) T:372 (   4.095   7.071   8.327   8.511   8.511   8.511 )
