#[Interval percentile log between 0.000 and <Infinite> seconds (relative to StartTime)]
#[StartTime: 1524830363.563 (seconds since epoch), Fri Apr 27 13:59:23 CEST 2018]
Time: IntervalPercentiles:count ( 50% 90% Max ) TotalPercentiles:count ( 50% 90% 99% 99.9% 99.99% Max )
2.525: I:1 (   2.205   2.205   2.205 ) T:1 (   2.205   2.205   2.205   2.205   2.205   2.205 )
12.519: I:2 (   1.869   1.976   1.976 ) T:3 (   1.976   2.205   2.205   2.205   2.205   2.205 )
22.520: I:1 (   1.827   1.827   1.827 ) T:4 (   1.869   2.205   2.205   2.205   2.205   2.205 )
32.517: I:0 (   0.000   0.000   0.000 ) T:4 (   1.869   2.205   2.205   2.205   2.205   2.205 )
42.522: I:1 (   1.663   1.663   1.663 ) T:5 (   1.869   2.205   2.205   2.205   2.205   2.205 )
52.515: I:1 (   1.187   1.187   1.187 ) T:6 (   1.827   2.205   2.205   2.205   2.205   2.205 )
62.518: I:1 (   1.735   1.735   1.735 ) T:7 (   1.827   2.205   2.205   2.205   2.205   2.205 )
72.518: I:2 (   1.350   1.754   1.754 ) T:9 (   1.754   2.205   2.205   2.205   2.205   2.205 )
82.523: I:2 (   0.752   1.405   1.405 ) T:11 (   1.735   1.976   2.205   2.205   2.205   2.205 )
92.519: I:0 (   0.000   0.000   0.000 ) T:11 (   1.735   1.976   2.205   2.205   2.205   2.205 )
102.517: I:0 (   0.000   0.000   0.000 ) T:11 (   1.735   1.976   2.205   2.205   2.205   2.205 )
112.519: I:1 (   0.694   0.694   0.694 ) T:12 (   1.663   1.976   2.205   2.205   2.205   2.205 )
122.517: I:0 (   0.000   0.000   0.000 ) T:12 (   1.663   1.976   2.205   2.205   2.205   2.205 )
132.517: I:2 (   0.688   1.249   1.249 ) T:14 (   1.405   1.976   2.205   2.205   2.205   2.205 )
142.514: I:1 (   1.371   1.371   1.371 ) T:15 (   1.405   1.976   2.205   2.205   2.205   2.205 )
152.519: I:0 (   0.000   0.000   0.000 ) T:15 (   1.405   1.976   2.205   2.205   2.205   2.205 )
162.516: I:0 (   0.000   0.000   0.000 ) T:15 (   1.405   1.976   2.205   2.205   2.205   2.205 )
172.515: I:1 (   1.322   1.322   1.322 ) T:16 (   1.371   1.976   2.205   2.205   2.205   2.205 )
182.518: I:0 (   0.000   0.000   0.000 ) T:16 (   1.371   1.976   2.205   2.205   2.205   2.205 )
192.517: I:0 (   0.000   0.000   0.000 ) T:16 (   1.371   1.976   2.205   2.205   2.205   2.205 )
202.518: I:1 (   1.331   1.331   1.331 ) T:17 (   1.371   1.976   2.205   2.205   2.205   2.205 )
212.518: I:0 (   0.000   0.000   0.000 ) T:17 (   1.371   1.976   2.205   2.205   2.205   2.205 )
222.518: I:0 (   0.000   0.000   0.000 ) T:17 (   1.371   1.976   2.205   2.205   2.205   2.205 )
232.522: I:0 (   0.000   0.000   0.000 ) T:17 (   1.371   1.976   2.205   2.205   2.205   2.205 )
242.524: I:0 (   0.000   0.000   0.000 ) T:17 (   1.371   1.976   2.205   2.205   2.205   2.205 )
252.523: I:1 ( 239.871 239.871 239.871 ) T:18 (   1.371   2.205 239.871 239.871 239.871 239.871 )
262.519: I:0 (   0.000   0.000   0.000 ) T:18 (   1.371   2.205 239.871 239.871 239.871 239.871 )
272.527: I:2 (   1.237 209.535 209.535 ) T:20 (   1.371   2.205 239.871 239.871 239.871 239.871 )
282.521: I:1 ( 189.439 189.439 189.439 ) T:21 (   1.405 189.439 239.871 239.871 239.871 239.871 )
292.518: I:2 (   0.589   1.257   1.257 ) T:23 (   1.371 189.439 239.871 239.871 239.871 239.871 )
302.514: I:1 (   1.443   1.443   1.443 ) T:24 (   1.371 189.439 239.871 239.871 239.871 239.871 )
312.518: I:0 (   0.000   0.000   0.000 ) T:24 (   1.371 189.439 239.871 239.871 239.871 239.871 )
322.511: I:0 (   0.000   0.000   0.000 ) T:24 (   1.371 189.439 239.871 239.871 239.871 239.871 )
332.518: I:0 (   0.000   0.000   0.000 ) T:24 (   1.371 189.439 239.871 239.871 239.871 239.871 )
342.517: I:1 (   1.493   1.493   1.493 ) T:25 (   1.405 189.439 239.871 239.871 239.871 239.871 )
352.524: I:1 ( 246.783 246.783 246.783 ) T:26 (   1.405 209.535 246.783 246.783 246.783 246.783 )
362.525: I:4 (   1.074   1.630   1.630 ) T:30 (   1.371 189.439 246.783 246.783 246.783 246.783 )
372.518: I:0 (   0.000   0.000   0.000 ) T:30 (   1.371 189.439 246.783 246.783 246.783 246.783 )
382.514: I:1 (   1.316   1.316   1.316 ) T:31 (   1.371 189.439 246.783 246.783 246.783 246.783 )
392.514: I:2 (   1.026   1.222   1.222 ) T:33 (   1.371 189.439 246.783 246.783 246.783 246.783 )
402.514: I:0 (   0.000   0.000   0.000 ) T:33 (   1.371 189.439 246.783 246.783 246.783 246.783 )
412.513: I:3 (   1.188   1.212   1.212 ) T:36 (   1.331 189.439 246.783 246.783 246.783 246.783 )
422.516: I:0 (   0.000   0.000   0.000 ) T:36 (   1.331 189.439 246.783 246.783 246.783 246.783 )
432.518: I:0 (   0.000   0.000   0.000 ) T:36 (   1.331 189.439 246.783 246.783 246.783 246.783 )
442.514: I:2 (   0.981   1.226   1.226 ) T:38 (   1.322 189.439 246.783 246.783 246.783 246.783 )
452.517: I:0 (   0.000   0.000   0.000 ) T:38 (   1.322 189.439 246.783 246.783 246.783 246.783 )
462.517: I:0 (   0.000   0.000   0.000 ) T:38 (   1.322 189.439 246.783 246.783 246.783 246.783 )
472.519: I:1 (   1.120   1.120   1.120 ) T:39 (   1.322 189.439 246.783 246.783 246.783 246.783 )
482.517: I:2 (   1.416   1.632   1.632 ) T:41 (   1.331   2.205 246.783 246.783 246.783 246.783 )
492.514: I:1 (   1.246   1.246   1.246 ) T:42 (   1.322   2.205 246.783 246.783 246.783 246.783 )
502.515: I:1 (   0.547   0.547   0.547 ) T:43 (   1.322   2.205 246.783 246.783 246.783 246.783 )
512.516: I:0 (   0.000   0.000   0.000 ) T:43 (   1.322   2.205 246.783 246.783 246.783 246.783 )
522.515: I:0 (   0.000   0.000   0.000 ) T:43 (   1.322   2.205 246.783 246.783 246.783 246.783 )
532.516: I:1 (   1.015   1.015   1.015 ) T:44 (   1.316   2.205 246.783 246.783 246.783 246.783 )
542.517: I:0 (   0.000   0.000   0.000 ) T:44 (   1.316   2.205 246.783 246.783 246.783 246.783 )
552.524: I:2 (   2.929 175.231 175.231 ) T:46 (   1.322 175.231 246.783 246.783 246.783 246.783 )
562.515: I:0 (   0.000   0.000   0.000 ) T:46 (   1.322 175.231 246.783 246.783 246.783 246.783 )
572.525: I:2 (   1.112 240.255 240.255 ) T:48 (   1.322 189.439 246.783 246.783 246.783 246.783 )
582.516: I:2 (   0.965   1.124   1.124 ) T:50 (   1.316 175.231 246.783 246.783 246.783 246.783 )
592.516: I:3 (   1.116   1.425   1.425 ) T:53 (   1.316 175.231 246.783 246.783 246.783 246.783 )
602.516: I:1 (   1.192   1.192   1.192 ) T:54 (   1.257 175.231 246.783 246.783 246.783 246.783 )
612.512: I:2 (   0.886   0.960   0.960 ) T:56 (   1.249 175.231 246.783 246.783 246.783 246.783 )
622.519: I:0 (   0.000   0.000   0.000 ) T:56 (   1.249 175.231 246.783 246.783 246.783 246.783 )
632.510: I:0 (   0.000   0.000   0.000 ) T:56 (   1.249 175.231 246.783 246.783 246.783 246.783 )
642.516: I:0 (   0.000   0.000   0.000 ) T:56 (   1.249 175.231 246.783 246.783 246.783 246.783 )
652.524: I:0 (   0.000   0.000   0.000 ) T:56 (   1.249 175.231 246.783 246.783 246.783 246.783 )
662.517: I:0 (   0.000   0.000   0.000 ) T:56 (   1.249 175.231 246.783 246.783 246.783 246.783 )
672.517: I:2 (   0.686   0.889   0.889 ) T:58 (   1.246 175.231 246.783 246.783 246.783 246.783 )
682.515: I:3 (   0.823   0.874   0.874 ) T:61 (   1.237   2.929 246.783 246.783 246.783 246.783 )
692.516: I:0 (   0.000   0.000   0.000 ) T:61 (   1.237   2.929 246.783 246.783 246.783 246.783 )
702.515: I:2 (   0.897   0.920   0.920 ) T:63 (   1.226   2.929 246.783 246.783 246.783 246.783 )
712.518: I:0 (   0.000   0.000   0.000 ) T:63 (   1.226   2.929 246.783 246.783 246.783 246.783 )
722.515: I:2 (   0.979   1.194   1.194 ) T:65 (   1.222   2.929 246.783 246.783 246.783 246.783 )
732.514: I:1 (   1.202   1.202   1.202 ) T:66 (   1.212   2.929 246.783 246.783 246.783 246.783 )
742.516: I:3 (   0.693   0.768   0.768 ) T:69 (   1.202   2.929 246.783 246.783 246.783 246.783 )
752.518: I:1 (   0.763   0.763   0.763 ) T:70 (   1.194   2.205 246.783 246.783 246.783 246.783 )
762.517: I:0 (   0.000   0.000   0.000 ) T:70 (   1.194   2.205 246.783 246.783 246.783 246.783 )
772.517: I:0 (   0.000   0.000   0.000 ) T:70 (   1.194   2.205 246.783 246.783 246.783 246.783 )
782.516: I:0 (   0.000   0.000   0.000 ) T:70 (   1.194   2.205 246.783 246.783 246.783 246.783 )
792.522: I:1 ( 239.999 239.999 239.999 ) T:71 (   1.202   2.929 246.783 246.783 246.783 246.783 )
802.516: I:0 (   0.000   0.000   0.000 ) T:71 (   1.202   2.929 246.783 246.783 246.783 246.783 )
812.516: I:2 (   0.912   0.945   0.945 ) T:73 (   1.194   2.929 246.783 246.783 246.783 246.783 )
822.516: I:1 (   0.733   0.733   0.733 ) T:74 (   1.192   2.929 246.783 246.783 246.783 246.783 )
832.518: I:1 (   0.977   0.977   0.977 ) T:75 (   1.192   2.929 246.783 246.783 246.783 246.783 )
842.521: I:0 (   0.000   0.000   0.000 ) T:75 (   1.192   2.929 246.783 246.783 246.783 246.783 )
852.515: I:1 (   0.710   0.710   0.710 ) T:76 (   1.188   2.929 246.783 246.783 246.783 246.783 )
862.514: I:2 (   0.824   0.878   0.878 ) T:78 (   1.187   2.929 246.783 246.783 246.783 246.783 )
872.517: I:0 (   0.000   0.000   0.000 ) T:78 (   1.187   2.929 246.783 246.783 246.783 246.783 )
882.514: I:0 (   0.000   0.000   0.000 ) T:78 (   1.187   2.929 246.783 246.783 246.783 246.783 )
892.518: I:0 (   0.000   0.000   0.000 ) T:78 (   1.187   2.929 246.783 246.783 246.783 246.783 )
902.514: I:2 (   0.384   1.036   1.036 ) T:80 (   1.124   2.205 246.783 246.783 246.783 246.783 )
912.517: I:1 (   0.706   0.706   0.706 ) T:81 (   1.124   2.205 246.783 246.783 246.783 246.783 )
922.516: I:0 (   0.000   0.000   0.000 ) T:81 (   1.124   2.205 246.783 246.783 246.783 246.783 )
932.527: I:1 (   0.409   0.409   0.409 ) T:82 (   1.120   2.205 246.783 246.783 246.783 246.783 )
942.517: I:0 (   0.000   0.000   0.000 ) T:82 (   1.120   2.205 246.783 246.783 246.783 246.783 )
952.513: I:0 (   0.000   0.000   0.000 ) T:82 (   1.120   2.205 246.783 246.783 246.783 246.783 )
962.516: I:0 (   0.000   0.000   0.000 ) T:82 (   1.120   2.205 246.783 246.783 246.783 246.783 )
972.518: I:0 (   0.000   0.000   0.000 ) T:82 (   1.120   2.205 246.783 246.783 246.783 246.783 )
982.514: I:0 (   0.000   0.000   0.000 ) T:82 (   1.120   2.205 246.783 246.783 246.783 246.783 )
992.513: I:0 (   0.000   0.000   0.000 ) T:82 (   1.120   2.205 246.783 246.783 246.783 246.783 )
1002.516: I:0 (   0.000   0.000   0.000 ) T:82 (   1.120   2.205 246.783 246.783 246.783 246.783 )
1012.518: I:0 (   0.000   0.000   0.000 ) T:82 (   1.120   2.205 246.783 246.783 246.783 246.783 )
1022.510: I:0 (   0.000   0.000   0.000 ) T:82 (   1.120   2.205 246.783 246.783 246.783 246.783 )
1032.517: I:1 (   0.864   0.864   0.864 ) T:83 (   1.120   2.205 246.783 246.783 246.783 246.783 )
1042.514: I:0 (   0.000   0.000   0.000 ) T:83 (   1.120   2.205 246.783 246.783 246.783 246.783 )
1052.517: I:1 (   0.658   0.658   0.658 ) T:84 (   1.116   2.205 246.783 246.783 246.783 246.783 )
1062.510: I:0 (   0.000   0.000   0.000 ) T:84 (   1.116   2.205 246.783 246.783 246.783 246.783 )
1072.514: I:0 (   0.000   0.000   0.000 ) T:84 (   1.116   2.205 246.783 246.783 246.783 246.783 )
1082.514: I:0 (   0.000   0.000   0.000 ) T:84 (   1.116   2.205 246.783 246.783 246.783 246.783 )
1092.518: I:0 (   0.000   0.000   0.000 ) T:84 (   1.116   2.205 246.783 246.783 246.783 246.783 )
1102.521: I:1 (   0.664   0.664   0.664 ) T:85 (   1.116   2.205 246.783 246.783 246.783 246.783 )
1112.518: I:0 (   0.000   0.000   0.000 ) T:85 (   1.116   2.205 246.783 246.783 246.783 246.783 )
1122.514: I:0 (   0.000   0.000   0.000 ) T:85 (   1.116   2.205 246.783 246.783 246.783 246.783 )
1132.518: I:0 (   0.000   0.000   0.000 ) T:85 (   1.116   2.205 246.783 246.783 246.783 246.783 )
1142.515: I:0 (   0.000   0.000   0.000 ) T:85 (   1.116   2.205 246.783 246.783 246.783 246.783 )
1152.518: I:0 (   0.000   0.000   0.000 ) T:85 (   1.116   2.205 246.783 246.783 246.783 246.783 )
1162.512: I:0 (   0.000   0.000   0.000 ) T:85 (   1.116   2.205 246.783 246.783 246.783 246.783 )
1172.520: I:2 (   0.180 230.143 230.143 ) T:87 (   1.116   2.929 246.783 246.783 246.783 246.783 )
1182.515: I:0 (   0.000   0.000   0.000 ) T:87 (   1.116   2.929 246.783 246.783 246.783 246.783 )
1192.517: I:1 (   0.770   0.770   0.770 ) T:88 (   1.112   2.929 246.783 246.783 246.783 246.783 )
1202.522: I:1 ( 108.159 108.159 108.159 ) T:89 (   1.116 108.159 246.783 246.783 246.783 246.783 )
1212.518: I:0 (   0.000   0.000   0.000 ) T:89 (   1.116 108.159 246.783 246.783 246.783 246.783 )
1222.517: I:2 (   0.534   0.703   0.703 ) T:91 (   1.112   2.929 246.783 246.783 246.783 246.783 )
1232.517: I:0 (   0.000   0.000   0.000 ) T:91 (   1.112   2.929 246.783 246.783 246.783 246.783 )
1242.515: I:0 (   0.000   0.000   0.000 ) T:91 (   1.112   2.929 246.783 246.783 246.783 246.783 )
1252.517: I:1 (   0.673   0.673   0.673 ) T:92 (   1.074   2.929 246.783 246.783 246.783 246.783 )
1262.514: I:1 (   0.173   0.173   0.173 ) T:93 (   1.074   2.929 246.783 246.783 246.783 246.783 )
1272.519: I:0 (   0.000   0.000   0.000 ) T:93 (   1.074   2.929 246.783 246.783 246.783 246.783 )
1282.516: I:0 (   0.000   0.000   0.000 ) T:93 (   1.074   2.929 246.783 246.783 246.783 246.783 )
1292.518: I:1 (   0.796   0.796   0.796 ) T:94 (   1.036   2.929 246.783 246.783 246.783 246.783 )
1302.517: I:0 (   0.000   0.000   0.000 ) T:94 (   1.036   2.929 246.783 246.783 246.783 246.783 )
1312.517: I:2 (   0.358   0.768   0.768 ) T:96 (   1.026   2.929 246.783 246.783 246.783 246.783 )
1322.516: I:0 (   0.000   0.000   0.000 ) T:96 (   1.026   2.929 246.783 246.783 246.783 246.783 )
1332.513: I:0 (   0.000   0.000   0.000 ) T:96 (   1.026   2.929 246.783 246.783 246.783 246.783 )
1342.515: I:2 (   0.561   0.610   0.610 ) T:98 (   1.015   2.929 246.783 246.783 246.783 246.783 )
1352.518: I:0 (   0.000   0.000   0.000 ) T:98 (   1.015   2.929 246.783 246.783 246.783 246.783 )
1362.514: I:1 (   0.570   0.570   0.570 ) T:99 (   1.015   2.929 246.783 246.783 246.783 246.783 )
1372.519: I:0 (   0.000   0.000   0.000 ) T:99 (   1.015   2.929 246.783 246.783 246.783 246.783 )
1382.516: I:1 (   0.626   0.626   0.626 ) T:100 (   0.981   2.205 240.255 246.783 246.783 246.783 )
1392.517: I:0 (   0.000   0.000   0.000 ) T:100 (   0.981   2.205 240.255 246.783 246.783 246.783 )
1402.516: I:0 (   0.000   0.000   0.000 ) T:100 (   0.981   2.205 240.255 246.783 246.783 246.783 )
1412.517: I:1 (   0.607   0.607   0.607 ) T:101 (   0.981   2.205 240.255 246.783 246.783 246.783 )
1422.520: I:1 ( 262.399 262.399 262.399 ) T:102 (   0.981   2.929 246.783 262.399 262.399 262.399 )
1432.517: I:1 (   0.686   0.686   0.686 ) T:103 (   0.981   2.929 246.783 262.399 262.399 262.399 )
1442.522: I:3 (   0.624 141.055 141.055 ) T:106 (   0.979 108.159 246.783 262.399 262.399 262.399 )
1452.517: I:0 (   0.000   0.000   0.000 ) T:106 (   0.979 108.159 246.783 262.399 262.399 262.399 )
1462.517: I:0 (   0.000   0.000   0.000 ) T:106 (   0.979 108.159 246.783 262.399 262.399 262.399 )
1472.517: I:2 (   0.582   0.624   0.624 ) T:108 (   0.977 108.159 246.783 262.399 262.399 262.399 )
1482.511: I:0 (   0.000   0.000   0.000 ) T:108 (   0.977 108.159 246.783 262.399 262.399 262.399 )
1492.517: I:2 (   0.514   0.652   0.652 ) T:110 (   0.965   2.929 246.783 262.399 262.399 262.399 )
1502.521: I:3 (   0.619 185.855 185.855 ) T:113 (   0.965 108.159 246.783 262.399 262.399 262.399 )
1512.515: I:2 (   0.611   0.687   0.687 ) T:115 (   0.960 108.159 246.783 262.399 262.399 262.399 )
1522.511: I:0 (   0.000   0.000   0.000 ) T:115 (   0.960 108.159 246.783 262.399 262.399 262.399 )
1532.517: I:2 (   0.133   0.346   0.346 ) T:117 (   0.945 108.159 246.783 262.399 262.399 262.399 )
1542.510: I:1 (   0.512   0.512   0.512 ) T:118 (   0.920 108.159 246.783 262.399 262.399 262.399 )
1552.524: I:1 ( 121.535 121.535 121.535 ) T:119 (   0.945 121.535 246.783 262.399 262.399 262.399 )
1562.517: I:2 (   0.681   0.693   0.693 ) T:121 (   0.920 108.159 246.783 262.399 262.399 262.399 )
1572.517: I:1 (   0.577   0.577   0.577 ) T:122 (   0.912 108.159 246.783 262.399 262.399 262.399 )
1582.516: I:0 (   0.000   0.000   0.000 ) T:122 (   0.912 108.159 246.783 262.399 262.399 262.399 )
1592.518: I:0 (   0.000   0.000   0.000 ) T:122 (   0.912 108.159 246.783 262.399 262.399 262.399 )
1602.514: I:0 (   0.000   0.000   0.000 ) T:122 (   0.912 108.159 246.783 262.399 262.399 262.399 )
1612.518: I:0 (   0.000   0.000   0.000 ) T:122 (   0.912 108.159 246.783 262.399 262.399 262.399 )
1622.517: I:1 (   0.614   0.614   0.614 ) T:123 (   0.912 108.159 246.783 262.399 262.399 262.399 )
1632.513: I:3 (   0.550   0.566   0.566 ) T:126 (   0.892 108.159 246.783 262.399 262.399 262.399 )
1642.516: I:0 (   0.000   0.000   0.000 ) T:126 (   0.892 108.159 246.783 262.399 262.399 262.399 )
1652.516: I:1 (   0.629   0.629   0.629 ) T:127 (   0.892 108.159 246.783 262.399 262.399 262.399 )
1662.516: I:2 (   0.615   0.923   0.923 ) T:129 (   0.892 108.159 246.783 262.399 262.399 262.399 )
1672.514: I:2 (   0.349   0.538   0.538 ) T:131 (   0.889   2.929 246.783 262.399 262.399 262.399 )
1682.516: I:0 (   0.000   0.000   0.000 ) T:131 (   0.889   2.929 246.783 262.399 262.399 262.399 )
1692.517: I:1 (   0.312   0.312   0.312 ) T:132 (   0.886   2.929 246.783 262.399 262.399 262.399 )
1702.514: I:1 (   0.556   0.556   0.556 ) T:133 (   0.886   2.929 246.783 262.399 262.399 262.399 )
1712.524: I:2 (   0.669 249.471 249.471 ) T:135 (   0.886 108.159 249.471 262.399 262.399 262.399 )
1722.516: I:0 (   0.000   0.000   0.000 ) T:135 (   0.886 108.159 249.471 262.399 262.399 262.399 )
1732.517: I:0 (   0.000   0.000   0.000 ) T:135 (   0.886 108.159 249.471 262.399 262.399 262.399 )
1742.511: I:2 (   0.572   0.654   0.654 ) T:137 (   0.878 108.159 249.471 262.399 262.399 262.399 )
1752.525: I:3 (   0.627   0.690   0.690 ) T:140 (   0.864   2.929 249.471 262.399 262.399 262.399 )
1762.517: I:3 (   0.564   0.646   0.646 ) T:143 (   0.835   2.929 249.471 262.399 262.399 262.399 )
1772.517: I:0 (   0.000   0.000   0.000 ) T:143 (   0.835   2.929 249.471 262.399 262.399 262.399 )
1782.514: I:0 (   0.000   0.000   0.000 ) T:143 (   0.835   2.929 249.471 262.399 262.399 262.399 )
1792.514: I:2 (   0.517   0.536   0.536 ) T:145 (   0.824   2.929 249.471 262.399 262.399 262.399 )
1802.514: I:1 (   0.477   0.477   0.477 ) T:146 (   0.823   2.929 249.471 262.399 262.399 262.399 )
1812.518: I:0 (   0.000   0.000   0.000 ) T:146 (   0.823   2.929 249.471 262.399 262.399 262.399 )
1822.514: I:0 (   0.000   0.000   0.000 ) T:146 (   0.823   2.929 249.471 262.399 262.399 262.399 )
1832.517: I:1 (   0.603   0.603   0.603 ) T:147 (   0.823   2.929 249.471 262.399 262.399 262.399 )
1842.517: I:1 (   0.646   0.646   0.646 ) T:148 (   0.796   2.929 249.471 262.399 262.399 262.399 )
1852.514: I:0 (   0.000   0.000   0.000 ) T:148 (   0.796   2.929 249.471 262.399 262.399 262.399 )
1862.515: I:2 (   0.522   0.696   0.696 ) T:150 (   0.770   2.205 249.471 262.399 262.399 262.399 )
1872.516: I:0 (   0.000   0.000   0.000 ) T:150 (   0.770   2.205 249.471 262.399 262.399 262.399 )
1882.516: I:0 (   0.000   0.000   0.000 ) T:150 (   0.770   2.205 249.471 262.399 262.399 262.399 )
1892.516: I:0 (   0.000   0.000   0.000 ) T:150 (   0.770   2.205 249.471 262.399 262.399 262.399 )
1902.515: I:0 (   0.000   0.000   0.000 ) T:150 (   0.770   2.205 249.471 262.399 262.399 262.399 )
1912.516: I:0 (   0.000   0.000   0.000 ) T:150 (   0.770   2.205 249.471 262.399 262.399 262.399 )
1922.515: I:1 (   0.693   0.693   0.693 ) T:151 (   0.770   2.205 249.471 262.399 262.399 262.399 )
1932.515: I:0 (   0.000   0.000   0.000 ) T:151 (   0.770   2.205 249.471 262.399 262.399 262.399 )
1942.516: I:2 (   0.553   0.851   0.851 ) T:153 (   0.770   2.205 249.471 262.399 262.399 262.399 )
1952.518: I:1 (   0.814   0.814   0.814 ) T:154 (   0.770   2.205 249.471 262.399 262.399 262.399 )
1962.515: I:0 (   0.000   0.000   0.000 ) T:154 (   0.770   2.205 249.471 262.399 262.399 262.399 )
1972.518: I:1 (   0.589   0.589   0.589 ) T:155 (   0.770   2.205 249.471 262.399 262.399 262.399 )
1982.514: I:2 (   0.569   0.806   0.806 ) T:157 (   0.770   2.205 249.471 262.399 262.399 262.399 )
1992.518: I:0 (   0.000   0.000   0.000 ) T:157 (   0.770   2.205 249.471 262.399 262.399 262.399 )
2002.515: I:0 (   0.000   0.000   0.000 ) T:157 (   0.770   2.205 249.471 262.399 262.399 262.399 )
2012.515: I:0 (   0.000   0.000   0.000 ) T:157 (   0.770   2.205 249.471 262.399 262.399 262.399 )
2022.516: I:0 (   0.000   0.000   0.000 ) T:157 (   0.770   2.205 249.471 262.399 262.399 262.399 )
2032.517: I:0 (   0.000   0.000   0.000 ) T:157 (   0.770   2.205 249.471 262.399 262.399 262.399 )
2042.517: I:1 (   0.592   0.592   0.592 ) T:158 (   0.768   2.205 249.471 262.399 262.399 262.399 )
2052.514: I:0 (   0.000   0.000   0.000 ) T:158 (   0.768   2.205 249.471 262.399 262.399 262.399 )
2062.516: I:1 (   0.560   0.560   0.560 ) T:159 (   0.768   2.205 249.471 262.399 262.399 262.399 )
2072.509: I:0 (   0.000   0.000   0.000 ) T:159 (   0.768   2.205 249.471 262.399 262.399 262.399 )
2082.518: I:0 (   0.000   0.000   0.000 ) T:159 (   0.768   2.205 249.471 262.399 262.399 262.399 )
2092.514: I:0 (   0.000   0.000   0.000 ) T:159 (   0.768   2.205 249.471 262.399 262.399 262.399 )
2102.514: I:2 (   0.688   0.779   0.779 ) T:161 (   0.768   1.976 249.471 262.399 262.399 262.399 )
2112.518: I:2 (   0.277   0.627   0.627 ) T:163 (   0.768   1.976 249.471 262.399 262.399 262.399 )
2122.520: I:1 ( 310.015 310.015 310.015 ) T:164 (   0.768   2.205 262.399 310.015 310.015 310.015 )
2132.514: I:1 (   0.599   0.599   0.599 ) T:165 (   0.768   2.205 262.399 310.015 310.015 310.015 )
2142.516: I:0 (   0.000   0.000   0.000 ) T:165 (   0.768   2.205 262.399 310.015 310.015 310.015 )
2152.518: I:3 (   0.356   0.532   0.532 ) T:168 (   0.752   2.205 262.399 310.015 310.015 310.015 )
2162.514: I:1 (   0.614   0.614   0.614 ) T:169 (   0.752   2.205 262.399 310.015 310.015 310.015 )
2172.517: I:0 (   0.000   0.000   0.000 ) T:169 (   0.752   2.205 262.399 310.015 310.015 310.015 )
2182.514: I:1 (   0.552   0.552   0.552 ) T:170 (   0.733   1.976 262.399 310.015 310.015 310.015 )
2192.518: I:0 (   0.000   0.000   0.000 ) T:170 (   0.733   1.976 262.399 310.015 310.015 310.015 )
2202.515: I:0 (   0.000   0.000   0.000 ) T:170 (   0.733   1.976 262.399 310.015 310.015 310.015 )
2212.515: I:1 (   0.599   0.599   0.599 ) T:171 (   0.733   1.976 262.399 310.015 310.015 310.015 )
2222.509: I:2 (   0.607   0.615   0.615 ) T:173 (   0.710   1.976 262.399 310.015 310.015 310.015 )
2232.516: I:0 (   0.000   0.000   0.000 ) T:173 (   0.710   1.976 262.399 310.015 310.015 310.015 )
2242.514: I:1 (   0.582   0.582   0.582 ) T:174 (   0.706   1.976 262.399 310.015 310.015 310.015 )
2252.514: I:3 (   0.517   0.611   0.611 ) T:177 (   0.703   1.976 262.399 310.015 310.015 310.015 )
2262.512: I:1 (   0.613   0.613   0.613 ) T:178 (   0.696   1.976 262.399 310.015 310.015 310.015 )
2272.525: I:1 ( 389.631 389.631 389.631 ) T:179 (   0.703   2.205 310.015 389.631 389.631 389.631 )
2282.523: I:2 (   0.622 283.647 283.647 ) T:181 (   0.703   2.205 310.015 389.631 389.631 389.631 )
2292.517: I:1 (   0.882   0.882   0.882 ) T:182 (   0.703   2.205 310.015 389.631 389.631 389.631 )
2302.508: I:0 (   0.000   0.000   0.000 ) T:182 (   0.703   2.205 310.015 389.631 389.631 389.631 )
2312.518: I:0 (   0.000   0.000   0.000 ) T:182 (   0.703   2.205 310.015 389.631 389.631 389.631 )
2322.510: I:0 (   0.000   0.000   0.000 ) T:182 (   0.703   2.205 310.015 389.631 389.631 389.631 )
2332.514: I:0 (   0.000   0.000   0.000 ) T:182 (   0.703   2.205 310.015 389.631 389.631 389.631 )
2342.516: I:0 (   0.000   0.000   0.000 ) T:182 (   0.703   2.205 310.015 389.631 389.631 389.631 )
2352.516: I:0 (   0.000   0.000   0.000 ) T:182 (   0.703   2.205 310.015 389.631 389.631 389.631 )
2362.515: I:1 (   0.335   0.335   0.335 ) T:183 (   0.703   2.205 310.015 389.631 389.631 389.631 )
2372.514: I:0 (   0.000   0.000   0.000 ) T:183 (   0.703   2.205 310.015 389.631 389.631 389.631 )
2382.514: I:1 (   0.536   0.536   0.536 ) T:184 (   0.696   2.205 310.015 389.631 389.631 389.631 )
2392.513: I:0 (   0.000   0.000   0.000 ) T:184 (   0.696   2.205 310.015 389.631 389.631 389.631 )
2402.515: I:0 (   0.000   0.000   0.000 ) T:184 (   0.696   2.205 310.015 389.631 389.631 389.631 )
2412.514: I:0 (   0.000   0.000   0.000 ) T:184 (   0.696   2.205 310.015 389.631 389.631 389.631 )
2422.516: I:0 (   0.000   0.000   0.000 ) T:184 (   0.696   2.205 310.015 389.631 389.631 389.631 )
2432.517: I:4 (   0.339   0.598   0.598 ) T:188 (   0.693   2.205 310.015 389.631 389.631 389.631 )
2442.514: I:0 (   0.000   0.000   0.000 ) T:188 (   0.693   2.205 310.015 389.631 389.631 389.631 )
2452.517: I:1 (   0.563   0.563   0.563 ) T:189 (   0.693   2.205 310.015 389.631 389.631 389.631 )
2462.513: I:1 (   0.651   0.651   0.651 ) T:190 (   0.693   1.976 310.015 389.631 389.631 389.631 )
2472.517: I:0 (   0.000   0.000   0.000 ) T:190 (   0.693   1.976 310.015 389.631 389.631 389.631 )
2482.514: I:2 (   0.318   0.609   0.609 ) T:192 (   0.693   1.976 310.015 389.631 389.631 389.631 )
2492.518: I:0 (   0.000   0.000   0.000 ) T:192 (   0.693   1.976 310.015 389.631 389.631 389.631 )
2502.515: I:1 (   0.584   0.584   0.584 ) T:193 (   0.693   1.976 310.015 389.631 389.631 389.631 )
2512.516: I:0 (   0.000   0.000   0.000 ) T:193 (   0.693   1.976 310.015 389.631 389.631 389.631 )
2522.525: I:0 (   0.000   0.000   0.000 ) T:193 (   0.693   1.976 310.015 389.631 389.631 389.631 )
2532.524: I:0 (   0.000   0.000   0.000 ) T:193 (   0.693   1.976 310.015 389.631 389.631 389.631 )
2542.513: I:0 (   0.000   0.000   0.000 ) T:193 (   0.693   1.976 310.015 389.631 389.631 389.631 )
2552.516: I:0 (   0.000   0.000   0.000 ) T:193 (   0.693   1.976 310.015 389.631 389.631 389.631 )
2562.515: I:0 (   0.000   0.000   0.000 ) T:193 (   0.693   1.976 310.015 389.631 389.631 389.631 )
2572.510: I:0 (   0.000   0.000   0.000 ) T:193 (   0.693   1.976 310.015 389.631 389.631 389.631 )
2582.516: I:0 (   0.000   0.000   0.000 ) T:193 (   0.693   1.976 310.015 389.631 389.631 389.631 )
2592.516: I:2 (   0.319   0.567   0.567 ) T:195 (   0.690   1.976 310.015 389.631 389.631 389.631 )
2602.515: I:0 (   0.000   0.000   0.000 ) T:195 (   0.690   1.976 310.015 389.631 389.631 389.631 )
2612.513: I:1 (   0.591   0.591   0.591 ) T:196 (   0.688   1.976 310.015 389.631 389.631 389.631 )
2622.516: I:1 (   0.495   0.495   0.495 ) T:197 (   0.688   1.976 310.015 389.631 389.631 389.631 )
2632.517: I:1 (   0.605   0.605   0.605 ) T:198 (   0.688   1.976 310.015 389.631 389.631 389.631 )
2642.522: I:1 ( 179.711 179.711 179.711 ) T:199 (   0.688   2.205 310.015 389.631 389.631 389.631 )
2652.510: I:1 (   0.525   0.525   0.525 ) T:200 (   0.688   1.976 283.647 389.631 389.631 389.631 )
2662.516: I:0 (   0.000   0.000   0.000 ) T:200 (   0.688   1.976 283.647 389.631 389.631 389.631 )
2672.518: I:0 (   0.000   0.000   0.000 ) T:200 (   0.688   1.976 283.647 389.631 389.631 389.631 )
2682.521: I:1 (   0.551   0.551   0.551 ) T:201 (   0.688   1.976 283.647 389.631 389.631 389.631 )
2692.526: I:2 (   0.498 282.111 282.111 ) T:203 (   0.688   2.205 283.647 389.631 389.631 389.631 )
2702.518: I:0 (   0.000   0.000   0.000 ) T:203 (   0.688   2.205 283.647 389.631 389.631 389.631 )
2712.517: I:0 (   0.000   0.000   0.000 ) T:203 (   0.688   2.205 283.647 389.631 389.631 389.631 )
2722.514: I:1 (   0.546   0.546   0.546 ) T:204 (   0.687   2.205 283.647 389.631 389.631 389.631 )
2732.518: I:1 (   0.600   0.600   0.600 ) T:205 (   0.687   2.205 283.647 389.631 389.631 389.631 )
2742.515: I:0 (   0.000   0.000   0.000 ) T:205 (   0.687   2.205 283.647 389.631 389.631 389.631 )
2752.514: I:0 (   0.000   0.000   0.000 ) T:205 (   0.687   2.205 283.647 389.631 389.631 389.631 )
2762.516: I:0 (   0.000   0.000   0.000 ) T:205 (   0.687   2.205 283.647 389.631 389.631 389.631 )
2772.527: I:0 (   0.000   0.000   0.000 ) T:205 (   0.687   2.205 283.647 389.631 389.631 389.631 )
2782.516: I:0 (   0.000   0.000   0.000 ) T:205 (   0.687   2.205 283.647 389.631 389.631 389.631 )
2792.526: I:0 (   0.000   0.000   0.000 ) T:205 (   0.687   2.205 283.647 389.631 389.631 389.631 )
2802.515: I:1 (   0.557   0.557   0.557 ) T:206 (   0.686   2.205 283.647 389.631 389.631 389.631 )
2812.515: I:2 (   0.508   0.640   0.640 ) T:208 (   0.686   2.205 283.647 389.631 389.631 389.631 )
2822.515: I:2 (   0.263   0.491   0.491 ) T:210 (   0.681   1.976 283.647 389.631 389.631 389.631 )
2832.517: I:1 (   0.286   0.286   0.286 ) T:211 (   0.681   1.976 283.647 389.631 389.631 389.631 )
2842.516: I:0 (   0.000   0.000   0.000 ) T:211 (   0.681   1.976 283.647 389.631 389.631 389.631 )
2852.518: I:1 (   0.566   0.566   0.566 ) T:212 (   0.673   1.976 283.647 389.631 389.631 389.631 )
2862.517: I:0 (   0.000   0.000   0.000 ) T:212 (   0.673   1.976 283.647 389.631 389.631 389.631 )
2872.515: I:0 (   0.000   0.000   0.000 ) T:212 (   0.673   1.976 283.647 389.631 389.631 389.631 )
2882.518: I:0 (   0.000   0.000   0.000 ) T:212 (   0.673   1.976 283.647 389.631 389.631 389.631 )
2892.517: I:0 (   0.000   0.000   0.000 ) T:212 (   0.673   1.976 283.647 389.631 389.631 389.631 )
2902.514: I:2 (   0.313   0.524   0.524 ) T:214 (   0.669   1.976 283.647 389.631 389.631 389.631 )
2912.517: I:0 (   0.000   0.000   0.000 ) T:214 (   0.669   1.976 283.647 389.631 389.631 389.631 )
2922.522: I:2 (   0.491   0.510   0.510 ) T:216 (   0.664   1.976 283.647 389.631 389.631 389.631 )
2932.516: I:0 (   0.000   0.000   0.000 ) T:216 (   0.664   1.976 283.647 389.631 389.631 389.631 )
2942.516: I:1 (   0.413   0.413   0.413 ) T:217 (   0.664   1.976 283.647 389.631 389.631 389.631 )
2952.517: I:1 (   0.595   0.595   0.595 ) T:218 (   0.658   1.976 283.647 389.631 389.631 389.631 )
2962.509: I:0 (   0.000   0.000   0.000 ) T:218 (   0.658   1.976 283.647 389.631 389.631 389.631 )
2972.517: I:0 (   0.000   0.000   0.000 ) T:218 (   0.658   1.976 283.647 389.631 389.631 389.631 )
2982.517: I:0 (   0.000   0.000   0.000 ) T:218 (   0.658   1.976 283.647 389.631 389.631 389.631 )
2992.514: I:0 (   0.000   0.000   0.000 ) T:218 (   0.658   1.976 283.647 389.631 389.631 389.631 )
3002.516: I:0 (   0.000   0.000   0.000 ) T:218 (   0.658   1.976 283.647 389.631 389.631 389.631 )
3012.513: I:0 (   0.000   0.000   0.000 ) T:218 (   0.658   1.976 283.647 389.631 389.631 389.631 )
3022.515: I:0 (   0.000   0.000   0.000 ) T:218 (   0.658   1.976 283.647 389.631 389.631 389.631 )
3032.514: I:1 (   0.280   0.280   0.280 ) T:219 (   0.658   1.976 283.647 389.631 389.631 389.631 )
3042.514: I:1 (   0.547   0.547   0.547 ) T:220 (   0.654   1.869 283.647 389.631 389.631 389.631 )
3052.515: I:1 (   0.600   0.600   0.600 ) T:221 (   0.654   1.869 283.647 389.631 389.631 389.631 )
3062.509: I:1 (   0.490   0.490   0.490 ) T:222 (   0.652   1.869 283.647 389.631 389.631 389.631 )
3072.518: I:2 (   0.514   0.535   0.535 ) T:224 (   0.651   1.869 283.647 389.631 389.631 389.631 )
3082.515: I:1 (   0.559   0.559   0.559 ) T:225 (   0.651   1.869 283.647 389.631 389.631 389.631 )
3092.514: I:1 (   0.476   0.476   0.476 ) T:226 (   0.646   1.869 283.647 389.631 389.631 389.631 )
3102.514: I:1 (   0.613   0.613   0.613 ) T:227 (   0.646   1.869 283.647 389.631 389.631 389.631 )
3112.515: I:0 (   0.000   0.000   0.000 ) T:227 (   0.646   1.869 283.647 389.631 389.631 389.631 )
3122.515: I:1 (   0.560   0.560   0.560 ) T:228 (   0.646   1.869 283.647 389.631 389.631 389.631 )
3132.517: I:0 (   0.000   0.000   0.000 ) T:228 (   0.646   1.869 283.647 389.631 389.631 389.631 )
3142.514: I:1 (   0.487   0.487   0.487 ) T:229 (   0.646   1.869 283.647 389.631 389.631 389.631 )
3152.515: I:0 (   0.000   0.000   0.000 ) T:229 (   0.646   1.869 283.647 389.631 389.631 389.631 )
3162.515: I:1 (   0.606   0.606   0.606 ) T:230 (   0.640   1.827 283.647 389.631 389.631 389.631 )
3172.522: I:1 ( 185.471 185.471 185.471 ) T:231 (   0.646   1.869 283.647 389.631 389.631 389.631 )
3182.515: I:1 (   0.576   0.576   0.576 ) T:232 (   0.640   1.869 283.647 389.631 389.631 389.631 )
3192.515: I:0 (   0.000   0.000   0.000 ) T:232 (   0.640   1.869 283.647 389.631 389.631 389.631 )
3202.515: I:1 (   0.568   0.568   0.568 ) T:233 (   0.640   1.869 283.647 389.631 389.631 389.631 )
3212.514: I:2 (   0.521   0.565   0.565 ) T:235 (   0.629   1.869 283.647 389.631 389.631 389.631 )
3222.514: I:1 (   0.567   0.567   0.567 ) T:236 (   0.627   1.869 283.647 389.631 389.631 389.631 )
3232.524: I:0 (   0.000   0.000   0.000 ) T:236 (   0.627   1.869 283.647 389.631 389.631 389.631 )
3242.511: I:1 (   0.634   0.634   0.634 ) T:237 (   0.629   1.869 283.647 389.631 389.631 389.631 )
3252.514: I:1 (   0.597   0.597   0.597 ) T:238 (   0.627   1.869 283.647 389.631 389.631 389.631 )
3262.511: I:1 (   0.357   0.357   0.357 ) T:239 (   0.627   1.869 283.647 389.631 389.631 389.631 )
3272.516: I:0 (   0.000   0.000   0.000 ) T:239 (   0.627   1.869 283.647 389.631 389.631 389.631 )
3282.512: I:1 (   0.599   0.599   0.599 ) T:240 (   0.627   1.827 283.647 389.631 389.631 389.631 )
3292.516: I:0 (   0.000   0.000   0.000 ) T:240 (   0.627   1.827 283.647 389.631 389.631 389.631 )
3302.521: I:4 (   0.485   0.630   0.630 ) T:244 (   0.626   1.827 283.647 389.631 389.631 389.631 )
3312.514: I:1 (   0.617   0.617   0.617 ) T:245 (   0.626   1.827 283.647 389.631 389.631 389.631 )
3322.515: I:0 (   0.000   0.000   0.000 ) T:245 (   0.626   1.827 283.647 389.631 389.631 389.631 )
3332.515: I:2 (   0.231   0.520   0.520 ) T:247 (   0.624   1.827 283.647 389.631 389.631 389.631 )
3342.516: I:0 (   0.000   0.000   0.000 ) T:247 (   0.624   1.827 283.647 389.631 389.631 389.631 )
3352.515: I:0 (   0.000   0.000   0.000 ) T:247 (   0.624   1.827 283.647 389.631 389.631 389.631 )
3362.520: I:2 (   0.195 166.271 166.271 ) T:249 (   0.624   1.869 283.647 389.631 389.631 389.631 )
3372.513: I:0 (   0.000   0.000   0.000 ) T:249 (   0.624   1.869 283.647 389.631 389.631 389.631 )
3382.515: I:0 (   0.000   0.000   0.000 ) T:249 (   0.624   1.869 283.647 389.631 389.631 389.631 )
3392.524: I:1 ( 172.543 172.543 172.543 ) T:250 (   0.624   1.869 283.647 389.631 389.631 389.631 )
3402.517: I:0 (   0.000   0.000   0.000 ) T:250 (   0.624   1.869 283.647 389.631 389.631 389.631 )
3412.517: I:2 (   0.475   0.648   0.648 ) T:252 (   0.624   1.869 283.647 389.631 389.631 389.631 )
3422.522: I:1 ( 159.103 159.103 159.103 ) T:253 (   0.626   1.976 283.647 389.631 389.631 389.631 )
3432.517: I:1 (   0.557   0.557   0.557 ) T:254 (   0.624   1.976 283.647 389.631 389.631 389.631 )
3442.517: I:1 (   0.560   0.560   0.560 ) T:255 (   0.624   1.976 283.647 389.631 389.631 389.631 )
3452.514: I:0 (   0.000   0.000   0.000 ) T:255 (   0.624   1.976 283.647 389.631 389.631 389.631 )
3462.516: I:1 (   0.602   0.602   0.602 ) T:256 (   0.624   1.976 283.647 389.631 389.631 389.631 )
3472.513: I:0 (   0.000   0.000   0.000 ) T:256 (   0.624   1.976 283.647 389.631 389.631 389.631 )
3482.514: I:2 (   0.317   0.527   0.527 ) T:258 (   0.622   1.976 283.647 389.631 389.631 389.631 )
3492.511: I:1 (   0.501   0.501   0.501 ) T:259 (   0.622   1.976 283.647 389.631 389.631 389.631 )
3502.515: I:2 (   0.545   0.569   0.569 ) T:261 (   0.619   1.869 283.647 389.631 389.631 389.631 )
3512.525: I:0 (   0.000   0.000   0.000 ) T:261 (   0.619   1.869 283.647 389.631 389.631 389.631 )
3522.514: I:0 (   0.000   0.000   0.000 ) T:261 (   0.619   1.869 283.647 389.631 389.631 389.631 )
3532.523: I:1 ( 188.031 188.031 188.031 ) T:262 (   0.619   1.976 283.647 389.631 389.631 389.631 )
3542.515: I:0 (   0.000   0.000   0.000 ) T:262 (   0.619   1.976 283.647 389.631 389.631 389.631 )
3552.516: I:0 (   0.000   0.000   0.000 ) T:262 (   0.619   1.976 283.647 389.631 389.631 389.631 )
3562.521: I:0 (   0.000   0.000   0.000 ) T:262 (   0.619   1.976 283.647 389.631 389.631 389.631 )
3572.514: I:1 (   0.475   0.475   0.475 ) T:263 (   0.619   1.976 283.647 389.631 389.631 389.631 )
3582.509: I:0 (   0.000   0.000   0.000 ) T:263 (   0.619   1.976 283.647 389.631 389.631 389.631 )
3592.513: I:2 (   0.414   0.490   0.490 ) T:265 (   0.617   1.976 283.647 389.631 389.631 389.631 )
3592.779: I:0 (   0.000   0.000   0.000 ) T:265 (   0.617   1.976 283.647 389.631 389.631 389.631 )
3592.827: I:0 (   0.000   0.000   0.000 ) T:265 (   0.617   1.976 283.647 389.631 389.631 389.631 )
