#[Interval percentile log between 0.000 and <Infinite> seconds (relative to StartTime)]
#[StartTime: 1524373703.917 (seconds since epoch), Sun Apr 22 07:08:23 CEST 2018]
Time: IntervalPercentiles:count ( 50% 90% Max ) TotalPercentiles:count ( 50% 90% 99% 99.9% 99.99% Max )
8.185: I:1 ( 1853.439 1853.439 1853.439 ) T:1 ( 1853.439 1853.439 1853.439 1853.439 1853.439 1853.439 )
18.166: I:0 (   0.000   0.000   0.000 ) T:1 ( 1853.439 1853.439 1853.439 1853.439 1853.439 1853.439 )
28.159: I:0 (   0.000   0.000   0.000 ) T:1 ( 1853.439 1853.439 1853.439 1853.439 1853.439 1853.439 )
38.155: I:0 (   0.000   0.000   0.000 ) T:1 ( 1853.439 1853.439 1853.439 1853.439 1853.439 1853.439 )
48.166: I:0 (   0.000   0.000   0.000 ) T:1 ( 1853.439 1853.439 1853.439 1853.439 1853.439 1853.439 )
58.157: I:0 (   0.000   0.000   0.000 ) T:1 ( 1853.439 1853.439 1853.439 1853.439 1853.439 1853.439 )
68.162: I:0 (   0.000   0.000   0.000 ) T:1 ( 1853.439 1853.439 1853.439 1853.439 1853.439 1853.439 )
78.158: I:0 (   0.000   0.000   0.000 ) T:1 ( 1853.439 1853.439 1853.439 1853.439 1853.439 1853.439 )
88.162: I:0 (   0.000   0.000   0.000 ) T:1 ( 1853.439 1853.439 1853.439 1853.439 1853.439 1853.439 )
98.154: I:0 (   0.000   0.000   0.000 ) T:1 ( 1853.439 1853.439 1853.439 1853.439 1853.439 1853.439 )
108.162: I:0 (   0.000   0.000   0.000 ) T:1 ( 1853.439 1853.439 1853.439 1853.439 1853.439 1853.439 )
118.161: I:0 (   0.000   0.000   0.000 ) T:1 ( 1853.439 1853.439 1853.439 1853.439 1853.439 1853.439 )
128.161: I:0 (   0.000   0.000   0.000 ) T:1 ( 1853.439 1853.439 1853.439 1853.439 1853.439 1853.439 )
138.159: I:0 (   0.000   0.000   0.000 ) T:1 ( 1853.439 1853.439 1853.439 1853.439 1853.439 1853.439 )
148.163: I:0 (   0.000   0.000   0.000 ) T:1 ( 1853.439 1853.439 1853.439 1853.439 1853.439 1853.439 )
158.153: I:0 (   0.000   0.000   0.000 ) T:1 ( 1853.439 1853.439 1853.439 1853.439 1853.439 1853.439 )
168.163: I:0 (   0.000   0.000   0.000 ) T:1 ( 1853.439 1853.439 1853.439 1853.439 1853.439 1853.439 )
178.160: I:0 (   0.000   0.000   0.000 ) T:1 ( 1853.439 1853.439 1853.439 1853.439 1853.439 1853.439 )
188.156: I:0 (   0.000   0.000   0.000 ) T:1 ( 1853.439 1853.439 1853.439 1853.439 1853.439 1853.439 )
198.161: I:0 (   0.000   0.000   0.000 ) T:1 ( 1853.439 1853.439 1853.439 1853.439 1853.439 1853.439 )
208.153: I:0 (   0.000   0.000   0.000 ) T:1 ( 1853.439 1853.439 1853.439 1853.439 1853.439 1853.439 )
218.160: I:0 (   0.000   0.000   0.000 ) T:1 ( 1853.439 1853.439 1853.439 1853.439 1853.439 1853.439 )
228.156: I:0 (   0.000   0.000   0.000 ) T:1 ( 1853.439 1853.439 1853.439 1853.439 1853.439 1853.439 )
238.159: I:0 (   0.000   0.000   0.000 ) T:1 ( 1853.439 1853.439 1853.439 1853.439 1853.439 1853.439 )
248.163: I:0 (   0.000   0.000   0.000 ) T:1 ( 1853.439 1853.439 1853.439 1853.439 1853.439 1853.439 )
258.160: I:0 (   0.000   0.000   0.000 ) T:1 ( 1853.439 1853.439 1853.439 1853.439 1853.439 1853.439 )
268.160: I:0 (   0.000   0.000   0.000 ) T:1 ( 1853.439 1853.439 1853.439 1853.439 1853.439 1853.439 )
278.164: I:0 (   0.000   0.000   0.000 ) T:1 ( 1853.439 1853.439 1853.439 1853.439 1853.439 1853.439 )
288.155: I:0 (   0.000   0.000   0.000 ) T:1 ( 1853.439 1853.439 1853.439 1853.439 1853.439 1853.439 )
298.161: I:0 (   0.000   0.000   0.000 ) T:1 ( 1853.439 1853.439 1853.439 1853.439 1853.439 1853.439 )
308.164: I:0 (   0.000   0.000   0.000 ) T:1 ( 1853.439 1853.439 1853.439 1853.439 1853.439 1853.439 )
318.160: I:0 (   0.000   0.000   0.000 ) T:1 ( 1853.439 1853.439 1853.439 1853.439 1853.439 1853.439 )
328.160: I:0 (   0.000   0.000   0.000 ) T:1 ( 1853.439 1853.439 1853.439 1853.439 1853.439 1853.439 )
338.153: I:0 (   0.000   0.000   0.000 ) T:1 ( 1853.439 1853.439 1853.439 1853.439 1853.439 1853.439 )
348.161: I:0 (   0.000   0.000   0.000 ) T:1 ( 1853.439 1853.439 1853.439 1853.439 1853.439 1853.439 )
358.157: I:0 (   0.000   0.000   0.000 ) T:1 ( 1853.439 1853.439 1853.439 1853.439 1853.439 1853.439 )
368.161: I:0 (   0.000   0.000   0.000 ) T:1 ( 1853.439 1853.439 1853.439 1853.439 1853.439 1853.439 )
378.161: I:0 (   0.000   0.000   0.000 ) T:1 ( 1853.439 1853.439 1853.439 1853.439 1853.439 1853.439 )
388.162: I:0 (   0.000   0.000   0.000 ) T:1 ( 1853.439 1853.439 1853.439 1853.439 1853.439 1853.439 )
398.160: I:0 (   0.000   0.000   0.000 ) T:1 ( 1853.439 1853.439 1853.439 1853.439 1853.439 1853.439 )
408.156: I:0 (   0.000   0.000   0.000 ) T:1 ( 1853.439 1853.439 1853.439 1853.439 1853.439 1853.439 )
418.160: I:0 (   0.000   0.000   0.000 ) T:1 ( 1853.439 1853.439 1853.439 1853.439 1853.439 1853.439 )
428.157: I:0 (   0.000   0.000   0.000 ) T:1 ( 1853.439 1853.439 1853.439 1853.439 1853.439 1853.439 )
438.160: I:0 (   0.000   0.000   0.000 ) T:1 ( 1853.439 1853.439 1853.439 1853.439 1853.439 1853.439 )
448.153: I:0 (   0.000   0.000   0.000 ) T:1 ( 1853.439 1853.439 1853.439 1853.439 1853.439 1853.439 )
458.163: I:0 (   0.000   0.000   0.000 ) T:1 ( 1853.439 1853.439 1853.439 1853.439 1853.439 1853.439 )
468.160: I:0 (   0.000   0.000   0.000 ) T:1 ( 1853.439 1853.439 1853.439 1853.439 1853.439 1853.439 )
478.153: I:0 (   0.000   0.000   0.000 ) T:1 ( 1853.439 1853.439 1853.439 1853.439 1853.439 1853.439 )
488.153: I:0 (   0.000   0.000   0.000 ) T:1 ( 1853.439 1853.439 1853.439 1853.439 1853.439 1853.439 )
498.154: I:0 (   0.000   0.000   0.000 ) T:1 ( 1853.439 1853.439 1853.439 1853.439 1853.439 1853.439 )
508.162: I:0 (   0.000   0.000   0.000 ) T:1 ( 1853.439 1853.439 1853.439 1853.439 1853.439 1853.439 )
518.160: I:0 (   0.000   0.000   0.000 ) T:1 ( 1853.439 1853.439 1853.439 1853.439 1853.439 1853.439 )
528.154: I:0 (   0.000   0.000   0.000 ) T:1 ( 1853.439 1853.439 1853.439 1853.439 1853.439 1853.439 )
538.160: I:0 (   0.000   0.000   0.000 ) T:1 ( 1853.439 1853.439 1853.439 1853.439 1853.439 1853.439 )
548.153: I:0 (   0.000   0.000   0.000 ) T:1 ( 1853.439 1853.439 1853.439 1853.439 1853.439 1853.439 )
558.160: I:0 (   0.000   0.000   0.000 ) T:1 ( 1853.439 1853.439 1853.439 1853.439 1853.439 1853.439 )
568.162: I:0 (   0.000   0.000   0.000 ) T:1 ( 1853.439 1853.439 1853.439 1853.439 1853.439 1853.439 )
578.159: I:0 (   0.000   0.000   0.000 ) T:1 ( 1853.439 1853.439 1853.439 1853.439 1853.439 1853.439 )
588.155: I:0 (   0.000   0.000   0.000 ) T:1 ( 1853.439 1853.439 1853.439 1853.439 1853.439 1853.439 )
598.153: I:0 (   0.000   0.000   0.000 ) T:1 ( 1853.439 1853.439 1853.439 1853.439 1853.439 1853.439 )
608.163: I:0 (   0.000   0.000   0.000 ) T:1 ( 1853.439 1853.439 1853.439 1853.439 1853.439 1853.439 )
618.160: I:0 (   0.000   0.000   0.000 ) T:1 ( 1853.439 1853.439 1853.439 1853.439 1853.439 1853.439 )
628.160: I:0 (   0.000   0.000   0.000 ) T:1 ( 1853.439 1853.439 1853.439 1853.439 1853.439 1853.439 )
638.159: I:0 (   0.000   0.000   0.000 ) T:1 ( 1853.439 1853.439 1853.439 1853.439 1853.439 1853.439 )
648.162: I:0 (   0.000   0.000   0.000 ) T:1 ( 1853.439 1853.439 1853.439 1853.439 1853.439 1853.439 )
658.159: I:0 (   0.000   0.000   0.000 ) T:1 ( 1853.439 1853.439 1853.439 1853.439 1853.439 1853.439 )
668.162: I:0 (   0.000   0.000   0.000 ) T:1 ( 1853.439 1853.439 1853.439 1853.439 1853.439 1853.439 )
678.159: I:0 (   0.000   0.000   0.000 ) T:1 ( 1853.439 1853.439 1853.439 1853.439 1853.439 1853.439 )
688.159: I:0 (   0.000   0.000   0.000 ) T:1 ( 1853.439 1853.439 1853.439 1853.439 1853.439 1853.439 )
698.160: I:0 (   0.000   0.000   0.000 ) T:1 ( 1853.439 1853.439 1853.439 1853.439 1853.439 1853.439 )
708.160: I:0 (   0.000   0.000   0.000 ) T:1 ( 1853.439 1853.439 1853.439 1853.439 1853.439 1853.439 )
718.159: I:0 (   0.000   0.000   0.000 ) T:1 ( 1853.439 1853.439 1853.439 1853.439 1853.439 1853.439 )
728.160: I:0 (   0.000   0.000   0.000 ) T:1 ( 1853.439 1853.439 1853.439 1853.439 1853.439 1853.439 )
738.159: I:0 (   0.000   0.000   0.000 ) T:1 ( 1853.439 1853.439 1853.439 1853.439 1853.439 1853.439 )
748.159: I:0 (   0.000   0.000   0.000 ) T:1 ( 1853.439 1853.439 1853.439 1853.439 1853.439 1853.439 )
758.157: I:0 (   0.000   0.000   0.000 ) T:1 ( 1853.439 1853.439 1853.439 1853.439 1853.439 1853.439 )
768.155: I:0 (   0.000   0.000   0.000 ) T:1 ( 1853.439 1853.439 1853.439 1853.439 1853.439 1853.439 )
778.158: I:0 (   0.000   0.000   0.000 ) T:1 ( 1853.439 1853.439 1853.439 1853.439 1853.439 1853.439 )
788.153: I:0 (   0.000   0.000   0.000 ) T:1 ( 1853.439 1853.439 1853.439 1853.439 1853.439 1853.439 )
798.155: I:0 (   0.000   0.000   0.000 ) T:1 ( 1853.439 1853.439 1853.439 1853.439 1853.439 1853.439 )
808.153: I:0 (   0.000   0.000   0.000 ) T:1 ( 1853.439 1853.439 1853.439 1853.439 1853.439 1853.439 )
818.160: I:0 (   0.000   0.000   0.000 ) T:1 ( 1853.439 1853.439 1853.439 1853.439 1853.439 1853.439 )
828.155: I:0 (   0.000   0.000   0.000 ) T:1 ( 1853.439 1853.439 1853.439 1853.439 1853.439 1853.439 )
838.162: I:0 (   0.000   0.000   0.000 ) T:1 ( 1853.439 1853.439 1853.439 1853.439 1853.439 1853.439 )
848.162: I:0 (   0.000   0.000   0.000 ) T:1 ( 1853.439 1853.439 1853.439 1853.439 1853.439 1853.439 )
858.161: I:0 (   0.000   0.000   0.000 ) T:1 ( 1853.439 1853.439 1853.439 1853.439 1853.439 1853.439 )
868.161: I:0 (   0.000   0.000   0.000 ) T:1 ( 1853.439 1853.439 1853.439 1853.439 1853.439 1853.439 )
878.154: I:0 (   0.000   0.000   0.000 ) T:1 ( 1853.439 1853.439 1853.439 1853.439 1853.439 1853.439 )
888.162: I:0 (   0.000   0.000   0.000 ) T:1 ( 1853.439 1853.439 1853.439 1853.439 1853.439 1853.439 )
898.159: I:0 (   0.000   0.000   0.000 ) T:1 ( 1853.439 1853.439 1853.439 1853.439 1853.439 1853.439 )
908.156: I:0 (   0.000   0.000   0.000 ) T:1 ( 1853.439 1853.439 1853.439 1853.439 1853.439 1853.439 )
918.160: I:0 (   0.000   0.000   0.000 ) T:1 ( 1853.439 1853.439 1853.439 1853.439 1853.439 1853.439 )
928.159: I:0 (   0.000   0.000   0.000 ) T:1 ( 1853.439 1853.439 1853.439 1853.439 1853.439 1853.439 )
938.158: I:0 (   0.000   0.000   0.000 ) T:1 ( 1853.439 1853.439 1853.439 1853.439 1853.439 1853.439 )
948.162: I:0 (   0.000   0.000   0.000 ) T:1 ( 1853.439 1853.439 1853.439 1853.439 1853.439 1853.439 )
958.159: I:0 (   0.000   0.000   0.000 ) T:1 ( 1853.439 1853.439 1853.439 1853.439 1853.439 1853.439 )
968.162: I:0 (   0.000   0.000   0.000 ) T:1 ( 1853.439 1853.439 1853.439 1853.439 1853.439 1853.439 )
978.159: I:0 (   0.000   0.000   0.000 ) T:1 ( 1853.439 1853.439 1853.439 1853.439 1853.439 1853.439 )
988.162: I:0 (   0.000   0.000   0.000 ) T:1 ( 1853.439 1853.439 1853.439 1853.439 1853.439 1853.439 )
998.159: I:0 (   0.000   0.000   0.000 ) T:1 ( 1853.439 1853.439 1853.439 1853.439 1853.439 1853.439 )
1008.162: I:0 (   0.000   0.000   0.000 ) T:1 ( 1853.439 1853.439 1853.439 1853.439 1853.439 1853.439 )
1018.163: I:0 (   0.000   0.000   0.000 ) T:1 ( 1853.439 1853.439 1853.439 1853.439 1853.439 1853.439 )
1028.153: I:0 (   0.000   0.000   0.000 ) T:1 ( 1853.439 1853.439 1853.439 1853.439 1853.439 1853.439 )
1038.159: I:0 (   0.000   0.000   0.000 ) T:1 ( 1853.439 1853.439 1853.439 1853.439 1853.439 1853.439 )
1048.159: I:0 (   0.000   0.000   0.000 ) T:1 ( 1853.439 1853.439 1853.439 1853.439 1853.439 1853.439 )
1058.159: I:0 (   0.000   0.000   0.000 ) T:1 ( 1853.439 1853.439 1853.439 1853.439 1853.439 1853.439 )
1068.162: I:0 (   0.000   0.000   0.000 ) T:1 ( 1853.439 1853.439 1853.439 1853.439 1853.439 1853.439 )
1078.160: I:0 (   0.000   0.000   0.000 ) T:1 ( 1853.439 1853.439 1853.439 1853.439 1853.439 1853.439 )
1088.162: I:0 (   0.000   0.000   0.000 ) T:1 ( 1853.439 1853.439 1853.439 1853.439 1853.439 1853.439 )
1098.159: I:0 (   0.000   0.000   0.000 ) T:1 ( 1853.439 1853.439 1853.439 1853.439 1853.439 1853.439 )
1108.158: I:0 (   0.000   0.000   0.000 ) T:1 ( 1853.439 1853.439 1853.439 1853.439 1853.439 1853.439 )
1118.159: I:0 (   0.000   0.000   0.000 ) T:1 ( 1853.439 1853.439 1853.439 1853.439 1853.439 1853.439 )
1128.162: I:0 (   0.000   0.000   0.000 ) T:1 ( 1853.439 1853.439 1853.439 1853.439 1853.439 1853.439 )
1138.159: I:0 (   0.000   0.000   0.000 ) T:1 ( 1853.439 1853.439 1853.439 1853.439 1853.439 1853.439 )
1148.159: I:0 (   0.000   0.000   0.000 ) T:1 ( 1853.439 1853.439 1853.439 1853.439 1853.439 1853.439 )
1158.160: I:0 (   0.000   0.000   0.000 ) T:1 ( 1853.439 1853.439 1853.439 1853.439 1853.439 1853.439 )
1168.157: I:0 (   0.000   0.000   0.000 ) T:1 ( 1853.439 1853.439 1853.439 1853.439 1853.439 1853.439 )
1178.159: I:0 (   0.000   0.000   0.000 ) T:1 ( 1853.439 1853.439 1853.439 1853.439 1853.439 1853.439 )
1188.159: I:0 (   0.000   0.000   0.000 ) T:1 ( 1853.439 1853.439 1853.439 1853.439 1853.439 1853.439 )
1198.159: I:0 (   0.000   0.000   0.000 ) T:1 ( 1853.439 1853.439 1853.439 1853.439 1853.439 1853.439 )
1208.160: I:0 (   0.000   0.000   0.000 ) T:1 ( 1853.439 1853.439 1853.439 1853.439 1853.439 1853.439 )
1218.156: I:0 (   0.000   0.000   0.000 ) T:1 ( 1853.439 1853.439 1853.439 1853.439 1853.439 1853.439 )
1228.158: I:0 (   0.000   0.000   0.000 ) T:1 ( 1853.439 1853.439 1853.439 1853.439 1853.439 1853.439 )
1238.159: I:0 (   0.000   0.000   0.000 ) T:1 ( 1853.439 1853.439 1853.439 1853.439 1853.439 1853.439 )
1248.160: I:0 (   0.000   0.000   0.000 ) T:1 ( 1853.439 1853.439 1853.439 1853.439 1853.439 1853.439 )
1258.154: I:0 (   0.000   0.000   0.000 ) T:1 ( 1853.439 1853.439 1853.439 1853.439 1853.439 1853.439 )
1268.153: I:0 (   0.000   0.000   0.000 ) T:1 ( 1853.439 1853.439 1853.439 1853.439 1853.439 1853.439 )
1278.157: I:0 (   0.000   0.000   0.000 ) T:1 ( 1853.439 1853.439 1853.439 1853.439 1853.439 1853.439 )
1288.155: I:0 (   0.000   0.000   0.000 ) T:1 ( 1853.439 1853.439 1853.439 1853.439 1853.439 1853.439 )
1298.153: I:0 (   0.000   0.000   0.000 ) T:1 ( 1853.439 1853.439 1853.439 1853.439 1853.439 1853.439 )
1308.161: I:0 (   0.000   0.000   0.000 ) T:1 ( 1853.439 1853.439 1853.439 1853.439 1853.439 1853.439 )
1318.165: I:0 (   0.000   0.000   0.000 ) T:1 ( 1853.439 1853.439 1853.439 1853.439 1853.439 1853.439 )
1328.159: I:0 (   0.000   0.000   0.000 ) T:1 ( 1853.439 1853.439 1853.439 1853.439 1853.439 1853.439 )
1338.161: I:0 (   0.000   0.000   0.000 ) T:1 ( 1853.439 1853.439 1853.439 1853.439 1853.439 1853.439 )
1348.157: I:0 (   0.000   0.000   0.000 ) T:1 ( 1853.439 1853.439 1853.439 1853.439 1853.439 1853.439 )
1358.161: I:0 (   0.000   0.000   0.000 ) T:1 ( 1853.439 1853.439 1853.439 1853.439 1853.439 1853.439 )
1368.162: I:0 (   0.000   0.000   0.000 ) T:1 ( 1853.439 1853.439 1853.439 1853.439 1853.439 1853.439 )
1378.159: I:0 (   0.000   0.000   0.000 ) T:1 ( 1853.439 1853.439 1853.439 1853.439 1853.439 1853.439 )
1388.162: I:0 (   0.000   0.000   0.000 ) T:1 ( 1853.439 1853.439 1853.439 1853.439 1853.439 1853.439 )
1398.154: I:0 (   0.000   0.000   0.000 ) T:1 ( 1853.439 1853.439 1853.439 1853.439 1853.439 1853.439 )
1408.160: I:0 (   0.000   0.000   0.000 ) T:1 ( 1853.439 1853.439 1853.439 1853.439 1853.439 1853.439 )
1418.159: I:0 (   0.000   0.000   0.000 ) T:1 ( 1853.439 1853.439 1853.439 1853.439 1853.439 1853.439 )
1428.161: I:0 (   0.000   0.000   0.000 ) T:1 ( 1853.439 1853.439 1853.439 1853.439 1853.439 1853.439 )
1438.153: I:0 (   0.000   0.000   0.000 ) T:1 ( 1853.439 1853.439 1853.439 1853.439 1853.439 1853.439 )
1448.154: I:0 (   0.000   0.000   0.000 ) T:1 ( 1853.439 1853.439 1853.439 1853.439 1853.439 1853.439 )
1458.160: I:0 (   0.000   0.000   0.000 ) T:1 ( 1853.439 1853.439 1853.439 1853.439 1853.439 1853.439 )
1468.161: I:0 (   0.000   0.000   0.000 ) T:1 ( 1853.439 1853.439 1853.439 1853.439 1853.439 1853.439 )
1478.156: I:0 (   0.000   0.000   0.000 ) T:1 ( 1853.439 1853.439 1853.439 1853.439 1853.439 1853.439 )
1488.160: I:0 (   0.000   0.000   0.000 ) T:1 ( 1853.439 1853.439 1853.439 1853.439 1853.439 1853.439 )
1498.158: I:0 (   0.000   0.000   0.000 ) T:1 ( 1853.439 1853.439 1853.439 1853.439 1853.439 1853.439 )
1508.161: I:0 (   0.000   0.000   0.000 ) T:1 ( 1853.439 1853.439 1853.439 1853.439 1853.439 1853.439 )
1518.159: I:0 (   0.000   0.000   0.000 ) T:1 ( 1853.439 1853.439 1853.439 1853.439 1853.439 1853.439 )
1528.162: I:0 (   0.000   0.000   0.000 ) T:1 ( 1853.439 1853.439 1853.439 1853.439 1853.439 1853.439 )
1538.162: I:0 (   0.000   0.000   0.000 ) T:1 ( 1853.439 1853.439 1853.439 1853.439 1853.439 1853.439 )
1548.153: I:0 (   0.000   0.000   0.000 ) T:1 ( 1853.439 1853.439 1853.439 1853.439 1853.439 1853.439 )
1558.163: I:0 (   0.000   0.000   0.000 ) T:1 ( 1853.439 1853.439 1853.439 1853.439 1853.439 1853.439 )
1568.163: I:0 (   0.000   0.000   0.000 ) T:1 ( 1853.439 1853.439 1853.439 1853.439 1853.439 1853.439 )
1578.160: I:0 (   0.000   0.000   0.000 ) T:1 ( 1853.439 1853.439 1853.439 1853.439 1853.439 1853.439 )
1588.159: I:0 (   0.000   0.000   0.000 ) T:1 ( 1853.439 1853.439 1853.439 1853.439 1853.439 1853.439 )
1598.160: I:0 (   0.000   0.000   0.000 ) T:1 ( 1853.439 1853.439 1853.439 1853.439 1853.439 1853.439 )
1608.161: I:0 (   0.000   0.000   0.000 ) T:1 ( 1853.439 1853.439 1853.439 1853.439 1853.439 1853.439 )
1618.160: I:0 (   0.000   0.000   0.000 ) T:1 ( 1853.439 1853.439 1853.439 1853.439 1853.439 1853.439 )
1628.162: I:0 (   0.000   0.000   0.000 ) T:1 ( 1853.439 1853.439 1853.439 1853.439 1853.439 1853.439 )
1638.163: I:0 (   0.000   0.000   0.000 ) T:1 ( 1853.439 1853.439 1853.439 1853.439 1853.439 1853.439 )
1648.156: I:0 (   0.000   0.000   0.000 ) T:1 ( 1853.439 1853.439 1853.439 1853.439 1853.439 1853.439 )
1658.162: I:0 (   0.000   0.000   0.000 ) T:1 ( 1853.439 1853.439 1853.439 1853.439 1853.439 1853.439 )
1668.159: I:0 (   0.000   0.000   0.000 ) T:1 ( 1853.439 1853.439 1853.439 1853.439 1853.439 1853.439 )
1678.157: I:0 (   0.000   0.000   0.000 ) T:1 ( 1853.439 1853.439 1853.439 1853.439 1853.439 1853.439 )
1688.160: I:0 (   0.000   0.000   0.000 ) T:1 ( 1853.439 1853.439 1853.439 1853.439 1853.439 1853.439 )
1698.160: I:0 (   0.000   0.000   0.000 ) T:1 ( 1853.439 1853.439 1853.439 1853.439 1853.439 1853.439 )
1708.159: I:0 (   0.000   0.000   0.000 ) T:1 ( 1853.439 1853.439 1853.439 1853.439 1853.439 1853.439 )
1718.159: I:0 (   0.000   0.000   0.000 ) T:1 ( 1853.439 1853.439 1853.439 1853.439 1853.439 1853.439 )
1728.153: I:0 (   0.000   0.000   0.000 ) T:1 ( 1853.439 1853.439 1853.439 1853.439 1853.439 1853.439 )
1738.161: I:0 (   0.000   0.000   0.000 ) T:1 ( 1853.439 1853.439 1853.439 1853.439 1853.439 1853.439 )
1748.163: I:0 (   0.000   0.000   0.000 ) T:1 ( 1853.439 1853.439 1853.439 1853.439 1853.439 1853.439 )
1758.160: I:0 (   0.000   0.000   0.000 ) T:1 ( 1853.439 1853.439 1853.439 1853.439 1853.439 1853.439 )
1768.161: I:0 (   0.000   0.000   0.000 ) T:1 ( 1853.439 1853.439 1853.439 1853.439 1853.439 1853.439 )
1778.159: I:0 (   0.000   0.000   0.000 ) T:1 ( 1853.439 1853.439 1853.439 1853.439 1853.439 1853.439 )
1788.153: I:0 (   0.000   0.000   0.000 ) T:1 ( 1853.439 1853.439 1853.439 1853.439 1853.439 1853.439 )
1798.159: I:0 (   0.000   0.000   0.000 ) T:1 ( 1853.439 1853.439 1853.439 1853.439 1853.439 1853.439 )
1808.152: I:0 (   0.000   0.000   0.000 ) T:1 ( 1853.439 1853.439 1853.439 1853.439 1853.439 1853.439 )
1818.160: I:0 (   0.000   0.000   0.000 ) T:1 ( 1853.439 1853.439 1853.439 1853.439 1853.439 1853.439 )
1828.159: I:0 (   0.000   0.000   0.000 ) T:1 ( 1853.439 1853.439 1853.439 1853.439 1853.439 1853.439 )
1838.159: I:0 (   0.000   0.000   0.000 ) T:1 ( 1853.439 1853.439 1853.439 1853.439 1853.439 1853.439 )
1848.152: I:0 (   0.000   0.000   0.000 ) T:1 ( 1853.439 1853.439 1853.439 1853.439 1853.439 1853.439 )
1858.159: I:0 (   0.000   0.000   0.000 ) T:1 ( 1853.439 1853.439 1853.439 1853.439 1853.439 1853.439 )
1868.161: I:0 (   0.000   0.000   0.000 ) T:1 ( 1853.439 1853.439 1853.439 1853.439 1853.439 1853.439 )
1878.160: I:0 (   0.000   0.000   0.000 ) T:1 ( 1853.439 1853.439 1853.439 1853.439 1853.439 1853.439 )
1888.152: I:0 (   0.000   0.000   0.000 ) T:1 ( 1853.439 1853.439 1853.439 1853.439 1853.439 1853.439 )
1898.159: I:0 (   0.000   0.000   0.000 ) T:1 ( 1853.439 1853.439 1853.439 1853.439 1853.439 1853.439 )
1908.159: I:0 (   0.000   0.000   0.000 ) T:1 ( 1853.439 1853.439 1853.439 1853.439 1853.439 1853.439 )
1918.160: I:0 (   0.000   0.000   0.000 ) T:1 ( 1853.439 1853.439 1853.439 1853.439 1853.439 1853.439 )
1928.163: I:0 (   0.000   0.000   0.000 ) T:1 ( 1853.439 1853.439 1853.439 1853.439 1853.439 1853.439 )
1938.160: I:0 (   0.000   0.000   0.000 ) T:1 ( 1853.439 1853.439 1853.439 1853.439 1853.439 1853.439 )
1948.156: I:0 (   0.000   0.000   0.000 ) T:1 ( 1853.439 1853.439 1853.439 1853.439 1853.439 1853.439 )
1958.159: I:0 (   0.000   0.000   0.000 ) T:1 ( 1853.439 1853.439 1853.439 1853.439 1853.439 1853.439 )
1967.714: I:0 (   0.000   0.000   0.000 ) T:1 ( 1853.439 1853.439 1853.439 1853.439 1853.439 1853.439 )
1967.741: I:0 (   0.000   0.000   0.000 ) T:1 ( 1853.439 1853.439 1853.439 1853.439 1853.439 1853.439 )
