#[Interval percentile log between 0.000 and <Infinite> seconds (relative to StartTime)]
#[StartTime: 1524373702.098 (seconds since epoch), Sun Apr 22 07:08:22 CEST 2018]
Time: IntervalPercentiles:count ( 50% 90% Max ) TotalPercentiles:count ( 50% 90% 99% 99.9% 99.99% Max )
9.972: I:1 (   0.002   0.002   0.002 ) T:1 (   0.002   0.002   0.002   0.002   0.002   0.002 )
19.966: I:1 (   0.002   0.002   0.002 ) T:2 (   0.002   0.002   0.002   0.002   0.002   0.002 )
29.964: I:1 (   0.002   0.002   0.002 ) T:3 (   0.002   0.002   0.002   0.002   0.002   0.002 )
39.964: I:1 (   0.002   0.002   0.002 ) T:4 (   0.002   0.002   0.002   0.002   0.002   0.002 )
49.965: I:1 (   0.002   0.002   0.002 ) T:5 (   0.002   0.002   0.002   0.002   0.002   0.002 )
59.964: I:1 (   0.002   0.002   0.002 ) T:6 (   0.002   0.002   0.002   0.002   0.002   0.002 )
69.964: I:1 (   0.002   0.002   0.002 ) T:7 (   0.002   0.002   0.002   0.002   0.002   0.002 )
79.964: I:1 (   0.002   0.002   0.002 ) T:8 (   0.002   0.002   0.002   0.002   0.002   0.002 )
89.964: I:1 (   0.002   0.002   0.002 ) T:9 (   0.002   0.002   0.002   0.002   0.002   0.002 )
99.964: I:1 (   0.002   0.002   0.002 ) T:10 (   0.002   0.002   0.002   0.002   0.002   0.002 )
109.964: I:1 (   0.002   0.002   0.002 ) T:11 (   0.002   0.002   0.002   0.002   0.002   0.002 )
119.964: I:1 (   0.002   0.002   0.002 ) T:12 (   0.002   0.002   0.002   0.002   0.002   0.002 )
129.964: I:1 (   0.002   0.002   0.002 ) T:13 (   0.002   0.002   0.002   0.002   0.002   0.002 )
139.964: I:1 (   0.002   0.002   0.002 ) T:14 (   0.002   0.002   0.002   0.002   0.002   0.002 )
149.964: I:1 (   0.002   0.002   0.002 ) T:15 (   0.002   0.002   0.002   0.002   0.002   0.002 )
159.964: I:1 (   0.002   0.002   0.002 ) T:16 (   0.002   0.002   0.002   0.002   0.002   0.002 )
169.964: I:1 (   0.002   0.002   0.002 ) T:17 (   0.002   0.002   0.002   0.002   0.002   0.002 )
179.964: I:1 (   0.002   0.002   0.002 ) T:18 (   0.002   0.002   0.002   0.002   0.002   0.002 )
189.964: I:1 (   0.001   0.001   0.001 ) T:19 (   0.002   0.002   0.002   0.002   0.002   0.002 )
199.964: I:1 (   0.001   0.001   0.001 ) T:20 (   0.002   0.002   0.002   0.002   0.002   0.002 )
209.964: I:1 (   0.001   0.001   0.001 ) T:21 (   0.002   0.002   0.002   0.002   0.002   0.002 )
219.964: I:1 (   0.002   0.002   0.002 ) T:22 (   0.002   0.002   0.002   0.002   0.002   0.002 )
229.964: I:1 (   0.002   0.002   0.002 ) T:23 (   0.002   0.002   0.002   0.002   0.002   0.002 )
239.964: I:1 (   0.002   0.002   0.002 ) T:24 (   0.002   0.002   0.002   0.002   0.002   0.002 )
249.964: I:1 (   0.002   0.002   0.002 ) T:25 (   0.002   0.002   0.002   0.002   0.002   0.002 )
259.964: I:1 (   0.002   0.002   0.002 ) T:26 (   0.002   0.002   0.002   0.002   0.002   0.002 )
269.964: I:1 (   0.002   0.002   0.002 ) T:27 (   0.002   0.002   0.002   0.002   0.002   0.002 )
279.964: I:1 (   0.002   0.002   0.002 ) T:28 (   0.002   0.002   0.002   0.002   0.002   0.002 )
289.964: I:1 (   0.002   0.002   0.002 ) T:29 (   0.002   0.002   0.002   0.002   0.002   0.002 )
299.964: I:1 (   0.002   0.002   0.002 ) T:30 (   0.002   0.002   0.002   0.002   0.002   0.002 )
309.964: I:1 (   0.002   0.002   0.002 ) T:31 (   0.002   0.002   0.002   0.002   0.002   0.002 )
319.964: I:1 (   0.002   0.002   0.002 ) T:32 (   0.002   0.002   0.002   0.002   0.002   0.002 )
329.964: I:1 (   0.002   0.002   0.002 ) T:33 (   0.002   0.002   0.002   0.002   0.002   0.002 )
339.964: I:1 (   0.002   0.002   0.002 ) T:34 (   0.002   0.002   0.002   0.002   0.002   0.002 )
349.964: I:1 (   0.002   0.002   0.002 ) T:35 (   0.002   0.002   0.002   0.002   0.002   0.002 )
359.964: I:1 (   0.002   0.002   0.002 ) T:36 (   0.002   0.002   0.002   0.002   0.002   0.002 )
369.964: I:1 (   0.002   0.002   0.002 ) T:37 (   0.002   0.002   0.002   0.002   0.002   0.002 )
379.964: I:1 (   0.002   0.002   0.002 ) T:38 (   0.002   0.002   0.002   0.002   0.002   0.002 )
389.964: I:1 (   0.002   0.002   0.002 ) T:39 (   0.002   0.002   0.002   0.002   0.002   0.002 )
399.964: I:1 (   0.002   0.002   0.002 ) T:40 (   0.002   0.002   0.002   0.002   0.002   0.002 )
409.964: I:1 (   0.002   0.002   0.002 ) T:41 (   0.002   0.002   0.002   0.002   0.002   0.002 )
419.964: I:1 (   0.002   0.002   0.002 ) T:42 (   0.002   0.002   0.002   0.002   0.002   0.002 )
429.964: I:1 (   0.002   0.002   0.002 ) T:43 (   0.002   0.002   0.002   0.002   0.002   0.002 )
439.964: I:1 (   0.002   0.002   0.002 ) T:44 (   0.002   0.002   0.002   0.002   0.002   0.002 )
449.964: I:1 (   0.002   0.002   0.002 ) T:45 (   0.002   0.002   0.002   0.002   0.002   0.002 )
459.964: I:1 (   0.002   0.002   0.002 ) T:46 (   0.002   0.002   0.002   0.002   0.002   0.002 )
469.964: I:1 (   0.002   0.002   0.002 ) T:47 (   0.002   0.002   0.002   0.002   0.002   0.002 )
479.964: I:1 (   0.002   0.002   0.002 ) T:48 (   0.002   0.002   0.002   0.002   0.002   0.002 )
489.964: I:1 (   0.002   0.002   0.002 ) T:49 (   0.002   0.002   0.002   0.002   0.002   0.002 )
499.964: I:1 (   0.002   0.002   0.002 ) T:50 (   0.002   0.002   0.002   0.002   0.002   0.002 )
509.964: I:1 (   0.002   0.002   0.002 ) T:51 (   0.002   0.002   0.002   0.002   0.002   0.002 )
519.964: I:1 (   0.002   0.002   0.002 ) T:52 (   0.002   0.002   0.002   0.002   0.002   0.002 )
529.964: I:1 (   0.002   0.002   0.002 ) T:53 (   0.002   0.002   0.002   0.002   0.002   0.002 )
539.964: I:1 (   0.002   0.002   0.002 ) T:54 (   0.002   0.002   0.002   0.002   0.002   0.002 )
549.964: I:1 (   0.002   0.002   0.002 ) T:55 (   0.002   0.002   0.002   0.002   0.002   0.002 )
559.964: I:1 (   0.002   0.002   0.002 ) T:56 (   0.002   0.002   0.002   0.002   0.002   0.002 )
569.964: I:1 (   0.002   0.002   0.002 ) T:57 (   0.002   0.002   0.002   0.002   0.002   0.002 )
579.964: I:1 (   0.002   0.002   0.002 ) T:58 (   0.002   0.002   0.002   0.002   0.002   0.002 )
589.964: I:1 (   0.002   0.002   0.002 ) T:59 (   0.002   0.002   0.002   0.002   0.002   0.002 )
599.964: I:1 (   0.002   0.002   0.002 ) T:60 (   0.002   0.002   0.002   0.002   0.002   0.002 )
609.964: I:1 (   0.002   0.002   0.002 ) T:61 (   0.002   0.002   0.002   0.002   0.002   0.002 )
619.964: I:1 (   0.002   0.002   0.002 ) T:62 (   0.002   0.002   0.002   0.002   0.002   0.002 )
629.964: I:1 (   0.001   0.001   0.001 ) T:63 (   0.002   0.002   0.002   0.002   0.002   0.002 )
639.964: I:1 (   0.001   0.001   0.001 ) T:64 (   0.002   0.002   0.002   0.002   0.002   0.002 )
649.964: I:1 (   0.001   0.001   0.001 ) T:65 (   0.002   0.002   0.002   0.002   0.002   0.002 )
659.964: I:1 (   0.002   0.002   0.002 ) T:66 (   0.002   0.002   0.002   0.002   0.002   0.002 )
669.964: I:1 (   0.002   0.002   0.002 ) T:67 (   0.002   0.002   0.002   0.002   0.002   0.002 )
679.964: I:1 (   0.002   0.002   0.002 ) T:68 (   0.002   0.002   0.002   0.002   0.002   0.002 )
689.964: I:1 (   0.002   0.002   0.002 ) T:69 (   0.002   0.002   0.002   0.002   0.002   0.002 )
699.964: I:1 (   0.002   0.002   0.002 ) T:70 (   0.002   0.002   0.002   0.002   0.002   0.002 )
709.964: I:1 (   0.002   0.002   0.002 ) T:71 (   0.002   0.002   0.002   0.002   0.002   0.002 )
719.964: I:1 (   0.002   0.002   0.002 ) T:72 (   0.002   0.002   0.002   0.002   0.002   0.002 )
729.964: I:1 (   0.002   0.002   0.002 ) T:73 (   0.002   0.002   0.002   0.002   0.002   0.002 )
739.964: I:1 (   0.001   0.001   0.001 ) T:74 (   0.002   0.002   0.002   0.002   0.002   0.002 )
749.964: I:1 (   0.001   0.001   0.001 ) T:75 (   0.002   0.002   0.002   0.002   0.002   0.002 )
759.964: I:1 (   0.001   0.001   0.001 ) T:76 (   0.002   0.002   0.002   0.002   0.002   0.002 )
769.964: I:1 (   0.001   0.001   0.001 ) T:77 (   0.002   0.002   0.002   0.002   0.002   0.002 )
779.964: I:1 (   0.001   0.001   0.001 ) T:78 (   0.002   0.002   0.002   0.002   0.002   0.002 )
789.964: I:1 (   0.001   0.001   0.001 ) T:79 (   0.002   0.002   0.002   0.002   0.002   0.002 )
799.964: I:1 (   0.001   0.001   0.001 ) T:80 (   0.002   0.002   0.002   0.002   0.002   0.002 )
809.964: I:1 (   0.001   0.001   0.001 ) T:81 (   0.002   0.002   0.002   0.002   0.002   0.002 )
819.964: I:1 (   0.001   0.001   0.001 ) T:82 (   0.002   0.002   0.002   0.002   0.002   0.002 )
829.964: I:1 (   0.001   0.001   0.001 ) T:83 (   0.002   0.002   0.002   0.002   0.002   0.002 )
839.964: I:1 (   0.001   0.001   0.001 ) T:84 (   0.002   0.002   0.002   0.002   0.002   0.002 )
849.964: I:1 (   0.001   0.001   0.001 ) T:85 (   0.002   0.002   0.002   0.002   0.002   0.002 )
859.964: I:1 (   0.001   0.001   0.001 ) T:86 (   0.002   0.002   0.002   0.002   0.002   0.002 )
869.964: I:1 (   0.001   0.001   0.001 ) T:87 (   0.002   0.002   0.002   0.002   0.002   0.002 )
879.964: I:1 (   0.001   0.001   0.001 ) T:88 (   0.002   0.002   0.002   0.002   0.002   0.002 )
889.964: I:1 (   0.001   0.001   0.001 ) T:89 (   0.002   0.002   0.002   0.002   0.002   0.002 )
899.964: I:1 (   0.001   0.001   0.001 ) T:90 (   0.002   0.002   0.002   0.002   0.002   0.002 )
909.964: I:1 (   0.001   0.001   0.001 ) T:91 (   0.002   0.002   0.002   0.002   0.002   0.002 )
919.964: I:1 (   0.001   0.001   0.001 ) T:92 (   0.002   0.002   0.002   0.002   0.002   0.002 )
929.964: I:1 (   0.001   0.001   0.001 ) T:93 (   0.002   0.002   0.002   0.002   0.002   0.002 )
939.964: I:1 (   0.001   0.001   0.001 ) T:94 (   0.002   0.002   0.002   0.002   0.002   0.002 )
949.964: I:1 (   0.001   0.001   0.001 ) T:95 (   0.002   0.002   0.002   0.002   0.002   0.002 )
959.964: I:1 (   0.001   0.001   0.001 ) T:96 (   0.002   0.002   0.002   0.002   0.002   0.002 )
969.964: I:1 (   0.001   0.001   0.001 ) T:97 (   0.002   0.002   0.002   0.002   0.002   0.002 )
979.964: I:1 (   0.001   0.001   0.001 ) T:98 (   0.002   0.002   0.002   0.002   0.002   0.002 )
989.964: I:1 (   0.001   0.001   0.001 ) T:99 (   0.002   0.002   0.002   0.002   0.002   0.002 )
999.964: I:1 (   0.001   0.001   0.001 ) T:100 (   0.002   0.002   0.002   0.002   0.002   0.002 )
1009.964: I:1 (   0.001   0.001   0.001 ) T:101 (   0.002   0.002   0.002   0.002   0.002   0.002 )
1019.964: I:1 (   0.001   0.001   0.001 ) T:102 (   0.002   0.002   0.002   0.002   0.002   0.002 )
1029.964: I:1 (   0.001   0.001   0.001 ) T:103 (   0.002   0.002   0.002   0.002   0.002   0.002 )
1039.964: I:1 (   0.001   0.001   0.001 ) T:104 (   0.002   0.002   0.002   0.002   0.002   0.002 )
1049.964: I:1 (   0.002   0.002   0.002 ) T:105 (   0.002   0.002   0.002   0.002   0.002   0.002 )
1059.964: I:1 (   0.002   0.002   0.002 ) T:106 (   0.002   0.002   0.002   0.002   0.002   0.002 )
1069.964: I:1 (   0.002   0.002   0.002 ) T:107 (   0.002   0.002   0.002   0.002   0.002   0.002 )
1079.964: I:1 (   0.001   0.001   0.001 ) T:108 (   0.002   0.002   0.002   0.002   0.002   0.002 )
1089.964: I:1 (   0.001   0.001   0.001 ) T:109 (   0.002   0.002   0.002   0.002   0.002   0.002 )
1099.964: I:1 (   0.001   0.001   0.001 ) T:110 (   0.002   0.002   0.002   0.002   0.002   0.002 )
1109.964: I:1 (   0.001   0.001   0.001 ) T:111 (   0.002   0.002   0.002   0.002   0.002   0.002 )
1119.964: I:1 (   0.001   0.001   0.001 ) T:112 (   0.002   0.002   0.002   0.002   0.002   0.002 )
1129.964: I:1 (   0.001   0.001   0.001 ) T:113 (   0.002   0.002   0.002   0.002   0.002   0.002 )
1139.964: I:1 (   0.002   0.002   0.002 ) T:114 (   0.002   0.002   0.002   0.002   0.002   0.002 )
1149.964: I:1 (   0.002   0.002   0.002 ) T:115 (   0.002   0.002   0.002   0.002   0.002   0.002 )
1159.964: I:1 (   0.002   0.002   0.002 ) T:116 (   0.002   0.002   0.002   0.002   0.002   0.002 )
1169.964: I:1 (   0.002   0.002   0.002 ) T:117 (   0.002   0.002   0.002   0.002   0.002   0.002 )
1179.964: I:1 (   0.001   0.001   0.001 ) T:118 (   0.002   0.002   0.002   0.002   0.002   0.002 )
1189.964: I:1 (   0.001   0.001   0.001 ) T:119 (   0.002   0.002   0.002   0.002   0.002   0.002 )
1199.964: I:1 (   0.001   0.001   0.001 ) T:120 (   0.002   0.002   0.002   0.002   0.002   0.002 )
1209.964: I:1 (   0.001   0.001   0.001 ) T:121 (   0.002   0.002   0.002   0.002   0.002   0.002 )
1219.964: I:1 (   0.001   0.001   0.001 ) T:122 (   0.002   0.002   0.002   0.002   0.002   0.002 )
1229.964: I:1 (   0.001   0.001   0.001 ) T:123 (   0.002   0.002   0.002   0.002   0.002   0.002 )
1239.964: I:1 (   0.001   0.001   0.001 ) T:124 (   0.002   0.002   0.002   0.002   0.002   0.002 )
1249.964: I:1 (   0.001   0.001   0.001 ) T:125 (   0.002   0.002   0.002   0.002   0.002   0.002 )
1259.964: I:1 (   0.001   0.001   0.001 ) T:126 (   0.002   0.002   0.002   0.002   0.002   0.002 )
1269.964: I:1 (   0.001   0.001   0.001 ) T:127 (   0.002   0.002   0.002   0.002   0.002   0.002 )
1279.964: I:1 (   0.001   0.001   0.001 ) T:128 (   0.002   0.002   0.002   0.002   0.002   0.002 )
1289.964: I:1 (   0.001   0.001   0.001 ) T:129 (   0.002   0.002   0.002   0.002   0.002   0.002 )
1299.964: I:1 (   0.001   0.001   0.001 ) T:130 (   0.002   0.002   0.002   0.002   0.002   0.002 )
1309.964: I:1 (   0.001   0.001   0.001 ) T:131 (   0.002   0.002   0.002   0.002   0.002   0.002 )
1319.964: I:1 (   0.001   0.001   0.001 ) T:132 (   0.002   0.002   0.002   0.002   0.002   0.002 )
1329.964: I:1 (   0.001   0.001   0.001 ) T:133 (   0.002   0.002   0.002   0.002   0.002   0.002 )
1339.964: I:1 (   0.001   0.001   0.001 ) T:134 (   0.002   0.002   0.002   0.002   0.002   0.002 )
1349.964: I:1 (   0.002   0.002   0.002 ) T:135 (   0.002   0.002   0.002   0.002   0.002   0.002 )
1359.964: I:1 (   0.002   0.002   0.002 ) T:136 (   0.002   0.002   0.002   0.002   0.002   0.002 )
1369.964: I:1 (   0.002   0.002   0.002 ) T:137 (   0.002   0.002   0.002   0.002   0.002   0.002 )
1379.964: I:1 (   0.001   0.001   0.001 ) T:138 (   0.002   0.002   0.002   0.002   0.002   0.002 )
1389.964: I:1 (   0.001   0.001   0.001 ) T:139 (   0.002   0.002   0.002   0.002   0.002   0.002 )
1399.964: I:1 (   0.002   0.002   0.002 ) T:140 (   0.002   0.002   0.002   0.002   0.002   0.002 )
1409.964: I:1 (   0.001   0.001   0.001 ) T:141 (   0.002   0.002   0.002   0.002   0.002   0.002 )
1419.964: I:1 (   0.001   0.001   0.001 ) T:142 (   0.002   0.002   0.002   0.002   0.002   0.002 )
1429.964: I:1 (   0.001   0.001   0.001 ) T:143 (   0.002   0.002   0.002   0.002   0.002   0.002 )
1439.964: I:1 (   0.001   0.001   0.001 ) T:144 (   0.002   0.002   0.002   0.002   0.002   0.002 )
1449.964: I:1 (   0.001   0.001   0.001 ) T:145 (   0.002   0.002   0.002   0.002   0.002   0.002 )
1459.964: I:1 (   0.001   0.001   0.001 ) T:146 (   0.002   0.002   0.002   0.002   0.002   0.002 )
1469.964: I:1 (   0.001   0.001   0.001 ) T:147 (   0.002   0.002   0.002   0.002   0.002   0.002 )
1479.964: I:1 (   0.001   0.001   0.001 ) T:148 (   0.002   0.002   0.002   0.002   0.002   0.002 )
1489.964: I:1 (   0.001   0.001   0.001 ) T:149 (   0.002   0.002   0.002   0.002   0.002   0.002 )
1499.964: I:1 (   0.001   0.001   0.001 ) T:150 (   0.002   0.002   0.002   0.002   0.002   0.002 )
1509.964: I:1 (   0.001   0.001   0.001 ) T:151 (   0.002   0.002   0.002   0.002   0.002   0.002 )
1519.964: I:1 (   0.002   0.002   0.002 ) T:152 (   0.002   0.002   0.002   0.002   0.002   0.002 )
1529.964: I:1 (   0.002   0.002   0.002 ) T:153 (   0.002   0.002   0.002   0.002   0.002   0.002 )
1539.964: I:1 (   0.002   0.002   0.002 ) T:154 (   0.002   0.002   0.002   0.002   0.002   0.002 )
1549.964: I:1 (   0.002   0.002   0.002 ) T:155 (   0.002   0.002   0.002   0.002   0.002   0.002 )
1559.964: I:1 (   0.002   0.002   0.002 ) T:156 (   0.002   0.002   0.002   0.002   0.002   0.002 )
1569.964: I:1 (   0.002   0.002   0.002 ) T:157 (   0.002   0.002   0.002   0.002   0.002   0.002 )
1579.964: I:1 (   0.002   0.002   0.002 ) T:158 (   0.002   0.002   0.002   0.002   0.002   0.002 )
1589.964: I:1 (   0.002   0.002   0.002 ) T:159 (   0.002   0.002   0.002   0.002   0.002   0.002 )
1599.964: I:1 (   0.002   0.002   0.002 ) T:160 (   0.002   0.002   0.002   0.002   0.002   0.002 )
1609.964: I:1 (   0.002   0.002   0.002 ) T:161 (   0.002   0.002   0.002   0.002   0.002   0.002 )
1619.964: I:1 (   0.002   0.002   0.002 ) T:162 (   0.002   0.002   0.002   0.002   0.002   0.002 )
1629.964: I:1 (   0.001   0.001   0.001 ) T:163 (   0.002   0.002   0.002   0.002   0.002   0.002 )
1639.964: I:1 (   0.001   0.001   0.001 ) T:164 (   0.002   0.002   0.002   0.002   0.002   0.002 )
1649.964: I:1 (   0.002   0.002   0.002 ) T:165 (   0.002   0.002   0.002   0.002   0.002   0.002 )
1659.964: I:1 (   0.002   0.002   0.002 ) T:166 (   0.002   0.002   0.002   0.002   0.002   0.002 )
1669.964: I:1 (   0.002   0.002   0.002 ) T:167 (   0.002   0.002   0.002   0.002   0.002   0.002 )
1679.964: I:1 (   0.002   0.002   0.002 ) T:168 (   0.002   0.002   0.002   0.002   0.002   0.002 )
1689.964: I:1 (   0.002   0.002   0.002 ) T:169 (   0.002   0.002   0.002   0.002   0.002   0.002 )
1699.964: I:1 (   0.002   0.002   0.002 ) T:170 (   0.002   0.002   0.002   0.002   0.002   0.002 )
1709.964: I:1 (   0.001   0.001   0.001 ) T:171 (   0.002   0.002   0.002   0.002   0.002   0.002 )
1719.964: I:1 (   0.001   0.001   0.001 ) T:172 (   0.002   0.002   0.002   0.002   0.002   0.002 )
1729.964: I:1 (   0.001   0.001   0.001 ) T:173 (   0.002   0.002   0.002   0.002   0.002   0.002 )
1739.964: I:1 (   0.001   0.001   0.001 ) T:174 (   0.002   0.002   0.002   0.002   0.002   0.002 )
1749.964: I:1 (   0.001   0.001   0.001 ) T:175 (   0.002   0.002   0.002   0.002   0.002   0.002 )
1759.964: I:1 (   0.001   0.001   0.001 ) T:176 (   0.002   0.002   0.002   0.002   0.002   0.002 )
1769.964: I:1 (   0.001   0.001   0.001 ) T:177 (   0.002   0.002   0.002   0.002   0.002   0.002 )
1779.964: I:1 (   0.001   0.001   0.001 ) T:178 (   0.002   0.002   0.002   0.002   0.002   0.002 )
1789.964: I:1 (   0.001   0.001   0.001 ) T:179 (   0.002   0.002   0.002   0.002   0.002   0.002 )
1799.964: I:1 (   0.001   0.001   0.001 ) T:180 (   0.002   0.002   0.002   0.002   0.002   0.002 )
1809.964: I:1 (   0.001   0.001   0.001 ) T:181 (   0.002   0.002   0.002   0.002   0.002   0.002 )
1819.964: I:1 (   0.001   0.001   0.001 ) T:182 (   0.002   0.002   0.002   0.002   0.002   0.002 )
1829.964: I:1 (   0.001   0.001   0.001 ) T:183 (   0.002   0.002   0.002   0.002   0.002   0.002 )
1839.964: I:1 (   0.001   0.001   0.001 ) T:184 (   0.002   0.002   0.002   0.002   0.002   0.002 )
1849.964: I:1 (   0.001   0.001   0.001 ) T:185 (   0.002   0.002   0.002   0.002   0.002   0.002 )
1859.964: I:1 (   0.001   0.001   0.001 ) T:186 (   0.002   0.002   0.002   0.002   0.002   0.002 )
1869.964: I:1 (   0.001   0.001   0.001 ) T:187 (   0.002   0.002   0.002   0.002   0.002   0.002 )
1879.964: I:1 (   0.001   0.001   0.001 ) T:188 (   0.002   0.002   0.002   0.002   0.002   0.002 )
1889.964: I:1 (   0.001   0.001   0.001 ) T:189 (   0.002   0.002   0.002   0.002   0.002   0.002 )
1899.964: I:1 (   0.001   0.001   0.001 ) T:190 (   0.001   0.002   0.002   0.002   0.002   0.002 )
1909.964: I:1 (   0.001   0.001   0.001 ) T:191 (   0.001   0.002   0.002   0.002   0.002   0.002 )
1919.964: I:1 (   0.001   0.001   0.001 ) T:192 (   0.001   0.002   0.002   0.002   0.002   0.002 )
1929.964: I:1 (   0.001   0.001   0.001 ) T:193 (   0.001   0.002   0.002   0.002   0.002   0.002 )
1939.964: I:1 (   0.001   0.001   0.001 ) T:194 (   0.001   0.002   0.002   0.002   0.002   0.002 )
1949.964: I:1 (   0.001   0.001   0.001 ) T:195 (   0.001   0.002   0.002   0.002   0.002   0.002 )
1959.964: I:1 (   0.001   0.001   0.001 ) T:196 (   0.001   0.002   0.002   0.002   0.002   0.002 )
1969.517: I:2 (   0.001   0.001   0.001 ) T:198 (   0.001   0.002   0.002   0.002   0.002   0.002 )
1969.544: I:0 (   0.000   0.000   0.000 ) T:198 (   0.001   0.002   0.002   0.002   0.002   0.002 )
