#[Interval percentile log between 0.000 and <Infinite> seconds (relative to StartTime)]
#[StartTime: 1524488523.786 (seconds since epoch), Mon Apr 23 15:02:03 CEST 2018]
Time: IntervalPercentiles:count ( 50% 90% Max ) TotalPercentiles:count ( 50% 90% 99% 99.9% 99.99% Max )
9.297: I:67 ( 125.183 202.367 601.087 ) T:67 ( 125.183 202.367 601.087 601.087 601.087 601.087 )
19.281: I:75 ( 121.087 178.047 538.111 ) T:142 ( 121.087 192.255 538.111 601.087 601.087 601.087 )
29.279: I:81 ( 101.375 166.783 377.343 ) T:223 ( 111.423 192.255 434.943 601.087 601.087 601.087 )
39.281: I:79 ( 111.103 194.687 321.023 ) T:302 ( 111.359 192.255 377.343 601.087 601.087 601.087 )
49.277: I:80 ( 101.439 212.223 377.599 ) T:382 ( 111.167 193.407 377.599 601.087 601.087 601.087 )
59.282: I:80 ( 102.207 161.791 367.871 ) T:462 ( 111.167 191.743 377.343 601.087 601.087 601.087 )
69.280: I:80 ( 111.167 182.271 388.095 ) T:542 ( 111.167 189.823 377.343 601.087 601.087 601.087 )
79.280: I:78 ( 101.439 182.015 459.263 ) T:620 ( 111.103 187.135 377.599 601.087 601.087 601.087 )
89.281: I:75 ( 111.167 202.367 424.959 ) T:695 ( 111.103 189.311 381.695 601.087 601.087 601.087 )
99.280: I:83 ( 111.039 155.007 398.847 ) T:778 ( 111.103 187.519 381.695 601.087 601.087 601.087 )
109.280: I:81 ( 111.167 172.031 323.839 ) T:859 ( 111.167 187.519 377.599 601.087 601.087 601.087 )
119.280: I:78 ( 101.439 212.223 422.143 ) T:937 ( 111.103 187.519 377.599 601.087 601.087 601.087 )
129.280: I:79 ( 111.423 192.895 339.967 ) T:1016 ( 111.167 189.823 377.343 538.111 601.087 601.087 )
139.274: I:83 ( 101.439 151.935 333.823 ) T:1099 ( 111.103 187.135 377.343 538.111 601.087 601.087 )
149.278: I:80 ( 111.231 161.919 300.031 ) T:1179 ( 111.103 187.135 367.871 538.111 601.087 601.087 )
159.279: I:77 ( 111.231 195.199 470.783 ) T:1256 ( 111.167 187.135 377.343 538.111 601.087 601.087 )
169.278: I:81 ( 111.295 151.935 350.463 ) T:1337 ( 111.167 184.191 367.871 538.111 601.087 601.087 )
179.274: I:83 ( 101.439 161.919 375.807 ) T:1420 ( 111.103 183.935 367.871 538.111 601.087 601.087 )
189.280: I:79 ( 111.359 192.383 327.935 ) T:1499 ( 111.167 187.135 367.871 538.111 601.087 601.087 )
199.280: I:52 ( 111.487 367.615 634.367 ) T:1551 ( 111.167 192.383 377.599 601.087 634.367 634.367 )
209.280: I:34 ( 326.399 393.983 939.519 ) T:1585 ( 111.167 207.359 393.983 634.367 939.519 939.519 )
219.280: I:75 ( 102.463 208.767 383.999 ) T:1660 ( 111.167 207.359 393.727 634.367 939.519 939.519 )
229.274: I:57 ( 111.487 363.775 481.535 ) T:1717 ( 111.167 219.903 398.847 634.367 939.519 939.519 )
239.280: I:29 ( 353.535 434.175 663.551 ) T:1746 ( 111.231 241.535 414.207 663.551 939.519 939.519 )
249.280: I:28 ( 363.775 464.639 582.655 ) T:1774 ( 111.231 266.239 434.431 663.551 939.519 939.519 )
259.279: I:36 ( 323.327 421.119 710.143 ) T:1810 ( 111.295 283.135 438.015 710.143 939.519 939.519 )
269.280: I:72 ( 111.231 252.415 542.207 ) T:1882 ( 111.295 282.111 459.263 710.143 939.519 939.519 )
279.280: I:72 ( 111.487 212.479 389.119 ) T:1954 ( 111.295 281.087 438.015 710.143 939.519 939.519 )
289.278: I:26 ( 373.503 461.567 542.207 ) T:1980 ( 111.359 297.471 464.383 710.143 939.519 939.519 )
299.280: I:27 ( 374.271 444.159 704.511 ) T:2007 ( 111.359 319.231 464.639 704.511 939.519 939.519 )
309.280: I:27 ( 373.503 414.207 473.343 ) T:2034 ( 111.423 333.311 470.783 704.511 939.519 939.519 )
319.280: I:34 ( 314.879 431.103 897.535 ) T:2068 ( 111.423 342.271 481.535 710.143 939.519 939.519 )
329.281: I:68 ( 101.503 255.231 777.727 ) T:2136 ( 111.423 339.199 481.535 777.727 939.519 939.519 )
339.280: I:73 ( 111.295 247.423 393.983 ) T:2209 ( 111.423 333.823 473.343 777.727 939.519 939.519 )
349.280: I:26 ( 373.759 552.959 683.519 ) T:2235 ( 111.423 344.575 491.775 777.727 939.519 939.519 )
359.276: I:27 ( 363.263 507.647 704.511 ) T:2262 ( 111.487 353.279 513.023 777.727 939.519 939.519 )
369.279: I:29 ( 363.775 472.319 492.031 ) T:2291 ( 111.487 353.535 513.023 777.727 939.519 939.519 )
379.280: I:32 ( 343.551 413.951 695.295 ) T:2323 ( 111.487 356.351 517.631 777.727 939.519 939.519 )
389.274: I:50 ( 131.455 363.775 821.759 ) T:2373 ( 111.487 356.863 538.111 821.759 939.519 939.519 )
399.278: I:76 ( 111.359 182.143 362.495 ) T:2449 ( 111.487 355.583 517.631 821.759 939.519 939.519 )
409.279: I:80 ( 101.439 182.143 361.215 ) T:2529 ( 111.487 353.791 513.023 821.759 939.519 939.519 )
419.273: I:77 ( 111.231 172.031 398.335 ) T:2606 ( 111.487 353.535 511.743 821.759 939.519 939.519 )
429.279: I:84 ( 101.439 162.175 326.143 ) T:2690 ( 111.487 353.279 511.743 821.759 939.519 939.519 )
439.273: I:77 ( 111.295 179.327 427.007 ) T:2767 ( 111.487 353.279 507.647 821.759 939.519 939.519 )
449.279: I:75 ( 111.487 209.535 430.591 ) T:2842 ( 111.487 350.463 492.031 821.759 939.519 939.519 )
459.280: I:82 ( 101.311 171.903 378.623 ) T:2924 ( 111.423 346.367 491.775 821.759 939.519 939.519 )
469.278: I:77 ( 107.391 182.143 378.367 ) T:3001 ( 111.423 344.831 489.983 777.727 939.519 939.519 )
479.274: I:78 ( 111.295 178.175 355.583 ) T:3079 ( 111.423 343.551 489.983 777.727 939.519 939.519 )
489.279: I:79 ( 101.375 190.719 382.975 ) T:3158 ( 111.423 343.295 484.863 777.727 939.519 939.519 )
499.277: I:78 ( 101.375 226.687 413.439 ) T:3236 ( 111.423 342.271 481.535 777.727 939.519 939.519 )
509.273: I:80 ( 101.375 182.015 413.439 ) T:3316 ( 111.423 339.711 473.855 777.727 939.519 939.519 )
519.277: I:82 ( 101.439 172.031 359.935 ) T:3398 ( 111.423 333.567 473.855 777.727 939.519 939.519 )
529.278: I:80 ( 101.439 184.831 322.815 ) T:3478 ( 111.359 333.311 473.343 777.727 939.519 939.519 )
539.278: I:79 ( 101.439 212.351 364.287 ) T:3557 ( 111.359 330.495 472.575 777.727 939.519 939.519 )
549.277: I:79 ( 101.439 202.879 352.767 ) T:3636 ( 111.359 328.191 472.319 777.727 939.519 939.519 )
559.279: I:81 ( 101.375 184.831 405.759 ) T:3717 ( 111.359 326.399 470.783 777.727 939.519 939.519 )
569.278: I:78 ( 101.375 221.823 528.895 ) T:3795 ( 111.359 326.143 472.319 777.727 939.519 939.519 )
579.279: I:76 ( 101.439 228.607 556.031 ) T:3871 ( 111.295 323.327 472.319 777.727 939.519 939.519 )
589.280: I:76 ( 101.439 253.055 398.847 ) T:3947 ( 111.295 323.071 470.783 777.727 939.519 939.519 )
599.273: I:75 ( 101.695 245.759 408.575 ) T:4022 ( 111.295 322.559 464.639 710.143 939.519 939.519 )
609.279: I:77 ( 101.375 248.191 364.799 ) T:4099 ( 111.295 322.047 464.639 710.143 939.519 939.519 )
619.277: I:79 ( 101.375 250.495 372.991 ) T:4178 ( 111.295 320.767 464.639 710.143 939.519 939.519 )
629.280: I:78 ( 101.503 162.175 483.839 ) T:4256 ( 111.295 319.231 464.639 710.143 939.519 939.519 )
639.278: I:78 ( 101.375 242.687 370.175 ) T:4334 ( 111.295 317.951 464.639 710.143 939.519 939.519 )
649.273: I:79 ( 101.439 161.919 447.999 ) T:4413 ( 111.295 314.623 464.383 710.143 939.519 939.519 )
659.280: I:80 ( 101.247 182.271 469.503 ) T:4493 ( 111.295 312.831 464.639 710.143 939.519 939.519 )
669.277: I:80 ( 101.439 182.271 392.703 ) T:4573 ( 111.295 309.759 464.383 710.143 939.519 939.519 )
679.279: I:77 ( 111.359 192.127 411.391 ) T:4650 ( 111.295 306.175 461.567 710.143 939.519 939.519 )
689.279: I:79 ( 105.023 182.143 350.719 ) T:4729 ( 111.295 303.615 459.263 710.143 939.519 939.519 )
699.280: I:77 ( 101.439 166.271 492.543 ) T:4806 ( 111.295 303.103 459.263 710.143 939.519 939.519 )
709.279: I:77 ( 101.503 232.703 391.679 ) T:4883 ( 111.295 302.335 459.263 710.143 939.519 939.519 )
719.279: I:77 ( 111.295 218.623 411.135 ) T:4960 ( 111.295 300.287 454.655 710.143 939.519 939.519 )
729.280: I:77 ( 101.503 182.271 449.279 ) T:5037 ( 111.231 299.519 454.143 704.511 939.519 939.519 )
739.273: I:79 ( 101.887 220.927 394.239 ) T:5116 ( 111.231 297.983 451.583 704.511 939.519 939.519 )
749.279: I:77 ( 111.295 192.383 402.175 ) T:5193 ( 111.231 294.911 451.583 704.511 939.519 939.519 )
759.274: I:79 ( 102.335 171.903 423.679 ) T:5272 ( 111.231 294.143 449.279 704.511 939.519 939.519 )
769.279: I:76 ( 111.487 205.951 392.959 ) T:5348 ( 111.231 294.143 447.999 704.511 939.519 939.519 )
779.277: I:81 ( 101.439 161.919 376.063 ) T:5429 ( 111.231 293.631 444.415 704.511 939.519 939.519 )
789.279: I:81 ( 101.439 171.903 457.727 ) T:5510 ( 111.231 293.119 444.415 704.511 939.519 939.519 )
799.277: I:78 ( 101.375 202.495 415.487 ) T:5588 ( 111.231 292.607 444.415 704.511 939.519 939.519 )
809.279: I:76 ( 101.631 193.663 409.343 ) T:5664 ( 111.231 291.839 444.159 704.511 939.519 939.519 )
819.278: I:78 ( 101.375 194.559 791.039 ) T:5742 ( 111.231 290.559 444.159 710.143 939.519 939.519 )
829.278: I:76 ( 111.103 162.175 417.535 ) T:5818 ( 111.231 290.047 438.015 710.143 939.519 939.519 )
839.273: I:77 ( 111.487 242.815 344.575 ) T:5895 ( 111.231 288.511 438.015 710.143 939.519 939.519 )
849.279: I:77 ( 101.439 163.583 447.487 ) T:5972 ( 111.231 287.487 438.015 710.143 939.519 939.519 )
859.278: I:78 ( 111.295 185.087 488.191 ) T:6050 ( 111.231 285.183 438.015 704.511 939.519 939.519 )
869.279: I:75 ( 101.503 205.055 471.807 ) T:6125 ( 111.231 284.159 438.015 704.511 939.519 939.519 )
879.279: I:77 ( 101.439 172.159 632.319 ) T:6202 ( 111.231 283.135 438.015 704.511 939.519 939.519 )
889.279: I:80 ( 101.439 182.015 439.551 ) T:6282 ( 111.231 282.111 439.551 704.511 939.519 939.519 )
899.279: I:77 ( 101.439 237.567 366.335 ) T:6359 ( 111.167 281.087 438.015 704.511 939.519 939.519 )
909.274: I:82 ( 101.439 141.823 402.175 ) T:6441 ( 111.167 280.063 436.991 704.511 939.519 939.519 )
919.278: I:75 ( 102.463 232.575 541.183 ) T:6516 ( 111.167 279.807 436.991 704.511 939.519 939.519 )
929.273: I:81 ( 102.399 162.047 336.383 ) T:6597 ( 111.167 278.271 436.991 704.511 939.519 939.519 )
939.279: I:78 ( 101.439 222.719 434.687 ) T:6675 ( 111.167 276.735 434.943 704.511 939.519 939.519 )
949.280: I:78 ( 102.335 207.871 409.599 ) T:6753 ( 111.167 274.943 434.687 704.511 939.519 939.519 )
959.279: I:78 ( 101.439 222.591 590.847 ) T:6831 ( 111.167 274.175 434.687 704.511 939.519 939.519 )
969.278: I:74 ( 111.359 242.815 381.183 ) T:6905 ( 111.167 274.175 434.431 704.511 939.519 939.519 )
979.274: I:79 ( 101.439 182.143 383.999 ) T:6984 ( 111.167 273.407 434.431 704.511 939.519 939.519 )
989.279: I:81 ( 101.439 196.223 353.023 ) T:7065 ( 111.167 272.895 434.431 704.511 939.519 939.519 )
999.274: I:78 ( 101.503 202.495 520.447 ) T:7143 ( 111.167 271.615 434.431 704.511 939.519 939.519 )
1009.277: I:77 ( 108.159 228.735 385.279 ) T:7220 ( 111.103 271.359 434.175 704.511 939.519 939.519 )
1019.279: I:80 ( 101.503 162.047 403.711 ) T:7300 ( 111.103 269.567 431.103 704.511 939.519 939.519 )
1029.277: I:73 ( 111.551 273.151 423.167 ) T:7373 ( 111.167 269.567 431.103 704.511 939.519 939.519 )
1039.280: I:79 ( 111.423 192.255 358.911 ) T:7452 ( 111.167 268.031 431.103 704.511 939.519 939.519 )
1049.277: I:78 ( 111.359 183.039 352.767 ) T:7530 ( 111.167 267.519 430.591 704.511 939.519 939.519 )
1059.280: I:77 ( 111.551 187.135 406.271 ) T:7607 ( 111.167 266.751 428.287 704.511 939.519 939.519 )
1069.278: I:78 ( 111.423 203.007 411.903 ) T:7685 ( 111.167 266.239 428.287 704.511 939.519 939.519 )
1079.279: I:75 ( 111.551 172.031 460.543 ) T:7760 ( 111.231 265.727 428.287 704.511 939.519 939.519 )
1089.274: I:79 ( 111.359 167.935 371.455 ) T:7839 ( 111.231 264.959 427.263 704.511 939.519 939.519 )
1099.273: I:80 ( 102.335 152.831 367.871 ) T:7919 ( 111.231 263.423 427.007 704.511 939.519 939.519 )
1109.279: I:75 ( 111.359 242.687 451.583 ) T:7994 ( 111.231 263.167 427.263 704.511 939.519 939.519 )
1119.274: I:79 ( 101.375 220.031 476.159 ) T:8073 ( 111.167 262.911 427.263 695.295 939.519 939.519 )
1129.280: I:81 ( 101.503 202.367 342.783 ) T:8154 ( 111.167 262.399 427.007 695.295 939.519 939.519 )
1139.274: I:80 ( 111.231 151.807 357.887 ) T:8234 ( 111.167 261.503 424.959 695.295 939.519 939.519 )
1149.279: I:77 ( 111.359 203.263 395.263 ) T:8311 ( 111.167 260.863 424.447 695.295 939.519 939.519 )
1159.277: I:75 ( 111.487 162.303 480.511 ) T:8386 ( 111.231 260.735 424.959 695.295 939.519 939.519 )
1169.278: I:78 ( 111.359 202.623 468.223 ) T:8464 ( 111.231 259.711 424.959 695.295 939.519 939.519 )
1179.279: I:74 ( 111.487 212.479 378.623 ) T:8538 ( 111.231 259.455 424.447 695.295 939.519 939.519 )
1189.279: I:74 ( 111.487 202.623 422.399 ) T:8612 ( 111.231 258.943 423.679 695.295 939.519 939.519 )
1199.279: I:77 ( 111.551 203.135 415.231 ) T:8689 ( 111.231 258.559 423.679 695.295 939.519 939.519 )
1209.273: I:75 ( 111.359 203.775 396.543 ) T:8764 ( 111.231 258.047 423.167 695.295 939.519 939.519 )
1219.273: I:79 ( 101.503 182.271 333.311 ) T:8843 ( 111.231 257.663 422.399 695.295 939.519 939.519 )
1229.277: I:77 ( 111.423 192.255 330.239 ) T:8920 ( 111.231 257.151 422.143 695.295 939.519 939.519 )
1239.279: I:77 ( 102.143 241.151 454.911 ) T:8997 ( 111.231 257.151 422.399 695.295 939.519 939.519 )
1249.274: I:80 ( 101.439 182.015 458.495 ) T:9077 ( 111.231 256.127 422.399 683.519 939.519 939.519 )
1259.279: I:74 ( 111.359 161.791 467.199 ) T:9151 ( 111.231 255.871 422.399 683.519 939.519 939.519 )
1269.278: I:79 ( 111.359 240.511 530.943 ) T:9230 ( 111.231 255.359 422.399 683.519 939.519 939.519 )
1279.280: I:76 ( 108.799 192.255 414.463 ) T:9306 ( 111.231 255.231 422.143 683.519 939.519 939.519 )
1289.279: I:78 ( 111.423 202.367 351.999 ) T:9384 ( 111.231 254.591 422.143 683.519 939.519 939.519 )
1299.278: I:76 ( 111.423 203.775 415.743 ) T:9460 ( 111.231 254.335 421.119 683.519 939.519 939.519 )
1309.279: I:76 ( 111.423 213.503 414.719 ) T:9536 ( 111.231 253.695 419.327 683.519 939.519 939.519 )
1319.279: I:69 ( 111.615 278.271 536.063 ) T:9605 ( 111.231 253.695 422.143 683.519 939.519 939.519 )
1329.279: I:76 ( 111.551 212.607 391.935 ) T:9681 ( 111.231 253.311 422.143 683.519 939.519 939.519 )
1339.278: I:77 ( 102.399 182.271 425.983 ) T:9758 ( 111.231 253.055 422.143 683.519 939.519 939.519 )
1349.278: I:76 ( 111.295 182.143 357.375 ) T:9834 ( 111.231 252.927 421.119 683.519 939.519 939.519 )
1359.279: I:75 ( 111.423 192.255 473.087 ) T:9909 ( 111.231 252.799 421.119 683.519 939.519 939.519 )
1369.276: I:74 ( 106.623 222.591 461.823 ) T:9983 ( 111.231 252.799 422.143 683.519 939.519 939.519 )
1379.277: I:79 ( 111.295 161.919 412.159 ) T:10062 ( 111.231 252.543 421.119 663.551 897.535 939.519 )
1389.279: I:74 ( 111.487 182.271 495.103 ) T:10136 ( 111.231 252.415 421.119 663.551 897.535 939.519 )
1399.279: I:78 ( 111.423 161.919 342.527 ) T:10214 ( 111.295 252.287 419.327 663.551 897.535 939.519 )
1409.279: I:75 ( 111.423 243.583 428.287 ) T:10289 ( 111.295 252.287 421.119 663.551 897.535 939.519 )
1419.278: I:76 ( 101.439 212.351 464.639 ) T:10365 ( 111.231 252.031 421.119 663.551 897.535 939.519 )
1429.277: I:73 ( 111.615 182.143 410.367 ) T:10438 ( 111.295 251.647 419.327 663.551 897.535 939.519 )
1439.279: I:77 ( 111.487 182.271 434.687 ) T:10515 ( 111.295 251.519 419.327 663.551 897.535 939.519 )
1449.277: I:78 ( 101.375 268.287 404.735 ) T:10593 ( 111.295 251.519 419.327 663.551 897.535 939.519 )
1459.273: I:80 ( 111.359 163.071 362.751 ) T:10673 ( 111.295 251.263 417.535 663.551 897.535 939.519 )
1469.279: I:78 ( 110.847 202.623 441.343 ) T:10751 ( 111.295 251.135 417.535 663.551 897.535 939.519 )
1479.278: I:77 ( 101.375 182.143 455.935 ) T:10828 ( 111.295 251.135 419.327 663.551 897.535 939.519 )
1489.277: I:73 ( 111.615 257.407 423.935 ) T:10901 ( 111.295 251.135 419.327 663.551 897.535 939.519 )
1499.278: I:76 ( 101.439 220.543 421.631 ) T:10977 ( 111.295 251.007 421.119 663.551 897.535 939.519 )
1509.274: I:76 ( 111.423 255.231 354.559 ) T:11053 ( 111.295 251.007 419.327 634.367 897.535 939.519 )
1519.276: I:72 ( 111.423 262.911 452.351 ) T:11125 ( 111.295 251.135 419.327 634.367 897.535 939.519 )
1529.277: I:75 ( 111.487 213.375 515.071 ) T:11200 ( 111.295 250.495 419.327 634.367 897.535 939.519 )
1539.277: I:72 ( 111.551 260.991 650.239 ) T:11272 ( 111.295 251.007 421.119 650.239 897.535 939.519 )
1549.277: I:76 ( 101.439 226.943 410.879 ) T:11348 ( 111.295 251.007 419.327 650.239 897.535 939.519 )
1559.279: I:76 ( 111.231 212.479 413.695 ) T:11424 ( 111.295 250.239 417.535 650.239 897.535 939.519 )
1569.280: I:72 ( 111.359 242.815 412.159 ) T:11496 ( 111.295 250.239 417.535 650.239 897.535 939.519 )
1579.276: I:76 ( 101.439 216.575 459.263 ) T:11572 ( 111.295 250.111 417.535 650.239 897.535 939.519 )
1589.277: I:81 ( 101.375 151.807 430.591 ) T:11653 ( 111.295 249.983 417.535 650.239 897.535 939.519 )
1599.276: I:80 ( 101.439 151.935 393.215 ) T:11733 ( 111.295 249.727 416.255 650.239 897.535 939.519 )
1609.280: I:80 ( 101.375 152.063 399.103 ) T:11813 ( 111.231 249.215 415.743 650.239 897.535 939.519 )
1619.279: I:78 ( 102.463 233.983 409.087 ) T:11891 ( 111.231 248.959 415.743 650.239 897.535 939.519 )
1629.276: I:75 ( 111.231 156.799 467.199 ) T:11966 ( 111.231 248.703 416.255 650.239 897.535 939.519 )
1639.277: I:78 ( 111.295 206.079 407.295 ) T:12044 ( 111.231 248.191 415.743 634.367 897.535 939.519 )
1649.280: I:83 ( 101.247 151.807 424.703 ) T:12127 ( 111.231 248.191 415.743 634.367 897.535 939.519 )
1659.279: I:81 ( 101.439 172.031 355.071 ) T:12208 ( 111.231 247.679 415.487 634.367 897.535 939.519 )
1669.279: I:78 ( 101.375 182.143 569.855 ) T:12286 ( 111.231 247.167 415.743 634.367 897.535 939.519 )
1679.273: I:85 ( 101.375 152.831 364.799 ) T:12371 ( 111.231 246.527 415.487 634.367 897.535 939.519 )
1689.275: I:80 ( 101.375 172.159 341.503 ) T:12451 ( 111.231 246.015 415.231 634.367 897.535 939.519 )
1699.279: I:76 ( 101.439 248.575 471.807 ) T:12527 ( 111.231 246.399 415.231 634.367 897.535 939.519 )
1709.279: I:78 ( 111.295 206.975 435.967 ) T:12605 ( 111.231 245.759 415.231 634.367 897.535 939.519 )
1719.277: I:83 ( 101.375 172.031 361.215 ) T:12688 ( 111.231 245.631 415.231 634.367 897.535 939.519 )
1729.279: I:73 ( 111.359 198.143 466.175 ) T:12761 ( 111.231 245.631 415.231 634.367 897.535 939.519 )
1739.278: I:83 ( 101.439 162.047 370.943 ) T:12844 ( 111.231 244.991 414.719 634.367 897.535 939.519 )
1749.279: I:80 ( 101.439 221.567 314.623 ) T:12924 ( 111.231 244.223 414.463 634.367 897.535 939.519 )
1759.279: I:78 ( 101.375 228.095 484.607 ) T:13002 ( 111.231 244.095 414.719 632.319 897.535 939.519 )
1769.278: I:83 ( 101.375 141.695 368.383 ) T:13085 ( 111.231 243.839 414.719 632.319 897.535 939.519 )
1779.279: I:78 ( 101.375 195.327 428.543 ) T:13163 ( 111.167 243.583 415.231 632.319 897.535 939.519 )
1789.278: I:79 ( 111.423 202.367 326.143 ) T:13242 ( 111.167 243.327 414.719 632.319 897.535 939.519 )
1799.278: I:78 ( 111.359 209.791 388.607 ) T:13320 ( 111.167 242.815 414.463 632.319 897.535 939.519 )
1809.276: I:80 ( 101.375 172.031 308.991 ) T:13400 ( 111.167 242.815 414.207 632.319 897.535 939.519 )
1819.276: I:76 ( 101.439 242.943 490.495 ) T:13476 ( 111.167 242.815 414.719 632.319 897.535 939.519 )
1829.273: I:80 ( 101.439 172.159 359.935 ) T:13556 ( 111.167 242.815 414.463 632.319 897.535 939.519 )
1839.273: I:75 ( 111.423 222.463 415.487 ) T:13631 ( 111.167 242.815 414.463 632.319 897.535 939.519 )
1849.277: I:77 ( 101.439 215.679 470.527 ) T:13708 ( 111.167 242.815 414.463 632.319 897.535 939.519 )
1859.271: I:80 ( 101.503 182.143 407.039 ) T:13788 ( 111.167 242.815 414.463 632.319 897.535 939.519 )
1869.279: I:81 ( 102.463 162.047 387.839 ) T:13869 ( 111.167 242.687 414.207 632.319 897.535 939.519 )
1879.276: I:79 ( 101.375 234.879 347.391 ) T:13948 ( 111.167 242.687 414.207 632.319 897.535 939.519 )
1889.277: I:79 ( 110.591 182.143 404.479 ) T:14027 ( 111.167 242.687 414.207 626.175 897.535 939.519 )
1899.277: I:77 ( 102.399 222.591 454.399 ) T:14104 ( 111.167 242.687 414.207 626.175 897.535 939.519 )
1909.277: I:78 ( 101.375 242.431 386.047 ) T:14182 ( 111.167 242.687 414.207 626.175 897.535 939.519 )
1919.278: I:79 ( 101.439 224.511 399.103 ) T:14261 ( 111.103 242.559 414.207 626.175 897.535 939.519 )
1929.280: I:77 ( 101.503 182.143 446.463 ) T:14338 ( 111.103 242.559 414.207 626.175 897.535 939.519 )
1939.278: I:73 ( 111.359 242.559 435.455 ) T:14411 ( 111.103 242.559 414.207 626.175 897.535 939.519 )
1949.278: I:79 ( 101.439 192.639 387.327 ) T:14490 ( 111.103 242.559 414.207 626.175 897.535 939.519 )
1959.279: I:84 (  92.671 151.807 400.383 ) T:14574 ( 110.911 242.303 414.207 626.175 897.535 939.519 )
1969.278: I:77 ( 101.375 166.911 390.143 ) T:14651 ( 110.847 242.303 414.207 626.175 897.535 939.519 )
1979.279: I:77 ( 111.359 224.895 441.855 ) T:14728 ( 110.911 242.303 414.207 626.175 897.535 939.519 )
1989.278: I:77 ( 101.439 232.703 326.655 ) T:14805 ( 110.847 242.047 414.207 626.175 897.535 939.519 )
1999.273: I:77 ( 102.207 171.903 415.487 ) T:14882 ( 110.847 242.047 414.207 626.175 897.535 939.519 )
2009.279: I:72 ( 111.359 264.191 716.287 ) T:14954 ( 110.911 242.047 414.207 632.319 897.535 939.519 )
2019.278: I:80 ( 101.375 172.031 404.479 ) T:15034 ( 110.655 242.047 414.207 626.175 897.535 939.519 )
2029.279: I:76 ( 101.439 283.135 424.959 ) T:15110 ( 110.591 242.047 414.207 626.175 897.535 939.519 )
2039.279: I:74 ( 111.423 232.831 655.359 ) T:15184 ( 110.847 242.047 414.207 632.319 897.535 939.519 )
2049.279: I:75 ( 101.375 244.223 455.423 ) T:15259 ( 110.591 242.047 414.207 632.319 897.535 939.519 )
2059.272: I:78 ( 101.439 232.575 361.727 ) T:15337 ( 110.591 241.535 414.207 632.319 897.535 939.519 )
2069.280: I:74 ( 111.359 192.127 813.055 ) T:15411 ( 110.591 241.279 414.207 634.367 897.535 939.519 )
2079.279: I:76 ( 102.591 172.159 450.815 ) T:15487 ( 110.591 241.151 414.207 634.367 897.535 939.519 )
2089.272: I:80 ( 101.375 162.047 529.919 ) T:15567 ( 110.207 240.639 414.207 634.367 897.535 939.519 )
2099.279: I:74 ( 101.375 202.239 413.695 ) T:15641 ( 109.887 240.511 414.207 634.367 897.535 939.519 )
2109.279: I:79 ( 101.439 268.799 418.303 ) T:15720 ( 109.759 240.511 414.207 634.367 897.535 939.519 )
2119.279: I:79 ( 101.375 230.527 370.943 ) T:15799 ( 109.695 240.511 414.207 634.367 897.535 939.519 )
2129.277: I:74 ( 111.423 250.751 346.879 ) T:15873 ( 109.695 240.511 414.207 634.367 897.535 939.519 )
2139.277: I:77 ( 111.359 182.015 348.671 ) T:15950 ( 109.823 240.383 414.207 634.367 897.535 939.519 )
2149.271: I:78 ( 101.439 232.575 376.575 ) T:16028 ( 109.695 239.871 414.207 632.319 897.535 939.519 )
2159.279: I:77 ( 101.439 242.815 378.879 ) T:16105 ( 109.695 239.871 413.951 632.319 897.535 939.519 )
2169.273: I:78 ( 101.375 213.503 482.303 ) T:16183 ( 109.183 239.743 414.207 632.319 897.535 939.519 )
2179.279: I:76 ( 106.687 205.311 586.751 ) T:16259 ( 109.119 239.359 414.207 632.319 897.535 939.519 )
2189.278: I:76 ( 111.487 224.255 368.895 ) T:16335 ( 109.503 239.359 414.207 632.319 897.535 939.519 )
2199.278: I:75 ( 111.295 182.143 392.703 ) T:16410 ( 109.503 239.231 413.951 632.319 897.535 939.519 )
2209.277: I:76 ( 111.423 220.287 394.239 ) T:16486 ( 109.695 239.103 413.951 632.319 897.535 939.519 )
2219.277: I:75 ( 102.399 202.239 356.863 ) T:16561 ( 109.567 239.103 413.951 632.319 897.535 939.519 )
2229.279: I:77 ( 101.439 201.471 438.015 ) T:16638 ( 109.503 239.103 413.951 632.319 897.535 939.519 )
2239.279: I:70 ( 111.359 230.527 546.815 ) T:16708 ( 109.567 239.103 413.951 632.319 897.535 939.519 )
2249.273: I:71 ( 111.423 232.575 745.983 ) T:16779 ( 109.695 239.103 414.207 634.367 897.535 939.519 )
2259.278: I:76 ( 111.103 192.383 438.527 ) T:16855 ( 109.695 238.335 414.207 634.367 897.535 939.519 )
2269.278: I:78 ( 102.399 188.415 413.695 ) T:16933 ( 109.695 237.695 414.207 634.367 897.535 939.519 )
2279.277: I:73 ( 111.167 242.815 573.439 ) T:17006 ( 109.695 238.335 414.207 632.319 897.535 939.519 )
2289.279: I:73 ( 111.359 254.335 383.999 ) T:17079 ( 109.759 238.335 414.207 632.319 897.535 939.519 )
2299.277: I:79 ( 101.503 187.391 320.255 ) T:17158 ( 109.695 238.335 414.207 632.319 897.535 939.519 )
2309.276: I:71 ( 111.487 260.991 444.671 ) T:17229 ( 110.015 238.719 414.207 632.319 897.535 939.519 )
2319.272: I:73 ( 111.295 253.055 596.991 ) T:17302 ( 110.015 239.103 414.207 632.319 897.535 939.519 )
2329.279: I:72 ( 104.959 245.887 679.423 ) T:17374 ( 110.015 239.103 415.231 634.367 897.535 939.519 )
2339.277: I:72 ( 111.423 232.575 391.167 ) T:17446 ( 110.271 239.103 414.719 634.367 897.535 939.519 )
2349.273: I:76 ( 111.359 184.575 609.791 ) T:17522 ( 110.335 238.335 415.231 634.367 897.535 939.519 )
2359.279: I:77 ( 111.359 172.159 622.591 ) T:17599 ( 110.527 238.335 415.487 634.367 897.535 939.519 )
2369.278: I:76 ( 102.399 225.023 444.927 ) T:17675 ( 110.527 237.695 415.487 634.367 897.535 939.519 )
2379.278: I:75 ( 111.551 172.927 422.399 ) T:17750 ( 110.783 237.695 415.487 634.367 897.535 939.519 )
2389.279: I:73 ( 111.551 222.719 438.271 ) T:17823 ( 110.847 237.695 415.487 634.367 897.535 939.519 )
2399.278: I:74 ( 111.359 227.327 567.295 ) T:17897 ( 110.911 237.695 415.487 634.367 897.535 939.519 )
2409.279: I:76 ( 111.359 180.351 802.303 ) T:17973 ( 110.975 237.311 415.487 650.239 897.535 939.519 )
2419.278: I:77 ( 111.359 249.599 385.023 ) T:18050 ( 110.975 237.311 415.487 634.367 897.535 939.519 )
2429.279: I:74 ( 111.423 244.223 459.263 ) T:18124 ( 111.039 237.311 415.487 634.367 897.535 939.519 )
2439.279: I:69 ( 111.487 273.151 560.127 ) T:18193 ( 111.103 237.567 415.487 634.367 897.535 939.519 )
2449.278: I:75 ( 101.439 172.287 752.127 ) T:18268 ( 111.039 237.311 415.743 650.239 897.535 939.519 )
2459.273: I:79 ( 111.487 211.455 334.591 ) T:18347 ( 111.103 237.055 415.487 650.239 897.535 939.519 )
2469.278: I:73 ( 111.423 192.383 469.759 ) T:18420 ( 111.103 237.055 416.255 650.239 897.535 939.519 )
2479.279: I:75 ( 101.439 270.847 384.255 ) T:18495 ( 111.103 237.311 416.255 650.239 897.535 939.519 )
2489.279: I:75 ( 111.167 232.703 425.983 ) T:18570 ( 111.103 237.311 416.255 650.239 897.535 939.519 )
2499.277: I:78 ( 101.439 233.855 373.759 ) T:18648 ( 111.039 237.311 415.743 650.239 897.535 939.519 )
2509.274: I:81 ( 109.631 162.047 314.367 ) T:18729 ( 111.039 237.055 415.487 650.239 897.535 939.519 )
2519.279: I:71 ( 104.127 242.943 509.439 ) T:18800 ( 110.975 237.055 416.255 650.239 897.535 939.519 )
2529.279: I:78 ( 102.463 211.839 503.039 ) T:18878 ( 110.975 235.903 417.023 650.239 897.535 939.519 )
2539.273: I:78 ( 101.375 180.607 468.479 ) T:18956 ( 110.911 235.903 417.023 650.239 897.535 939.519 )
2549.280: I:79 ( 111.359 182.143 382.207 ) T:19035 ( 110.911 235.135 416.767 634.367 897.535 939.519 )
2559.280: I:69 ( 111.487 226.431 666.623 ) T:19104 ( 110.975 234.879 417.535 650.239 897.535 939.519 )
2569.276: I:73 ( 111.487 172.287 369.919 ) T:19177 ( 111.039 234.879 417.535 650.239 897.535 939.519 )
2579.279: I:72 ( 111.423 221.823 397.823 ) T:19249 ( 111.039 234.879 417.023 650.239 897.535 939.519 )
2589.279: I:77 ( 111.295 172.159 463.615 ) T:19326 ( 111.039 234.879 417.023 650.239 897.535 939.519 )
2599.279: I:75 ( 111.359 212.607 516.863 ) T:19401 ( 111.103 234.623 417.023 650.239 897.535 939.519 )
2609.279: I:76 ( 111.103 172.031 504.319 ) T:19477 ( 111.103 234.623 417.535 650.239 897.535 939.519 )
2619.279: I:71 ( 111.423 202.367 726.527 ) T:19548 ( 111.103 234.623 417.535 655.359 897.535 939.519 )
2629.277: I:72 ( 111.423 191.871 429.055 ) T:19620 ( 111.103 234.495 417.535 655.359 897.535 939.519 )
2639.277: I:80 ( 101.311 151.935 471.295 ) T:19700 ( 111.103 233.983 418.303 655.359 897.535 939.519 )
2649.273: I:77 ( 111.359 223.999 410.111 ) T:19777 ( 111.103 233.983 418.303 655.359 897.535 939.519 )
2659.273: I:77 ( 111.487 173.055 396.799 ) T:19854 ( 111.103 233.855 417.535 655.359 897.535 939.519 )
2669.276: I:75 ( 111.551 161.919 472.575 ) T:19929 ( 111.103 233.855 417.535 655.359 897.535 939.519 )
2679.277: I:75 ( 111.359 216.703 608.255 ) T:20004 ( 111.103 233.855 417.535 650.239 821.759 939.519 )
2689.277: I:78 ( 101.439 151.807 724.479 ) T:20082 ( 111.103 233.599 418.303 655.359 821.759 939.519 )
2699.276: I:74 ( 111.359 202.367 459.263 ) T:20156 ( 111.103 233.599 418.303 655.359 821.759 939.519 )
2709.273: I:72 ( 102.399 222.591 417.535 ) T:20228 ( 111.103 233.599 417.535 655.359 821.759 939.519 )
2719.277: I:76 ( 111.423 162.047 519.423 ) T:20304 ( 111.167 233.471 418.303 655.359 821.759 939.519 )
2729.279: I:80 ( 101.439 172.159 330.751 ) T:20384 ( 111.103 233.471 418.303 655.359 821.759 939.519 )
2739.279: I:76 ( 111.423 172.287 415.999 ) T:20460 ( 111.167 233.471 417.535 655.359 821.759 939.519 )
2749.279: I:76 ( 102.399 158.207 552.447 ) T:20536 ( 111.167 233.343 417.535 655.359 821.759 939.519 )
2759.275: I:77 ( 111.487 172.543 413.439 ) T:20613 ( 111.167 233.215 417.535 655.359 821.759 939.519 )
2769.276: I:75 ( 111.359 172.031 440.831 ) T:20688 ( 111.167 233.215 417.535 655.359 821.759 939.519 )
2779.272: I:75 ( 111.423 182.271 508.415 ) T:20763 ( 111.167 233.087 418.303 655.359 821.759 939.519 )
2789.273: I:74 ( 111.039 254.079 416.767 ) T:20837 ( 111.167 233.215 417.535 655.359 821.759 939.519 )
2799.277: I:74 ( 111.487 192.127 506.879 ) T:20911 ( 111.167 233.087 417.535 655.359 821.759 939.519 )
2809.277: I:76 ( 111.551 182.015 424.447 ) T:20987 ( 111.167 232.959 418.303 655.359 821.759 939.519 )
2819.279: I:79 ( 101.439 209.535 377.855 ) T:21066 ( 111.167 232.831 417.535 650.239 821.759 939.519 )
2829.276: I:71 ( 111.423 223.487 446.207 ) T:21137 ( 111.167 232.831 417.535 650.239 821.759 939.519 )
2839.275: I:70 ( 111.551 229.119 402.431 ) T:21207 ( 111.231 232.831 417.535 650.239 821.759 939.519 )
2849.278: I:77 ( 111.487 164.351 478.463 ) T:21284 ( 111.231 232.831 418.303 650.239 821.759 939.519 )
2859.279: I:75 ( 111.423 212.479 479.231 ) T:21359 ( 111.231 232.703 418.303 650.239 821.759 939.519 )
2869.278: I:75 ( 111.295 202.879 409.855 ) T:21434 ( 111.231 232.703 417.535 650.239 821.759 939.519 )
2879.280: I:70 ( 111.295 212.479 641.023 ) T:21504 ( 111.231 232.703 417.535 650.239 821.759 939.519 )
2889.277: I:78 ( 102.399 247.679 449.535 ) T:21582 ( 111.231 232.703 418.303 650.239 821.759 939.519 )
2899.280: I:72 ( 111.487 212.351 540.159 ) T:21654 ( 111.231 232.703 418.303 650.239 821.759 939.519 )
2909.276: I:74 ( 111.423 212.607 515.839 ) T:21728 ( 111.231 232.703 418.303 650.239 821.759 939.519 )
2919.279: I:73 ( 102.399 252.799 449.023 ) T:21801 ( 111.231 232.703 418.303 650.239 821.759 939.519 )
2929.273: I:78 ( 101.375 201.727 382.719 ) T:21879 ( 111.231 232.703 418.303 650.239 821.759 939.519 )
2939.279: I:76 ( 111.423 151.935 436.479 ) T:21955 ( 111.231 232.703 418.303 650.239 821.759 939.519 )
2949.279: I:72 ( 111.487 212.479 520.191 ) T:22027 ( 111.231 232.703 418.559 641.023 821.759 939.519 )
2959.279: I:73 ( 111.487 228.735 455.935 ) T:22100 ( 111.231 232.703 418.559 641.023 821.759 939.519 )
2969.279: I:76 ( 111.423 181.887 407.551 ) T:22176 ( 111.231 232.703 418.559 641.023 821.759 939.519 )
2979.279: I:76 ( 111.487 172.159 514.303 ) T:22252 ( 111.231 232.703 418.559 641.023 821.759 939.519 )
2989.279: I:76 ( 111.295 182.015 452.863 ) T:22328 ( 111.231 232.575 418.559 641.023 821.759 939.519 )
2999.278: I:72 ( 111.487 273.151 518.911 ) T:22400 ( 111.231 232.575 418.559 641.023 821.759 939.519 )
3009.279: I:72 ( 111.295 182.015 444.159 ) T:22472 ( 111.231 232.575 419.327 641.023 821.759 939.519 )
3019.273: I:77 ( 109.119 171.903 437.247 ) T:22549 ( 111.231 232.575 419.327 641.023 821.759 939.519 )
3029.272: I:77 ( 111.359 208.511 400.895 ) T:22626 ( 111.231 232.575 418.559 641.023 821.759 939.519 )
3039.272: I:77 ( 101.503 182.143 465.919 ) T:22703 ( 111.231 232.575 419.327 641.023 821.759 939.519 )
3049.279: I:73 ( 101.439 238.335 707.071 ) T:22776 ( 111.231 232.575 420.863 650.239 821.759 939.519 )
3059.278: I:73 ( 111.359 172.159 453.375 ) T:22849 ( 111.231 232.575 420.863 650.239 821.759 939.519 )
3069.280: I:74 ( 111.487 190.463 518.399 ) T:22923 ( 111.231 232.575 420.863 650.239 821.759 939.519 )
3079.279: I:73 ( 111.295 222.463 600.575 ) T:22996 ( 111.231 232.575 421.631 650.239 821.759 939.519 )
3089.278: I:75 ( 102.207 162.047 438.527 ) T:23071 ( 111.231 232.575 421.631 641.023 821.759 939.519 )
3099.278: I:73 ( 111.423 182.271 477.695 ) T:23144 ( 111.231 232.575 421.887 641.023 821.759 939.519 )
3109.276: I:77 ( 102.463 212.735 375.807 ) T:23221 ( 111.231 232.447 421.631 641.023 821.759 939.519 )
3119.278: I:77 ( 110.079 202.239 490.495 ) T:23298 ( 111.231 232.447 421.887 641.023 821.759 939.519 )
3123.907: I:34 ( 110.719 172.159 394.751 ) T:23332 ( 111.231 232.447 421.631 641.023 821.759 939.519 )
3123.948: I:0 (   0.000   0.000   0.000 ) T:23332 ( 111.231 232.447 421.631 641.023 821.759 939.519 )
