#[Interval percentile log between 0.000 and <Infinite> seconds (relative to StartTime)]
#[StartTime: 1524488523.498 (seconds since epoch), Mon Apr 23 15:02:03 CEST 2018]
Time: IntervalPercentiles:count ( 50% 90% Max ) TotalPercentiles:count ( 50% 90% 99% 99.9% 99.99% Max )
9.596: I:1 ( 440.831 440.831 440.831 ) T:1 ( 440.831 440.831 440.831 440.831 440.831 440.831 )
19.579: I:0 (   0.000   0.000   0.000 ) T:1 ( 440.831 440.831 440.831 440.831 440.831 440.831 )
29.576: I:0 (   0.000   0.000   0.000 ) T:1 ( 440.831 440.831 440.831 440.831 440.831 440.831 )
39.576: I:0 (   0.000   0.000   0.000 ) T:1 ( 440.831 440.831 440.831 440.831 440.831 440.831 )
49.573: I:0 (   0.000   0.000   0.000 ) T:1 ( 440.831 440.831 440.831 440.831 440.831 440.831 )
59.577: I:0 (   0.000   0.000   0.000 ) T:1 ( 440.831 440.831 440.831 440.831 440.831 440.831 )
69.577: I:0 (   0.000   0.000   0.000 ) T:1 ( 440.831 440.831 440.831 440.831 440.831 440.831 )
79.576: I:0 (   0.000   0.000   0.000 ) T:1 ( 440.831 440.831 440.831 440.831 440.831 440.831 )
89.576: I:0 (   0.000   0.000   0.000 ) T:1 ( 440.831 440.831 440.831 440.831 440.831 440.831 )
99.576: I:0 (   0.000   0.000   0.000 ) T:1 ( 440.831 440.831 440.831 440.831 440.831 440.831 )
109.576: I:0 (   0.000   0.000   0.000 ) T:1 ( 440.831 440.831 440.831 440.831 440.831 440.831 )
119.576: I:0 (   0.000   0.000   0.000 ) T:1 ( 440.831 440.831 440.831 440.831 440.831 440.831 )
129.576: I:0 (   0.000   0.000   0.000 ) T:1 ( 440.831 440.831 440.831 440.831 440.831 440.831 )
139.570: I:0 (   0.000   0.000   0.000 ) T:1 ( 440.831 440.831 440.831 440.831 440.831 440.831 )
149.574: I:0 (   0.000   0.000   0.000 ) T:1 ( 440.831 440.831 440.831 440.831 440.831 440.831 )
159.574: I:0 (   0.000   0.000   0.000 ) T:1 ( 440.831 440.831 440.831 440.831 440.831 440.831 )
169.577: I:0 (   0.000   0.000   0.000 ) T:1 ( 440.831 440.831 440.831 440.831 440.831 440.831 )
179.567: I:0 (   0.000   0.000   0.000 ) T:1 ( 440.831 440.831 440.831 440.831 440.831 440.831 )
189.576: I:0 (   0.000   0.000   0.000 ) T:1 ( 440.831 440.831 440.831 440.831 440.831 440.831 )
199.576: I:0 (   0.000   0.000   0.000 ) T:1 ( 440.831 440.831 440.831 440.831 440.831 440.831 )
209.576: I:0 (   0.000   0.000   0.000 ) T:1 ( 440.831 440.831 440.831 440.831 440.831 440.831 )
219.576: I:0 (   0.000   0.000   0.000 ) T:1 ( 440.831 440.831 440.831 440.831 440.831 440.831 )
229.573: I:0 (   0.000   0.000   0.000 ) T:1 ( 440.831 440.831 440.831 440.831 440.831 440.831 )
239.576: I:0 (   0.000   0.000   0.000 ) T:1 ( 440.831 440.831 440.831 440.831 440.831 440.831 )
249.576: I:0 (   0.000   0.000   0.000 ) T:1 ( 440.831 440.831 440.831 440.831 440.831 440.831 )
259.575: I:0 (   0.000   0.000   0.000 ) T:1 ( 440.831 440.831 440.831 440.831 440.831 440.831 )
269.578: I:0 (   0.000   0.000   0.000 ) T:1 ( 440.831 440.831 440.831 440.831 440.831 440.831 )
279.577: I:0 (   0.000   0.000   0.000 ) T:1 ( 440.831 440.831 440.831 440.831 440.831 440.831 )
289.574: I:0 (   0.000   0.000   0.000 ) T:1 ( 440.831 440.831 440.831 440.831 440.831 440.831 )
299.576: I:0 (   0.000   0.000   0.000 ) T:1 ( 440.831 440.831 440.831 440.831 440.831 440.831 )
309.575: I:0 (   0.000   0.000   0.000 ) T:1 ( 440.831 440.831 440.831 440.831 440.831 440.831 )
319.576: I:0 (   0.000   0.000   0.000 ) T:1 ( 440.831 440.831 440.831 440.831 440.831 440.831 )
329.579: I:0 (   0.000   0.000   0.000 ) T:1 ( 440.831 440.831 440.831 440.831 440.831 440.831 )
339.576: I:0 (   0.000   0.000   0.000 ) T:1 ( 440.831 440.831 440.831 440.831 440.831 440.831 )
349.576: I:0 (   0.000   0.000   0.000 ) T:1 ( 440.831 440.831 440.831 440.831 440.831 440.831 )
359.572: I:0 (   0.000   0.000   0.000 ) T:1 ( 440.831 440.831 440.831 440.831 440.831 440.831 )
369.575: I:0 (   0.000   0.000   0.000 ) T:1 ( 440.831 440.831 440.831 440.831 440.831 440.831 )
379.576: I:0 (   0.000   0.000   0.000 ) T:1 ( 440.831 440.831 440.831 440.831 440.831 440.831 )
389.573: I:0 (   0.000   0.000   0.000 ) T:1 ( 440.831 440.831 440.831 440.831 440.831 440.831 )
399.574: I:0 (   0.000   0.000   0.000 ) T:1 ( 440.831 440.831 440.831 440.831 440.831 440.831 )
409.576: I:0 (   0.000   0.000   0.000 ) T:1 ( 440.831 440.831 440.831 440.831 440.831 440.831 )
419.569: I:0 (   0.000   0.000   0.000 ) T:1 ( 440.831 440.831 440.831 440.831 440.831 440.831 )
429.575: I:0 (   0.000   0.000   0.000 ) T:1 ( 440.831 440.831 440.831 440.831 440.831 440.831 )
439.569: I:0 (   0.000   0.000   0.000 ) T:1 ( 440.831 440.831 440.831 440.831 440.831 440.831 )
449.576: I:0 (   0.000   0.000   0.000 ) T:1 ( 440.831 440.831 440.831 440.831 440.831 440.831 )
459.576: I:0 (   0.000   0.000   0.000 ) T:1 ( 440.831 440.831 440.831 440.831 440.831 440.831 )
469.573: I:0 (   0.000   0.000   0.000 ) T:1 ( 440.831 440.831 440.831 440.831 440.831 440.831 )
479.572: I:0 (   0.000   0.000   0.000 ) T:1 ( 440.831 440.831 440.831 440.831 440.831 440.831 )
489.575: I:0 (   0.000   0.000   0.000 ) T:1 ( 440.831 440.831 440.831 440.831 440.831 440.831 )
499.572: I:0 (   0.000   0.000   0.000 ) T:1 ( 440.831 440.831 440.831 440.831 440.831 440.831 )
509.567: I:0 (   0.000   0.000   0.000 ) T:1 ( 440.831 440.831 440.831 440.831 440.831 440.831 )
519.575: I:0 (   0.000   0.000   0.000 ) T:1 ( 440.831 440.831 440.831 440.831 440.831 440.831 )
529.574: I:0 (   0.000   0.000   0.000 ) T:1 ( 440.831 440.831 440.831 440.831 440.831 440.831 )
539.574: I:0 (   0.000   0.000   0.000 ) T:1 ( 440.831 440.831 440.831 440.831 440.831 440.831 )
549.574: I:0 (   0.000   0.000   0.000 ) T:1 ( 440.831 440.831 440.831 440.831 440.831 440.831 )
559.574: I:0 (   0.000   0.000   0.000 ) T:1 ( 440.831 440.831 440.831 440.831 440.831 440.831 )
569.575: I:0 (   0.000   0.000   0.000 ) T:1 ( 440.831 440.831 440.831 440.831 440.831 440.831 )
579.576: I:0 (   0.000   0.000   0.000 ) T:1 ( 440.831 440.831 440.831 440.831 440.831 440.831 )
589.576: I:0 (   0.000   0.000   0.000 ) T:1 ( 440.831 440.831 440.831 440.831 440.831 440.831 )
599.569: I:0 (   0.000   0.000   0.000 ) T:1 ( 440.831 440.831 440.831 440.831 440.831 440.831 )
609.575: I:0 (   0.000   0.000   0.000 ) T:1 ( 440.831 440.831 440.831 440.831 440.831 440.831 )
619.575: I:0 (   0.000   0.000   0.000 ) T:1 ( 440.831 440.831 440.831 440.831 440.831 440.831 )
629.578: I:0 (   0.000   0.000   0.000 ) T:1 ( 440.831 440.831 440.831 440.831 440.831 440.831 )
639.575: I:0 (   0.000   0.000   0.000 ) T:1 ( 440.831 440.831 440.831 440.831 440.831 440.831 )
649.571: I:0 (   0.000   0.000   0.000 ) T:1 ( 440.831 440.831 440.831 440.831 440.831 440.831 )
659.576: I:0 (   0.000   0.000   0.000 ) T:1 ( 440.831 440.831 440.831 440.831 440.831 440.831 )
669.575: I:0 (   0.000   0.000   0.000 ) T:1 ( 440.831 440.831 440.831 440.831 440.831 440.831 )
679.575: I:0 (   0.000   0.000   0.000 ) T:1 ( 440.831 440.831 440.831 440.831 440.831 440.831 )
689.576: I:0 (   0.000   0.000   0.000 ) T:1 ( 440.831 440.831 440.831 440.831 440.831 440.831 )
699.576: I:0 (   0.000   0.000   0.000 ) T:1 ( 440.831 440.831 440.831 440.831 440.831 440.831 )
709.575: I:0 (   0.000   0.000   0.000 ) T:1 ( 440.831 440.831 440.831 440.831 440.831 440.831 )
719.575: I:0 (   0.000   0.000   0.000 ) T:1 ( 440.831 440.831 440.831 440.831 440.831 440.831 )
729.575: I:0 (   0.000   0.000   0.000 ) T:1 ( 440.831 440.831 440.831 440.831 440.831 440.831 )
739.569: I:0 (   0.000   0.000   0.000 ) T:1 ( 440.831 440.831 440.831 440.831 440.831 440.831 )
749.577: I:0 (   0.000   0.000   0.000 ) T:1 ( 440.831 440.831 440.831 440.831 440.831 440.831 )
759.572: I:0 (   0.000   0.000   0.000 ) T:1 ( 440.831 440.831 440.831 440.831 440.831 440.831 )
769.575: I:0 (   0.000   0.000   0.000 ) T:1 ( 440.831 440.831 440.831 440.831 440.831 440.831 )
779.574: I:0 (   0.000   0.000   0.000 ) T:1 ( 440.831 440.831 440.831 440.831 440.831 440.831 )
789.576: I:0 (   0.000   0.000   0.000 ) T:1 ( 440.831 440.831 440.831 440.831 440.831 440.831 )
799.573: I:0 (   0.000   0.000   0.000 ) T:1 ( 440.831 440.831 440.831 440.831 440.831 440.831 )
809.574: I:0 (   0.000   0.000   0.000 ) T:1 ( 440.831 440.831 440.831 440.831 440.831 440.831 )
819.575: I:0 (   0.000   0.000   0.000 ) T:1 ( 440.831 440.831 440.831 440.831 440.831 440.831 )
829.575: I:0 (   0.000   0.000   0.000 ) T:1 ( 440.831 440.831 440.831 440.831 440.831 440.831 )
839.572: I:0 (   0.000   0.000   0.000 ) T:1 ( 440.831 440.831 440.831 440.831 440.831 440.831 )
849.575: I:0 (   0.000   0.000   0.000 ) T:1 ( 440.831 440.831 440.831 440.831 440.831 440.831 )
859.574: I:0 (   0.000   0.000   0.000 ) T:1 ( 440.831 440.831 440.831 440.831 440.831 440.831 )
869.576: I:0 (   0.000   0.000   0.000 ) T:1 ( 440.831 440.831 440.831 440.831 440.831 440.831 )
879.576: I:0 (   0.000   0.000   0.000 ) T:1 ( 440.831 440.831 440.831 440.831 440.831 440.831 )
889.576: I:0 (   0.000   0.000   0.000 ) T:1 ( 440.831 440.831 440.831 440.831 440.831 440.831 )
899.576: I:0 (   0.000   0.000   0.000 ) T:1 ( 440.831 440.831 440.831 440.831 440.831 440.831 )
909.572: I:0 (   0.000   0.000   0.000 ) T:1 ( 440.831 440.831 440.831 440.831 440.831 440.831 )
919.575: I:0 (   0.000   0.000   0.000 ) T:1 ( 440.831 440.831 440.831 440.831 440.831 440.831 )
929.571: I:0 (   0.000   0.000   0.000 ) T:1 ( 440.831 440.831 440.831 440.831 440.831 440.831 )
939.576: I:0 (   0.000   0.000   0.000 ) T:1 ( 440.831 440.831 440.831 440.831 440.831 440.831 )
949.576: I:0 (   0.000   0.000   0.000 ) T:1 ( 440.831 440.831 440.831 440.831 440.831 440.831 )
959.575: I:0 (   0.000   0.000   0.000 ) T:1 ( 440.831 440.831 440.831 440.831 440.831 440.831 )
969.574: I:0 (   0.000   0.000   0.000 ) T:1 ( 440.831 440.831 440.831 440.831 440.831 440.831 )
979.573: I:0 (   0.000   0.000   0.000 ) T:1 ( 440.831 440.831 440.831 440.831 440.831 440.831 )
989.574: I:0 (   0.000   0.000   0.000 ) T:1 ( 440.831 440.831 440.831 440.831 440.831 440.831 )
999.572: I:0 (   0.000   0.000   0.000 ) T:1 ( 440.831 440.831 440.831 440.831 440.831 440.831 )
1009.575: I:0 (   0.000   0.000   0.000 ) T:1 ( 440.831 440.831 440.831 440.831 440.831 440.831 )
1019.574: I:0 (   0.000   0.000   0.000 ) T:1 ( 440.831 440.831 440.831 440.831 440.831 440.831 )
1029.573: I:0 (   0.000   0.000   0.000 ) T:1 ( 440.831 440.831 440.831 440.831 440.831 440.831 )
1039.576: I:0 (   0.000   0.000   0.000 ) T:1 ( 440.831 440.831 440.831 440.831 440.831 440.831 )
1049.573: I:0 (   0.000   0.000   0.000 ) T:1 ( 440.831 440.831 440.831 440.831 440.831 440.831 )
1059.576: I:0 (   0.000   0.000   0.000 ) T:1 ( 440.831 440.831 440.831 440.831 440.831 440.831 )
1069.574: I:0 (   0.000   0.000   0.000 ) T:1 ( 440.831 440.831 440.831 440.831 440.831 440.831 )
1079.575: I:0 (   0.000   0.000   0.000 ) T:1 ( 440.831 440.831 440.831 440.831 440.831 440.831 )
1089.572: I:0 (   0.000   0.000   0.000 ) T:1 ( 440.831 440.831 440.831 440.831 440.831 440.831 )
1099.569: I:0 (   0.000   0.000   0.000 ) T:1 ( 440.831 440.831 440.831 440.831 440.831 440.831 )
1109.576: I:0 (   0.000   0.000   0.000 ) T:1 ( 440.831 440.831 440.831 440.831 440.831 440.831 )
1119.573: I:0 (   0.000   0.000   0.000 ) T:1 ( 440.831 440.831 440.831 440.831 440.831 440.831 )
1129.576: I:0 (   0.000   0.000   0.000 ) T:1 ( 440.831 440.831 440.831 440.831 440.831 440.831 )
1139.572: I:0 (   0.000   0.000   0.000 ) T:1 ( 440.831 440.831 440.831 440.831 440.831 440.831 )
1149.575: I:0 (   0.000   0.000   0.000 ) T:1 ( 440.831 440.831 440.831 440.831 440.831 440.831 )
1159.576: I:0 (   0.000   0.000   0.000 ) T:1 ( 440.831 440.831 440.831 440.831 440.831 440.831 )
1169.575: I:0 (   0.000   0.000   0.000 ) T:1 ( 440.831 440.831 440.831 440.831 440.831 440.831 )
1179.576: I:0 (   0.000   0.000   0.000 ) T:1 ( 440.831 440.831 440.831 440.831 440.831 440.831 )
1189.576: I:0 (   0.000   0.000   0.000 ) T:1 ( 440.831 440.831 440.831 440.831 440.831 440.831 )
1199.575: I:0 (   0.000   0.000   0.000 ) T:1 ( 440.831 440.831 440.831 440.831 440.831 440.831 )
1209.569: I:0 (   0.000   0.000   0.000 ) T:1 ( 440.831 440.831 440.831 440.831 440.831 440.831 )
1219.569: I:0 (   0.000   0.000   0.000 ) T:1 ( 440.831 440.831 440.831 440.831 440.831 440.831 )
1229.572: I:0 (   0.000   0.000   0.000 ) T:1 ( 440.831 440.831 440.831 440.831 440.831 440.831 )
1239.575: I:0 (   0.000   0.000   0.000 ) T:1 ( 440.831 440.831 440.831 440.831 440.831 440.831 )
1249.569: I:0 (   0.000   0.000   0.000 ) T:1 ( 440.831 440.831 440.831 440.831 440.831 440.831 )
1259.576: I:0 (   0.000   0.000   0.000 ) T:1 ( 440.831 440.831 440.831 440.831 440.831 440.831 )
1269.576: I:0 (   0.000   0.000   0.000 ) T:1 ( 440.831 440.831 440.831 440.831 440.831 440.831 )
1279.575: I:0 (   0.000   0.000   0.000 ) T:1 ( 440.831 440.831 440.831 440.831 440.831 440.831 )
1289.575: I:0 (   0.000   0.000   0.000 ) T:1 ( 440.831 440.831 440.831 440.831 440.831 440.831 )
1299.576: I:0 (   0.000   0.000   0.000 ) T:1 ( 440.831 440.831 440.831 440.831 440.831 440.831 )
1309.575: I:0 (   0.000   0.000   0.000 ) T:1 ( 440.831 440.831 440.831 440.831 440.831 440.831 )
1319.575: I:0 (   0.000   0.000   0.000 ) T:1 ( 440.831 440.831 440.831 440.831 440.831 440.831 )
1329.578: I:0 (   0.000   0.000   0.000 ) T:1 ( 440.831 440.831 440.831 440.831 440.831 440.831 )
1339.574: I:0 (   0.000   0.000   0.000 ) T:1 ( 440.831 440.831 440.831 440.831 440.831 440.831 )
1349.576: I:0 (   0.000   0.000   0.000 ) T:1 ( 440.831 440.831 440.831 440.831 440.831 440.831 )
1359.576: I:0 (   0.000   0.000   0.000 ) T:1 ( 440.831 440.831 440.831 440.831 440.831 440.831 )
1369.573: I:0 (   0.000   0.000   0.000 ) T:1 ( 440.831 440.831 440.831 440.831 440.831 440.831 )
1379.576: I:0 (   0.000   0.000   0.000 ) T:1 ( 440.831 440.831 440.831 440.831 440.831 440.831 )
1389.578: I:0 (   0.000   0.000   0.000 ) T:1 ( 440.831 440.831 440.831 440.831 440.831 440.831 )
1399.575: I:0 (   0.000   0.000   0.000 ) T:1 ( 440.831 440.831 440.831 440.831 440.831 440.831 )
1409.575: I:0 (   0.000   0.000   0.000 ) T:1 ( 440.831 440.831 440.831 440.831 440.831 440.831 )
1419.575: I:0 (   0.000   0.000   0.000 ) T:1 ( 440.831 440.831 440.831 440.831 440.831 440.831 )
1429.574: I:0 (   0.000   0.000   0.000 ) T:1 ( 440.831 440.831 440.831 440.831 440.831 440.831 )
1439.574: I:0 (   0.000   0.000   0.000 ) T:1 ( 440.831 440.831 440.831 440.831 440.831 440.831 )
1449.574: I:0 (   0.000   0.000   0.000 ) T:1 ( 440.831 440.831 440.831 440.831 440.831 440.831 )
1459.567: I:0 (   0.000   0.000   0.000 ) T:1 ( 440.831 440.831 440.831 440.831 440.831 440.831 )
1469.575: I:0 (   0.000   0.000   0.000 ) T:1 ( 440.831 440.831 440.831 440.831 440.831 440.831 )
1479.574: I:0 (   0.000   0.000   0.000 ) T:1 ( 440.831 440.831 440.831 440.831 440.831 440.831 )
1489.574: I:0 (   0.000   0.000   0.000 ) T:1 ( 440.831 440.831 440.831 440.831 440.831 440.831 )
1499.575: I:0 (   0.000   0.000   0.000 ) T:1 ( 440.831 440.831 440.831 440.831 440.831 440.831 )
1509.572: I:0 (   0.000   0.000   0.000 ) T:1 ( 440.831 440.831 440.831 440.831 440.831 440.831 )
1519.573: I:0 (   0.000   0.000   0.000 ) T:1 ( 440.831 440.831 440.831 440.831 440.831 440.831 )
1529.573: I:0 (   0.000   0.000   0.000 ) T:1 ( 440.831 440.831 440.831 440.831 440.831 440.831 )
1539.573: I:0 (   0.000   0.000   0.000 ) T:1 ( 440.831 440.831 440.831 440.831 440.831 440.831 )
1549.574: I:0 (   0.000   0.000   0.000 ) T:1 ( 440.831 440.831 440.831 440.831 440.831 440.831 )
1559.575: I:0 (   0.000   0.000   0.000 ) T:1 ( 440.831 440.831 440.831 440.831 440.831 440.831 )
1569.576: I:0 (   0.000   0.000   0.000 ) T:1 ( 440.831 440.831 440.831 440.831 440.831 440.831 )
1579.572: I:0 (   0.000   0.000   0.000 ) T:1 ( 440.831 440.831 440.831 440.831 440.831 440.831 )
1589.573: I:0 (   0.000   0.000   0.000 ) T:1 ( 440.831 440.831 440.831 440.831 440.831 440.831 )
1599.576: I:0 (   0.000   0.000   0.000 ) T:1 ( 440.831 440.831 440.831 440.831 440.831 440.831 )
1609.575: I:0 (   0.000   0.000   0.000 ) T:1 ( 440.831 440.831 440.831 440.831 440.831 440.831 )
1619.575: I:0 (   0.000   0.000   0.000 ) T:1 ( 440.831 440.831 440.831 440.831 440.831 440.831 )
1629.574: I:0 (   0.000   0.000   0.000 ) T:1 ( 440.831 440.831 440.831 440.831 440.831 440.831 )
1639.574: I:0 (   0.000   0.000   0.000 ) T:1 ( 440.831 440.831 440.831 440.831 440.831 440.831 )
1649.576: I:0 (   0.000   0.000   0.000 ) T:1 ( 440.831 440.831 440.831 440.831 440.831 440.831 )
1659.575: I:0 (   0.000   0.000   0.000 ) T:1 ( 440.831 440.831 440.831 440.831 440.831 440.831 )
1669.575: I:0 (   0.000   0.000   0.000 ) T:1 ( 440.831 440.831 440.831 440.831 440.831 440.831 )
1679.569: I:0 (   0.000   0.000   0.000 ) T:1 ( 440.831 440.831 440.831 440.831 440.831 440.831 )
1689.571: I:0 (   0.000   0.000   0.000 ) T:1 ( 440.831 440.831 440.831 440.831 440.831 440.831 )
1699.577: I:0 (   0.000   0.000   0.000 ) T:1 ( 440.831 440.831 440.831 440.831 440.831 440.831 )
1709.576: I:0 (   0.000   0.000   0.000 ) T:1 ( 440.831 440.831 440.831 440.831 440.831 440.831 )
1719.576: I:0 (   0.000   0.000   0.000 ) T:1 ( 440.831 440.831 440.831 440.831 440.831 440.831 )
1729.575: I:0 (   0.000   0.000   0.000 ) T:1 ( 440.831 440.831 440.831 440.831 440.831 440.831 )
1739.575: I:0 (   0.000   0.000   0.000 ) T:1 ( 440.831 440.831 440.831 440.831 440.831 440.831 )
1749.575: I:0 (   0.000   0.000   0.000 ) T:1 ( 440.831 440.831 440.831 440.831 440.831 440.831 )
1759.575: I:0 (   0.000   0.000   0.000 ) T:1 ( 440.831 440.831 440.831 440.831 440.831 440.831 )
1769.577: I:0 (   0.000   0.000   0.000 ) T:1 ( 440.831 440.831 440.831 440.831 440.831 440.831 )
1779.574: I:0 (   0.000   0.000   0.000 ) T:1 ( 440.831 440.831 440.831 440.831 440.831 440.831 )
1789.575: I:0 (   0.000   0.000   0.000 ) T:1 ( 440.831 440.831 440.831 440.831 440.831 440.831 )
1799.575: I:0 (   0.000   0.000   0.000 ) T:1 ( 440.831 440.831 440.831 440.831 440.831 440.831 )
1809.575: I:0 (   0.000   0.000   0.000 ) T:1 ( 440.831 440.831 440.831 440.831 440.831 440.831 )
1819.575: I:0 (   0.000   0.000   0.000 ) T:1 ( 440.831 440.831 440.831 440.831 440.831 440.831 )
1829.569: I:0 (   0.000   0.000   0.000 ) T:1 ( 440.831 440.831 440.831 440.831 440.831 440.831 )
1839.568: I:0 (   0.000   0.000   0.000 ) T:1 ( 440.831 440.831 440.831 440.831 440.831 440.831 )
1849.574: I:0 (   0.000   0.000   0.000 ) T:1 ( 440.831 440.831 440.831 440.831 440.831 440.831 )
1859.567: I:0 (   0.000   0.000   0.000 ) T:1 ( 440.831 440.831 440.831 440.831 440.831 440.831 )
1869.574: I:0 (   0.000   0.000   0.000 ) T:1 ( 440.831 440.831 440.831 440.831 440.831 440.831 )
1879.573: I:0 (   0.000   0.000   0.000 ) T:1 ( 440.831 440.831 440.831 440.831 440.831 440.831 )
1889.573: I:0 (   0.000   0.000   0.000 ) T:1 ( 440.831 440.831 440.831 440.831 440.831 440.831 )
1899.576: I:0 (   0.000   0.000   0.000 ) T:1 ( 440.831 440.831 440.831 440.831 440.831 440.831 )
1909.573: I:0 (   0.000   0.000   0.000 ) T:1 ( 440.831 440.831 440.831 440.831 440.831 440.831 )
1919.573: I:0 (   0.000   0.000   0.000 ) T:1 ( 440.831 440.831 440.831 440.831 440.831 440.831 )
1929.574: I:0 (   0.000   0.000   0.000 ) T:1 ( 440.831 440.831 440.831 440.831 440.831 440.831 )
1939.577: I:0 (   0.000   0.000   0.000 ) T:1 ( 440.831 440.831 440.831 440.831 440.831 440.831 )
1949.573: I:0 (   0.000   0.000   0.000 ) T:1 ( 440.831 440.831 440.831 440.831 440.831 440.831 )
1959.574: I:0 (   0.000   0.000   0.000 ) T:1 ( 440.831 440.831 440.831 440.831 440.831 440.831 )
1969.575: I:0 (   0.000   0.000   0.000 ) T:1 ( 440.831 440.831 440.831 440.831 440.831 440.831 )
1979.575: I:0 (   0.000   0.000   0.000 ) T:1 ( 440.831 440.831 440.831 440.831 440.831 440.831 )
1989.575: I:0 (   0.000   0.000   0.000 ) T:1 ( 440.831 440.831 440.831 440.831 440.831 440.831 )
1999.572: I:0 (   0.000   0.000   0.000 ) T:1 ( 440.831 440.831 440.831 440.831 440.831 440.831 )
2009.579: I:0 (   0.000   0.000   0.000 ) T:1 ( 440.831 440.831 440.831 440.831 440.831 440.831 )
2019.576: I:0 (   0.000   0.000   0.000 ) T:1 ( 440.831 440.831 440.831 440.831 440.831 440.831 )
2029.575: I:0 (   0.000   0.000   0.000 ) T:1 ( 440.831 440.831 440.831 440.831 440.831 440.831 )
2039.576: I:0 (   0.000   0.000   0.000 ) T:1 ( 440.831 440.831 440.831 440.831 440.831 440.831 )
2049.576: I:0 (   0.000   0.000   0.000 ) T:1 ( 440.831 440.831 440.831 440.831 440.831 440.831 )
2059.568: I:0 (   0.000   0.000   0.000 ) T:1 ( 440.831 440.831 440.831 440.831 440.831 440.831 )
2069.576: I:0 (   0.000   0.000   0.000 ) T:1 ( 440.831 440.831 440.831 440.831 440.831 440.831 )
2079.576: I:0 (   0.000   0.000   0.000 ) T:1 ( 440.831 440.831 440.831 440.831 440.831 440.831 )
2089.569: I:0 (   0.000   0.000   0.000 ) T:1 ( 440.831 440.831 440.831 440.831 440.831 440.831 )
2099.575: I:0 (   0.000   0.000   0.000 ) T:1 ( 440.831 440.831 440.831 440.831 440.831 440.831 )
2109.575: I:0 (   0.000   0.000   0.000 ) T:1 ( 440.831 440.831 440.831 440.831 440.831 440.831 )
2119.575: I:0 (   0.000   0.000   0.000 ) T:1 ( 440.831 440.831 440.831 440.831 440.831 440.831 )
2129.575: I:0 (   0.000   0.000   0.000 ) T:1 ( 440.831 440.831 440.831 440.831 440.831 440.831 )
2139.577: I:0 (   0.000   0.000   0.000 ) T:1 ( 440.831 440.831 440.831 440.831 440.831 440.831 )
2149.569: I:0 (   0.000   0.000   0.000 ) T:1 ( 440.831 440.831 440.831 440.831 440.831 440.831 )
2159.576: I:0 (   0.000   0.000   0.000 ) T:1 ( 440.831 440.831 440.831 440.831 440.831 440.831 )
2169.569: I:0 (   0.000   0.000   0.000 ) T:1 ( 440.831 440.831 440.831 440.831 440.831 440.831 )
2179.575: I:0 (   0.000   0.000   0.000 ) T:1 ( 440.831 440.831 440.831 440.831 440.831 440.831 )
2189.577: I:0 (   0.000   0.000   0.000 ) T:1 ( 440.831 440.831 440.831 440.831 440.831 440.831 )
2199.576: I:0 (   0.000   0.000   0.000 ) T:1 ( 440.831 440.831 440.831 440.831 440.831 440.831 )
2209.572: I:0 (   0.000   0.000   0.000 ) T:1 ( 440.831 440.831 440.831 440.831 440.831 440.831 )
2219.573: I:0 (   0.000   0.000   0.000 ) T:1 ( 440.831 440.831 440.831 440.831 440.831 440.831 )
2229.576: I:0 (   0.000   0.000   0.000 ) T:1 ( 440.831 440.831 440.831 440.831 440.831 440.831 )
2239.577: I:0 (   0.000   0.000   0.000 ) T:1 ( 440.831 440.831 440.831 440.831 440.831 440.831 )
2249.569: I:0 (   0.000   0.000   0.000 ) T:1 ( 440.831 440.831 440.831 440.831 440.831 440.831 )
2259.576: I:0 (   0.000   0.000   0.000 ) T:1 ( 440.831 440.831 440.831 440.831 440.831 440.831 )
2269.575: I:0 (   0.000   0.000   0.000 ) T:1 ( 440.831 440.831 440.831 440.831 440.831 440.831 )
2279.576: I:0 (   0.000   0.000   0.000 ) T:1 ( 440.831 440.831 440.831 440.831 440.831 440.831 )
2289.573: I:0 (   0.000   0.000   0.000 ) T:1 ( 440.831 440.831 440.831 440.831 440.831 440.831 )
2299.573: I:0 (   0.000   0.000   0.000 ) T:1 ( 440.831 440.831 440.831 440.831 440.831 440.831 )
2309.573: I:0 (   0.000   0.000   0.000 ) T:1 ( 440.831 440.831 440.831 440.831 440.831 440.831 )
2319.568: I:0 (   0.000   0.000   0.000 ) T:1 ( 440.831 440.831 440.831 440.831 440.831 440.831 )
2329.575: I:0 (   0.000   0.000   0.000 ) T:1 ( 440.831 440.831 440.831 440.831 440.831 440.831 )
2339.572: I:0 (   0.000   0.000   0.000 ) T:1 ( 440.831 440.831 440.831 440.831 440.831 440.831 )
2349.567: I:0 (   0.000   0.000   0.000 ) T:1 ( 440.831 440.831 440.831 440.831 440.831 440.831 )
2359.575: I:0 (   0.000   0.000   0.000 ) T:1 ( 440.831 440.831 440.831 440.831 440.831 440.831 )
2369.577: I:0 (   0.000   0.000   0.000 ) T:1 ( 440.831 440.831 440.831 440.831 440.831 440.831 )
2379.576: I:0 (   0.000   0.000   0.000 ) T:1 ( 440.831 440.831 440.831 440.831 440.831 440.831 )
2389.575: I:0 (   0.000   0.000   0.000 ) T:1 ( 440.831 440.831 440.831 440.831 440.831 440.831 )
2399.575: I:0 (   0.000   0.000   0.000 ) T:1 ( 440.831 440.831 440.831 440.831 440.831 440.831 )
2409.576: I:0 (   0.000   0.000   0.000 ) T:1 ( 440.831 440.831 440.831 440.831 440.831 440.831 )
2419.575: I:0 (   0.000   0.000   0.000 ) T:1 ( 440.831 440.831 440.831 440.831 440.831 440.831 )
2429.574: I:0 (   0.000   0.000   0.000 ) T:1 ( 440.831 440.831 440.831 440.831 440.831 440.831 )
2439.574: I:0 (   0.000   0.000   0.000 ) T:1 ( 440.831 440.831 440.831 440.831 440.831 440.831 )
2449.574: I:0 (   0.000   0.000   0.000 ) T:1 ( 440.831 440.831 440.831 440.831 440.831 440.831 )
2459.571: I:0 (   0.000   0.000   0.000 ) T:1 ( 440.831 440.831 440.831 440.831 440.831 440.831 )
2469.575: I:0 (   0.000   0.000   0.000 ) T:1 ( 440.831 440.831 440.831 440.831 440.831 440.831 )
2479.575: I:0 (   0.000   0.000   0.000 ) T:1 ( 440.831 440.831 440.831 440.831 440.831 440.831 )
2489.576: I:0 (   0.000   0.000   0.000 ) T:1 ( 440.831 440.831 440.831 440.831 440.831 440.831 )
2499.572: I:0 (   0.000   0.000   0.000 ) T:1 ( 440.831 440.831 440.831 440.831 440.831 440.831 )
2509.570: I:0 (   0.000   0.000   0.000 ) T:1 ( 440.831 440.831 440.831 440.831 440.831 440.831 )
2519.575: I:0 (   0.000   0.000   0.000 ) T:1 ( 440.831 440.831 440.831 440.831 440.831 440.831 )
2529.576: I:0 (   0.000   0.000   0.000 ) T:1 ( 440.831 440.831 440.831 440.831 440.831 440.831 )
2539.569: I:0 (   0.000   0.000   0.000 ) T:1 ( 440.831 440.831 440.831 440.831 440.831 440.831 )
2549.576: I:0 (   0.000   0.000   0.000 ) T:1 ( 440.831 440.831 440.831 440.831 440.831 440.831 )
2559.576: I:0 (   0.000   0.000   0.000 ) T:1 ( 440.831 440.831 440.831 440.831 440.831 440.831 )
2569.573: I:0 (   0.000   0.000   0.000 ) T:1 ( 440.831 440.831 440.831 440.831 440.831 440.831 )
2579.574: I:0 (   0.000   0.000   0.000 ) T:1 ( 440.831 440.831 440.831 440.831 440.831 440.831 )
2589.576: I:0 (   0.000   0.000   0.000 ) T:1 ( 440.831 440.831 440.831 440.831 440.831 440.831 )
2599.575: I:0 (   0.000   0.000   0.000 ) T:1 ( 440.831 440.831 440.831 440.831 440.831 440.831 )
2609.574: I:0 (   0.000   0.000   0.000 ) T:1 ( 440.831 440.831 440.831 440.831 440.831 440.831 )
2619.574: I:0 (   0.000   0.000   0.000 ) T:1 ( 440.831 440.831 440.831 440.831 440.831 440.831 )
2629.574: I:0 (   0.000   0.000   0.000 ) T:1 ( 440.831 440.831 440.831 440.831 440.831 440.831 )
2639.574: I:0 (   0.000   0.000   0.000 ) T:1 ( 440.831 440.831 440.831 440.831 440.831 440.831 )
2649.568: I:0 (   0.000   0.000   0.000 ) T:1 ( 440.831 440.831 440.831 440.831 440.831 440.831 )
2659.568: I:0 (   0.000   0.000   0.000 ) T:1 ( 440.831 440.831 440.831 440.831 440.831 440.831 )
2669.573: I:0 (   0.000   0.000   0.000 ) T:1 ( 440.831 440.831 440.831 440.831 440.831 440.831 )
2679.573: I:0 (   0.000   0.000   0.000 ) T:1 ( 440.831 440.831 440.831 440.831 440.831 440.831 )
2689.573: I:0 (   0.000   0.000   0.000 ) T:1 ( 440.831 440.831 440.831 440.831 440.831 440.831 )
2699.573: I:0 (   0.000   0.000   0.000 ) T:1 ( 440.831 440.831 440.831 440.831 440.831 440.831 )
2709.568: I:0 (   0.000   0.000   0.000 ) T:1 ( 440.831 440.831 440.831 440.831 440.831 440.831 )
2719.575: I:0 (   0.000   0.000   0.000 ) T:1 ( 440.831 440.831 440.831 440.831 440.831 440.831 )
2729.575: I:0 (   0.000   0.000   0.000 ) T:1 ( 440.831 440.831 440.831 440.831 440.831 440.831 )
2739.575: I:0 (   0.000   0.000   0.000 ) T:1 ( 440.831 440.831 440.831 440.831 440.831 440.831 )
2749.575: I:0 (   0.000   0.000   0.000 ) T:1 ( 440.831 440.831 440.831 440.831 440.831 440.831 )
2759.572: I:0 (   0.000   0.000   0.000 ) T:1 ( 440.831 440.831 440.831 440.831 440.831 440.831 )
2769.576: I:0 (   0.000   0.000   0.000 ) T:1 ( 440.831 440.831 440.831 440.831 440.831 440.831 )
2779.569: I:0 (   0.000   0.000   0.000 ) T:1 ( 440.831 440.831 440.831 440.831 440.831 440.831 )
2789.569: I:0 (   0.000   0.000   0.000 ) T:1 ( 440.831 440.831 440.831 440.831 440.831 440.831 )
2799.574: I:0 (   0.000   0.000   0.000 ) T:1 ( 440.831 440.831 440.831 440.831 440.831 440.831 )
2809.576: I:0 (   0.000   0.000   0.000 ) T:1 ( 440.831 440.831 440.831 440.831 440.831 440.831 )
2819.575: I:0 (   0.000   0.000   0.000 ) T:1 ( 440.831 440.831 440.831 440.831 440.831 440.831 )
2829.574: I:0 (   0.000   0.000   0.000 ) T:1 ( 440.831 440.831 440.831 440.831 440.831 440.831 )
2839.572: I:0 (   0.000   0.000   0.000 ) T:1 ( 440.831 440.831 440.831 440.831 440.831 440.831 )
2849.575: I:0 (   0.000   0.000   0.000 ) T:1 ( 440.831 440.831 440.831 440.831 440.831 440.831 )
2859.576: I:0 (   0.000   0.000   0.000 ) T:1 ( 440.831 440.831 440.831 440.831 440.831 440.831 )
2869.575: I:0 (   0.000   0.000   0.000 ) T:1 ( 440.831 440.831 440.831 440.831 440.831 440.831 )
2879.576: I:0 (   0.000   0.000   0.000 ) T:1 ( 440.831 440.831 440.831 440.831 440.831 440.831 )
2889.576: I:0 (   0.000   0.000   0.000 ) T:1 ( 440.831 440.831 440.831 440.831 440.831 440.831 )
2899.575: I:0 (   0.000   0.000   0.000 ) T:1 ( 440.831 440.831 440.831 440.831 440.831 440.831 )
2909.572: I:0 (   0.000   0.000   0.000 ) T:1 ( 440.831 440.831 440.831 440.831 440.831 440.831 )
2919.575: I:0 (   0.000   0.000   0.000 ) T:1 ( 440.831 440.831 440.831 440.831 440.831 440.831 )
2929.569: I:0 (   0.000   0.000   0.000 ) T:1 ( 440.831 440.831 440.831 440.831 440.831 440.831 )
2939.575: I:0 (   0.000   0.000   0.000 ) T:1 ( 440.831 440.831 440.831 440.831 440.831 440.831 )
2949.577: I:0 (   0.000   0.000   0.000 ) T:1 ( 440.831 440.831 440.831 440.831 440.831 440.831 )
2959.576: I:0 (   0.000   0.000   0.000 ) T:1 ( 440.831 440.831 440.831 440.831 440.831 440.831 )
2969.575: I:0 (   0.000   0.000   0.000 ) T:1 ( 440.831 440.831 440.831 440.831 440.831 440.831 )
2979.575: I:0 (   0.000   0.000   0.000 ) T:1 ( 440.831 440.831 440.831 440.831 440.831 440.831 )
2989.577: I:0 (   0.000   0.000   0.000 ) T:1 ( 440.831 440.831 440.831 440.831 440.831 440.831 )
2999.574: I:0 (   0.000   0.000   0.000 ) T:1 ( 440.831 440.831 440.831 440.831 440.831 440.831 )
3009.577: I:0 (   0.000   0.000   0.000 ) T:1 ( 440.831 440.831 440.831 440.831 440.831 440.831 )
3019.569: I:0 (   0.000   0.000   0.000 ) T:1 ( 440.831 440.831 440.831 440.831 440.831 440.831 )
3029.568: I:0 (   0.000   0.000   0.000 ) T:1 ( 440.831 440.831 440.831 440.831 440.831 440.831 )
3039.569: I:0 (   0.000   0.000   0.000 ) T:1 ( 440.831 440.831 440.831 440.831 440.831 440.831 )
3049.576: I:0 (   0.000   0.000   0.000 ) T:1 ( 440.831 440.831 440.831 440.831 440.831 440.831 )
3059.573: I:0 (   0.000   0.000   0.000 ) T:1 ( 440.831 440.831 440.831 440.831 440.831 440.831 )
3069.577: I:0 (   0.000   0.000   0.000 ) T:1 ( 440.831 440.831 440.831 440.831 440.831 440.831 )
3079.575: I:0 (   0.000   0.000   0.000 ) T:1 ( 440.831 440.831 440.831 440.831 440.831 440.831 )
3089.577: I:0 (   0.000   0.000   0.000 ) T:1 ( 440.831 440.831 440.831 440.831 440.831 440.831 )
3099.574: I:0 (   0.000   0.000   0.000 ) T:1 ( 440.831 440.831 440.831 440.831 440.831 440.831 )
3109.575: I:0 (   0.000   0.000   0.000 ) T:1 ( 440.831 440.831 440.831 440.831 440.831 440.831 )
3119.575: I:0 (   0.000   0.000   0.000 ) T:1 ( 440.831 440.831 440.831 440.831 440.831 440.831 )
3124.202: I:0 (   0.000   0.000   0.000 ) T:1 ( 440.831 440.831 440.831 440.831 440.831 440.831 )
3124.244: I:0 (   0.000   0.000   0.000 ) T:1 ( 440.831 440.831 440.831 440.831 440.831 440.831 )
