#[Interval percentile log between 0.000 and <Infinite> seconds (relative to StartTime)]
#[StartTime: 1524497703.598 (seconds since epoch), Mon Apr 23 17:35:03 CEST 2018]
Time: IntervalPercentiles:count ( 50% 90% Max ) TotalPercentiles:count ( 50% 90% 99% 99.9% 99.99% Max )
7.734: I:65 ( 116.351 174.207 433.919 ) T:65 ( 116.351 174.207 433.919 433.919 433.919 433.919 )
17.703: I:76 ( 125.247 158.975 198.911 ) T:141 ( 121.727 169.599 247.295 433.919 433.919 433.919 )
27.703: I:76 ( 126.399 174.719 219.007 ) T:217 ( 124.543 169.983 219.007 433.919 433.919 433.919 )
37.698: I:78 ( 115.903 158.079 328.959 ) T:295 ( 121.151 166.783 247.295 433.919 433.919 433.919 )
47.696: I:85 ( 107.903 153.343 194.175 ) T:380 ( 117.439 159.359 236.927 433.919 433.919 433.919 )
57.696: I:80 ( 113.343 164.607 244.351 ) T:460 ( 116.991 164.095 236.927 433.919 433.919 433.919 )
67.698: I:78 ( 116.479 168.959 326.143 ) T:538 ( 116.991 164.223 236.927 433.919 433.919 433.919 )
77.701: I:82 ( 107.711 157.055 248.703 ) T:620 ( 116.159 162.815 236.927 433.919 433.919 433.919 )
87.698: I:81 ( 113.279 157.951 285.183 ) T:701 ( 115.903 159.359 244.351 433.919 433.919 433.919 )
97.699: I:79 ( 115.455 166.655 358.911 ) T:780 ( 115.903 163.071 268.287 433.919 433.919 433.919 )
107.696: I:84 ( 113.023 153.471 190.079 ) T:864 ( 115.647 159.359 248.703 433.919 433.919 433.919 )
117.698: I:81 ( 112.895 158.847 188.671 ) T:945 ( 115.455 159.103 247.295 433.919 433.919 433.919 )
127.698: I:83 ( 108.095 162.431 217.983 ) T:1028 ( 114.751 159.231 244.351 358.911 433.919 433.919 )
137.697: I:86 ( 108.223 147.711 195.967 ) T:1114 ( 114.047 158.719 236.927 358.911 433.919 433.919 )
147.699: I:86 ( 112.703 143.359 211.071 ) T:1200 ( 113.983 157.951 227.455 358.911 433.919 433.919 )
157.693: I:85 ( 108.223 152.063 217.599 ) T:1285 ( 113.727 157.695 227.455 358.911 433.919 433.919 )
167.697: I:80 ( 117.759 162.303 188.671 ) T:1365 ( 113.791 158.079 219.007 358.911 433.919 433.919 )
177.694: I:83 ( 108.223 153.343 219.263 ) T:1448 ( 113.599 157.951 219.007 358.911 433.919 433.919 )
187.695: I:84 ( 108.991 155.263 244.351 ) T:1532 ( 113.599 157.951 219.007 358.911 433.919 433.919 )
197.696: I:83 ( 112.895 153.471 193.919 ) T:1615 ( 113.535 157.695 217.983 358.911 433.919 433.919 )
207.697: I:86 ( 104.447 148.863 202.495 ) T:1701 ( 113.407 157.439 217.599 358.911 433.919 433.919 )
217.696: I:83 ( 113.215 156.799 214.015 ) T:1784 ( 113.343 157.439 217.599 358.911 433.919 433.919 )
227.696: I:85 ( 108.031 159.231 199.935 ) T:1869 ( 113.215 157.695 214.015 358.911 433.919 433.919 )
237.697: I:87 ( 102.911 153.855 232.703 ) T:1956 ( 113.023 157.055 214.015 358.911 433.919 433.919 )
247.697: I:88 ( 104.895 143.615 202.751 ) T:2044 ( 112.959 156.159 212.095 328.959 433.919 433.919 )
257.696: I:87 ( 106.047 144.895 230.015 ) T:2131 ( 112.895 155.775 212.095 328.959 433.919 433.919 )
267.696: I:82 ( 108.159 154.495 184.831 ) T:2213 ( 112.895 155.775 211.071 328.959 433.919 433.919 )
277.695: I:86 ( 108.223 152.319 205.567 ) T:2299 ( 112.703 155.519 211.071 328.959 433.919 433.919 )
287.698: I:83 ( 111.807 153.855 202.495 ) T:2382 ( 112.639 155.519 209.279 328.959 433.919 433.919 )
297.696: I:87 ( 108.159 148.991 195.711 ) T:2469 ( 112.255 155.263 208.511 328.959 433.919 433.919 )
307.702: I:83 ( 108.031 156.671 254.591 ) T:2552 ( 112.191 155.263 209.279 328.959 433.919 433.919 )
317.704: I:86 ( 105.599 145.279 215.807 ) T:2638 ( 111.743 155.135 209.279 328.959 433.919 433.919 )
327.696: I:91 ( 102.975 138.623 184.703 ) T:2729 ( 110.847 154.623 208.511 328.959 433.919 433.919 )
337.694: I:88 ( 104.127 153.343 214.015 ) T:2817 ( 109.247 154.623 208.511 328.959 433.919 433.919 )
347.697: I:84 ( 111.487 149.247 232.319 ) T:2901 ( 109.631 154.367 208.511 328.959 433.919 433.919 )
357.696: I:88 ( 103.231 148.607 189.055 ) T:2989 ( 108.799 154.111 208.511 328.959 433.919 433.919 )
367.697: I:88 ( 103.231 153.471 167.167 ) T:3077 ( 108.671 153.983 207.871 326.143 433.919 433.919 )
377.697: I:87 ( 104.511 148.607 199.039 ) T:3164 ( 108.543 153.983 206.719 326.143 433.919 433.919 )
387.698: I:87 ( 105.599 146.431 198.527 ) T:3251 ( 108.543 153.855 206.463 326.143 433.919 433.919 )
397.689: I:85 ( 104.511 143.487 209.279 ) T:3336 ( 108.351 153.855 206.463 326.143 433.919 433.919 )
407.696: I:87 ( 108.287 144.511 183.807 ) T:3423 ( 108.351 153.727 205.567 326.143 433.919 433.919 )
417.696: I:85 ( 107.775 153.471 213.375 ) T:3508 ( 108.351 153.727 205.567 326.143 433.919 433.919 )
427.697: I:88 ( 103.295 148.735 199.039 ) T:3596 ( 108.287 153.727 205.567 326.143 433.919 433.919 )
437.696: I:87 ( 102.911 148.863 183.935 ) T:3683 ( 108.223 153.727 205.439 326.143 433.919 433.919 )
447.696: I:86 ( 106.431 153.215 179.071 ) T:3769 ( 108.223 153.599 204.927 326.143 433.919 433.919 )
457.691: I:84 ( 106.367 153.471 203.391 ) T:3853 ( 108.223 153.599 204.543 326.143 433.919 433.919 )
467.695: I:85 ( 111.871 159.615 189.055 ) T:3938 ( 108.223 153.599 204.159 326.143 433.919 433.919 )
477.696: I:87 ( 112.767 146.303 168.831 ) T:4025 ( 108.223 153.599 204.031 285.183 433.919 433.919 )
487.696: I:89 ( 104.191 148.607 168.959 ) T:4114 ( 108.223 153.471 203.391 285.183 433.919 433.919 )
497.696: I:84 ( 108.159 155.775 188.927 ) T:4198 ( 108.223 153.599 203.391 285.183 433.919 433.919 )
507.696: I:87 ( 106.623 155.391 226.943 ) T:4285 ( 108.223 153.599 203.391 285.183 433.919 433.919 )
517.695: I:85 ( 114.687 148.223 183.551 ) T:4370 ( 108.223 153.471 202.751 285.183 433.919 433.919 )
527.698: I:86 ( 108.287 145.151 229.503 ) T:4456 ( 108.223 153.471 203.391 285.183 433.919 433.919 )
537.690: I:85 ( 109.695 158.847 199.551 ) T:4541 ( 108.223 153.471 202.751 285.183 433.919 433.919 )
547.689: I:84 ( 112.895 145.919 178.943 ) T:4625 ( 108.287 153.471 202.495 285.183 433.919 433.919 )
557.695: I:79 ( 113.023 153.727 348.927 ) T:4704 ( 108.287 153.471 202.751 326.143 433.919 433.919 )
567.698: I:85 ( 112.831 148.607 179.839 ) T:4789 ( 108.287 153.471 202.751 326.143 433.919 433.919 )
577.696: I:82 ( 112.895 158.335 274.687 ) T:4871 ( 108.287 153.471 203.391 326.143 433.919 433.919 )
587.694: I:81 ( 118.335 163.455 269.567 ) T:4952 ( 108.351 153.471 204.031 326.143 433.919 433.919 )
597.696: I:86 ( 108.351 151.039 209.407 ) T:5038 ( 108.351 153.471 204.031 285.183 433.919 433.919 )
607.698: I:77 ( 118.271 177.279 269.055 ) T:5115 ( 108.479 153.599 204.543 285.183 433.919 433.919 )
617.698: I:81 ( 118.399 153.343 319.487 ) T:5196 ( 108.543 153.599 204.927 319.487 433.919 433.919 )
627.697: I:82 ( 113.087 154.751 200.447 ) T:5278 ( 108.671 153.599 204.543 319.487 433.919 433.919 )
637.695: I:82 ( 118.399 158.847 209.535 ) T:5360 ( 108.671 153.599 204.543 319.487 433.919 433.919 )
647.697: I:81 ( 118.463 153.471 239.743 ) T:5441 ( 108.799 153.599 204.543 319.487 433.919 433.919 )
657.697: I:84 ( 112.831 150.655 228.223 ) T:5525 ( 108.991 153.599 204.543 319.487 433.919 433.919 )
667.694: I:83 ( 118.463 152.959 187.647 ) T:5608 ( 109.311 153.599 204.287 319.487 433.919 433.919 )
677.696: I:83 ( 112.063 158.847 265.215 ) T:5691 ( 109.375 153.599 204.543 319.487 433.919 433.919 )
687.692: I:64 ( 119.551 358.399 405.247 ) T:5755 ( 109.695 153.727 208.511 372.735 433.919 433.919 )
697.697: I:85 ( 111.551 143.871 253.183 ) T:5840 ( 109.695 153.727 209.279 372.735 433.919 433.919 )
707.696: I:83 ( 113.087 152.191 189.439 ) T:5923 ( 110.399 153.727 208.511 372.735 433.919 433.919 )
717.696: I:81 ( 119.231 156.415 216.959 ) T:6004 ( 110.847 153.727 208.511 364.287 433.919 433.919 )
727.696: I:79 ( 118.463 167.423 355.071 ) T:6083 ( 111.423 153.727 209.279 364.287 433.919 433.919 )
737.697: I:85 ( 113.279 145.279 189.439 ) T:6168 ( 111.615 153.727 208.511 364.287 433.919 433.919 )
747.696: I:82 ( 113.215 154.367 238.591 ) T:6250 ( 111.679 153.727 208.511 364.287 433.919 433.919 )
757.696: I:83 ( 112.959 159.615 189.183 ) T:6333 ( 111.743 153.727 207.871 364.287 433.919 433.919 )
767.696: I:83 ( 115.711 153.599 224.127 ) T:6416 ( 111.743 153.727 207.871 364.287 433.919 433.919 )
777.701: I:77 ( 122.943 173.439 286.207 ) T:6493 ( 111.807 153.855 209.279 364.287 433.919 433.919 )
787.697: I:81 ( 121.663 153.343 200.319 ) T:6574 ( 111.935 153.727 208.511 364.287 433.919 433.919 )
797.689: I:81 ( 113.983 157.311 244.479 ) T:6655 ( 111.999 153.855 209.279 364.287 433.919 433.919 )
807.696: I:85 ( 113.343 150.015 185.215 ) T:6740 ( 111.999 153.727 209.279 364.287 433.919 433.919 )
817.696: I:83 ( 113.087 152.447 189.439 ) T:6823 ( 112.063 153.727 208.511 364.287 433.919 433.919 )
827.696: I:81 ( 113.535 163.455 293.887 ) T:6904 ( 112.063 153.855 209.279 364.287 433.919 433.919 )
837.696: I:82 ( 112.831 158.975 230.015 ) T:6986 ( 112.127 153.855 209.279 364.287 433.919 433.919 )
847.696: I:84 ( 113.087 153.599 199.807 ) T:7070 ( 112.191 153.855 209.279 358.911 433.919 433.919 )
857.697: I:87 ( 108.479 145.407 207.999 ) T:7157 ( 112.191 153.727 208.511 358.911 433.919 433.919 )
867.697: I:81 ( 121.791 149.247 287.487 ) T:7238 ( 112.447 153.727 208.511 358.911 433.919 433.919 )
877.688: I:85 ( 108.287 155.007 205.055 ) T:7323 ( 112.319 153.727 207.999 358.911 433.919 433.919 )
887.691: I:79 ( 118.527 160.383 350.975 ) T:7402 ( 112.575 153.727 207.999 358.911 433.919 433.919 )
897.694: I:77 ( 121.855 159.103 366.591 ) T:7479 ( 112.767 153.855 209.279 364.287 433.919 433.919 )
907.697: I:82 ( 119.103 152.575 199.551 ) T:7561 ( 112.767 153.855 209.279 364.287 433.919 433.919 )
917.698: I:83 ( 111.871 143.743 186.751 ) T:7644 ( 112.767 153.855 209.279 364.287 433.919 433.919 )
927.695: I:81 ( 113.279 158.975 232.319 ) T:7725 ( 112.767 153.855 209.279 364.287 433.919 433.919 )
937.689: I:82 ( 112.831 162.559 234.623 ) T:7807 ( 112.767 153.855 209.279 364.287 433.919 433.919 )
947.694: I:88 ( 104.703 143.487 187.519 ) T:7895 ( 112.767 153.855 209.279 364.287 433.919 433.919 )
957.696: I:82 ( 108.415 148.991 437.247 ) T:7977 ( 112.767 153.855 209.279 366.591 437.247 437.247 )
967.695: I:85 ( 108.479 154.239 206.975 ) T:8062 ( 112.767 153.855 208.511 364.287 437.247 437.247 )
977.691: I:81 ( 113.599 157.183 304.383 ) T:8143 ( 112.767 153.855 209.279 364.287 437.247 437.247 )
987.696: I:85 ( 111.999 145.151 226.687 ) T:8228 ( 112.767 153.855 209.279 364.287 437.247 437.247 )
997.696: I:85 ( 108.735 153.471 193.919 ) T:8313 ( 112.767 153.727 209.151 364.287 437.247 437.247 )
1007.693: I:80 ( 113.087 154.367 335.359 ) T:8393 ( 112.767 153.855 209.279 364.287 437.247 437.247 )
1017.698: I:84 ( 102.975 154.239 350.207 ) T:8477 ( 112.703 153.855 209.407 364.287 437.247 437.247 )
1027.696: I:87 ( 103.743 143.231 245.247 ) T:8564 ( 112.383 153.727 209.407 364.287 437.247 437.247 )
1037.696: I:82 ( 118.527 153.343 243.583 ) T:8646 ( 112.575 153.727 209.535 364.287 437.247 437.247 )
1047.699: I:83 ( 108.415 162.559 244.223 ) T:8729 ( 112.447 153.727 209.535 364.287 437.247 437.247 )
1057.693: I:83 ( 111.999 158.975 199.295 ) T:8812 ( 112.447 153.727 209.535 364.287 437.247 437.247 )
1067.697: I:85 ( 112.895 143.487 201.215 ) T:8897 ( 112.511 153.727 209.535 364.287 437.247 437.247 )
1077.689: I:85 ( 108.287 152.447 255.743 ) T:8982 ( 112.319 153.727 209.535 364.287 437.247 437.247 )
1087.696: I:85 ( 113.279 148.863 163.327 ) T:9067 ( 112.511 153.727 209.407 358.911 437.247 437.247 )
1097.695: I:85 ( 105.983 148.735 199.167 ) T:9152 ( 112.319 153.727 209.407 358.911 437.247 437.247 )
1107.688: I:83 ( 118.463 148.735 224.255 ) T:9235 ( 112.639 153.727 209.407 358.911 437.247 437.247 )
1117.699: I:84 ( 108.415 149.887 269.311 ) T:9319 ( 112.575 153.727 209.407 358.911 437.247 437.247 )
1127.696: I:85 ( 108.351 148.863 183.551 ) T:9404 ( 112.511 153.599 209.407 358.911 437.247 437.247 )
1137.691: I:85 ( 112.063 145.151 189.055 ) T:9489 ( 112.511 153.599 209.407 358.911 437.247 437.247 )
1147.696: I:82 ( 108.479 158.975 260.095 ) T:9571 ( 112.447 153.599 209.535 358.911 437.247 437.247 )
1157.695: I:80 ( 128.447 153.471 250.623 ) T:9651 ( 112.703 153.599 209.535 358.911 437.247 437.247 )
1167.697: I:84 ( 112.895 146.559 169.087 ) T:9735 ( 112.703 153.599 209.535 358.911 437.247 437.247 )
1177.696: I:83 ( 113.215 157.567 245.631 ) T:9818 ( 112.703 153.599 209.535 358.911 437.247 437.247 )
1187.695: I:79 ( 122.943 158.975 249.599 ) T:9897 ( 112.767 153.599 211.071 358.911 437.247 437.247 )
1197.696: I:80 ( 118.527 154.623 188.799 ) T:9977 ( 112.767 153.599 209.535 358.911 437.247 437.247 )
1207.696: I:79 ( 122.303 162.431 259.839 ) T:10056 ( 112.767 153.599 209.535 358.399 433.919 437.247 )
1217.692: I:38 ( 159.231 293.375 595.455 ) T:10094 ( 112.831 153.727 214.015 364.287 437.247 595.455 )
1227.696: I:52 ( 121.919 160.127 6950.911 ) T:10146 ( 112.831 153.727 214.015 366.591 595.455 6950.911 )
1237.696: I:80 ( 115.327 159.103 264.447 ) T:10226 ( 112.831 153.727 214.015 366.591 595.455 6950.911 )
1247.697: I:79 ( 118.527 165.375 347.135 ) T:10305 ( 112.831 153.855 215.807 366.591 595.455 6950.911 )
1257.696: I:81 ( 118.463 153.343 169.215 ) T:10386 ( 112.831 153.855 215.807 366.591 595.455 6950.911 )
1267.696: I:82 ( 114.047 151.935 301.311 ) T:10468 ( 112.831 153.727 215.807 366.591 595.455 6950.911 )
1277.694: I:80 ( 118.015 158.975 213.887 ) T:10548 ( 112.831 153.855 214.399 366.591 595.455 6950.911 )
1287.696: I:81 ( 118.591 162.431 189.311 ) T:10629 ( 112.895 153.855 214.015 366.591 595.455 6950.911 )
1297.695: I:76 ( 122.751 164.479 290.559 ) T:10705 ( 112.895 153.855 214.015 366.591 595.455 6950.911 )
1307.689: I:76 ( 118.463 164.223 431.615 ) T:10781 ( 112.895 153.983 216.575 372.735 595.455 6950.911 )
1317.698: I:80 ( 117.375 158.975 179.455 ) T:10861 ( 112.895 153.983 215.807 372.735 595.455 6950.911 )
1327.696: I:83 ( 109.759 158.975 194.815 ) T:10944 ( 112.895 153.983 214.399 372.735 595.455 6950.911 )
1337.696: I:82 ( 114.367 158.847 199.039 ) T:11026 ( 112.895 153.983 214.015 366.591 595.455 6950.911 )
1347.696: I:82 ( 113.151 149.119 192.639 ) T:11108 ( 112.895 153.983 214.015 366.591 595.455 6950.911 )
1357.696: I:81 ( 116.479 163.327 210.047 ) T:11189 ( 112.895 154.111 214.015 366.591 595.455 6950.911 )
1367.695: I:82 ( 116.159 153.343 199.295 ) T:11271 ( 112.895 153.983 213.887 366.591 595.455 6950.911 )
1377.697: I:83 ( 112.703 153.215 187.647 ) T:11354 ( 112.895 153.983 213.375 366.591 595.455 6950.911 )
1387.696: I:80 ( 117.247 159.231 227.071 ) T:11434 ( 112.895 153.983 213.887 366.591 595.455 6950.911 )
1397.689: I:83 ( 114.495 153.471 173.695 ) T:11517 ( 112.895 153.983 213.375 366.591 595.455 6950.911 )
1407.696: I:80 ( 113.727 150.015 415.999 ) T:11597 ( 112.895 153.983 213.887 372.735 595.455 6950.911 )
1417.698: I:79 ( 119.103 175.743 212.735 ) T:11676 ( 112.895 154.111 213.375 372.735 595.455 6950.911 )
1427.689: I:82 ( 112.895 153.855 217.471 ) T:11758 ( 112.895 154.111 213.375 372.735 595.455 6950.911 )
1437.696: I:83 ( 114.879 153.215 163.839 ) T:11841 ( 112.959 153.983 213.375 372.735 595.455 6950.911 )
1447.696: I:79 ( 118.655 159.743 287.999 ) T:11920 ( 112.959 153.983 213.375 372.735 595.455 6950.911 )
1457.694: I:78 ( 115.007 177.535 294.655 ) T:11998 ( 112.959 154.111 214.015 372.735 595.455 6950.911 )
1467.694: I:82 ( 118.591 159.231 219.391 ) T:12080 ( 112.959 154.111 214.015 366.591 595.455 6950.911 )
1477.693: I:79 ( 122.815 159.231 192.639 ) T:12159 ( 112.959 154.239 213.887 366.591 595.455 6950.911 )
1487.695: I:81 ( 119.679 157.183 209.535 ) T:12240 ( 112.959 154.239 213.375 366.591 595.455 6950.911 )
1497.696: I:83 ( 113.855 154.367 189.311 ) T:12323 ( 112.959 154.239 213.375 366.591 595.455 6950.911 )
1507.696: I:76 ( 114.047 189.183 438.015 ) T:12399 ( 112.959 154.239 215.807 372.735 595.455 6950.911 )
1517.697: I:82 ( 114.687 153.087 203.775 ) T:12481 ( 112.959 154.239 214.399 372.735 595.455 6950.911 )
1527.696: I:83 ( 112.831 153.215 193.663 ) T:12564 ( 112.959 154.239 214.015 372.735 595.455 6950.911 )
1537.696: I:85 ( 111.807 145.279 304.639 ) T:12649 ( 112.959 154.239 214.015 372.735 595.455 6950.911 )
1547.696: I:82 ( 113.087 153.727 200.319 ) T:12731 ( 112.959 154.239 214.015 372.735 595.455 6950.911 )
1557.695: I:83 ( 112.895 151.295 364.543 ) T:12814 ( 112.959 154.111 214.015 372.735 595.455 6950.911 )
1567.696: I:80 ( 118.463 166.399 249.215 ) T:12894 ( 112.959 154.239 214.015 372.735 595.455 6950.911 )
1577.693: I:78 ( 115.519 157.567 322.815 ) T:12972 ( 112.959 154.239 216.575 372.735 595.455 6950.911 )
1587.690: I:83 ( 112.895 156.415 190.207 ) T:13055 ( 112.959 154.239 215.807 366.591 595.455 6950.911 )
1597.696: I:87 ( 104.575 148.735 199.167 ) T:13142 ( 112.959 154.111 214.399 366.591 595.455 6950.911 )
1607.698: I:79 ( 113.151 169.087 219.647 ) T:13221 ( 112.959 154.239 214.399 366.591 595.455 6950.911 )
1617.696: I:83 ( 107.135 148.863 477.183 ) T:13304 ( 112.959 154.111 215.807 372.735 595.455 6950.911 )
1627.696: I:82 ( 118.399 158.975 192.767 ) T:13386 ( 112.959 154.239 215.807 372.735 595.455 6950.911 )
1637.697: I:86 ( 106.623 148.991 219.903 ) T:13472 ( 112.959 154.111 215.807 372.735 595.455 6950.911 )
1647.696: I:85 ( 106.047 153.343 244.735 ) T:13557 ( 112.959 154.111 216.575 372.735 595.455 6950.911 )
1657.696: I:84 ( 108.351 153.215 193.791 ) T:13641 ( 112.959 154.111 215.807 372.735 595.455 6950.911 )
1667.696: I:84 ( 112.895 153.343 197.503 ) T:13725 ( 112.959 154.111 214.399 372.735 595.455 6950.911 )
1677.692: I:82 ( 112.959 148.863 271.359 ) T:13807 ( 112.959 153.983 215.807 372.735 595.455 6950.911 )
1687.696: I:84 ( 108.479 153.471 187.519 ) T:13891 ( 112.959 153.983 215.807 372.735 595.455 6950.911 )
1697.696: I:83 ( 108.863 153.599 296.447 ) T:13974 ( 112.959 153.983 216.959 372.735 595.455 6950.911 )
1707.694: I:84 ( 108.415 148.863 194.175 ) T:14058 ( 112.959 153.983 216.575 366.591 595.455 6950.911 )
1717.696: I:84 ( 111.871 153.343 199.423 ) T:14142 ( 112.959 153.983 215.807 366.591 595.455 6950.911 )
1727.692: I:84 ( 104.959 154.751 193.791 ) T:14226 ( 112.959 153.983 214.399 366.591 595.455 6950.911 )
1737.699: I:87 ( 108.351 151.679 170.623 ) T:14313 ( 112.895 153.983 214.015 366.591 595.455 6950.911 )
1747.696: I:83 ( 112.959 149.375 193.663 ) T:14396 ( 112.895 153.855 214.015 366.591 595.455 6950.911 )
1757.691: I:81 ( 122.047 153.343 199.423 ) T:14477 ( 112.959 153.855 214.015 366.591 595.455 6950.911 )
1767.697: I:83 ( 108.415 163.327 183.807 ) T:14560 ( 112.959 153.983 214.015 366.591 595.455 6950.911 )
1777.693: I:84 ( 106.047 153.471 199.423 ) T:14644 ( 112.895 153.855 213.887 366.591 595.455 6950.911 )
1787.696: I:84 ( 111.807 153.471 260.095 ) T:14728 ( 112.895 153.855 213.887 366.591 595.455 6950.911 )
1797.689: I:84 ( 104.639 163.455 199.295 ) T:14812 ( 112.895 153.855 213.375 366.591 595.455 6950.911 )
1807.695: I:85 ( 108.415 148.991 199.807 ) T:14897 ( 112.895 153.855 213.375 366.591 595.455 6950.911 )
1817.689: I:87 ( 103.679 148.863 232.831 ) T:14984 ( 112.895 153.855 213.375 366.591 595.455 6950.911 )
1827.696: I:83 ( 106.879 154.495 371.199 ) T:15067 ( 112.895 153.855 213.375 366.591 595.455 6950.911 )
1837.696: I:80 ( 116.735 158.079 278.015 ) T:15147 ( 112.895 153.983 213.887 366.591 595.455 6950.911 )
1847.696: I:87 ( 102.911 148.991 247.807 ) T:15234 ( 112.895 153.855 214.015 366.591 595.455 6950.911 )
1857.696: I:83 ( 108.607 153.343 193.663 ) T:15317 ( 112.895 153.855 213.887 366.591 595.455 6950.911 )
1867.694: I:83 ( 108.415 154.367 239.871 ) T:15400 ( 112.895 153.983 213.887 366.591 595.455 6950.911 )
1877.696: I:83 ( 108.479 152.447 229.631 ) T:15483 ( 112.895 153.855 214.015 366.591 595.455 6950.911 )
1887.696: I:83 ( 111.935 156.287 195.967 ) T:15566 ( 112.895 153.855 213.887 366.591 595.455 6950.911 )
1897.696: I:42 ( 161.663 392.959 418.815 ) T:15608 ( 112.895 154.111 220.543 394.239 595.455 6950.911 )
1907.696: I:27 ( 380.415 435.455 465.919 ) T:15635 ( 112.895 154.367 230.015 410.623 595.455 6950.911 )
1917.697: I:70 ( 123.071 186.623 451.839 ) T:15705 ( 112.895 154.495 232.319 415.999 595.455 6950.911 )
1927.688: I:79 ( 118.399 163.455 296.959 ) T:15784 ( 112.895 154.495 232.831 415.999 595.455 6950.911 )
1937.696: I:78 ( 114.175 168.959 259.967 ) T:15862 ( 112.895 154.623 232.831 415.999 595.455 6950.911 )
1947.696: I:82 ( 112.895 150.143 350.719 ) T:15944 ( 112.895 154.495 232.831 415.999 595.455 6950.911 )
1957.688: I:84 ( 118.911 148.991 194.687 ) T:16028 ( 112.895 154.495 232.703 410.623 595.455 6950.911 )
1967.697: I:84 ( 109.951 153.599 193.151 ) T:16112 ( 112.895 154.495 232.319 410.623 595.455 6950.911 )
1977.701: I:80 ( 122.239 159.871 208.383 ) T:16192 ( 112.895 154.495 232.319 410.623 595.455 6950.911 )
1987.696: I:80 ( 113.279 157.439 237.567 ) T:16272 ( 112.959 154.495 232.319 410.623 595.455 6950.911 )
1997.695: I:82 ( 118.527 153.599 197.119 ) T:16354 ( 112.959 154.495 232.319 410.623 595.455 6950.911 )
2007.694: I:80 ( 113.023 162.303 213.759 ) T:16434 ( 112.959 154.623 232.191 410.623 595.455 6950.911 )
2017.693: I:81 ( 118.271 155.391 199.423 ) T:16515 ( 112.959 154.623 230.527 410.623 595.455 6950.911 )
2027.695: I:82 ( 113.087 153.599 169.215 ) T:16597 ( 112.959 154.623 230.527 410.623 595.455 6950.911 )
2037.696: I:81 ( 113.471 156.543 242.943 ) T:16678 ( 112.959 154.623 232.191 410.623 595.455 6950.911 )
2047.699: I:83 ( 108.415 153.727 277.759 ) T:16761 ( 112.959 154.623 232.191 410.623 595.455 6950.911 )
2057.695: I:83 ( 118.399 153.599 189.183 ) T:16844 ( 112.959 154.623 230.527 410.623 595.455 6950.911 )
2067.696: I:82 ( 112.703 153.215 196.863 ) T:16926 ( 112.959 154.623 230.015 410.623 595.455 6950.911 )
2077.693: I:80 ( 118.399 164.735 251.263 ) T:17006 ( 112.959 154.623 230.015 410.623 595.455 6950.911 )
2087.695: I:85 ( 108.543 153.983 179.199 ) T:17091 ( 112.959 154.623 230.015 410.623 595.455 6950.911 )
2097.695: I:81 ( 118.527 153.471 244.863 ) T:17172 ( 112.959 154.623 230.015 410.623 595.455 6950.911 )
2107.695: I:81 ( 117.759 153.727 189.311 ) T:17253 ( 112.959 154.495 230.015 410.623 595.455 6950.911 )
2117.696: I:79 ( 115.327 159.743 266.495 ) T:17332 ( 112.959 154.623 230.015 410.623 595.455 6950.911 )
2127.696: I:62 ( 152.831 231.679 326.911 ) T:17394 ( 112.959 155.007 232.703 410.623 595.455 6950.911 )
2137.697: I:39 ( 119.807 174.079 5136.383 ) T:17433 ( 112.959 155.007 232.831 410.623 5136.383 6950.911 )
2147.697: I:80 ( 119.423 158.847 188.927 ) T:17513 ( 112.959 155.135 232.703 410.623 5136.383 6950.911 )
2157.698: I:83 ( 113.151 153.983 335.359 ) T:17596 ( 112.959 155.135 232.831 410.623 5136.383 6950.911 )
2167.697: I:82 ( 112.959 153.983 254.847 ) T:17678 ( 112.959 155.135 232.831 410.623 5136.383 6950.911 )
2177.696: I:84 ( 112.191 153.599 199.167 ) T:17762 ( 112.959 155.007 232.703 410.623 5136.383 6950.911 )
2187.694: I:86 ( 108.223 149.759 205.951 ) T:17848 ( 112.959 155.007 232.319 410.623 5136.383 6950.911 )
2197.696: I:82 ( 114.879 158.463 193.791 ) T:17930 ( 112.959 155.007 232.319 410.623 5136.383 6950.911 )
2207.696: I:85 ( 114.047 155.135 188.031 ) T:18015 ( 112.959 155.007 232.191 410.623 5136.383 6950.911 )
2217.697: I:79 ( 118.527 158.591 254.591 ) T:18094 ( 112.959 155.007 232.319 410.623 5136.383 6950.911 )
2227.694: I:86 ( 104.767 152.191 219.519 ) T:18180 ( 112.959 155.007 232.191 410.623 5136.383 6950.911 )
2237.694: I:84 ( 111.935 153.727 182.399 ) T:18264 ( 112.959 155.007 232.063 410.623 5136.383 6950.911 )
2247.696: I:83 ( 108.287 155.519 264.703 ) T:18347 ( 112.959 155.007 232.319 410.623 5136.383 6950.911 )
2257.697: I:82 ( 112.703 153.471 206.463 ) T:18429 ( 112.959 155.007 232.191 410.623 5136.383 6950.911 )
2267.693: I:85 ( 108.415 153.727 197.631 ) T:18514 ( 112.959 154.879 232.063 410.623 5136.383 6950.911 )
2277.695: I:82 ( 110.015 148.863 244.479 ) T:18596 ( 112.959 154.751 232.191 410.623 5136.383 6950.911 )
2287.695: I:85 ( 108.415 163.711 210.303 ) T:18681 ( 112.959 154.879 232.063 410.623 5136.383 6950.911 )
2297.692: I:83 ( 108.479 153.599 206.719 ) T:18764 ( 112.959 154.751 231.679 410.623 5136.383 6950.911 )
2307.695: I:84 ( 108.223 153.343 248.575 ) T:18848 ( 112.959 154.751 231.679 410.623 5136.383 6950.911 )
2317.696: I:83 ( 113.343 153.471 189.055 ) T:18931 ( 112.959 154.751 230.527 410.623 5136.383 6950.911 )
2327.693: I:83 ( 114.879 153.599 172.415 ) T:19014 ( 112.959 154.751 230.015 405.759 5136.383 6950.911 )
2337.695: I:81 ( 123.263 148.735 247.423 ) T:19095 ( 112.959 154.623 231.679 405.759 5136.383 6950.911 )
2347.696: I:82 ( 113.407 148.863 202.751 ) T:19177 ( 112.959 154.623 230.527 405.759 5136.383 6950.911 )
2357.694: I:81 ( 113.471 158.847 204.159 ) T:19258 ( 112.959 154.623 230.015 405.759 5136.383 6950.911 )
2367.696: I:82 ( 113.087 153.599 280.063 ) T:19340 ( 112.959 154.623 231.679 405.759 5136.383 6950.911 )
2377.695: I:82 ( 113.023 157.183 199.807 ) T:19422 ( 112.959 154.623 230.527 405.759 5136.383 6950.911 )
2387.696: I:83 ( 108.287 153.471 364.543 ) T:19505 ( 112.959 154.623 230.527 405.759 5136.383 6950.911 )
2397.696: I:81 ( 117.887 153.727 253.951 ) T:19586 ( 112.959 154.623 231.679 405.759 5136.383 6950.911 )
2407.696: I:83 ( 112.959 159.103 217.087 ) T:19669 ( 112.959 154.623 230.527 405.759 5136.383 6950.911 )
2417.696: I:79 ( 118.719 169.087 228.479 ) T:19748 ( 112.959 154.623 230.015 405.759 5136.383 6950.911 )
2427.696: I:81 ( 115.007 153.599 394.751 ) T:19829 ( 112.959 154.623 230.015 405.759 5136.383 6950.911 )
2437.697: I:79 ( 118.399 162.303 385.535 ) T:19908 ( 112.959 154.751 231.679 405.759 5136.383 6950.911 )
2447.696: I:82 ( 118.463 153.599 192.895 ) T:19990 ( 112.959 154.623 231.679 405.759 5136.383 6950.911 )
2457.696: I:84 ( 113.023 148.607 206.207 ) T:20074 ( 112.959 154.623 230.527 405.247 595.455 6950.911 )
2467.697: I:83 ( 118.271 152.575 214.399 ) T:20157 ( 112.959 154.623 230.015 405.247 595.455 6950.911 )
2477.695: I:80 ( 123.007 153.471 211.071 ) T:20237 ( 112.959 154.623 230.015 405.247 595.455 6950.911 )
2487.696: I:80 ( 118.399 153.855 234.239 ) T:20317 ( 112.959 154.623 230.015 405.247 595.455 6950.911 )
2497.696: I:83 ( 112.191 153.471 209.535 ) T:20400 ( 112.959 154.623 229.631 405.247 595.455 6950.911 )
2507.696: I:81 ( 119.423 153.727 193.919 ) T:20481 ( 113.023 154.623 229.631 405.247 595.455 6950.911 )
2517.698: I:78 ( 118.463 158.975 421.631 ) T:20559 ( 113.023 154.623 230.015 405.759 595.455 6950.911 )
2527.697: I:81 ( 115.647 153.471 237.951 ) T:20640 ( 113.023 154.623 230.015 405.759 595.455 6950.911 )
2537.695: I:79 ( 123.391 162.687 204.031 ) T:20719 ( 113.023 154.623 229.631 405.759 595.455 6950.911 )
2547.697: I:83 ( 113.023 154.879 183.807 ) T:20802 ( 113.023 154.623 229.503 405.759 595.455 6950.911 )
2557.695: I:82 ( 118.335 152.191 260.479 ) T:20884 ( 113.023 154.623 229.631 405.759 595.455 6950.911 )
2567.696: I:79 ( 118.463 153.727 274.943 ) T:20963 ( 113.023 154.623 229.631 405.759 595.455 6950.911 )
2577.696: I:82 ( 112.959 153.983 366.591 ) T:21045 ( 113.023 154.623 229.631 405.247 595.455 6950.911 )
2587.695: I:79 ( 118.335 153.343 281.855 ) T:21124 ( 113.023 154.623 230.015 405.247 595.455 6950.911 )
2597.695: I:88 ( 103.231 148.735 230.271 ) T:21212 ( 113.023 154.495 230.015 405.247 595.455 6950.911 )
2607.696: I:82 ( 118.271 153.471 194.175 ) T:21294 ( 113.023 154.495 230.015 405.247 595.455 6950.911 )
2617.693: I:82 ( 111.935 148.735 273.663 ) T:21376 ( 113.023 154.495 230.015 405.247 595.455 6950.911 )
2627.697: I:81 ( 115.455 153.343 268.287 ) T:21457 ( 113.023 154.495 230.015 405.247 595.455 6950.911 )
2637.689: I:86 ( 108.351 153.727 204.287 ) T:21543 ( 113.023 154.495 230.015 405.247 595.455 6950.911 )
2647.688: I:81 ( 112.319 158.975 217.855 ) T:21624 ( 113.023 154.495 229.631 405.247 595.455 6950.911 )
2657.696: I:79 ( 112.895 156.927 362.751 ) T:21703 ( 113.023 154.495 230.015 405.247 595.455 6950.911 )
2667.696: I:84 ( 112.895 148.735 206.079 ) T:21787 ( 113.023 154.495 230.015 405.247 595.455 6950.911 )
2677.702: I:82 ( 108.351 158.975 255.359 ) T:21869 ( 113.023 154.495 230.015 405.247 595.455 6950.911 )
2687.696: I:82 ( 104.959 153.855 209.279 ) T:21951 ( 113.023 154.495 229.631 405.247 595.455 6950.911 )
2697.690: I:83 ( 113.087 158.975 241.407 ) T:22034 ( 113.023 154.623 229.631 404.223 595.455 6950.911 )
2707.698: I:79 ( 113.407 168.575 418.815 ) T:22113 ( 113.023 154.623 229.631 405.247 595.455 6950.911 )
2717.697: I:83 ( 108.287 155.263 249.343 ) T:22196 ( 113.023 154.623 230.015 405.247 595.455 6950.911 )
2727.695: I:79 ( 114.943 163.583 359.167 ) T:22275 ( 113.023 154.623 230.015 405.247 595.455 6950.911 )
2737.697: I:84 ( 108.351 163.583 254.975 ) T:22359 ( 113.023 154.623 230.015 405.247 595.455 6950.911 )
2747.689: I:81 ( 111.871 158.975 381.951 ) T:22440 ( 113.023 154.751 230.015 405.247 595.455 6950.911 )
2757.696: I:83 ( 105.151 150.399 334.079 ) T:22523 ( 113.023 154.751 230.015 405.247 595.455 6950.911 )
2767.688: I:85 ( 118.271 148.735 197.119 ) T:22608 ( 113.023 154.623 230.015 405.247 595.455 6950.911 )
2777.694: I:82 ( 120.703 152.191 188.927 ) T:22690 ( 113.023 154.623 230.015 405.247 595.455 6950.911 )
2787.697: I:81 ( 118.207 153.727 224.767 ) T:22771 ( 113.023 154.623 229.631 405.247 595.455 6950.911 )
2797.697: I:86 ( 108.223 148.735 196.607 ) T:22857 ( 113.023 154.623 229.503 405.247 595.455 6950.911 )
2807.691: I:82 ( 118.463 148.863 191.359 ) T:22939 ( 113.023 154.495 229.503 405.247 595.455 6950.911 )
2817.696: I:83 ( 108.159 154.623 284.159 ) T:23022 ( 113.023 154.495 229.503 404.223 595.455 6950.911 )
2827.696: I:86 ( 107.455 148.735 195.839 ) T:23108 ( 113.023 154.495 229.503 404.223 595.455 6950.911 )
2837.690: I:82 ( 113.343 153.855 209.535 ) T:23190 ( 113.023 154.495 229.503 404.223 595.455 6950.911 )
2847.693: I:85 ( 110.079 153.471 208.639 ) T:23275 ( 113.023 154.495 228.479 404.223 595.455 6950.911 )
2857.689: I:57 ( 115.967 158.591 297.471 ) T:23332 ( 113.023 154.495 228.479 404.223 595.455 6950.911 )
2863.721: I:0 (   0.000   0.000   0.000 ) T:23332 ( 113.023 154.495 228.479 404.223 595.455 6950.911 )
2863.755: I:0 (   0.000   0.000   0.000 ) T:23332 ( 113.023 154.495 228.479 404.223 595.455 6950.911 )
