#[Interval percentile log between 0.000 and <Infinite> seconds (relative to StartTime)]
#[StartTime: 1524441038.136 (seconds since epoch), Mon Apr 23 01:50:38 CEST 2018]
Time: IntervalPercentiles:count ( 50% 90% Max ) TotalPercentiles:count ( 50% 90% 99% 99.9% 99.99% Max )
9.592: I:1 ( 448.511 448.511 448.511 ) T:1 ( 448.511 448.511 448.511 448.511 448.511 448.511 )
19.572: I:0 (   0.000   0.000   0.000 ) T:1 ( 448.511 448.511 448.511 448.511 448.511 448.511 )
29.569: I:0 (   0.000   0.000   0.000 ) T:1 ( 448.511 448.511 448.511 448.511 448.511 448.511 )
39.563: I:0 (   0.000   0.000   0.000 ) T:1 ( 448.511 448.511 448.511 448.511 448.511 448.511 )
49.564: I:0 (   0.000   0.000   0.000 ) T:1 ( 448.511 448.511 448.511 448.511 448.511 448.511 )
59.565: I:0 (   0.000   0.000   0.000 ) T:1 ( 448.511 448.511 448.511 448.511 448.511 448.511 )
69.561: I:0 (   0.000   0.000   0.000 ) T:1 ( 448.511 448.511 448.511 448.511 448.511 448.511 )
79.563: I:0 (   0.000   0.000   0.000 ) T:1 ( 448.511 448.511 448.511 448.511 448.511 448.511 )
89.562: I:0 (   0.000   0.000   0.000 ) T:1 ( 448.511 448.511 448.511 448.511 448.511 448.511 )
99.566: I:0 (   0.000   0.000   0.000 ) T:1 ( 448.511 448.511 448.511 448.511 448.511 448.511 )
109.568: I:0 (   0.000   0.000   0.000 ) T:1 ( 448.511 448.511 448.511 448.511 448.511 448.511 )
119.567: I:0 (   0.000   0.000   0.000 ) T:1 ( 448.511 448.511 448.511 448.511 448.511 448.511 )
129.563: I:0 (   0.000   0.000   0.000 ) T:1 ( 448.511 448.511 448.511 448.511 448.511 448.511 )
139.563: I:0 (   0.000   0.000   0.000 ) T:1 ( 448.511 448.511 448.511 448.511 448.511 448.511 )
149.564: I:0 (   0.000   0.000   0.000 ) T:1 ( 448.511 448.511 448.511 448.511 448.511 448.511 )
159.559: I:0 (   0.000   0.000   0.000 ) T:1 ( 448.511 448.511 448.511 448.511 448.511 448.511 )
169.569: I:0 (   0.000   0.000   0.000 ) T:1 ( 448.511 448.511 448.511 448.511 448.511 448.511 )
179.569: I:0 (   0.000   0.000   0.000 ) T:1 ( 448.511 448.511 448.511 448.511 448.511 448.511 )
189.569: I:0 (   0.000   0.000   0.000 ) T:1 ( 448.511 448.511 448.511 448.511 448.511 448.511 )
199.569: I:0 (   0.000   0.000   0.000 ) T:1 ( 448.511 448.511 448.511 448.511 448.511 448.511 )
209.567: I:0 (   0.000   0.000   0.000 ) T:1 ( 448.511 448.511 448.511 448.511 448.511 448.511 )
219.569: I:0 (   0.000   0.000   0.000 ) T:1 ( 448.511 448.511 448.511 448.511 448.511 448.511 )
229.568: I:0 (   0.000   0.000   0.000 ) T:1 ( 448.511 448.511 448.511 448.511 448.511 448.511 )
239.569: I:0 (   0.000   0.000   0.000 ) T:1 ( 448.511 448.511 448.511 448.511 448.511 448.511 )
249.569: I:0 (   0.000   0.000   0.000 ) T:1 ( 448.511 448.511 448.511 448.511 448.511 448.511 )
259.569: I:0 (   0.000   0.000   0.000 ) T:1 ( 448.511 448.511 448.511 448.511 448.511 448.511 )
269.569: I:0 (   0.000   0.000   0.000 ) T:1 ( 448.511 448.511 448.511 448.511 448.511 448.511 )
279.569: I:0 (   0.000   0.000   0.000 ) T:1 ( 448.511 448.511 448.511 448.511 448.511 448.511 )
289.569: I:0 (   0.000   0.000   0.000 ) T:1 ( 448.511 448.511 448.511 448.511 448.511 448.511 )
299.566: I:0 (   0.000   0.000   0.000 ) T:1 ( 448.511 448.511 448.511 448.511 448.511 448.511 )
309.566: I:0 (   0.000   0.000   0.000 ) T:1 ( 448.511 448.511 448.511 448.511 448.511 448.511 )
319.561: I:0 (   0.000   0.000   0.000 ) T:1 ( 448.511 448.511 448.511 448.511 448.511 448.511 )
329.569: I:0 (   0.000   0.000   0.000 ) T:1 ( 448.511 448.511 448.511 448.511 448.511 448.511 )
339.571: I:0 (   0.000   0.000   0.000 ) T:1 ( 448.511 448.511 448.511 448.511 448.511 448.511 )
349.569: I:0 (   0.000   0.000   0.000 ) T:1 ( 448.511 448.511 448.511 448.511 448.511 448.511 )
359.569: I:0 (   0.000   0.000   0.000 ) T:1 ( 448.511 448.511 448.511 448.511 448.511 448.511 )
369.569: I:0 (   0.000   0.000   0.000 ) T:1 ( 448.511 448.511 448.511 448.511 448.511 448.511 )
379.566: I:0 (   0.000   0.000   0.000 ) T:1 ( 448.511 448.511 448.511 448.511 448.511 448.511 )
389.568: I:0 (   0.000   0.000   0.000 ) T:1 ( 448.511 448.511 448.511 448.511 448.511 448.511 )
399.569: I:0 (   0.000   0.000   0.000 ) T:1 ( 448.511 448.511 448.511 448.511 448.511 448.511 )
409.566: I:0 (   0.000   0.000   0.000 ) T:1 ( 448.511 448.511 448.511 448.511 448.511 448.511 )
419.569: I:0 (   0.000   0.000   0.000 ) T:1 ( 448.511 448.511 448.511 448.511 448.511 448.511 )
429.568: I:0 (   0.000   0.000   0.000 ) T:1 ( 448.511 448.511 448.511 448.511 448.511 448.511 )
439.570: I:0 (   0.000   0.000   0.000 ) T:1 ( 448.511 448.511 448.511 448.511 448.511 448.511 )
449.569: I:0 (   0.000   0.000   0.000 ) T:1 ( 448.511 448.511 448.511 448.511 448.511 448.511 )
459.568: I:0 (   0.000   0.000   0.000 ) T:1 ( 448.511 448.511 448.511 448.511 448.511 448.511 )
469.561: I:0 (   0.000   0.000   0.000 ) T:1 ( 448.511 448.511 448.511 448.511 448.511 448.511 )
479.569: I:0 (   0.000   0.000   0.000 ) T:1 ( 448.511 448.511 448.511 448.511 448.511 448.511 )
489.565: I:0 (   0.000   0.000   0.000 ) T:1 ( 448.511 448.511 448.511 448.511 448.511 448.511 )
499.568: I:0 (   0.000   0.000   0.000 ) T:1 ( 448.511 448.511 448.511 448.511 448.511 448.511 )
509.570: I:0 (   0.000   0.000   0.000 ) T:1 ( 448.511 448.511 448.511 448.511 448.511 448.511 )
519.569: I:0 (   0.000   0.000   0.000 ) T:1 ( 448.511 448.511 448.511 448.511 448.511 448.511 )
529.569: I:0 (   0.000   0.000   0.000 ) T:1 ( 448.511 448.511 448.511 448.511 448.511 448.511 )
539.569: I:0 (   0.000   0.000   0.000 ) T:1 ( 448.511 448.511 448.511 448.511 448.511 448.511 )
549.565: I:0 (   0.000   0.000   0.000 ) T:1 ( 448.511 448.511 448.511 448.511 448.511 448.511 )
559.568: I:0 (   0.000   0.000   0.000 ) T:1 ( 448.511 448.511 448.511 448.511 448.511 448.511 )
569.563: I:0 (   0.000   0.000   0.000 ) T:1 ( 448.511 448.511 448.511 448.511 448.511 448.511 )
579.562: I:0 (   0.000   0.000   0.000 ) T:1 ( 448.511 448.511 448.511 448.511 448.511 448.511 )
589.571: I:0 (   0.000   0.000   0.000 ) T:1 ( 448.511 448.511 448.511 448.511 448.511 448.511 )
599.568: I:0 (   0.000   0.000   0.000 ) T:1 ( 448.511 448.511 448.511 448.511 448.511 448.511 )
609.568: I:0 (   0.000   0.000   0.000 ) T:1 ( 448.511 448.511 448.511 448.511 448.511 448.511 )
619.569: I:0 (   0.000   0.000   0.000 ) T:1 ( 448.511 448.511 448.511 448.511 448.511 448.511 )
629.569: I:0 (   0.000   0.000   0.000 ) T:1 ( 448.511 448.511 448.511 448.511 448.511 448.511 )
639.566: I:0 (   0.000   0.000   0.000 ) T:1 ( 448.511 448.511 448.511 448.511 448.511 448.511 )
649.561: I:0 (   0.000   0.000   0.000 ) T:1 ( 448.511 448.511 448.511 448.511 448.511 448.511 )
659.568: I:0 (   0.000   0.000   0.000 ) T:1 ( 448.511 448.511 448.511 448.511 448.511 448.511 )
669.569: I:0 (   0.000   0.000   0.000 ) T:1 ( 448.511 448.511 448.511 448.511 448.511 448.511 )
679.562: I:0 (   0.000   0.000   0.000 ) T:1 ( 448.511 448.511 448.511 448.511 448.511 448.511 )
689.568: I:0 (   0.000   0.000   0.000 ) T:1 ( 448.511 448.511 448.511 448.511 448.511 448.511 )
699.568: I:0 (   0.000   0.000   0.000 ) T:1 ( 448.511 448.511 448.511 448.511 448.511 448.511 )
709.568: I:0 (   0.000   0.000   0.000 ) T:1 ( 448.511 448.511 448.511 448.511 448.511 448.511 )
719.568: I:0 (   0.000   0.000   0.000 ) T:1 ( 448.511 448.511 448.511 448.511 448.511 448.511 )
729.566: I:0 (   0.000   0.000   0.000 ) T:1 ( 448.511 448.511 448.511 448.511 448.511 448.511 )
739.569: I:0 (   0.000   0.000   0.000 ) T:1 ( 448.511 448.511 448.511 448.511 448.511 448.511 )
749.568: I:0 (   0.000   0.000   0.000 ) T:1 ( 448.511 448.511 448.511 448.511 448.511 448.511 )
759.566: I:0 (   0.000   0.000   0.000 ) T:1 ( 448.511 448.511 448.511 448.511 448.511 448.511 )
769.568: I:0 (   0.000   0.000   0.000 ) T:1 ( 448.511 448.511 448.511 448.511 448.511 448.511 )
779.569: I:0 (   0.000   0.000   0.000 ) T:1 ( 448.511 448.511 448.511 448.511 448.511 448.511 )
789.565: I:0 (   0.000   0.000   0.000 ) T:1 ( 448.511 448.511 448.511 448.511 448.511 448.511 )
799.562: I:0 (   0.000   0.000   0.000 ) T:1 ( 448.511 448.511 448.511 448.511 448.511 448.511 )
809.562: I:0 (   0.000   0.000   0.000 ) T:1 ( 448.511 448.511 448.511 448.511 448.511 448.511 )
819.569: I:0 (   0.000   0.000   0.000 ) T:1 ( 448.511 448.511 448.511 448.511 448.511 448.511 )
829.569: I:0 (   0.000   0.000   0.000 ) T:1 ( 448.511 448.511 448.511 448.511 448.511 448.511 )
839.569: I:0 (   0.000   0.000   0.000 ) T:1 ( 448.511 448.511 448.511 448.511 448.511 448.511 )
849.569: I:0 (   0.000   0.000   0.000 ) T:1 ( 448.511 448.511 448.511 448.511 448.511 448.511 )
859.566: I:0 (   0.000   0.000   0.000 ) T:1 ( 448.511 448.511 448.511 448.511 448.511 448.511 )
869.569: I:0 (   0.000   0.000   0.000 ) T:1 ( 448.511 448.511 448.511 448.511 448.511 448.511 )
879.569: I:0 (   0.000   0.000   0.000 ) T:1 ( 448.511 448.511 448.511 448.511 448.511 448.511 )
889.567: I:0 (   0.000   0.000   0.000 ) T:1 ( 448.511 448.511 448.511 448.511 448.511 448.511 )
899.562: I:0 (   0.000   0.000   0.000 ) T:1 ( 448.511 448.511 448.511 448.511 448.511 448.511 )
909.565: I:0 (   0.000   0.000   0.000 ) T:1 ( 448.511 448.511 448.511 448.511 448.511 448.511 )
919.569: I:0 (   0.000   0.000   0.000 ) T:1 ( 448.511 448.511 448.511 448.511 448.511 448.511 )
929.562: I:0 (   0.000   0.000   0.000 ) T:1 ( 448.511 448.511 448.511 448.511 448.511 448.511 )
939.568: I:0 (   0.000   0.000   0.000 ) T:1 ( 448.511 448.511 448.511 448.511 448.511 448.511 )
949.564: I:0 (   0.000   0.000   0.000 ) T:1 ( 448.511 448.511 448.511 448.511 448.511 448.511 )
959.566: I:0 (   0.000   0.000   0.000 ) T:1 ( 448.511 448.511 448.511 448.511 448.511 448.511 )
969.566: I:0 (   0.000   0.000   0.000 ) T:1 ( 448.511 448.511 448.511 448.511 448.511 448.511 )
979.566: I:0 (   0.000   0.000   0.000 ) T:1 ( 448.511 448.511 448.511 448.511 448.511 448.511 )
989.569: I:0 (   0.000   0.000   0.000 ) T:1 ( 448.511 448.511 448.511 448.511 448.511 448.511 )
999.569: I:0 (   0.000   0.000   0.000 ) T:1 ( 448.511 448.511 448.511 448.511 448.511 448.511 )
1009.569: I:0 (   0.000   0.000   0.000 ) T:1 ( 448.511 448.511 448.511 448.511 448.511 448.511 )
1019.563: I:0 (   0.000   0.000   0.000 ) T:1 ( 448.511 448.511 448.511 448.511 448.511 448.511 )
1029.569: I:0 (   0.000   0.000   0.000 ) T:1 ( 448.511 448.511 448.511 448.511 448.511 448.511 )
1039.566: I:0 (   0.000   0.000   0.000 ) T:1 ( 448.511 448.511 448.511 448.511 448.511 448.511 )
1049.567: I:0 (   0.000   0.000   0.000 ) T:1 ( 448.511 448.511 448.511 448.511 448.511 448.511 )
1059.568: I:0 (   0.000   0.000   0.000 ) T:1 ( 448.511 448.511 448.511 448.511 448.511 448.511 )
1069.561: I:0 (   0.000   0.000   0.000 ) T:1 ( 448.511 448.511 448.511 448.511 448.511 448.511 )
1079.568: I:0 (   0.000   0.000   0.000 ) T:1 ( 448.511 448.511 448.511 448.511 448.511 448.511 )
1089.566: I:0 (   0.000   0.000   0.000 ) T:1 ( 448.511 448.511 448.511 448.511 448.511 448.511 )
1099.569: I:0 (   0.000   0.000   0.000 ) T:1 ( 448.511 448.511 448.511 448.511 448.511 448.511 )
1109.566: I:0 (   0.000   0.000   0.000 ) T:1 ( 448.511 448.511 448.511 448.511 448.511 448.511 )
1119.566: I:0 (   0.000   0.000   0.000 ) T:1 ( 448.511 448.511 448.511 448.511 448.511 448.511 )
1129.568: I:0 (   0.000   0.000   0.000 ) T:1 ( 448.511 448.511 448.511 448.511 448.511 448.511 )
1139.566: I:0 (   0.000   0.000   0.000 ) T:1 ( 448.511 448.511 448.511 448.511 448.511 448.511 )
1149.560: I:0 (   0.000   0.000   0.000 ) T:1 ( 448.511 448.511 448.511 448.511 448.511 448.511 )
1159.564: I:0 (   0.000   0.000   0.000 ) T:1 ( 448.511 448.511 448.511 448.511 448.511 448.511 )
1169.561: I:0 (   0.000   0.000   0.000 ) T:1 ( 448.511 448.511 448.511 448.511 448.511 448.511 )
1179.568: I:0 (   0.000   0.000   0.000 ) T:1 ( 448.511 448.511 448.511 448.511 448.511 448.511 )
1189.562: I:0 (   0.000   0.000   0.000 ) T:1 ( 448.511 448.511 448.511 448.511 448.511 448.511 )
1199.568: I:0 (   0.000   0.000   0.000 ) T:1 ( 448.511 448.511 448.511 448.511 448.511 448.511 )
1209.569: I:0 (   0.000   0.000   0.000 ) T:1 ( 448.511 448.511 448.511 448.511 448.511 448.511 )
1219.569: I:0 (   0.000   0.000   0.000 ) T:1 ( 448.511 448.511 448.511 448.511 448.511 448.511 )
1229.565: I:0 (   0.000   0.000   0.000 ) T:1 ( 448.511 448.511 448.511 448.511 448.511 448.511 )
1239.566: I:0 (   0.000   0.000   0.000 ) T:1 ( 448.511 448.511 448.511 448.511 448.511 448.511 )
1249.566: I:0 (   0.000   0.000   0.000 ) T:1 ( 448.511 448.511 448.511 448.511 448.511 448.511 )
1259.568: I:0 (   0.000   0.000   0.000 ) T:1 ( 448.511 448.511 448.511 448.511 448.511 448.511 )
1269.569: I:0 (   0.000   0.000   0.000 ) T:1 ( 448.511 448.511 448.511 448.511 448.511 448.511 )
1279.566: I:0 (   0.000   0.000   0.000 ) T:1 ( 448.511 448.511 448.511 448.511 448.511 448.511 )
1289.567: I:0 (   0.000   0.000   0.000 ) T:1 ( 448.511 448.511 448.511 448.511 448.511 448.511 )
1299.568: I:0 (   0.000   0.000   0.000 ) T:1 ( 448.511 448.511 448.511 448.511 448.511 448.511 )
1309.569: I:0 (   0.000   0.000   0.000 ) T:1 ( 448.511 448.511 448.511 448.511 448.511 448.511 )
1319.569: I:0 (   0.000   0.000   0.000 ) T:1 ( 448.511 448.511 448.511 448.511 448.511 448.511 )
1329.568: I:0 (   0.000   0.000   0.000 ) T:1 ( 448.511 448.511 448.511 448.511 448.511 448.511 )
1339.568: I:0 (   0.000   0.000   0.000 ) T:1 ( 448.511 448.511 448.511 448.511 448.511 448.511 )
1349.568: I:0 (   0.000   0.000   0.000 ) T:1 ( 448.511 448.511 448.511 448.511 448.511 448.511 )
1359.568: I:0 (   0.000   0.000   0.000 ) T:1 ( 448.511 448.511 448.511 448.511 448.511 448.511 )
1369.567: I:0 (   0.000   0.000   0.000 ) T:1 ( 448.511 448.511 448.511 448.511 448.511 448.511 )
1379.563: I:0 (   0.000   0.000   0.000 ) T:1 ( 448.511 448.511 448.511 448.511 448.511 448.511 )
1389.569: I:0 (   0.000   0.000   0.000 ) T:1 ( 448.511 448.511 448.511 448.511 448.511 448.511 )
1399.568: I:0 (   0.000   0.000   0.000 ) T:1 ( 448.511 448.511 448.511 448.511 448.511 448.511 )
1409.568: I:0 (   0.000   0.000   0.000 ) T:1 ( 448.511 448.511 448.511 448.511 448.511 448.511 )
1419.569: I:0 (   0.000   0.000   0.000 ) T:1 ( 448.511 448.511 448.511 448.511 448.511 448.511 )
1429.569: I:0 (   0.000   0.000   0.000 ) T:1 ( 448.511 448.511 448.511 448.511 448.511 448.511 )
1439.568: I:0 (   0.000   0.000   0.000 ) T:1 ( 448.511 448.511 448.511 448.511 448.511 448.511 )
1449.566: I:0 (   0.000   0.000   0.000 ) T:1 ( 448.511 448.511 448.511 448.511 448.511 448.511 )
1459.566: I:0 (   0.000   0.000   0.000 ) T:1 ( 448.511 448.511 448.511 448.511 448.511 448.511 )
1469.569: I:0 (   0.000   0.000   0.000 ) T:1 ( 448.511 448.511 448.511 448.511 448.511 448.511 )
1479.566: I:0 (   0.000   0.000   0.000 ) T:1 ( 448.511 448.511 448.511 448.511 448.511 448.511 )
1489.567: I:0 (   0.000   0.000   0.000 ) T:1 ( 448.511 448.511 448.511 448.511 448.511 448.511 )
1499.568: I:0 (   0.000   0.000   0.000 ) T:1 ( 448.511 448.511 448.511 448.511 448.511 448.511 )
1509.565: I:0 (   0.000   0.000   0.000 ) T:1 ( 448.511 448.511 448.511 448.511 448.511 448.511 )
1519.565: I:0 (   0.000   0.000   0.000 ) T:1 ( 448.511 448.511 448.511 448.511 448.511 448.511 )
1529.569: I:0 (   0.000   0.000   0.000 ) T:1 ( 448.511 448.511 448.511 448.511 448.511 448.511 )
1539.561: I:0 (   0.000   0.000   0.000 ) T:1 ( 448.511 448.511 448.511 448.511 448.511 448.511 )
1549.568: I:0 (   0.000   0.000   0.000 ) T:1 ( 448.511 448.511 448.511 448.511 448.511 448.511 )
1559.565: I:0 (   0.000   0.000   0.000 ) T:1 ( 448.511 448.511 448.511 448.511 448.511 448.511 )
1569.569: I:0 (   0.000   0.000   0.000 ) T:1 ( 448.511 448.511 448.511 448.511 448.511 448.511 )
1579.568: I:0 (   0.000   0.000   0.000 ) T:1 ( 448.511 448.511 448.511 448.511 448.511 448.511 )
1589.568: I:0 (   0.000   0.000   0.000 ) T:1 ( 448.511 448.511 448.511 448.511 448.511 448.511 )
1599.569: I:0 (   0.000   0.000   0.000 ) T:1 ( 448.511 448.511 448.511 448.511 448.511 448.511 )
1609.565: I:0 (   0.000   0.000   0.000 ) T:1 ( 448.511 448.511 448.511 448.511 448.511 448.511 )
1619.565: I:0 (   0.000   0.000   0.000 ) T:1 ( 448.511 448.511 448.511 448.511 448.511 448.511 )
1629.566: I:0 (   0.000   0.000   0.000 ) T:1 ( 448.511 448.511 448.511 448.511 448.511 448.511 )
1639.563: I:0 (   0.000   0.000   0.000 ) T:1 ( 448.511 448.511 448.511 448.511 448.511 448.511 )
1649.569: I:0 (   0.000   0.000   0.000 ) T:1 ( 448.511 448.511 448.511 448.511 448.511 448.511 )
1659.566: I:0 (   0.000   0.000   0.000 ) T:1 ( 448.511 448.511 448.511 448.511 448.511 448.511 )
1669.563: I:0 (   0.000   0.000   0.000 ) T:1 ( 448.511 448.511 448.511 448.511 448.511 448.511 )
1679.556: I:0 (   0.000   0.000   0.000 ) T:1 ( 448.511 448.511 448.511 448.511 448.511 448.511 )
1689.559: I:0 (   0.000   0.000   0.000 ) T:1 ( 448.511 448.511 448.511 448.511 448.511 448.511 )
1699.566: I:0 (   0.000   0.000   0.000 ) T:1 ( 448.511 448.511 448.511 448.511 448.511 448.511 )
1709.567: I:0 (   0.000   0.000   0.000 ) T:1 ( 448.511 448.511 448.511 448.511 448.511 448.511 )
1719.563: I:0 (   0.000   0.000   0.000 ) T:1 ( 448.511 448.511 448.511 448.511 448.511 448.511 )
1729.568: I:0 (   0.000   0.000   0.000 ) T:1 ( 448.511 448.511 448.511 448.511 448.511 448.511 )
1739.562: I:0 (   0.000   0.000   0.000 ) T:1 ( 448.511 448.511 448.511 448.511 448.511 448.511 )
1749.569: I:0 (   0.000   0.000   0.000 ) T:1 ( 448.511 448.511 448.511 448.511 448.511 448.511 )
1759.566: I:0 (   0.000   0.000   0.000 ) T:1 ( 448.511 448.511 448.511 448.511 448.511 448.511 )
1769.567: I:0 (   0.000   0.000   0.000 ) T:1 ( 448.511 448.511 448.511 448.511 448.511 448.511 )
1779.566: I:0 (   0.000   0.000   0.000 ) T:1 ( 448.511 448.511 448.511 448.511 448.511 448.511 )
1789.566: I:0 (   0.000   0.000   0.000 ) T:1 ( 448.511 448.511 448.511 448.511 448.511 448.511 )
1799.556: I:0 (   0.000   0.000   0.000 ) T:1 ( 448.511 448.511 448.511 448.511 448.511 448.511 )
1809.564: I:0 (   0.000   0.000   0.000 ) T:1 ( 448.511 448.511 448.511 448.511 448.511 448.511 )
1819.565: I:0 (   0.000   0.000   0.000 ) T:1 ( 448.511 448.511 448.511 448.511 448.511 448.511 )
1829.566: I:0 (   0.000   0.000   0.000 ) T:1 ( 448.511 448.511 448.511 448.511 448.511 448.511 )
1839.563: I:0 (   0.000   0.000   0.000 ) T:1 ( 448.511 448.511 448.511 448.511 448.511 448.511 )
1849.567: I:0 (   0.000   0.000   0.000 ) T:1 ( 448.511 448.511 448.511 448.511 448.511 448.511 )
1859.570: I:0 (   0.000   0.000   0.000 ) T:1 ( 448.511 448.511 448.511 448.511 448.511 448.511 )
1869.566: I:0 (   0.000   0.000   0.000 ) T:1 ( 448.511 448.511 448.511 448.511 448.511 448.511 )
1879.569: I:0 (   0.000   0.000   0.000 ) T:1 ( 448.511 448.511 448.511 448.511 448.511 448.511 )
1889.559: I:0 (   0.000   0.000   0.000 ) T:1 ( 448.511 448.511 448.511 448.511 448.511 448.511 )
1899.566: I:0 (   0.000   0.000   0.000 ) T:1 ( 448.511 448.511 448.511 448.511 448.511 448.511 )
1909.564: I:0 (   0.000   0.000   0.000 ) T:1 ( 448.511 448.511 448.511 448.511 448.511 448.511 )
1919.568: I:0 (   0.000   0.000   0.000 ) T:1 ( 448.511 448.511 448.511 448.511 448.511 448.511 )
1929.568: I:0 (   0.000   0.000   0.000 ) T:1 ( 448.511 448.511 448.511 448.511 448.511 448.511 )
1939.566: I:0 (   0.000   0.000   0.000 ) T:1 ( 448.511 448.511 448.511 448.511 448.511 448.511 )
1949.562: I:0 (   0.000   0.000   0.000 ) T:1 ( 448.511 448.511 448.511 448.511 448.511 448.511 )
1959.568: I:0 (   0.000   0.000   0.000 ) T:1 ( 448.511 448.511 448.511 448.511 448.511 448.511 )
1969.570: I:0 (   0.000   0.000   0.000 ) T:1 ( 448.511 448.511 448.511 448.511 448.511 448.511 )
1979.566: I:0 (   0.000   0.000   0.000 ) T:1 ( 448.511 448.511 448.511 448.511 448.511 448.511 )
1989.566: I:0 (   0.000   0.000   0.000 ) T:1 ( 448.511 448.511 448.511 448.511 448.511 448.511 )
1999.568: I:0 (   0.000   0.000   0.000 ) T:1 ( 448.511 448.511 448.511 448.511 448.511 448.511 )
2009.572: I:0 (   0.000   0.000   0.000 ) T:1 ( 448.511 448.511 448.511 448.511 448.511 448.511 )
2019.559: I:0 (   0.000   0.000   0.000 ) T:1 ( 448.511 448.511 448.511 448.511 448.511 448.511 )
2029.566: I:0 (   0.000   0.000   0.000 ) T:1 ( 448.511 448.511 448.511 448.511 448.511 448.511 )
2039.566: I:0 (   0.000   0.000   0.000 ) T:1 ( 448.511 448.511 448.511 448.511 448.511 448.511 )
2049.566: I:0 (   0.000   0.000   0.000 ) T:1 ( 448.511 448.511 448.511 448.511 448.511 448.511 )
2059.559: I:0 (   0.000   0.000   0.000 ) T:1 ( 448.511 448.511 448.511 448.511 448.511 448.511 )
2069.562: I:0 (   0.000   0.000   0.000 ) T:1 ( 448.511 448.511 448.511 448.511 448.511 448.511 )
2079.567: I:0 (   0.000   0.000   0.000 ) T:1 ( 448.511 448.511 448.511 448.511 448.511 448.511 )
2089.566: I:0 (   0.000   0.000   0.000 ) T:1 ( 448.511 448.511 448.511 448.511 448.511 448.511 )
2099.566: I:0 (   0.000   0.000   0.000 ) T:1 ( 448.511 448.511 448.511 448.511 448.511 448.511 )
2109.566: I:0 (   0.000   0.000   0.000 ) T:1 ( 448.511 448.511 448.511 448.511 448.511 448.511 )
2119.568: I:0 (   0.000   0.000   0.000 ) T:1 ( 448.511 448.511 448.511 448.511 448.511 448.511 )
2129.560: I:0 (   0.000   0.000   0.000 ) T:1 ( 448.511 448.511 448.511 448.511 448.511 448.511 )
2139.565: I:0 (   0.000   0.000   0.000 ) T:1 ( 448.511 448.511 448.511 448.511 448.511 448.511 )
2149.565: I:0 (   0.000   0.000   0.000 ) T:1 ( 448.511 448.511 448.511 448.511 448.511 448.511 )
2159.568: I:0 (   0.000   0.000   0.000 ) T:1 ( 448.511 448.511 448.511 448.511 448.511 448.511 )
2169.568: I:0 (   0.000   0.000   0.000 ) T:1 ( 448.511 448.511 448.511 448.511 448.511 448.511 )
2179.567: I:0 (   0.000   0.000   0.000 ) T:1 ( 448.511 448.511 448.511 448.511 448.511 448.511 )
2189.567: I:0 (   0.000   0.000   0.000 ) T:1 ( 448.511 448.511 448.511 448.511 448.511 448.511 )
2199.567: I:0 (   0.000   0.000   0.000 ) T:1 ( 448.511 448.511 448.511 448.511 448.511 448.511 )
2209.559: I:0 (   0.000   0.000   0.000 ) T:1 ( 448.511 448.511 448.511 448.511 448.511 448.511 )
2219.561: I:0 (   0.000   0.000   0.000 ) T:1 ( 448.511 448.511 448.511 448.511 448.511 448.511 )
2229.564: I:0 (   0.000   0.000   0.000 ) T:1 ( 448.511 448.511 448.511 448.511 448.511 448.511 )
2239.560: I:0 (   0.000   0.000   0.000 ) T:1 ( 448.511 448.511 448.511 448.511 448.511 448.511 )
2249.565: I:0 (   0.000   0.000   0.000 ) T:1 ( 448.511 448.511 448.511 448.511 448.511 448.511 )
2259.567: I:0 (   0.000   0.000   0.000 ) T:1 ( 448.511 448.511 448.511 448.511 448.511 448.511 )
2269.559: I:0 (   0.000   0.000   0.000 ) T:1 ( 448.511 448.511 448.511 448.511 448.511 448.511 )
2279.566: I:0 (   0.000   0.000   0.000 ) T:1 ( 448.511 448.511 448.511 448.511 448.511 448.511 )
2289.568: I:0 (   0.000   0.000   0.000 ) T:1 ( 448.511 448.511 448.511 448.511 448.511 448.511 )
2299.566: I:0 (   0.000   0.000   0.000 ) T:1 ( 448.511 448.511 448.511 448.511 448.511 448.511 )
2309.566: I:0 (   0.000   0.000   0.000 ) T:1 ( 448.511 448.511 448.511 448.511 448.511 448.511 )
2319.557: I:0 (   0.000   0.000   0.000 ) T:1 ( 448.511 448.511 448.511 448.511 448.511 448.511 )
2329.566: I:0 (   0.000   0.000   0.000 ) T:1 ( 448.511 448.511 448.511 448.511 448.511 448.511 )
2339.566: I:0 (   0.000   0.000   0.000 ) T:1 ( 448.511 448.511 448.511 448.511 448.511 448.511 )
2349.569: I:0 (   0.000   0.000   0.000 ) T:1 ( 448.511 448.511 448.511 448.511 448.511 448.511 )
2359.563: I:0 (   0.000   0.000   0.000 ) T:1 ( 448.511 448.511 448.511 448.511 448.511 448.511 )
2369.558: I:0 (   0.000   0.000   0.000 ) T:1 ( 448.511 448.511 448.511 448.511 448.511 448.511 )
2379.568: I:0 (   0.000   0.000   0.000 ) T:1 ( 448.511 448.511 448.511 448.511 448.511 448.511 )
2389.565: I:0 (   0.000   0.000   0.000 ) T:1 ( 448.511 448.511 448.511 448.511 448.511 448.511 )
2399.569: I:0 (   0.000   0.000   0.000 ) T:1 ( 448.511 448.511 448.511 448.511 448.511 448.511 )
2409.566: I:0 (   0.000   0.000   0.000 ) T:1 ( 448.511 448.511 448.511 448.511 448.511 448.511 )
2419.567: I:0 (   0.000   0.000   0.000 ) T:1 ( 448.511 448.511 448.511 448.511 448.511 448.511 )
2429.568: I:0 (   0.000   0.000   0.000 ) T:1 ( 448.511 448.511 448.511 448.511 448.511 448.511 )
2439.569: I:0 (   0.000   0.000   0.000 ) T:1 ( 448.511 448.511 448.511 448.511 448.511 448.511 )
2449.565: I:0 (   0.000   0.000   0.000 ) T:1 ( 448.511 448.511 448.511 448.511 448.511 448.511 )
2459.566: I:0 (   0.000   0.000   0.000 ) T:1 ( 448.511 448.511 448.511 448.511 448.511 448.511 )
2469.562: I:0 (   0.000   0.000   0.000 ) T:1 ( 448.511 448.511 448.511 448.511 448.511 448.511 )
2479.566: I:0 (   0.000   0.000   0.000 ) T:1 ( 448.511 448.511 448.511 448.511 448.511 448.511 )
2489.566: I:0 (   0.000   0.000   0.000 ) T:1 ( 448.511 448.511 448.511 448.511 448.511 448.511 )
2499.569: I:0 (   0.000   0.000   0.000 ) T:1 ( 448.511 448.511 448.511 448.511 448.511 448.511 )
2509.566: I:0 (   0.000   0.000   0.000 ) T:1 ( 448.511 448.511 448.511 448.511 448.511 448.511 )
2519.569: I:0 (   0.000   0.000   0.000 ) T:1 ( 448.511 448.511 448.511 448.511 448.511 448.511 )
2529.568: I:0 (   0.000   0.000   0.000 ) T:1 ( 448.511 448.511 448.511 448.511 448.511 448.511 )
2539.564: I:0 (   0.000   0.000   0.000 ) T:1 ( 448.511 448.511 448.511 448.511 448.511 448.511 )
2549.566: I:0 (   0.000   0.000   0.000 ) T:1 ( 448.511 448.511 448.511 448.511 448.511 448.511 )
2559.567: I:0 (   0.000   0.000   0.000 ) T:1 ( 448.511 448.511 448.511 448.511 448.511 448.511 )
2569.565: I:0 (   0.000   0.000   0.000 ) T:1 ( 448.511 448.511 448.511 448.511 448.511 448.511 )
2579.567: I:0 (   0.000   0.000   0.000 ) T:1 ( 448.511 448.511 448.511 448.511 448.511 448.511 )
2589.557: I:0 (   0.000   0.000   0.000 ) T:1 ( 448.511 448.511 448.511 448.511 448.511 448.511 )
2599.566: I:0 (   0.000   0.000   0.000 ) T:1 ( 448.511 448.511 448.511 448.511 448.511 448.511 )
2609.566: I:0 (   0.000   0.000   0.000 ) T:1 ( 448.511 448.511 448.511 448.511 448.511 448.511 )
2619.566: I:0 (   0.000   0.000   0.000 ) T:1 ( 448.511 448.511 448.511 448.511 448.511 448.511 )
2629.566: I:0 (   0.000   0.000   0.000 ) T:1 ( 448.511 448.511 448.511 448.511 448.511 448.511 )
2639.567: I:0 (   0.000   0.000   0.000 ) T:1 ( 448.511 448.511 448.511 448.511 448.511 448.511 )
2649.565: I:0 (   0.000   0.000   0.000 ) T:1 ( 448.511 448.511 448.511 448.511 448.511 448.511 )
2659.569: I:0 (   0.000   0.000   0.000 ) T:1 ( 448.511 448.511 448.511 448.511 448.511 448.511 )
2669.569: I:0 (   0.000   0.000   0.000 ) T:1 ( 448.511 448.511 448.511 448.511 448.511 448.511 )
2679.561: I:0 (   0.000   0.000   0.000 ) T:1 ( 448.511 448.511 448.511 448.511 448.511 448.511 )
2689.570: I:0 (   0.000   0.000   0.000 ) T:1 ( 448.511 448.511 448.511 448.511 448.511 448.511 )
2699.566: I:0 (   0.000   0.000   0.000 ) T:1 ( 448.511 448.511 448.511 448.511 448.511 448.511 )
2709.568: I:0 (   0.000   0.000   0.000 ) T:1 ( 448.511 448.511 448.511 448.511 448.511 448.511 )
2719.568: I:0 (   0.000   0.000   0.000 ) T:1 ( 448.511 448.511 448.511 448.511 448.511 448.511 )
2729.568: I:0 (   0.000   0.000   0.000 ) T:1 ( 448.511 448.511 448.511 448.511 448.511 448.511 )
2739.568: I:0 (   0.000   0.000   0.000 ) T:1 ( 448.511 448.511 448.511 448.511 448.511 448.511 )
2749.568: I:0 (   0.000   0.000   0.000 ) T:1 ( 448.511 448.511 448.511 448.511 448.511 448.511 )
2759.567: I:0 (   0.000   0.000   0.000 ) T:1 ( 448.511 448.511 448.511 448.511 448.511 448.511 )
2769.569: I:0 (   0.000   0.000   0.000 ) T:1 ( 448.511 448.511 448.511 448.511 448.511 448.511 )
2779.566: I:0 (   0.000   0.000   0.000 ) T:1 ( 448.511 448.511 448.511 448.511 448.511 448.511 )
2789.568: I:0 (   0.000   0.000   0.000 ) T:1 ( 448.511 448.511 448.511 448.511 448.511 448.511 )
2799.559: I:0 (   0.000   0.000   0.000 ) T:1 ( 448.511 448.511 448.511 448.511 448.511 448.511 )
2809.564: I:0 (   0.000   0.000   0.000 ) T:1 ( 448.511 448.511 448.511 448.511 448.511 448.511 )
2819.566: I:0 (   0.000   0.000   0.000 ) T:1 ( 448.511 448.511 448.511 448.511 448.511 448.511 )
2829.570: I:0 (   0.000   0.000   0.000 ) T:1 ( 448.511 448.511 448.511 448.511 448.511 448.511 )
2839.568: I:0 (   0.000   0.000   0.000 ) T:1 ( 448.511 448.511 448.511 448.511 448.511 448.511 )
2849.566: I:0 (   0.000   0.000   0.000 ) T:1 ( 448.511 448.511 448.511 448.511 448.511 448.511 )
2859.569: I:0 (   0.000   0.000   0.000 ) T:1 ( 448.511 448.511 448.511 448.511 448.511 448.511 )
2869.568: I:0 (   0.000   0.000   0.000 ) T:1 ( 448.511 448.511 448.511 448.511 448.511 448.511 )
2879.567: I:0 (   0.000   0.000   0.000 ) T:1 ( 448.511 448.511 448.511 448.511 448.511 448.511 )
2889.569: I:0 (   0.000   0.000   0.000 ) T:1 ( 448.511 448.511 448.511 448.511 448.511 448.511 )
2899.566: I:0 (   0.000   0.000   0.000 ) T:1 ( 448.511 448.511 448.511 448.511 448.511 448.511 )
2909.569: I:0 (   0.000   0.000   0.000 ) T:1 ( 448.511 448.511 448.511 448.511 448.511 448.511 )
2919.562: I:0 (   0.000   0.000   0.000 ) T:1 ( 448.511 448.511 448.511 448.511 448.511 448.511 )
2929.569: I:0 (   0.000   0.000   0.000 ) T:1 ( 448.511 448.511 448.511 448.511 448.511 448.511 )
2939.568: I:0 (   0.000   0.000   0.000 ) T:1 ( 448.511 448.511 448.511 448.511 448.511 448.511 )
2949.564: I:0 (   0.000   0.000   0.000 ) T:1 ( 448.511 448.511 448.511 448.511 448.511 448.511 )
2959.564: I:0 (   0.000   0.000   0.000 ) T:1 ( 448.511 448.511 448.511 448.511 448.511 448.511 )
2969.559: I:0 (   0.000   0.000   0.000 ) T:1 ( 448.511 448.511 448.511 448.511 448.511 448.511 )
2979.566: I:0 (   0.000   0.000   0.000 ) T:1 ( 448.511 448.511 448.511 448.511 448.511 448.511 )
2989.567: I:0 (   0.000   0.000   0.000 ) T:1 ( 448.511 448.511 448.511 448.511 448.511 448.511 )
2999.568: I:0 (   0.000   0.000   0.000 ) T:1 ( 448.511 448.511 448.511 448.511 448.511 448.511 )
3009.568: I:0 (   0.000   0.000   0.000 ) T:1 ( 448.511 448.511 448.511 448.511 448.511 448.511 )
3019.568: I:0 (   0.000   0.000   0.000 ) T:1 ( 448.511 448.511 448.511 448.511 448.511 448.511 )
3029.566: I:0 (   0.000   0.000   0.000 ) T:1 ( 448.511 448.511 448.511 448.511 448.511 448.511 )
3039.559: I:0 (   0.000   0.000   0.000 ) T:1 ( 448.511 448.511 448.511 448.511 448.511 448.511 )
3049.566: I:0 (   0.000   0.000   0.000 ) T:1 ( 448.511 448.511 448.511 448.511 448.511 448.511 )
3059.568: I:0 (   0.000   0.000   0.000 ) T:1 ( 448.511 448.511 448.511 448.511 448.511 448.511 )
3069.568: I:0 (   0.000   0.000   0.000 ) T:1 ( 448.511 448.511 448.511 448.511 448.511 448.511 )
3079.567: I:0 (   0.000   0.000   0.000 ) T:1 ( 448.511 448.511 448.511 448.511 448.511 448.511 )
3089.567: I:0 (   0.000   0.000   0.000 ) T:1 ( 448.511 448.511 448.511 448.511 448.511 448.511 )
3099.567: I:0 (   0.000   0.000   0.000 ) T:1 ( 448.511 448.511 448.511 448.511 448.511 448.511 )
3109.564: I:0 (   0.000   0.000   0.000 ) T:1 ( 448.511 448.511 448.511 448.511 448.511 448.511 )
3115.796: I:0 (   0.000   0.000   0.000 ) T:1 ( 448.511 448.511 448.511 448.511 448.511 448.511 )
3115.831: I:0 (   0.000   0.000   0.000 ) T:1 ( 448.511 448.511 448.511 448.511 448.511 448.511 )
