#[Interval percentile log between 0.000 and <Infinite> seconds (relative to StartTime)]
#[StartTime: 1524511475.525 (seconds since epoch), Mon Apr 23 21:24:35 CEST 2018]
Time: IntervalPercentiles:count ( 50% 90% Max ) TotalPercentiles:count ( 50% 90% 99% 99.9% 99.99% Max )
9.598: I:1 ( 436.991 436.991 436.991 ) T:1 ( 436.991 436.991 436.991 436.991 436.991 436.991 )
19.585: I:0 (   0.000   0.000   0.000 ) T:1 ( 436.991 436.991 436.991 436.991 436.991 436.991 )
29.583: I:0 (   0.000   0.000   0.000 ) T:1 ( 436.991 436.991 436.991 436.991 436.991 436.991 )
39.579: I:0 (   0.000   0.000   0.000 ) T:1 ( 436.991 436.991 436.991 436.991 436.991 436.991 )
49.576: I:0 (   0.000   0.000   0.000 ) T:1 ( 436.991 436.991 436.991 436.991 436.991 436.991 )
59.579: I:0 (   0.000   0.000   0.000 ) T:1 ( 436.991 436.991 436.991 436.991 436.991 436.991 )
69.579: I:0 (   0.000   0.000   0.000 ) T:1 ( 436.991 436.991 436.991 436.991 436.991 436.991 )
79.578: I:0 (   0.000   0.000   0.000 ) T:1 ( 436.991 436.991 436.991 436.991 436.991 436.991 )
89.577: I:0 (   0.000   0.000   0.000 ) T:1 ( 436.991 436.991 436.991 436.991 436.991 436.991 )
99.577: I:0 (   0.000   0.000   0.000 ) T:1 ( 436.991 436.991 436.991 436.991 436.991 436.991 )
109.577: I:0 (   0.000   0.000   0.000 ) T:1 ( 436.991 436.991 436.991 436.991 436.991 436.991 )
119.578: I:0 (   0.000   0.000   0.000 ) T:1 ( 436.991 436.991 436.991 436.991 436.991 436.991 )
129.576: I:0 (   0.000   0.000   0.000 ) T:1 ( 436.991 436.991 436.991 436.991 436.991 436.991 )
139.577: I:0 (   0.000   0.000   0.000 ) T:1 ( 436.991 436.991 436.991 436.991 436.991 436.991 )
149.577: I:0 (   0.000   0.000   0.000 ) T:1 ( 436.991 436.991 436.991 436.991 436.991 436.991 )
159.573: I:0 (   0.000   0.000   0.000 ) T:1 ( 436.991 436.991 436.991 436.991 436.991 436.991 )
169.581: I:0 (   0.000   0.000   0.000 ) T:1 ( 436.991 436.991 436.991 436.991 436.991 436.991 )
179.581: I:0 (   0.000   0.000   0.000 ) T:1 ( 436.991 436.991 436.991 436.991 436.991 436.991 )
189.582: I:0 (   0.000   0.000   0.000 ) T:1 ( 436.991 436.991 436.991 436.991 436.991 436.991 )
199.579: I:0 (   0.000   0.000   0.000 ) T:1 ( 436.991 436.991 436.991 436.991 436.991 436.991 )
209.580: I:0 (   0.000   0.000   0.000 ) T:1 ( 436.991 436.991 436.991 436.991 436.991 436.991 )
219.581: I:0 (   0.000   0.000   0.000 ) T:1 ( 436.991 436.991 436.991 436.991 436.991 436.991 )
229.581: I:0 (   0.000   0.000   0.000 ) T:1 ( 436.991 436.991 436.991 436.991 436.991 436.991 )
239.578: I:0 (   0.000   0.000   0.000 ) T:1 ( 436.991 436.991 436.991 436.991 436.991 436.991 )
249.578: I:0 (   0.000   0.000   0.000 ) T:1 ( 436.991 436.991 436.991 436.991 436.991 436.991 )
259.580: I:0 (   0.000   0.000   0.000 ) T:1 ( 436.991 436.991 436.991 436.991 436.991 436.991 )
269.578: I:0 (   0.000   0.000   0.000 ) T:1 ( 436.991 436.991 436.991 436.991 436.991 436.991 )
279.578: I:0 (   0.000   0.000   0.000 ) T:1 ( 436.991 436.991 436.991 436.991 436.991 436.991 )
289.576: I:0 (   0.000   0.000   0.000 ) T:1 ( 436.991 436.991 436.991 436.991 436.991 436.991 )
299.580: I:0 (   0.000   0.000   0.000 ) T:1 ( 436.991 436.991 436.991 436.991 436.991 436.991 )
309.577: I:0 (   0.000   0.000   0.000 ) T:1 ( 436.991 436.991 436.991 436.991 436.991 436.991 )
319.577: I:0 (   0.000   0.000   0.000 ) T:1 ( 436.991 436.991 436.991 436.991 436.991 436.991 )
329.578: I:0 (   0.000   0.000   0.000 ) T:1 ( 436.991 436.991 436.991 436.991 436.991 436.991 )
339.576: I:0 (   0.000   0.000   0.000 ) T:1 ( 436.991 436.991 436.991 436.991 436.991 436.991 )
349.577: I:0 (   0.000   0.000   0.000 ) T:1 ( 436.991 436.991 436.991 436.991 436.991 436.991 )
359.580: I:0 (   0.000   0.000   0.000 ) T:1 ( 436.991 436.991 436.991 436.991 436.991 436.991 )
369.579: I:0 (   0.000   0.000   0.000 ) T:1 ( 436.991 436.991 436.991 436.991 436.991 436.991 )
379.580: I:0 (   0.000   0.000   0.000 ) T:1 ( 436.991 436.991 436.991 436.991 436.991 436.991 )
389.577: I:0 (   0.000   0.000   0.000 ) T:1 ( 436.991 436.991 436.991 436.991 436.991 436.991 )
399.580: I:0 (   0.000   0.000   0.000 ) T:1 ( 436.991 436.991 436.991 436.991 436.991 436.991 )
409.576: I:0 (   0.000   0.000   0.000 ) T:1 ( 436.991 436.991 436.991 436.991 436.991 436.991 )
419.579: I:0 (   0.000   0.000   0.000 ) T:1 ( 436.991 436.991 436.991 436.991 436.991 436.991 )
429.576: I:0 (   0.000   0.000   0.000 ) T:1 ( 436.991 436.991 436.991 436.991 436.991 436.991 )
439.580: I:0 (   0.000   0.000   0.000 ) T:1 ( 436.991 436.991 436.991 436.991 436.991 436.991 )
449.578: I:0 (   0.000   0.000   0.000 ) T:1 ( 436.991 436.991 436.991 436.991 436.991 436.991 )
459.580: I:0 (   0.000   0.000   0.000 ) T:1 ( 436.991 436.991 436.991 436.991 436.991 436.991 )
469.577: I:0 (   0.000   0.000   0.000 ) T:1 ( 436.991 436.991 436.991 436.991 436.991 436.991 )
479.578: I:0 (   0.000   0.000   0.000 ) T:1 ( 436.991 436.991 436.991 436.991 436.991 436.991 )
489.577: I:0 (   0.000   0.000   0.000 ) T:1 ( 436.991 436.991 436.991 436.991 436.991 436.991 )
499.580: I:0 (   0.000   0.000   0.000 ) T:1 ( 436.991 436.991 436.991 436.991 436.991 436.991 )
509.581: I:0 (   0.000   0.000   0.000 ) T:1 ( 436.991 436.991 436.991 436.991 436.991 436.991 )
519.578: I:0 (   0.000   0.000   0.000 ) T:1 ( 436.991 436.991 436.991 436.991 436.991 436.991 )
529.579: I:0 (   0.000   0.000   0.000 ) T:1 ( 436.991 436.991 436.991 436.991 436.991 436.991 )
539.579: I:0 (   0.000   0.000   0.000 ) T:1 ( 436.991 436.991 436.991 436.991 436.991 436.991 )
549.579: I:0 (   0.000   0.000   0.000 ) T:1 ( 436.991 436.991 436.991 436.991 436.991 436.991 )
559.579: I:0 (   0.000   0.000   0.000 ) T:1 ( 436.991 436.991 436.991 436.991 436.991 436.991 )
569.576: I:0 (   0.000   0.000   0.000 ) T:1 ( 436.991 436.991 436.991 436.991 436.991 436.991 )
579.580: I:0 (   0.000   0.000   0.000 ) T:1 ( 436.991 436.991 436.991 436.991 436.991 436.991 )
589.578: I:0 (   0.000   0.000   0.000 ) T:1 ( 436.991 436.991 436.991 436.991 436.991 436.991 )
599.580: I:0 (   0.000   0.000   0.000 ) T:1 ( 436.991 436.991 436.991 436.991 436.991 436.991 )
609.572: I:0 (   0.000   0.000   0.000 ) T:1 ( 436.991 436.991 436.991 436.991 436.991 436.991 )
619.578: I:0 (   0.000   0.000   0.000 ) T:1 ( 436.991 436.991 436.991 436.991 436.991 436.991 )
629.574: I:0 (   0.000   0.000   0.000 ) T:1 ( 436.991 436.991 436.991 436.991 436.991 436.991 )
639.578: I:0 (   0.000   0.000   0.000 ) T:1 ( 436.991 436.991 436.991 436.991 436.991 436.991 )
649.574: I:0 (   0.000   0.000   0.000 ) T:1 ( 436.991 436.991 436.991 436.991 436.991 436.991 )
659.576: I:0 (   0.000   0.000   0.000 ) T:1 ( 436.991 436.991 436.991 436.991 436.991 436.991 )
669.575: I:0 (   0.000   0.000   0.000 ) T:1 ( 436.991 436.991 436.991 436.991 436.991 436.991 )
679.579: I:0 (   0.000   0.000   0.000 ) T:1 ( 436.991 436.991 436.991 436.991 436.991 436.991 )
689.578: I:0 (   0.000   0.000   0.000 ) T:1 ( 436.991 436.991 436.991 436.991 436.991 436.991 )
699.578: I:0 (   0.000   0.000   0.000 ) T:1 ( 436.991 436.991 436.991 436.991 436.991 436.991 )
709.576: I:0 (   0.000   0.000   0.000 ) T:1 ( 436.991 436.991 436.991 436.991 436.991 436.991 )
719.580: I:0 (   0.000   0.000   0.000 ) T:1 ( 436.991 436.991 436.991 436.991 436.991 436.991 )
729.578: I:0 (   0.000   0.000   0.000 ) T:1 ( 436.991 436.991 436.991 436.991 436.991 436.991 )
739.602: I:0 (   0.000   0.000   0.000 ) T:1 ( 436.991 436.991 436.991 436.991 436.991 436.991 )
749.577: I:0 (   0.000   0.000   0.000 ) T:1 ( 436.991 436.991 436.991 436.991 436.991 436.991 )
759.579: I:0 (   0.000   0.000   0.000 ) T:1 ( 436.991 436.991 436.991 436.991 436.991 436.991 )
769.570: I:0 (   0.000   0.000   0.000 ) T:1 ( 436.991 436.991 436.991 436.991 436.991 436.991 )
779.574: I:0 (   0.000   0.000   0.000 ) T:1 ( 436.991 436.991 436.991 436.991 436.991 436.991 )
789.579: I:0 (   0.000   0.000   0.000 ) T:1 ( 436.991 436.991 436.991 436.991 436.991 436.991 )
799.580: I:0 (   0.000   0.000   0.000 ) T:1 ( 436.991 436.991 436.991 436.991 436.991 436.991 )
809.573: I:0 (   0.000   0.000   0.000 ) T:1 ( 436.991 436.991 436.991 436.991 436.991 436.991 )
819.579: I:0 (   0.000   0.000   0.000 ) T:1 ( 436.991 436.991 436.991 436.991 436.991 436.991 )
829.579: I:0 (   0.000   0.000   0.000 ) T:1 ( 436.991 436.991 436.991 436.991 436.991 436.991 )
839.580: I:0 (   0.000   0.000   0.000 ) T:1 ( 436.991 436.991 436.991 436.991 436.991 436.991 )
849.578: I:0 (   0.000   0.000   0.000 ) T:1 ( 436.991 436.991 436.991 436.991 436.991 436.991 )
859.576: I:0 (   0.000   0.000   0.000 ) T:1 ( 436.991 436.991 436.991 436.991 436.991 436.991 )
869.578: I:0 (   0.000   0.000   0.000 ) T:1 ( 436.991 436.991 436.991 436.991 436.991 436.991 )
879.576: I:0 (   0.000   0.000   0.000 ) T:1 ( 436.991 436.991 436.991 436.991 436.991 436.991 )
889.580: I:0 (   0.000   0.000   0.000 ) T:1 ( 436.991 436.991 436.991 436.991 436.991 436.991 )
899.574: I:0 (   0.000   0.000   0.000 ) T:1 ( 436.991 436.991 436.991 436.991 436.991 436.991 )
909.578: I:0 (   0.000   0.000   0.000 ) T:1 ( 436.991 436.991 436.991 436.991 436.991 436.991 )
919.579: I:0 (   0.000   0.000   0.000 ) T:1 ( 436.991 436.991 436.991 436.991 436.991 436.991 )
929.578: I:0 (   0.000   0.000   0.000 ) T:1 ( 436.991 436.991 436.991 436.991 436.991 436.991 )
939.575: I:0 (   0.000   0.000   0.000 ) T:1 ( 436.991 436.991 436.991 436.991 436.991 436.991 )
949.580: I:0 (   0.000   0.000   0.000 ) T:1 ( 436.991 436.991 436.991 436.991 436.991 436.991 )
959.579: I:0 (   0.000   0.000   0.000 ) T:1 ( 436.991 436.991 436.991 436.991 436.991 436.991 )
969.578: I:0 (   0.000   0.000   0.000 ) T:1 ( 436.991 436.991 436.991 436.991 436.991 436.991 )
979.579: I:0 (   0.000   0.000   0.000 ) T:1 ( 436.991 436.991 436.991 436.991 436.991 436.991 )
989.578: I:0 (   0.000   0.000   0.000 ) T:1 ( 436.991 436.991 436.991 436.991 436.991 436.991 )
999.579: I:0 (   0.000   0.000   0.000 ) T:1 ( 436.991 436.991 436.991 436.991 436.991 436.991 )
1009.580: I:0 (   0.000   0.000   0.000 ) T:1 ( 436.991 436.991 436.991 436.991 436.991 436.991 )
1019.578: I:0 (   0.000   0.000   0.000 ) T:1 ( 436.991 436.991 436.991 436.991 436.991 436.991 )
1029.578: I:0 (   0.000   0.000   0.000 ) T:1 ( 436.991 436.991 436.991 436.991 436.991 436.991 )
1039.576: I:0 (   0.000   0.000   0.000 ) T:1 ( 436.991 436.991 436.991 436.991 436.991 436.991 )
1049.575: I:0 (   0.000   0.000   0.000 ) T:1 ( 436.991 436.991 436.991 436.991 436.991 436.991 )
1059.579: I:0 (   0.000   0.000   0.000 ) T:1 ( 436.991 436.991 436.991 436.991 436.991 436.991 )
1069.580: I:0 (   0.000   0.000   0.000 ) T:1 ( 436.991 436.991 436.991 436.991 436.991 436.991 )
1079.576: I:0 (   0.000   0.000   0.000 ) T:1 ( 436.991 436.991 436.991 436.991 436.991 436.991 )
1089.575: I:0 (   0.000   0.000   0.000 ) T:1 ( 436.991 436.991 436.991 436.991 436.991 436.991 )
1099.578: I:0 (   0.000   0.000   0.000 ) T:1 ( 436.991 436.991 436.991 436.991 436.991 436.991 )
1109.572: I:0 (   0.000   0.000   0.000 ) T:1 ( 436.991 436.991 436.991 436.991 436.991 436.991 )
1119.577: I:0 (   0.000   0.000   0.000 ) T:1 ( 436.991 436.991 436.991 436.991 436.991 436.991 )
1129.577: I:0 (   0.000   0.000   0.000 ) T:1 ( 436.991 436.991 436.991 436.991 436.991 436.991 )
1139.569: I:0 (   0.000   0.000   0.000 ) T:1 ( 436.991 436.991 436.991 436.991 436.991 436.991 )
1149.578: I:0 (   0.000   0.000   0.000 ) T:1 ( 436.991 436.991 436.991 436.991 436.991 436.991 )
1159.578: I:0 (   0.000   0.000   0.000 ) T:1 ( 436.991 436.991 436.991 436.991 436.991 436.991 )
1169.577: I:0 (   0.000   0.000   0.000 ) T:1 ( 436.991 436.991 436.991 436.991 436.991 436.991 )
1179.573: I:0 (   0.000   0.000   0.000 ) T:1 ( 436.991 436.991 436.991 436.991 436.991 436.991 )
1189.577: I:0 (   0.000   0.000   0.000 ) T:1 ( 436.991 436.991 436.991 436.991 436.991 436.991 )
1199.570: I:0 (   0.000   0.000   0.000 ) T:1 ( 436.991 436.991 436.991 436.991 436.991 436.991 )
1209.577: I:0 (   0.000   0.000   0.000 ) T:1 ( 436.991 436.991 436.991 436.991 436.991 436.991 )
1219.576: I:0 (   0.000   0.000   0.000 ) T:1 ( 436.991 436.991 436.991 436.991 436.991 436.991 )
1229.577: I:0 (   0.000   0.000   0.000 ) T:1 ( 436.991 436.991 436.991 436.991 436.991 436.991 )
1239.571: I:0 (   0.000   0.000   0.000 ) T:1 ( 436.991 436.991 436.991 436.991 436.991 436.991 )
1249.575: I:0 (   0.000   0.000   0.000 ) T:1 ( 436.991 436.991 436.991 436.991 436.991 436.991 )
1259.577: I:0 (   0.000   0.000   0.000 ) T:1 ( 436.991 436.991 436.991 436.991 436.991 436.991 )
1269.577: I:0 (   0.000   0.000   0.000 ) T:1 ( 436.991 436.991 436.991 436.991 436.991 436.991 )
1279.577: I:0 (   0.000   0.000   0.000 ) T:1 ( 436.991 436.991 436.991 436.991 436.991 436.991 )
1289.578: I:0 (   0.000   0.000   0.000 ) T:1 ( 436.991 436.991 436.991 436.991 436.991 436.991 )
1299.577: I:0 (   0.000   0.000   0.000 ) T:1 ( 436.991 436.991 436.991 436.991 436.991 436.991 )
1309.577: I:0 (   0.000   0.000   0.000 ) T:1 ( 436.991 436.991 436.991 436.991 436.991 436.991 )
1319.574: I:0 (   0.000   0.000   0.000 ) T:1 ( 436.991 436.991 436.991 436.991 436.991 436.991 )
1329.572: I:0 (   0.000   0.000   0.000 ) T:1 ( 436.991 436.991 436.991 436.991 436.991 436.991 )
1339.576: I:0 (   0.000   0.000   0.000 ) T:1 ( 436.991 436.991 436.991 436.991 436.991 436.991 )
1349.577: I:0 (   0.000   0.000   0.000 ) T:1 ( 436.991 436.991 436.991 436.991 436.991 436.991 )
1359.574: I:0 (   0.000   0.000   0.000 ) T:1 ( 436.991 436.991 436.991 436.991 436.991 436.991 )
1369.568: I:0 (   0.000   0.000   0.000 ) T:1 ( 436.991 436.991 436.991 436.991 436.991 436.991 )
1379.570: I:0 (   0.000   0.000   0.000 ) T:1 ( 436.991 436.991 436.991 436.991 436.991 436.991 )
1389.576: I:0 (   0.000   0.000   0.000 ) T:1 ( 436.991 436.991 436.991 436.991 436.991 436.991 )
1399.576: I:0 (   0.000   0.000   0.000 ) T:1 ( 436.991 436.991 436.991 436.991 436.991 436.991 )
1409.576: I:0 (   0.000   0.000   0.000 ) T:1 ( 436.991 436.991 436.991 436.991 436.991 436.991 )
1419.575: I:0 (   0.000   0.000   0.000 ) T:1 ( 436.991 436.991 436.991 436.991 436.991 436.991 )
1429.569: I:0 (   0.000   0.000   0.000 ) T:1 ( 436.991 436.991 436.991 436.991 436.991 436.991 )
1439.576: I:0 (   0.000   0.000   0.000 ) T:1 ( 436.991 436.991 436.991 436.991 436.991 436.991 )
1449.574: I:0 (   0.000   0.000   0.000 ) T:1 ( 436.991 436.991 436.991 436.991 436.991 436.991 )
1459.568: I:0 (   0.000   0.000   0.000 ) T:1 ( 436.991 436.991 436.991 436.991 436.991 436.991 )
1469.578: I:0 (   0.000   0.000   0.000 ) T:1 ( 436.991 436.991 436.991 436.991 436.991 436.991 )
1479.576: I:0 (   0.000   0.000   0.000 ) T:1 ( 436.991 436.991 436.991 436.991 436.991 436.991 )
1489.576: I:0 (   0.000   0.000   0.000 ) T:1 ( 436.991 436.991 436.991 436.991 436.991 436.991 )
1499.576: I:0 (   0.000   0.000   0.000 ) T:1 ( 436.991 436.991 436.991 436.991 436.991 436.991 )
1509.576: I:0 (   0.000   0.000   0.000 ) T:1 ( 436.991 436.991 436.991 436.991 436.991 436.991 )
1519.576: I:0 (   0.000   0.000   0.000 ) T:1 ( 436.991 436.991 436.991 436.991 436.991 436.991 )
1529.576: I:0 (   0.000   0.000   0.000 ) T:1 ( 436.991 436.991 436.991 436.991 436.991 436.991 )
1539.580: I:0 (   0.000   0.000   0.000 ) T:1 ( 436.991 436.991 436.991 436.991 436.991 436.991 )
1549.578: I:0 (   0.000   0.000   0.000 ) T:1 ( 436.991 436.991 436.991 436.991 436.991 436.991 )
1559.578: I:0 (   0.000   0.000   0.000 ) T:1 ( 436.991 436.991 436.991 436.991 436.991 436.991 )
1569.579: I:0 (   0.000   0.000   0.000 ) T:1 ( 436.991 436.991 436.991 436.991 436.991 436.991 )
1579.578: I:0 (   0.000   0.000   0.000 ) T:1 ( 436.991 436.991 436.991 436.991 436.991 436.991 )
1589.579: I:0 (   0.000   0.000   0.000 ) T:1 ( 436.991 436.991 436.991 436.991 436.991 436.991 )
1599.578: I:0 (   0.000   0.000   0.000 ) T:1 ( 436.991 436.991 436.991 436.991 436.991 436.991 )
1609.578: I:0 (   0.000   0.000   0.000 ) T:1 ( 436.991 436.991 436.991 436.991 436.991 436.991 )
1619.577: I:0 (   0.000   0.000   0.000 ) T:1 ( 436.991 436.991 436.991 436.991 436.991 436.991 )
1629.569: I:0 (   0.000   0.000   0.000 ) T:1 ( 436.991 436.991 436.991 436.991 436.991 436.991 )
1639.576: I:0 (   0.000   0.000   0.000 ) T:1 ( 436.991 436.991 436.991 436.991 436.991 436.991 )
1649.577: I:0 (   0.000   0.000   0.000 ) T:1 ( 436.991 436.991 436.991 436.991 436.991 436.991 )
1659.576: I:0 (   0.000   0.000   0.000 ) T:1 ( 436.991 436.991 436.991 436.991 436.991 436.991 )
1669.574: I:0 (   0.000   0.000   0.000 ) T:1 ( 436.991 436.991 436.991 436.991 436.991 436.991 )
1679.580: I:0 (   0.000   0.000   0.000 ) T:1 ( 436.991 436.991 436.991 436.991 436.991 436.991 )
1689.575: I:0 (   0.000   0.000   0.000 ) T:1 ( 436.991 436.991 436.991 436.991 436.991 436.991 )
1699.572: I:0 (   0.000   0.000   0.000 ) T:1 ( 436.991 436.991 436.991 436.991 436.991 436.991 )
1709.573: I:0 (   0.000   0.000   0.000 ) T:1 ( 436.991 436.991 436.991 436.991 436.991 436.991 )
1719.575: I:0 (   0.000   0.000   0.000 ) T:1 ( 436.991 436.991 436.991 436.991 436.991 436.991 )
1729.576: I:0 (   0.000   0.000   0.000 ) T:1 ( 436.991 436.991 436.991 436.991 436.991 436.991 )
1739.576: I:0 (   0.000   0.000   0.000 ) T:1 ( 436.991 436.991 436.991 436.991 436.991 436.991 )
1749.575: I:0 (   0.000   0.000   0.000 ) T:1 ( 436.991 436.991 436.991 436.991 436.991 436.991 )
1759.580: I:0 (   0.000   0.000   0.000 ) T:1 ( 436.991 436.991 436.991 436.991 436.991 436.991 )
1769.577: I:0 (   0.000   0.000   0.000 ) T:1 ( 436.991 436.991 436.991 436.991 436.991 436.991 )
1779.580: I:0 (   0.000   0.000   0.000 ) T:1 ( 436.991 436.991 436.991 436.991 436.991 436.991 )
1789.578: I:0 (   0.000   0.000   0.000 ) T:1 ( 436.991 436.991 436.991 436.991 436.991 436.991 )
1799.577: I:0 (   0.000   0.000   0.000 ) T:1 ( 436.991 436.991 436.991 436.991 436.991 436.991 )
1809.576: I:0 (   0.000   0.000   0.000 ) T:1 ( 436.991 436.991 436.991 436.991 436.991 436.991 )
1819.579: I:0 (   0.000   0.000   0.000 ) T:1 ( 436.991 436.991 436.991 436.991 436.991 436.991 )
1829.576: I:0 (   0.000   0.000   0.000 ) T:1 ( 436.991 436.991 436.991 436.991 436.991 436.991 )
1839.581: I:0 (   0.000   0.000   0.000 ) T:1 ( 436.991 436.991 436.991 436.991 436.991 436.991 )
1849.577: I:0 (   0.000   0.000   0.000 ) T:1 ( 436.991 436.991 436.991 436.991 436.991 436.991 )
1859.578: I:0 (   0.000   0.000   0.000 ) T:1 ( 436.991 436.991 436.991 436.991 436.991 436.991 )
1869.579: I:0 (   0.000   0.000   0.000 ) T:1 ( 436.991 436.991 436.991 436.991 436.991 436.991 )
1879.579: I:0 (   0.000   0.000   0.000 ) T:1 ( 436.991 436.991 436.991 436.991 436.991 436.991 )
1889.574: I:0 (   0.000   0.000   0.000 ) T:1 ( 436.991 436.991 436.991 436.991 436.991 436.991 )
1899.579: I:0 (   0.000   0.000   0.000 ) T:1 ( 436.991 436.991 436.991 436.991 436.991 436.991 )
1909.577: I:0 (   0.000   0.000   0.000 ) T:1 ( 436.991 436.991 436.991 436.991 436.991 436.991 )
1919.573: I:0 (   0.000   0.000   0.000 ) T:1 ( 436.991 436.991 436.991 436.991 436.991 436.991 )
1929.576: I:0 (   0.000   0.000   0.000 ) T:1 ( 436.991 436.991 436.991 436.991 436.991 436.991 )
1939.579: I:0 (   0.000   0.000   0.000 ) T:1 ( 436.991 436.991 436.991 436.991 436.991 436.991 )
1949.578: I:0 (   0.000   0.000   0.000 ) T:1 ( 436.991 436.991 436.991 436.991 436.991 436.991 )
1959.577: I:0 (   0.000   0.000   0.000 ) T:1 ( 436.991 436.991 436.991 436.991 436.991 436.991 )
1969.579: I:0 (   0.000   0.000   0.000 ) T:1 ( 436.991 436.991 436.991 436.991 436.991 436.991 )
1979.579: I:0 (   0.000   0.000   0.000 ) T:1 ( 436.991 436.991 436.991 436.991 436.991 436.991 )
1989.575: I:0 (   0.000   0.000   0.000 ) T:1 ( 436.991 436.991 436.991 436.991 436.991 436.991 )
1999.578: I:0 (   0.000   0.000   0.000 ) T:1 ( 436.991 436.991 436.991 436.991 436.991 436.991 )
2009.576: I:0 (   0.000   0.000   0.000 ) T:1 ( 436.991 436.991 436.991 436.991 436.991 436.991 )
2019.573: I:0 (   0.000   0.000   0.000 ) T:1 ( 436.991 436.991 436.991 436.991 436.991 436.991 )
2029.577: I:0 (   0.000   0.000   0.000 ) T:1 ( 436.991 436.991 436.991 436.991 436.991 436.991 )
2039.568: I:0 (   0.000   0.000   0.000 ) T:1 ( 436.991 436.991 436.991 436.991 436.991 436.991 )
2049.578: I:0 (   0.000   0.000   0.000 ) T:1 ( 436.991 436.991 436.991 436.991 436.991 436.991 )
2059.580: I:0 (   0.000   0.000   0.000 ) T:1 ( 436.991 436.991 436.991 436.991 436.991 436.991 )
2069.578: I:0 (   0.000   0.000   0.000 ) T:1 ( 436.991 436.991 436.991 436.991 436.991 436.991 )
2079.578: I:0 (   0.000   0.000   0.000 ) T:1 ( 436.991 436.991 436.991 436.991 436.991 436.991 )
2089.573: I:0 (   0.000   0.000   0.000 ) T:1 ( 436.991 436.991 436.991 436.991 436.991 436.991 )
2099.580: I:0 (   0.000   0.000   0.000 ) T:1 ( 436.991 436.991 436.991 436.991 436.991 436.991 )
2109.576: I:0 (   0.000   0.000   0.000 ) T:1 ( 436.991 436.991 436.991 436.991 436.991 436.991 )
2119.576: I:0 (   0.000   0.000   0.000 ) T:1 ( 436.991 436.991 436.991 436.991 436.991 436.991 )
2129.576: I:0 (   0.000   0.000   0.000 ) T:1 ( 436.991 436.991 436.991 436.991 436.991 436.991 )
2139.575: I:0 (   0.000   0.000   0.000 ) T:1 ( 436.991 436.991 436.991 436.991 436.991 436.991 )
2149.576: I:0 (   0.000   0.000   0.000 ) T:1 ( 436.991 436.991 436.991 436.991 436.991 436.991 )
2159.577: I:0 (   0.000   0.000   0.000 ) T:1 ( 436.991 436.991 436.991 436.991 436.991 436.991 )
2169.577: I:0 (   0.000   0.000   0.000 ) T:1 ( 436.991 436.991 436.991 436.991 436.991 436.991 )
2179.579: I:0 (   0.000   0.000   0.000 ) T:1 ( 436.991 436.991 436.991 436.991 436.991 436.991 )
2189.573: I:0 (   0.000   0.000   0.000 ) T:1 ( 436.991 436.991 436.991 436.991 436.991 436.991 )
2199.575: I:0 (   0.000   0.000   0.000 ) T:1 ( 436.991 436.991 436.991 436.991 436.991 436.991 )
2209.579: I:0 (   0.000   0.000   0.000 ) T:1 ( 436.991 436.991 436.991 436.991 436.991 436.991 )
2219.568: I:0 (   0.000   0.000   0.000 ) T:1 ( 436.991 436.991 436.991 436.991 436.991 436.991 )
2229.579: I:0 (   0.000   0.000   0.000 ) T:1 ( 436.991 436.991 436.991 436.991 436.991 436.991 )
2239.572: I:0 (   0.000   0.000   0.000 ) T:1 ( 436.991 436.991 436.991 436.991 436.991 436.991 )
2249.574: I:0 (   0.000   0.000   0.000 ) T:1 ( 436.991 436.991 436.991 436.991 436.991 436.991 )
2259.576: I:0 (   0.000   0.000   0.000 ) T:1 ( 436.991 436.991 436.991 436.991 436.991 436.991 )
2269.576: I:0 (   0.000   0.000   0.000 ) T:1 ( 436.991 436.991 436.991 436.991 436.991 436.991 )
2279.572: I:0 (   0.000   0.000   0.000 ) T:1 ( 436.991 436.991 436.991 436.991 436.991 436.991 )
2289.578: I:0 (   0.000   0.000   0.000 ) T:1 ( 436.991 436.991 436.991 436.991 436.991 436.991 )
2299.578: I:0 (   0.000   0.000   0.000 ) T:1 ( 436.991 436.991 436.991 436.991 436.991 436.991 )
2309.575: I:0 (   0.000   0.000   0.000 ) T:1 ( 436.991 436.991 436.991 436.991 436.991 436.991 )
2319.579: I:0 (   0.000   0.000   0.000 ) T:1 ( 436.991 436.991 436.991 436.991 436.991 436.991 )
2329.580: I:0 (   0.000   0.000   0.000 ) T:1 ( 436.991 436.991 436.991 436.991 436.991 436.991 )
2339.583: I:0 (   0.000   0.000   0.000 ) T:1 ( 436.991 436.991 436.991 436.991 436.991 436.991 )
2349.576: I:0 (   0.000   0.000   0.000 ) T:1 ( 436.991 436.991 436.991 436.991 436.991 436.991 )
2359.576: I:0 (   0.000   0.000   0.000 ) T:1 ( 436.991 436.991 436.991 436.991 436.991 436.991 )
2369.574: I:0 (   0.000   0.000   0.000 ) T:1 ( 436.991 436.991 436.991 436.991 436.991 436.991 )
2379.578: I:0 (   0.000   0.000   0.000 ) T:1 ( 436.991 436.991 436.991 436.991 436.991 436.991 )
2389.576: I:0 (   0.000   0.000   0.000 ) T:1 ( 436.991 436.991 436.991 436.991 436.991 436.991 )
2399.578: I:0 (   0.000   0.000   0.000 ) T:1 ( 436.991 436.991 436.991 436.991 436.991 436.991 )
2409.578: I:0 (   0.000   0.000   0.000 ) T:1 ( 436.991 436.991 436.991 436.991 436.991 436.991 )
2419.580: I:0 (   0.000   0.000   0.000 ) T:1 ( 436.991 436.991 436.991 436.991 436.991 436.991 )
2429.570: I:0 (   0.000   0.000   0.000 ) T:1 ( 436.991 436.991 436.991 436.991 436.991 436.991 )
2439.578: I:0 (   0.000   0.000   0.000 ) T:1 ( 436.991 436.991 436.991 436.991 436.991 436.991 )
2449.597: I:0 (   0.000   0.000   0.000 ) T:1 ( 436.991 436.991 436.991 436.991 436.991 436.991 )
2459.580: I:0 (   0.000   0.000   0.000 ) T:1 ( 436.991 436.991 436.991 436.991 436.991 436.991 )
2469.574: I:0 (   0.000   0.000   0.000 ) T:1 ( 436.991 436.991 436.991 436.991 436.991 436.991 )
2479.574: I:0 (   0.000   0.000   0.000 ) T:1 ( 436.991 436.991 436.991 436.991 436.991 436.991 )
2489.578: I:0 (   0.000   0.000   0.000 ) T:1 ( 436.991 436.991 436.991 436.991 436.991 436.991 )
2499.570: I:0 (   0.000   0.000   0.000 ) T:1 ( 436.991 436.991 436.991 436.991 436.991 436.991 )
2509.571: I:0 (   0.000   0.000   0.000 ) T:1 ( 436.991 436.991 436.991 436.991 436.991 436.991 )
2519.574: I:0 (   0.000   0.000   0.000 ) T:1 ( 436.991 436.991 436.991 436.991 436.991 436.991 )
2529.577: I:0 (   0.000   0.000   0.000 ) T:1 ( 436.991 436.991 436.991 436.991 436.991 436.991 )
2539.570: I:0 (   0.000   0.000   0.000 ) T:1 ( 436.991 436.991 436.991 436.991 436.991 436.991 )
2549.577: I:0 (   0.000   0.000   0.000 ) T:1 ( 436.991 436.991 436.991 436.991 436.991 436.991 )
2559.577: I:0 (   0.000   0.000   0.000 ) T:1 ( 436.991 436.991 436.991 436.991 436.991 436.991 )
2569.578: I:0 (   0.000   0.000   0.000 ) T:1 ( 436.991 436.991 436.991 436.991 436.991 436.991 )
2579.576: I:0 (   0.000   0.000   0.000 ) T:1 ( 436.991 436.991 436.991 436.991 436.991 436.991 )
2589.576: I:0 (   0.000   0.000   0.000 ) T:1 ( 436.991 436.991 436.991 436.991 436.991 436.991 )
2599.572: I:0 (   0.000   0.000   0.000 ) T:1 ( 436.991 436.991 436.991 436.991 436.991 436.991 )
2609.576: I:0 (   0.000   0.000   0.000 ) T:1 ( 436.991 436.991 436.991 436.991 436.991 436.991 )
2619.569: I:0 (   0.000   0.000   0.000 ) T:1 ( 436.991 436.991 436.991 436.991 436.991 436.991 )
2629.579: I:0 (   0.000   0.000   0.000 ) T:1 ( 436.991 436.991 436.991 436.991 436.991 436.991 )
2639.578: I:0 (   0.000   0.000   0.000 ) T:1 ( 436.991 436.991 436.991 436.991 436.991 436.991 )
2649.579: I:0 (   0.000   0.000   0.000 ) T:1 ( 436.991 436.991 436.991 436.991 436.991 436.991 )
2659.576: I:0 (   0.000   0.000   0.000 ) T:1 ( 436.991 436.991 436.991 436.991 436.991 436.991 )
2669.577: I:0 (   0.000   0.000   0.000 ) T:1 ( 436.991 436.991 436.991 436.991 436.991 436.991 )
2679.579: I:0 (   0.000   0.000   0.000 ) T:1 ( 436.991 436.991 436.991 436.991 436.991 436.991 )
2689.577: I:0 (   0.000   0.000   0.000 ) T:1 ( 436.991 436.991 436.991 436.991 436.991 436.991 )
2699.577: I:0 (   0.000   0.000   0.000 ) T:1 ( 436.991 436.991 436.991 436.991 436.991 436.991 )
2709.576: I:0 (   0.000   0.000   0.000 ) T:1 ( 436.991 436.991 436.991 436.991 436.991 436.991 )
2719.575: I:0 (   0.000   0.000   0.000 ) T:1 ( 436.991 436.991 436.991 436.991 436.991 436.991 )
2729.576: I:0 (   0.000   0.000   0.000 ) T:1 ( 436.991 436.991 436.991 436.991 436.991 436.991 )
2739.579: I:0 (   0.000   0.000   0.000 ) T:1 ( 436.991 436.991 436.991 436.991 436.991 436.991 )
2749.577: I:0 (   0.000   0.000   0.000 ) T:1 ( 436.991 436.991 436.991 436.991 436.991 436.991 )
2759.576: I:0 (   0.000   0.000   0.000 ) T:1 ( 436.991 436.991 436.991 436.991 436.991 436.991 )
2769.577: I:0 (   0.000   0.000   0.000 ) T:1 ( 436.991 436.991 436.991 436.991 436.991 436.991 )
2779.577: I:0 (   0.000   0.000   0.000 ) T:1 ( 436.991 436.991 436.991 436.991 436.991 436.991 )
2789.575: I:0 (   0.000   0.000   0.000 ) T:1 ( 436.991 436.991 436.991 436.991 436.991 436.991 )
2799.576: I:0 (   0.000   0.000   0.000 ) T:1 ( 436.991 436.991 436.991 436.991 436.991 436.991 )
2809.579: I:0 (   0.000   0.000   0.000 ) T:1 ( 436.991 436.991 436.991 436.991 436.991 436.991 )
2819.569: I:0 (   0.000   0.000   0.000 ) T:1 ( 436.991 436.991 436.991 436.991 436.991 436.991 )
2829.577: I:0 (   0.000   0.000   0.000 ) T:1 ( 436.991 436.991 436.991 436.991 436.991 436.991 )
2839.572: I:0 (   0.000   0.000   0.000 ) T:1 ( 436.991 436.991 436.991 436.991 436.991 436.991 )
2849.569: I:0 (   0.000   0.000   0.000 ) T:1 ( 436.991 436.991 436.991 436.991 436.991 436.991 )
2859.576: I:0 (   0.000   0.000   0.000 ) T:1 ( 436.991 436.991 436.991 436.991 436.991 436.991 )
2869.579: I:0 (   0.000   0.000   0.000 ) T:1 ( 436.991 436.991 436.991 436.991 436.991 436.991 )
2879.567: I:0 (   0.000   0.000   0.000 ) T:1 ( 436.991 436.991 436.991 436.991 436.991 436.991 )
2889.578: I:0 (   0.000   0.000   0.000 ) T:1 ( 436.991 436.991 436.991 436.991 436.991 436.991 )
2899.576: I:0 (   0.000   0.000   0.000 ) T:1 ( 436.991 436.991 436.991 436.991 436.991 436.991 )
2909.571: I:0 (   0.000   0.000   0.000 ) T:1 ( 436.991 436.991 436.991 436.991 436.991 436.991 )
2919.578: I:0 (   0.000   0.000   0.000 ) T:1 ( 436.991 436.991 436.991 436.991 436.991 436.991 )
2929.577: I:0 (   0.000   0.000   0.000 ) T:1 ( 436.991 436.991 436.991 436.991 436.991 436.991 )
2939.576: I:0 (   0.000   0.000   0.000 ) T:1 ( 436.991 436.991 436.991 436.991 436.991 436.991 )
2949.574: I:0 (   0.000   0.000   0.000 ) T:1 ( 436.991 436.991 436.991 436.991 436.991 436.991 )
2959.575: I:0 (   0.000   0.000   0.000 ) T:1 ( 436.991 436.991 436.991 436.991 436.991 436.991 )
2969.577: I:0 (   0.000   0.000   0.000 ) T:1 ( 436.991 436.991 436.991 436.991 436.991 436.991 )
2979.578: I:0 (   0.000   0.000   0.000 ) T:1 ( 436.991 436.991 436.991 436.991 436.991 436.991 )
2989.572: I:0 (   0.000   0.000   0.000 ) T:1 ( 436.991 436.991 436.991 436.991 436.991 436.991 )
2999.579: I:0 (   0.000   0.000   0.000 ) T:1 ( 436.991 436.991 436.991 436.991 436.991 436.991 )
3009.575: I:0 (   0.000   0.000   0.000 ) T:1 ( 436.991 436.991 436.991 436.991 436.991 436.991 )
3019.576: I:0 (   0.000   0.000   0.000 ) T:1 ( 436.991 436.991 436.991 436.991 436.991 436.991 )
3029.580: I:0 (   0.000   0.000   0.000 ) T:1 ( 436.991 436.991 436.991 436.991 436.991 436.991 )
3039.575: I:0 (   0.000   0.000   0.000 ) T:1 ( 436.991 436.991 436.991 436.991 436.991 436.991 )
3049.577: I:0 (   0.000   0.000   0.000 ) T:1 ( 436.991 436.991 436.991 436.991 436.991 436.991 )
3059.578: I:0 (   0.000   0.000   0.000 ) T:1 ( 436.991 436.991 436.991 436.991 436.991 436.991 )
3069.576: I:0 (   0.000   0.000   0.000 ) T:1 ( 436.991 436.991 436.991 436.991 436.991 436.991 )
3079.576: I:0 (   0.000   0.000   0.000 ) T:1 ( 436.991 436.991 436.991 436.991 436.991 436.991 )
3089.576: I:0 (   0.000   0.000   0.000 ) T:1 ( 436.991 436.991 436.991 436.991 436.991 436.991 )
3099.577: I:0 (   0.000   0.000   0.000 ) T:1 ( 436.991 436.991 436.991 436.991 436.991 436.991 )
3109.578: I:0 (   0.000   0.000   0.000 ) T:1 ( 436.991 436.991 436.991 436.991 436.991 436.991 )
3119.577: I:0 (   0.000   0.000   0.000 ) T:1 ( 436.991 436.991 436.991 436.991 436.991 436.991 )
3129.577: I:0 (   0.000   0.000   0.000 ) T:1 ( 436.991 436.991 436.991 436.991 436.991 436.991 )
3139.575: I:0 (   0.000   0.000   0.000 ) T:1 ( 436.991 436.991 436.991 436.991 436.991 436.991 )
3149.575: I:0 (   0.000   0.000   0.000 ) T:1 ( 436.991 436.991 436.991 436.991 436.991 436.991 )
3159.578: I:0 (   0.000   0.000   0.000 ) T:1 ( 436.991 436.991 436.991 436.991 436.991 436.991 )
3169.574: I:0 (   0.000   0.000   0.000 ) T:1 ( 436.991 436.991 436.991 436.991 436.991 436.991 )
3179.573: I:0 (   0.000   0.000   0.000 ) T:1 ( 436.991 436.991 436.991 436.991 436.991 436.991 )
3189.578: I:0 (   0.000   0.000   0.000 ) T:1 ( 436.991 436.991 436.991 436.991 436.991 436.991 )
3199.569: I:0 (   0.000   0.000   0.000 ) T:1 ( 436.991 436.991 436.991 436.991 436.991 436.991 )
3209.580: I:0 (   0.000   0.000   0.000 ) T:1 ( 436.991 436.991 436.991 436.991 436.991 436.991 )
3219.569: I:0 (   0.000   0.000   0.000 ) T:1 ( 436.991 436.991 436.991 436.991 436.991 436.991 )
3229.581: I:0 (   0.000   0.000   0.000 ) T:1 ( 436.991 436.991 436.991 436.991 436.991 436.991 )
3239.575: I:0 (   0.000   0.000   0.000 ) T:1 ( 436.991 436.991 436.991 436.991 436.991 436.991 )
3249.578: I:0 (   0.000   0.000   0.000 ) T:1 ( 436.991 436.991 436.991 436.991 436.991 436.991 )
3259.577: I:0 (   0.000   0.000   0.000 ) T:1 ( 436.991 436.991 436.991 436.991 436.991 436.991 )
3269.576: I:0 (   0.000   0.000   0.000 ) T:1 ( 436.991 436.991 436.991 436.991 436.991 436.991 )
3279.575: I:0 (   0.000   0.000   0.000 ) T:1 ( 436.991 436.991 436.991 436.991 436.991 436.991 )
3289.576: I:0 (   0.000   0.000   0.000 ) T:1 ( 436.991 436.991 436.991 436.991 436.991 436.991 )
3299.576: I:0 (   0.000   0.000   0.000 ) T:1 ( 436.991 436.991 436.991 436.991 436.991 436.991 )
3309.576: I:0 (   0.000   0.000   0.000 ) T:1 ( 436.991 436.991 436.991 436.991 436.991 436.991 )
3319.579: I:0 (   0.000   0.000   0.000 ) T:1 ( 436.991 436.991 436.991 436.991 436.991 436.991 )
3329.575: I:0 (   0.000   0.000   0.000 ) T:1 ( 436.991 436.991 436.991 436.991 436.991 436.991 )
3339.576: I:0 (   0.000   0.000   0.000 ) T:1 ( 436.991 436.991 436.991 436.991 436.991 436.991 )
3349.577: I:0 (   0.000   0.000   0.000 ) T:1 ( 436.991 436.991 436.991 436.991 436.991 436.991 )
3359.577: I:0 (   0.000   0.000   0.000 ) T:1 ( 436.991 436.991 436.991 436.991 436.991 436.991 )
3369.574: I:0 (   0.000   0.000   0.000 ) T:1 ( 436.991 436.991 436.991 436.991 436.991 436.991 )
3379.578: I:0 (   0.000   0.000   0.000 ) T:1 ( 436.991 436.991 436.991 436.991 436.991 436.991 )
3389.578: I:0 (   0.000   0.000   0.000 ) T:1 ( 436.991 436.991 436.991 436.991 436.991 436.991 )
3399.576: I:0 (   0.000   0.000   0.000 ) T:1 ( 436.991 436.991 436.991 436.991 436.991 436.991 )
3409.576: I:0 (   0.000   0.000   0.000 ) T:1 ( 436.991 436.991 436.991 436.991 436.991 436.991 )
3419.577: I:0 (   0.000   0.000   0.000 ) T:1 ( 436.991 436.991 436.991 436.991 436.991 436.991 )
3429.576: I:0 (   0.000   0.000   0.000 ) T:1 ( 436.991 436.991 436.991 436.991 436.991 436.991 )
3439.579: I:0 (   0.000   0.000   0.000 ) T:1 ( 436.991 436.991 436.991 436.991 436.991 436.991 )
3449.575: I:0 (   0.000   0.000   0.000 ) T:1 ( 436.991 436.991 436.991 436.991 436.991 436.991 )
3459.571: I:0 (   0.000   0.000   0.000 ) T:1 ( 436.991 436.991 436.991 436.991 436.991 436.991 )
3469.579: I:0 (   0.000   0.000   0.000 ) T:1 ( 436.991 436.991 436.991 436.991 436.991 436.991 )
3479.578: I:0 (   0.000   0.000   0.000 ) T:1 ( 436.991 436.991 436.991 436.991 436.991 436.991 )
3489.574: I:0 (   0.000   0.000   0.000 ) T:1 ( 436.991 436.991 436.991 436.991 436.991 436.991 )
3499.576: I:0 (   0.000   0.000   0.000 ) T:1 ( 436.991 436.991 436.991 436.991 436.991 436.991 )
3509.574: I:0 (   0.000   0.000   0.000 ) T:1 ( 436.991 436.991 436.991 436.991 436.991 436.991 )
3519.575: I:0 (   0.000   0.000   0.000 ) T:1 ( 436.991 436.991 436.991 436.991 436.991 436.991 )
3529.578: I:0 (   0.000   0.000   0.000 ) T:1 ( 436.991 436.991 436.991 436.991 436.991 436.991 )
3539.576: I:0 (   0.000   0.000   0.000 ) T:1 ( 436.991 436.991 436.991 436.991 436.991 436.991 )
3549.578: I:0 (   0.000   0.000   0.000 ) T:1 ( 436.991 436.991 436.991 436.991 436.991 436.991 )
3559.570: I:0 (   0.000   0.000   0.000 ) T:1 ( 436.991 436.991 436.991 436.991 436.991 436.991 )
3569.574: I:0 (   0.000   0.000   0.000 ) T:1 ( 436.991 436.991 436.991 436.991 436.991 436.991 )
3579.576: I:0 (   0.000   0.000   0.000 ) T:1 ( 436.991 436.991 436.991 436.991 436.991 436.991 )
3589.590: I:0 (   0.000   0.000   0.000 ) T:1 ( 436.991 436.991 436.991 436.991 436.991 436.991 )
3599.575: I:0 (   0.000   0.000   0.000 ) T:1 ( 436.991 436.991 436.991 436.991 436.991 436.991 )
3609.578: I:0 (   0.000   0.000   0.000 ) T:1 ( 436.991 436.991 436.991 436.991 436.991 436.991 )
3619.574: I:0 (   0.000   0.000   0.000 ) T:1 ( 436.991 436.991 436.991 436.991 436.991 436.991 )
3629.651: I:0 (   0.000   0.000   0.000 ) T:1 ( 436.991 436.991 436.991 436.991 436.991 436.991 )
3639.578: I:0 (   0.000   0.000   0.000 ) T:1 ( 436.991 436.991 436.991 436.991 436.991 436.991 )
3649.572: I:0 (   0.000   0.000   0.000 ) T:1 ( 436.991 436.991 436.991 436.991 436.991 436.991 )
3659.572: I:0 (   0.000   0.000   0.000 ) T:1 ( 436.991 436.991 436.991 436.991 436.991 436.991 )
3669.576: I:0 (   0.000   0.000   0.000 ) T:1 ( 436.991 436.991 436.991 436.991 436.991 436.991 )
3679.581: I:0 (   0.000   0.000   0.000 ) T:1 ( 436.991 436.991 436.991 436.991 436.991 436.991 )
3689.578: I:0 (   0.000   0.000   0.000 ) T:1 ( 436.991 436.991 436.991 436.991 436.991 436.991 )
3698.072: I:0 (   0.000   0.000   0.000 ) T:1 ( 436.991 436.991 436.991 436.991 436.991 436.991 )
3698.114: I:0 (   0.000   0.000   0.000 ) T:1 ( 436.991 436.991 436.991 436.991 436.991 436.991 )
