#[Interval percentile log between 0.000 and <Infinite> seconds (relative to StartTime)]
#[StartTime: 1524420075.361 (seconds since epoch), Sun Apr 22 20:01:15 CEST 2018]
Time: IntervalPercentiles:count ( 50% 90% Max ) TotalPercentiles:count ( 50% 90% 99% 99.9% 99.99% Max )
9.570: I:1 ( 438.015 438.015 438.015 ) T:1 ( 438.015 438.015 438.015 438.015 438.015 438.015 )
19.565: I:0 (   0.000   0.000   0.000 ) T:1 ( 438.015 438.015 438.015 438.015 438.015 438.015 )
29.566: I:0 (   0.000   0.000   0.000 ) T:1 ( 438.015 438.015 438.015 438.015 438.015 438.015 )
39.564: I:0 (   0.000   0.000   0.000 ) T:1 ( 438.015 438.015 438.015 438.015 438.015 438.015 )
49.563: I:0 (   0.000   0.000   0.000 ) T:1 ( 438.015 438.015 438.015 438.015 438.015 438.015 )
59.567: I:0 (   0.000   0.000   0.000 ) T:1 ( 438.015 438.015 438.015 438.015 438.015 438.015 )
69.564: I:0 (   0.000   0.000   0.000 ) T:1 ( 438.015 438.015 438.015 438.015 438.015 438.015 )
79.563: I:0 (   0.000   0.000   0.000 ) T:1 ( 438.015 438.015 438.015 438.015 438.015 438.015 )
89.563: I:0 (   0.000   0.000   0.000 ) T:1 ( 438.015 438.015 438.015 438.015 438.015 438.015 )
99.564: I:0 (   0.000   0.000   0.000 ) T:1 ( 438.015 438.015 438.015 438.015 438.015 438.015 )
109.563: I:0 (   0.000   0.000   0.000 ) T:1 ( 438.015 438.015 438.015 438.015 438.015 438.015 )
119.563: I:0 (   0.000   0.000   0.000 ) T:1 ( 438.015 438.015 438.015 438.015 438.015 438.015 )
129.563: I:0 (   0.000   0.000   0.000 ) T:1 ( 438.015 438.015 438.015 438.015 438.015 438.015 )
139.563: I:0 (   0.000   0.000   0.000 ) T:1 ( 438.015 438.015 438.015 438.015 438.015 438.015 )
149.563: I:0 (   0.000   0.000   0.000 ) T:1 ( 438.015 438.015 438.015 438.015 438.015 438.015 )
159.563: I:0 (   0.000   0.000   0.000 ) T:1 ( 438.015 438.015 438.015 438.015 438.015 438.015 )
169.562: I:0 (   0.000   0.000   0.000 ) T:1 ( 438.015 438.015 438.015 438.015 438.015 438.015 )
179.563: I:0 (   0.000   0.000   0.000 ) T:1 ( 438.015 438.015 438.015 438.015 438.015 438.015 )
189.563: I:0 (   0.000   0.000   0.000 ) T:1 ( 438.015 438.015 438.015 438.015 438.015 438.015 )
199.562: I:0 (   0.000   0.000   0.000 ) T:1 ( 438.015 438.015 438.015 438.015 438.015 438.015 )
209.563: I:0 (   0.000   0.000   0.000 ) T:1 ( 438.015 438.015 438.015 438.015 438.015 438.015 )
219.563: I:0 (   0.000   0.000   0.000 ) T:1 ( 438.015 438.015 438.015 438.015 438.015 438.015 )
229.563: I:0 (   0.000   0.000   0.000 ) T:1 ( 438.015 438.015 438.015 438.015 438.015 438.015 )
239.563: I:0 (   0.000   0.000   0.000 ) T:1 ( 438.015 438.015 438.015 438.015 438.015 438.015 )
249.563: I:0 (   0.000   0.000   0.000 ) T:1 ( 438.015 438.015 438.015 438.015 438.015 438.015 )
259.563: I:0 (   0.000   0.000   0.000 ) T:1 ( 438.015 438.015 438.015 438.015 438.015 438.015 )
269.563: I:0 (   0.000   0.000   0.000 ) T:1 ( 438.015 438.015 438.015 438.015 438.015 438.015 )
279.563: I:0 (   0.000   0.000   0.000 ) T:1 ( 438.015 438.015 438.015 438.015 438.015 438.015 )
289.562: I:0 (   0.000   0.000   0.000 ) T:1 ( 438.015 438.015 438.015 438.015 438.015 438.015 )
299.563: I:0 (   0.000   0.000   0.000 ) T:1 ( 438.015 438.015 438.015 438.015 438.015 438.015 )
309.563: I:0 (   0.000   0.000   0.000 ) T:1 ( 438.015 438.015 438.015 438.015 438.015 438.015 )
319.563: I:0 (   0.000   0.000   0.000 ) T:1 ( 438.015 438.015 438.015 438.015 438.015 438.015 )
329.562: I:0 (   0.000   0.000   0.000 ) T:1 ( 438.015 438.015 438.015 438.015 438.015 438.015 )
339.563: I:0 (   0.000   0.000   0.000 ) T:1 ( 438.015 438.015 438.015 438.015 438.015 438.015 )
349.563: I:0 (   0.000   0.000   0.000 ) T:1 ( 438.015 438.015 438.015 438.015 438.015 438.015 )
359.563: I:0 (   0.000   0.000   0.000 ) T:1 ( 438.015 438.015 438.015 438.015 438.015 438.015 )
369.563: I:0 (   0.000   0.000   0.000 ) T:1 ( 438.015 438.015 438.015 438.015 438.015 438.015 )
379.562: I:0 (   0.000   0.000   0.000 ) T:1 ( 438.015 438.015 438.015 438.015 438.015 438.015 )
389.562: I:0 (   0.000   0.000   0.000 ) T:1 ( 438.015 438.015 438.015 438.015 438.015 438.015 )
399.563: I:0 (   0.000   0.000   0.000 ) T:1 ( 438.015 438.015 438.015 438.015 438.015 438.015 )
409.563: I:0 (   0.000   0.000   0.000 ) T:1 ( 438.015 438.015 438.015 438.015 438.015 438.015 )
419.563: I:0 (   0.000   0.000   0.000 ) T:1 ( 438.015 438.015 438.015 438.015 438.015 438.015 )
429.562: I:0 (   0.000   0.000   0.000 ) T:1 ( 438.015 438.015 438.015 438.015 438.015 438.015 )
439.563: I:0 (   0.000   0.000   0.000 ) T:1 ( 438.015 438.015 438.015 438.015 438.015 438.015 )
449.563: I:0 (   0.000   0.000   0.000 ) T:1 ( 438.015 438.015 438.015 438.015 438.015 438.015 )
459.563: I:0 (   0.000   0.000   0.000 ) T:1 ( 438.015 438.015 438.015 438.015 438.015 438.015 )
469.563: I:0 (   0.000   0.000   0.000 ) T:1 ( 438.015 438.015 438.015 438.015 438.015 438.015 )
479.563: I:0 (   0.000   0.000   0.000 ) T:1 ( 438.015 438.015 438.015 438.015 438.015 438.015 )
489.563: I:0 (   0.000   0.000   0.000 ) T:1 ( 438.015 438.015 438.015 438.015 438.015 438.015 )
499.563: I:0 (   0.000   0.000   0.000 ) T:1 ( 438.015 438.015 438.015 438.015 438.015 438.015 )
509.563: I:0 (   0.000   0.000   0.000 ) T:1 ( 438.015 438.015 438.015 438.015 438.015 438.015 )
519.563: I:0 (   0.000   0.000   0.000 ) T:1 ( 438.015 438.015 438.015 438.015 438.015 438.015 )
529.563: I:0 (   0.000   0.000   0.000 ) T:1 ( 438.015 438.015 438.015 438.015 438.015 438.015 )
539.563: I:0 (   0.000   0.000   0.000 ) T:1 ( 438.015 438.015 438.015 438.015 438.015 438.015 )
549.563: I:0 (   0.000   0.000   0.000 ) T:1 ( 438.015 438.015 438.015 438.015 438.015 438.015 )
559.563: I:0 (   0.000   0.000   0.000 ) T:1 ( 438.015 438.015 438.015 438.015 438.015 438.015 )
569.563: I:0 (   0.000   0.000   0.000 ) T:1 ( 438.015 438.015 438.015 438.015 438.015 438.015 )
579.563: I:0 (   0.000   0.000   0.000 ) T:1 ( 438.015 438.015 438.015 438.015 438.015 438.015 )
589.564: I:0 (   0.000   0.000   0.000 ) T:1 ( 438.015 438.015 438.015 438.015 438.015 438.015 )
599.563: I:0 (   0.000   0.000   0.000 ) T:1 ( 438.015 438.015 438.015 438.015 438.015 438.015 )
609.562: I:0 (   0.000   0.000   0.000 ) T:1 ( 438.015 438.015 438.015 438.015 438.015 438.015 )
619.562: I:0 (   0.000   0.000   0.000 ) T:1 ( 438.015 438.015 438.015 438.015 438.015 438.015 )
629.563: I:0 (   0.000   0.000   0.000 ) T:1 ( 438.015 438.015 438.015 438.015 438.015 438.015 )
639.563: I:0 (   0.000   0.000   0.000 ) T:1 ( 438.015 438.015 438.015 438.015 438.015 438.015 )
649.563: I:0 (   0.000   0.000   0.000 ) T:1 ( 438.015 438.015 438.015 438.015 438.015 438.015 )
659.562: I:0 (   0.000   0.000   0.000 ) T:1 ( 438.015 438.015 438.015 438.015 438.015 438.015 )
669.563: I:0 (   0.000   0.000   0.000 ) T:1 ( 438.015 438.015 438.015 438.015 438.015 438.015 )
679.562: I:0 (   0.000   0.000   0.000 ) T:1 ( 438.015 438.015 438.015 438.015 438.015 438.015 )
689.562: I:0 (   0.000   0.000   0.000 ) T:1 ( 438.015 438.015 438.015 438.015 438.015 438.015 )
699.563: I:0 (   0.000   0.000   0.000 ) T:1 ( 438.015 438.015 438.015 438.015 438.015 438.015 )
709.562: I:0 (   0.000   0.000   0.000 ) T:1 ( 438.015 438.015 438.015 438.015 438.015 438.015 )
719.563: I:0 (   0.000   0.000   0.000 ) T:1 ( 438.015 438.015 438.015 438.015 438.015 438.015 )
729.562: I:0 (   0.000   0.000   0.000 ) T:1 ( 438.015 438.015 438.015 438.015 438.015 438.015 )
739.562: I:0 (   0.000   0.000   0.000 ) T:1 ( 438.015 438.015 438.015 438.015 438.015 438.015 )
749.562: I:0 (   0.000   0.000   0.000 ) T:1 ( 438.015 438.015 438.015 438.015 438.015 438.015 )
759.562: I:0 (   0.000   0.000   0.000 ) T:1 ( 438.015 438.015 438.015 438.015 438.015 438.015 )
769.562: I:0 (   0.000   0.000   0.000 ) T:1 ( 438.015 438.015 438.015 438.015 438.015 438.015 )
779.562: I:0 (   0.000   0.000   0.000 ) T:1 ( 438.015 438.015 438.015 438.015 438.015 438.015 )
789.562: I:0 (   0.000   0.000   0.000 ) T:1 ( 438.015 438.015 438.015 438.015 438.015 438.015 )
799.563: I:0 (   0.000   0.000   0.000 ) T:1 ( 438.015 438.015 438.015 438.015 438.015 438.015 )
809.562: I:0 (   0.000   0.000   0.000 ) T:1 ( 438.015 438.015 438.015 438.015 438.015 438.015 )
819.562: I:0 (   0.000   0.000   0.000 ) T:1 ( 438.015 438.015 438.015 438.015 438.015 438.015 )
829.562: I:0 (   0.000   0.000   0.000 ) T:1 ( 438.015 438.015 438.015 438.015 438.015 438.015 )
839.562: I:0 (   0.000   0.000   0.000 ) T:1 ( 438.015 438.015 438.015 438.015 438.015 438.015 )
849.562: I:0 (   0.000   0.000   0.000 ) T:1 ( 438.015 438.015 438.015 438.015 438.015 438.015 )
859.562: I:0 (   0.000   0.000   0.000 ) T:1 ( 438.015 438.015 438.015 438.015 438.015 438.015 )
869.562: I:0 (   0.000   0.000   0.000 ) T:1 ( 438.015 438.015 438.015 438.015 438.015 438.015 )
879.562: I:0 (   0.000   0.000   0.000 ) T:1 ( 438.015 438.015 438.015 438.015 438.015 438.015 )
889.562: I:0 (   0.000   0.000   0.000 ) T:1 ( 438.015 438.015 438.015 438.015 438.015 438.015 )
899.562: I:0 (   0.000   0.000   0.000 ) T:1 ( 438.015 438.015 438.015 438.015 438.015 438.015 )
909.562: I:0 (   0.000   0.000   0.000 ) T:1 ( 438.015 438.015 438.015 438.015 438.015 438.015 )
919.562: I:0 (   0.000   0.000   0.000 ) T:1 ( 438.015 438.015 438.015 438.015 438.015 438.015 )
929.562: I:0 (   0.000   0.000   0.000 ) T:1 ( 438.015 438.015 438.015 438.015 438.015 438.015 )
939.563: I:0 (   0.000   0.000   0.000 ) T:1 ( 438.015 438.015 438.015 438.015 438.015 438.015 )
949.563: I:0 (   0.000   0.000   0.000 ) T:1 ( 438.015 438.015 438.015 438.015 438.015 438.015 )
959.563: I:0 (   0.000   0.000   0.000 ) T:1 ( 438.015 438.015 438.015 438.015 438.015 438.015 )
969.562: I:0 (   0.000   0.000   0.000 ) T:1 ( 438.015 438.015 438.015 438.015 438.015 438.015 )
979.562: I:0 (   0.000   0.000   0.000 ) T:1 ( 438.015 438.015 438.015 438.015 438.015 438.015 )
989.562: I:0 (   0.000   0.000   0.000 ) T:1 ( 438.015 438.015 438.015 438.015 438.015 438.015 )
999.563: I:0 (   0.000   0.000   0.000 ) T:1 ( 438.015 438.015 438.015 438.015 438.015 438.015 )
1009.562: I:0 (   0.000   0.000   0.000 ) T:1 ( 438.015 438.015 438.015 438.015 438.015 438.015 )
1019.562: I:0 (   0.000   0.000   0.000 ) T:1 ( 438.015 438.015 438.015 438.015 438.015 438.015 )
1029.562: I:0 (   0.000   0.000   0.000 ) T:1 ( 438.015 438.015 438.015 438.015 438.015 438.015 )
1039.562: I:0 (   0.000   0.000   0.000 ) T:1 ( 438.015 438.015 438.015 438.015 438.015 438.015 )
1049.563: I:0 (   0.000   0.000   0.000 ) T:1 ( 438.015 438.015 438.015 438.015 438.015 438.015 )
1059.562: I:0 (   0.000   0.000   0.000 ) T:1 ( 438.015 438.015 438.015 438.015 438.015 438.015 )
1069.562: I:0 (   0.000   0.000   0.000 ) T:1 ( 438.015 438.015 438.015 438.015 438.015 438.015 )
1079.563: I:0 (   0.000   0.000   0.000 ) T:1 ( 438.015 438.015 438.015 438.015 438.015 438.015 )
1089.562: I:0 (   0.000   0.000   0.000 ) T:1 ( 438.015 438.015 438.015 438.015 438.015 438.015 )
1099.562: I:0 (   0.000   0.000   0.000 ) T:1 ( 438.015 438.015 438.015 438.015 438.015 438.015 )
1109.562: I:0 (   0.000   0.000   0.000 ) T:1 ( 438.015 438.015 438.015 438.015 438.015 438.015 )
1119.562: I:0 (   0.000   0.000   0.000 ) T:1 ( 438.015 438.015 438.015 438.015 438.015 438.015 )
1129.562: I:0 (   0.000   0.000   0.000 ) T:1 ( 438.015 438.015 438.015 438.015 438.015 438.015 )
1139.562: I:0 (   0.000   0.000   0.000 ) T:1 ( 438.015 438.015 438.015 438.015 438.015 438.015 )
1149.562: I:0 (   0.000   0.000   0.000 ) T:1 ( 438.015 438.015 438.015 438.015 438.015 438.015 )
1159.562: I:0 (   0.000   0.000   0.000 ) T:1 ( 438.015 438.015 438.015 438.015 438.015 438.015 )
1169.562: I:0 (   0.000   0.000   0.000 ) T:1 ( 438.015 438.015 438.015 438.015 438.015 438.015 )
1179.562: I:0 (   0.000   0.000   0.000 ) T:1 ( 438.015 438.015 438.015 438.015 438.015 438.015 )
1189.562: I:0 (   0.000   0.000   0.000 ) T:1 ( 438.015 438.015 438.015 438.015 438.015 438.015 )
1199.562: I:0 (   0.000   0.000   0.000 ) T:1 ( 438.015 438.015 438.015 438.015 438.015 438.015 )
1209.562: I:0 (   0.000   0.000   0.000 ) T:1 ( 438.015 438.015 438.015 438.015 438.015 438.015 )
1219.562: I:0 (   0.000   0.000   0.000 ) T:1 ( 438.015 438.015 438.015 438.015 438.015 438.015 )
1229.565: I:0 (   0.000   0.000   0.000 ) T:1 ( 438.015 438.015 438.015 438.015 438.015 438.015 )
1239.562: I:0 (   0.000   0.000   0.000 ) T:1 ( 438.015 438.015 438.015 438.015 438.015 438.015 )
1249.562: I:0 (   0.000   0.000   0.000 ) T:1 ( 438.015 438.015 438.015 438.015 438.015 438.015 )
1259.563: I:0 (   0.000   0.000   0.000 ) T:1 ( 438.015 438.015 438.015 438.015 438.015 438.015 )
1269.563: I:0 (   0.000   0.000   0.000 ) T:1 ( 438.015 438.015 438.015 438.015 438.015 438.015 )
1279.563: I:0 (   0.000   0.000   0.000 ) T:1 ( 438.015 438.015 438.015 438.015 438.015 438.015 )
1289.562: I:0 (   0.000   0.000   0.000 ) T:1 ( 438.015 438.015 438.015 438.015 438.015 438.015 )
1299.562: I:0 (   0.000   0.000   0.000 ) T:1 ( 438.015 438.015 438.015 438.015 438.015 438.015 )
1309.562: I:0 (   0.000   0.000   0.000 ) T:1 ( 438.015 438.015 438.015 438.015 438.015 438.015 )
1319.562: I:0 (   0.000   0.000   0.000 ) T:1 ( 438.015 438.015 438.015 438.015 438.015 438.015 )
1329.563: I:0 (   0.000   0.000   0.000 ) T:1 ( 438.015 438.015 438.015 438.015 438.015 438.015 )
1339.562: I:0 (   0.000   0.000   0.000 ) T:1 ( 438.015 438.015 438.015 438.015 438.015 438.015 )
1349.562: I:0 (   0.000   0.000   0.000 ) T:1 ( 438.015 438.015 438.015 438.015 438.015 438.015 )
1359.562: I:0 (   0.000   0.000   0.000 ) T:1 ( 438.015 438.015 438.015 438.015 438.015 438.015 )
1369.562: I:0 (   0.000   0.000   0.000 ) T:1 ( 438.015 438.015 438.015 438.015 438.015 438.015 )
1379.562: I:0 (   0.000   0.000   0.000 ) T:1 ( 438.015 438.015 438.015 438.015 438.015 438.015 )
1389.562: I:0 (   0.000   0.000   0.000 ) T:1 ( 438.015 438.015 438.015 438.015 438.015 438.015 )
1399.562: I:0 (   0.000   0.000   0.000 ) T:1 ( 438.015 438.015 438.015 438.015 438.015 438.015 )
1409.562: I:0 (   0.000   0.000   0.000 ) T:1 ( 438.015 438.015 438.015 438.015 438.015 438.015 )
1419.562: I:0 (   0.000   0.000   0.000 ) T:1 ( 438.015 438.015 438.015 438.015 438.015 438.015 )
1429.562: I:0 (   0.000   0.000   0.000 ) T:1 ( 438.015 438.015 438.015 438.015 438.015 438.015 )
1439.562: I:0 (   0.000   0.000   0.000 ) T:1 ( 438.015 438.015 438.015 438.015 438.015 438.015 )
1449.562: I:0 (   0.000   0.000   0.000 ) T:1 ( 438.015 438.015 438.015 438.015 438.015 438.015 )
1459.562: I:0 (   0.000   0.000   0.000 ) T:1 ( 438.015 438.015 438.015 438.015 438.015 438.015 )
1469.562: I:0 (   0.000   0.000   0.000 ) T:1 ( 438.015 438.015 438.015 438.015 438.015 438.015 )
1479.562: I:0 (   0.000   0.000   0.000 ) T:1 ( 438.015 438.015 438.015 438.015 438.015 438.015 )
1489.562: I:0 (   0.000   0.000   0.000 ) T:1 ( 438.015 438.015 438.015 438.015 438.015 438.015 )
1499.562: I:0 (   0.000   0.000   0.000 ) T:1 ( 438.015 438.015 438.015 438.015 438.015 438.015 )
1509.564: I:0 (   0.000   0.000   0.000 ) T:1 ( 438.015 438.015 438.015 438.015 438.015 438.015 )
1519.561: I:0 (   0.000   0.000   0.000 ) T:1 ( 438.015 438.015 438.015 438.015 438.015 438.015 )
1529.562: I:0 (   0.000   0.000   0.000 ) T:1 ( 438.015 438.015 438.015 438.015 438.015 438.015 )
1539.562: I:0 (   0.000   0.000   0.000 ) T:1 ( 438.015 438.015 438.015 438.015 438.015 438.015 )
1549.562: I:0 (   0.000   0.000   0.000 ) T:1 ( 438.015 438.015 438.015 438.015 438.015 438.015 )
1559.562: I:0 (   0.000   0.000   0.000 ) T:1 ( 438.015 438.015 438.015 438.015 438.015 438.015 )
1569.562: I:0 (   0.000   0.000   0.000 ) T:1 ( 438.015 438.015 438.015 438.015 438.015 438.015 )
1579.562: I:0 (   0.000   0.000   0.000 ) T:1 ( 438.015 438.015 438.015 438.015 438.015 438.015 )
1589.562: I:0 (   0.000   0.000   0.000 ) T:1 ( 438.015 438.015 438.015 438.015 438.015 438.015 )
1599.562: I:0 (   0.000   0.000   0.000 ) T:1 ( 438.015 438.015 438.015 438.015 438.015 438.015 )
1609.562: I:0 (   0.000   0.000   0.000 ) T:1 ( 438.015 438.015 438.015 438.015 438.015 438.015 )
1619.562: I:0 (   0.000   0.000   0.000 ) T:1 ( 438.015 438.015 438.015 438.015 438.015 438.015 )
1629.562: I:0 (   0.000   0.000   0.000 ) T:1 ( 438.015 438.015 438.015 438.015 438.015 438.015 )
1639.562: I:0 (   0.000   0.000   0.000 ) T:1 ( 438.015 438.015 438.015 438.015 438.015 438.015 )
1649.562: I:0 (   0.000   0.000   0.000 ) T:1 ( 438.015 438.015 438.015 438.015 438.015 438.015 )
1659.562: I:0 (   0.000   0.000   0.000 ) T:1 ( 438.015 438.015 438.015 438.015 438.015 438.015 )
1669.562: I:0 (   0.000   0.000   0.000 ) T:1 ( 438.015 438.015 438.015 438.015 438.015 438.015 )
1679.562: I:0 (   0.000   0.000   0.000 ) T:1 ( 438.015 438.015 438.015 438.015 438.015 438.015 )
1689.562: I:0 (   0.000   0.000   0.000 ) T:1 ( 438.015 438.015 438.015 438.015 438.015 438.015 )
1699.562: I:0 (   0.000   0.000   0.000 ) T:1 ( 438.015 438.015 438.015 438.015 438.015 438.015 )
1709.562: I:0 (   0.000   0.000   0.000 ) T:1 ( 438.015 438.015 438.015 438.015 438.015 438.015 )
1719.562: I:0 (   0.000   0.000   0.000 ) T:1 ( 438.015 438.015 438.015 438.015 438.015 438.015 )
1729.562: I:0 (   0.000   0.000   0.000 ) T:1 ( 438.015 438.015 438.015 438.015 438.015 438.015 )
1739.562: I:0 (   0.000   0.000   0.000 ) T:1 ( 438.015 438.015 438.015 438.015 438.015 438.015 )
1749.562: I:0 (   0.000   0.000   0.000 ) T:1 ( 438.015 438.015 438.015 438.015 438.015 438.015 )
1759.562: I:0 (   0.000   0.000   0.000 ) T:1 ( 438.015 438.015 438.015 438.015 438.015 438.015 )
1769.562: I:0 (   0.000   0.000   0.000 ) T:1 ( 438.015 438.015 438.015 438.015 438.015 438.015 )
1779.562: I:0 (   0.000   0.000   0.000 ) T:1 ( 438.015 438.015 438.015 438.015 438.015 438.015 )
1789.562: I:0 (   0.000   0.000   0.000 ) T:1 ( 438.015 438.015 438.015 438.015 438.015 438.015 )
1799.562: I:0 (   0.000   0.000   0.000 ) T:1 ( 438.015 438.015 438.015 438.015 438.015 438.015 )
1809.562: I:0 (   0.000   0.000   0.000 ) T:1 ( 438.015 438.015 438.015 438.015 438.015 438.015 )
1819.562: I:0 (   0.000   0.000   0.000 ) T:1 ( 438.015 438.015 438.015 438.015 438.015 438.015 )
1829.562: I:0 (   0.000   0.000   0.000 ) T:1 ( 438.015 438.015 438.015 438.015 438.015 438.015 )
1839.562: I:0 (   0.000   0.000   0.000 ) T:1 ( 438.015 438.015 438.015 438.015 438.015 438.015 )
1849.562: I:0 (   0.000   0.000   0.000 ) T:1 ( 438.015 438.015 438.015 438.015 438.015 438.015 )
1859.562: I:0 (   0.000   0.000   0.000 ) T:1 ( 438.015 438.015 438.015 438.015 438.015 438.015 )
1869.562: I:0 (   0.000   0.000   0.000 ) T:1 ( 438.015 438.015 438.015 438.015 438.015 438.015 )
1879.563: I:0 (   0.000   0.000   0.000 ) T:1 ( 438.015 438.015 438.015 438.015 438.015 438.015 )
1889.562: I:0 (   0.000   0.000   0.000 ) T:1 ( 438.015 438.015 438.015 438.015 438.015 438.015 )
1899.562: I:0 (   0.000   0.000   0.000 ) T:1 ( 438.015 438.015 438.015 438.015 438.015 438.015 )
1909.563: I:0 (   0.000   0.000   0.000 ) T:1 ( 438.015 438.015 438.015 438.015 438.015 438.015 )
1919.562: I:0 (   0.000   0.000   0.000 ) T:1 ( 438.015 438.015 438.015 438.015 438.015 438.015 )
1929.562: I:0 (   0.000   0.000   0.000 ) T:1 ( 438.015 438.015 438.015 438.015 438.015 438.015 )
1939.562: I:0 (   0.000   0.000   0.000 ) T:1 ( 438.015 438.015 438.015 438.015 438.015 438.015 )
1949.562: I:0 (   0.000   0.000   0.000 ) T:1 ( 438.015 438.015 438.015 438.015 438.015 438.015 )
1959.562: I:0 (   0.000   0.000   0.000 ) T:1 ( 438.015 438.015 438.015 438.015 438.015 438.015 )
1969.562: I:0 (   0.000   0.000   0.000 ) T:1 ( 438.015 438.015 438.015 438.015 438.015 438.015 )
1979.562: I:0 (   0.000   0.000   0.000 ) T:1 ( 438.015 438.015 438.015 438.015 438.015 438.015 )
1989.562: I:0 (   0.000   0.000   0.000 ) T:1 ( 438.015 438.015 438.015 438.015 438.015 438.015 )
1999.562: I:0 (   0.000   0.000   0.000 ) T:1 ( 438.015 438.015 438.015 438.015 438.015 438.015 )
2009.562: I:0 (   0.000   0.000   0.000 ) T:1 ( 438.015 438.015 438.015 438.015 438.015 438.015 )
2019.562: I:0 (   0.000   0.000   0.000 ) T:1 ( 438.015 438.015 438.015 438.015 438.015 438.015 )
2029.562: I:0 (   0.000   0.000   0.000 ) T:1 ( 438.015 438.015 438.015 438.015 438.015 438.015 )
2039.562: I:0 (   0.000   0.000   0.000 ) T:1 ( 438.015 438.015 438.015 438.015 438.015 438.015 )
2049.562: I:0 (   0.000   0.000   0.000 ) T:1 ( 438.015 438.015 438.015 438.015 438.015 438.015 )
2059.562: I:0 (   0.000   0.000   0.000 ) T:1 ( 438.015 438.015 438.015 438.015 438.015 438.015 )
2069.562: I:0 (   0.000   0.000   0.000 ) T:1 ( 438.015 438.015 438.015 438.015 438.015 438.015 )
2079.562: I:0 (   0.000   0.000   0.000 ) T:1 ( 438.015 438.015 438.015 438.015 438.015 438.015 )
2089.562: I:0 (   0.000   0.000   0.000 ) T:1 ( 438.015 438.015 438.015 438.015 438.015 438.015 )
2099.562: I:0 (   0.000   0.000   0.000 ) T:1 ( 438.015 438.015 438.015 438.015 438.015 438.015 )
2109.562: I:0 (   0.000   0.000   0.000 ) T:1 ( 438.015 438.015 438.015 438.015 438.015 438.015 )
2119.562: I:0 (   0.000   0.000   0.000 ) T:1 ( 438.015 438.015 438.015 438.015 438.015 438.015 )
2129.562: I:0 (   0.000   0.000   0.000 ) T:1 ( 438.015 438.015 438.015 438.015 438.015 438.015 )
2139.562: I:0 (   0.000   0.000   0.000 ) T:1 ( 438.015 438.015 438.015 438.015 438.015 438.015 )
2149.562: I:0 (   0.000   0.000   0.000 ) T:1 ( 438.015 438.015 438.015 438.015 438.015 438.015 )
2159.562: I:0 (   0.000   0.000   0.000 ) T:1 ( 438.015 438.015 438.015 438.015 438.015 438.015 )
2169.562: I:0 (   0.000   0.000   0.000 ) T:1 ( 438.015 438.015 438.015 438.015 438.015 438.015 )
2179.562: I:0 (   0.000   0.000   0.000 ) T:1 ( 438.015 438.015 438.015 438.015 438.015 438.015 )
2189.562: I:0 (   0.000   0.000   0.000 ) T:1 ( 438.015 438.015 438.015 438.015 438.015 438.015 )
2199.562: I:0 (   0.000   0.000   0.000 ) T:1 ( 438.015 438.015 438.015 438.015 438.015 438.015 )
2209.562: I:0 (   0.000   0.000   0.000 ) T:1 ( 438.015 438.015 438.015 438.015 438.015 438.015 )
2219.562: I:0 (   0.000   0.000   0.000 ) T:1 ( 438.015 438.015 438.015 438.015 438.015 438.015 )
2229.562: I:0 (   0.000   0.000   0.000 ) T:1 ( 438.015 438.015 438.015 438.015 438.015 438.015 )
2239.562: I:0 (   0.000   0.000   0.000 ) T:1 ( 438.015 438.015 438.015 438.015 438.015 438.015 )
2249.562: I:0 (   0.000   0.000   0.000 ) T:1 ( 438.015 438.015 438.015 438.015 438.015 438.015 )
2259.562: I:0 (   0.000   0.000   0.000 ) T:1 ( 438.015 438.015 438.015 438.015 438.015 438.015 )
2269.562: I:0 (   0.000   0.000   0.000 ) T:1 ( 438.015 438.015 438.015 438.015 438.015 438.015 )
2279.562: I:0 (   0.000   0.000   0.000 ) T:1 ( 438.015 438.015 438.015 438.015 438.015 438.015 )
2289.562: I:0 (   0.000   0.000   0.000 ) T:1 ( 438.015 438.015 438.015 438.015 438.015 438.015 )
2299.562: I:0 (   0.000   0.000   0.000 ) T:1 ( 438.015 438.015 438.015 438.015 438.015 438.015 )
2309.562: I:0 (   0.000   0.000   0.000 ) T:1 ( 438.015 438.015 438.015 438.015 438.015 438.015 )
2319.562: I:0 (   0.000   0.000   0.000 ) T:1 ( 438.015 438.015 438.015 438.015 438.015 438.015 )
2329.562: I:0 (   0.000   0.000   0.000 ) T:1 ( 438.015 438.015 438.015 438.015 438.015 438.015 )
2339.562: I:0 (   0.000   0.000   0.000 ) T:1 ( 438.015 438.015 438.015 438.015 438.015 438.015 )
2349.562: I:0 (   0.000   0.000   0.000 ) T:1 ( 438.015 438.015 438.015 438.015 438.015 438.015 )
2359.562: I:0 (   0.000   0.000   0.000 ) T:1 ( 438.015 438.015 438.015 438.015 438.015 438.015 )
2369.562: I:0 (   0.000   0.000   0.000 ) T:1 ( 438.015 438.015 438.015 438.015 438.015 438.015 )
2379.562: I:0 (   0.000   0.000   0.000 ) T:1 ( 438.015 438.015 438.015 438.015 438.015 438.015 )
2389.562: I:0 (   0.000   0.000   0.000 ) T:1 ( 438.015 438.015 438.015 438.015 438.015 438.015 )
2399.562: I:0 (   0.000   0.000   0.000 ) T:1 ( 438.015 438.015 438.015 438.015 438.015 438.015 )
2409.562: I:0 (   0.000   0.000   0.000 ) T:1 ( 438.015 438.015 438.015 438.015 438.015 438.015 )
2419.562: I:0 (   0.000   0.000   0.000 ) T:1 ( 438.015 438.015 438.015 438.015 438.015 438.015 )
2429.562: I:0 (   0.000   0.000   0.000 ) T:1 ( 438.015 438.015 438.015 438.015 438.015 438.015 )
2439.562: I:0 (   0.000   0.000   0.000 ) T:1 ( 438.015 438.015 438.015 438.015 438.015 438.015 )
2449.562: I:0 (   0.000   0.000   0.000 ) T:1 ( 438.015 438.015 438.015 438.015 438.015 438.015 )
2459.562: I:0 (   0.000   0.000   0.000 ) T:1 ( 438.015 438.015 438.015 438.015 438.015 438.015 )
2469.562: I:0 (   0.000   0.000   0.000 ) T:1 ( 438.015 438.015 438.015 438.015 438.015 438.015 )
2479.562: I:0 (   0.000   0.000   0.000 ) T:1 ( 438.015 438.015 438.015 438.015 438.015 438.015 )
2489.562: I:0 (   0.000   0.000   0.000 ) T:1 ( 438.015 438.015 438.015 438.015 438.015 438.015 )
2499.562: I:0 (   0.000   0.000   0.000 ) T:1 ( 438.015 438.015 438.015 438.015 438.015 438.015 )
2509.562: I:0 (   0.000   0.000   0.000 ) T:1 ( 438.015 438.015 438.015 438.015 438.015 438.015 )
2519.562: I:0 (   0.000   0.000   0.000 ) T:1 ( 438.015 438.015 438.015 438.015 438.015 438.015 )
2529.564: I:0 (   0.000   0.000   0.000 ) T:1 ( 438.015 438.015 438.015 438.015 438.015 438.015 )
2539.561: I:0 (   0.000   0.000   0.000 ) T:1 ( 438.015 438.015 438.015 438.015 438.015 438.015 )
2549.563: I:0 (   0.000   0.000   0.000 ) T:1 ( 438.015 438.015 438.015 438.015 438.015 438.015 )
2559.563: I:0 (   0.000   0.000   0.000 ) T:1 ( 438.015 438.015 438.015 438.015 438.015 438.015 )
2569.562: I:0 (   0.000   0.000   0.000 ) T:1 ( 438.015 438.015 438.015 438.015 438.015 438.015 )
2579.562: I:0 (   0.000   0.000   0.000 ) T:1 ( 438.015 438.015 438.015 438.015 438.015 438.015 )
2589.562: I:0 (   0.000   0.000   0.000 ) T:1 ( 438.015 438.015 438.015 438.015 438.015 438.015 )
2599.562: I:0 (   0.000   0.000   0.000 ) T:1 ( 438.015 438.015 438.015 438.015 438.015 438.015 )
2609.564: I:0 (   0.000   0.000   0.000 ) T:1 ( 438.015 438.015 438.015 438.015 438.015 438.015 )
2619.561: I:0 (   0.000   0.000   0.000 ) T:1 ( 438.015 438.015 438.015 438.015 438.015 438.015 )
2629.562: I:0 (   0.000   0.000   0.000 ) T:1 ( 438.015 438.015 438.015 438.015 438.015 438.015 )
2639.562: I:0 (   0.000   0.000   0.000 ) T:1 ( 438.015 438.015 438.015 438.015 438.015 438.015 )
2649.562: I:0 (   0.000   0.000   0.000 ) T:1 ( 438.015 438.015 438.015 438.015 438.015 438.015 )
2659.562: I:0 (   0.000   0.000   0.000 ) T:1 ( 438.015 438.015 438.015 438.015 438.015 438.015 )
2669.562: I:0 (   0.000   0.000   0.000 ) T:1 ( 438.015 438.015 438.015 438.015 438.015 438.015 )
2679.562: I:0 (   0.000   0.000   0.000 ) T:1 ( 438.015 438.015 438.015 438.015 438.015 438.015 )
2689.562: I:0 (   0.000   0.000   0.000 ) T:1 ( 438.015 438.015 438.015 438.015 438.015 438.015 )
2699.562: I:0 (   0.000   0.000   0.000 ) T:1 ( 438.015 438.015 438.015 438.015 438.015 438.015 )
2709.562: I:0 (   0.000   0.000   0.000 ) T:1 ( 438.015 438.015 438.015 438.015 438.015 438.015 )
2719.562: I:0 (   0.000   0.000   0.000 ) T:1 ( 438.015 438.015 438.015 438.015 438.015 438.015 )
2729.562: I:0 (   0.000   0.000   0.000 ) T:1 ( 438.015 438.015 438.015 438.015 438.015 438.015 )
2739.562: I:0 (   0.000   0.000   0.000 ) T:1 ( 438.015 438.015 438.015 438.015 438.015 438.015 )
2749.562: I:0 (   0.000   0.000   0.000 ) T:1 ( 438.015 438.015 438.015 438.015 438.015 438.015 )
2759.562: I:0 (   0.000   0.000   0.000 ) T:1 ( 438.015 438.015 438.015 438.015 438.015 438.015 )
2769.562: I:0 (   0.000   0.000   0.000 ) T:1 ( 438.015 438.015 438.015 438.015 438.015 438.015 )
2779.562: I:0 (   0.000   0.000   0.000 ) T:1 ( 438.015 438.015 438.015 438.015 438.015 438.015 )
2789.562: I:0 (   0.000   0.000   0.000 ) T:1 ( 438.015 438.015 438.015 438.015 438.015 438.015 )
2799.562: I:0 (   0.000   0.000   0.000 ) T:1 ( 438.015 438.015 438.015 438.015 438.015 438.015 )
2809.562: I:0 (   0.000   0.000   0.000 ) T:1 ( 438.015 438.015 438.015 438.015 438.015 438.015 )
2819.562: I:0 (   0.000   0.000   0.000 ) T:1 ( 438.015 438.015 438.015 438.015 438.015 438.015 )
2829.562: I:0 (   0.000   0.000   0.000 ) T:1 ( 438.015 438.015 438.015 438.015 438.015 438.015 )
2839.562: I:0 (   0.000   0.000   0.000 ) T:1 ( 438.015 438.015 438.015 438.015 438.015 438.015 )
2849.562: I:0 (   0.000   0.000   0.000 ) T:1 ( 438.015 438.015 438.015 438.015 438.015 438.015 )
2859.562: I:0 (   0.000   0.000   0.000 ) T:1 ( 438.015 438.015 438.015 438.015 438.015 438.015 )
2869.562: I:0 (   0.000   0.000   0.000 ) T:1 ( 438.015 438.015 438.015 438.015 438.015 438.015 )
2879.562: I:0 (   0.000   0.000   0.000 ) T:1 ( 438.015 438.015 438.015 438.015 438.015 438.015 )
2889.562: I:0 (   0.000   0.000   0.000 ) T:1 ( 438.015 438.015 438.015 438.015 438.015 438.015 )
2899.562: I:0 (   0.000   0.000   0.000 ) T:1 ( 438.015 438.015 438.015 438.015 438.015 438.015 )
2909.562: I:0 (   0.000   0.000   0.000 ) T:1 ( 438.015 438.015 438.015 438.015 438.015 438.015 )
2919.562: I:0 (   0.000   0.000   0.000 ) T:1 ( 438.015 438.015 438.015 438.015 438.015 438.015 )
2929.562: I:0 (   0.000   0.000   0.000 ) T:1 ( 438.015 438.015 438.015 438.015 438.015 438.015 )
2939.562: I:0 (   0.000   0.000   0.000 ) T:1 ( 438.015 438.015 438.015 438.015 438.015 438.015 )
2949.562: I:0 (   0.000   0.000   0.000 ) T:1 ( 438.015 438.015 438.015 438.015 438.015 438.015 )
2959.562: I:0 (   0.000   0.000   0.000 ) T:1 ( 438.015 438.015 438.015 438.015 438.015 438.015 )
2969.562: I:0 (   0.000   0.000   0.000 ) T:1 ( 438.015 438.015 438.015 438.015 438.015 438.015 )
2979.562: I:0 (   0.000   0.000   0.000 ) T:1 ( 438.015 438.015 438.015 438.015 438.015 438.015 )
2989.562: I:0 (   0.000   0.000   0.000 ) T:1 ( 438.015 438.015 438.015 438.015 438.015 438.015 )
2996.818: I:0 (   0.000   0.000   0.000 ) T:1 ( 438.015 438.015 438.015 438.015 438.015 438.015 )
2996.854: I:0 (   0.000   0.000   0.000 ) T:1 ( 438.015 438.015 438.015 438.015 438.015 438.015 )
