#[Interval percentile log between 0.000 and <Infinite> seconds (relative to StartTime)]
#[StartTime: 1524420075.590 (seconds since epoch), Sun Apr 22 20:01:15 CEST 2018]
Time: IntervalPercentiles:count ( 50% 90% Max ) TotalPercentiles:count ( 50% 90% 99% 99.9% 99.99% Max )
9.382: I:81 (  56.927  66.751 211.839 ) T:81 (  56.927  66.751 211.839 211.839 211.839 211.839 )
19.365: I:83 (  56.927 116.799 233.727 ) T:164 (  56.927  66.815 211.839 233.727 233.727 233.727 )
29.367: I:87 (  56.255 124.671 181.887 ) T:251 (  56.319  67.455 194.047 233.727 233.727 233.727 )
39.359: I:88 (  56.319  79.935 156.543 ) T:339 (  56.319  79.935 182.527 233.727 233.727 233.727 )
49.362: I:85 (  56.959  75.647 248.447 ) T:424 (  56.543  77.055 193.407 248.447 248.447 248.447 )
59.364: I:51 ( 106.495 167.807 271.103 ) T:475 (  56.927 125.375 211.839 271.103 271.103 271.103 )
69.365: I:52 ( 112.575 167.807 374.527 ) T:527 (  56.959 127.359 228.223 374.527 374.527 374.527 )
79.362: I:52 ( 115.199 204.543 316.927 ) T:579 (  57.183 135.039 248.447 374.527 374.527 374.527 )
89.362: I:48 ( 106.175 220.031 415.743 ) T:627 (  57.247 153.343 271.103 415.743 415.743 415.743 )
99.362: I:48 ( 112.255 195.199 374.527 ) T:675 (  57.279 154.879 274.431 415.743 415.743 415.743 )
109.359: I:47 ( 113.663 218.751 383.999 ) T:722 (  57.311 156.543 293.887 415.743 415.743 415.743 )
119.363: I:51 ( 106.687 167.295 238.719 ) T:773 (  59.743 157.695 293.887 415.743 415.743 415.743 )
129.362: I:51 ( 115.903 214.271 291.327 ) T:824 (  60.223 163.839 291.327 415.743 415.743 415.743 )
139.362: I:49 ( 113.535 247.935 310.783 ) T:873 (  61.151 164.223 293.887 415.743 415.743 415.743 )
149.361: I:50 ( 112.831 211.071 315.135 ) T:923 (  61.503 166.911 293.887 415.743 415.743 415.743 )
159.364: I:45 ( 106.175 212.479 670.207 ) T:968 (  62.079 167.423 310.783 670.207 670.207 670.207 )
169.357: I:43 ( 111.487 224.383 473.087 ) T:1011 (  62.783 167.807 315.135 473.087 670.207 670.207 )
179.364: I:42 ( 111.487 199.167 555.519 ) T:1053 (  65.791 167.807 324.095 555.519 670.207 670.207 )
189.361: I:46 ( 111.359 185.471 321.023 ) T:1099 (  79.167 167.807 324.095 555.519 670.207 670.207 )
199.357: I:45 ( 101.439 202.495 327.935 ) T:1144 (  80.447 167.807 324.095 555.519 670.207 670.207 )
209.360: I:43 ( 111.487 222.719 315.903 ) T:1187 (  81.151 168.191 324.095 555.519 670.207 670.207 )
219.362: I:44 ( 101.439 182.271 347.135 ) T:1231 (  90.047 168.191 324.095 555.519 670.207 670.207 )
229.359: I:48 ( 101.375 217.343 273.919 ) T:1279 (  91.199 168.447 324.095 555.519 670.207 670.207 )
239.362: I:46 ( 111.423 185.983 329.215 ) T:1325 (  91.263 168.447 324.095 555.519 670.207 670.207 )
249.362: I:45 ( 108.991 257.919 415.999 ) T:1370 (  91.327 169.983 329.215 555.519 670.207 670.207 )
259.361: I:46 ( 101.439 162.175 322.303 ) T:1416 (  91.327 169.983 327.935 555.519 670.207 670.207 )
269.361: I:43 ( 101.311 193.279 358.655 ) T:1459 (  93.951 170.879 332.799 555.519 670.207 670.207 )
279.361: I:45 ( 111.551 192.383 423.935 ) T:1504 ( 101.183 170.879 332.799 555.519 670.207 670.207 )
289.355: I:41 ( 111.871 207.231 373.503 ) T:1545 ( 101.311 172.031 336.383 555.519 670.207 670.207 )
299.362: I:46 ( 101.439 214.015 363.007 ) T:1591 ( 101.311 172.159 342.015 555.519 670.207 670.207 )
309.362: I:45 ( 101.439 162.047 355.071 ) T:1636 ( 101.311 172.159 345.855 555.519 670.207 670.207 )
319.359: I:47 ( 101.375 151.807 457.727 ) T:1683 ( 101.311 172.031 355.071 555.519 670.207 670.207 )
329.356: I:45 ( 101.439 196.479 364.031 ) T:1728 ( 101.311 172.159 355.071 555.519 670.207 670.207 )
339.362: I:44 ( 101.375 257.535 434.943 ) T:1772 ( 101.311 172.159 373.503 555.519 670.207 670.207 )
349.362: I:45 ( 101.375 171.007 375.295 ) T:1817 ( 101.375 172.159 373.503 555.519 670.207 670.207 )
359.361: I:45 ( 101.375 269.311 446.463 ) T:1862 ( 101.375 172.159 374.527 555.519 670.207 670.207 )
369.359: I:45 ( 101.439 151.807 381.183 ) T:1907 ( 101.375 172.159 374.527 555.519 670.207 670.207 )
379.353: I:47 ( 105.279 266.239 486.655 ) T:1954 ( 101.375 172.159 375.295 555.519 670.207 670.207 )
389.359: I:46 (  91.391 161.919 336.639 ) T:2000 ( 101.375 172.159 374.527 486.655 670.207 670.207 )
399.362: I:46 ( 111.551 192.383 404.223 ) T:2046 ( 101.375 172.159 375.295 486.655 670.207 670.207 )
409.361: I:43 ( 101.439 239.231 477.183 ) T:2089 ( 101.375 173.055 381.183 486.655 670.207 670.207 )
419.361: I:46 ( 105.023 192.255 385.279 ) T:2135 ( 101.375 173.055 381.183 486.655 670.207 670.207 )
429.361: I:44 ( 102.527 192.255 453.631 ) T:2179 ( 101.375 173.439 385.279 486.655 670.207 670.207 )
439.360: I:45 ( 101.439 192.511 336.895 ) T:2224 ( 101.375 174.335 383.999 486.655 670.207 670.207 )
449.367: I:47 ( 101.375 177.535 423.679 ) T:2271 ( 101.375 174.335 385.279 486.655 670.207 670.207 )
459.361: I:44 ( 101.503 271.359 388.351 ) T:2315 ( 101.375 177.023 385.279 486.655 670.207 670.207 )
469.360: I:45 ( 101.375 162.175 441.855 ) T:2360 ( 101.375 174.335 388.351 486.655 670.207 670.207 )
479.360: I:45 ( 101.503 287.999 384.511 ) T:2405 ( 101.375 177.535 385.279 486.655 670.207 670.207 )
489.360: I:45 ( 101.311 131.711 435.455 ) T:2450 ( 101.375 174.335 388.351 486.655 670.207 670.207 )
499.359: I:45 ( 111.423 293.887 410.623 ) T:2495 ( 101.375 177.535 395.519 486.655 670.207 670.207 )
509.359: I:46 ( 111.487 172.031 327.167 ) T:2541 ( 101.375 177.023 388.351 486.655 670.207 670.207 )
519.362: I:43 ( 111.487 222.591 408.319 ) T:2584 ( 101.375 179.839 395.519 486.655 670.207 670.207 )
529.361: I:44 ( 111.487 202.367 346.879 ) T:2628 ( 101.375 179.967 388.351 486.655 670.207 670.207 )
539.359: I:44 ( 101.375 242.815 603.647 ) T:2672 ( 101.375 180.863 395.519 555.519 670.207 670.207 )
549.361: I:44 ( 101.375 276.991 403.455 ) T:2716 ( 101.375 181.759 395.519 555.519 670.207 670.207 )
559.359: I:43 ( 111.423 268.031 400.383 ) T:2759 ( 101.375 181.887 399.359 555.519 670.207 670.207 )
569.361: I:44 ( 101.439 167.551 297.727 ) T:2803 ( 101.375 181.759 395.519 555.519 670.207 670.207 )
579.361: I:46 ( 101.439 172.159 355.071 ) T:2849 ( 101.375 181.759 395.519 555.519 670.207 670.207 )
589.363: I:43 ( 101.439 212.479 400.383 ) T:2892 ( 101.375 181.759 399.359 555.519 670.207 670.207 )
599.359: I:44 ( 101.503 153.983 570.879 ) T:2936 ( 101.375 181.759 399.359 570.879 670.207 670.207 )
609.359: I:45 ( 101.439 188.927 577.023 ) T:2981 ( 101.375 181.759 400.383 577.023 670.207 670.207 )
619.359: I:44 ( 102.143 166.399 437.759 ) T:3025 ( 101.375 181.759 400.383 570.879 670.207 670.207 )
629.359: I:43 ( 101.439 222.463 517.119 ) T:3068 ( 101.439 181.887 400.383 570.879 670.207 670.207 )
639.359: I:46 ( 111.551 203.647 297.727 ) T:3114 ( 101.439 181.887 400.383 570.879 670.207 670.207 )
649.359: I:45 ( 111.423 202.367 328.447 ) T:3159 ( 101.439 182.143 400.383 570.879 670.207 670.207 )
659.359: I:43 ( 101.439 162.047 434.431 ) T:3202 ( 101.439 182.143 400.383 570.879 670.207 670.207 )
669.362: I:47 ( 101.439 162.175 319.487 ) T:3249 ( 101.439 182.143 400.383 570.879 670.207 670.207 )
679.361: I:44 ( 101.375 212.479 448.511 ) T:3293 ( 101.439 182.271 400.383 570.879 670.207 670.207 )
689.362: I:46 ( 101.439 162.047 347.903 ) T:3339 ( 101.439 182.271 400.383 570.879 670.207 670.207 )
699.362: I:46 ( 111.359 211.839 373.759 ) T:3385 ( 101.439 182.271 400.383 570.879 670.207 670.207 )
709.359: I:47 ( 101.375 161.919 338.943 ) T:3432 ( 101.439 182.143 399.359 570.879 670.207 670.207 )
719.362: I:46 ( 101.375 192.383 338.687 ) T:3478 ( 101.439 182.271 399.359 570.879 670.207 670.207 )
729.359: I:46 ( 101.375 192.383 370.175 ) T:3524 ( 101.439 182.271 398.079 570.879 670.207 670.207 )
739.361: I:46 ( 102.399 204.543 393.983 ) T:3570 ( 101.439 182.271 398.079 570.879 670.207 670.207 )
749.360: I:43 ( 101.375 182.271 553.983 ) T:3613 ( 101.439 182.271 399.359 570.879 670.207 670.207 )
759.357: I:45 ( 101.439 302.847 471.807 ) T:3658 ( 101.439 182.271 400.383 570.879 670.207 670.207 )
769.358: I:47 ( 101.375 163.071 422.655 ) T:3705 ( 101.439 182.271 400.383 570.879 670.207 670.207 )
779.360: I:43 ( 106.943 258.175 416.255 ) T:3748 ( 101.439 182.271 400.383 570.879 670.207 670.207 )
789.359: I:47 ( 101.439 192.255 383.231 ) T:3795 ( 101.439 182.271 400.383 570.879 670.207 670.207 )
799.359: I:45 ( 111.487 173.311 345.855 ) T:3840 ( 101.439 182.271 400.383 570.879 670.207 670.207 )
809.359: I:44 ( 111.359 252.799 309.247 ) T:3884 ( 101.439 182.655 400.383 570.879 670.207 670.207 )
819.359: I:46 ( 101.375 153.471 481.791 ) T:3930 ( 101.439 182.399 400.383 570.879 670.207 670.207 )
829.362: I:47 ( 101.439 186.623 410.111 ) T:3977 ( 101.439 182.527 400.383 570.879 670.207 670.207 )
839.358: I:48 ( 101.375 162.175 232.447 ) T:4025 ( 101.439 182.271 400.383 555.519 670.207 670.207 )
849.360: I:46 ( 101.503 182.399 376.831 ) T:4071 ( 101.439 182.271 400.383 555.519 670.207 670.207 )
859.359: I:45 ( 101.375 172.031 419.071 ) T:4116 ( 101.439 182.271 400.383 555.519 670.207 670.207 )
869.359: I:44 ( 109.119 243.967 434.687 ) T:4160 ( 101.439 182.271 400.383 555.519 670.207 670.207 )
879.353: I:44 ( 101.375 184.063 462.847 ) T:4204 ( 101.439 182.399 400.383 555.519 670.207 670.207 )
889.362: I:46 ( 101.503 234.751 424.703 ) T:4250 ( 101.439 182.399 403.455 555.519 670.207 670.207 )
899.359: I:47 ( 101.439 141.823 343.295 ) T:4297 ( 101.439 182.271 403.455 555.519 670.207 670.207 )
909.359: I:45 ( 101.439 247.295 302.847 ) T:4342 ( 101.439 182.399 400.383 555.519 670.207 670.207 )
919.359: I:46 ( 101.375 162.047 367.103 ) T:4388 ( 101.439 182.399 400.383 555.519 670.207 670.207 )
929.358: I:45 ( 101.439 177.023 441.855 ) T:4433 ( 101.439 182.271 400.383 555.519 670.207 670.207 )
939.355: I:43 ( 111.359 192.255 659.967 ) T:4476 ( 101.439 182.399 404.223 570.879 670.207 670.207 )
949.362: I:48 ( 101.375 161.919 383.231 ) T:4524 ( 101.439 182.399 403.455 570.879 670.207 670.207 )
959.359: I:44 ( 111.487 162.047 433.663 ) T:4568 ( 101.439 182.399 408.319 570.879 670.207 670.207 )
969.357: I:45 ( 101.375 196.607 455.935 ) T:4613 ( 101.439 182.399 410.111 570.879 670.207 670.207 )
979.361: I:45 ( 101.503 283.391 424.703 ) T:4658 ( 101.439 182.399 410.623 570.879 670.207 670.207 )
989.358: I:45 ( 101.439 225.407 478.719 ) T:4703 ( 101.439 182.655 410.623 570.879 670.207 670.207 )
999.360: I:46 ( 101.439 185.343 316.415 ) T:4749 ( 101.439 182.783 410.623 570.879 670.207 670.207 )
1009.352: I:46 ( 101.503 211.327 279.807 ) T:4795 ( 101.439 183.679 410.623 570.879 670.207 670.207 )
1019.359: I:48 ( 101.375 151.935 310.783 ) T:4843 ( 101.439 182.783 410.111 570.879 670.207 670.207 )
1029.359: I:47 ( 102.335 206.079 263.167 ) T:4890 ( 101.439 183.679 410.111 570.879 670.207 670.207 )
1039.355: I:47 ( 101.375 185.087 423.423 ) T:4937 ( 101.439 184.063 410.111 570.879 670.207 670.207 )
1049.359: I:43 ( 111.551 212.479 375.551 ) T:4980 ( 101.439 184.063 410.111 570.879 670.207 670.207 )
1059.357: I:47 ( 102.399 170.751 303.871 ) T:5027 ( 101.439 183.679 408.319 555.519 670.207 670.207 )
1069.359: I:46 ( 101.503 202.367 382.463 ) T:5073 ( 101.439 183.679 408.319 555.519 670.207 670.207 )
1079.359: I:47 ( 101.311 210.303 442.623 ) T:5120 ( 101.439 183.679 408.319 555.519 670.207 670.207 )
1089.353: I:45 ( 101.439 162.047 327.935 ) T:5165 ( 101.439 183.679 408.319 555.519 670.207 670.207 )
1099.359: I:47 ( 104.767 194.687 381.183 ) T:5212 ( 101.439 183.679 404.223 555.519 670.207 670.207 )
1109.352: I:47 ( 101.503 172.287 417.023 ) T:5259 ( 101.439 183.679 408.319 555.519 670.207 670.207 )
1119.358: I:46 ( 101.439 268.543 453.375 ) T:5305 ( 101.439 183.679 408.319 555.519 670.207 670.207 )
1129.360: I:45 ( 101.439 156.799 562.175 ) T:5350 ( 101.439 182.655 410.111 562.175 670.207 670.207 )
1139.357: I:49 ( 101.439 210.815 286.463 ) T:5399 ( 101.439 182.783 410.111 562.175 670.207 670.207 )
1149.354: I:45 ( 101.439 151.935 396.799 ) T:5444 ( 101.439 182.655 408.319 562.175 670.207 670.207 )
1159.360: I:44 ( 101.375 151.935 439.039 ) T:5488 ( 101.439 182.527 410.111 562.175 670.207 670.207 )
1169.359: I:48 ( 101.375 152.063 240.511 ) T:5536 ( 101.439 182.399 408.319 562.175 670.207 670.207 )
1179.359: I:44 ( 101.375 151.935 379.135 ) T:5580 ( 101.439 182.399 408.319 562.175 670.207 670.207 )
1189.359: I:45 ( 101.439 154.879 387.327 ) T:5625 ( 101.439 182.399 404.479 562.175 670.207 670.207 )
1199.359: I:45 ( 101.439 300.799 422.655 ) T:5670 ( 101.439 182.655 408.319 562.175 670.207 670.207 )
1209.355: I:47 ( 101.439 162.175 312.063 ) T:5717 ( 101.439 182.399 404.479 562.175 670.207 670.207 )
1219.359: I:46 ( 101.503 229.887 339.199 ) T:5763 ( 101.439 182.399 404.479 562.175 670.207 670.207 )
1229.364: I:47 ( 101.439 151.935 387.839 ) T:5810 ( 101.439 182.399 404.223 562.175 670.207 670.207 )
1239.360: I:45 ( 111.423 256.639 293.375 ) T:5855 ( 101.439 182.655 404.223 562.175 670.207 670.207 )
1249.359: I:44 ( 101.567 153.855 392.447 ) T:5899 ( 101.439 182.655 404.223 562.175 670.207 670.207 )
1259.359: I:46 ( 101.439 151.935 505.599 ) T:5945 ( 101.439 182.527 404.223 562.175 670.207 670.207 )
1269.359: I:44 ( 101.439 192.383 391.679 ) T:5989 ( 101.439 182.655 404.223 562.175 670.207 670.207 )
1279.356: I:46 ( 111.679 249.727 329.471 ) T:6035 ( 101.439 182.655 403.455 555.519 670.207 670.207 )
1289.358: I:47 ( 101.439 141.951 429.567 ) T:6082 ( 101.439 182.527 404.223 555.519 670.207 670.207 )
1299.358: I:46 ( 101.439 162.047 416.511 ) T:6128 ( 101.439 182.527 404.223 555.519 670.207 670.207 )
1309.361: I:46 ( 101.311 231.935 402.431 ) T:6174 ( 101.439 182.655 404.223 555.519 670.207 670.207 )
1319.358: I:43 ( 101.503 141.951 385.279 ) T:6217 ( 101.439 182.527 403.455 555.519 670.207 670.207 )
1329.361: I:46 ( 101.439 247.551 408.319 ) T:6263 ( 101.439 182.527 404.223 555.519 670.207 670.207 )
1339.358: I:44 ( 101.439 162.047 327.423 ) T:6307 ( 101.439 182.527 403.455 555.519 670.207 670.207 )
1349.358: I:47 ( 101.439 202.239 345.087 ) T:6354 ( 101.439 182.527 403.455 555.519 670.207 670.207 )
1359.354: I:46 ( 101.439 202.495 363.007 ) T:6400 ( 101.439 182.527 402.431 555.519 670.207 670.207 )
1369.357: I:44 ( 101.439 208.639 482.815 ) T:6444 ( 101.439 182.655 403.455 555.519 670.207 670.207 )
1379.360: I:45 ( 101.439 172.159 409.087 ) T:6489 ( 101.439 182.655 404.223 555.519 670.207 670.207 )
1389.360: I:46 ( 101.503 141.951 397.567 ) T:6535 ( 101.439 182.527 403.455 555.519 670.207 670.207 )
1399.360: I:45 (  96.831 192.639 374.783 ) T:6580 ( 101.439 182.527 403.455 555.519 670.207 670.207 )
1409.362: I:47 ( 101.439 230.143 494.591 ) T:6627 ( 101.439 182.655 403.455 555.519 670.207 670.207 )
1419.356: I:44 ( 111.423 158.847 402.431 ) T:6671 ( 101.439 182.527 403.455 555.519 670.207 670.207 )
1429.353: I:45 ( 101.631 236.543 463.615 ) T:6716 ( 101.439 183.295 403.455 555.519 670.207 670.207 )
1439.360: I:46 ( 101.375 141.951 359.423 ) T:6762 ( 101.439 182.655 403.455 555.519 670.207 670.207 )
1449.359: I:43 ( 111.487 282.623 395.775 ) T:6805 ( 101.439 183.295 402.431 555.519 670.207 670.207 )
1459.364: I:45 ( 101.567 162.047 430.335 ) T:6850 ( 101.439 182.655 403.455 555.519 670.207 670.207 )
1469.360: I:45 ( 106.367 233.727 419.839 ) T:6895 ( 101.439 182.783 404.223 555.519 670.207 670.207 )
1479.359: I:43 ( 101.439 162.047 301.823 ) T:6938 ( 101.439 182.783 403.455 555.519 670.207 670.207 )
1489.359: I:45 ( 111.487 239.615 392.191 ) T:6983 ( 101.439 183.295 403.455 555.519 670.207 670.207 )
1499.360: I:44 ( 101.567 183.295 491.007 ) T:7027 ( 101.439 183.295 403.455 553.983 670.207 670.207 )
1509.359: I:46 ( 101.503 172.031 323.071 ) T:7073 ( 101.439 183.295 403.455 553.983 670.207 670.207 )
1519.359: I:47 ( 111.487 172.159 375.039 ) T:7120 ( 101.439 182.783 402.431 553.983 670.207 670.207 )
1529.359: I:44 ( 101.439 182.271 434.943 ) T:7164 ( 101.439 182.783 403.455 553.983 670.207 670.207 )
1539.359: I:47 ( 101.439 212.607 305.919 ) T:7211 ( 101.439 182.783 402.431 553.983 670.207 670.207 )
1549.358: I:47 ( 101.567 212.607 371.967 ) T:7258 ( 101.439 183.295 402.431 553.983 670.207 670.207 )
1559.360: I:45 ( 101.439 183.295 339.967 ) T:7303 ( 101.439 183.295 402.431 553.983 670.207 670.207 )
1569.352: I:45 ( 102.655 221.311 351.231 ) T:7348 ( 101.439 183.295 402.431 553.983 670.207 670.207 )
1579.362: I:45 ( 101.503 215.935 431.359 ) T:7393 ( 101.439 183.295 402.431 553.983 670.207 670.207 )
1589.354: I:46 ( 101.503 192.383 336.383 ) T:7439 ( 101.439 183.551 402.431 553.983 670.207 670.207 )
1599.360: I:44 ( 111.487 197.119 521.215 ) T:7483 ( 101.439 183.551 402.431 553.983 670.207 670.207 )
1609.359: I:45 ( 111.551 192.511 346.879 ) T:7528 ( 101.439 184.063 402.431 553.983 670.207 670.207 )
1619.361: I:45 ( 101.439 232.831 362.239 ) T:7573 ( 101.439 184.063 402.431 553.983 670.207 670.207 )
1629.358: I:44 ( 111.551 162.047 435.199 ) T:7617 ( 101.439 184.063 402.431 553.983 670.207 670.207 )
1639.359: I:47 ( 111.551 213.631 395.263 ) T:7664 ( 101.439 185.087 402.431 553.983 670.207 670.207 )
1649.353: I:42 ( 111.551 252.927 420.351 ) T:7706 ( 101.439 185.087 402.431 553.983 670.207 670.207 )
1659.360: I:46 ( 111.359 167.039 416.255 ) T:7752 ( 101.439 185.087 402.431 553.983 670.207 670.207 )
1669.359: I:42 ( 111.551 192.383 385.023 ) T:7794 ( 101.439 185.087 402.431 553.983 670.207 670.207 )
1679.359: I:43 ( 101.439 145.407 393.983 ) T:7837 ( 101.439 185.087 402.431 553.983 670.207 670.207 )
1689.359: I:45 ( 105.599 211.583 413.183 ) T:7882 ( 101.439 185.087 402.431 553.983 670.207 670.207 )
1699.357: I:43 ( 101.439 186.111 373.503 ) T:7925 ( 101.439 185.087 402.431 553.983 670.207 670.207 )
1709.359: I:45 ( 111.487 206.335 281.343 ) T:7970 ( 101.439 185.087 402.431 553.983 670.207 670.207 )
1719.359: I:43 ( 101.439 151.935 583.679 ) T:8013 ( 101.439 185.087 402.431 553.983 670.207 670.207 )
1729.359: I:45 ( 111.231 198.271 361.983 ) T:8058 ( 101.439 185.215 402.431 553.983 670.207 670.207 )
1739.359: I:44 ( 111.487 194.047 444.927 ) T:8102 ( 101.439 185.215 402.431 553.983 670.207 670.207 )
1749.359: I:45 ( 111.423 162.175 473.599 ) T:8147 ( 101.439 185.215 402.431 553.983 670.207 670.207 )
1759.359: I:42 ( 101.503 151.935 449.791 ) T:8189 ( 101.439 185.087 403.455 553.983 670.207 670.207 )
1769.359: I:45 ( 101.567 196.223 422.143 ) T:8234 ( 101.439 185.087 403.455 553.983 670.207 670.207 )
1779.352: I:41 ( 121.535 182.271 377.599 ) T:8275 ( 101.439 185.087 403.455 553.983 670.207 670.207 )
1789.360: I:46 ( 101.439 162.047 347.135 ) T:8321 ( 101.439 185.087 402.431 553.983 670.207 670.207 )
1799.360: I:43 ( 111.487 216.191 428.543 ) T:8364 ( 101.439 185.087 403.455 553.983 670.207 670.207 )
1809.355: I:45 ( 101.439 172.543 437.759 ) T:8409 ( 101.439 185.087 403.455 553.983 670.207 670.207 )
1819.355: I:44 ( 111.359 206.847 396.799 ) T:8453 ( 101.439 185.087 403.455 553.983 670.207 670.207 )
1829.361: I:44 ( 111.423 196.863 392.191 ) T:8497 ( 101.439 185.471 403.455 553.983 670.207 670.207 )
1839.358: I:43 ( 110.143 178.047 573.439 ) T:8540 ( 101.439 185.343 403.455 555.519 670.207 670.207 )
1849.360: I:44 ( 111.615 239.487 320.255 ) T:8584 ( 101.439 185.471 403.455 555.519 670.207 670.207 )
1859.359: I:45 ( 102.527 182.399 374.527 ) T:8629 ( 101.439 185.471 402.431 555.519 670.207 670.207 )
1869.359: I:44 ( 101.503 221.823 324.351 ) T:8673 ( 101.439 185.471 402.431 555.519 670.207 670.207 )
1879.359: I:46 ( 111.487 227.455 342.783 ) T:8719 ( 101.439 185.599 402.431 555.519 670.207 670.207 )
1889.358: I:42 ( 111.487 151.807 542.207 ) T:8761 ( 101.439 185.343 402.431 555.519 670.207 670.207 )
1899.359: I:25 ( 141.695 383.999 404.223 ) T:8786 ( 101.439 187.007 403.455 555.519 670.207 670.207 )
1909.358: I:20 ( 318.207 414.207 634.879 ) T:8806 ( 101.439 192.255 404.479 562.175 670.207 670.207 )
1919.360: I:27 ( 175.487 373.759 409.855 ) T:8833 ( 101.439 192.255 408.319 562.175 670.207 670.207 )
1929.359: I:25 ( 121.727 414.207 569.343 ) T:8858 ( 101.439 192.383 409.855 569.343 670.207 670.207 )
1939.359: I:44 ( 111.487 291.583 422.143 ) T:8902 ( 101.439 192.383 409.855 569.343 670.207 670.207 )
1949.361: I:36 ( 111.359 321.023 657.407 ) T:8938 ( 101.439 192.383 410.111 570.879 670.207 670.207 )
1959.359: I:15 ( 379.903 434.431 933.375 ) T:8953 ( 101.439 193.663 412.927 573.439 933.375 933.375 )
1969.361: I:26 ( 141.695 383.999 670.719 ) T:8979 ( 101.439 196.863 413.183 577.023 933.375 933.375 )
1979.360: I:21 ( 308.223 414.207 444.671 ) T:9000 ( 101.439 200.319 414.207 573.439 933.375 933.375 )
1989.359: I:32 ( 121.663 353.535 786.943 ) T:9032 ( 101.439 202.239 414.207 577.023 933.375 933.375 )
1999.354: I:43 ( 111.423 204.543 385.535 ) T:9075 ( 101.439 202.367 414.207 577.023 933.375 933.375 )
2009.361: I:24 ( 141.823 393.983 546.303 ) T:9099 ( 101.503 202.495 415.231 577.023 933.375 933.375 )
2019.360: I:14 ( 373.759 434.431 904.703 ) T:9113 ( 101.503 204.671 415.999 583.679 933.375 933.375 )
2029.357: I:27 ( 162.047 404.223 445.695 ) T:9140 ( 101.503 207.359 416.255 583.679 933.375 933.375 )
2039.359: I:15 ( 373.759 434.431 762.879 ) T:9155 ( 101.503 211.327 417.023 603.647 933.375 933.375 )
2049.353: I:30 ( 121.599 363.519 564.223 ) T:9185 ( 101.503 211.839 417.279 603.647 933.375 933.375 )
2059.360: I:43 ( 101.503 182.143 401.407 ) T:9228 ( 101.503 211.839 417.023 603.647 933.375 933.375 )
2069.357: I:43 ( 111.551 217.599 469.247 ) T:9271 ( 101.503 211.839 419.071 603.647 933.375 933.375 )
2079.360: I:43 ( 101.823 172.031 338.943 ) T:9314 ( 101.503 211.839 417.279 603.647 933.375 933.375 )
2089.359: I:45 ( 111.423 241.919 331.775 ) T:9359 ( 101.503 212.479 417.279 603.647 933.375 933.375 )
2099.359: I:43 ( 111.487 152.063 440.063 ) T:9402 ( 101.503 211.839 417.279 603.647 933.375 933.375 )
2109.357: I:45 ( 101.439 254.975 335.615 ) T:9447 ( 101.503 211.839 417.279 603.647 933.375 933.375 )
2119.355: I:44 ( 101.503 202.367 335.871 ) T:9491 ( 101.503 211.839 417.279 603.647 933.375 933.375 )
2129.356: I:44 ( 111.551 232.831 393.983 ) T:9535 ( 101.503 211.839 417.023 603.647 933.375 933.375 )
2139.360: I:42 ( 101.439 162.175 396.543 ) T:9577 ( 101.503 211.839 417.023 603.647 933.375 933.375 )
2149.359: I:42 ( 111.487 241.535 498.943 ) T:9619 ( 101.503 212.479 417.023 603.647 933.375 933.375 )
2159.356: I:46 ( 109.247 151.935 464.383 ) T:9665 ( 101.503 211.839 417.279 603.647 933.375 933.375 )
2169.353: I:42 ( 111.551 260.607 401.919 ) T:9707 ( 101.503 212.479 417.023 603.647 933.375 933.375 )
2179.359: I:44 ( 101.375 182.271 410.111 ) T:9751 ( 101.503 211.839 417.023 603.647 933.375 933.375 )
2189.357: I:45 ( 101.759 279.039 380.159 ) T:9796 ( 101.503 211.839 417.023 603.647 933.375 933.375 )
2199.360: I:45 ( 101.439 152.063 320.767 ) T:9841 ( 101.503 211.711 416.511 603.647 933.375 933.375 )
2209.359: I:44 ( 101.503 232.319 611.839 ) T:9885 ( 101.503 211.839 417.023 611.839 933.375 933.375 )
2219.359: I:44 ( 111.551 182.271 337.151 ) T:9929 ( 101.503 211.711 416.511 611.839 933.375 933.375 )
2229.356: I:42 ( 111.551 252.799 414.207 ) T:9971 ( 101.503 211.839 416.511 611.839 933.375 933.375 )
2239.356: I:45 ( 101.375 162.175 348.671 ) T:10016 ( 101.503 211.839 416.255 603.647 904.703 933.375 )
2249.355: I:43 ( 111.487 235.007 373.503 ) T:10059 ( 101.503 211.839 416.255 603.647 904.703 933.375 )
2259.359: I:44 ( 111.423 156.415 266.239 ) T:10103 ( 101.503 211.711 416.255 603.647 904.703 933.375 )
2269.359: I:44 ( 101.439 235.135 427.775 ) T:10147 ( 101.503 211.839 416.255 603.647 904.703 933.375 )
2279.362: I:45 ( 111.487 152.063 383.231 ) T:10192 ( 101.503 211.583 416.255 603.647 904.703 933.375 )
2289.357: I:42 ( 118.591 212.607 511.743 ) T:10234 ( 101.503 211.711 416.511 603.647 904.703 933.375 )
2299.360: I:47 ( 101.439 162.047 283.903 ) T:10281 ( 101.503 211.455 416.511 603.647 904.703 933.375 )
2309.359: I:43 ( 113.343 222.463 334.335 ) T:10324 ( 101.503 211.839 416.255 603.647 904.703 933.375 )
2319.362: I:46 ( 101.439 162.047 434.175 ) T:10370 ( 101.503 211.583 416.511 603.647 904.703 933.375 )
2329.359: I:44 ( 101.439 212.223 423.935 ) T:10414 ( 101.503 211.711 416.511 603.647 904.703 933.375 )
2339.362: I:44 ( 101.375 182.271 483.071 ) T:10458 ( 101.503 211.583 417.023 603.647 904.703 933.375 )
2349.361: I:43 ( 111.487 260.863 391.935 ) T:10501 ( 101.503 211.583 416.511 603.647 904.703 933.375 )
2359.360: I:46 ( 101.375 182.271 399.359 ) T:10547 ( 101.503 211.583 416.511 603.647 904.703 933.375 )
2369.353: I:46 ( 111.359 212.223 419.839 ) T:10593 ( 101.503 211.583 417.023 603.647 904.703 933.375 )
2379.358: I:46 ( 111.487 162.175 418.047 ) T:10639 ( 101.503 211.583 417.023 603.647 904.703 933.375 )
2389.362: I:45 ( 101.439 212.607 479.999 ) T:10684 ( 101.503 211.711 417.279 603.647 904.703 933.375 )
2399.359: I:45 ( 111.423 221.823 371.711 ) T:10729 ( 101.503 212.223 417.023 603.647 904.703 933.375 )
2409.359: I:45 ( 101.311 262.143 418.559 ) T:10774 ( 101.503 212.223 417.279 603.647 904.703 933.375 )
2419.355: I:45 ( 101.439 162.047 293.375 ) T:10819 ( 101.503 211.967 417.023 603.647 904.703 933.375 )
2429.361: I:45 ( 101.503 246.399 402.687 ) T:10864 ( 101.503 212.223 417.023 603.647 904.703 933.375 )
2439.362: I:42 ( 101.375 192.383 412.927 ) T:10906 ( 101.503 212.223 416.511 603.647 904.703 933.375 )
2449.359: I:42 ( 111.359 212.479 394.239 ) T:10948 ( 101.503 212.223 416.511 603.647 904.703 933.375 )
2459.359: I:43 ( 111.487 202.367 398.591 ) T:10991 ( 101.503 212.223 416.511 603.647 904.703 933.375 )
2469.359: I:45 ( 102.335 252.927 353.791 ) T:11036 ( 101.503 212.223 416.255 583.679 904.703 933.375 )
2479.358: I:44 ( 111.359 259.583 419.583 ) T:11080 ( 101.503 212.223 416.511 583.679 904.703 933.375 )
2489.358: I:44 ( 101.439 242.815 482.303 ) T:11124 ( 101.503 212.479 416.511 583.679 904.703 933.375 )
2499.359: I:45 ( 101.503 159.103 492.799 ) T:11169 ( 101.503 212.479 417.023 583.679 904.703 933.375 )
2509.359: I:43 ( 102.399 169.087 404.991 ) T:11212 ( 101.503 212.223 416.511 583.679 904.703 933.375 )
2519.359: I:45 ( 101.375 182.143 697.343 ) T:11257 ( 101.503 212.223 417.279 603.647 904.703 933.375 )
2529.359: I:43 ( 111.551 172.159 336.127 ) T:11300 ( 101.503 212.223 417.023 603.647 904.703 933.375 )
2539.359: I:46 ( 101.439 172.031 568.831 ) T:11346 ( 101.503 211.967 417.279 603.647 904.703 933.375 )
2549.359: I:47 ( 109.055 216.575 311.551 ) T:11393 ( 101.503 211.967 417.279 603.647 904.703 933.375 )
2559.359: I:44 ( 101.375 172.159 340.991 ) T:11437 ( 101.503 211.839 417.023 603.647 904.703 933.375 )
2569.359: I:44 ( 111.423 226.687 343.551 ) T:11481 ( 101.503 211.839 417.023 603.647 904.703 933.375 )
2579.359: I:46 ( 101.375 162.047 340.735 ) T:11527 ( 101.503 211.839 416.511 603.647 904.703 933.375 )
2589.359: I:44 ( 101.439 221.055 408.319 ) T:11571 ( 101.503 211.839 416.511 603.647 904.703 933.375 )
2599.360: I:45 ( 111.487 212.607 323.327 ) T:11616 ( 101.503 211.967 416.255 603.647 904.703 933.375 )
2609.360: I:44 ( 101.439 253.311 496.895 ) T:11660 ( 101.503 211.967 416.511 603.647 904.703 933.375 )
2619.357: I:45 ( 101.503 212.479 345.343 ) T:11705 ( 101.503 212.223 416.255 603.647 904.703 933.375 )
2629.360: I:43 ( 111.551 232.575 391.935 ) T:11748 ( 101.503 212.223 416.255 603.647 904.703 933.375 )
2639.362: I:45 ( 101.503 151.935 383.999 ) T:11793 ( 101.503 212.223 416.255 603.647 904.703 933.375 )
2649.359: I:42 ( 121.535 217.727 390.399 ) T:11835 ( 101.503 212.223 416.255 603.647 904.703 933.375 )
2659.357: I:43 ( 111.487 192.383 340.223 ) T:11878 ( 101.503 212.223 416.255 603.647 904.703 933.375 )
2669.359: I:43 ( 111.423 274.943 446.207 ) T:11921 ( 101.503 212.223 416.255 603.647 904.703 933.375 )
2679.352: I:44 ( 101.375 152.063 382.207 ) T:11965 ( 101.503 211.967 416.255 603.647 904.703 933.375 )
2689.359: I:45 ( 101.375 232.703 439.039 ) T:12010 ( 101.503 212.223 416.255 583.679 904.703 933.375 )
2699.361: I:42 ( 111.359 162.175 419.839 ) T:12052 ( 101.503 211.967 416.511 583.679 904.703 933.375 )
2709.357: I:43 ( 111.423 242.687 465.407 ) T:12095 ( 101.503 212.223 417.279 583.679 904.703 933.375 )
2719.360: I:44 ( 111.487 162.047 394.751 ) T:12139 ( 101.503 212.223 417.023 583.679 904.703 933.375 )
2729.353: I:45 ( 111.487 284.415 434.687 ) T:12184 ( 101.503 212.223 417.279 583.679 904.703 933.375 )
2739.365: I:45 ( 102.399 162.047 256.511 ) T:12229 ( 101.503 212.223 417.023 583.679 904.703 933.375 )
2749.359: I:43 ( 111.359 237.311 486.911 ) T:12272 ( 101.503 212.223 417.279 583.679 904.703 933.375 )
2759.359: I:43 ( 101.439 151.935 432.895 ) T:12315 ( 101.503 211.967 417.279 583.679 904.703 933.375 )
2769.357: I:43 ( 111.487 221.823 450.303 ) T:12358 ( 101.503 212.223 418.047 583.679 904.703 933.375 )
2779.360: I:43 ( 111.423 162.047 404.479 ) T:12401 ( 101.503 211.967 417.279 583.679 904.703 933.375 )
2789.359: I:43 ( 111.551 162.175 451.583 ) T:12444 ( 101.503 211.967 418.047 583.679 904.703 933.375 )
2799.367: I:43 ( 111.551 252.927 363.775 ) T:12487 ( 101.503 212.223 418.047 583.679 904.703 933.375 )
2809.360: I:40 ( 111.487 232.575 426.239 ) T:12527 ( 101.503 212.479 418.047 583.679 904.703 933.375 )
2819.357: I:43 ( 101.439 192.255 397.055 ) T:12570 ( 101.503 212.223 418.047 583.679 904.703 933.375 )
2829.360: I:42 ( 111.359 254.719 425.215 ) T:12612 ( 101.503 212.479 418.047 583.679 904.703 933.375 )
2839.359: I:45 ( 101.375 167.935 369.151 ) T:12657 ( 101.503 212.479 418.047 583.679 904.703 933.375 )
2849.359: I:45 ( 111.487 278.783 319.231 ) T:12702 ( 101.503 212.479 417.279 583.679 904.703 933.375 )
2859.359: I:43 ( 111.423 173.823 411.647 ) T:12745 ( 101.503 212.479 417.279 583.679 904.703 933.375 )
2869.359: I:44 ( 101.567 237.695 389.887 ) T:12789 ( 101.503 212.479 417.279 583.679 904.703 933.375 )
2879.359: I:42 ( 101.439 232.703 339.455 ) T:12831 ( 101.503 212.479 417.023 583.679 904.703 933.375 )
2889.359: I:44 ( 101.439 250.111 393.215 ) T:12875 ( 101.503 212.479 417.023 583.679 904.703 933.375 )
2899.362: I:44 ( 111.423 161.919 404.991 ) T:12919 ( 101.503 212.479 416.511 583.679 904.703 933.375 )
2909.359: I:40 ( 111.423 283.135 384.511 ) T:12959 ( 101.503 212.479 416.511 583.679 904.703 933.375 )
2919.359: I:43 ( 121.663 212.351 364.799 ) T:13002 ( 101.503 212.479 416.255 577.023 904.703 933.375 )
2929.359: I:42 ( 111.487 264.703 417.791 ) T:13044 ( 101.503 212.479 416.511 577.023 904.703 933.375 )
2939.362: I:44 ( 101.439 202.367 409.599 ) T:13088 ( 101.503 212.479 416.511 577.023 904.703 933.375 )
2949.358: I:44 ( 111.487 252.799 369.663 ) T:13132 ( 101.503 212.479 416.255 577.023 904.703 933.375 )
2959.359: I:43 ( 111.423 263.423 398.079 ) T:13175 ( 101.503 212.479 416.255 577.023 904.703 933.375 )
2969.361: I:43 ( 111.487 252.927 475.135 ) T:13218 ( 101.503 212.479 416.255 577.023 904.703 933.375 )
2979.353: I:44 ( 111.423 199.551 321.535 ) T:13262 ( 101.503 212.479 416.255 577.023 904.703 933.375 )
2989.360: I:40 ( 111.551 244.223 761.855 ) T:13302 ( 101.503 212.479 416.255 583.679 904.703 933.375 )
2996.620: I:30 ( 101.375 193.279 471.295 ) T:13332 ( 101.503 212.479 416.511 583.679 904.703 933.375 )
2996.663: I:0 (   0.000   0.000   0.000 ) T:13332 ( 101.503 212.479 416.511 583.679 904.703 933.375 )
