#[Interval percentile log between 0.000 and <Infinite> seconds (relative to StartTime)]
#[StartTime: 1524866224.740 (seconds since epoch), Fri Apr 27 23:57:04 CEST 2018]
Time: IntervalPercentiles:count ( 50% 90% Max ) TotalPercentiles:count ( 50% 90% 99% 99.9% 99.99% Max )
9.988: I:1 (   0.000   0.000   0.000 ) T:1 (   0.000   0.000   0.000   0.000   0.000   0.000 )
19.976: I:1 (   0.001   0.001   0.001 ) T:2 (   0.000   0.001   0.001   0.001   0.001   0.001 )
29.967: I:1 (   0.000   0.000   0.000 ) T:3 (   0.000   0.001   0.001   0.001   0.001   0.001 )
39.973: I:1 (   0.001   0.001   0.001 ) T:4 (   0.000   0.001   0.001   0.001   0.001   0.001 )
49.968: I:1 (   0.000   0.000   0.000 ) T:5 (   0.000   0.001   0.001   0.001   0.001   0.001 )
59.965: I:1 (   0.000   0.000   0.000 ) T:6 (   0.000   0.001   0.001   0.001   0.001   0.001 )
69.967: I:1 (   0.001   0.001   0.001 ) T:7 (   0.000   0.001   0.001   0.001   0.001   0.001 )
79.972: I:1 (   0.000   0.000   0.000 ) T:8 (   0.000   0.001   0.001   0.001   0.001   0.001 )
89.965: I:1 (   0.001   0.001   0.001 ) T:9 (   0.000   0.001   0.001   0.001   0.001   0.001 )
99.967: I:1 (   0.000   0.000   0.000 ) T:10 (   0.000   0.001   0.001   0.001   0.001   0.001 )
109.972: I:1 (   0.000   0.000   0.000 ) T:11 (   0.000   0.001   0.001   0.001   0.001   0.001 )
119.965: I:1 (   0.001   0.001   0.001 ) T:12 (   0.000   0.001   0.001   0.001   0.001   0.001 )
129.974: I:1 (   0.000   0.000   0.000 ) T:13 (   0.000   0.001   0.001   0.001   0.001   0.001 )
139.965: I:1 (   0.001   0.001   0.001 ) T:14 (   0.000   0.001   0.001   0.001   0.001   0.001 )
149.972: I:1 (   0.000   0.000   0.000 ) T:15 (   0.000   0.001   0.001   0.001   0.001   0.001 )
159.967: I:1 (   0.001   0.001   0.001 ) T:16 (   0.000   0.001   0.001   0.001   0.001   0.001 )
169.974: I:1 (   0.000   0.000   0.000 ) T:17 (   0.000   0.001   0.001   0.001   0.001   0.001 )
179.967: I:1 (   0.001   0.001   0.001 ) T:18 (   0.000   0.001   0.001   0.001   0.001   0.001 )
189.967: I:1 (   0.000   0.000   0.000 ) T:19 (   0.000   0.001   0.001   0.001   0.001   0.001 )
199.963: I:1 (   0.001   0.001   0.001 ) T:20 (   0.000   0.001   0.001   0.001   0.001   0.001 )
209.967: I:1 (   0.000   0.000   0.000 ) T:21 (   0.000   0.001   0.001   0.001   0.001   0.001 )
219.964: I:1 (   0.000   0.000   0.000 ) T:22 (   0.000   0.001   0.001   0.001   0.001   0.001 )
229.966: I:1 (   0.001   0.001   0.001 ) T:23 (   0.000   0.001   0.001   0.001   0.001   0.001 )
239.964: I:1 (   0.000   0.000   0.000 ) T:24 (   0.000   0.001   0.001   0.001   0.001   0.001 )
249.964: I:1 (   0.001   0.001   0.001 ) T:25 (   0.000   0.001   0.001   0.001   0.001   0.001 )
259.964: I:1 (   0.000   0.000   0.000 ) T:26 (   0.000   0.001   0.001   0.001   0.001   0.001 )
269.971: I:1 (   0.001   0.001   0.001 ) T:27 (   0.000   0.001   0.001   0.001   0.001   0.001 )
279.968: I:1 (   0.000   0.000   0.000 ) T:28 (   0.000   0.001   0.001   0.001   0.001   0.001 )
289.967: I:1 (   0.001   0.001   0.001 ) T:29 (   0.000   0.001   0.001   0.001   0.001   0.001 )
299.967: I:1 (   0.000   0.000   0.000 ) T:30 (   0.000   0.001   0.001   0.001   0.001   0.001 )
309.967: I:1 (   0.000   0.000   0.000 ) T:31 (   0.000   0.001   0.001   0.001   0.001   0.001 )
319.970: I:1 (   0.001   0.001   0.001 ) T:32 (   0.000   0.001   0.001   0.001   0.001   0.001 )
329.967: I:1 (   0.000   0.000   0.000 ) T:33 (   0.000   0.001   0.001   0.001   0.001   0.001 )
339.965: I:1 (   0.001   0.001   0.001 ) T:34 (   0.000   0.001   0.001   0.001   0.001   0.001 )
349.964: I:1 (   0.000   0.000   0.000 ) T:35 (   0.000   0.001   0.001   0.001   0.001   0.001 )
359.966: I:1 (   0.001   0.001   0.001 ) T:36 (   0.000   0.001   0.001   0.001   0.001   0.001 )
369.965: I:1 (   0.000   0.000   0.000 ) T:37 (   0.000   0.001   0.001   0.001   0.001   0.001 )
379.965: I:1 (   0.001   0.001   0.001 ) T:38 (   0.000   0.001   0.001   0.001   0.001   0.001 )
389.965: I:1 (   0.000   0.000   0.000 ) T:39 (   0.000   0.001   0.001   0.001   0.001   0.001 )
399.965: I:1 (   0.001   0.001   0.001 ) T:40 (   0.000   0.001   0.001   0.001   0.001   0.001 )
409.967: I:1 (   0.000   0.000   0.000 ) T:41 (   0.000   0.001   0.001   0.001   0.001   0.001 )
419.963: I:1 (   0.001   0.001   0.001 ) T:42 (   0.000   0.001   0.001   0.001   0.001   0.001 )
429.963: I:1 (   0.000   0.000   0.000 ) T:43 (   0.000   0.001   0.001   0.001   0.001   0.001 )
439.968: I:1 (   0.001   0.001   0.001 ) T:44 (   0.000   0.001   0.001   0.001   0.001   0.001 )
449.965: I:1 (   0.000   0.000   0.000 ) T:45 (   0.000   0.001   0.001   0.001   0.001   0.001 )
459.965: I:1 (   0.001   0.001   0.001 ) T:46 (   0.000   0.001   0.001   0.001   0.001   0.001 )
469.965: I:1 (   0.000   0.000   0.000 ) T:47 (   0.000   0.001   0.001   0.001   0.001   0.001 )
479.964: I:1 (   0.001   0.001   0.001 ) T:48 (   0.000   0.001   0.001   0.001   0.001   0.001 )
489.966: I:1 (   0.000   0.000   0.000 ) T:49 (   0.000   0.001   0.001   0.001   0.001   0.001 )
499.966: I:1 (   0.001   0.001   0.001 ) T:50 (   0.000   0.001   0.001   0.001   0.001   0.001 )
509.965: I:1 (   0.000   0.000   0.000 ) T:51 (   0.000   0.001   0.001   0.001   0.001   0.001 )
519.965: I:1 (   0.001   0.001   0.001 ) T:52 (   0.000   0.001   0.001   0.001   0.001   0.001 )
529.967: I:1 (   0.000   0.000   0.000 ) T:53 (   0.000   0.001   0.001   0.001   0.001   0.001 )
539.965: I:1 (   0.001   0.001   0.001 ) T:54 (   0.000   0.001   0.001   0.001   0.001   0.001 )
549.965: I:1 (   0.001   0.001   0.001 ) T:55 (   0.000   0.001   0.001   0.001   0.001   0.001 )
559.966: I:1 (   0.000   0.000   0.000 ) T:56 (   0.000   0.001   0.001   0.001   0.001   0.001 )
569.965: I:1 (   0.001   0.001   0.001 ) T:57 (   0.000   0.001   0.001   0.001   0.001   0.001 )
579.965: I:1 (   0.000   0.000   0.000 ) T:58 (   0.000   0.001   0.001   0.001   0.001   0.001 )
589.965: I:1 (   0.001   0.001   0.001 ) T:59 (   0.000   0.001   0.001   0.001   0.001   0.001 )
599.966: I:1 (   0.000   0.000   0.000 ) T:60 (   0.000   0.001   0.001   0.001   0.001   0.001 )
609.967: I:1 (   0.001   0.001   0.001 ) T:61 (   0.000   0.001   0.001   0.001   0.001   0.001 )
619.966: I:1 (   0.000   0.000   0.000 ) T:62 (   0.000   0.001   0.001   0.001   0.001   0.001 )
629.966: I:1 (   0.001   0.001   0.001 ) T:63 (   0.000   0.001   0.001   0.001   0.001   0.001 )
639.965: I:1 (   0.000   0.000   0.000 ) T:64 (   0.000   0.001   0.001   0.001   0.001   0.001 )
649.965: I:1 (   0.001   0.001   0.001 ) T:65 (   0.000   0.001   0.001   0.001   0.001   0.001 )
659.966: I:1 (   0.000   0.000   0.000 ) T:66 (   0.000   0.001   0.001   0.001   0.001   0.001 )
669.966: I:1 (   0.001   0.001   0.001 ) T:67 (   0.000   0.001   0.001   0.001   0.001   0.001 )
679.965: I:1 (   0.000   0.000   0.000 ) T:68 (   0.000   0.001   0.001   0.001   0.001   0.001 )
689.965: I:1 (   0.001   0.001   0.001 ) T:69 (   0.000   0.001   0.001   0.001   0.001   0.001 )
699.966: I:1 (   0.000   0.000   0.000 ) T:70 (   0.000   0.001   0.001   0.001   0.001   0.001 )
709.967: I:1 (   0.001   0.001   0.001 ) T:71 (   0.000   0.001   0.001   0.001   0.001   0.001 )
719.964: I:1 (   0.001   0.001   0.001 ) T:72 (   0.000   0.001   0.001   0.001   0.001   0.001 )
729.966: I:1 (   0.000   0.000   0.000 ) T:73 (   0.000   0.001   0.001   0.001   0.001   0.001 )
739.963: I:1 (   0.001   0.001   0.001 ) T:74 (   0.000   0.001   0.001   0.001   0.001   0.001 )
749.969: I:1 (   0.000   0.000   0.000 ) T:75 (   0.000   0.001   0.001   0.001   0.001   0.001 )
759.966: I:1 (   0.001   0.001   0.001 ) T:76 (   0.000   0.001   0.001   0.001   0.001   0.001 )
769.966: I:1 (   0.001   0.001   0.001 ) T:77 (   0.000   0.001   0.001   0.001   0.001   0.001 )
779.969: I:1 (   0.000   0.000   0.000 ) T:78 (   0.000   0.001   0.001   0.001   0.001   0.001 )
789.963: I:1 (   0.001   0.001   0.001 ) T:79 (   0.000   0.001   0.001   0.001   0.001   0.001 )
799.965: I:1 (   0.001   0.001   0.001 ) T:80 (   0.000   0.001   0.001   0.001   0.001   0.001 )
809.965: I:1 (   0.000   0.000   0.000 ) T:81 (   0.000   0.001   0.001   0.001   0.001   0.001 )
819.968: I:1 (   0.001   0.001   0.001 ) T:82 (   0.000   0.001   0.001   0.001   0.001   0.001 )
829.968: I:1 (   0.001   0.001   0.001 ) T:83 (   0.001   0.001   0.001   0.001   0.001   0.001 )
839.966: I:1 (   0.001   0.001   0.001 ) T:84 (   0.001   0.001   0.001   0.001   0.001   0.001 )
849.964: I:1 (   0.000   0.000   0.000 ) T:85 (   0.001   0.001   0.001   0.001   0.001   0.001 )
859.964: I:1 (   0.001   0.001   0.001 ) T:86 (   0.001   0.001   0.001   0.001   0.001   0.001 )
869.966: I:1 (   0.001   0.001   0.001 ) T:87 (   0.001   0.001   0.001   0.001   0.001   0.001 )
879.966: I:1 (   0.000   0.000   0.000 ) T:88 (   0.001   0.001   0.001   0.001   0.001   0.001 )
889.963: I:1 (   0.001   0.001   0.001 ) T:89 (   0.001   0.001   0.001   0.001   0.001   0.001 )
899.965: I:1 (   0.001   0.001   0.001 ) T:90 (   0.001   0.001   0.001   0.001   0.001   0.001 )
909.971: I:1 (   0.001   0.001   0.001 ) T:91 (   0.001   0.001   0.001   0.001   0.001   0.001 )
919.971: I:1 (   0.000   0.000   0.000 ) T:92 (   0.001   0.001   0.001   0.001   0.001   0.001 )
929.965: I:1 (   0.001   0.001   0.001 ) T:93 (   0.001   0.001   0.001   0.001   0.001   0.001 )
939.965: I:1 (   0.001   0.001   0.001 ) T:94 (   0.001   0.001   0.001   0.001   0.001   0.001 )
949.967: I:1 (   0.001   0.001   0.001 ) T:95 (   0.001   0.001   0.001   0.001   0.001   0.001 )
959.977: I:1 (   0.000   0.000   0.000 ) T:96 (   0.001   0.001   0.001   0.001   0.001   0.001 )
969.966: I:1 (   0.001   0.001   0.001 ) T:97 (   0.001   0.001   0.001   0.001   0.001   0.001 )
979.966: I:1 (   0.001   0.001   0.001 ) T:98 (   0.001   0.001   0.001   0.001   0.001   0.001 )
989.966: I:1 (   0.001   0.001   0.001 ) T:99 (   0.001   0.001   0.001   0.001   0.001   0.001 )
999.964: I:1 (   0.001   0.001   0.001 ) T:100 (   0.001   0.001   0.001   0.001   0.001   0.001 )
1009.967: I:1 (   0.000   0.000   0.000 ) T:101 (   0.001   0.001   0.001   0.001   0.001   0.001 )
1019.968: I:1 (   0.001   0.001   0.001 ) T:102 (   0.001   0.001   0.001   0.001   0.001   0.001 )
1029.965: I:1 (   0.001   0.001   0.001 ) T:103 (   0.001   0.001   0.001   0.001   0.001   0.001 )
1039.965: I:1 (   0.001   0.001   0.001 ) T:104 (   0.001   0.001   0.001   0.001   0.001   0.001 )
1049.963: I:1 (   0.001   0.001   0.001 ) T:105 (   0.001   0.001   0.001   0.001   0.001   0.001 )
1059.963: I:1 (   0.000   0.000   0.000 ) T:106 (   0.001   0.001   0.001   0.001   0.001   0.001 )
1069.966: I:1 (   0.001   0.001   0.001 ) T:107 (   0.001   0.001   0.001   0.001   0.001   0.001 )
1079.970: I:1 (   0.001   0.001   0.001 ) T:108 (   0.001   0.001   0.001   0.001   0.001   0.001 )
1089.966: I:1 (   0.001   0.001   0.001 ) T:109 (   0.001   0.001   0.001   0.001   0.001   0.001 )
1099.966: I:1 (   0.001   0.001   0.001 ) T:110 (   0.001   0.001   0.001   0.001   0.001   0.001 )
1109.963: I:1 (   0.001   0.001   0.001 ) T:111 (   0.001   0.001   0.001   0.001   0.001   0.001 )
1119.964: I:1 (   0.000   0.000   0.000 ) T:112 (   0.001   0.001   0.001   0.001   0.001   0.001 )
1129.966: I:1 (   0.001   0.001   0.001 ) T:113 (   0.001   0.001   0.001   0.001   0.001   0.001 )
1139.963: I:1 (   0.001   0.001   0.001 ) T:114 (   0.001   0.001   0.001   0.001   0.001   0.001 )
1149.966: I:1 (   0.001   0.001   0.001 ) T:115 (   0.001   0.001   0.001   0.001   0.001   0.001 )
1159.966: I:1 (   0.001   0.001   0.001 ) T:116 (   0.001   0.001   0.001   0.001   0.001   0.001 )
1169.965: I:1 (   0.000   0.000   0.000 ) T:117 (   0.001   0.001   0.001   0.001   0.001   0.001 )
1179.965: I:1 (   0.001   0.001   0.001 ) T:118 (   0.001   0.001   0.001   0.001   0.001   0.001 )
1189.971: I:1 (   0.001   0.001   0.001 ) T:119 (   0.001   0.001   0.001   0.001   0.001   0.001 )
1199.965: I:1 (   0.001   0.001   0.001 ) T:120 (   0.001   0.001   0.001   0.001   0.001   0.001 )
1209.965: I:1 (   0.001   0.001   0.001 ) T:121 (   0.001   0.001   0.001   0.001   0.001   0.001 )
1219.962: I:1 (   0.000   0.000   0.000 ) T:122 (   0.001   0.001   0.001   0.001   0.001   0.001 )
1229.966: I:1 (   0.001   0.001   0.001 ) T:123 (   0.001   0.001   0.001   0.001   0.001   0.001 )
1239.967: I:1 (   0.001   0.001   0.001 ) T:124 (   0.001   0.001   0.001   0.001   0.001   0.001 )
1249.969: I:1 (   0.001   0.001   0.001 ) T:125 (   0.001   0.001   0.001   0.001   0.001   0.001 )
1259.966: I:1 (   0.001   0.001   0.001 ) T:126 (   0.001   0.001   0.001   0.001   0.001   0.001 )
1269.966: I:1 (   0.000   0.000   0.000 ) T:127 (   0.001   0.001   0.001   0.001   0.001   0.001 )
1279.964: I:1 (   0.001   0.001   0.001 ) T:128 (   0.001   0.001   0.001   0.001   0.001   0.001 )
1289.968: I:1 (   0.001   0.001   0.001 ) T:129 (   0.001   0.001   0.001   0.001   0.001   0.001 )
1299.964: I:1 (   0.001   0.001   0.001 ) T:130 (   0.001   0.001   0.001   0.001   0.001   0.001 )
1309.972: I:1 (   0.001   0.001   0.001 ) T:131 (   0.001   0.001   0.001   0.001   0.001   0.001 )
1319.969: I:1 (   0.001   0.001   0.001 ) T:132 (   0.001   0.001   0.001   0.001   0.001   0.001 )
1329.966: I:1 (   0.000   0.000   0.000 ) T:133 (   0.001   0.001   0.001   0.001   0.001   0.001 )
1339.965: I:1 (   0.001   0.001   0.001 ) T:134 (   0.001   0.001   0.001   0.001   0.001   0.001 )
1349.965: I:1 (   0.001   0.001   0.001 ) T:135 (   0.001   0.001   0.001   0.001   0.001   0.001 )
1359.965: I:1 (   0.001   0.001   0.001 ) T:136 (   0.001   0.001   0.001   0.001   0.001   0.001 )
1369.970: I:1 (   0.000   0.000   0.000 ) T:137 (   0.001   0.001   0.001   0.001   0.001   0.001 )
1379.966: I:1 (   0.001   0.001   0.001 ) T:138 (   0.001   0.001   0.001   0.001   0.001   0.001 )
1389.965: I:1 (   0.001   0.001   0.001 ) T:139 (   0.001   0.001   0.001   0.001   0.001   0.001 )
1399.968: I:1 (   0.001   0.001   0.001 ) T:140 (   0.001   0.001   0.001   0.001   0.001   0.001 )
1409.966: I:1 (   0.001   0.001   0.001 ) T:141 (   0.001   0.001   0.001   0.001   0.001   0.001 )
1419.965: I:1 (   0.001   0.001   0.001 ) T:142 (   0.001   0.001   0.001   0.001   0.001   0.001 )
1429.968: I:1 (   0.001   0.001   0.001 ) T:143 (   0.001   0.001   0.001   0.001   0.001   0.001 )
1439.965: I:1 (   0.001   0.001   0.001 ) T:144 (   0.001   0.001   0.001   0.001   0.001   0.001 )
1449.972: I:1 (   0.000   0.000   0.000 ) T:145 (   0.001   0.001   0.001   0.001   0.001   0.001 )
1459.965: I:1 (   0.002   0.002   0.002 ) T:146 (   0.001   0.001   0.001   0.002   0.002   0.002 )
1469.965: I:1 (   0.000   0.000   0.000 ) T:147 (   0.001   0.001   0.001   0.002   0.002   0.002 )
1479.968: I:1 (   0.001   0.001   0.001 ) T:148 (   0.001   0.001   0.001   0.002   0.002   0.002 )
1489.966: I:1 (   0.001   0.001   0.001 ) T:149 (   0.001   0.001   0.001   0.002   0.002   0.002 )
1499.966: I:1 (   0.001   0.001   0.001 ) T:150 (   0.001   0.001   0.001   0.002   0.002   0.002 )
1509.966: I:1 (   0.001   0.001   0.001 ) T:151 (   0.001   0.001   0.001   0.002   0.002   0.002 )
1519.965: I:1 (   0.001   0.001   0.001 ) T:152 (   0.001   0.001   0.001   0.002   0.002   0.002 )
1529.965: I:1 (   0.000   0.000   0.000 ) T:153 (   0.001   0.001   0.001   0.002   0.002   0.002 )
1539.967: I:1 (   0.001   0.001   0.001 ) T:154 (   0.001   0.001   0.001   0.002   0.002   0.002 )
1549.965: I:1 (   0.001   0.001   0.001 ) T:155 (   0.001   0.001   0.001   0.002   0.002   0.002 )
1559.965: I:1 (   0.001   0.001   0.001 ) T:156 (   0.001   0.001   0.001   0.002   0.002   0.002 )
1569.966: I:1 (   0.001   0.001   0.001 ) T:157 (   0.001   0.001   0.001   0.002   0.002   0.002 )
1579.970: I:1 (   0.001   0.001   0.001 ) T:158 (   0.001   0.001   0.001   0.002   0.002   0.002 )
1589.966: I:1 (   0.001   0.001   0.001 ) T:159 (   0.001   0.001   0.001   0.002   0.002   0.002 )
1599.969: I:1 (   0.000   0.000   0.000 ) T:160 (   0.001   0.001   0.001   0.002   0.002   0.002 )
1609.966: I:1 (   0.001   0.001   0.001 ) T:161 (   0.001   0.001   0.001   0.002   0.002   0.002 )
1619.966: I:1 (   0.001   0.001   0.001 ) T:162 (   0.001   0.001   0.001   0.002   0.002   0.002 )
1629.971: I:1 (   0.001   0.001   0.001 ) T:163 (   0.001   0.001   0.001   0.002   0.002   0.002 )
1639.968: I:1 (   0.001   0.001   0.001 ) T:164 (   0.001   0.001   0.001   0.002   0.002   0.002 )
1649.965: I:1 (   0.001   0.001   0.001 ) T:165 (   0.001   0.001   0.001   0.002   0.002   0.002 )
1659.966: I:1 (   0.001   0.001   0.001 ) T:166 (   0.001   0.001   0.001   0.002   0.002   0.002 )
1669.965: I:1 (   0.001   0.001   0.001 ) T:167 (   0.001   0.001   0.001   0.002   0.002   0.002 )
1679.970: I:1 (   0.001   0.001   0.001 ) T:168 (   0.001   0.001   0.001   0.002   0.002   0.002 )
1689.968: I:1 (   0.001   0.001   0.001 ) T:169 (   0.001   0.001   0.001   0.002   0.002   0.002 )
1699.965: I:1 (   0.001   0.001   0.001 ) T:170 (   0.001   0.001   0.001   0.002   0.002   0.002 )
1709.971: I:1 (   0.000   0.000   0.000 ) T:171 (   0.001   0.001   0.001   0.002   0.002   0.002 )
1719.967: I:1 (   0.002   0.002   0.002 ) T:172 (   0.001   0.001   0.002   0.002   0.002   0.002 )
1729.970: I:1 (   0.000   0.000   0.000 ) T:173 (   0.001   0.001   0.002   0.002   0.002   0.002 )
1739.966: I:1 (   0.003   0.003   0.003 ) T:174 (   0.001   0.001   0.002   0.003   0.003   0.003 )
1749.969: I:1 (   0.001   0.001   0.001 ) T:175 (   0.001   0.001   0.002   0.003   0.003   0.003 )
1759.967: I:1 (   0.001   0.001   0.001 ) T:176 (   0.001   0.001   0.002   0.003   0.003   0.003 )
1769.968: I:1 (   0.001   0.001   0.001 ) T:177 (   0.001   0.001   0.002   0.003   0.003   0.003 )
1779.971: I:1 (   0.001   0.001   0.001 ) T:178 (   0.001   0.001   0.002   0.003   0.003   0.003 )
1789.965: I:1 (   0.001   0.001   0.001 ) T:179 (   0.001   0.001   0.002   0.003   0.003   0.003 )
1799.966: I:1 (   0.001   0.001   0.001 ) T:180 (   0.001   0.001   0.002   0.003   0.003   0.003 )
1809.966: I:1 (   0.000   0.000   0.000 ) T:181 (   0.001   0.001   0.002   0.003   0.003   0.003 )
1819.969: I:1 (   0.001   0.001   0.001 ) T:182 (   0.001   0.001   0.002   0.003   0.003   0.003 )
1829.967: I:1 (   0.001   0.001   0.001 ) T:183 (   0.001   0.001   0.002   0.003   0.003   0.003 )
1839.971: I:1 (   0.001   0.001   0.001 ) T:184 (   0.001   0.001   0.002   0.003   0.003   0.003 )
1849.968: I:1 (   0.001   0.001   0.001 ) T:185 (   0.001   0.001   0.002   0.003   0.003   0.003 )
1859.966: I:1 (   0.002   0.002   0.002 ) T:186 (   0.001   0.001   0.002   0.003   0.003   0.003 )
1869.967: I:1 (   0.001   0.001   0.001 ) T:187 (   0.001   0.001   0.002   0.003   0.003   0.003 )
1879.968: I:1 (   0.001   0.001   0.001 ) T:188 (   0.001   0.001   0.002   0.003   0.003   0.003 )
1889.968: I:1 (   0.001   0.001   0.001 ) T:189 (   0.001   0.001   0.002   0.003   0.003   0.003 )
1899.965: I:1 (   0.001   0.001   0.001 ) T:190 (   0.001   0.001   0.002   0.003   0.003   0.003 )
1909.969: I:1 (   0.001   0.001   0.001 ) T:191 (   0.001   0.001   0.002   0.003   0.003   0.003 )
1919.970: I:1 (   0.001   0.001   0.001 ) T:192 (   0.001   0.001   0.002   0.003   0.003   0.003 )
1929.965: I:1 (   0.001   0.001   0.001 ) T:193 (   0.001   0.001   0.002   0.003   0.003   0.003 )
1939.965: I:1 (   0.001   0.001   0.001 ) T:194 (   0.001   0.001   0.002   0.003   0.003   0.003 )
1949.965: I:1 (   0.001   0.001   0.001 ) T:195 (   0.001   0.001   0.002   0.003   0.003   0.003 )
1959.964: I:1 (   0.001   0.001   0.001 ) T:196 (   0.001   0.001   0.002   0.003   0.003   0.003 )
1969.965: I:1 (   0.001   0.001   0.001 ) T:197 (   0.001   0.001   0.002   0.003   0.003   0.003 )
1979.974: I:1 (   0.001   0.001   0.001 ) T:198 (   0.001   0.001   0.002   0.003   0.003   0.003 )
1989.968: I:1 (   0.001   0.001   0.001 ) T:199 (   0.001   0.001   0.002   0.003   0.003   0.003 )
1999.965: I:1 (   0.001   0.001   0.001 ) T:200 (   0.001   0.001   0.002   0.003   0.003   0.003 )
2009.966: I:1 (   0.001   0.001   0.001 ) T:201 (   0.001   0.001   0.002   0.003   0.003   0.003 )
2019.971: I:1 (   0.001   0.001   0.001 ) T:202 (   0.001   0.001   0.002   0.003   0.003   0.003 )
2029.965: I:1 (   0.000   0.000   0.000 ) T:203 (   0.001   0.001   0.002   0.003   0.003   0.003 )
2039.966: I:1 (   0.001   0.001   0.001 ) T:204 (   0.001   0.001   0.002   0.003   0.003   0.003 )
2049.966: I:1 (   0.002   0.002   0.002 ) T:205 (   0.001   0.001   0.002   0.003   0.003   0.003 )
2059.966: I:1 (   0.001   0.001   0.001 ) T:206 (   0.001   0.001   0.002   0.003   0.003   0.003 )
2069.966: I:1 (   0.001   0.001   0.001 ) T:207 (   0.001   0.001   0.002   0.003   0.003   0.003 )
2079.965: I:1 (   0.001   0.001   0.001 ) T:208 (   0.001   0.001   0.002   0.003   0.003   0.003 )
2089.965: I:1 (   0.001   0.001   0.001 ) T:209 (   0.001   0.001   0.002   0.003   0.003   0.003 )
2099.971: I:1 (   0.001   0.001   0.001 ) T:210 (   0.001   0.001   0.002   0.003   0.003   0.003 )
2109.967: I:1 (   0.000   0.000   0.000 ) T:211 (   0.001   0.001   0.002   0.003   0.003   0.003 )
2119.967: I:1 (   0.001   0.001   0.001 ) T:212 (   0.001   0.001   0.002   0.003   0.003   0.003 )
2129.965: I:1 (   0.001   0.001   0.001 ) T:213 (   0.001   0.001   0.002   0.003   0.003   0.003 )
2139.965: I:1 (   0.001   0.001   0.001 ) T:214 (   0.001   0.001   0.002   0.003   0.003   0.003 )
2149.965: I:1 (   0.001   0.001   0.001 ) T:215 (   0.001   0.001   0.002   0.003   0.003   0.003 )
2159.966: I:1 (   0.001   0.001   0.001 ) T:216 (   0.001   0.001   0.002   0.003   0.003   0.003 )
2169.969: I:1 (   0.001   0.001   0.001 ) T:217 (   0.001   0.001   0.002   0.003   0.003   0.003 )
2179.966: I:1 (   0.001   0.001   0.001 ) T:218 (   0.001   0.001   0.002   0.003   0.003   0.003 )
2189.965: I:1 (   0.001   0.001   0.001 ) T:219 (   0.001   0.001   0.002   0.003   0.003   0.003 )
2199.962: I:1 (   0.001   0.001   0.001 ) T:220 (   0.001   0.001   0.002   0.003   0.003   0.003 )
2209.965: I:1 (   0.001   0.001   0.001 ) T:221 (   0.001   0.001   0.002   0.003   0.003   0.003 )
2219.965: I:1 (   0.001   0.001   0.001 ) T:222 (   0.001   0.001   0.002   0.003   0.003   0.003 )
2229.965: I:1 (   0.001   0.001   0.001 ) T:223 (   0.001   0.001   0.002   0.003   0.003   0.003 )
2239.972: I:1 (   0.000   0.000   0.000 ) T:224 (   0.001   0.001   0.002   0.003   0.003   0.003 )
2249.971: I:1 (   0.001   0.001   0.001 ) T:225 (   0.001   0.001   0.002   0.003   0.003   0.003 )
2259.963: I:1 (   0.001   0.001   0.001 ) T:226 (   0.001   0.001   0.002   0.003   0.003   0.003 )
2269.966: I:1 (   0.001   0.001   0.001 ) T:227 (   0.001   0.001   0.002   0.003   0.003   0.003 )
2279.966: I:1 (   0.001   0.001   0.001 ) T:228 (   0.001   0.001   0.002   0.003   0.003   0.003 )
2289.966: I:1 (   0.001   0.001   0.001 ) T:229 (   0.001   0.001   0.002   0.003   0.003   0.003 )
2299.970: I:1 (   0.001   0.001   0.001 ) T:230 (   0.001   0.001   0.002   0.003   0.003   0.003 )
2309.969: I:1 (   0.001   0.001   0.001 ) T:231 (   0.001   0.001   0.002   0.003   0.003   0.003 )
2319.967: I:1 (   0.002   0.002   0.002 ) T:232 (   0.001   0.001   0.002   0.003   0.003   0.003 )
2329.965: I:1 (   0.001   0.001   0.001 ) T:233 (   0.001   0.001   0.002   0.003   0.003   0.003 )
2339.962: I:1 (   0.000   0.000   0.000 ) T:234 (   0.001   0.001   0.002   0.003   0.003   0.003 )
2349.966: I:1 (   0.001   0.001   0.001 ) T:235 (   0.001   0.001   0.002   0.003   0.003   0.003 )
2359.966: I:1 (   0.001   0.001   0.001 ) T:236 (   0.001   0.001   0.002   0.003   0.003   0.003 )
2369.966: I:1 (   0.001   0.001   0.001 ) T:237 (   0.001   0.001   0.002   0.003   0.003   0.003 )
2379.966: I:1 (   0.001   0.001   0.001 ) T:238 (   0.001   0.001   0.002   0.003   0.003   0.003 )
2389.966: I:1 (   0.002   0.002   0.002 ) T:239 (   0.001   0.001   0.002   0.003   0.003   0.003 )
2399.968: I:1 (   0.001   0.001   0.001 ) T:240 (   0.001   0.001   0.002   0.003   0.003   0.003 )
2409.965: I:1 (   0.001   0.001   0.001 ) T:241 (   0.001   0.001   0.002   0.003   0.003   0.003 )
2419.964: I:1 (   0.001   0.001   0.001 ) T:242 (   0.001   0.001   0.002   0.003   0.003   0.003 )
2429.966: I:1 (   0.001   0.001   0.001 ) T:243 (   0.001   0.001   0.002   0.003   0.003   0.003 )
2439.969: I:1 (   0.001   0.001   0.001 ) T:244 (   0.001   0.001   0.002   0.003   0.003   0.003 )
2449.969: I:1 (   0.001   0.001   0.001 ) T:245 (   0.001   0.001   0.002   0.003   0.003   0.003 )
2459.970: I:1 (   0.001   0.001   0.001 ) T:246 (   0.001   0.001   0.002   0.003   0.003   0.003 )
2469.963: I:1 (   0.001   0.001   0.001 ) T:247 (   0.001   0.001   0.002   0.003   0.003   0.003 )
2479.963: I:1 (   0.001   0.001   0.001 ) T:248 (   0.001   0.001   0.002   0.003   0.003   0.003 )
2489.969: I:1 (   0.001   0.001   0.001 ) T:249 (   0.001   0.001   0.002   0.003   0.003   0.003 )
2499.966: I:1 (   0.001   0.001   0.001 ) T:250 (   0.001   0.001   0.002   0.003   0.003   0.003 )
2509.963: I:1 (   0.001   0.001   0.001 ) T:251 (   0.001   0.001   0.002   0.003   0.003   0.003 )
2519.971: I:1 (   0.001   0.001   0.001 ) T:252 (   0.001   0.001   0.002   0.003   0.003   0.003 )
2529.965: I:1 (   0.001   0.001   0.001 ) T:253 (   0.001   0.001   0.002   0.003   0.003   0.003 )
2539.962: I:1 (   0.001   0.001   0.001 ) T:254 (   0.001   0.001   0.002   0.003   0.003   0.003 )
2549.966: I:1 (   0.001   0.001   0.001 ) T:255 (   0.001   0.001   0.002   0.003   0.003   0.003 )
2559.970: I:1 (   0.001   0.001   0.001 ) T:256 (   0.001   0.001   0.002   0.003   0.003   0.003 )
2569.974: I:1 (   0.001   0.001   0.001 ) T:257 (   0.001   0.001   0.002   0.003   0.003   0.003 )
2579.966: I:1 (   0.001   0.001   0.001 ) T:258 (   0.001   0.001   0.002   0.003   0.003   0.003 )
2589.968: I:1 (   0.001   0.001   0.001 ) T:259 (   0.001   0.001   0.002   0.003   0.003   0.003 )
2599.965: I:1 (   0.001   0.001   0.001 ) T:260 (   0.001   0.001   0.002   0.003   0.003   0.003 )
2609.968: I:1 (   0.001   0.001   0.001 ) T:261 (   0.001   0.001   0.002   0.003   0.003   0.003 )
2619.969: I:1 (   0.001   0.001   0.001 ) T:262 (   0.001   0.001   0.002   0.003   0.003   0.003 )
2629.965: I:1 (   0.001   0.001   0.001 ) T:263 (   0.001   0.001   0.002   0.003   0.003   0.003 )
2639.962: I:1 (   0.001   0.001   0.001 ) T:264 (   0.001   0.001   0.002   0.003   0.003   0.003 )
2649.966: I:1 (   0.001   0.001   0.001 ) T:265 (   0.001   0.001   0.002   0.003   0.003   0.003 )
2659.966: I:1 (   0.002   0.002   0.002 ) T:266 (   0.001   0.001   0.002   0.003   0.003   0.003 )
2669.971: I:1 (   0.000   0.000   0.000 ) T:267 (   0.001   0.001   0.002   0.003   0.003   0.003 )
2679.965: I:1 (   0.001   0.001   0.001 ) T:268 (   0.001   0.001   0.002   0.003   0.003   0.003 )
2689.968: I:1 (   0.001   0.001   0.001 ) T:269 (   0.001   0.001   0.002   0.003   0.003   0.003 )
2699.965: I:1 (   0.001   0.001   0.001 ) T:270 (   0.001   0.001   0.002   0.003   0.003   0.003 )
2709.965: I:1 (   0.001   0.001   0.001 ) T:271 (   0.001   0.001   0.002   0.003   0.003   0.003 )
2719.965: I:1 (   0.001   0.001   0.001 ) T:272 (   0.001   0.001   0.002   0.003   0.003   0.003 )
2729.965: I:1 (   0.001   0.001   0.001 ) T:273 (   0.001   0.001   0.002   0.003   0.003   0.003 )
2739.968: I:1 (   0.001   0.001   0.001 ) T:274 (   0.001   0.001   0.002   0.003   0.003   0.003 )
2749.971: I:1 (   0.001   0.001   0.001 ) T:275 (   0.001   0.001   0.002   0.003   0.003   0.003 )
2759.968: I:1 (   0.001   0.001   0.001 ) T:276 (   0.001   0.001   0.002   0.003   0.003   0.003 )
2769.964: I:1 (   0.001   0.001   0.001 ) T:277 (   0.001   0.001   0.002   0.003   0.003   0.003 )
2779.966: I:1 (   0.001   0.001   0.001 ) T:278 (   0.001   0.001   0.002   0.003   0.003   0.003 )
2789.963: I:1 (   0.001   0.001   0.001 ) T:279 (   0.001   0.001   0.002   0.003   0.003   0.003 )
2799.971: I:1 (   0.001   0.001   0.001 ) T:280 (   0.001   0.001   0.002   0.003   0.003   0.003 )
2809.965: I:1 (   0.001   0.001   0.001 ) T:281 (   0.001   0.001   0.002   0.003   0.003   0.003 )
2819.965: I:1 (   0.001   0.001   0.001 ) T:282 (   0.001   0.001   0.002   0.003   0.003   0.003 )
2829.965: I:1 (   0.001   0.001   0.001 ) T:283 (   0.001   0.001   0.002   0.003   0.003   0.003 )
2839.965: I:1 (   0.001   0.001   0.001 ) T:284 (   0.001   0.001   0.002   0.003   0.003   0.003 )
2849.964: I:1 (   0.000   0.000   0.000 ) T:285 (   0.001   0.001   0.002   0.003   0.003   0.003 )
2859.967: I:1 (   0.002   0.002   0.002 ) T:286 (   0.001   0.001   0.002   0.003   0.003   0.003 )
2869.966: I:1 (   0.001   0.001   0.001 ) T:287 (   0.001   0.001   0.002   0.003   0.003   0.003 )
2879.966: I:1 (   0.000   0.000   0.000 ) T:288 (   0.001   0.001   0.002   0.003   0.003   0.003 )
2889.965: I:1 (   0.001   0.001   0.001 ) T:289 (   0.001   0.001   0.002   0.003   0.003   0.003 )
2899.965: I:1 (   0.001   0.001   0.001 ) T:290 (   0.001   0.001   0.002   0.003   0.003   0.003 )
2909.967: I:1 (   0.001   0.001   0.001 ) T:291 (   0.001   0.001   0.002   0.003   0.003   0.003 )
2919.966: I:1 (   0.001   0.001   0.001 ) T:292 (   0.001   0.001   0.002   0.003   0.003   0.003 )
2929.968: I:1 (   0.001   0.001   0.001 ) T:293 (   0.001   0.001   0.002   0.003   0.003   0.003 )
2939.968: I:1 (   0.001   0.001   0.001 ) T:294 (   0.001   0.001   0.002   0.003   0.003   0.003 )
2949.969: I:1 (   0.003   0.003   0.003 ) T:295 (   0.001   0.001   0.002   0.003   0.003   0.003 )
2959.965: I:1 (   0.001   0.001   0.001 ) T:296 (   0.001   0.001   0.002   0.003   0.003   0.003 )
2969.971: I:1 (   0.001   0.001   0.001 ) T:297 (   0.001   0.001   0.002   0.003   0.003   0.003 )
2979.965: I:1 (   0.001   0.001   0.001 ) T:298 (   0.001   0.001   0.002   0.003   0.003   0.003 )
2989.968: I:1 (   0.001   0.001   0.001 ) T:299 (   0.001   0.001   0.002   0.003   0.003   0.003 )
2999.967: I:1 (   0.001   0.001   0.001 ) T:300 (   0.001   0.001   0.002   0.003   0.003   0.003 )
3009.965: I:1 (   0.001   0.001   0.001 ) T:301 (   0.001   0.001   0.002   0.003   0.003   0.003 )
3019.968: I:1 (   0.001   0.001   0.001 ) T:302 (   0.001   0.001   0.002   0.003   0.003   0.003 )
3029.965: I:1 (   0.001   0.001   0.001 ) T:303 (   0.001   0.001   0.002   0.003   0.003   0.003 )
3039.966: I:1 (   0.001   0.001   0.001 ) T:304 (   0.001   0.001   0.002   0.003   0.003   0.003 )
3049.966: I:1 (   0.001   0.001   0.001 ) T:305 (   0.001   0.001   0.002   0.003   0.003   0.003 )
3059.966: I:1 (   0.001   0.001   0.001 ) T:306 (   0.001   0.001   0.002   0.003   0.003   0.003 )
3068.563: I:2 (   0.001   0.001   0.001 ) T:308 (   0.001   0.001   0.002   0.003   0.003   0.003 )
3068.610: I:0 (   0.000   0.000   0.000 ) T:308 (   0.001   0.001   0.002   0.003   0.003   0.003 )
