#[Interval percentile log between 0.000 and <Infinite> seconds (relative to StartTime)]
#[StartTime: 1524866225.144 (seconds since epoch), Fri Apr 27 23:57:05 CEST 2018]
Time: IntervalPercentiles:count ( 50% 90% Max ) TotalPercentiles:count ( 50% 90% 99% 99.9% 99.99% Max )
9.608: I:1 ( 439.039 439.039 439.039 ) T:1 ( 439.039 439.039 439.039 439.039 439.039 439.039 )
19.593: I:0 (   0.000   0.000   0.000 ) T:1 ( 439.039 439.039 439.039 439.039 439.039 439.039 )
29.579: I:0 (   0.000   0.000   0.000 ) T:1 ( 439.039 439.039 439.039 439.039 439.039 439.039 )
39.586: I:0 (   0.000   0.000   0.000 ) T:1 ( 439.039 439.039 439.039 439.039 439.039 439.039 )
49.580: I:0 (   0.000   0.000   0.000 ) T:1 ( 439.039 439.039 439.039 439.039 439.039 439.039 )
59.573: I:0 (   0.000   0.000   0.000 ) T:1 ( 439.039 439.039 439.039 439.039 439.039 439.039 )
69.578: I:0 (   0.000   0.000   0.000 ) T:1 ( 439.039 439.039 439.039 439.039 439.039 439.039 )
79.587: I:0 (   0.000   0.000   0.000 ) T:1 ( 439.039 439.039 439.039 439.039 439.039 439.039 )
89.573: I:0 (   0.000   0.000   0.000 ) T:1 ( 439.039 439.039 439.039 439.039 439.039 439.039 )
99.578: I:0 (   0.000   0.000   0.000 ) T:1 ( 439.039 439.039 439.039 439.039 439.039 439.039 )
109.583: I:0 (   0.000   0.000   0.000 ) T:1 ( 439.039 439.039 439.039 439.039 439.039 439.039 )
119.573: I:0 (   0.000   0.000   0.000 ) T:1 ( 439.039 439.039 439.039 439.039 439.039 439.039 )
129.588: I:0 (   0.000   0.000   0.000 ) T:1 ( 439.039 439.039 439.039 439.039 439.039 439.039 )
139.577: I:0 (   0.000   0.000   0.000 ) T:1 ( 439.039 439.039 439.039 439.039 439.039 439.039 )
149.584: I:0 (   0.000   0.000   0.000 ) T:1 ( 439.039 439.039 439.039 439.039 439.039 439.039 )
159.578: I:0 (   0.000   0.000   0.000 ) T:1 ( 439.039 439.039 439.039 439.039 439.039 439.039 )
169.588: I:0 (   0.000   0.000   0.000 ) T:1 ( 439.039 439.039 439.039 439.039 439.039 439.039 )
179.579: I:0 (   0.000   0.000   0.000 ) T:1 ( 439.039 439.039 439.039 439.039 439.039 439.039 )
189.579: I:0 (   0.000   0.000   0.000 ) T:1 ( 439.039 439.039 439.039 439.039 439.039 439.039 )
199.571: I:0 (   0.000   0.000   0.000 ) T:1 ( 439.039 439.039 439.039 439.039 439.039 439.039 )
209.578: I:0 (   0.000   0.000   0.000 ) T:1 ( 439.039 439.039 439.039 439.039 439.039 439.039 )
219.571: I:0 (   0.000   0.000   0.000 ) T:1 ( 439.039 439.039 439.039 439.039 439.039 439.039 )
229.576: I:0 (   0.000   0.000   0.000 ) T:1 ( 439.039 439.039 439.039 439.039 439.039 439.039 )
239.571: I:0 (   0.000   0.000   0.000 ) T:1 ( 439.039 439.039 439.039 439.039 439.039 439.039 )
249.575: I:0 (   0.000   0.000   0.000 ) T:1 ( 439.039 439.039 439.039 439.039 439.039 439.039 )
259.571: I:0 (   0.000   0.000   0.000 ) T:1 ( 439.039 439.039 439.039 439.039 439.039 439.039 )
269.585: I:0 (   0.000   0.000   0.000 ) T:1 ( 439.039 439.039 439.039 439.039 439.039 439.039 )
279.579: I:0 (   0.000   0.000   0.000 ) T:1 ( 439.039 439.039 439.039 439.039 439.039 439.039 )
289.579: I:0 (   0.000   0.000   0.000 ) T:1 ( 439.039 439.039 439.039 439.039 439.039 439.039 )
299.582: I:0 (   0.000   0.000   0.000 ) T:1 ( 439.039 439.039 439.039 439.039 439.039 439.039 )
309.579: I:0 (   0.000   0.000   0.000 ) T:1 ( 439.039 439.039 439.039 439.039 439.039 439.039 )
319.583: I:0 (   0.000   0.000   0.000 ) T:1 ( 439.039 439.039 439.039 439.039 439.039 439.039 )
329.578: I:0 (   0.000   0.000   0.000 ) T:1 ( 439.039 439.039 439.039 439.039 439.039 439.039 )
339.579: I:0 (   0.000   0.000   0.000 ) T:1 ( 439.039 439.039 439.039 439.039 439.039 439.039 )
349.572: I:0 (   0.000   0.000   0.000 ) T:1 ( 439.039 439.039 439.039 439.039 439.039 439.039 )
359.578: I:0 (   0.000   0.000   0.000 ) T:1 ( 439.039 439.039 439.039 439.039 439.039 439.039 )
369.576: I:0 (   0.000   0.000   0.000 ) T:1 ( 439.039 439.039 439.039 439.039 439.039 439.039 )
379.580: I:0 (   0.000   0.000   0.000 ) T:1 ( 439.039 439.039 439.039 439.039 439.039 439.039 )
389.580: I:0 (   0.000   0.000   0.000 ) T:1 ( 439.039 439.039 439.039 439.039 439.039 439.039 )
399.579: I:0 (   0.000   0.000   0.000 ) T:1 ( 439.039 439.039 439.039 439.039 439.039 439.039 )
409.581: I:0 (   0.000   0.000   0.000 ) T:1 ( 439.039 439.039 439.039 439.039 439.039 439.039 )
419.569: I:0 (   0.000   0.000   0.000 ) T:1 ( 439.039 439.039 439.039 439.039 439.039 439.039 )
429.571: I:0 (   0.000   0.000   0.000 ) T:1 ( 439.039 439.039 439.039 439.039 439.039 439.039 )
439.582: I:0 (   0.000   0.000   0.000 ) T:1 ( 439.039 439.039 439.039 439.039 439.039 439.039 )
449.579: I:0 (   0.000   0.000   0.000 ) T:1 ( 439.039 439.039 439.039 439.039 439.039 439.039 )
459.578: I:0 (   0.000   0.000   0.000 ) T:1 ( 439.039 439.039 439.039 439.039 439.039 439.039 )
469.577: I:0 (   0.000   0.000   0.000 ) T:1 ( 439.039 439.039 439.039 439.039 439.039 439.039 )
479.576: I:0 (   0.000   0.000   0.000 ) T:1 ( 439.039 439.039 439.039 439.039 439.039 439.039 )
489.577: I:0 (   0.000   0.000   0.000 ) T:1 ( 439.039 439.039 439.039 439.039 439.039 439.039 )
499.579: I:0 (   0.000   0.000   0.000 ) T:1 ( 439.039 439.039 439.039 439.039 439.039 439.039 )
509.577: I:0 (   0.000   0.000   0.000 ) T:1 ( 439.039 439.039 439.039 439.039 439.039 439.039 )
519.576: I:0 (   0.000   0.000   0.000 ) T:1 ( 439.039 439.039 439.039 439.039 439.039 439.039 )
529.578: I:0 (   0.000   0.000   0.000 ) T:1 ( 439.039 439.039 439.039 439.039 439.039 439.039 )
539.578: I:0 (   0.000   0.000   0.000 ) T:1 ( 439.039 439.039 439.039 439.039 439.039 439.039 )
549.577: I:0 (   0.000   0.000   0.000 ) T:1 ( 439.039 439.039 439.039 439.039 439.039 439.039 )
559.578: I:0 (   0.000   0.000   0.000 ) T:1 ( 439.039 439.039 439.039 439.039 439.039 439.039 )
569.577: I:0 (   0.000   0.000   0.000 ) T:1 ( 439.039 439.039 439.039 439.039 439.039 439.039 )
579.577: I:0 (   0.000   0.000   0.000 ) T:1 ( 439.039 439.039 439.039 439.039 439.039 439.039 )
589.577: I:0 (   0.000   0.000   0.000 ) T:1 ( 439.039 439.039 439.039 439.039 439.039 439.039 )
599.578: I:0 (   0.000   0.000   0.000 ) T:1 ( 439.039 439.039 439.039 439.039 439.039 439.039 )
609.581: I:0 (   0.000   0.000   0.000 ) T:1 ( 439.039 439.039 439.039 439.039 439.039 439.039 )
619.578: I:0 (   0.000   0.000   0.000 ) T:1 ( 439.039 439.039 439.039 439.039 439.039 439.039 )
629.579: I:0 (   0.000   0.000   0.000 ) T:1 ( 439.039 439.039 439.039 439.039 439.039 439.039 )
639.578: I:0 (   0.000   0.000   0.000 ) T:1 ( 439.039 439.039 439.039 439.039 439.039 439.039 )
649.578: I:0 (   0.000   0.000   0.000 ) T:1 ( 439.039 439.039 439.039 439.039 439.039 439.039 )
659.578: I:0 (   0.000   0.000   0.000 ) T:1 ( 439.039 439.039 439.039 439.039 439.039 439.039 )
669.578: I:0 (   0.000   0.000   0.000 ) T:1 ( 439.039 439.039 439.039 439.039 439.039 439.039 )
679.577: I:0 (   0.000   0.000   0.000 ) T:1 ( 439.039 439.039 439.039 439.039 439.039 439.039 )
689.577: I:0 (   0.000   0.000   0.000 ) T:1 ( 439.039 439.039 439.039 439.039 439.039 439.039 )
699.577: I:0 (   0.000   0.000   0.000 ) T:1 ( 439.039 439.039 439.039 439.039 439.039 439.039 )
709.580: I:0 (   0.000   0.000   0.000 ) T:1 ( 439.039 439.039 439.039 439.039 439.039 439.039 )
719.572: I:0 (   0.000   0.000   0.000 ) T:1 ( 439.039 439.039 439.039 439.039 439.039 439.039 )
729.581: I:0 (   0.000   0.000   0.000 ) T:1 ( 439.039 439.039 439.039 439.039 439.039 439.039 )
739.571: I:0 (   0.000   0.000   0.000 ) T:1 ( 439.039 439.039 439.039 439.039 439.039 439.039 )
749.583: I:0 (   0.000   0.000   0.000 ) T:1 ( 439.039 439.039 439.039 439.039 439.039 439.039 )
759.580: I:0 (   0.000   0.000   0.000 ) T:1 ( 439.039 439.039 439.039 439.039 439.039 439.039 )
769.579: I:0 (   0.000   0.000   0.000 ) T:1 ( 439.039 439.039 439.039 439.039 439.039 439.039 )
779.581: I:0 (   0.000   0.000   0.000 ) T:1 ( 439.039 439.039 439.039 439.039 439.039 439.039 )
789.573: I:0 (   0.000   0.000   0.000 ) T:1 ( 439.039 439.039 439.039 439.039 439.039 439.039 )
799.580: I:0 (   0.000   0.000   0.000 ) T:1 ( 439.039 439.039 439.039 439.039 439.039 439.039 )
809.578: I:0 (   0.000   0.000   0.000 ) T:1 ( 439.039 439.039 439.039 439.039 439.039 439.039 )
819.581: I:0 (   0.000   0.000   0.000 ) T:1 ( 439.039 439.039 439.039 439.039 439.039 439.039 )
829.585: I:0 (   0.000   0.000   0.000 ) T:1 ( 439.039 439.039 439.039 439.039 439.039 439.039 )
839.577: I:0 (   0.000   0.000   0.000 ) T:1 ( 439.039 439.039 439.039 439.039 439.039 439.039 )
849.571: I:0 (   0.000   0.000   0.000 ) T:1 ( 439.039 439.039 439.039 439.039 439.039 439.039 )
859.572: I:0 (   0.000   0.000   0.000 ) T:1 ( 439.039 439.039 439.039 439.039 439.039 439.039 )
869.578: I:0 (   0.000   0.000   0.000 ) T:1 ( 439.039 439.039 439.039 439.039 439.039 439.039 )
879.578: I:0 (   0.000   0.000   0.000 ) T:1 ( 439.039 439.039 439.039 439.039 439.039 439.039 )
889.575: I:0 (   0.000   0.000   0.000 ) T:1 ( 439.039 439.039 439.039 439.039 439.039 439.039 )
899.579: I:0 (   0.000   0.000   0.000 ) T:1 ( 439.039 439.039 439.039 439.039 439.039 439.039 )
909.583: I:0 (   0.000   0.000   0.000 ) T:1 ( 439.039 439.039 439.039 439.039 439.039 439.039 )
919.585: I:0 (   0.000   0.000   0.000 ) T:1 ( 439.039 439.039 439.039 439.039 439.039 439.039 )
929.576: I:0 (   0.000   0.000   0.000 ) T:1 ( 439.039 439.039 439.039 439.039 439.039 439.039 )
939.580: I:0 (   0.000   0.000   0.000 ) T:1 ( 439.039 439.039 439.039 439.039 439.039 439.039 )
949.578: I:0 (   0.000   0.000   0.000 ) T:1 ( 439.039 439.039 439.039 439.039 439.039 439.039 )
959.591: I:0 (   0.000   0.000   0.000 ) T:1 ( 439.039 439.039 439.039 439.039 439.039 439.039 )
969.577: I:0 (   0.000   0.000   0.000 ) T:1 ( 439.039 439.039 439.039 439.039 439.039 439.039 )
979.577: I:0 (   0.000   0.000   0.000 ) T:1 ( 439.039 439.039 439.039 439.039 439.039 439.039 )
989.578: I:0 (   0.000   0.000   0.000 ) T:1 ( 439.039 439.039 439.039 439.039 439.039 439.039 )
999.573: I:0 (   0.000   0.000   0.000 ) T:1 ( 439.039 439.039 439.039 439.039 439.039 439.039 )
1009.578: I:0 (   0.000   0.000   0.000 ) T:1 ( 439.039 439.039 439.039 439.039 439.039 439.039 )
1019.580: I:0 (   0.000   0.000   0.000 ) T:1 ( 439.039 439.039 439.039 439.039 439.039 439.039 )
1029.574: I:0 (   0.000   0.000   0.000 ) T:1 ( 439.039 439.039 439.039 439.039 439.039 439.039 )
1039.578: I:0 (   0.000   0.000   0.000 ) T:1 ( 439.039 439.039 439.039 439.039 439.039 439.039 )
1049.575: I:0 (   0.000   0.000   0.000 ) T:1 ( 439.039 439.039 439.039 439.039 439.039 439.039 )
1059.575: I:0 (   0.000   0.000   0.000 ) T:1 ( 439.039 439.039 439.039 439.039 439.039 439.039 )
1069.577: I:0 (   0.000   0.000   0.000 ) T:1 ( 439.039 439.039 439.039 439.039 439.039 439.039 )
1079.583: I:0 (   0.000   0.000   0.000 ) T:1 ( 439.039 439.039 439.039 439.039 439.039 439.039 )
1089.578: I:0 (   0.000   0.000   0.000 ) T:1 ( 439.039 439.039 439.039 439.039 439.039 439.039 )
1099.579: I:0 (   0.000   0.000   0.000 ) T:1 ( 439.039 439.039 439.039 439.039 439.039 439.039 )
1109.576: I:0 (   0.000   0.000   0.000 ) T:1 ( 439.039 439.039 439.039 439.039 439.039 439.039 )
1119.577: I:0 (   0.000   0.000   0.000 ) T:1 ( 439.039 439.039 439.039 439.039 439.039 439.039 )
1129.579: I:0 (   0.000   0.000   0.000 ) T:1 ( 439.039 439.039 439.039 439.039 439.039 439.039 )
1139.572: I:0 (   0.000   0.000   0.000 ) T:1 ( 439.039 439.039 439.039 439.039 439.039 439.039 )
1149.578: I:0 (   0.000   0.000   0.000 ) T:1 ( 439.039 439.039 439.039 439.039 439.039 439.039 )
1159.578: I:0 (   0.000   0.000   0.000 ) T:1 ( 439.039 439.039 439.039 439.039 439.039 439.039 )
1169.577: I:0 (   0.000   0.000   0.000 ) T:1 ( 439.039 439.039 439.039 439.039 439.039 439.039 )
1179.577: I:0 (   0.000   0.000   0.000 ) T:1 ( 439.039 439.039 439.039 439.039 439.039 439.039 )
1189.583: I:0 (   0.000   0.000   0.000 ) T:1 ( 439.039 439.039 439.039 439.039 439.039 439.039 )
1199.574: I:0 (   0.000   0.000   0.000 ) T:1 ( 439.039 439.039 439.039 439.039 439.039 439.039 )
1209.578: I:0 (   0.000   0.000   0.000 ) T:1 ( 439.039 439.039 439.039 439.039 439.039 439.039 )
1219.574: I:0 (   0.000   0.000   0.000 ) T:1 ( 439.039 439.039 439.039 439.039 439.039 439.039 )
1229.577: I:0 (   0.000   0.000   0.000 ) T:1 ( 439.039 439.039 439.039 439.039 439.039 439.039 )
1239.581: I:0 (   0.000   0.000   0.000 ) T:1 ( 439.039 439.039 439.039 439.039 439.039 439.039 )
1249.581: I:0 (   0.000   0.000   0.000 ) T:1 ( 439.039 439.039 439.039 439.039 439.039 439.039 )
1259.578: I:0 (   0.000   0.000   0.000 ) T:1 ( 439.039 439.039 439.039 439.039 439.039 439.039 )
1269.578: I:0 (   0.000   0.000   0.000 ) T:1 ( 439.039 439.039 439.039 439.039 439.039 439.039 )
1279.571: I:0 (   0.000   0.000   0.000 ) T:1 ( 439.039 439.039 439.039 439.039 439.039 439.039 )
1289.581: I:0 (   0.000   0.000   0.000 ) T:1 ( 439.039 439.039 439.039 439.039 439.039 439.039 )
1299.572: I:0 (   0.000   0.000   0.000 ) T:1 ( 439.039 439.039 439.039 439.039 439.039 439.039 )
1309.586: I:0 (   0.000   0.000   0.000 ) T:1 ( 439.039 439.039 439.039 439.039 439.039 439.039 )
1319.586: I:0 (   0.000   0.000   0.000 ) T:1 ( 439.039 439.039 439.039 439.039 439.039 439.039 )
1329.577: I:0 (   0.000   0.000   0.000 ) T:1 ( 439.039 439.039 439.039 439.039 439.039 439.039 )
1339.576: I:0 (   0.000   0.000   0.000 ) T:1 ( 439.039 439.039 439.039 439.039 439.039 439.039 )
1349.580: I:0 (   0.000   0.000   0.000 ) T:1 ( 439.039 439.039 439.039 439.039 439.039 439.039 )
1359.576: I:0 (   0.000   0.000   0.000 ) T:1 ( 439.039 439.039 439.039 439.039 439.039 439.039 )
1369.586: I:0 (   0.000   0.000   0.000 ) T:1 ( 439.039 439.039 439.039 439.039 439.039 439.039 )
1379.579: I:0 (   0.000   0.000   0.000 ) T:1 ( 439.039 439.039 439.039 439.039 439.039 439.039 )
1389.576: I:0 (   0.000   0.000   0.000 ) T:1 ( 439.039 439.039 439.039 439.039 439.039 439.039 )
1399.582: I:0 (   0.000   0.000   0.000 ) T:1 ( 439.039 439.039 439.039 439.039 439.039 439.039 )
1409.577: I:0 (   0.000   0.000   0.000 ) T:1 ( 439.039 439.039 439.039 439.039 439.039 439.039 )
1419.582: I:0 (   0.000   0.000   0.000 ) T:1 ( 439.039 439.039 439.039 439.039 439.039 439.039 )
1429.582: I:0 (   0.000   0.000   0.000 ) T:1 ( 439.039 439.039 439.039 439.039 439.039 439.039 )
1439.577: I:0 (   0.000   0.000   0.000 ) T:1 ( 439.039 439.039 439.039 439.039 439.039 439.039 )
1449.584: I:0 (   0.000   0.000   0.000 ) T:1 ( 439.039 439.039 439.039 439.039 439.039 439.039 )
1459.578: I:0 (   0.000   0.000   0.000 ) T:1 ( 439.039 439.039 439.039 439.039 439.039 439.039 )
1469.577: I:0 (   0.000   0.000   0.000 ) T:1 ( 439.039 439.039 439.039 439.039 439.039 439.039 )
1479.581: I:0 (   0.000   0.000   0.000 ) T:1 ( 439.039 439.039 439.039 439.039 439.039 439.039 )
1489.578: I:0 (   0.000   0.000   0.000 ) T:1 ( 439.039 439.039 439.039 439.039 439.039 439.039 )
1499.578: I:0 (   0.000   0.000   0.000 ) T:1 ( 439.039 439.039 439.039 439.039 439.039 439.039 )
1509.578: I:0 (   0.000   0.000   0.000 ) T:1 ( 439.039 439.039 439.039 439.039 439.039 439.039 )
1519.572: I:0 (   0.000   0.000   0.000 ) T:1 ( 439.039 439.039 439.039 439.039 439.039 439.039 )
1529.577: I:0 (   0.000   0.000   0.000 ) T:1 ( 439.039 439.039 439.039 439.039 439.039 439.039 )
1539.580: I:0 (   0.000   0.000   0.000 ) T:1 ( 439.039 439.039 439.039 439.039 439.039 439.039 )
1549.577: I:0 (   0.000   0.000   0.000 ) T:1 ( 439.039 439.039 439.039 439.039 439.039 439.039 )
1559.579: I:0 (   0.000   0.000   0.000 ) T:1 ( 439.039 439.039 439.039 439.039 439.039 439.039 )
1569.577: I:0 (   0.000   0.000   0.000 ) T:1 ( 439.039 439.039 439.039 439.039 439.039 439.039 )
1579.584: I:0 (   0.000   0.000   0.000 ) T:1 ( 439.039 439.039 439.039 439.039 439.039 439.039 )
1589.577: I:0 (   0.000   0.000   0.000 ) T:1 ( 439.039 439.039 439.039 439.039 439.039 439.039 )
1599.584: I:0 (   0.000   0.000   0.000 ) T:1 ( 439.039 439.039 439.039 439.039 439.039 439.039 )
1609.579: I:0 (   0.000   0.000   0.000 ) T:1 ( 439.039 439.039 439.039 439.039 439.039 439.039 )
1619.578: I:0 (   0.000   0.000   0.000 ) T:1 ( 439.039 439.039 439.039 439.039 439.039 439.039 )
1629.583: I:0 (   0.000   0.000   0.000 ) T:1 ( 439.039 439.039 439.039 439.039 439.039 439.039 )
1639.582: I:0 (   0.000   0.000   0.000 ) T:1 ( 439.039 439.039 439.039 439.039 439.039 439.039 )
1649.577: I:0 (   0.000   0.000   0.000 ) T:1 ( 439.039 439.039 439.039 439.039 439.039 439.039 )
1659.577: I:0 (   0.000   0.000   0.000 ) T:1 ( 439.039 439.039 439.039 439.039 439.039 439.039 )
1669.579: I:0 (   0.000   0.000   0.000 ) T:1 ( 439.039 439.039 439.039 439.039 439.039 439.039 )
1679.582: I:0 (   0.000   0.000   0.000 ) T:1 ( 439.039 439.039 439.039 439.039 439.039 439.039 )
1689.579: I:0 (   0.000   0.000   0.000 ) T:1 ( 439.039 439.039 439.039 439.039 439.039 439.039 )
1699.578: I:0 (   0.000   0.000   0.000 ) T:1 ( 439.039 439.039 439.039 439.039 439.039 439.039 )
1709.587: I:0 (   0.000   0.000   0.000 ) T:1 ( 439.039 439.039 439.039 439.039 439.039 439.039 )
1719.578: I:0 (   0.000   0.000   0.000 ) T:1 ( 439.039 439.039 439.039 439.039 439.039 439.039 )
1729.582: I:0 (   0.000   0.000   0.000 ) T:1 ( 439.039 439.039 439.039 439.039 439.039 439.039 )
1739.578: I:0 (   0.000   0.000   0.000 ) T:1 ( 439.039 439.039 439.039 439.039 439.039 439.039 )
1749.582: I:0 (   0.000   0.000   0.000 ) T:1 ( 439.039 439.039 439.039 439.039 439.039 439.039 )
1759.581: I:0 (   0.000   0.000   0.000 ) T:1 ( 439.039 439.039 439.039 439.039 439.039 439.039 )
1769.580: I:0 (   0.000   0.000   0.000 ) T:1 ( 439.039 439.039 439.039 439.039 439.039 439.039 )
1779.587: I:0 (   0.000   0.000   0.000 ) T:1 ( 439.039 439.039 439.039 439.039 439.039 439.039 )
1789.579: I:0 (   0.000   0.000   0.000 ) T:1 ( 439.039 439.039 439.039 439.039 439.039 439.039 )
1799.577: I:0 (   0.000   0.000   0.000 ) T:1 ( 439.039 439.039 439.039 439.039 439.039 439.039 )
1809.580: I:0 (   0.000   0.000   0.000 ) T:1 ( 439.039 439.039 439.039 439.039 439.039 439.039 )
1819.581: I:0 (   0.000   0.000   0.000 ) T:1 ( 439.039 439.039 439.039 439.039 439.039 439.039 )
1829.580: I:0 (   0.000   0.000   0.000 ) T:1 ( 439.039 439.039 439.039 439.039 439.039 439.039 )
1839.585: I:0 (   0.000   0.000   0.000 ) T:1 ( 439.039 439.039 439.039 439.039 439.039 439.039 )
1849.583: I:0 (   0.000   0.000   0.000 ) T:1 ( 439.039 439.039 439.039 439.039 439.039 439.039 )
1859.582: I:0 (   0.000   0.000   0.000 ) T:1 ( 439.039 439.039 439.039 439.039 439.039 439.039 )
1869.580: I:0 (   0.000   0.000   0.000 ) T:1 ( 439.039 439.039 439.039 439.039 439.039 439.039 )
1879.581: I:0 (   0.000   0.000   0.000 ) T:1 ( 439.039 439.039 439.039 439.039 439.039 439.039 )
1889.581: I:0 (   0.000   0.000   0.000 ) T:1 ( 439.039 439.039 439.039 439.039 439.039 439.039 )
1899.577: I:0 (   0.000   0.000   0.000 ) T:1 ( 439.039 439.039 439.039 439.039 439.039 439.039 )
1909.582: I:0 (   0.000   0.000   0.000 ) T:1 ( 439.039 439.039 439.039 439.039 439.039 439.039 )
1919.583: I:0 (   0.000   0.000   0.000 ) T:1 ( 439.039 439.039 439.039 439.039 439.039 439.039 )
1929.576: I:0 (   0.000   0.000   0.000 ) T:1 ( 439.039 439.039 439.039 439.039 439.039 439.039 )
1939.576: I:0 (   0.000   0.000   0.000 ) T:1 ( 439.039 439.039 439.039 439.039 439.039 439.039 )
1949.577: I:0 (   0.000   0.000   0.000 ) T:1 ( 439.039 439.039 439.039 439.039 439.039 439.039 )
1959.574: I:0 (   0.000   0.000   0.000 ) T:1 ( 439.039 439.039 439.039 439.039 439.039 439.039 )
1969.574: I:0 (   0.000   0.000   0.000 ) T:1 ( 439.039 439.039 439.039 439.039 439.039 439.039 )
1979.587: I:0 (   0.000   0.000   0.000 ) T:1 ( 439.039 439.039 439.039 439.039 439.039 439.039 )
1989.581: I:0 (   0.000   0.000   0.000 ) T:1 ( 439.039 439.039 439.039 439.039 439.039 439.039 )
1999.577: I:0 (   0.000   0.000   0.000 ) T:1 ( 439.039 439.039 439.039 439.039 439.039 439.039 )
2009.581: I:0 (   0.000   0.000   0.000 ) T:1 ( 439.039 439.039 439.039 439.039 439.039 439.039 )
2019.585: I:0 (   0.000   0.000   0.000 ) T:1 ( 439.039 439.039 439.039 439.039 439.039 439.039 )
2029.578: I:0 (   0.000   0.000   0.000 ) T:1 ( 439.039 439.039 439.039 439.039 439.039 439.039 )
2039.578: I:0 (   0.000   0.000   0.000 ) T:1 ( 439.039 439.039 439.039 439.039 439.039 439.039 )
2049.578: I:0 (   0.000   0.000   0.000 ) T:1 ( 439.039 439.039 439.039 439.039 439.039 439.039 )
2059.578: I:0 (   0.000   0.000   0.000 ) T:1 ( 439.039 439.039 439.039 439.039 439.039 439.039 )
2069.578: I:0 (   0.000   0.000   0.000 ) T:1 ( 439.039 439.039 439.039 439.039 439.039 439.039 )
2079.577: I:0 (   0.000   0.000   0.000 ) T:1 ( 439.039 439.039 439.039 439.039 439.039 439.039 )
2089.581: I:0 (   0.000   0.000   0.000 ) T:1 ( 439.039 439.039 439.039 439.039 439.039 439.039 )
2099.585: I:0 (   0.000   0.000   0.000 ) T:1 ( 439.039 439.039 439.039 439.039 439.039 439.039 )
2109.578: I:0 (   0.000   0.000   0.000 ) T:1 ( 439.039 439.039 439.039 439.039 439.039 439.039 )
2119.581: I:0 (   0.000   0.000   0.000 ) T:1 ( 439.039 439.039 439.039 439.039 439.039 439.039 )
2129.577: I:0 (   0.000   0.000   0.000 ) T:1 ( 439.039 439.039 439.039 439.039 439.039 439.039 )
2139.574: I:0 (   0.000   0.000   0.000 ) T:1 ( 439.039 439.039 439.039 439.039 439.039 439.039 )
2149.578: I:0 (   0.000   0.000   0.000 ) T:1 ( 439.039 439.039 439.039 439.039 439.039 439.039 )
2159.578: I:0 (   0.000   0.000   0.000 ) T:1 ( 439.039 439.039 439.039 439.039 439.039 439.039 )
2169.582: I:0 (   0.000   0.000   0.000 ) T:1 ( 439.039 439.039 439.039 439.039 439.039 439.039 )
2179.578: I:0 (   0.000   0.000   0.000 ) T:1 ( 439.039 439.039 439.039 439.039 439.039 439.039 )
2189.580: I:0 (   0.000   0.000   0.000 ) T:1 ( 439.039 439.039 439.039 439.039 439.039 439.039 )
2199.570: I:0 (   0.000   0.000   0.000 ) T:1 ( 439.039 439.039 439.039 439.039 439.039 439.039 )
2209.576: I:0 (   0.000   0.000   0.000 ) T:1 ( 439.039 439.039 439.039 439.039 439.039 439.039 )
2219.577: I:0 (   0.000   0.000   0.000 ) T:1 ( 439.039 439.039 439.039 439.039 439.039 439.039 )
2229.577: I:0 (   0.000   0.000   0.000 ) T:1 ( 439.039 439.039 439.039 439.039 439.039 439.039 )
2239.581: I:0 (   0.000   0.000   0.000 ) T:1 ( 439.039 439.039 439.039 439.039 439.039 439.039 )
2249.585: I:0 (   0.000   0.000   0.000 ) T:1 ( 439.039 439.039 439.039 439.039 439.039 439.039 )
2259.571: I:0 (   0.000   0.000   0.000 ) T:1 ( 439.039 439.039 439.039 439.039 439.039 439.039 )
2269.581: I:0 (   0.000   0.000   0.000 ) T:1 ( 439.039 439.039 439.039 439.039 439.039 439.039 )
2279.578: I:0 (   0.000   0.000   0.000 ) T:1 ( 439.039 439.039 439.039 439.039 439.039 439.039 )
2289.579: I:0 (   0.000   0.000   0.000 ) T:1 ( 439.039 439.039 439.039 439.039 439.039 439.039 )
2299.582: I:0 (   0.000   0.000   0.000 ) T:1 ( 439.039 439.039 439.039 439.039 439.039 439.039 )
2309.585: I:0 (   0.000   0.000   0.000 ) T:1 ( 439.039 439.039 439.039 439.039 439.039 439.039 )
2319.579: I:0 (   0.000   0.000   0.000 ) T:1 ( 439.039 439.039 439.039 439.039 439.039 439.039 )
2329.576: I:0 (   0.000   0.000   0.000 ) T:1 ( 439.039 439.039 439.039 439.039 439.039 439.039 )
2339.571: I:0 (   0.000   0.000   0.000 ) T:1 ( 439.039 439.039 439.039 439.039 439.039 439.039 )
2349.578: I:0 (   0.000   0.000   0.000 ) T:1 ( 439.039 439.039 439.039 439.039 439.039 439.039 )
2359.578: I:0 (   0.000   0.000   0.000 ) T:1 ( 439.039 439.039 439.039 439.039 439.039 439.039 )
2369.577: I:0 (   0.000   0.000   0.000 ) T:1 ( 439.039 439.039 439.039 439.039 439.039 439.039 )
2379.578: I:0 (   0.000   0.000   0.000 ) T:1 ( 439.039 439.039 439.039 439.039 439.039 439.039 )
2389.580: I:0 (   0.000   0.000   0.000 ) T:1 ( 439.039 439.039 439.039 439.039 439.039 439.039 )
2399.580: I:0 (   0.000   0.000   0.000 ) T:1 ( 439.039 439.039 439.039 439.039 439.039 439.039 )
2409.578: I:0 (   0.000   0.000   0.000 ) T:1 ( 439.039 439.039 439.039 439.039 439.039 439.039 )
2419.576: I:0 (   0.000   0.000   0.000 ) T:1 ( 439.039 439.039 439.039 439.039 439.039 439.039 )
2429.578: I:0 (   0.000   0.000   0.000 ) T:1 ( 439.039 439.039 439.039 439.039 439.039 439.039 )
2439.582: I:0 (   0.000   0.000   0.000 ) T:1 ( 439.039 439.039 439.039 439.039 439.039 439.039 )
2449.587: I:0 (   0.000   0.000   0.000 ) T:1 ( 439.039 439.039 439.039 439.039 439.039 439.039 )
2459.581: I:0 (   0.000   0.000   0.000 ) T:1 ( 439.039 439.039 439.039 439.039 439.039 439.039 )
2469.571: I:0 (   0.000   0.000   0.000 ) T:1 ( 439.039 439.039 439.039 439.039 439.039 439.039 )
2479.571: I:0 (   0.000   0.000   0.000 ) T:1 ( 439.039 439.039 439.039 439.039 439.039 439.039 )
2489.582: I:0 (   0.000   0.000   0.000 ) T:1 ( 439.039 439.039 439.039 439.039 439.039 439.039 )
2499.578: I:0 (   0.000   0.000   0.000 ) T:1 ( 439.039 439.039 439.039 439.039 439.039 439.039 )
2509.573: I:0 (   0.000   0.000   0.000 ) T:1 ( 439.039 439.039 439.039 439.039 439.039 439.039 )
2519.584: I:0 (   0.000   0.000   0.000 ) T:1 ( 439.039 439.039 439.039 439.039 439.039 439.039 )
2529.576: I:0 (   0.000   0.000   0.000 ) T:1 ( 439.039 439.039 439.039 439.039 439.039 439.039 )
2539.575: I:0 (   0.000   0.000   0.000 ) T:1 ( 439.039 439.039 439.039 439.039 439.039 439.039 )
2549.578: I:0 (   0.000   0.000   0.000 ) T:1 ( 439.039 439.039 439.039 439.039 439.039 439.039 )
2559.584: I:0 (   0.000   0.000   0.000 ) T:1 ( 439.039 439.039 439.039 439.039 439.039 439.039 )
2569.590: I:0 (   0.000   0.000   0.000 ) T:1 ( 439.039 439.039 439.039 439.039 439.039 439.039 )
2579.576: I:0 (   0.000   0.000   0.000 ) T:1 ( 439.039 439.039 439.039 439.039 439.039 439.039 )
2589.580: I:0 (   0.000   0.000   0.000 ) T:1 ( 439.039 439.039 439.039 439.039 439.039 439.039 )
2599.578: I:0 (   0.000   0.000   0.000 ) T:1 ( 439.039 439.039 439.039 439.039 439.039 439.039 )
2609.586: I:0 (   0.000   0.000   0.000 ) T:1 ( 439.039 439.039 439.039 439.039 439.039 439.039 )
2619.582: I:0 (   0.000   0.000   0.000 ) T:1 ( 439.039 439.039 439.039 439.039 439.039 439.039 )
2629.578: I:0 (   0.000   0.000   0.000 ) T:1 ( 439.039 439.039 439.039 439.039 439.039 439.039 )
2639.573: I:0 (   0.000   0.000   0.000 ) T:1 ( 439.039 439.039 439.039 439.039 439.039 439.039 )
2649.577: I:0 (   0.000   0.000   0.000 ) T:1 ( 439.039 439.039 439.039 439.039 439.039 439.039 )
2659.577: I:0 (   0.000   0.000   0.000 ) T:1 ( 439.039 439.039 439.039 439.039 439.039 439.039 )
2669.584: I:0 (   0.000   0.000   0.000 ) T:1 ( 439.039 439.039 439.039 439.039 439.039 439.039 )
2679.578: I:0 (   0.000   0.000   0.000 ) T:1 ( 439.039 439.039 439.039 439.039 439.039 439.039 )
2689.580: I:0 (   0.000   0.000   0.000 ) T:1 ( 439.039 439.039 439.039 439.039 439.039 439.039 )
2699.576: I:0 (   0.000   0.000   0.000 ) T:1 ( 439.039 439.039 439.039 439.039 439.039 439.039 )
2709.577: I:0 (   0.000   0.000   0.000 ) T:1 ( 439.039 439.039 439.039 439.039 439.039 439.039 )
2719.574: I:0 (   0.000   0.000   0.000 ) T:1 ( 439.039 439.039 439.039 439.039 439.039 439.039 )
2729.581: I:0 (   0.000   0.000   0.000 ) T:1 ( 439.039 439.039 439.039 439.039 439.039 439.039 )
2739.582: I:0 (   0.000   0.000   0.000 ) T:1 ( 439.039 439.039 439.039 439.039 439.039 439.039 )
2749.585: I:0 (   0.000   0.000   0.000 ) T:1 ( 439.039 439.039 439.039 439.039 439.039 439.039 )
2759.581: I:0 (   0.000   0.000   0.000 ) T:1 ( 439.039 439.039 439.039 439.039 439.039 439.039 )
2769.571: I:0 (   0.000   0.000   0.000 ) T:1 ( 439.039 439.039 439.039 439.039 439.039 439.039 )
2779.578: I:0 (   0.000   0.000   0.000 ) T:1 ( 439.039 439.039 439.039 439.039 439.039 439.039 )
2789.571: I:0 (   0.000   0.000   0.000 ) T:1 ( 439.039 439.039 439.039 439.039 439.039 439.039 )
2799.584: I:0 (   0.000   0.000   0.000 ) T:1 ( 439.039 439.039 439.039 439.039 439.039 439.039 )
2809.578: I:0 (   0.000   0.000   0.000 ) T:1 ( 439.039 439.039 439.039 439.039 439.039 439.039 )
2819.577: I:0 (   0.000   0.000   0.000 ) T:1 ( 439.039 439.039 439.039 439.039 439.039 439.039 )
2829.579: I:0 (   0.000   0.000   0.000 ) T:1 ( 439.039 439.039 439.039 439.039 439.039 439.039 )
2839.578: I:0 (   0.000   0.000   0.000 ) T:1 ( 439.039 439.039 439.039 439.039 439.039 439.039 )
2849.574: I:0 (   0.000   0.000   0.000 ) T:1 ( 439.039 439.039 439.039 439.039 439.039 439.039 )
2859.579: I:0 (   0.000   0.000   0.000 ) T:1 ( 439.039 439.039 439.039 439.039 439.039 439.039 )
2869.577: I:0 (   0.000   0.000   0.000 ) T:1 ( 439.039 439.039 439.039 439.039 439.039 439.039 )
2879.580: I:0 (   0.000   0.000   0.000 ) T:1 ( 439.039 439.039 439.039 439.039 439.039 439.039 )
2889.577: I:0 (   0.000   0.000   0.000 ) T:1 ( 439.039 439.039 439.039 439.039 439.039 439.039 )
2899.578: I:0 (   0.000   0.000   0.000 ) T:1 ( 439.039 439.039 439.039 439.039 439.039 439.039 )
2909.579: I:0 (   0.000   0.000   0.000 ) T:1 ( 439.039 439.039 439.039 439.039 439.039 439.039 )
2919.578: I:0 (   0.000   0.000   0.000 ) T:1 ( 439.039 439.039 439.039 439.039 439.039 439.039 )
2929.583: I:0 (   0.000   0.000   0.000 ) T:1 ( 439.039 439.039 439.039 439.039 439.039 439.039 )
2939.582: I:0 (   0.000   0.000   0.000 ) T:1 ( 439.039 439.039 439.039 439.039 439.039 439.039 )
2949.582: I:0 (   0.000   0.000   0.000 ) T:1 ( 439.039 439.039 439.039 439.039 439.039 439.039 )
2959.577: I:0 (   0.000   0.000   0.000 ) T:1 ( 439.039 439.039 439.039 439.039 439.039 439.039 )
2969.586: I:0 (   0.000   0.000   0.000 ) T:1 ( 439.039 439.039 439.039 439.039 439.039 439.039 )
2979.578: I:0 (   0.000   0.000   0.000 ) T:1 ( 439.039 439.039 439.039 439.039 439.039 439.039 )
2989.581: I:0 (   0.000   0.000   0.000 ) T:1 ( 439.039 439.039 439.039 439.039 439.039 439.039 )
2999.579: I:0 (   0.000   0.000   0.000 ) T:1 ( 439.039 439.039 439.039 439.039 439.039 439.039 )
3009.577: I:0 (   0.000   0.000   0.000 ) T:1 ( 439.039 439.039 439.039 439.039 439.039 439.039 )
3019.582: I:0 (   0.000   0.000   0.000 ) T:1 ( 439.039 439.039 439.039 439.039 439.039 439.039 )
3029.577: I:0 (   0.000   0.000   0.000 ) T:1 ( 439.039 439.039 439.039 439.039 439.039 439.039 )
3039.578: I:0 (   0.000   0.000   0.000 ) T:1 ( 439.039 439.039 439.039 439.039 439.039 439.039 )
3049.578: I:0 (   0.000   0.000   0.000 ) T:1 ( 439.039 439.039 439.039 439.039 439.039 439.039 )
3059.579: I:0 (   0.000   0.000   0.000 ) T:1 ( 439.039 439.039 439.039 439.039 439.039 439.039 )
3068.178: I:0 (   0.000   0.000   0.000 ) T:1 ( 439.039 439.039 439.039 439.039 439.039 439.039 )
3068.229: I:0 (   0.000   0.000   0.000 ) T:1 ( 439.039 439.039 439.039 439.039 439.039 439.039 )
