#[Interval percentile log between 0.000 and <Infinite> seconds (relative to StartTime)]
#[StartTime: 1524826901.295 (seconds since epoch), Fri Apr 27 13:01:41 CEST 2018]
Time: IntervalPercentiles:count ( 50% 90% Max ) TotalPercentiles:count ( 50% 90% 99% 99.9% 99.99% Max )
2.144: I:1 (  88.191  88.191  88.191 ) T:1 (  88.191  88.191  88.191  88.191  88.191  88.191 )
12.117: I:1 (   2.519   2.519   2.519 ) T:2 (   2.519  88.191  88.191  88.191  88.191  88.191 )
22.110: I:0 (   0.000   0.000   0.000 ) T:2 (   2.519  88.191  88.191  88.191  88.191  88.191 )
32.108: I:1 (   1.990   1.990   1.990 ) T:3 (   2.519  88.191  88.191  88.191  88.191  88.191 )
42.106: I:1 (   1.285   1.285   1.285 ) T:4 (   1.990  88.191  88.191  88.191  88.191  88.191 )
52.108: I:1 ( 143.359 143.359 143.359 ) T:5 (   2.519 143.359 143.359 143.359 143.359 143.359 )
62.105: I:0 (   0.000   0.000   0.000 ) T:5 (   2.519 143.359 143.359 143.359 143.359 143.359 )
72.105: I:1 (   1.404   1.404   1.404 ) T:6 (   1.990 143.359 143.359 143.359 143.359 143.359 )
82.108: I:0 (   0.000   0.000   0.000 ) T:6 (   1.990 143.359 143.359 143.359 143.359 143.359 )
92.109: I:1 ( 138.111 138.111 138.111 ) T:7 (   2.519 143.359 143.359 143.359 143.359 143.359 )
102.104: I:1 (   1.573   1.573   1.573 ) T:8 (   1.990 143.359 143.359 143.359 143.359 143.359 )
112.110: I:0 (   0.000   0.000   0.000 ) T:8 (   1.990 143.359 143.359 143.359 143.359 143.359 )
122.110: I:0 (   0.000   0.000   0.000 ) T:8 (   1.990 143.359 143.359 143.359 143.359 143.359 )
132.109: I:1 (   1.515   1.515   1.515 ) T:9 (   1.990 143.359 143.359 143.359 143.359 143.359 )
142.105: I:0 (   0.000   0.000   0.000 ) T:9 (   1.990 143.359 143.359 143.359 143.359 143.359 )
152.107: I:1 (   0.497   0.497   0.497 ) T:10 (   1.573 138.111 143.359 143.359 143.359 143.359 )
162.106: I:0 (   0.000   0.000   0.000 ) T:10 (   1.573 138.111 143.359 143.359 143.359 143.359 )
172.110: I:0 (   0.000   0.000   0.000 ) T:10 (   1.573 138.111 143.359 143.359 143.359 143.359 )
182.107: I:1 (   1.632   1.632   1.632 ) T:11 (   1.632 138.111 143.359 143.359 143.359 143.359 )
192.109: I:2 (   1.159   1.289   1.289 ) T:13 (   1.573 138.111 143.359 143.359 143.359 143.359 )
202.111: I:0 (   0.000   0.000   0.000 ) T:13 (   1.573 138.111 143.359 143.359 143.359 143.359 )
212.104: I:1 (   1.437   1.437   1.437 ) T:14 (   1.515 138.111 143.359 143.359 143.359 143.359 )
222.114: I:2 (   1.464 103.871 103.871 ) T:16 (   1.515 138.111 143.359 143.359 143.359 143.359 )
232.112: I:0 (   0.000   0.000   0.000 ) T:16 (   1.515 138.111 143.359 143.359 143.359 143.359 )
242.109: I:0 (   0.000   0.000   0.000 ) T:16 (   1.515 138.111 143.359 143.359 143.359 143.359 )
252.109: I:2 ( 114.559 171.135 171.135 ) T:18 (   1.573 143.359 171.135 171.135 171.135 171.135 )
262.114: I:0 (   0.000   0.000   0.000 ) T:18 (   1.573 143.359 171.135 171.135 171.135 171.135 )
272.107: I:0 (   0.000   0.000   0.000 ) T:18 (   1.573 143.359 171.135 171.135 171.135 171.135 )
282.110: I:1 (   1.695   1.695   1.695 ) T:19 (   1.632 143.359 171.135 171.135 171.135 171.135 )
292.117: I:1 (   1.307   1.307   1.307 ) T:20 (   1.573 138.111 171.135 171.135 171.135 171.135 )
302.106: I:3 (   1.289   1.327   1.327 ) T:23 (   1.515 138.111 171.135 171.135 171.135 171.135 )
312.103: I:0 (   0.000   0.000   0.000 ) T:23 (   1.515 138.111 171.135 171.135 171.135 171.135 )
322.106: I:1 (   1.336   1.336   1.336 ) T:24 (   1.464 138.111 171.135 171.135 171.135 171.135 )
332.108: I:0 (   0.000   0.000   0.000 ) T:24 (   1.464 138.111 171.135 171.135 171.135 171.135 )
342.112: I:0 (   0.000   0.000   0.000 ) T:24 (   1.464 138.111 171.135 171.135 171.135 171.135 )
352.109: I:0 (   0.000   0.000   0.000 ) T:24 (   1.464 138.111 171.135 171.135 171.135 171.135 )
362.119: I:1 ( 372.735 372.735 372.735 ) T:25 (   1.515 143.359 372.735 372.735 372.735 372.735 )
372.121: I:2 (   1.274 229.375 229.375 ) T:27 (   1.515 171.135 372.735 372.735 372.735 372.735 )
382.111: I:0 (   0.000   0.000   0.000 ) T:27 (   1.515 171.135 372.735 372.735 372.735 372.735 )
392.109: I:1 (   1.395   1.395   1.395 ) T:28 (   1.464 171.135 372.735 372.735 372.735 372.735 )
402.106: I:0 (   0.000   0.000   0.000 ) T:28 (   1.464 171.135 372.735 372.735 372.735 372.735 )
412.108: I:1 (   0.972   0.972   0.972 ) T:29 (   1.464 171.135 372.735 372.735 372.735 372.735 )
422.106: I:0 (   0.000   0.000   0.000 ) T:29 (   1.464 171.135 372.735 372.735 372.735 372.735 )
432.109: I:2 (   0.727   1.192   1.192 ) T:31 (   1.437 143.359 372.735 372.735 372.735 372.735 )
442.106: I:0 (   0.000   0.000   0.000 ) T:31 (   1.437 143.359 372.735 372.735 372.735 372.735 )
452.108: I:0 (   0.000   0.000   0.000 ) T:31 (   1.437 143.359 372.735 372.735 372.735 372.735 )
462.109: I:1 (   1.274   1.274   1.274 ) T:32 (   1.404 143.359 372.735 372.735 372.735 372.735 )
472.105: I:0 (   0.000   0.000   0.000 ) T:32 (   1.404 143.359 372.735 372.735 372.735 372.735 )
482.111: I:1 (   1.221   1.221   1.221 ) T:33 (   1.404 143.359 372.735 372.735 372.735 372.735 )
492.110: I:1 (   1.045   1.045   1.045 ) T:34 (   1.395 143.359 372.735 372.735 372.735 372.735 )
502.109: I:1 (   1.385   1.385   1.385 ) T:35 (   1.395 143.359 372.735 372.735 372.735 372.735 )
512.111: I:0 (   0.000   0.000   0.000 ) T:35 (   1.395 143.359 372.735 372.735 372.735 372.735 )
522.107: I:1 (   1.135   1.135   1.135 ) T:36 (   1.385 143.359 372.735 372.735 372.735 372.735 )
532.106: I:1 (   0.582   0.582   0.582 ) T:37 (   1.385 143.359 372.735 372.735 372.735 372.735 )
542.100: I:1 (   1.188   1.188   1.188 ) T:38 (   1.336 143.359 372.735 372.735 372.735 372.735 )
552.110: I:0 (   0.000   0.000   0.000 ) T:38 (   1.336 143.359 372.735 372.735 372.735 372.735 )
562.117: I:0 (   0.000   0.000   0.000 ) T:38 (   1.336 143.359 372.735 372.735 372.735 372.735 )
572.106: I:1 (   1.287   1.287   1.287 ) T:39 (   1.336 143.359 372.735 372.735 372.735 372.735 )
582.117: I:0 (   0.000   0.000   0.000 ) T:39 (   1.336 143.359 372.735 372.735 372.735 372.735 )
592.108: I:1 (   1.177   1.177   1.177 ) T:40 (   1.327 138.111 372.735 372.735 372.735 372.735 )
602.105: I:0 (   0.000   0.000   0.000 ) T:40 (   1.327 138.111 372.735 372.735 372.735 372.735 )
612.105: I:1 (   1.318   1.318   1.318 ) T:41 (   1.327 138.111 372.735 372.735 372.735 372.735 )
622.108: I:2 (   1.014   1.063   1.063 ) T:43 (   1.318 138.111 372.735 372.735 372.735 372.735 )
632.106: I:0 (   0.000   0.000   0.000 ) T:43 (   1.318 138.111 372.735 372.735 372.735 372.735 )
642.108: I:0 (   0.000   0.000   0.000 ) T:43 (   1.318 138.111 372.735 372.735 372.735 372.735 )
652.109: I:1 (   0.987   0.987   0.987 ) T:44 (   1.307 138.111 372.735 372.735 372.735 372.735 )
662.110: I:1 ( 173.055 173.055 173.055 ) T:45 (   1.318 143.359 372.735 372.735 372.735 372.735 )
672.109: I:0 (   0.000   0.000   0.000 ) T:45 (   1.318 143.359 372.735 372.735 372.735 372.735 )
682.109: I:0 (   0.000   0.000   0.000 ) T:45 (   1.318 143.359 372.735 372.735 372.735 372.735 )
692.107: I:1 (   1.006   1.006   1.006 ) T:46 (   1.307 143.359 372.735 372.735 372.735 372.735 )
702.108: I:1 (   0.517   0.517   0.517 ) T:47 (   1.307 143.359 372.735 372.735 372.735 372.735 )
712.109: I:0 (   0.000   0.000   0.000 ) T:47 (   1.307 143.359 372.735 372.735 372.735 372.735 )
722.107: I:1 (   0.556   0.556   0.556 ) T:48 (   1.289 143.359 372.735 372.735 372.735 372.735 )
732.109: I:0 (   0.000   0.000   0.000 ) T:48 (   1.289 143.359 372.735 372.735 372.735 372.735 )
742.108: I:0 (   0.000   0.000   0.000 ) T:48 (   1.289 143.359 372.735 372.735 372.735 372.735 )
752.108: I:3 (   0.730   0.964   0.964 ) T:51 (   1.289 138.111 372.735 372.735 372.735 372.735 )
762.108: I:0 (   0.000   0.000   0.000 ) T:51 (   1.289 138.111 372.735 372.735 372.735 372.735 )
772.109: I:0 (   0.000   0.000   0.000 ) T:51 (   1.289 138.111 372.735 372.735 372.735 372.735 )
782.110: I:2 (   0.496   0.922   0.922 ) T:53 (   1.287 138.111 372.735 372.735 372.735 372.735 )
792.119: I:0 (   0.000   0.000   0.000 ) T:53 (   1.287 138.111 372.735 372.735 372.735 372.735 )
802.109: I:0 (   0.000   0.000   0.000 ) T:53 (   1.287 138.111 372.735 372.735 372.735 372.735 )
812.106: I:0 (   0.000   0.000   0.000 ) T:53 (   1.287 138.111 372.735 372.735 372.735 372.735 )
822.106: I:3 (   0.799   0.872   0.872 ) T:56 (   1.274 138.111 372.735 372.735 372.735 372.735 )
832.106: I:1 (   0.749   0.749   0.749 ) T:57 (   1.274 138.111 372.735 372.735 372.735 372.735 )
842.108: I:1 (   0.483   0.483   0.483 ) T:58 (   1.274 138.111 372.735 372.735 372.735 372.735 )
852.112: I:3 (   0.821 207.871 207.871 ) T:61 (   1.274 138.111 372.735 372.735 372.735 372.735 )
862.108: I:0 (   0.000   0.000   0.000 ) T:61 (   1.274 138.111 372.735 372.735 372.735 372.735 )
872.107: I:1 (   0.440   0.440   0.440 ) T:62 (   1.263 138.111 372.735 372.735 372.735 372.735 )
882.109: I:0 (   0.000   0.000   0.000 ) T:62 (   1.263 138.111 372.735 372.735 372.735 372.735 )
892.110: I:1 (   0.419   0.419   0.419 ) T:63 (   1.263 138.111 372.735 372.735 372.735 372.735 )
902.107: I:0 (   0.000   0.000   0.000 ) T:63 (   1.263 138.111 372.735 372.735 372.735 372.735 )
912.108: I:1 (   0.417   0.417   0.417 ) T:64 (   1.221 138.111 372.735 372.735 372.735 372.735 )
922.108: I:0 (   0.000   0.000   0.000 ) T:64 (   1.221 138.111 372.735 372.735 372.735 372.735 )
932.105: I:3 (   0.719   1.135   1.135 ) T:67 (   1.192 138.111 372.735 372.735 372.735 372.735 )
942.103: I:1 (   0.857   0.857   0.857 ) T:68 (   1.188 138.111 372.735 372.735 372.735 372.735 )
952.108: I:0 (   0.000   0.000   0.000 ) T:68 (   1.188 138.111 372.735 372.735 372.735 372.735 )
962.109: I:0 (   0.000   0.000   0.000 ) T:68 (   1.188 138.111 372.735 372.735 372.735 372.735 )
972.107: I:0 (   0.000   0.000   0.000 ) T:68 (   1.188 138.111 372.735 372.735 372.735 372.735 )
982.108: I:3 (   0.446   0.894   0.894 ) T:71 (   1.177 114.559 372.735 372.735 372.735 372.735 )
992.106: I:1 (   0.860   0.860   0.860 ) T:72 (   1.159 114.559 372.735 372.735 372.735 372.735 )
1002.102: I:0 (   0.000   0.000   0.000 ) T:72 (   1.159 114.559 372.735 372.735 372.735 372.735 )
1012.110: I:0 (   0.000   0.000   0.000 ) T:72 (   1.159 114.559 372.735 372.735 372.735 372.735 )
1022.107: I:0 (   0.000   0.000   0.000 ) T:72 (   1.159 114.559 372.735 372.735 372.735 372.735 )
1032.106: I:1 (   0.795   0.795   0.795 ) T:73 (   1.159 114.559 372.735 372.735 372.735 372.735 )
1042.115: I:1 ( 118.591 118.591 118.591 ) T:74 (   1.159 118.591 372.735 372.735 372.735 372.735 )
1052.106: I:1 (   0.697   0.697   0.697 ) T:75 (   1.159 118.591 372.735 372.735 372.735 372.735 )
1062.107: I:0 (   0.000   0.000   0.000 ) T:75 (   1.159 118.591 372.735 372.735 372.735 372.735 )
1072.102: I:0 (   0.000   0.000   0.000 ) T:75 (   1.159 118.591 372.735 372.735 372.735 372.735 )
1082.117: I:0 (   0.000   0.000   0.000 ) T:75 (   1.159 118.591 372.735 372.735 372.735 372.735 )
1092.101: I:2 (   0.418   0.705   0.705 ) T:77 (   1.135 118.591 372.735 372.735 372.735 372.735 )
1102.102: I:1 (   0.817   0.817   0.817 ) T:78 (   1.135 118.591 372.735 372.735 372.735 372.735 )
1112.121: I:2 (   0.728   0.854   0.854 ) T:80 (   1.063 114.559 372.735 372.735 372.735 372.735 )
1122.102: I:1 (   0.814   0.814   0.814 ) T:81 (   1.063 114.559 372.735 372.735 372.735 372.735 )
1132.108: I:0 (   0.000   0.000   0.000 ) T:81 (   1.063 114.559 372.735 372.735 372.735 372.735 )
1142.107: I:1 (   0.825   0.825   0.825 ) T:82 (   1.045 114.559 372.735 372.735 372.735 372.735 )
1152.109: I:0 (   0.000   0.000   0.000 ) T:82 (   1.045 114.559 372.735 372.735 372.735 372.735 )
1162.108: I:0 (   0.000   0.000   0.000 ) T:82 (   1.045 114.559 372.735 372.735 372.735 372.735 )
1172.107: I:1 (   0.388   0.388   0.388 ) T:83 (   1.045 114.559 372.735 372.735 372.735 372.735 )
1182.109: I:0 (   0.000   0.000   0.000 ) T:83 (   1.045 114.559 372.735 372.735 372.735 372.735 )
1192.105: I:0 (   0.000   0.000   0.000 ) T:83 (   1.045 114.559 372.735 372.735 372.735 372.735 )
1202.107: I:0 (   0.000   0.000   0.000 ) T:83 (   1.045 114.559 372.735 372.735 372.735 372.735 )
1212.107: I:1 (   0.788   0.788   0.788 ) T:84 (   1.014 114.559 372.735 372.735 372.735 372.735 )
1222.106: I:0 (   0.000   0.000   0.000 ) T:84 (   1.014 114.559 372.735 372.735 372.735 372.735 )
1232.105: I:1 (   0.536   0.536   0.536 ) T:85 (   1.014 114.559 372.735 372.735 372.735 372.735 )
1242.107: I:2 (   0.403   0.810   0.810 ) T:87 (   1.006 114.559 372.735 372.735 372.735 372.735 )
1252.109: I:3 (   0.871   1.012   1.012 ) T:90 (   0.987 103.871 372.735 372.735 372.735 372.735 )
1262.108: I:1 (   0.608   0.608   0.608 ) T:91 (   0.987 103.871 372.735 372.735 372.735 372.735 )
1272.107: I:1 (   0.650   0.650   0.650 ) T:92 (   0.972 103.871 372.735 372.735 372.735 372.735 )
1282.108: I:0 (   0.000   0.000   0.000 ) T:92 (   0.972 103.871 372.735 372.735 372.735 372.735 )
1292.108: I:0 (   0.000   0.000   0.000 ) T:92 (   0.972 103.871 372.735 372.735 372.735 372.735 )
1302.109: I:0 (   0.000   0.000   0.000 ) T:92 (   0.972 103.871 372.735 372.735 372.735 372.735 )
1312.109: I:0 (   0.000   0.000   0.000 ) T:92 (   0.972 103.871 372.735 372.735 372.735 372.735 )
1322.105: I:0 (   0.000   0.000   0.000 ) T:92 (   0.972 103.871 372.735 372.735 372.735 372.735 )
1332.122: I:2 (   0.634   0.684   0.684 ) T:94 (   0.964 103.871 372.735 372.735 372.735 372.735 )
1342.108: I:1 (   0.648   0.648   0.648 ) T:95 (   0.964 103.871 372.735 372.735 372.735 372.735 )
1352.116: I:0 (   0.000   0.000   0.000 ) T:95 (   0.964 103.871 372.735 372.735 372.735 372.735 )
1362.108: I:2 (   0.634   0.645   0.645 ) T:97 (   0.922 103.871 372.735 372.735 372.735 372.735 )
1372.108: I:0 (   0.000   0.000   0.000 ) T:97 (   0.922 103.871 372.735 372.735 372.735 372.735 )
1382.106: I:1 (   0.474   0.474   0.474 ) T:98 (   0.894 103.871 372.735 372.735 372.735 372.735 )
1392.107: I:0 (   0.000   0.000   0.000 ) T:98 (   0.894 103.871 372.735 372.735 372.735 372.735 )
1402.108: I:2 (   0.333   0.697   0.697 ) T:100 (   0.872  88.191 229.375 372.735 372.735 372.735 )
1412.117: I:0 (   0.000   0.000   0.000 ) T:100 (   0.872  88.191 229.375 372.735 372.735 372.735 )
1422.107: I:1 (   0.579   0.579   0.579 ) T:101 (   0.872  88.191 229.375 372.735 372.735 372.735 )
1432.107: I:0 (   0.000   0.000   0.000 ) T:101 (   0.872  88.191 229.375 372.735 372.735 372.735 )
1442.108: I:0 (   0.000   0.000   0.000 ) T:101 (   0.872  88.191 229.375 372.735 372.735 372.735 )
1452.109: I:1 (   0.631   0.631   0.631 ) T:102 (   0.871  88.191 229.375 372.735 372.735 372.735 )
1462.118: I:0 (   0.000   0.000   0.000 ) T:102 (   0.871  88.191 229.375 372.735 372.735 372.735 )
1472.108: I:1 (   0.789   0.789   0.789 ) T:103 (   0.871  88.191 229.375 372.735 372.735 372.735 )
1482.107: I:0 (   0.000   0.000   0.000 ) T:103 (   0.871  88.191 229.375 372.735 372.735 372.735 )
1492.108: I:1 (   0.629   0.629   0.629 ) T:104 (   0.860  88.191 229.375 372.735 372.735 372.735 )
1502.107: I:0 (   0.000   0.000   0.000 ) T:104 (   0.860  88.191 229.375 372.735 372.735 372.735 )
1512.100: I:1 (   0.627   0.627   0.627 ) T:105 (   0.860  88.191 229.375 372.735 372.735 372.735 )
1522.109: I:0 (   0.000   0.000   0.000 ) T:105 (   0.860  88.191 229.375 372.735 372.735 372.735 )
1532.107: I:0 (   0.000   0.000   0.000 ) T:105 (   0.860  88.191 229.375 372.735 372.735 372.735 )
1542.110: I:0 (   0.000   0.000   0.000 ) T:105 (   0.860  88.191 229.375 372.735 372.735 372.735 )
1552.112: I:0 (   0.000   0.000   0.000 ) T:105 (   0.860  88.191 229.375 372.735 372.735 372.735 )
1562.108: I:0 (   0.000   0.000   0.000 ) T:105 (   0.860  88.191 229.375 372.735 372.735 372.735 )
1572.104: I:0 (   0.000   0.000   0.000 ) T:105 (   0.860  88.191 229.375 372.735 372.735 372.735 )
1582.108: I:1 (   0.713   0.713   0.713 ) T:106 (   0.857  88.191 229.375 372.735 372.735 372.735 )
1592.105: I:1 (   0.702   0.702   0.702 ) T:107 (   0.857  88.191 229.375 372.735 372.735 372.735 )
1602.106: I:0 (   0.000   0.000   0.000 ) T:107 (   0.857  88.191 229.375 372.735 372.735 372.735 )
1612.109: I:1 (   0.630   0.630   0.630 ) T:108 (   0.854  88.191 229.375 372.735 372.735 372.735 )
1622.119: I:0 (   0.000   0.000   0.000 ) T:108 (   0.854  88.191 229.375 372.735 372.735 372.735 )
1632.109: I:0 (   0.000   0.000   0.000 ) T:108 (   0.854  88.191 229.375 372.735 372.735 372.735 )
1642.111: I:0 (   0.000   0.000   0.000 ) T:108 (   0.854  88.191 229.375 372.735 372.735 372.735 )
1652.111: I:1 ( 124.415 124.415 124.415 ) T:109 (   0.857 103.871 229.375 372.735 372.735 372.735 )
1662.109: I:1 (   0.713   0.713   0.713 ) T:110 (   0.854  88.191 229.375 372.735 372.735 372.735 )
1672.109: I:0 (   0.000   0.000   0.000 ) T:110 (   0.854  88.191 229.375 372.735 372.735 372.735 )
1682.108: I:0 (   0.000   0.000   0.000 ) T:110 (   0.854  88.191 229.375 372.735 372.735 372.735 )
1692.108: I:1 (   0.665   0.665   0.665 ) T:111 (   0.854  88.191 229.375 372.735 372.735 372.735 )
1702.108: I:0 (   0.000   0.000   0.000 ) T:111 (   0.854  88.191 229.375 372.735 372.735 372.735 )
1712.108: I:1 (   0.759   0.759   0.759 ) T:112 (   0.825  88.191 229.375 372.735 372.735 372.735 )
1722.106: I:2 (   0.686   0.686   0.686 ) T:114 (   0.821  88.191 229.375 372.735 372.735 372.735 )
1732.108: I:0 (   0.000   0.000   0.000 ) T:114 (   0.821  88.191 229.375 372.735 372.735 372.735 )
1742.107: I:1 (   0.658   0.658   0.658 ) T:115 (   0.821  88.191 229.375 372.735 372.735 372.735 )
1752.108: I:2 (   0.645   0.650   0.650 ) T:117 (   0.817  88.191 229.375 372.735 372.735 372.735 )
1762.102: I:1 (   0.644   0.644   0.644 ) T:118 (   0.814  88.191 229.375 372.735 372.735 372.735 )
1772.109: I:1 (   0.368   0.368   0.368 ) T:119 (   0.814  88.191 229.375 372.735 372.735 372.735 )
1782.109: I:1 (   2.581   2.581   2.581 ) T:120 (   0.814   2.581 229.375 372.735 372.735 372.735 )
1792.104: I:0 (   0.000   0.000   0.000 ) T:120 (   0.814   2.581 229.375 372.735 372.735 372.735 )
1802.106: I:1 (   0.674   0.674   0.674 ) T:121 (   0.814   2.581 229.375 372.735 372.735 372.735 )
1812.109: I:0 (   0.000   0.000   0.000 ) T:121 (   0.814   2.581 229.375 372.735 372.735 372.735 )
1822.109: I:0 (   0.000   0.000   0.000 ) T:121 (   0.814   2.581 229.375 372.735 372.735 372.735 )
1832.111: I:2 (   0.622   0.948   0.948 ) T:123 (   0.814   2.581 229.375 372.735 372.735 372.735 )
1842.109: I:0 (   0.000   0.000   0.000 ) T:123 (   0.814   2.581 229.375 372.735 372.735 372.735 )
1852.108: I:0 (   0.000   0.000   0.000 ) T:123 (   0.814   2.581 229.375 372.735 372.735 372.735 )
1862.110: I:0 (   0.000   0.000   0.000 ) T:123 (   0.814   2.581 229.375 372.735 372.735 372.735 )
1872.108: I:0 (   0.000   0.000   0.000 ) T:123 (   0.814   2.581 229.375 372.735 372.735 372.735 )
1882.108: I:0 (   0.000   0.000   0.000 ) T:123 (   0.814   2.581 229.375 372.735 372.735 372.735 )
1892.106: I:2 (   0.319   0.594   0.594 ) T:125 (   0.810   2.581 229.375 372.735 372.735 372.735 )
1902.110: I:0 (   0.000   0.000   0.000 ) T:125 (   0.810   2.581 229.375 372.735 372.735 372.735 )
1912.108: I:5 (   0.527   0.693   0.693 ) T:130 (   0.789   2.519 229.375 372.735 372.735 372.735 )
1922.107: I:0 (   0.000   0.000   0.000 ) T:130 (   0.789   2.519 229.375 372.735 372.735 372.735 )
1932.142: I:0 (   0.000   0.000   0.000 ) T:130 (   0.789   2.519 229.375 372.735 372.735 372.735 )
1942.106: I:0 (   0.000   0.000   0.000 ) T:130 (   0.789   2.519 229.375 372.735 372.735 372.735 )
1952.109: I:1 (   2.521   2.521   2.521 ) T:131 (   0.795   2.521 229.375 372.735 372.735 372.735 )
1962.109: I:1 (   0.663   0.663   0.663 ) T:132 (   0.789   2.521 229.375 372.735 372.735 372.735 )
1972.107: I:2 (   0.639   0.656   0.656 ) T:134 (   0.788   2.521 229.375 372.735 372.735 372.735 )
1982.108: I:1 (   0.867   0.867   0.867 ) T:135 (   0.789   2.521 229.375 372.735 372.735 372.735 )
1992.108: I:0 (   0.000   0.000   0.000 ) T:135 (   0.789   2.521 229.375 372.735 372.735 372.735 )
2002.108: I:1 (   0.839   0.839   0.839 ) T:136 (   0.789   2.521 229.375 372.735 372.735 372.735 )
2012.107: I:0 (   0.000   0.000   0.000 ) T:136 (   0.789   2.521 229.375 372.735 372.735 372.735 )
2022.106: I:0 (   0.000   0.000   0.000 ) T:136 (   0.789   2.521 229.375 372.735 372.735 372.735 )
2032.118: I:0 (   0.000   0.000   0.000 ) T:136 (   0.789   2.521 229.375 372.735 372.735 372.735 )
2042.107: I:0 (   0.000   0.000   0.000 ) T:136 (   0.789   2.521 229.375 372.735 372.735 372.735 )
2052.107: I:0 (   0.000   0.000   0.000 ) T:136 (   0.789   2.521 229.375 372.735 372.735 372.735 )
2062.108: I:0 (   0.000   0.000   0.000 ) T:136 (   0.789   2.521 229.375 372.735 372.735 372.735 )
2072.103: I:1 (   0.651   0.651   0.651 ) T:137 (   0.789   2.521 229.375 372.735 372.735 372.735 )
2082.105: I:0 (   0.000   0.000   0.000 ) T:137 (   0.789   2.521 229.375 372.735 372.735 372.735 )
2092.108: I:1 (   0.712   0.712   0.712 ) T:138 (   0.788   2.521 229.375 372.735 372.735 372.735 )
2102.102: I:3 (   0.568   0.690   0.690 ) T:141 (   0.759   2.519 229.375 372.735 372.735 372.735 )
2112.104: I:2 (   0.659   0.690   0.690 ) T:143 (   0.755   2.519 229.375 372.735 372.735 372.735 )
2122.107: I:1 (   0.694   0.694   0.694 ) T:144 (   0.749   2.519 229.375 372.735 372.735 372.735 )
2132.110: I:0 (   0.000   0.000   0.000 ) T:144 (   0.749   2.519 229.375 372.735 372.735 372.735 )
2142.106: I:0 (   0.000   0.000   0.000 ) T:144 (   0.749   2.519 229.375 372.735 372.735 372.735 )
2152.109: I:0 (   0.000   0.000   0.000 ) T:144 (   0.749   2.519 229.375 372.735 372.735 372.735 )
2162.108: I:1 (   0.539   0.539   0.539 ) T:145 (   0.749   2.519 229.375 372.735 372.735 372.735 )
2172.107: I:0 (   0.000   0.000   0.000 ) T:145 (   0.749   2.519 229.375 372.735 372.735 372.735 )
2182.121: I:1 (   0.549   0.549   0.549 ) T:146 (   0.730   2.519 229.375 372.735 372.735 372.735 )
2192.119: I:1 (   0.252   0.252   0.252 ) T:147 (   0.730   2.519 229.375 372.735 372.735 372.735 )
2202.107: I:0 (   0.000   0.000   0.000 ) T:147 (   0.730   2.519 229.375 372.735 372.735 372.735 )
2212.108: I:2 (   0.625   0.642   0.642 ) T:149 (   0.728   2.519 229.375 372.735 372.735 372.735 )
2222.107: I:0 (   0.000   0.000   0.000 ) T:149 (   0.728   2.519 229.375 372.735 372.735 372.735 )
2232.107: I:0 (   0.000   0.000   0.000 ) T:149 (   0.728   2.519 229.375 372.735 372.735 372.735 )
2242.107: I:0 (   0.000   0.000   0.000 ) T:149 (   0.728   2.519 229.375 372.735 372.735 372.735 )
2252.108: I:0 (   0.000   0.000   0.000 ) T:149 (   0.728   2.519 229.375 372.735 372.735 372.735 )
2262.108: I:0 (   0.000   0.000   0.000 ) T:149 (   0.728   2.519 229.375 372.735 372.735 372.735 )
2272.108: I:2 (   0.505   0.717   0.717 ) T:151 (   0.727   1.990 229.375 372.735 372.735 372.735 )
2282.108: I:1 (   0.654   0.654   0.654 ) T:152 (   0.727   1.990 229.375 372.735 372.735 372.735 )
2292.108: I:0 (   0.000   0.000   0.000 ) T:152 (   0.727   1.990 229.375 372.735 372.735 372.735 )
2302.108: I:2 (   0.608   0.654   0.654 ) T:154 (   0.719   1.990 229.375 372.735 372.735 372.735 )
2312.107: I:0 (   0.000   0.000   0.000 ) T:154 (   0.719   1.990 229.375 372.735 372.735 372.735 )
2322.108: I:0 (   0.000   0.000   0.000 ) T:154 (   0.719   1.990 229.375 372.735 372.735 372.735 )
2332.108: I:2 (   0.630   0.656   0.656 ) T:156 (   0.717   1.990 229.375 372.735 372.735 372.735 )
2342.108: I:1 (   0.630   0.630   0.630 ) T:157 (   0.717   1.990 229.375 372.735 372.735 372.735 )
2352.108: I:1 (   0.649   0.649   0.649 ) T:158 (   0.714   1.990 229.375 372.735 372.735 372.735 )
2362.108: I:2 (   0.613   0.661   0.661 ) T:160 (   0.713   1.695 229.375 372.735 372.735 372.735 )
2372.102: I:0 (   0.000   0.000   0.000 ) T:160 (   0.713   1.695 229.375 372.735 372.735 372.735 )
2382.104: I:1 (   0.674   0.674   0.674 ) T:161 (   0.713   1.695 229.375 372.735 372.735 372.735 )
2392.108: I:0 (   0.000   0.000   0.000 ) T:161 (   0.713   1.695 229.375 372.735 372.735 372.735 )
2402.115: I:2 ( 208.895 326.399 326.399 ) T:163 (   0.714   2.519 326.399 372.735 372.735 372.735 )
2412.107: I:1 (   0.615   0.615   0.615 ) T:164 (   0.713   2.519 326.399 372.735 372.735 372.735 )
2422.108: I:1 (   0.438   0.438   0.438 ) T:165 (   0.713   2.519 326.399 372.735 372.735 372.735 )
2432.108: I:0 (   0.000   0.000   0.000 ) T:165 (   0.713   2.519 326.399 372.735 372.735 372.735 )
2442.108: I:0 (   0.000   0.000   0.000 ) T:165 (   0.713   2.519 326.399 372.735 372.735 372.735 )
2452.108: I:0 (   0.000   0.000   0.000 ) T:165 (   0.713   2.519 326.399 372.735 372.735 372.735 )
2462.109: I:2 (   0.594   0.698   0.698 ) T:167 (   0.713   2.519 326.399 372.735 372.735 372.735 )
2472.107: I:0 (   0.000   0.000   0.000 ) T:167 (   0.713   2.519 326.399 372.735 372.735 372.735 )
2482.107: I:1 (   0.525   0.525   0.525 ) T:168 (   0.712   2.519 326.399 372.735 372.735 372.735 )
2492.107: I:1 (   0.659   0.659   0.659 ) T:169 (   0.712   2.519 326.399 372.735 372.735 372.735 )
2502.117: I:0 (   0.000   0.000   0.000 ) T:169 (   0.712   2.519 326.399 372.735 372.735 372.735 )
2512.107: I:1 (   0.601   0.601   0.601 ) T:170 (   0.705   1.990 326.399 372.735 372.735 372.735 )
2522.106: I:1 (   0.522   0.522   0.522 ) T:171 (   0.705   1.990 326.399 372.735 372.735 372.735 )
2532.101: I:0 (   0.000   0.000   0.000 ) T:171 (   0.705   1.990 326.399 372.735 372.735 372.735 )
2542.113: I:2 (   0.553 235.135 235.135 ) T:173 (   0.705   2.519 326.399 372.735 372.735 372.735 )
2552.117: I:1 (   0.605   0.605   0.605 ) T:174 (   0.702   2.519 326.399 372.735 372.735 372.735 )
2562.109: I:0 (   0.000   0.000   0.000 ) T:174 (   0.702   2.519 326.399 372.735 372.735 372.735 )
2572.108: I:0 (   0.000   0.000   0.000 ) T:174 (   0.702   2.519 326.399 372.735 372.735 372.735 )
2582.107: I:0 (   0.000   0.000   0.000 ) T:174 (   0.702   2.519 326.399 372.735 372.735 372.735 )
2592.108: I:0 (   0.000   0.000   0.000 ) T:174 (   0.702   2.519 326.399 372.735 372.735 372.735 )
2602.118: I:1 ( 195.199 195.199 195.199 ) T:175 (   0.705   2.521 326.399 372.735 372.735 372.735 )
2612.107: I:0 (   0.000   0.000   0.000 ) T:175 (   0.705   2.521 326.399 372.735 372.735 372.735 )
2622.107: I:0 (   0.000   0.000   0.000 ) T:175 (   0.705   2.521 326.399 372.735 372.735 372.735 )
2632.114: I:1 ( 300.031 300.031 300.031 ) T:176 (   0.705   2.581 326.399 372.735 372.735 372.735 )
2642.106: I:0 (   0.000   0.000   0.000 ) T:176 (   0.705   2.581 326.399 372.735 372.735 372.735 )
2652.116: I:3 (   0.576 296.447 296.447 ) T:179 (   0.705  88.191 326.399 372.735 372.735 372.735 )
2662.108: I:0 (   0.000   0.000   0.000 ) T:179 (   0.705  88.191 326.399 372.735 372.735 372.735 )
2672.107: I:3 (   0.563   0.758   0.758 ) T:182 (   0.702   2.581 326.399 372.735 372.735 372.735 )
2682.108: I:2 (   0.289   0.567   0.567 ) T:184 (   0.698   2.581 326.399 372.735 372.735 372.735 )
2692.107: I:0 (   0.000   0.000   0.000 ) T:184 (   0.698   2.581 326.399 372.735 372.735 372.735 )
2702.101: I:0 (   0.000   0.000   0.000 ) T:184 (   0.698   2.581 326.399 372.735 372.735 372.735 )
2712.107: I:0 (   0.000   0.000   0.000 ) T:184 (   0.698   2.581 326.399 372.735 372.735 372.735 )
2722.106: I:0 (   0.000   0.000   0.000 ) T:184 (   0.698   2.581 326.399 372.735 372.735 372.735 )
2732.108: I:0 (   0.000   0.000   0.000 ) T:184 (   0.698   2.581 326.399 372.735 372.735 372.735 )
2742.109: I:0 (   0.000   0.000   0.000 ) T:184 (   0.698   2.581 326.399 372.735 372.735 372.735 )
2752.101: I:2 (   0.579   0.579   0.579 ) T:186 (   0.697   2.581 326.399 372.735 372.735 372.735 )
2762.107: I:0 (   0.000   0.000   0.000 ) T:186 (   0.697   2.581 326.399 372.735 372.735 372.735 )
2772.109: I:0 (   0.000   0.000   0.000 ) T:186 (   0.697   2.581 326.399 372.735 372.735 372.735 )
2782.116: I:1 ( 134.015 134.015 134.015 ) T:187 (   0.698  88.191 326.399 372.735 372.735 372.735 )
2792.108: I:0 (   0.000   0.000   0.000 ) T:187 (   0.698  88.191 326.399 372.735 372.735 372.735 )
2802.106: I:2 (   0.326   0.579   0.579 ) T:189 (   0.697  88.191 326.399 372.735 372.735 372.735 )
2812.108: I:0 (   0.000   0.000   0.000 ) T:189 (   0.697  88.191 326.399 372.735 372.735 372.735 )
2822.108: I:1 (   0.360   0.360   0.360 ) T:190 (   0.697   2.581 326.399 372.735 372.735 372.735 )
2832.109: I:0 (   0.000   0.000   0.000 ) T:190 (   0.697   2.581 326.399 372.735 372.735 372.735 )
2842.110: I:0 (   0.000   0.000   0.000 ) T:190 (   0.697   2.581 326.399 372.735 372.735 372.735 )
2852.106: I:0 (   0.000   0.000   0.000 ) T:190 (   0.697   2.581 326.399 372.735 372.735 372.735 )
2862.109: I:0 (   0.000   0.000   0.000 ) T:190 (   0.697   2.581 326.399 372.735 372.735 372.735 )
2872.107: I:1 (   0.589   0.589   0.589 ) T:191 (   0.697   2.581 326.399 372.735 372.735 372.735 )
2882.106: I:0 (   0.000   0.000   0.000 ) T:191 (   0.697   2.581 326.399 372.735 372.735 372.735 )
2892.108: I:0 (   0.000   0.000   0.000 ) T:191 (   0.697   2.581 326.399 372.735 372.735 372.735 )
2902.108: I:0 (   0.000   0.000   0.000 ) T:191 (   0.697   2.581 326.399 372.735 372.735 372.735 )
2912.107: I:1 (   0.650   0.650   0.650 ) T:192 (   0.694   2.581 326.399 372.735 372.735 372.735 )
2922.108: I:0 (   0.000   0.000   0.000 ) T:192 (   0.694   2.581 326.399 372.735 372.735 372.735 )
2932.107: I:0 (   0.000   0.000   0.000 ) T:192 (   0.694   2.581 326.399 372.735 372.735 372.735 )
2942.103: I:1 (   0.631   0.631   0.631 ) T:193 (   0.694   2.581 326.399 372.735 372.735 372.735 )
2952.107: I:1 (   0.614   0.614   0.614 ) T:194 (   0.693   2.581 326.399 372.735 372.735 372.735 )
2962.109: I:1 (   0.601   0.601   0.601 ) T:195 (   0.693   2.581 326.399 372.735 372.735 372.735 )
2972.107: I:1 (   0.591   0.591   0.591 ) T:196 (   0.690   2.581 326.399 372.735 372.735 372.735 )
2982.107: I:0 (   0.000   0.000   0.000 ) T:196 (   0.690   2.581 326.399 372.735 372.735 372.735 )
2992.106: I:0 (   0.000   0.000   0.000 ) T:196 (   0.690   2.581 326.399 372.735 372.735 372.735 )
3002.108: I:1 (   0.588   0.588   0.588 ) T:197 (   0.690   2.581 326.399 372.735 372.735 372.735 )
3012.105: I:1 (   0.609   0.609   0.609 ) T:198 (   0.690   2.581 326.399 372.735 372.735 372.735 )
3022.117: I:3 (   0.626   0.688   0.688 ) T:201 (   0.688   2.521 300.031 372.735 372.735 372.735 )
3032.108: I:0 (   0.000   0.000   0.000 ) T:201 (   0.688   2.521 300.031 372.735 372.735 372.735 )
3042.107: I:2 (   0.476   0.573   0.573 ) T:203 (   0.686   2.521 300.031 372.735 372.735 372.735 )
3052.107: I:0 (   0.000   0.000   0.000 ) T:203 (   0.686   2.521 300.031 372.735 372.735 372.735 )
3062.107: I:2 (   0.303   0.641   0.641 ) T:205 (   0.686   2.521 300.031 372.735 372.735 372.735 )
3072.105: I:1 (   0.479   0.479   0.479 ) T:206 (   0.684   2.521 300.031 372.735 372.735 372.735 )
3082.114: I:2 (   0.557 181.631 181.631 ) T:208 (   0.684   2.581 300.031 372.735 372.735 372.735 )
3092.102: I:0 (   0.000   0.000   0.000 ) T:208 (   0.684   2.581 300.031 372.735 372.735 372.735 )
3102.108: I:0 (   0.000   0.000   0.000 ) T:208 (   0.684   2.581 300.031 372.735 372.735 372.735 )
3112.107: I:0 (   0.000   0.000   0.000 ) T:208 (   0.684   2.581 300.031 372.735 372.735 372.735 )
3122.107: I:1 (   0.560   0.560   0.560 ) T:209 (   0.684   2.581 300.031 372.735 372.735 372.735 )
3132.106: I:1 (   0.581   0.581   0.581 ) T:210 (   0.674   2.521 300.031 372.735 372.735 372.735 )
3142.115: I:1 ( 217.087 217.087 217.087 ) T:211 (   0.684   2.581 300.031 372.735 372.735 372.735 )
3152.106: I:0 (   0.000   0.000   0.000 ) T:211 (   0.684   2.581 300.031 372.735 372.735 372.735 )
3162.105: I:2 (   0.325   0.583   0.583 ) T:213 (   0.674   2.581 300.031 372.735 372.735 372.735 )
3172.102: I:2 (   0.322   0.619   0.619 ) T:215 (   0.674   2.581 300.031 372.735 372.735 372.735 )
3182.108: I:1 (   0.577   0.577   0.577 ) T:216 (   0.665   2.581 300.031 372.735 372.735 372.735 )
3192.108: I:0 (   0.000   0.000   0.000 ) T:216 (   0.665   2.581 300.031 372.735 372.735 372.735 )
3202.119: I:0 (   0.000   0.000   0.000 ) T:216 (   0.665   2.581 300.031 372.735 372.735 372.735 )
3212.108: I:0 (   0.000   0.000   0.000 ) T:216 (   0.665   2.581 300.031 372.735 372.735 372.735 )
3222.109: I:0 (   0.000   0.000   0.000 ) T:216 (   0.665   2.581 300.031 372.735 372.735 372.735 )
3232.116: I:1 (   0.538   0.538   0.538 ) T:217 (   0.665   2.581 300.031 372.735 372.735 372.735 )
3242.102: I:0 (   0.000   0.000   0.000 ) T:217 (   0.665   2.581 300.031 372.735 372.735 372.735 )
3252.108: I:1 (   0.757   0.757   0.757 ) T:218 (   0.665   2.581 300.031 372.735 372.735 372.735 )
3262.116: I:1 (   0.595   0.595   0.595 ) T:219 (   0.665   2.581 300.031 372.735 372.735 372.735 )
3272.105: I:0 (   0.000   0.000   0.000 ) T:219 (   0.665   2.581 300.031 372.735 372.735 372.735 )
3282.104: I:0 (   0.000   0.000   0.000 ) T:219 (   0.665   2.581 300.031 372.735 372.735 372.735 )
3292.105: I:0 (   0.000   0.000   0.000 ) T:219 (   0.665   2.581 300.031 372.735 372.735 372.735 )
3302.107: I:1 (   0.473   0.473   0.473 ) T:220 (   0.663   2.521 300.031 372.735 372.735 372.735 )
3312.106: I:0 (   0.000   0.000   0.000 ) T:220 (   0.663   2.521 300.031 372.735 372.735 372.735 )
3322.108: I:1 (   0.522   0.522   0.522 ) T:221 (   0.663   2.521 300.031 372.735 372.735 372.735 )
3332.108: I:0 (   0.000   0.000   0.000 ) T:221 (   0.663   2.521 300.031 372.735 372.735 372.735 )
3342.111: I:0 (   0.000   0.000   0.000 ) T:221 (   0.663   2.521 300.031 372.735 372.735 372.735 )
3352.108: I:0 (   0.000   0.000   0.000 ) T:221 (   0.663   2.521 300.031 372.735 372.735 372.735 )
3362.115: I:2 (   0.534 339.455 339.455 ) T:223 (   0.663   2.581 326.399 372.735 372.735 372.735 )
3372.122: I:2 (   0.584 253.695 253.695 ) T:225 (   0.663  88.191 326.399 372.735 372.735 372.735 )
3382.109: I:0 (   0.000   0.000   0.000 ) T:225 (   0.663  88.191 326.399 372.735 372.735 372.735 )
3392.103: I:0 (   0.000   0.000   0.000 ) T:225 (   0.663  88.191 326.399 372.735 372.735 372.735 )
3402.110: I:0 (   0.000   0.000   0.000 ) T:225 (   0.663  88.191 326.399 372.735 372.735 372.735 )
3412.108: I:0 (   0.000   0.000   0.000 ) T:225 (   0.663  88.191 326.399 372.735 372.735 372.735 )
3422.108: I:1 (   0.542   0.542   0.542 ) T:226 (   0.661  88.191 326.399 372.735 372.735 372.735 )
3432.106: I:0 (   0.000   0.000   0.000 ) T:226 (   0.661  88.191 326.399 372.735 372.735 372.735 )
3433.829: I:0 (   0.000   0.000   0.000 ) T:226 (   0.661  88.191 326.399 372.735 372.735 372.735 )
3433.879: I:0 (   0.000   0.000   0.000 ) T:226 (   0.661  88.191 326.399 372.735 372.735 372.735 )
