#[Interval percentile log between 0.000 and <Infinite> seconds (relative to StartTime)]
#[StartTime: 1524826893.813 (seconds since epoch), Fri Apr 27 13:01:33 CEST 2018]
Time: IntervalPercentiles:count ( 50% 90% Max ) TotalPercentiles:count ( 50% 90% 99% 99.9% 99.99% Max )
9.616: I:1 ( 434.175 434.175 434.175 ) T:1 ( 434.175 434.175 434.175 434.175 434.175 434.175 )
19.590: I:0 (   0.000   0.000   0.000 ) T:1 ( 434.175 434.175 434.175 434.175 434.175 434.175 )
29.584: I:0 (   0.000   0.000   0.000 ) T:1 ( 434.175 434.175 434.175 434.175 434.175 434.175 )
39.584: I:0 (   0.000   0.000   0.000 ) T:1 ( 434.175 434.175 434.175 434.175 434.175 434.175 )
49.580: I:0 (   0.000   0.000   0.000 ) T:1 ( 434.175 434.175 434.175 434.175 434.175 434.175 )
59.583: I:0 (   0.000   0.000   0.000 ) T:1 ( 434.175 434.175 434.175 434.175 434.175 434.175 )
69.580: I:0 (   0.000   0.000   0.000 ) T:1 ( 434.175 434.175 434.175 434.175 434.175 434.175 )
79.580: I:0 (   0.000   0.000   0.000 ) T:1 ( 434.175 434.175 434.175 434.175 434.175 434.175 )
89.583: I:0 (   0.000   0.000   0.000 ) T:1 ( 434.175 434.175 434.175 434.175 434.175 434.175 )
99.585: I:0 (   0.000   0.000   0.000 ) T:1 ( 434.175 434.175 434.175 434.175 434.175 434.175 )
109.579: I:0 (   0.000   0.000   0.000 ) T:1 ( 434.175 434.175 434.175 434.175 434.175 434.175 )
119.583: I:0 (   0.000   0.000   0.000 ) T:1 ( 434.175 434.175 434.175 434.175 434.175 434.175 )
129.583: I:0 (   0.000   0.000   0.000 ) T:1 ( 434.175 434.175 434.175 434.175 434.175 434.175 )
139.583: I:0 (   0.000   0.000   0.000 ) T:1 ( 434.175 434.175 434.175 434.175 434.175 434.175 )
149.578: I:0 (   0.000   0.000   0.000 ) T:1 ( 434.175 434.175 434.175 434.175 434.175 434.175 )
159.583: I:0 (   0.000   0.000   0.000 ) T:1 ( 434.175 434.175 434.175 434.175 434.175 434.175 )
169.579: I:0 (   0.000   0.000   0.000 ) T:1 ( 434.175 434.175 434.175 434.175 434.175 434.175 )
179.583: I:0 (   0.000   0.000   0.000 ) T:1 ( 434.175 434.175 434.175 434.175 434.175 434.175 )
189.580: I:0 (   0.000   0.000   0.000 ) T:1 ( 434.175 434.175 434.175 434.175 434.175 434.175 )
199.583: I:0 (   0.000   0.000   0.000 ) T:1 ( 434.175 434.175 434.175 434.175 434.175 434.175 )
209.583: I:0 (   0.000   0.000   0.000 ) T:1 ( 434.175 434.175 434.175 434.175 434.175 434.175 )
219.576: I:0 (   0.000   0.000   0.000 ) T:1 ( 434.175 434.175 434.175 434.175 434.175 434.175 )
229.587: I:0 (   0.000   0.000   0.000 ) T:1 ( 434.175 434.175 434.175 434.175 434.175 434.175 )
239.584: I:0 (   0.000   0.000   0.000 ) T:1 ( 434.175 434.175 434.175 434.175 434.175 434.175 )
249.581: I:0 (   0.000   0.000   0.000 ) T:1 ( 434.175 434.175 434.175 434.175 434.175 434.175 )
259.584: I:0 (   0.000   0.000   0.000 ) T:1 ( 434.175 434.175 434.175 434.175 434.175 434.175 )
269.585: I:0 (   0.000   0.000   0.000 ) T:1 ( 434.175 434.175 434.175 434.175 434.175 434.175 )
279.580: I:0 (   0.000   0.000   0.000 ) T:1 ( 434.175 434.175 434.175 434.175 434.175 434.175 )
289.583: I:0 (   0.000   0.000   0.000 ) T:1 ( 434.175 434.175 434.175 434.175 434.175 434.175 )
299.590: I:0 (   0.000   0.000   0.000 ) T:1 ( 434.175 434.175 434.175 434.175 434.175 434.175 )
309.580: I:0 (   0.000   0.000   0.000 ) T:1 ( 434.175 434.175 434.175 434.175 434.175 434.175 )
319.580: I:0 (   0.000   0.000   0.000 ) T:1 ( 434.175 434.175 434.175 434.175 434.175 434.175 )
329.579: I:0 (   0.000   0.000   0.000 ) T:1 ( 434.175 434.175 434.175 434.175 434.175 434.175 )
339.580: I:0 (   0.000   0.000   0.000 ) T:1 ( 434.175 434.175 434.175 434.175 434.175 434.175 )
349.585: I:0 (   0.000   0.000   0.000 ) T:1 ( 434.175 434.175 434.175 434.175 434.175 434.175 )
359.582: I:0 (   0.000   0.000   0.000 ) T:1 ( 434.175 434.175 434.175 434.175 434.175 434.175 )
369.592: I:0 (   0.000   0.000   0.000 ) T:1 ( 434.175 434.175 434.175 434.175 434.175 434.175 )
379.592: I:0 (   0.000   0.000   0.000 ) T:1 ( 434.175 434.175 434.175 434.175 434.175 434.175 )
389.584: I:0 (   0.000   0.000   0.000 ) T:1 ( 434.175 434.175 434.175 434.175 434.175 434.175 )
399.582: I:0 (   0.000   0.000   0.000 ) T:1 ( 434.175 434.175 434.175 434.175 434.175 434.175 )
409.580: I:0 (   0.000   0.000   0.000 ) T:1 ( 434.175 434.175 434.175 434.175 434.175 434.175 )
419.580: I:0 (   0.000   0.000   0.000 ) T:1 ( 434.175 434.175 434.175 434.175 434.175 434.175 )
429.579: I:0 (   0.000   0.000   0.000 ) T:1 ( 434.175 434.175 434.175 434.175 434.175 434.175 )
439.582: I:0 (   0.000   0.000   0.000 ) T:1 ( 434.175 434.175 434.175 434.175 434.175 434.175 )
449.578: I:0 (   0.000   0.000   0.000 ) T:1 ( 434.175 434.175 434.175 434.175 434.175 434.175 )
459.582: I:0 (   0.000   0.000   0.000 ) T:1 ( 434.175 434.175 434.175 434.175 434.175 434.175 )
469.581: I:0 (   0.000   0.000   0.000 ) T:1 ( 434.175 434.175 434.175 434.175 434.175 434.175 )
479.578: I:0 (   0.000   0.000   0.000 ) T:1 ( 434.175 434.175 434.175 434.175 434.175 434.175 )
489.585: I:0 (   0.000   0.000   0.000 ) T:1 ( 434.175 434.175 434.175 434.175 434.175 434.175 )
499.583: I:0 (   0.000   0.000   0.000 ) T:1 ( 434.175 434.175 434.175 434.175 434.175 434.175 )
509.583: I:0 (   0.000   0.000   0.000 ) T:1 ( 434.175 434.175 434.175 434.175 434.175 434.175 )
519.583: I:0 (   0.000   0.000   0.000 ) T:1 ( 434.175 434.175 434.175 434.175 434.175 434.175 )
529.583: I:0 (   0.000   0.000   0.000 ) T:1 ( 434.175 434.175 434.175 434.175 434.175 434.175 )
539.580: I:0 (   0.000   0.000   0.000 ) T:1 ( 434.175 434.175 434.175 434.175 434.175 434.175 )
549.577: I:0 (   0.000   0.000   0.000 ) T:1 ( 434.175 434.175 434.175 434.175 434.175 434.175 )
559.583: I:0 (   0.000   0.000   0.000 ) T:1 ( 434.175 434.175 434.175 434.175 434.175 434.175 )
569.588: I:0 (   0.000   0.000   0.000 ) T:1 ( 434.175 434.175 434.175 434.175 434.175 434.175 )
579.582: I:0 (   0.000   0.000   0.000 ) T:1 ( 434.175 434.175 434.175 434.175 434.175 434.175 )
589.591: I:0 (   0.000   0.000   0.000 ) T:1 ( 434.175 434.175 434.175 434.175 434.175 434.175 )
599.582: I:0 (   0.000   0.000   0.000 ) T:1 ( 434.175 434.175 434.175 434.175 434.175 434.175 )
609.579: I:0 (   0.000   0.000   0.000 ) T:1 ( 434.175 434.175 434.175 434.175 434.175 434.175 )
619.578: I:0 (   0.000   0.000   0.000 ) T:1 ( 434.175 434.175 434.175 434.175 434.175 434.175 )
629.582: I:0 (   0.000   0.000   0.000 ) T:1 ( 434.175 434.175 434.175 434.175 434.175 434.175 )
639.580: I:0 (   0.000   0.000   0.000 ) T:1 ( 434.175 434.175 434.175 434.175 434.175 434.175 )
649.580: I:0 (   0.000   0.000   0.000 ) T:1 ( 434.175 434.175 434.175 434.175 434.175 434.175 )
659.582: I:0 (   0.000   0.000   0.000 ) T:1 ( 434.175 434.175 434.175 434.175 434.175 434.175 )
669.587: I:0 (   0.000   0.000   0.000 ) T:1 ( 434.175 434.175 434.175 434.175 434.175 434.175 )
679.581: I:0 (   0.000   0.000   0.000 ) T:1 ( 434.175 434.175 434.175 434.175 434.175 434.175 )
689.582: I:0 (   0.000   0.000   0.000 ) T:1 ( 434.175 434.175 434.175 434.175 434.175 434.175 )
699.581: I:0 (   0.000   0.000   0.000 ) T:1 ( 434.175 434.175 434.175 434.175 434.175 434.175 )
709.582: I:0 (   0.000   0.000   0.000 ) T:1 ( 434.175 434.175 434.175 434.175 434.175 434.175 )
719.582: I:0 (   0.000   0.000   0.000 ) T:1 ( 434.175 434.175 434.175 434.175 434.175 434.175 )
729.580: I:0 (   0.000   0.000   0.000 ) T:1 ( 434.175 434.175 434.175 434.175 434.175 434.175 )
739.583: I:0 (   0.000   0.000   0.000 ) T:1 ( 434.175 434.175 434.175 434.175 434.175 434.175 )
749.580: I:0 (   0.000   0.000   0.000 ) T:1 ( 434.175 434.175 434.175 434.175 434.175 434.175 )
759.582: I:0 (   0.000   0.000   0.000 ) T:1 ( 434.175 434.175 434.175 434.175 434.175 434.175 )
769.581: I:0 (   0.000   0.000   0.000 ) T:1 ( 434.175 434.175 434.175 434.175 434.175 434.175 )
779.582: I:0 (   0.000   0.000   0.000 ) T:1 ( 434.175 434.175 434.175 434.175 434.175 434.175 )
789.583: I:0 (   0.000   0.000   0.000 ) T:1 ( 434.175 434.175 434.175 434.175 434.175 434.175 )
799.590: I:0 (   0.000   0.000   0.000 ) T:1 ( 434.175 434.175 434.175 434.175 434.175 434.175 )
809.583: I:0 (   0.000   0.000   0.000 ) T:1 ( 434.175 434.175 434.175 434.175 434.175 434.175 )
819.580: I:0 (   0.000   0.000   0.000 ) T:1 ( 434.175 434.175 434.175 434.175 434.175 434.175 )
829.579: I:0 (   0.000   0.000   0.000 ) T:1 ( 434.175 434.175 434.175 434.175 434.175 434.175 )
839.581: I:0 (   0.000   0.000   0.000 ) T:1 ( 434.175 434.175 434.175 434.175 434.175 434.175 )
849.582: I:0 (   0.000   0.000   0.000 ) T:1 ( 434.175 434.175 434.175 434.175 434.175 434.175 )
859.586: I:0 (   0.000   0.000   0.000 ) T:1 ( 434.175 434.175 434.175 434.175 434.175 434.175 )
869.580: I:0 (   0.000   0.000   0.000 ) T:1 ( 434.175 434.175 434.175 434.175 434.175 434.175 )
879.581: I:0 (   0.000   0.000   0.000 ) T:1 ( 434.175 434.175 434.175 434.175 434.175 434.175 )
889.582: I:0 (   0.000   0.000   0.000 ) T:1 ( 434.175 434.175 434.175 434.175 434.175 434.175 )
899.583: I:0 (   0.000   0.000   0.000 ) T:1 ( 434.175 434.175 434.175 434.175 434.175 434.175 )
909.580: I:0 (   0.000   0.000   0.000 ) T:1 ( 434.175 434.175 434.175 434.175 434.175 434.175 )
919.581: I:0 (   0.000   0.000   0.000 ) T:1 ( 434.175 434.175 434.175 434.175 434.175 434.175 )
929.581: I:0 (   0.000   0.000   0.000 ) T:1 ( 434.175 434.175 434.175 434.175 434.175 434.175 )
939.580: I:0 (   0.000   0.000   0.000 ) T:1 ( 434.175 434.175 434.175 434.175 434.175 434.175 )
949.576: I:0 (   0.000   0.000   0.000 ) T:1 ( 434.175 434.175 434.175 434.175 434.175 434.175 )
959.581: I:0 (   0.000   0.000   0.000 ) T:1 ( 434.175 434.175 434.175 434.175 434.175 434.175 )
969.582: I:0 (   0.000   0.000   0.000 ) T:1 ( 434.175 434.175 434.175 434.175 434.175 434.175 )
979.581: I:0 (   0.000   0.000   0.000 ) T:1 ( 434.175 434.175 434.175 434.175 434.175 434.175 )
989.582: I:0 (   0.000   0.000   0.000 ) T:1 ( 434.175 434.175 434.175 434.175 434.175 434.175 )
999.580: I:0 (   0.000   0.000   0.000 ) T:1 ( 434.175 434.175 434.175 434.175 434.175 434.175 )
1009.576: I:0 (   0.000   0.000   0.000 ) T:1 ( 434.175 434.175 434.175 434.175 434.175 434.175 )
1019.583: I:0 (   0.000   0.000   0.000 ) T:1 ( 434.175 434.175 434.175 434.175 434.175 434.175 )
1029.580: I:0 (   0.000   0.000   0.000 ) T:1 ( 434.175 434.175 434.175 434.175 434.175 434.175 )
1039.580: I:0 (   0.000   0.000   0.000 ) T:1 ( 434.175 434.175 434.175 434.175 434.175 434.175 )
1049.587: I:0 (   0.000   0.000   0.000 ) T:1 ( 434.175 434.175 434.175 434.175 434.175 434.175 )
1059.580: I:0 (   0.000   0.000   0.000 ) T:1 ( 434.175 434.175 434.175 434.175 434.175 434.175 )
1069.580: I:0 (   0.000   0.000   0.000 ) T:1 ( 434.175 434.175 434.175 434.175 434.175 434.175 )
1079.576: I:0 (   0.000   0.000   0.000 ) T:1 ( 434.175 434.175 434.175 434.175 434.175 434.175 )
1089.588: I:0 (   0.000   0.000   0.000 ) T:1 ( 434.175 434.175 434.175 434.175 434.175 434.175 )
1099.576: I:0 (   0.000   0.000   0.000 ) T:1 ( 434.175 434.175 434.175 434.175 434.175 434.175 )
1109.575: I:0 (   0.000   0.000   0.000 ) T:1 ( 434.175 434.175 434.175 434.175 434.175 434.175 )
1119.592: I:0 (   0.000   0.000   0.000 ) T:1 ( 434.175 434.175 434.175 434.175 434.175 434.175 )
1129.576: I:0 (   0.000   0.000   0.000 ) T:1 ( 434.175 434.175 434.175 434.175 434.175 434.175 )
1139.581: I:0 (   0.000   0.000   0.000 ) T:1 ( 434.175 434.175 434.175 434.175 434.175 434.175 )
1149.582: I:0 (   0.000   0.000   0.000 ) T:1 ( 434.175 434.175 434.175 434.175 434.175 434.175 )
1159.582: I:0 (   0.000   0.000   0.000 ) T:1 ( 434.175 434.175 434.175 434.175 434.175 434.175 )
1169.582: I:0 (   0.000   0.000   0.000 ) T:1 ( 434.175 434.175 434.175 434.175 434.175 434.175 )
1179.581: I:0 (   0.000   0.000   0.000 ) T:1 ( 434.175 434.175 434.175 434.175 434.175 434.175 )
1189.582: I:0 (   0.000   0.000   0.000 ) T:1 ( 434.175 434.175 434.175 434.175 434.175 434.175 )
1199.579: I:0 (   0.000   0.000   0.000 ) T:1 ( 434.175 434.175 434.175 434.175 434.175 434.175 )
1209.581: I:0 (   0.000   0.000   0.000 ) T:1 ( 434.175 434.175 434.175 434.175 434.175 434.175 )
1219.582: I:0 (   0.000   0.000   0.000 ) T:1 ( 434.175 434.175 434.175 434.175 434.175 434.175 )
1229.580: I:0 (   0.000   0.000   0.000 ) T:1 ( 434.175 434.175 434.175 434.175 434.175 434.175 )
1239.580: I:0 (   0.000   0.000   0.000 ) T:1 ( 434.175 434.175 434.175 434.175 434.175 434.175 )
1249.581: I:0 (   0.000   0.000   0.000 ) T:1 ( 434.175 434.175 434.175 434.175 434.175 434.175 )
1259.582: I:0 (   0.000   0.000   0.000 ) T:1 ( 434.175 434.175 434.175 434.175 434.175 434.175 )
1269.582: I:0 (   0.000   0.000   0.000 ) T:1 ( 434.175 434.175 434.175 434.175 434.175 434.175 )
1279.581: I:0 (   0.000   0.000   0.000 ) T:1 ( 434.175 434.175 434.175 434.175 434.175 434.175 )
1289.582: I:0 (   0.000   0.000   0.000 ) T:1 ( 434.175 434.175 434.175 434.175 434.175 434.175 )
1299.582: I:0 (   0.000   0.000   0.000 ) T:1 ( 434.175 434.175 434.175 434.175 434.175 434.175 )
1309.582: I:0 (   0.000   0.000   0.000 ) T:1 ( 434.175 434.175 434.175 434.175 434.175 434.175 )
1319.582: I:0 (   0.000   0.000   0.000 ) T:1 ( 434.175 434.175 434.175 434.175 434.175 434.175 )
1329.581: I:0 (   0.000   0.000   0.000 ) T:1 ( 434.175 434.175 434.175 434.175 434.175 434.175 )
1339.591: I:0 (   0.000   0.000   0.000 ) T:1 ( 434.175 434.175 434.175 434.175 434.175 434.175 )
1349.582: I:0 (   0.000   0.000   0.000 ) T:1 ( 434.175 434.175 434.175 434.175 434.175 434.175 )
1359.587: I:0 (   0.000   0.000   0.000 ) T:1 ( 434.175 434.175 434.175 434.175 434.175 434.175 )
1369.581: I:0 (   0.000   0.000   0.000 ) T:1 ( 434.175 434.175 434.175 434.175 434.175 434.175 )
1379.582: I:0 (   0.000   0.000   0.000 ) T:1 ( 434.175 434.175 434.175 434.175 434.175 434.175 )
1389.580: I:0 (   0.000   0.000   0.000 ) T:1 ( 434.175 434.175 434.175 434.175 434.175 434.175 )
1399.582: I:0 (   0.000   0.000   0.000 ) T:1 ( 434.175 434.175 434.175 434.175 434.175 434.175 )
1409.581: I:0 (   0.000   0.000   0.000 ) T:1 ( 434.175 434.175 434.175 434.175 434.175 434.175 )
1419.589: I:0 (   0.000   0.000   0.000 ) T:1 ( 434.175 434.175 434.175 434.175 434.175 434.175 )
1429.581: I:0 (   0.000   0.000   0.000 ) T:1 ( 434.175 434.175 434.175 434.175 434.175 434.175 )
1439.581: I:0 (   0.000   0.000   0.000 ) T:1 ( 434.175 434.175 434.175 434.175 434.175 434.175 )
1449.582: I:0 (   0.000   0.000   0.000 ) T:1 ( 434.175 434.175 434.175 434.175 434.175 434.175 )
1459.582: I:0 (   0.000   0.000   0.000 ) T:1 ( 434.175 434.175 434.175 434.175 434.175 434.175 )
1469.589: I:0 (   0.000   0.000   0.000 ) T:1 ( 434.175 434.175 434.175 434.175 434.175 434.175 )
1479.582: I:0 (   0.000   0.000   0.000 ) T:1 ( 434.175 434.175 434.175 434.175 434.175 434.175 )
1489.581: I:0 (   0.000   0.000   0.000 ) T:1 ( 434.175 434.175 434.175 434.175 434.175 434.175 )
1499.581: I:0 (   0.000   0.000   0.000 ) T:1 ( 434.175 434.175 434.175 434.175 434.175 434.175 )
1509.581: I:0 (   0.000   0.000   0.000 ) T:1 ( 434.175 434.175 434.175 434.175 434.175 434.175 )
1519.574: I:0 (   0.000   0.000   0.000 ) T:1 ( 434.175 434.175 434.175 434.175 434.175 434.175 )
1529.583: I:0 (   0.000   0.000   0.000 ) T:1 ( 434.175 434.175 434.175 434.175 434.175 434.175 )
1539.580: I:0 (   0.000   0.000   0.000 ) T:1 ( 434.175 434.175 434.175 434.175 434.175 434.175 )
1549.583: I:0 (   0.000   0.000   0.000 ) T:1 ( 434.175 434.175 434.175 434.175 434.175 434.175 )
1559.583: I:0 (   0.000   0.000   0.000 ) T:1 ( 434.175 434.175 434.175 434.175 434.175 434.175 )
1569.582: I:0 (   0.000   0.000   0.000 ) T:1 ( 434.175 434.175 434.175 434.175 434.175 434.175 )
1579.579: I:0 (   0.000   0.000   0.000 ) T:1 ( 434.175 434.175 434.175 434.175 434.175 434.175 )
1589.582: I:0 (   0.000   0.000   0.000 ) T:1 ( 434.175 434.175 434.175 434.175 434.175 434.175 )
1599.579: I:0 (   0.000   0.000   0.000 ) T:1 ( 434.175 434.175 434.175 434.175 434.175 434.175 )
1609.580: I:0 (   0.000   0.000   0.000 ) T:1 ( 434.175 434.175 434.175 434.175 434.175 434.175 )
1619.582: I:0 (   0.000   0.000   0.000 ) T:1 ( 434.175 434.175 434.175 434.175 434.175 434.175 )
1629.591: I:0 (   0.000   0.000   0.000 ) T:1 ( 434.175 434.175 434.175 434.175 434.175 434.175 )
1639.582: I:0 (   0.000   0.000   0.000 ) T:1 ( 434.175 434.175 434.175 434.175 434.175 434.175 )
1649.585: I:0 (   0.000   0.000   0.000 ) T:1 ( 434.175 434.175 434.175 434.175 434.175 434.175 )
1659.587: I:0 (   0.000   0.000   0.000 ) T:1 ( 434.175 434.175 434.175 434.175 434.175 434.175 )
1669.583: I:0 (   0.000   0.000   0.000 ) T:1 ( 434.175 434.175 434.175 434.175 434.175 434.175 )
1679.582: I:0 (   0.000   0.000   0.000 ) T:1 ( 434.175 434.175 434.175 434.175 434.175 434.175 )
1689.582: I:0 (   0.000   0.000   0.000 ) T:1 ( 434.175 434.175 434.175 434.175 434.175 434.175 )
1699.582: I:0 (   0.000   0.000   0.000 ) T:1 ( 434.175 434.175 434.175 434.175 434.175 434.175 )
1709.582: I:0 (   0.000   0.000   0.000 ) T:1 ( 434.175 434.175 434.175 434.175 434.175 434.175 )
1719.582: I:0 (   0.000   0.000   0.000 ) T:1 ( 434.175 434.175 434.175 434.175 434.175 434.175 )
1729.581: I:0 (   0.000   0.000   0.000 ) T:1 ( 434.175 434.175 434.175 434.175 434.175 434.175 )
1739.582: I:0 (   0.000   0.000   0.000 ) T:1 ( 434.175 434.175 434.175 434.175 434.175 434.175 )
1749.581: I:0 (   0.000   0.000   0.000 ) T:1 ( 434.175 434.175 434.175 434.175 434.175 434.175 )
1759.582: I:0 (   0.000   0.000   0.000 ) T:1 ( 434.175 434.175 434.175 434.175 434.175 434.175 )
1769.576: I:0 (   0.000   0.000   0.000 ) T:1 ( 434.175 434.175 434.175 434.175 434.175 434.175 )
1779.583: I:0 (   0.000   0.000   0.000 ) T:1 ( 434.175 434.175 434.175 434.175 434.175 434.175 )
1789.583: I:0 (   0.000   0.000   0.000 ) T:1 ( 434.175 434.175 434.175 434.175 434.175 434.175 )
1799.577: I:0 (   0.000   0.000   0.000 ) T:1 ( 434.175 434.175 434.175 434.175 434.175 434.175 )
1809.581: I:0 (   0.000   0.000   0.000 ) T:1 ( 434.175 434.175 434.175 434.175 434.175 434.175 )
1819.582: I:0 (   0.000   0.000   0.000 ) T:1 ( 434.175 434.175 434.175 434.175 434.175 434.175 )
1829.583: I:0 (   0.000   0.000   0.000 ) T:1 ( 434.175 434.175 434.175 434.175 434.175 434.175 )
1839.583: I:0 (   0.000   0.000   0.000 ) T:1 ( 434.175 434.175 434.175 434.175 434.175 434.175 )
1849.582: I:0 (   0.000   0.000   0.000 ) T:1 ( 434.175 434.175 434.175 434.175 434.175 434.175 )
1859.582: I:0 (   0.000   0.000   0.000 ) T:1 ( 434.175 434.175 434.175 434.175 434.175 434.175 )
1869.583: I:0 (   0.000   0.000   0.000 ) T:1 ( 434.175 434.175 434.175 434.175 434.175 434.175 )
1879.582: I:0 (   0.000   0.000   0.000 ) T:1 ( 434.175 434.175 434.175 434.175 434.175 434.175 )
1889.582: I:0 (   0.000   0.000   0.000 ) T:1 ( 434.175 434.175 434.175 434.175 434.175 434.175 )
1899.581: I:0 (   0.000   0.000   0.000 ) T:1 ( 434.175 434.175 434.175 434.175 434.175 434.175 )
1909.584: I:0 (   0.000   0.000   0.000 ) T:1 ( 434.175 434.175 434.175 434.175 434.175 434.175 )
1919.582: I:0 (   0.000   0.000   0.000 ) T:1 ( 434.175 434.175 434.175 434.175 434.175 434.175 )
1929.581: I:0 (   0.000   0.000   0.000 ) T:1 ( 434.175 434.175 434.175 434.175 434.175 434.175 )
1939.617: I:0 (   0.000   0.000   0.000 ) T:1 ( 434.175 434.175 434.175 434.175 434.175 434.175 )
1949.580: I:0 (   0.000   0.000   0.000 ) T:1 ( 434.175 434.175 434.175 434.175 434.175 434.175 )
1959.583: I:0 (   0.000   0.000   0.000 ) T:1 ( 434.175 434.175 434.175 434.175 434.175 434.175 )
1969.582: I:0 (   0.000   0.000   0.000 ) T:1 ( 434.175 434.175 434.175 434.175 434.175 434.175 )
1979.581: I:0 (   0.000   0.000   0.000 ) T:1 ( 434.175 434.175 434.175 434.175 434.175 434.175 )
1989.582: I:0 (   0.000   0.000   0.000 ) T:1 ( 434.175 434.175 434.175 434.175 434.175 434.175 )
1999.582: I:0 (   0.000   0.000   0.000 ) T:1 ( 434.175 434.175 434.175 434.175 434.175 434.175 )
2009.582: I:0 (   0.000   0.000   0.000 ) T:1 ( 434.175 434.175 434.175 434.175 434.175 434.175 )
2019.581: I:0 (   0.000   0.000   0.000 ) T:1 ( 434.175 434.175 434.175 434.175 434.175 434.175 )
2029.580: I:0 (   0.000   0.000   0.000 ) T:1 ( 434.175 434.175 434.175 434.175 434.175 434.175 )
2039.589: I:0 (   0.000   0.000   0.000 ) T:1 ( 434.175 434.175 434.175 434.175 434.175 434.175 )
2049.581: I:0 (   0.000   0.000   0.000 ) T:1 ( 434.175 434.175 434.175 434.175 434.175 434.175 )
2059.581: I:0 (   0.000   0.000   0.000 ) T:1 ( 434.175 434.175 434.175 434.175 434.175 434.175 )
2069.582: I:0 (   0.000   0.000   0.000 ) T:1 ( 434.175 434.175 434.175 434.175 434.175 434.175 )
2079.576: I:0 (   0.000   0.000   0.000 ) T:1 ( 434.175 434.175 434.175 434.175 434.175 434.175 )
2089.579: I:0 (   0.000   0.000   0.000 ) T:1 ( 434.175 434.175 434.175 434.175 434.175 434.175 )
2099.582: I:0 (   0.000   0.000   0.000 ) T:1 ( 434.175 434.175 434.175 434.175 434.175 434.175 )
2109.576: I:0 (   0.000   0.000   0.000 ) T:1 ( 434.175 434.175 434.175 434.175 434.175 434.175 )
2119.580: I:0 (   0.000   0.000   0.000 ) T:1 ( 434.175 434.175 434.175 434.175 434.175 434.175 )
2129.580: I:0 (   0.000   0.000   0.000 ) T:1 ( 434.175 434.175 434.175 434.175 434.175 434.175 )
2139.584: I:0 (   0.000   0.000   0.000 ) T:1 ( 434.175 434.175 434.175 434.175 434.175 434.175 )
2149.579: I:0 (   0.000   0.000   0.000 ) T:1 ( 434.175 434.175 434.175 434.175 434.175 434.175 )
2159.582: I:0 (   0.000   0.000   0.000 ) T:1 ( 434.175 434.175 434.175 434.175 434.175 434.175 )
2169.582: I:0 (   0.000   0.000   0.000 ) T:1 ( 434.175 434.175 434.175 434.175 434.175 434.175 )
2179.581: I:0 (   0.000   0.000   0.000 ) T:1 ( 434.175 434.175 434.175 434.175 434.175 434.175 )
2189.590: I:0 (   0.000   0.000   0.000 ) T:1 ( 434.175 434.175 434.175 434.175 434.175 434.175 )
2199.590: I:0 (   0.000   0.000   0.000 ) T:1 ( 434.175 434.175 434.175 434.175 434.175 434.175 )
2209.580: I:0 (   0.000   0.000   0.000 ) T:1 ( 434.175 434.175 434.175 434.175 434.175 434.175 )
2219.581: I:0 (   0.000   0.000   0.000 ) T:1 ( 434.175 434.175 434.175 434.175 434.175 434.175 )
2229.582: I:0 (   0.000   0.000   0.000 ) T:1 ( 434.175 434.175 434.175 434.175 434.175 434.175 )
2239.581: I:0 (   0.000   0.000   0.000 ) T:1 ( 434.175 434.175 434.175 434.175 434.175 434.175 )
2249.581: I:0 (   0.000   0.000   0.000 ) T:1 ( 434.175 434.175 434.175 434.175 434.175 434.175 )
2259.582: I:0 (   0.000   0.000   0.000 ) T:1 ( 434.175 434.175 434.175 434.175 434.175 434.175 )
2269.582: I:0 (   0.000   0.000   0.000 ) T:1 ( 434.175 434.175 434.175 434.175 434.175 434.175 )
2279.581: I:0 (   0.000   0.000   0.000 ) T:1 ( 434.175 434.175 434.175 434.175 434.175 434.175 )
2289.582: I:0 (   0.000   0.000   0.000 ) T:1 ( 434.175 434.175 434.175 434.175 434.175 434.175 )
2299.581: I:0 (   0.000   0.000   0.000 ) T:1 ( 434.175 434.175 434.175 434.175 434.175 434.175 )
2309.582: I:0 (   0.000   0.000   0.000 ) T:1 ( 434.175 434.175 434.175 434.175 434.175 434.175 )
2319.582: I:0 (   0.000   0.000   0.000 ) T:1 ( 434.175 434.175 434.175 434.175 434.175 434.175 )
2329.582: I:0 (   0.000   0.000   0.000 ) T:1 ( 434.175 434.175 434.175 434.175 434.175 434.175 )
2339.581: I:0 (   0.000   0.000   0.000 ) T:1 ( 434.175 434.175 434.175 434.175 434.175 434.175 )
2349.582: I:0 (   0.000   0.000   0.000 ) T:1 ( 434.175 434.175 434.175 434.175 434.175 434.175 )
2359.581: I:0 (   0.000   0.000   0.000 ) T:1 ( 434.175 434.175 434.175 434.175 434.175 434.175 )
2369.581: I:0 (   0.000   0.000   0.000 ) T:1 ( 434.175 434.175 434.175 434.175 434.175 434.175 )
2379.576: I:0 (   0.000   0.000   0.000 ) T:1 ( 434.175 434.175 434.175 434.175 434.175 434.175 )
2389.578: I:0 (   0.000   0.000   0.000 ) T:1 ( 434.175 434.175 434.175 434.175 434.175 434.175 )
2399.582: I:0 (   0.000   0.000   0.000 ) T:1 ( 434.175 434.175 434.175 434.175 434.175 434.175 )
2409.589: I:0 (   0.000   0.000   0.000 ) T:1 ( 434.175 434.175 434.175 434.175 434.175 434.175 )
2419.581: I:0 (   0.000   0.000   0.000 ) T:1 ( 434.175 434.175 434.175 434.175 434.175 434.175 )
2429.581: I:0 (   0.000   0.000   0.000 ) T:1 ( 434.175 434.175 434.175 434.175 434.175 434.175 )
2439.582: I:0 (   0.000   0.000   0.000 ) T:1 ( 434.175 434.175 434.175 434.175 434.175 434.175 )
2449.582: I:0 (   0.000   0.000   0.000 ) T:1 ( 434.175 434.175 434.175 434.175 434.175 434.175 )
2459.581: I:0 (   0.000   0.000   0.000 ) T:1 ( 434.175 434.175 434.175 434.175 434.175 434.175 )
2469.582: I:0 (   0.000   0.000   0.000 ) T:1 ( 434.175 434.175 434.175 434.175 434.175 434.175 )
2479.582: I:0 (   0.000   0.000   0.000 ) T:1 ( 434.175 434.175 434.175 434.175 434.175 434.175 )
2489.581: I:0 (   0.000   0.000   0.000 ) T:1 ( 434.175 434.175 434.175 434.175 434.175 434.175 )
2499.581: I:0 (   0.000   0.000   0.000 ) T:1 ( 434.175 434.175 434.175 434.175 434.175 434.175 )
2509.590: I:0 (   0.000   0.000   0.000 ) T:1 ( 434.175 434.175 434.175 434.175 434.175 434.175 )
2519.580: I:0 (   0.000   0.000   0.000 ) T:1 ( 434.175 434.175 434.175 434.175 434.175 434.175 )
2529.580: I:0 (   0.000   0.000   0.000 ) T:1 ( 434.175 434.175 434.175 434.175 434.175 434.175 )
2539.574: I:0 (   0.000   0.000   0.000 ) T:1 ( 434.175 434.175 434.175 434.175 434.175 434.175 )
2549.587: I:0 (   0.000   0.000   0.000 ) T:1 ( 434.175 434.175 434.175 434.175 434.175 434.175 )
2559.587: I:0 (   0.000   0.000   0.000 ) T:1 ( 434.175 434.175 434.175 434.175 434.175 434.175 )
2569.583: I:0 (   0.000   0.000   0.000 ) T:1 ( 434.175 434.175 434.175 434.175 434.175 434.175 )
2579.582: I:0 (   0.000   0.000   0.000 ) T:1 ( 434.175 434.175 434.175 434.175 434.175 434.175 )
2589.581: I:0 (   0.000   0.000   0.000 ) T:1 ( 434.175 434.175 434.175 434.175 434.175 434.175 )
2599.582: I:0 (   0.000   0.000   0.000 ) T:1 ( 434.175 434.175 434.175 434.175 434.175 434.175 )
2609.591: I:0 (   0.000   0.000   0.000 ) T:1 ( 434.175 434.175 434.175 434.175 434.175 434.175 )
2619.582: I:0 (   0.000   0.000   0.000 ) T:1 ( 434.175 434.175 434.175 434.175 434.175 434.175 )
2629.580: I:0 (   0.000   0.000   0.000 ) T:1 ( 434.175 434.175 434.175 434.175 434.175 434.175 )
2639.589: I:0 (   0.000   0.000   0.000 ) T:1 ( 434.175 434.175 434.175 434.175 434.175 434.175 )
2649.580: I:0 (   0.000   0.000   0.000 ) T:1 ( 434.175 434.175 434.175 434.175 434.175 434.175 )
2659.590: I:0 (   0.000   0.000   0.000 ) T:1 ( 434.175 434.175 434.175 434.175 434.175 434.175 )
2669.580: I:0 (   0.000   0.000   0.000 ) T:1 ( 434.175 434.175 434.175 434.175 434.175 434.175 )
2679.581: I:0 (   0.000   0.000   0.000 ) T:1 ( 434.175 434.175 434.175 434.175 434.175 434.175 )
2689.582: I:0 (   0.000   0.000   0.000 ) T:1 ( 434.175 434.175 434.175 434.175 434.175 434.175 )
2699.581: I:0 (   0.000   0.000   0.000 ) T:1 ( 434.175 434.175 434.175 434.175 434.175 434.175 )
2709.576: I:0 (   0.000   0.000   0.000 ) T:1 ( 434.175 434.175 434.175 434.175 434.175 434.175 )
2719.581: I:0 (   0.000   0.000   0.000 ) T:1 ( 434.175 434.175 434.175 434.175 434.175 434.175 )
2729.580: I:0 (   0.000   0.000   0.000 ) T:1 ( 434.175 434.175 434.175 434.175 434.175 434.175 )
2739.582: I:0 (   0.000   0.000   0.000 ) T:1 ( 434.175 434.175 434.175 434.175 434.175 434.175 )
2749.582: I:0 (   0.000   0.000   0.000 ) T:1 ( 434.175 434.175 434.175 434.175 434.175 434.175 )
2759.575: I:0 (   0.000   0.000   0.000 ) T:1 ( 434.175 434.175 434.175 434.175 434.175 434.175 )
2769.581: I:0 (   0.000   0.000   0.000 ) T:1 ( 434.175 434.175 434.175 434.175 434.175 434.175 )
2779.582: I:0 (   0.000   0.000   0.000 ) T:1 ( 434.175 434.175 434.175 434.175 434.175 434.175 )
2789.589: I:0 (   0.000   0.000   0.000 ) T:1 ( 434.175 434.175 434.175 434.175 434.175 434.175 )
2799.582: I:0 (   0.000   0.000   0.000 ) T:1 ( 434.175 434.175 434.175 434.175 434.175 434.175 )
2809.580: I:0 (   0.000   0.000   0.000 ) T:1 ( 434.175 434.175 434.175 434.175 434.175 434.175 )
2819.580: I:0 (   0.000   0.000   0.000 ) T:1 ( 434.175 434.175 434.175 434.175 434.175 434.175 )
2829.582: I:0 (   0.000   0.000   0.000 ) T:1 ( 434.175 434.175 434.175 434.175 434.175 434.175 )
2839.582: I:0 (   0.000   0.000   0.000 ) T:1 ( 434.175 434.175 434.175 434.175 434.175 434.175 )
2849.583: I:0 (   0.000   0.000   0.000 ) T:1 ( 434.175 434.175 434.175 434.175 434.175 434.175 )
2859.582: I:0 (   0.000   0.000   0.000 ) T:1 ( 434.175 434.175 434.175 434.175 434.175 434.175 )
2869.582: I:0 (   0.000   0.000   0.000 ) T:1 ( 434.175 434.175 434.175 434.175 434.175 434.175 )
2879.581: I:0 (   0.000   0.000   0.000 ) T:1 ( 434.175 434.175 434.175 434.175 434.175 434.175 )
2889.580: I:0 (   0.000   0.000   0.000 ) T:1 ( 434.175 434.175 434.175 434.175 434.175 434.175 )
2899.580: I:0 (   0.000   0.000   0.000 ) T:1 ( 434.175 434.175 434.175 434.175 434.175 434.175 )
2909.582: I:0 (   0.000   0.000   0.000 ) T:1 ( 434.175 434.175 434.175 434.175 434.175 434.175 )
2919.581: I:0 (   0.000   0.000   0.000 ) T:1 ( 434.175 434.175 434.175 434.175 434.175 434.175 )
2929.581: I:0 (   0.000   0.000   0.000 ) T:1 ( 434.175 434.175 434.175 434.175 434.175 434.175 )
2939.580: I:0 (   0.000   0.000   0.000 ) T:1 ( 434.175 434.175 434.175 434.175 434.175 434.175 )
2949.576: I:0 (   0.000   0.000   0.000 ) T:1 ( 434.175 434.175 434.175 434.175 434.175 434.175 )
2959.580: I:0 (   0.000   0.000   0.000 ) T:1 ( 434.175 434.175 434.175 434.175 434.175 434.175 )
2969.582: I:0 (   0.000   0.000   0.000 ) T:1 ( 434.175 434.175 434.175 434.175 434.175 434.175 )
2979.582: I:0 (   0.000   0.000   0.000 ) T:1 ( 434.175 434.175 434.175 434.175 434.175 434.175 )
2989.581: I:0 (   0.000   0.000   0.000 ) T:1 ( 434.175 434.175 434.175 434.175 434.175 434.175 )
2999.580: I:0 (   0.000   0.000   0.000 ) T:1 ( 434.175 434.175 434.175 434.175 434.175 434.175 )
3009.580: I:0 (   0.000   0.000   0.000 ) T:1 ( 434.175 434.175 434.175 434.175 434.175 434.175 )
3019.580: I:0 (   0.000   0.000   0.000 ) T:1 ( 434.175 434.175 434.175 434.175 434.175 434.175 )
3029.589: I:0 (   0.000   0.000   0.000 ) T:1 ( 434.175 434.175 434.175 434.175 434.175 434.175 )
3039.582: I:0 (   0.000   0.000   0.000 ) T:1 ( 434.175 434.175 434.175 434.175 434.175 434.175 )
3049.580: I:0 (   0.000   0.000   0.000 ) T:1 ( 434.175 434.175 434.175 434.175 434.175 434.175 )
3059.580: I:0 (   0.000   0.000   0.000 ) T:1 ( 434.175 434.175 434.175 434.175 434.175 434.175 )
3069.581: I:0 (   0.000   0.000   0.000 ) T:1 ( 434.175 434.175 434.175 434.175 434.175 434.175 )
3079.579: I:0 (   0.000   0.000   0.000 ) T:1 ( 434.175 434.175 434.175 434.175 434.175 434.175 )
3089.588: I:0 (   0.000   0.000   0.000 ) T:1 ( 434.175 434.175 434.175 434.175 434.175 434.175 )
3099.576: I:0 (   0.000   0.000   0.000 ) T:1 ( 434.175 434.175 434.175 434.175 434.175 434.175 )
3109.582: I:0 (   0.000   0.000   0.000 ) T:1 ( 434.175 434.175 434.175 434.175 434.175 434.175 )
3119.581: I:0 (   0.000   0.000   0.000 ) T:1 ( 434.175 434.175 434.175 434.175 434.175 434.175 )
3129.581: I:0 (   0.000   0.000   0.000 ) T:1 ( 434.175 434.175 434.175 434.175 434.175 434.175 )
3139.581: I:0 (   0.000   0.000   0.000 ) T:1 ( 434.175 434.175 434.175 434.175 434.175 434.175 )
3149.589: I:0 (   0.000   0.000   0.000 ) T:1 ( 434.175 434.175 434.175 434.175 434.175 434.175 )
3159.581: I:0 (   0.000   0.000   0.000 ) T:1 ( 434.175 434.175 434.175 434.175 434.175 434.175 )
3169.581: I:0 (   0.000   0.000   0.000 ) T:1 ( 434.175 434.175 434.175 434.175 434.175 434.175 )
3179.576: I:0 (   0.000   0.000   0.000 ) T:1 ( 434.175 434.175 434.175 434.175 434.175 434.175 )
3189.582: I:0 (   0.000   0.000   0.000 ) T:1 ( 434.175 434.175 434.175 434.175 434.175 434.175 )
3199.582: I:0 (   0.000   0.000   0.000 ) T:1 ( 434.175 434.175 434.175 434.175 434.175 434.175 )
3209.590: I:0 (   0.000   0.000   0.000 ) T:1 ( 434.175 434.175 434.175 434.175 434.175 434.175 )
3219.580: I:0 (   0.000   0.000   0.000 ) T:1 ( 434.175 434.175 434.175 434.175 434.175 434.175 )
3229.582: I:0 (   0.000   0.000   0.000 ) T:1 ( 434.175 434.175 434.175 434.175 434.175 434.175 )
3239.587: I:0 (   0.000   0.000   0.000 ) T:1 ( 434.175 434.175 434.175 434.175 434.175 434.175 )
3249.576: I:0 (   0.000   0.000   0.000 ) T:1 ( 434.175 434.175 434.175 434.175 434.175 434.175 )
3259.582: I:0 (   0.000   0.000   0.000 ) T:1 ( 434.175 434.175 434.175 434.175 434.175 434.175 )
3269.587: I:0 (   0.000   0.000   0.000 ) T:1 ( 434.175 434.175 434.175 434.175 434.175 434.175 )
3279.580: I:0 (   0.000   0.000   0.000 ) T:1 ( 434.175 434.175 434.175 434.175 434.175 434.175 )
3289.577: I:0 (   0.000   0.000   0.000 ) T:1 ( 434.175 434.175 434.175 434.175 434.175 434.175 )
3299.579: I:0 (   0.000   0.000   0.000 ) T:1 ( 434.175 434.175 434.175 434.175 434.175 434.175 )
3309.581: I:0 (   0.000   0.000   0.000 ) T:1 ( 434.175 434.175 434.175 434.175 434.175 434.175 )
3319.580: I:0 (   0.000   0.000   0.000 ) T:1 ( 434.175 434.175 434.175 434.175 434.175 434.175 )
3329.582: I:0 (   0.000   0.000   0.000 ) T:1 ( 434.175 434.175 434.175 434.175 434.175 434.175 )
3339.582: I:0 (   0.000   0.000   0.000 ) T:1 ( 434.175 434.175 434.175 434.175 434.175 434.175 )
3349.585: I:0 (   0.000   0.000   0.000 ) T:1 ( 434.175 434.175 434.175 434.175 434.175 434.175 )
3359.582: I:0 (   0.000   0.000   0.000 ) T:1 ( 434.175 434.175 434.175 434.175 434.175 434.175 )
3369.589: I:0 (   0.000   0.000   0.000 ) T:1 ( 434.175 434.175 434.175 434.175 434.175 434.175 )
3379.593: I:0 (   0.000   0.000   0.000 ) T:1 ( 434.175 434.175 434.175 434.175 434.175 434.175 )
3389.582: I:0 (   0.000   0.000   0.000 ) T:1 ( 434.175 434.175 434.175 434.175 434.175 434.175 )
3399.576: I:0 (   0.000   0.000   0.000 ) T:1 ( 434.175 434.175 434.175 434.175 434.175 434.175 )
3409.583: I:0 (   0.000   0.000   0.000 ) T:1 ( 434.175 434.175 434.175 434.175 434.175 434.175 )
3419.581: I:0 (   0.000   0.000   0.000 ) T:1 ( 434.175 434.175 434.175 434.175 434.175 434.175 )
3429.582: I:0 (   0.000   0.000   0.000 ) T:1 ( 434.175 434.175 434.175 434.175 434.175 434.175 )
3439.581: I:0 (   0.000   0.000   0.000 ) T:1 ( 434.175 434.175 434.175 434.175 434.175 434.175 )
3441.301: I:0 (   0.000   0.000   0.000 ) T:1 ( 434.175 434.175 434.175 434.175 434.175 434.175 )
3441.349: I:0 (   0.000   0.000   0.000 ) T:1 ( 434.175 434.175 434.175 434.175 434.175 434.175 )
