#[Interval percentile log between 0.000 and <Infinite> seconds (relative to StartTime)]
#[StartTime: 1524840325.052 (seconds since epoch), Fri Apr 27 16:45:25 CEST 2018]
Time: IntervalPercentiles:count ( 50% 90% Max ) TotalPercentiles:count ( 50% 90% 99% 99.9% 99.99% Max )
2.043: I:1 (   3.195   3.195   3.195 ) T:1 (   3.195   3.195   3.195   3.195   3.195   3.195 )
12.026: I:1 (   1.463   1.463   1.463 ) T:2 (   1.463   3.195   3.195   3.195   3.195   3.195 )
22.023: I:3 (   1.459   1.895   1.895 ) T:5 (   1.463   3.195   3.195   3.195   3.195   3.195 )
32.023: I:1 (   1.382   1.382   1.382 ) T:6 (   1.459   3.195   3.195   3.195   3.195   3.195 )
42.022: I:1 (   1.294   1.294   1.294 ) T:7 (   1.459   3.195   3.195   3.195   3.195   3.195 )
52.022: I:0 (   0.000   0.000   0.000 ) T:7 (   1.459   3.195   3.195   3.195   3.195   3.195 )
62.022: I:1 (   2.107   2.107   2.107 ) T:8 (   1.459   3.195   3.195   3.195   3.195   3.195 )
72.022: I:0 (   0.000   0.000   0.000 ) T:8 (   1.459   3.195   3.195   3.195   3.195   3.195 )
82.021: I:1 (   0.656   0.656   0.656 ) T:9 (   1.459   3.195   3.195   3.195   3.195   3.195 )
92.021: I:0 (   0.000   0.000   0.000 ) T:9 (   1.459   3.195   3.195   3.195   3.195   3.195 )
102.022: I:0 (   0.000   0.000   0.000 ) T:9 (   1.459   3.195   3.195   3.195   3.195   3.195 )
112.021: I:1 (   1.050   1.050   1.050 ) T:10 (   1.382   2.107   3.195   3.195   3.195   3.195 )
122.021: I:0 (   0.000   0.000   0.000 ) T:10 (   1.382   2.107   3.195   3.195   3.195   3.195 )
132.021: I:0 (   0.000   0.000   0.000 ) T:10 (   1.382   2.107   3.195   3.195   3.195   3.195 )
142.020: I:2 (   1.010   1.468   1.468 ) T:12 (   1.382   2.107   3.195   3.195   3.195   3.195 )
152.022: I:1 (   1.624   1.624   1.624 ) T:13 (   1.459   2.107   3.195   3.195   3.195   3.195 )
162.020: I:0 (   0.000   0.000   0.000 ) T:13 (   1.459   2.107   3.195   3.195   3.195   3.195 )
172.021: I:1 (   1.056   1.056   1.056 ) T:14 (   1.382   2.107   3.195   3.195   3.195   3.195 )
182.021: I:1 (   2.655   2.655   2.655 ) T:15 (   1.459   2.655   3.195   3.195   3.195   3.195 )
192.021: I:0 (   0.000   0.000   0.000 ) T:15 (   1.459   2.655   3.195   3.195   3.195   3.195 )
202.021: I:0 (   0.000   0.000   0.000 ) T:15 (   1.459   2.655   3.195   3.195   3.195   3.195 )
212.021: I:2 (   0.404   1.221   1.221 ) T:17 (   1.382   2.655   3.195   3.195   3.195   3.195 )
222.022: I:1 (   0.702   0.702   0.702 ) T:18 (   1.294   2.655   3.195   3.195   3.195   3.195 )
232.021: I:0 (   0.000   0.000   0.000 ) T:18 (   1.294   2.655   3.195   3.195   3.195   3.195 )
242.021: I:0 (   0.000   0.000   0.000 ) T:18 (   1.294   2.655   3.195   3.195   3.195   3.195 )
252.022: I:1 (   2.959   2.959   2.959 ) T:19 (   1.382   2.959   3.195   3.195   3.195   3.195 )
262.022: I:0 (   0.000   0.000   0.000 ) T:19 (   1.382   2.959   3.195   3.195   3.195   3.195 )
272.021: I:1 (   1.874   1.874   1.874 ) T:20 (   1.382   2.655   3.195   3.195   3.195   3.195 )
282.021: I:0 (   0.000   0.000   0.000 ) T:20 (   1.382   2.655   3.195   3.195   3.195   3.195 )
292.020: I:0 (   0.000   0.000   0.000 ) T:20 (   1.382   2.655   3.195   3.195   3.195   3.195 )
302.021: I:0 (   0.000   0.000   0.000 ) T:20 (   1.382   2.655   3.195   3.195   3.195   3.195 )
312.021: I:1 (   0.978   0.978   0.978 ) T:21 (   1.382   2.655   3.195   3.195   3.195   3.195 )
322.021: I:0 (   0.000   0.000   0.000 ) T:21 (   1.382   2.655   3.195   3.195   3.195   3.195 )
332.020: I:1 (   0.446   0.446   0.446 ) T:22 (   1.294   2.655   3.195   3.195   3.195   3.195 )
342.022: I:0 (   0.000   0.000   0.000 ) T:22 (   1.294   2.655   3.195   3.195   3.195   3.195 )
352.021: I:0 (   0.000   0.000   0.000 ) T:22 (   1.294   2.655   3.195   3.195   3.195   3.195 )
362.020: I:1 (   1.005   1.005   1.005 ) T:23 (   1.294   2.655   3.195   3.195   3.195   3.195 )
372.020: I:0 (   0.000   0.000   0.000 ) T:23 (   1.294   2.655   3.195   3.195   3.195   3.195 )
382.021: I:1 (   0.211   0.211   0.211 ) T:24 (   1.221   2.655   3.195   3.195   3.195   3.195 )
392.021: I:0 (   0.000   0.000   0.000 ) T:24 (   1.221   2.655   3.195   3.195   3.195   3.195 )
402.021: I:1 (   0.909   0.909   0.909 ) T:25 (   1.221   2.655   3.195   3.195   3.195   3.195 )
412.021: I:0 (   0.000   0.000   0.000 ) T:25 (   1.221   2.655   3.195   3.195   3.195   3.195 )
422.021: I:1 (   0.215   0.215   0.215 ) T:26 (   1.165   2.655   3.195   3.195   3.195   3.195 )
432.021: I:1 (   1.173   1.173   1.173 ) T:27 (   1.173   2.655   3.195   3.195   3.195   3.195 )
442.021: I:1 (   1.591   1.591   1.591 ) T:28 (   1.173   2.655   3.195   3.195   3.195   3.195 )
452.021: I:1 (   0.860   0.860   0.860 ) T:29 (   1.173   2.655   3.195   3.195   3.195   3.195 )
462.018: I:0 (   0.000   0.000   0.000 ) T:29 (   1.173   2.655   3.195   3.195   3.195   3.195 )
472.019: I:0 (   0.000   0.000   0.000 ) T:29 (   1.173   2.655   3.195   3.195   3.195   3.195 )
482.021: I:0 (   0.000   0.000   0.000 ) T:29 (   1.173   2.655   3.195   3.195   3.195   3.195 )
492.021: I:0 (   0.000   0.000   0.000 ) T:29 (   1.173   2.655   3.195   3.195   3.195   3.195 )
502.021: I:2 (   0.197   1.627   1.627 ) T:31 (   1.173   2.107   3.195   3.195   3.195   3.195 )
512.021: I:0 (   0.000   0.000   0.000 ) T:31 (   1.173   2.107   3.195   3.195   3.195   3.195 )
522.021: I:2 (   0.267   0.655   0.655 ) T:33 (   1.165   2.107   3.195   3.195   3.195   3.195 )
532.021: I:0 (   0.000   0.000   0.000 ) T:33 (   1.165   2.107   3.195   3.195   3.195   3.195 )
542.021: I:4 (   0.896   1.835   1.835 ) T:37 (   1.068   2.107   3.195   3.195   3.195   3.195 )
552.021: I:0 (   0.000   0.000   0.000 ) T:37 (   1.068   2.107   3.195   3.195   3.195   3.195 )
562.021: I:2 (   1.227   1.996   1.996 ) T:39 (   1.165   2.107   3.195   3.195   3.195   3.195 )
572.021: I:0 (   0.000   0.000   0.000 ) T:39 (   1.165   2.107   3.195   3.195   3.195   3.195 )
582.021: I:1 (   0.616   0.616   0.616 ) T:40 (   1.068   1.996   3.195   3.195   3.195   3.195 )
592.021: I:2 (   0.918   2.067   2.067 ) T:42 (   1.068   2.067   3.195   3.195   3.195   3.195 )
602.021: I:1 (   0.855   0.855   0.855 ) T:43 (   1.068   2.067   3.195   3.195   3.195   3.195 )
612.021: I:1 (   1.482   1.482   1.482 ) T:44 (   1.068   2.067   3.195   3.195   3.195   3.195 )
622.021: I:0 (   0.000   0.000   0.000 ) T:44 (   1.068   2.067   3.195   3.195   3.195   3.195 )
632.021: I:3 (   0.834   1.594   1.594 ) T:47 (   1.068   2.067   3.195   3.195   3.195   3.195 )
642.021: I:1 (   1.031   1.031   1.031 ) T:48 (   1.056   2.067   3.195   3.195   3.195   3.195 )
652.021: I:1 (   1.119   1.119   1.119 ) T:49 (   1.068   2.067   3.195   3.195   3.195   3.195 )
662.021: I:0 (   0.000   0.000   0.000 ) T:49 (   1.068   2.067   3.195   3.195   3.195   3.195 )
672.021: I:0 (   0.000   0.000   0.000 ) T:49 (   1.068   2.067   3.195   3.195   3.195   3.195 )
682.018: I:1 (   0.632   0.632   0.632 ) T:50 (   1.056   1.996   3.195   3.195   3.195   3.195 )
692.021: I:0 (   0.000   0.000   0.000 ) T:50 (   1.056   1.996   3.195   3.195   3.195   3.195 )
702.021: I:2 (   0.235   1.614   1.614 ) T:52 (   1.056   1.996   3.195   3.195   3.195   3.195 )
712.021: I:0 (   0.000   0.000   0.000 ) T:52 (   1.056   1.996   3.195   3.195   3.195   3.195 )
722.021: I:1 (   1.099   1.099   1.099 ) T:53 (   1.068   1.996   3.195   3.195   3.195   3.195 )
732.021: I:1 (   5.251   5.251   5.251 ) T:54 (   1.068   2.067   5.251   5.251   5.251   5.251 )
742.021: I:0 (   0.000   0.000   0.000 ) T:54 (   1.068   2.067   5.251   5.251   5.251   5.251 )
752.020: I:3 (   2.101   2.213   2.213 ) T:57 (   1.119   2.107   5.251   5.251   5.251   5.251 )
762.021: I:2 (   0.667   2.601   2.601 ) T:59 (   1.119   2.213   5.251   5.251   5.251   5.251 )
772.021: I:1 (   0.299   0.299   0.299 ) T:60 (   1.099   2.107   5.251   5.251   5.251   5.251 )
782.018: I:0 (   0.000   0.000   0.000 ) T:60 (   1.099   2.107   5.251   5.251   5.251   5.251 )
792.021: I:3 (   2.253   2.559   2.559 ) T:63 (   1.165   2.253   5.251   5.251   5.251   5.251 )
802.020: I:2 (   0.139   1.761   1.761 ) T:65 (   1.165   2.253   5.251   5.251   5.251   5.251 )
812.021: I:1 (   2.171   2.171   2.171 ) T:66 (   1.165   2.253   5.251   5.251   5.251   5.251 )
822.020: I:0 (   0.000   0.000   0.000 ) T:66 (   1.165   2.253   5.251   5.251   5.251   5.251 )
832.020: I:1 (   0.957   0.957   0.957 ) T:67 (   1.165   2.253   5.251   5.251   5.251   5.251 )
842.020: I:1 (   0.429   0.429   0.429 ) T:68 (   1.119   2.253   5.251   5.251   5.251   5.251 )
852.020: I:1 (   1.708   1.708   1.708 ) T:69 (   1.165   2.253   5.251   5.251   5.251   5.251 )
862.019: I:0 (   0.000   0.000   0.000 ) T:69 (   1.165   2.253   5.251   5.251   5.251   5.251 )
872.021: I:0 (   0.000   0.000   0.000 ) T:69 (   1.165   2.253   5.251   5.251   5.251   5.251 )
882.021: I:1 (   0.692   0.692   0.692 ) T:70 (   1.119   2.213   5.251   5.251   5.251   5.251 )
892.020: I:0 (   0.000   0.000   0.000 ) T:70 (   1.119   2.213   5.251   5.251   5.251   5.251 )
902.020: I:1 (   1.825   1.825   1.825 ) T:71 (   1.165   2.213   5.251   5.251   5.251   5.251 )
912.019: I:0 (   0.000   0.000   0.000 ) T:71 (   1.165   2.213   5.251   5.251   5.251   5.251 )
922.021: I:1 (   0.666   0.666   0.666 ) T:72 (   1.119   2.213   5.251   5.251   5.251   5.251 )
932.021: I:1 (   1.469   1.469   1.469 ) T:73 (   1.165   2.213   5.251   5.251   5.251   5.251 )
942.021: I:1 (   2.215   2.215   2.215 ) T:74 (   1.165   2.215   5.251   5.251   5.251   5.251 )
952.021: I:2 (   1.074   2.199   2.199 ) T:76 (   1.165   2.215   5.251   5.251   5.251   5.251 )
962.021: I:0 (   0.000   0.000   0.000 ) T:76 (   1.165   2.215   5.251   5.251   5.251   5.251 )
972.020: I:0 (   0.000   0.000   0.000 ) T:76 (   1.165   2.215   5.251   5.251   5.251   5.251 )
982.019: I:2 (   0.159   1.952   1.952 ) T:78 (   1.165   2.215   5.251   5.251   5.251   5.251 )
992.021: I:1 (   1.298   1.298   1.298 ) T:79 (   1.173   2.215   5.251   5.251   5.251   5.251 )
1002.020: I:0 (   0.000   0.000   0.000 ) T:79 (   1.173   2.215   5.251   5.251   5.251   5.251 )
1012.021: I:1 (   2.763   2.763   2.763 ) T:80 (   1.173   2.215   5.251   5.251   5.251   5.251 )
1022.018: I:2 (   1.310   1.352   1.352 ) T:82 (   1.221   2.215   5.251   5.251   5.251   5.251 )
1032.021: I:1 (   0.564   0.564   0.564 ) T:83 (   1.221   2.215   5.251   5.251   5.251   5.251 )
1042.018: I:3 (   1.837   3.415   3.415 ) T:86 (   1.221   2.253   5.251   5.251   5.251   5.251 )
1052.021: I:0 (   0.000   0.000   0.000 ) T:86 (   1.221   2.253   5.251   5.251   5.251   5.251 )
1062.020: I:2 (   1.774   1.852   1.852 ) T:88 (   1.227   2.253   5.251   5.251   5.251   5.251 )
1072.021: I:1 (   2.443   2.443   2.443 ) T:89 (   1.294   2.443   5.251   5.251   5.251   5.251 )
1082.018: I:0 (   0.000   0.000   0.000 ) T:89 (   1.294   2.443   5.251   5.251   5.251   5.251 )
1092.020: I:1 (   1.943   1.943   1.943 ) T:90 (   1.294   2.253   5.251   5.251   5.251   5.251 )
1102.020: I:0 (   0.000   0.000   0.000 ) T:90 (   1.294   2.253   5.251   5.251   5.251   5.251 )
1112.021: I:0 (   0.000   0.000   0.000 ) T:90 (   1.294   2.253   5.251   5.251   5.251   5.251 )
1122.020: I:0 (   0.000   0.000   0.000 ) T:90 (   1.294   2.253   5.251   5.251   5.251   5.251 )
1132.020: I:3 (   3.249   3.257   3.257 ) T:93 (   1.298   2.559   5.251   5.251   5.251   5.251 )
1142.020: I:0 (   0.000   0.000   0.000 ) T:93 (   1.298   2.559   5.251   5.251   5.251   5.251 )
1152.020: I:1 (   2.837   2.837   2.837 ) T:94 (   1.298   2.601   5.251   5.251   5.251   5.251 )
1162.020: I:0 (   0.000   0.000   0.000 ) T:94 (   1.298   2.601   5.251   5.251   5.251   5.251 )
1172.021: I:2 (   2.803   2.959   2.959 ) T:96 (   1.310   2.763   5.251   5.251   5.251   5.251 )
1182.021: I:0 (   0.000   0.000   0.000 ) T:96 (   1.310   2.763   5.251   5.251   5.251   5.251 )
1192.020: I:2 (   3.209   3.243   3.243 ) T:98 (   1.352   2.837   5.251   5.251   5.251   5.251 )
1202.021: I:5 (   2.487   2.865   2.865 ) T:103 (   1.459   2.837   3.415   5.251   5.251   5.251 )
1212.022: I:1 (   1.847   1.847   1.847 ) T:104 (   1.459   2.837   3.415   5.251   5.251   5.251 )
1222.021: I:1 (   1.132   1.132   1.132 ) T:105 (   1.459   2.837   3.415   5.251   5.251   5.251 )
1232.020: I:1 (   2.577   2.577   2.577 ) T:106 (   1.459   2.837   3.415   5.251   5.251   5.251 )
1242.021: I:0 (   0.000   0.000   0.000 ) T:106 (   1.459   2.837   3.415   5.251   5.251   5.251 )
1252.021: I:0 (   0.000   0.000   0.000 ) T:106 (   1.459   2.837   3.415   5.251   5.251   5.251 )
1262.022: I:0 (   0.000   0.000   0.000 ) T:106 (   1.459   2.837   3.415   5.251   5.251   5.251 )
1272.020: I:1 (   1.874   1.874   1.874 ) T:107 (   1.463   2.837   3.415   5.251   5.251   5.251 )
1282.020: I:1 (   0.532   0.532   0.532 ) T:108 (   1.459   2.837   3.415   5.251   5.251   5.251 )
1292.019: I:0 (   0.000   0.000   0.000 ) T:108 (   1.459   2.837   3.415   5.251   5.251   5.251 )
1302.021: I:0 (   0.000   0.000   0.000 ) T:108 (   1.459   2.837   3.415   5.251   5.251   5.251 )
1312.021: I:0 (   0.000   0.000   0.000 ) T:108 (   1.459   2.837   3.415   5.251   5.251   5.251 )
1322.021: I:3 (   1.695   2.995   2.995 ) T:111 (   1.463   2.837   3.415   5.251   5.251   5.251 )
1332.021: I:0 (   0.000   0.000   0.000 ) T:111 (   1.463   2.837   3.415   5.251   5.251   5.251 )
1342.018: I:0 (   0.000   0.000   0.000 ) T:111 (   1.463   2.837   3.415   5.251   5.251   5.251 )
1352.021: I:0 (   0.000   0.000   0.000 ) T:111 (   1.463   2.837   3.415   5.251   5.251   5.251 )
1362.021: I:0 (   0.000   0.000   0.000 ) T:111 (   1.463   2.837   3.415   5.251   5.251   5.251 )
1372.020: I:2 (   2.235   2.455   2.455 ) T:113 (   1.468   2.837   3.415   5.251   5.251   5.251 )
1382.020: I:0 (   0.000   0.000   0.000 ) T:113 (   1.468   2.837   3.415   5.251   5.251   5.251 )
1392.021: I:0 (   0.000   0.000   0.000 ) T:113 (   1.468   2.837   3.415   5.251   5.251   5.251 )
1402.021: I:2 (   1.150   1.450   1.450 ) T:115 (   1.463   2.837   3.415   5.251   5.251   5.251 )
1412.021: I:1 (   3.207   3.207   3.207 ) T:116 (   1.463   2.865   3.415   5.251   5.251   5.251 )
1422.021: I:1 (   0.853   0.853   0.853 ) T:117 (   1.463   2.865   3.415   5.251   5.251   5.251 )
1432.020: I:1 (   1.539   1.539   1.539 ) T:118 (   1.463   2.865   3.415   5.251   5.251   5.251 )
1442.021: I:1 (   1.570   1.570   1.570 ) T:119 (   1.468   2.865   3.415   5.251   5.251   5.251 )
1452.020: I:0 (   0.000   0.000   0.000 ) T:119 (   1.468   2.865   3.415   5.251   5.251   5.251 )
1462.019: I:1 (   2.026   2.026   2.026 ) T:120 (   1.468   2.837   3.415   5.251   5.251   5.251 )
1472.020: I:2 (   4.147   4.351   4.351 ) T:122 (   1.469   2.959   4.351   5.251   5.251   5.251 )
1482.021: I:0 (   0.000   0.000   0.000 ) T:122 (   1.469   2.959   4.351   5.251   5.251   5.251 )
1492.020: I:0 (   0.000   0.000   0.000 ) T:122 (   1.469   2.959   4.351   5.251   5.251   5.251 )
1502.021: I:1 (   0.738   0.738   0.738 ) T:123 (   1.469   2.959   4.351   5.251   5.251   5.251 )
1512.018: I:2 (   2.383   3.701   3.701 ) T:125 (   1.482   2.959   4.351   5.251   5.251   5.251 )
1522.021: I:2 (   0.774   1.217   1.217 ) T:127 (   1.469   2.959   4.351   5.251   5.251   5.251 )
1532.020: I:0 (   0.000   0.000   0.000 ) T:127 (   1.469   2.959   4.351   5.251   5.251   5.251 )
1542.021: I:0 (   0.000   0.000   0.000 ) T:127 (   1.469   2.959   4.351   5.251   5.251   5.251 )
1552.020: I:1 (   4.375   4.375   4.375 ) T:128 (   1.469   2.995   4.375   5.251   5.251   5.251 )
1562.019: I:0 (   0.000   0.000   0.000 ) T:128 (   1.469   2.995   4.375   5.251   5.251   5.251 )
1572.021: I:0 (   0.000   0.000   0.000 ) T:128 (   1.469   2.995   4.375   5.251   5.251   5.251 )
1582.018: I:1 (   2.775   2.775   2.775 ) T:129 (   1.482   2.995   4.375   5.251   5.251   5.251 )
1592.021: I:0 (   0.000   0.000   0.000 ) T:129 (   1.482   2.995   4.375   5.251   5.251   5.251 )
1602.021: I:0 (   0.000   0.000   0.000 ) T:129 (   1.482   2.995   4.375   5.251   5.251   5.251 )
1612.020: I:0 (   0.000   0.000   0.000 ) T:129 (   1.482   2.995   4.375   5.251   5.251   5.251 )
1622.021: I:2 (   1.000   4.027   4.027 ) T:131 (   1.482   2.995   4.375   5.251   5.251   5.251 )
1632.021: I:1 (   4.423   4.423   4.423 ) T:132 (   1.482   3.195   4.423   5.251   5.251   5.251 )
1642.021: I:0 (   0.000   0.000   0.000 ) T:132 (   1.482   3.195   4.423   5.251   5.251   5.251 )
1652.021: I:0 (   0.000   0.000   0.000 ) T:132 (   1.482   3.195   4.423   5.251   5.251   5.251 )
1662.020: I:0 (   0.000   0.000   0.000 ) T:132 (   1.482   3.195   4.423   5.251   5.251   5.251 )
1672.020: I:0 (   0.000   0.000   0.000 ) T:132 (   1.482   3.195   4.423   5.251   5.251   5.251 )
1682.020: I:3 (   1.770   3.719   3.719 ) T:135 (   1.539   3.207   4.423   5.251   5.251   5.251 )
1692.021: I:0 (   0.000   0.000   0.000 ) T:135 (   1.539   3.207   4.423   5.251   5.251   5.251 )
1702.021: I:1 (   1.352   1.352   1.352 ) T:136 (   1.482   3.207   4.423   5.251   5.251   5.251 )
1712.021: I:3 (   2.553   3.121   3.121 ) T:139 (   1.539   3.207   4.423   5.251   5.251   5.251 )
1722.020: I:1 (   1.771   1.771   1.771 ) T:140 (   1.539   3.195   4.423   5.251   5.251   5.251 )
1732.021: I:0 (   0.000   0.000   0.000 ) T:140 (   1.539   3.195   4.423   5.251   5.251   5.251 )
1742.020: I:1 (   1.883   1.883   1.883 ) T:141 (   1.570   3.195   4.423   5.251   5.251   5.251 )
1752.020: I:0 (   0.000   0.000   0.000 ) T:141 (   1.570   3.195   4.423   5.251   5.251   5.251 )
1762.020: I:0 (   0.000   0.000   0.000 ) T:141 (   1.570   3.195   4.423   5.251   5.251   5.251 )
1772.020: I:0 (   0.000   0.000   0.000 ) T:141 (   1.570   3.195   4.423   5.251   5.251   5.251 )
1782.020: I:0 (   0.000   0.000   0.000 ) T:141 (   1.570   3.195   4.423   5.251   5.251   5.251 )
1792.020: I:0 (   0.000   0.000   0.000 ) T:141 (   1.570   3.195   4.423   5.251   5.251   5.251 )
1802.021: I:0 (   0.000   0.000   0.000 ) T:141 (   1.570   3.195   4.423   5.251   5.251   5.251 )
1812.020: I:2 (   2.995   3.937   3.937 ) T:143 (   1.591   3.207   4.423   5.251   5.251   5.251 )
1822.021: I:1 (   3.875   3.875   3.875 ) T:144 (   1.591   3.209   4.423   5.251   5.251   5.251 )
1832.020: I:0 (   0.000   0.000   0.000 ) T:144 (   1.591   3.209   4.423   5.251   5.251   5.251 )
1842.023: I:1 (   1.093   1.093   1.093 ) T:145 (   1.591   3.209   4.423   5.251   5.251   5.251 )
1852.020: I:0 (   0.000   0.000   0.000 ) T:145 (   1.591   3.209   4.423   5.251   5.251   5.251 )
1862.021: I:1 (   3.731   3.731   3.731 ) T:146 (   1.591   3.243   4.423   5.251   5.251   5.251 )
1872.021: I:1 (   1.425   1.425   1.425 ) T:147 (   1.591   3.243   4.423   5.251   5.251   5.251 )
1882.020: I:2 (   0.242   2.865   2.865 ) T:149 (   1.591   3.243   4.423   5.251   5.251   5.251 )
1892.020: I:0 (   0.000   0.000   0.000 ) T:149 (   1.591   3.243   4.423   5.251   5.251   5.251 )
1902.020: I:0 (   0.000   0.000   0.000 ) T:149 (   1.591   3.243   4.423   5.251   5.251   5.251 )
1912.019: I:1 (   1.113   1.113   1.113 ) T:150 (   1.570   3.209   4.423   5.251   5.251   5.251 )
1922.021: I:0 (   0.000   0.000   0.000 ) T:150 (   1.570   3.209   4.423   5.251   5.251   5.251 )
1932.021: I:1 (   3.191   3.191   3.191 ) T:151 (   1.591   3.209   4.423   5.251   5.251   5.251 )
1942.020: I:0 (   0.000   0.000   0.000 ) T:151 (   1.591   3.209   4.423   5.251   5.251   5.251 )
1952.019: I:0 (   0.000   0.000   0.000 ) T:151 (   1.591   3.209   4.423   5.251   5.251   5.251 )
1962.020: I:2 (   1.269   3.435   3.435 ) T:153 (   1.591   3.243   4.423   5.251   5.251   5.251 )
1972.021: I:3 (   4.823   5.263   5.263 ) T:156 (   1.591   3.257   5.251   5.263   5.263   5.263 )
1982.020: I:1 (   5.155   5.155   5.155 ) T:157 (   1.594   3.415   5.251   5.263   5.263   5.263 )
1992.021: I:0 (   0.000   0.000   0.000 ) T:157 (   1.594   3.415   5.251   5.263   5.263   5.263 )
2002.021: I:1 (   5.379   5.379   5.379 ) T:158 (   1.594   3.435   5.263   5.379   5.379   5.379 )
2012.021: I:0 (   0.000   0.000   0.000 ) T:158 (   1.594   3.435   5.263   5.379   5.379   5.379 )
2022.021: I:2 (   5.639   8.663   8.663 ) T:160 (   1.614   3.701   5.639   8.663   8.663   8.663 )
2032.020: I:1 (   3.469   3.469   3.469 ) T:161 (   1.624   3.701   5.639   8.663   8.663   8.663 )
2042.020: I:0 (   0.000   0.000   0.000 ) T:161 (   1.624   3.701   5.639   8.663   8.663   8.663 )
2052.020: I:2 (   0.579   1.549   1.549 ) T:163 (   1.614   3.701   5.639   8.663   8.663   8.663 )
2062.021: I:1 (   0.748   0.748   0.748 ) T:164 (   1.594   3.701   5.639   8.663   8.663   8.663 )
2072.021: I:0 (   0.000   0.000   0.000 ) T:164 (   1.594   3.701   5.639   8.663   8.663   8.663 )
2082.020: I:0 (   0.000   0.000   0.000 ) T:164 (   1.594   3.701   5.639   8.663   8.663   8.663 )
2092.019: I:0 (   0.000   0.000   0.000 ) T:164 (   1.594   3.701   5.639   8.663   8.663   8.663 )
2102.021: I:0 (   0.000   0.000   0.000 ) T:164 (   1.594   3.701   5.639   8.663   8.663   8.663 )
2112.020: I:3 (   4.883   5.623   5.623 ) T:167 (   1.624   3.731   5.639   8.663   8.663   8.663 )
2122.021: I:0 (   0.000   0.000   0.000 ) T:167 (   1.624   3.731   5.639   8.663   8.663   8.663 )
2132.018: I:0 (   0.000   0.000   0.000 ) T:167 (   1.624   3.731   5.639   8.663   8.663   8.663 )
2142.019: I:1 (   1.471   1.471   1.471 ) T:168 (   1.614   3.731   5.639   8.663   8.663   8.663 )
2152.020: I:0 (   0.000   0.000   0.000 ) T:168 (   1.614   3.731   5.639   8.663   8.663   8.663 )
2162.024: I:0 (   0.000   0.000   0.000 ) T:168 (   1.614   3.731   5.639   8.663   8.663   8.663 )
2172.021: I:0 (   0.000   0.000   0.000 ) T:168 (   1.614   3.731   5.639   8.663   8.663   8.663 )
2182.021: I:1 (   2.271   2.271   2.271 ) T:169 (   1.624   3.731   5.639   8.663   8.663   8.663 )
2192.021: I:0 (   0.000   0.000   0.000 ) T:169 (   1.624   3.731   5.639   8.663   8.663   8.663 )
2202.021: I:1 (   2.303   2.303   2.303 ) T:170 (   1.624   3.719   5.639   8.663   8.663   8.663 )
2212.021: I:0 (   0.000   0.000   0.000 ) T:170 (   1.624   3.719   5.639   8.663   8.663   8.663 )
2222.021: I:0 (   0.000   0.000   0.000 ) T:170 (   1.624   3.719   5.639   8.663   8.663   8.663 )
2232.020: I:0 (   0.000   0.000   0.000 ) T:170 (   1.624   3.719   5.639   8.663   8.663   8.663 )
2242.019: I:1 (   5.515   5.515   5.515 ) T:171 (   1.627   3.731   5.639   8.663   8.663   8.663 )
2252.020: I:0 (   0.000   0.000   0.000 ) T:171 (   1.627   3.731   5.639   8.663   8.663   8.663 )
2262.020: I:1 (   4.031   4.031   4.031 ) T:172 (   1.627   3.875   5.639   8.663   8.663   8.663 )
2272.020: I:1 (   1.034   1.034   1.034 ) T:173 (   1.627   3.875   5.639   8.663   8.663   8.663 )
2282.019: I:2 (   0.240   3.029   3.029 ) T:175 (   1.627   3.875   5.639   8.663   8.663   8.663 )
2292.021: I:4 (   3.757   9.191   9.191 ) T:179 (   1.695   4.027   8.663   9.191   9.191   9.191 )
2302.020: I:2 (   4.875   6.327   6.327 ) T:181 (   1.708   4.031   8.663   9.191   9.191   9.191 )
2312.021: I:0 (   0.000   0.000   0.000 ) T:181 (   1.708   4.031   8.663   9.191   9.191   9.191 )
2322.020: I:1 (   6.223   6.223   6.223 ) T:182 (   1.708   4.147   8.663   9.191   9.191   9.191 )
2332.020: I:1 (   2.121   2.121   2.121 ) T:183 (   1.761   4.147   8.663   9.191   9.191   9.191 )
2342.021: I:2 (   2.343   4.077   4.077 ) T:185 (   1.770   4.147   8.663   9.191   9.191   9.191 )
2352.021: I:1 (   3.109   3.109   3.109 ) T:186 (   1.770   4.147   8.663   9.191   9.191   9.191 )
2362.020: I:1 (   5.727   5.727   5.727 ) T:187 (   1.771   4.351   8.663   9.191   9.191   9.191 )
2372.021: I:3 (   0.796   4.051   4.051 ) T:190 (   1.770   4.147   8.663   9.191   9.191   9.191 )
2382.020: I:1 (   1.447   1.447   1.447 ) T:191 (   1.770   4.147   8.663   9.191   9.191   9.191 )
2392.021: I:1 (   2.783   2.783   2.783 ) T:192 (   1.770   4.147   8.663   9.191   9.191   9.191 )
2402.021: I:3 (   0.840   4.687   4.687 ) T:195 (   1.770   4.351   8.663   9.191   9.191   9.191 )
2412.021: I:1 (   4.979   4.979   4.979 ) T:196 (   1.770   4.375   8.663   9.191   9.191   9.191 )
2422.020: I:0 (   0.000   0.000   0.000 ) T:196 (   1.770   4.375   8.663   9.191   9.191   9.191 )
2432.021: I:1 (   5.179   5.179   5.179 ) T:197 (   1.771   4.423   8.663   9.191   9.191   9.191 )
2442.021: I:0 (   0.000   0.000   0.000 ) T:197 (   1.771   4.423   8.663   9.191   9.191   9.191 )
2452.021: I:0 (   0.000   0.000   0.000 ) T:197 (   1.771   4.423   8.663   9.191   9.191   9.191 )
2462.020: I:3 (   4.599   4.647   4.647 ) T:200 (   1.774   4.543   6.327   9.191   9.191   9.191 )
2472.021: I:0 (   0.000   0.000   0.000 ) T:200 (   1.774   4.543   6.327   9.191   9.191   9.191 )
2482.021: I:0 (   0.000   0.000   0.000 ) T:200 (   1.774   4.543   6.327   9.191   9.191   9.191 )
2492.020: I:1 (   3.621   3.621   3.621 ) T:201 (   1.825   4.543   6.327   9.191   9.191   9.191 )
2502.020: I:1 (   5.119   5.119   5.119 ) T:202 (   1.825   4.599   6.327   9.191   9.191   9.191 )
2512.021: I:1 (   1.465   1.465   1.465 ) T:203 (   1.825   4.599   6.327   9.191   9.191   9.191 )
2522.021: I:2 (   4.851   5.595   5.595 ) T:205 (   1.835   4.687   6.327   9.191   9.191   9.191 )
2532.020: I:2 (   0.288   5.231   5.231 ) T:207 (   1.835   4.823   6.327   9.191   9.191   9.191 )
2542.021: I:2 (   1.052   2.171   2.171 ) T:209 (   1.835   4.823   6.327   9.191   9.191   9.191 )
2552.021: I:1 (   0.723   0.723   0.723 ) T:210 (   1.825   4.687   6.327   9.191   9.191   9.191 )
2562.021: I:2 (   0.529   0.585   0.585 ) T:212 (   1.774   4.687   6.327   9.191   9.191   9.191 )
2572.020: I:1 (   2.211   2.211   2.211 ) T:213 (   1.825   4.687   6.327   9.191   9.191   9.191 )
2582.019: I:0 (   0.000   0.000   0.000 ) T:213 (   1.825   4.687   6.327   9.191   9.191   9.191 )
2592.019: I:1 (   3.417   3.417   3.417 ) T:214 (   1.825   4.687   6.327   9.191   9.191   9.191 )
2602.021: I:1 (   3.941   3.941   3.941 ) T:215 (   1.835   4.687   6.327   9.191   9.191   9.191 )
2612.018: I:0 (   0.000   0.000   0.000 ) T:215 (   1.835   4.687   6.327   9.191   9.191   9.191 )
2622.021: I:1 (   1.047   1.047   1.047 ) T:216 (   1.825   4.687   6.327   9.191   9.191   9.191 )
2632.021: I:1 (   6.343   6.343   6.343 ) T:217 (   1.835   4.823   6.343   9.191   9.191   9.191 )
2642.020: I:0 (   0.000   0.000   0.000 ) T:217 (   1.835   4.823   6.343   9.191   9.191   9.191 )
2652.020: I:0 (   0.000   0.000   0.000 ) T:217 (   1.835   4.823   6.343   9.191   9.191   9.191 )
2662.021: I:1 (   1.374   1.374   1.374 ) T:218 (   1.825   4.823   6.343   9.191   9.191   9.191 )
2672.021: I:1 (   6.167   6.167   6.167 ) T:219 (   1.835   4.851   6.343   9.191   9.191   9.191 )
2682.021: I:1 (   4.503   4.503   4.503 ) T:220 (   1.835   4.823   6.343   9.191   9.191   9.191 )
2692.020: I:0 (   0.000   0.000   0.000 ) T:220 (   1.835   4.823   6.343   9.191   9.191   9.191 )
2702.020: I:0 (   0.000   0.000   0.000 ) T:220 (   1.835   4.823   6.343   9.191   9.191   9.191 )
2712.020: I:4 (   3.129   5.039   5.039 ) T:224 (   1.847   4.851   6.343   9.191   9.191   9.191 )
2722.021: I:1 (   5.463   5.463   5.463 ) T:225 (   1.852   4.875   6.343   9.191   9.191   9.191 )
2732.020: I:0 (   0.000   0.000   0.000 ) T:225 (   1.852   4.875   6.343   9.191   9.191   9.191 )
2742.021: I:1 (   5.351   5.351   5.351 ) T:226 (   1.852   4.883   6.343   9.191   9.191   9.191 )
2752.021: I:0 (   0.000   0.000   0.000 ) T:226 (   1.852   4.883   6.343   9.191   9.191   9.191 )
2762.020: I:1 (   7.747   7.747   7.747 ) T:227 (   1.874   4.979   7.747   9.191   9.191   9.191 )
2772.021: I:1 (   5.839   5.839   5.839 ) T:228 (   1.874   5.039   7.747   9.191   9.191   9.191 )
2782.020: I:1 (   0.842   0.842   0.842 ) T:229 (   1.874   5.039   7.747   9.191   9.191   9.191 )
2792.020: I:1 (   6.011   6.011   6.011 ) T:230 (   1.874   5.039   7.747   9.191   9.191   9.191 )
2802.021: I:4 (   1.871   5.883   5.883 ) T:234 (   1.874   5.119   7.747   9.191   9.191   9.191 )
2812.021: I:0 (   0.000   0.000   0.000 ) T:234 (   1.874   5.119   7.747   9.191   9.191   9.191 )
2822.021: I:0 (   0.000   0.000   0.000 ) T:234 (   1.874   5.119   7.747   9.191   9.191   9.191 )
2832.021: I:3 (   7.491   7.531   7.531 ) T:237 (   1.883   5.231   7.747   9.191   9.191   9.191 )
2835.885: I:0 (   0.000   0.000   0.000 ) T:237 (   1.883   5.231   7.747   9.191   9.191   9.191 )
2835.915: I:0 (   0.000   0.000   0.000 ) T:237 (   1.883   5.231   7.747   9.191   9.191   9.191 )
