#[Interval percentile log between 0.000 and <Infinite> seconds (relative to StartTime)]
#[StartTime: 1524602871.399 (seconds since epoch), Tue Apr 24 22:47:51 CEST 2018]
Time: IntervalPercentiles:count ( 50% 90% Max ) TotalPercentiles:count ( 50% 90% 99% 99.9% 99.99% Max )
10.010: I:1 (   0.000   0.000   0.000 ) T:1 (   0.000   0.000   0.000   0.000   0.000   0.000 )
20.125: I:1 (   0.053   0.053   0.053 ) T:2 (   0.000   0.053   0.053   0.053   0.053   0.053 )
29.997: I:1 (   0.017   0.017   0.017 ) T:3 (   0.017   0.053   0.053   0.053   0.053   0.053 )
39.987: I:1 (   0.011   0.011   0.011 ) T:4 (   0.011   0.053   0.053   0.053   0.053   0.053 )
49.986: I:1 (   0.015   0.015   0.015 ) T:5 (   0.015   0.053   0.053   0.053   0.053   0.053 )
59.989: I:1 (   0.016   0.016   0.016 ) T:6 (   0.015   0.053   0.053   0.053   0.053   0.053 )
69.992: I:1 (   0.019   0.019   0.019 ) T:7 (   0.016   0.053   0.053   0.053   0.053   0.053 )
79.989: I:1 (   0.016   0.016   0.016 ) T:8 (   0.016   0.053   0.053   0.053   0.053   0.053 )
89.985: I:1 (   0.024   0.024   0.024 ) T:9 (   0.016   0.053   0.053   0.053   0.053   0.053 )
99.988: I:1 (   0.026   0.026   0.026 ) T:10 (   0.016   0.026   0.053   0.053   0.053   0.053 )
109.991: I:1 (   0.021   0.021   0.021 ) T:11 (   0.017   0.026   0.053   0.053   0.053   0.053 )
119.987: I:1 (   0.034   0.034   0.034 ) T:12 (   0.017   0.034   0.053   0.053   0.053   0.053 )
129.990: I:1 (   0.042   0.042   0.042 ) T:13 (   0.019   0.042   0.053   0.053   0.053   0.053 )
139.987: I:1 (   0.038   0.038   0.038 ) T:14 (   0.019   0.042   0.053   0.053   0.053   0.053 )
149.991: I:1 (   0.040   0.040   0.040 ) T:15 (   0.021   0.042   0.053   0.053   0.053   0.053 )
159.990: I:1 (   0.037   0.037   0.037 ) T:16 (   0.021   0.042   0.053   0.053   0.053   0.053 )
169.986: I:1 (   0.045   0.045   0.045 ) T:17 (   0.024   0.045   0.053   0.053   0.053   0.053 )
179.990: I:1 (   0.043   0.043   0.043 ) T:18 (   0.024   0.045   0.053   0.053   0.053   0.053 )
189.990: I:1 (   0.054   0.054   0.054 ) T:19 (   0.026   0.053   0.054   0.054   0.054   0.054 )
199.990: I:1 (   0.035   0.035   0.035 ) T:20 (   0.026   0.045   0.054   0.054   0.054   0.054 )
209.987: I:1 (   0.036   0.036   0.036 ) T:21 (   0.034   0.045   0.054   0.054   0.054   0.054 )
219.992: I:1 (   0.041   0.041   0.041 ) T:22 (   0.034   0.045   0.054   0.054   0.054   0.054 )
229.990: I:1 (   0.029   0.029   0.029 ) T:23 (   0.034   0.045   0.054   0.054   0.054   0.054 )
239.989: I:1 (   0.040   0.040   0.040 ) T:24 (   0.034   0.045   0.054   0.054   0.054   0.054 )
249.990: I:1 (   0.038   0.038   0.038 ) T:25 (   0.035   0.045   0.054   0.054   0.054   0.054 )
259.992: I:1 (   0.079   0.079   0.079 ) T:26 (   0.035   0.053   0.079   0.079   0.079   0.079 )
269.992: I:1 (   0.039   0.039   0.039 ) T:27 (   0.036   0.053   0.079   0.079   0.079   0.079 )
279.991: I:1 (   0.030   0.030   0.030 ) T:28 (   0.035   0.053   0.079   0.079   0.079   0.079 )
289.990: I:1 (   0.027   0.027   0.027 ) T:29 (   0.035   0.053   0.079   0.079   0.079   0.079 )
299.992: I:1 (   0.019   0.019   0.019 ) T:30 (   0.034   0.045   0.079   0.079   0.079   0.079 )
309.990: I:1 (   0.023   0.023   0.023 ) T:31 (   0.034   0.045   0.079   0.079   0.079   0.079 )
319.992: I:1 (   0.030   0.030   0.030 ) T:32 (   0.030   0.045   0.079   0.079   0.079   0.079 )
329.990: I:1 (   0.028   0.028   0.028 ) T:33 (   0.030   0.045   0.079   0.079   0.079   0.079 )
339.989: I:1 (   0.035   0.035   0.035 ) T:34 (   0.030   0.045   0.079   0.079   0.079   0.079 )
349.990: I:1 (   0.026   0.026   0.026 ) T:35 (   0.030   0.045   0.079   0.079   0.079   0.079 )
359.989: I:1 (   0.040   0.040   0.040 ) T:36 (   0.030   0.045   0.079   0.079   0.079   0.079 )
369.990: I:1 (   0.026   0.026   0.026 ) T:37 (   0.030   0.045   0.079   0.079   0.079   0.079 )
379.990: I:1 (   0.021   0.021   0.021 ) T:38 (   0.030   0.045   0.079   0.079   0.079   0.079 )
389.989: I:1 (   0.028   0.028   0.028 ) T:39 (   0.030   0.045   0.079   0.079   0.079   0.079 )
399.990: I:1 (   0.028   0.028   0.028 ) T:40 (   0.029   0.043   0.079   0.079   0.079   0.079 )
409.989: I:1 (   0.037   0.037   0.037 ) T:41 (   0.030   0.043   0.079   0.079   0.079   0.079 )
419.991: I:1 (   0.041   0.041   0.041 ) T:42 (   0.030   0.043   0.079   0.079   0.079   0.079 )
429.990: I:1 (   0.038   0.038   0.038 ) T:43 (   0.030   0.043   0.079   0.079   0.079   0.079 )
440.004: I:1 (   0.026   0.026   0.026 ) T:44 (   0.030   0.043   0.079   0.079   0.079   0.079 )
449.987: I:1 (   0.040   0.040   0.040 ) T:45 (   0.030   0.043   0.079   0.079   0.079   0.079 )
459.987: I:1 (   0.024   0.024   0.024 ) T:46 (   0.030   0.043   0.079   0.079   0.079   0.079 )
469.988: I:1 (   0.033   0.033   0.033 ) T:47 (   0.030   0.043   0.079   0.079   0.079   0.079 )
479.988: I:1 (   0.035   0.035   0.035 ) T:48 (   0.030   0.043   0.079   0.079   0.079   0.079 )
489.988: I:1 (   0.026   0.026   0.026 ) T:49 (   0.030   0.043   0.079   0.079   0.079   0.079 )
499.989: I:1 (   0.039   0.039   0.039 ) T:50 (   0.030   0.042   0.079   0.079   0.079   0.079 )
509.991: I:1 (   0.025   0.025   0.025 ) T:51 (   0.030   0.042   0.079   0.079   0.079   0.079 )
519.988: I:1 (   0.111   0.111   0.111 ) T:52 (   0.030   0.043   0.111   0.111   0.111   0.111 )
529.985: I:1 (   0.031   0.031   0.031 ) T:53 (   0.031   0.043   0.111   0.111   0.111   0.111 )
539.987: I:1 (   0.019   0.019   0.019 ) T:54 (   0.030   0.043   0.111   0.111   0.111   0.111 )
549.987: I:1 (   0.024   0.024   0.024 ) T:55 (   0.030   0.043   0.111   0.111   0.111   0.111 )
559.989: I:1 (   0.031   0.031   0.031 ) T:56 (   0.030   0.043   0.111   0.111   0.111   0.111 )
569.988: I:1 (   0.028   0.028   0.028 ) T:57 (   0.030   0.043   0.111   0.111   0.111   0.111 )
579.993: I:1 (   0.045   0.045   0.045 ) T:58 (   0.030   0.045   0.111   0.111   0.111   0.111 )
589.990: I:1 (   0.035   0.035   0.035 ) T:59 (   0.031   0.045   0.111   0.111   0.111   0.111 )
599.990: I:1 (   0.042   0.042   0.042 ) T:60 (   0.031   0.043   0.111   0.111   0.111   0.111 )
609.987: I:1 (   0.032   0.032   0.032 ) T:61 (   0.031   0.043   0.111   0.111   0.111   0.111 )
619.987: I:1 (   0.032   0.032   0.032 ) T:62 (   0.031   0.043   0.111   0.111   0.111   0.111 )
629.990: I:1 (   0.042   0.042   0.042 ) T:63 (   0.032   0.043   0.111   0.111   0.111   0.111 )
639.987: I:1 (   0.023   0.023   0.023 ) T:64 (   0.031   0.043   0.111   0.111   0.111   0.111 )
649.991: I:1 (   0.027   0.027   0.027 ) T:65 (   0.031   0.043   0.111   0.111   0.111   0.111 )
659.989: I:1 (   0.031   0.031   0.031 ) T:66 (   0.031   0.043   0.111   0.111   0.111   0.111 )
669.988: I:1 (   0.037   0.037   0.037 ) T:67 (   0.031   0.043   0.111   0.111   0.111   0.111 )
679.993: I:1 (   0.041   0.041   0.041 ) T:68 (   0.031   0.043   0.111   0.111   0.111   0.111 )
689.990: I:1 (   0.041   0.041   0.041 ) T:69 (   0.032   0.043   0.111   0.111   0.111   0.111 )
699.991: I:1 (   0.042   0.042   0.042 ) T:70 (   0.032   0.042   0.111   0.111   0.111   0.111 )
709.990: I:1 (   0.043   0.043   0.043 ) T:71 (   0.032   0.043   0.111   0.111   0.111   0.111 )
719.990: I:1 (   0.037   0.037   0.037 ) T:72 (   0.032   0.043   0.111   0.111   0.111   0.111 )
729.990: I:1 (   0.033   0.033   0.033 ) T:73 (   0.033   0.043   0.111   0.111   0.111   0.111 )
739.990: I:1 (   0.034   0.034   0.034 ) T:74 (   0.033   0.043   0.111   0.111   0.111   0.111 )
749.990: I:1 (   0.046   0.046   0.046 ) T:75 (   0.033   0.043   0.111   0.111   0.111   0.111 )
759.990: I:1 (   0.036   0.036   0.036 ) T:76 (   0.033   0.043   0.111   0.111   0.111   0.111 )
769.990: I:1 (   0.075   0.075   0.075 ) T:77 (   0.034   0.045   0.111   0.111   0.111   0.111 )
779.990: I:1 (   0.036   0.036   0.036 ) T:78 (   0.034   0.045   0.111   0.111   0.111   0.111 )
789.991: I:1 (   0.030   0.030   0.030 ) T:79 (   0.034   0.045   0.111   0.111   0.111   0.111 )
799.991: I:1 (   0.049   0.049   0.049 ) T:80 (   0.034   0.045   0.111   0.111   0.111   0.111 )
809.988: I:1 (   0.022   0.022   0.022 ) T:81 (   0.034   0.045   0.111   0.111   0.111   0.111 )
819.989: I:1 (   0.027   0.027   0.027 ) T:82 (   0.033   0.045   0.111   0.111   0.111   0.111 )
829.990: I:1 (   0.034   0.034   0.034 ) T:83 (   0.034   0.045   0.111   0.111   0.111   0.111 )
839.992: I:1 (   0.034   0.034   0.034 ) T:84 (   0.034   0.045   0.111   0.111   0.111   0.111 )
849.989: I:1 (   0.047   0.047   0.047 ) T:85 (   0.034   0.045   0.111   0.111   0.111   0.111 )
859.991: I:1 (   0.048   0.048   0.048 ) T:86 (   0.034   0.046   0.111   0.111   0.111   0.111 )
869.990: I:1 (   0.042   0.042   0.042 ) T:87 (   0.034   0.046   0.111   0.111   0.111   0.111 )
879.990: I:1 (   0.036   0.036   0.036 ) T:88 (   0.034   0.046   0.111   0.111   0.111   0.111 )
889.990: I:1 (   0.042   0.042   0.042 ) T:89 (   0.034   0.046   0.111   0.111   0.111   0.111 )
899.990: I:1 (   0.045   0.045   0.045 ) T:90 (   0.034   0.045   0.111   0.111   0.111   0.111 )
909.990: I:1 (   0.045   0.045   0.045 ) T:91 (   0.035   0.045   0.111   0.111   0.111   0.111 )
919.990: I:1 (   0.073   0.073   0.073 ) T:92 (   0.035   0.046   0.111   0.111   0.111   0.111 )
929.990: I:1 (   0.032   0.032   0.032 ) T:93 (   0.035   0.046   0.111   0.111   0.111   0.111 )
939.988: I:1 (   0.049   0.049   0.049 ) T:94 (   0.035   0.047   0.111   0.111   0.111   0.111 )
949.991: I:1 (   0.035   0.035   0.035 ) T:95 (   0.035   0.047   0.111   0.111   0.111   0.111 )
959.990: I:1 (   0.037   0.037   0.037 ) T:96 (   0.035   0.047   0.111   0.111   0.111   0.111 )
969.990: I:1 (   0.045   0.045   0.045 ) T:97 (   0.035   0.047   0.111   0.111   0.111   0.111 )
979.990: I:1 (   0.042   0.042   0.042 ) T:98 (   0.035   0.047   0.111   0.111   0.111   0.111 )
989.991: I:1 (   0.050   0.050   0.050 ) T:99 (   0.035   0.048   0.111   0.111   0.111   0.111 )
999.986: I:1 (   0.050   0.050   0.050 ) T:100 (   0.035   0.048   0.079   0.111   0.111   0.111 )
1009.989: I:1 (   0.025   0.025   0.025 ) T:101 (   0.035   0.048   0.079   0.111   0.111   0.111 )
1019.993: I:1 (   0.031   0.031   0.031 ) T:102 (   0.035   0.048   0.079   0.111   0.111   0.111 )
1030.102: I:1 (   0.035   0.035   0.035 ) T:103 (   0.035   0.048   0.079   0.111   0.111   0.111 )
1039.990: I:1 (   0.031   0.031   0.031 ) T:104 (   0.035   0.048   0.079   0.111   0.111   0.111 )
1049.990: I:1 (   0.039   0.039   0.039 ) T:105 (   0.035   0.048   0.079   0.111   0.111   0.111 )
1059.993: I:1 (   0.075   0.075   0.075 ) T:106 (   0.035   0.049   0.079   0.111   0.111   0.111 )
1069.990: I:1 (   0.047   0.047   0.047 ) T:107 (   0.035   0.049   0.079   0.111   0.111   0.111 )
1079.990: I:1 (   0.046   0.046   0.046 ) T:108 (   0.035   0.049   0.079   0.111   0.111   0.111 )
1089.991: I:1 (   0.029   0.029   0.029 ) T:109 (   0.035   0.049   0.079   0.111   0.111   0.111 )
1099.991: I:1 (   0.040   0.040   0.040 ) T:110 (   0.035   0.048   0.079   0.111   0.111   0.111 )
1109.987: I:1 (   0.047   0.047   0.047 ) T:111 (   0.035   0.048   0.079   0.111   0.111   0.111 )
1119.990: I:1 (   0.026   0.026   0.026 ) T:112 (   0.035   0.048   0.079   0.111   0.111   0.111 )
1129.990: I:1 (   0.033   0.033   0.033 ) T:113 (   0.035   0.048   0.079   0.111   0.111   0.111 )
1139.991: I:1 (   0.028   0.028   0.028 ) T:114 (   0.035   0.048   0.079   0.111   0.111   0.111 )
1149.991: I:1 (   0.030   0.030   0.030 ) T:115 (   0.035   0.048   0.079   0.111   0.111   0.111 )
1159.990: I:1 (   0.034   0.034   0.034 ) T:116 (   0.035   0.048   0.079   0.111   0.111   0.111 )
1169.987: I:1 (   0.040   0.040   0.040 ) T:117 (   0.035   0.048   0.079   0.111   0.111   0.111 )
1179.990: I:1 (   0.049   0.049   0.049 ) T:118 (   0.035   0.049   0.079   0.111   0.111   0.111 )
1189.990: I:1 (   0.039   0.039   0.039 ) T:119 (   0.035   0.049   0.079   0.111   0.111   0.111 )
1199.990: I:1 (   0.078   0.078   0.078 ) T:120 (   0.035   0.049   0.079   0.111   0.111   0.111 )
1209.984: I:1 (   0.039   0.039   0.039 ) T:121 (   0.035   0.049   0.079   0.111   0.111   0.111 )
1219.994: I:1 (   0.043   0.043   0.043 ) T:122 (   0.035   0.049   0.079   0.111   0.111   0.111 )
1229.988: I:1 (   0.042   0.042   0.042 ) T:123 (   0.036   0.049   0.079   0.111   0.111   0.111 )
1239.990: I:1 (   0.047   0.047   0.047 ) T:124 (   0.036   0.049   0.079   0.111   0.111   0.111 )
1249.987: I:1 (   0.032   0.032   0.032 ) T:125 (   0.036   0.049   0.079   0.111   0.111   0.111 )
1259.988: I:1 (   0.036   0.036   0.036 ) T:126 (   0.036   0.049   0.079   0.111   0.111   0.111 )
1269.990: I:1 (   0.035   0.035   0.035 ) T:127 (   0.036   0.049   0.079   0.111   0.111   0.111 )
1279.987: I:1 (   0.055   0.055   0.055 ) T:128 (   0.036   0.049   0.079   0.111   0.111   0.111 )
1289.990: I:1 (   0.068   0.068   0.068 ) T:129 (   0.036   0.049   0.079   0.111   0.111   0.111 )
1299.990: I:1 (   0.036   0.036   0.036 ) T:130 (   0.036   0.049   0.079   0.111   0.111   0.111 )
1309.987: I:1 (   0.034   0.034   0.034 ) T:131 (   0.036   0.049   0.079   0.111   0.111   0.111 )
1319.990: I:1 (   0.028   0.028   0.028 ) T:132 (   0.036   0.049   0.079   0.111   0.111   0.111 )
1329.985: I:1 (   0.042   0.042   0.042 ) T:133 (   0.036   0.049   0.079   0.111   0.111   0.111 )
1339.989: I:1 (   0.037   0.037   0.037 ) T:134 (   0.036   0.049   0.079   0.111   0.111   0.111 )
1349.991: I:1 (   0.040   0.040   0.040 ) T:135 (   0.036   0.049   0.079   0.111   0.111   0.111 )
1359.990: I:1 (   0.027   0.027   0.027 ) T:136 (   0.036   0.049   0.079   0.111   0.111   0.111 )
1369.988: I:1 (   0.027   0.027   0.027 ) T:137 (   0.036   0.049   0.079   0.111   0.111   0.111 )
1379.987: I:1 (   0.030   0.030   0.030 ) T:138 (   0.036   0.049   0.079   0.111   0.111   0.111 )
1389.986: I:1 (   0.035   0.035   0.035 ) T:139 (   0.036   0.049   0.079   0.111   0.111   0.111 )
1399.988: I:1 (   0.032   0.032   0.032 ) T:140 (   0.035   0.049   0.079   0.111   0.111   0.111 )
1409.988: I:1 (   0.051   0.051   0.051 ) T:141 (   0.036   0.049   0.079   0.111   0.111   0.111 )
1419.989: I:1 (   0.039   0.039   0.039 ) T:142 (   0.036   0.049   0.079   0.111   0.111   0.111 )
1429.988: I:1 (   0.035   0.035   0.035 ) T:143 (   0.036   0.049   0.079   0.111   0.111   0.111 )
1439.985: I:1 (   0.038   0.038   0.038 ) T:144 (   0.036   0.049   0.079   0.111   0.111   0.111 )
1449.987: I:1 (   0.080   0.080   0.080 ) T:145 (   0.036   0.049   0.080   0.111   0.111   0.111 )
1459.992: I:1 (   0.036   0.036   0.036 ) T:146 (   0.036   0.049   0.080   0.111   0.111   0.111 )
1469.991: I:1 (   0.034   0.034   0.034 ) T:147 (   0.036   0.049   0.080   0.111   0.111   0.111 )
1479.988: I:1 (   0.045   0.045   0.045 ) T:148 (   0.036   0.049   0.080   0.111   0.111   0.111 )
1489.990: I:1 (   0.040   0.040   0.040 ) T:149 (   0.036   0.049   0.080   0.111   0.111   0.111 )
1499.992: I:1 (   0.046   0.046   0.046 ) T:150 (   0.036   0.049   0.080   0.111   0.111   0.111 )
1509.990: I:1 (   0.033   0.033   0.033 ) T:151 (   0.036   0.049   0.080   0.111   0.111   0.111 )
1519.993: I:1 (   0.021   0.021   0.021 ) T:152 (   0.036   0.049   0.080   0.111   0.111   0.111 )
1529.990: I:1 (   0.025   0.025   0.025 ) T:153 (   0.036   0.049   0.080   0.111   0.111   0.111 )
1539.988: I:1 (   0.038   0.038   0.038 ) T:154 (   0.036   0.049   0.080   0.111   0.111   0.111 )
1549.991: I:1 (   0.039   0.039   0.039 ) T:155 (   0.036   0.049   0.080   0.111   0.111   0.111 )
1559.991: I:1 (   0.038   0.038   0.038 ) T:156 (   0.036   0.049   0.080   0.111   0.111   0.111 )
1569.991: I:1 (   0.041   0.041   0.041 ) T:157 (   0.036   0.049   0.080   0.111   0.111   0.111 )
1579.990: I:1 (   0.030   0.030   0.030 ) T:158 (   0.036   0.049   0.080   0.111   0.111   0.111 )
1589.991: I:1 (   0.034   0.034   0.034 ) T:159 (   0.036   0.049   0.080   0.111   0.111   0.111 )
1599.991: I:1 (   0.060   0.060   0.060 ) T:160 (   0.036   0.049   0.080   0.111   0.111   0.111 )
1609.990: I:1 (   0.022   0.022   0.022 ) T:161 (   0.036   0.049   0.080   0.111   0.111   0.111 )
1619.990: I:1 (   0.027   0.027   0.027 ) T:162 (   0.036   0.049   0.080   0.111   0.111   0.111 )
1629.990: I:1 (   0.025   0.025   0.025 ) T:163 (   0.036   0.049   0.080   0.111   0.111   0.111 )
1639.991: I:1 (   0.029   0.029   0.029 ) T:164 (   0.036   0.049   0.080   0.111   0.111   0.111 )
1649.991: I:1 (   0.035   0.035   0.035 ) T:165 (   0.036   0.049   0.080   0.111   0.111   0.111 )
1659.990: I:1 (   0.038   0.038   0.038 ) T:166 (   0.036   0.049   0.080   0.111   0.111   0.111 )
1669.988: I:1 (   0.046   0.046   0.046 ) T:167 (   0.036   0.049   0.080   0.111   0.111   0.111 )
1679.991: I:1 (   0.053   0.053   0.053 ) T:168 (   0.036   0.049   0.080   0.111   0.111   0.111 )
1690.036: I:1 (   0.030   0.030   0.030 ) T:169 (   0.036   0.049   0.080   0.111   0.111   0.111 )
1699.988: I:1 (   0.030   0.030   0.030 ) T:170 (   0.036   0.049   0.080   0.111   0.111   0.111 )
1709.990: I:1 (   0.029   0.029   0.029 ) T:171 (   0.036   0.049   0.080   0.111   0.111   0.111 )
1719.989: I:1 (   0.044   0.044   0.044 ) T:172 (   0.036   0.049   0.080   0.111   0.111   0.111 )
1729.988: I:1 (   0.028   0.028   0.028 ) T:173 (   0.036   0.049   0.080   0.111   0.111   0.111 )
1739.984: I:1 (   0.042   0.042   0.042 ) T:174 (   0.036   0.049   0.080   0.111   0.111   0.111 )
1749.987: I:1 (   0.041   0.041   0.041 ) T:175 (   0.036   0.049   0.080   0.111   0.111   0.111 )
1759.986: I:1 (   0.030   0.030   0.030 ) T:176 (   0.036   0.049   0.080   0.111   0.111   0.111 )
1769.988: I:1 (   0.030   0.030   0.030 ) T:177 (   0.036   0.049   0.080   0.111   0.111   0.111 )
1779.988: I:1 (   0.070   0.070   0.070 ) T:178 (   0.036   0.049   0.080   0.111   0.111   0.111 )
1789.990: I:1 (   0.039   0.039   0.039 ) T:179 (   0.036   0.049   0.080   0.111   0.111   0.111 )
1799.989: I:1 (   0.042   0.042   0.042 ) T:180 (   0.036   0.049   0.080   0.111   0.111   0.111 )
1809.989: I:1 (   0.028   0.028   0.028 ) T:181 (   0.036   0.049   0.080   0.111   0.111   0.111 )
1819.986: I:1 (   0.023   0.023   0.023 ) T:182 (   0.036   0.049   0.080   0.111   0.111   0.111 )
1829.989: I:1 (   0.021   0.021   0.021 ) T:183 (   0.036   0.049   0.080   0.111   0.111   0.111 )
1839.991: I:1 (   0.028   0.028   0.028 ) T:184 (   0.035   0.049   0.080   0.111   0.111   0.111 )
1849.988: I:1 (   0.033   0.033   0.033 ) T:185 (   0.035   0.049   0.080   0.111   0.111   0.111 )
1859.988: I:1 (   0.031   0.031   0.031 ) T:186 (   0.035   0.049   0.080   0.111   0.111   0.111 )
1869.990: I:1 (   0.034   0.034   0.034 ) T:187 (   0.035   0.049   0.080   0.111   0.111   0.111 )
1879.990: I:1 (   0.045   0.045   0.045 ) T:188 (   0.035   0.049   0.080   0.111   0.111   0.111 )
1889.987: I:1 (   0.028   0.028   0.028 ) T:189 (   0.035   0.049   0.080   0.111   0.111   0.111 )
1899.990: I:1 (   0.061   0.061   0.061 ) T:190 (   0.035   0.049   0.080   0.111   0.111   0.111 )
1909.987: I:1 (   0.026   0.026   0.026 ) T:191 (   0.035   0.049   0.080   0.111   0.111   0.111 )
1919.987: I:1 (   0.025   0.025   0.025 ) T:192 (   0.035   0.049   0.080   0.111   0.111   0.111 )
1929.990: I:1 (   0.033   0.033   0.033 ) T:193 (   0.035   0.049   0.080   0.111   0.111   0.111 )
1939.987: I:1 (   0.053   0.053   0.053 ) T:194 (   0.035   0.049   0.080   0.111   0.111   0.111 )
1949.988: I:1 (   0.031   0.031   0.031 ) T:195 (   0.035   0.049   0.080   0.111   0.111   0.111 )
1959.992: I:1 (   0.028   0.028   0.028 ) T:196 (   0.035   0.049   0.080   0.111   0.111   0.111 )
1969.990: I:1 (   0.038   0.038   0.038 ) T:197 (   0.035   0.049   0.080   0.111   0.111   0.111 )
1979.990: I:1 (   0.028   0.028   0.028 ) T:198 (   0.035   0.049   0.080   0.111   0.111   0.111 )
1989.987: I:1 (   0.039   0.039   0.039 ) T:199 (   0.035   0.049   0.080   0.111   0.111   0.111 )
1999.993: I:1 (   0.030   0.030   0.030 ) T:200 (   0.035   0.049   0.079   0.111   0.111   0.111 )
2009.989: I:1 (   0.035   0.035   0.035 ) T:201 (   0.035   0.049   0.079   0.111   0.111   0.111 )
2019.992: I:1 (   0.037   0.037   0.037 ) T:202 (   0.035   0.049   0.079   0.111   0.111   0.111 )
2029.991: I:1 (   0.073   0.073   0.073 ) T:203 (   0.035   0.049   0.079   0.111   0.111   0.111 )
2039.991: I:1 (   0.031   0.031   0.031 ) T:204 (   0.035   0.049   0.079   0.111   0.111   0.111 )
2049.991: I:1 (   0.026   0.026   0.026 ) T:205 (   0.035   0.049   0.079   0.111   0.111   0.111 )
2059.987: I:1 (   0.030   0.030   0.030 ) T:206 (   0.035   0.049   0.079   0.111   0.111   0.111 )
2069.990: I:1 (   0.029   0.029   0.029 ) T:207 (   0.035   0.049   0.079   0.111   0.111   0.111 )
2079.990: I:1 (   0.030   0.030   0.030 ) T:208 (   0.035   0.049   0.079   0.111   0.111   0.111 )
2089.988: I:1 (   0.031   0.031   0.031 ) T:209 (   0.035   0.049   0.079   0.111   0.111   0.111 )
2099.991: I:1 (   0.027   0.027   0.027 ) T:210 (   0.035   0.049   0.079   0.111   0.111   0.111 )
2109.991: I:1 (   0.041   0.041   0.041 ) T:211 (   0.035   0.049   0.079   0.111   0.111   0.111 )
2119.993: I:1 (   0.049   0.049   0.049 ) T:212 (   0.035   0.049   0.079   0.111   0.111   0.111 )
2129.989: I:1 (   0.049   0.049   0.049 ) T:213 (   0.035   0.049   0.079   0.111   0.111   0.111 )
2139.988: I:1 (   0.041   0.041   0.041 ) T:214 (   0.035   0.049   0.079   0.111   0.111   0.111 )
2149.987: I:1 (   0.027   0.027   0.027 ) T:215 (   0.035   0.049   0.079   0.111   0.111   0.111 )
2159.990: I:1 (   0.057   0.057   0.057 ) T:216 (   0.035   0.049   0.079   0.111   0.111   0.111 )
2169.987: I:1 (   0.034   0.034   0.034 ) T:217 (   0.035   0.049   0.079   0.111   0.111   0.111 )
2179.985: I:1 (   0.036   0.036   0.036 ) T:218 (   0.035   0.049   0.079   0.111   0.111   0.111 )
2189.986: I:1 (   0.038   0.038   0.038 ) T:219 (   0.035   0.049   0.079   0.111   0.111   0.111 )
2199.989: I:1 (   0.026   0.026   0.026 ) T:220 (   0.035   0.049   0.079   0.111   0.111   0.111 )
2209.991: I:1 (   0.035   0.035   0.035 ) T:221 (   0.035   0.049   0.079   0.111   0.111   0.111 )
2219.988: I:1 (   0.022   0.022   0.022 ) T:222 (   0.035   0.049   0.079   0.111   0.111   0.111 )
2229.990: I:1 (   0.040   0.040   0.040 ) T:223 (   0.035   0.049   0.079   0.111   0.111   0.111 )
2239.990: I:1 (   0.040   0.040   0.040 ) T:224 (   0.035   0.049   0.079   0.111   0.111   0.111 )
2249.990: I:1 (   0.048   0.048   0.048 ) T:225 (   0.035   0.049   0.079   0.111   0.111   0.111 )
2259.989: I:1 (   0.037   0.037   0.037 ) T:226 (   0.035   0.049   0.079   0.111   0.111   0.111 )
2269.984: I:1 (   0.029   0.029   0.029 ) T:227 (   0.035   0.049   0.079   0.111   0.111   0.111 )
2279.990: I:1 (   0.028   0.028   0.028 ) T:228 (   0.035   0.049   0.079   0.111   0.111   0.111 )
2289.990: I:1 (   0.063   0.063   0.063 ) T:229 (   0.035   0.049   0.079   0.111   0.111   0.111 )
2299.987: I:1 (   0.039   0.039   0.039 ) T:230 (   0.035   0.049   0.079   0.111   0.111   0.111 )
2310.004: I:1 (   0.033   0.033   0.033 ) T:231 (   0.035   0.049   0.079   0.111   0.111   0.111 )
2319.986: I:1 (   0.040   0.040   0.040 ) T:232 (   0.035   0.049   0.079   0.111   0.111   0.111 )
2329.987: I:1 (   0.031   0.031   0.031 ) T:233 (   0.035   0.049   0.079   0.111   0.111   0.111 )
2339.990: I:1 (   0.025   0.025   0.025 ) T:234 (   0.035   0.049   0.079   0.111   0.111   0.111 )
2349.990: I:1 (   0.039   0.039   0.039 ) T:235 (   0.035   0.049   0.079   0.111   0.111   0.111 )
2359.985: I:1 (   0.044   0.044   0.044 ) T:236 (   0.035   0.049   0.079   0.111   0.111   0.111 )
2369.988: I:1 (   0.043   0.043   0.043 ) T:237 (   0.035   0.049   0.079   0.111   0.111   0.111 )
2379.987: I:1 (   0.032   0.032   0.032 ) T:238 (   0.035   0.049   0.079   0.111   0.111   0.111 )
2389.987: I:1 (   0.045   0.045   0.045 ) T:239 (   0.035   0.049   0.079   0.111   0.111   0.111 )
2399.987: I:1 (   0.032   0.032   0.032 ) T:240 (   0.035   0.049   0.079   0.111   0.111   0.111 )
2409.987: I:1 (   0.058   0.058   0.058 ) T:241 (   0.035   0.049   0.079   0.111   0.111   0.111 )
2419.987: I:1 (   0.023   0.023   0.023 ) T:242 (   0.035   0.049   0.079   0.111   0.111   0.111 )
2429.986: I:1 (   0.032   0.032   0.032 ) T:243 (   0.035   0.049   0.079   0.111   0.111   0.111 )
2439.988: I:1 (   0.031   0.031   0.031 ) T:244 (   0.035   0.049   0.079   0.111   0.111   0.111 )
2449.990: I:1 (   0.038   0.038   0.038 ) T:245 (   0.035   0.049   0.079   0.111   0.111   0.111 )
2459.990: I:1 (   0.026   0.026   0.026 ) T:246 (   0.035   0.049   0.079   0.111   0.111   0.111 )
2469.990: I:1 (   0.041   0.041   0.041 ) T:247 (   0.035   0.049   0.079   0.111   0.111   0.111 )
2479.990: I:1 (   0.034   0.034   0.034 ) T:248 (   0.035   0.049   0.079   0.111   0.111   0.111 )
2489.990: I:1 (   0.034   0.034   0.034 ) T:249 (   0.035   0.049   0.079   0.111   0.111   0.111 )
2499.988: I:1 (   0.035   0.035   0.035 ) T:250 (   0.035   0.049   0.079   0.111   0.111   0.111 )
2509.985: I:1 (   0.065   0.065   0.065 ) T:251 (   0.035   0.049   0.079   0.111   0.111   0.111 )
2519.990: I:1 (   0.027   0.027   0.027 ) T:252 (   0.035   0.049   0.079   0.111   0.111   0.111 )
2529.987: I:1 (   0.028   0.028   0.028 ) T:253 (   0.035   0.049   0.079   0.111   0.111   0.111 )
2539.990: I:1 (   0.030   0.030   0.030 ) T:254 (   0.035   0.049   0.079   0.111   0.111   0.111 )
2549.987: I:1 (   0.030   0.030   0.030 ) T:255 (   0.035   0.049   0.079   0.111   0.111   0.111 )
2559.990: I:1 (   0.033   0.033   0.033 ) T:256 (   0.035   0.049   0.079   0.111   0.111   0.111 )
2569.990: I:1 (   0.046   0.046   0.046 ) T:257 (   0.035   0.049   0.079   0.111   0.111   0.111 )
2579.990: I:1 (   0.035   0.035   0.035 ) T:258 (   0.035   0.049   0.079   0.111   0.111   0.111 )
2589.990: I:1 (   0.040   0.040   0.040 ) T:259 (   0.035   0.049   0.079   0.111   0.111   0.111 )
2599.990: I:1 (   0.028   0.028   0.028 ) T:260 (   0.035   0.049   0.079   0.111   0.111   0.111 )
2609.992: I:1 (   0.036   0.036   0.036 ) T:261 (   0.035   0.049   0.079   0.111   0.111   0.111 )
2619.992: I:1 (   0.035   0.035   0.035 ) T:262 (   0.035   0.049   0.079   0.111   0.111   0.111 )
2629.990: I:1 (   0.037   0.037   0.037 ) T:263 (   0.035   0.049   0.079   0.111   0.111   0.111 )
2639.990: I:1 (   0.027   0.027   0.027 ) T:264 (   0.035   0.049   0.079   0.111   0.111   0.111 )
2649.990: I:1 (   0.036   0.036   0.036 ) T:265 (   0.035   0.049   0.079   0.111   0.111   0.111 )
2659.990: I:1 (   0.080   0.080   0.080 ) T:266 (   0.035   0.049   0.080   0.111   0.111   0.111 )
2669.988: I:1 (   0.036   0.036   0.036 ) T:267 (   0.035   0.049   0.080   0.111   0.111   0.111 )
2679.990: I:1 (   0.039   0.039   0.039 ) T:268 (   0.035   0.049   0.080   0.111   0.111   0.111 )
2689.990: I:1 (   0.044   0.044   0.044 ) T:269 (   0.035   0.049   0.080   0.111   0.111   0.111 )
2699.989: I:1 (   0.034   0.034   0.034 ) T:270 (   0.035   0.049   0.080   0.111   0.111   0.111 )
2709.988: I:1 (   0.036   0.036   0.036 ) T:271 (   0.035   0.049   0.080   0.111   0.111   0.111 )
2720.031: I:1 (   0.040   0.040   0.040 ) T:272 (   0.035   0.049   0.080   0.111   0.111   0.111 )
2729.990: I:1 (   0.036   0.036   0.036 ) T:273 (   0.035   0.049   0.080   0.111   0.111   0.111 )
2739.989: I:1 (   0.047   0.047   0.047 ) T:274 (   0.035   0.049   0.080   0.111   0.111   0.111 )
2749.988: I:1 (   0.040   0.040   0.040 ) T:275 (   0.035   0.049   0.080   0.111   0.111   0.111 )
2759.990: I:1 (   0.038   0.038   0.038 ) T:276 (   0.035   0.049   0.080   0.111   0.111   0.111 )
2769.990: I:1 (   0.021   0.021   0.021 ) T:277 (   0.035   0.049   0.080   0.111   0.111   0.111 )
2779.987: I:1 (   0.032   0.032   0.032 ) T:278 (   0.035   0.049   0.080   0.111   0.111   0.111 )
2789.990: I:1 (   0.060   0.060   0.060 ) T:279 (   0.035   0.049   0.080   0.111   0.111   0.111 )
2799.987: I:1 (   0.034   0.034   0.034 ) T:280 (   0.035   0.049   0.080   0.111   0.111   0.111 )
2809.986: I:1 (   0.023   0.023   0.023 ) T:281 (   0.035   0.049   0.080   0.111   0.111   0.111 )
2819.988: I:1 (   0.027   0.027   0.027 ) T:282 (   0.035   0.049   0.080   0.111   0.111   0.111 )
2829.988: I:1 (   0.032   0.032   0.032 ) T:283 (   0.035   0.049   0.080   0.111   0.111   0.111 )
2839.990: I:1 (   0.037   0.037   0.037 ) T:284 (   0.035   0.049   0.080   0.111   0.111   0.111 )
2849.989: I:1 (   0.039   0.039   0.039 ) T:285 (   0.035   0.049   0.080   0.111   0.111   0.111 )
2859.987: I:1 (   0.055   0.055   0.055 ) T:286 (   0.035   0.049   0.080   0.111   0.111   0.111 )
2869.987: I:1 (   0.060   0.060   0.060 ) T:287 (   0.035   0.049   0.080   0.111   0.111   0.111 )
2879.990: I:1 (   0.037   0.037   0.037 ) T:288 (   0.035   0.049   0.080   0.111   0.111   0.111 )
2889.990: I:1 (   0.077   0.077   0.077 ) T:289 (   0.035   0.050   0.080   0.111   0.111   0.111 )
2899.990: I:1 (   0.041   0.041   0.041 ) T:290 (   0.035   0.049   0.080   0.111   0.111   0.111 )
2909.990: I:1 (   0.044   0.044   0.044 ) T:291 (   0.035   0.049   0.080   0.111   0.111   0.111 )
2919.988: I:1 (   0.036   0.036   0.036 ) T:292 (   0.035   0.049   0.080   0.111   0.111   0.111 )
2929.990: I:1 (   0.034   0.034   0.034 ) T:293 (   0.035   0.049   0.080   0.111   0.111   0.111 )
2939.990: I:1 (   0.036   0.036   0.036 ) T:294 (   0.035   0.049   0.080   0.111   0.111   0.111 )
2949.990: I:1 (   0.038   0.038   0.038 ) T:295 (   0.036   0.049   0.080   0.111   0.111   0.111 )
2959.987: I:1 (   0.049   0.049   0.049 ) T:296 (   0.036   0.049   0.080   0.111   0.111   0.111 )
2969.990: I:1 (   0.075   0.075   0.075 ) T:297 (   0.036   0.050   0.080   0.111   0.111   0.111 )
2979.990: I:1 (   0.034   0.034   0.034 ) T:298 (   0.036   0.050   0.080   0.111   0.111   0.111 )
2989.990: I:1 (   0.028   0.028   0.028 ) T:299 (   0.036   0.050   0.080   0.111   0.111   0.111 )
2999.990: I:1 (   0.040   0.040   0.040 ) T:300 (   0.036   0.049   0.079   0.111   0.111   0.111 )
3009.990: I:1 (   0.028   0.028   0.028 ) T:301 (   0.036   0.049   0.079   0.111   0.111   0.111 )
3019.990: I:1 (   0.044   0.044   0.044 ) T:302 (   0.036   0.049   0.079   0.111   0.111   0.111 )
3029.990: I:1 (   0.049   0.049   0.049 ) T:303 (   0.036   0.049   0.079   0.111   0.111   0.111 )
3039.990: I:1 (   0.033   0.033   0.033 ) T:304 (   0.036   0.049   0.079   0.111   0.111   0.111 )
3049.990: I:1 (   0.028   0.028   0.028 ) T:305 (   0.036   0.049   0.079   0.111   0.111   0.111 )
3059.988: I:1 (   0.044   0.044   0.044 ) T:306 (   0.036   0.049   0.079   0.111   0.111   0.111 )
3069.991: I:1 (   0.066   0.066   0.066 ) T:307 (   0.036   0.050   0.079   0.111   0.111   0.111 )
3079.988: I:1 (   0.032   0.032   0.032 ) T:308 (   0.036   0.050   0.079   0.111   0.111   0.111 )
3089.985: I:1 (   0.041   0.041   0.041 ) T:309 (   0.036   0.050   0.079   0.111   0.111   0.111 )
3099.990: I:1 (   0.042   0.042   0.042 ) T:310 (   0.036   0.049   0.079   0.111   0.111   0.111 )
3109.988: I:1 (   0.040   0.040   0.040 ) T:311 (   0.036   0.049   0.079   0.111   0.111   0.111 )
3119.991: I:1 (   0.050   0.050   0.050 ) T:312 (   0.036   0.050   0.079   0.111   0.111   0.111 )
3129.991: I:1 (   0.044   0.044   0.044 ) T:313 (   0.036   0.050   0.079   0.111   0.111   0.111 )
3139.989: I:1 (   0.046   0.046   0.046 ) T:314 (   0.036   0.050   0.079   0.111   0.111   0.111 )
3149.988: I:1 (   0.075   0.075   0.075 ) T:315 (   0.036   0.050   0.079   0.111   0.111   0.111 )
3159.988: I:1 (   0.035   0.035   0.035 ) T:316 (   0.036   0.050   0.079   0.111   0.111   0.111 )
3169.990: I:1 (   0.038   0.038   0.038 ) T:317 (   0.036   0.050   0.079   0.111   0.111   0.111 )
3179.989: I:1 (   0.033   0.033   0.033 ) T:318 (   0.036   0.050   0.079   0.111   0.111   0.111 )
3189.989: I:1 (   0.034   0.034   0.034 ) T:319 (   0.036   0.050   0.079   0.111   0.111   0.111 )
3199.989: I:1 (   0.034   0.034   0.034 ) T:320 (   0.036   0.050   0.079   0.111   0.111   0.111 )
3209.989: I:1 (   0.023   0.023   0.023 ) T:321 (   0.036   0.050   0.079   0.111   0.111   0.111 )
3219.991: I:1 (   0.031   0.031   0.031 ) T:322 (   0.036   0.050   0.079   0.111   0.111   0.111 )
3229.990: I:1 (   0.084   0.084   0.084 ) T:323 (   0.036   0.050   0.080   0.111   0.111   0.111 )
3239.990: I:1 (   0.037   0.037   0.037 ) T:324 (   0.036   0.050   0.080   0.111   0.111   0.111 )
3249.990: I:1 (   0.057   0.057   0.057 ) T:325 (   0.036   0.050   0.080   0.111   0.111   0.111 )
3259.985: I:1 (   0.049   0.049   0.049 ) T:326 (   0.036   0.050   0.080   0.111   0.111   0.111 )
3269.992: I:1 (   0.030   0.030   0.030 ) T:327 (   0.036   0.050   0.080   0.111   0.111   0.111 )
3279.991: I:1 (   0.061   0.061   0.061 ) T:328 (   0.036   0.051   0.080   0.111   0.111   0.111 )
3289.988: I:1 (   0.038   0.038   0.038 ) T:329 (   0.036   0.051   0.080   0.111   0.111   0.111 )
3299.991: I:1 (   0.030   0.030   0.030 ) T:330 (   0.036   0.050   0.080   0.111   0.111   0.111 )
3309.990: I:1 (   0.035   0.035   0.035 ) T:331 (   0.036   0.050   0.080   0.111   0.111   0.111 )
3319.990: I:1 (   0.032   0.032   0.032 ) T:332 (   0.036   0.050   0.080   0.111   0.111   0.111 )
3329.990: I:1 (   0.033   0.033   0.033 ) T:333 (   0.036   0.050   0.080   0.111   0.111   0.111 )
3339.990: I:1 (   0.033   0.033   0.033 ) T:334 (   0.036   0.050   0.080   0.111   0.111   0.111 )
3349.990: I:1 (   0.040   0.040   0.040 ) T:335 (   0.036   0.050   0.080   0.111   0.111   0.111 )
3359.990: I:1 (   0.035   0.035   0.035 ) T:336 (   0.036   0.050   0.080   0.111   0.111   0.111 )
3369.990: I:1 (   0.041   0.041   0.041 ) T:337 (   0.036   0.050   0.080   0.111   0.111   0.111 )
3379.989: I:1 (   0.038   0.038   0.038 ) T:338 (   0.036   0.050   0.080   0.111   0.111   0.111 )
3389.991: I:1 (   0.078   0.078   0.078 ) T:339 (   0.036   0.051   0.080   0.111   0.111   0.111 )
3399.990: I:1 (   0.050   0.050   0.050 ) T:340 (   0.036   0.050   0.080   0.111   0.111   0.111 )
3409.990: I:1 (   0.051   0.051   0.051 ) T:341 (   0.036   0.051   0.080   0.111   0.111   0.111 )
3419.987: I:1 (   0.034   0.034   0.034 ) T:342 (   0.036   0.051   0.080   0.111   0.111   0.111 )
3429.990: I:1 (   0.026   0.026   0.026 ) T:343 (   0.036   0.051   0.080   0.111   0.111   0.111 )
3439.990: I:1 (   0.040   0.040   0.040 ) T:344 (   0.036   0.051   0.080   0.111   0.111   0.111 )
3449.990: I:1 (   0.083   0.083   0.083 ) T:345 (   0.036   0.051   0.080   0.111   0.111   0.111 )
3459.990: I:1 (   0.030   0.030   0.030 ) T:346 (   0.036   0.051   0.080   0.111   0.111   0.111 )
3469.990: I:1 (   0.033   0.033   0.033 ) T:347 (   0.036   0.051   0.080   0.111   0.111   0.111 )
3479.990: I:1 (   0.021   0.021   0.021 ) T:348 (   0.036   0.051   0.080   0.111   0.111   0.111 )
3489.990: I:1 (   0.028   0.028   0.028 ) T:349 (   0.036   0.051   0.080   0.111   0.111   0.111 )
3499.990: I:1 (   0.029   0.029   0.029 ) T:350 (   0.036   0.051   0.080   0.111   0.111   0.111 )
3509.990: I:1 (   0.037   0.037   0.037 ) T:351 (   0.036   0.051   0.080   0.111   0.111   0.111 )
3519.988: I:1 (   0.038   0.038   0.038 ) T:352 (   0.036   0.051   0.080   0.111   0.111   0.111 )
3529.990: I:1 (   0.040   0.040   0.040 ) T:353 (   0.036   0.051   0.080   0.111   0.111   0.111 )
3539.987: I:1 (   0.032   0.032   0.032 ) T:354 (   0.036   0.051   0.080   0.111   0.111   0.111 )
3549.987: I:1 (   0.046   0.046   0.046 ) T:355 (   0.036   0.051   0.080   0.111   0.111   0.111 )
3559.990: I:1 (   0.045   0.045   0.045 ) T:356 (   0.036   0.051   0.080   0.111   0.111   0.111 )
3569.987: I:1 (   0.082   0.082   0.082 ) T:357 (   0.036   0.051   0.082   0.111   0.111   0.111 )
3579.990: I:1 (   0.037   0.037   0.037 ) T:358 (   0.036   0.051   0.082   0.111   0.111   0.111 )
3589.990: I:1 (   0.049   0.049   0.049 ) T:359 (   0.036   0.051   0.082   0.111   0.111   0.111 )
3599.990: I:1 (   0.032   0.032   0.032 ) T:360 (   0.036   0.051   0.082   0.111   0.111   0.111 )
3609.989: I:1 (   0.028   0.028   0.028 ) T:361 (   0.036   0.051   0.082   0.111   0.111   0.111 )
3619.990: I:1 (   0.042   0.042   0.042 ) T:362 (   0.036   0.051   0.082   0.111   0.111   0.111 )
3629.987: I:1 (   0.041   0.041   0.041 ) T:363 (   0.036   0.051   0.082   0.111   0.111   0.111 )
3639.990: I:1 (   0.027   0.027   0.027 ) T:364 (   0.036   0.051   0.082   0.111   0.111   0.111 )
3649.984: I:1 (   0.026   0.026   0.026 ) T:365 (   0.036   0.051   0.082   0.111   0.111   0.111 )
3659.988: I:1 (   0.045   0.045   0.045 ) T:366 (   0.036   0.051   0.082   0.111   0.111   0.111 )
3669.987: I:1 (   0.036   0.036   0.036 ) T:367 (   0.036   0.051   0.082   0.111   0.111   0.111 )
3679.987: I:1 (   0.065   0.065   0.065 ) T:368 (   0.036   0.051   0.082   0.111   0.111   0.111 )
3689.987: I:1 (   0.053   0.053   0.053 ) T:369 (   0.036   0.053   0.082   0.111   0.111   0.111 )
3699.989: I:1 (   0.035   0.035   0.035 ) T:370 (   0.036   0.051   0.082   0.111   0.111   0.111 )
3709.989: I:1 (   0.036   0.036   0.036 ) T:371 (   0.036   0.051   0.082   0.111   0.111   0.111 )
3719.991: I:1 (   0.029   0.029   0.029 ) T:372 (   0.036   0.051   0.082   0.111   0.111   0.111 )
3723.758: I:2 (   0.010   0.022   0.022 ) T:374 (   0.036   0.051   0.082   0.111   0.111   0.111 )
3723.798: I:0 (   0.000   0.000   0.000 ) T:374 (   0.036   0.051   0.082   0.111   0.111   0.111 )
