#[Interval percentile log between 0.000 and <Infinite> seconds (relative to StartTime)]
#[StartTime: 1524602873.457 (seconds since epoch), Tue Apr 24 22:47:53 CEST 2018]
Time: IntervalPercentiles:count ( 50% 90% Max ) TotalPercentiles:count ( 50% 90% 99% 99.9% 99.99% Max )
7.964: I:42 (   1.098 258.559 439.551 ) T:42 (   1.098 258.559 439.551 439.551 439.551 439.551 )
18.074: I:54 (   0.710 336.895 431.359 ) T:96 (   0.993 296.959 439.551 439.551 439.551 439.551 )
27.943: I:42 (   0.775 310.527 1046.015 ) T:138 (   0.967 310.527 445.951 1046.015 1046.015 1046.015 )
37.933: I:46 (   0.717 345.087 757.247 ) T:184 (   0.874 310.527 757.247 1046.015 1046.015 1046.015 )
47.933: I:52 (   0.449  72.127 397.567 ) T:236 (   0.775 295.679 475.647 1046.015 1046.015 1046.015 )
57.936: I:52 (   0.490 296.191 410.879 ) T:288 (   0.761 296.191 475.647 1046.015 1046.015 1046.015 )
67.938: I:42 (   0.451 293.631 2016.255 ) T:330 (   0.718 295.679 757.247 2016.255 2016.255 2016.255 )
77.935: I:56 (   0.501 266.495 452.607 ) T:386 (   0.684 291.583 757.247 2016.255 2016.255 2016.255 )
87.929: I:50 (   0.379 234.751 403.455 ) T:436 (   0.670 285.951 475.647 2016.255 2016.255 2016.255 )
97.937: I:46 (   0.427 302.591 1292.287 ) T:482 (   0.670 285.951 757.247 2016.255 2016.255 2016.255 )
107.937: I:50 (   0.437 260.351 567.295 ) T:532 (   0.649 285.439 747.519 2016.255 2016.255 2016.255 )
117.934: I:58 (   0.421 313.855 424.191 ) T:590 (   0.628 285.951 747.519 2016.255 2016.255 2016.255 )
127.936: I:44 (   0.387 329.215 1198.079 ) T:634 (   0.619 290.815 747.519 2016.255 2016.255 2016.255 )
137.934: I:46 (   0.371 221.951 1366.015 ) T:680 (   0.616 285.951 757.247 2016.255 2016.255 2016.255 )
147.937: I:46 (   0.339 233.343 483.327 ) T:726 (   0.605 285.439 747.519 2016.255 2016.255 2016.255 )
157.936: I:46 (   0.416 253.055 978.431 ) T:772 (   0.597 283.135 757.247 2016.255 2016.255 2016.255 )
167.934: I:44 (   0.370 296.191 1482.751 ) T:816 (   0.590 285.439 757.247 2016.255 2016.255 2016.255 )
177.935: I:54 (   0.350 223.487 367.359 ) T:870 (   0.572 278.271 757.247 2016.255 2016.255 2016.255 )
187.937: I:60 (   0.395 210.687 367.615 ) T:930 (   0.551 276.735 747.519 2016.255 2016.255 2016.255 )
197.938: I:56 (   0.347 187.007 1043.967 ) T:986 (   0.538 276.223 757.247 2016.255 2016.255 2016.255 )
207.936: I:54 (   0.304 259.711 845.311 ) T:1040 (   0.521 276.223 757.247 1482.751 2016.255 2016.255 )
217.938: I:50 (   0.273 294.655 490.751 ) T:1090 (   0.517 276.223 757.247 1482.751 2016.255 2016.255 )
227.935: I:50 (   0.260 178.431 442.623 ) T:1140 (   0.515 276.223 747.519 1482.751 2016.255 2016.255 )
237.935: I:44 (   0.259 251.135 1684.479 ) T:1184 (   0.511 276.223 757.247 1684.479 2016.255 2016.255 )
247.936: I:46 (   0.206 292.351 993.791 ) T:1230 (   0.501 276.223 757.247 1684.479 2016.255 2016.255 )
257.937: I:50 (   0.259  87.871 437.247 ) T:1280 (   0.490 276.223 757.247 1684.479 2016.255 2016.255 )
267.941: I:50 (   0.271 246.143 1201.151 ) T:1330 (   0.487 276.223 757.247 1684.479 2016.255 2016.255 )
277.938: I:56 (   0.279 267.775 512.767 ) T:1386 (   0.482 276.223 757.247 1684.479 2016.255 2016.255 )
287.936: I:48 (   0.245 364.287 503.807 ) T:1434 (   0.480 278.271 747.519 1684.479 2016.255 2016.255 )
297.937: I:44 (   0.265 344.831 851.967 ) T:1478 (   0.476 283.135 757.247 1684.479 2016.255 2016.255 )
307.935: I:56 (   0.232 253.951 710.655 ) T:1534 (   0.472 279.807 747.519 1684.479 2016.255 2016.255 )
317.937: I:54 (   0.241 229.247 377.343 ) T:1588 (   0.465 278.271 747.519 1684.479 2016.255 2016.255 )
327.935: I:62 (   0.210  73.087 536.575 ) T:1650 (   0.454 271.359 710.655 1684.479 2016.255 2016.255 )
337.935: I:38 (   0.239 305.407 1628.159 ) T:1688 (   0.453 274.687 747.519 1684.479 2016.255 2016.255 )
347.937: I:60 (   0.225 203.775 522.495 ) T:1748 (   0.447 271.359 710.655 1684.479 2016.255 2016.255 )
357.934: I:50 (   0.336 302.079 603.647 ) T:1798 (   0.445 274.687 710.655 1684.479 2016.255 2016.255 )
367.935: I:48 (   0.245 115.519 1556.479 ) T:1846 (   0.441 268.287 710.655 1684.479 2016.255 2016.255 )
377.935: I:50 (   0.237 293.887 477.183 ) T:1896 (   0.440 269.823 710.655 1684.479 2016.255 2016.255 )
387.935: I:62 (   0.203 248.191 713.215 ) T:1958 (   0.430 267.775 710.655 1684.479 2016.255 2016.255 )
397.935: I:68 (   0.234 215.935 338.687 ) T:2026 (   0.427 266.495 638.463 1628.159 2016.255 2016.255 )
407.936: I:68 (   0.264 181.887 1355.775 ) T:2094 (   0.424 264.447 710.655 1628.159 2016.255 2016.255 )
417.936: I:66 (   0.231 216.063 428.031 ) T:2160 (   0.421 262.399 638.463 1628.159 2016.255 2016.255 )
427.938: I:58 (   0.246 333.311 494.847 ) T:2218 (   0.416 266.495 603.647 1628.159 2016.255 2016.255 )
437.950: I:78 (   0.191 214.655 559.103 ) T:2296 (   0.412 262.399 603.647 1628.159 2016.255 2016.255 )
447.934: I:58 (   0.208 227.967 1447.935 ) T:2354 (   0.409 260.351 603.647 1628.159 2016.255 2016.255 )
457.934: I:60 (   0.291 265.215 712.191 ) T:2414 (   0.406 262.015 603.647 1628.159 2016.255 2016.255 )
467.936: I:76 (   0.236 234.495 584.191 ) T:2490 (   0.403 259.711 603.647 1628.159 2016.255 2016.255 )
477.935: I:50 (   0.287 243.711 948.223 ) T:2540 (   0.401 259.199 603.647 1628.159 2016.255 2016.255 )
487.934: I:72 (   0.237 177.919 804.351 ) T:2612 (   0.397 256.511 603.647 1628.159 2016.255 2016.255 )
497.936: I:70 (   0.280 249.599 494.335 ) T:2682 (   0.395 256.511 603.647 1628.159 2016.255 2016.255 )
507.938: I:70 (   0.273 204.159 513.023 ) T:2752 (   0.391 255.615 584.191 1628.159 2016.255 2016.255 )
517.934: I:78 (   0.230 212.095 745.471 ) T:2830 (   0.387 254.719 584.191 1628.159 2016.255 2016.255 )
527.930: I:58 (   0.196 265.471 658.431 ) T:2888 (   0.386 255.615 603.647 1628.159 2016.255 2016.255 )
537.935: I:64 (   0.203 226.815 790.527 ) T:2952 (   0.384 254.719 603.647 1628.159 2016.255 2016.255 )
547.935: I:60 (   0.204 267.519 511.487 ) T:3012 (   0.380 255.103 584.191 1556.479 2016.255 2016.255 )
557.935: I:60 (   0.199 252.031 847.359 ) T:3072 (   0.379 254.719 603.647 1556.479 2016.255 2016.255 )
567.934: I:76 (   0.197 198.015 673.791 ) T:3148 (   0.377 253.951 603.647 1556.479 2016.255 2016.255 )
577.938: I:60 (   0.218 260.863 628.735 ) T:3208 (   0.376 254.335 603.647 1556.479 2016.255 2016.255 )
587.936: I:68 (   0.197 261.503 720.383 ) T:3276 (   0.374 254.335 628.735 1556.479 2016.255 2016.255 )
597.937: I:64 (   0.301 182.655 547.839 ) T:3340 (   0.373 253.055 603.647 1556.479 2016.255 2016.255 )
607.934: I:54 (   0.201 237.439 423.935 ) T:3394 (   0.372 252.671 603.647 1556.479 2016.255 2016.255 )
617.934: I:82 (   0.188 220.031 569.855 ) T:3476 (   0.369 252.671 584.191 1556.479 2016.255 2016.255 )
627.936: I:72 (   0.190 181.119 305.663 ) T:3548 (   0.368 252.031 569.855 1556.479 2016.255 2016.255 )
637.934: I:70 (   0.193 182.783 763.391 ) T:3618 (   0.365 251.135 569.855 1556.479 2016.255 2016.255 )
647.937: I:68 (   0.199 211.839 869.375 ) T:3686 (   0.361 250.751 584.191 1556.479 2016.255 2016.255 )
657.935: I:72 (   0.203 202.751 607.743 ) T:3758 (   0.359 250.495 584.191 1556.479 2016.255 2016.255 )
667.936: I:76 (   0.203 252.415 684.543 ) T:3834 (   0.357 250.495 584.191 1556.479 2016.255 2016.255 )
677.939: I:66 (   0.192 176.767 574.463 ) T:3900 (   0.356 248.191 574.463 1556.479 2016.255 2016.255 )
687.936: I:68 (   0.176 153.983 894.463 ) T:3968 (   0.353 247.807 584.191 1556.479 2016.255 2016.255 )
697.939: I:76 (   0.218 189.823 758.271 ) T:4044 (   0.350 246.015 584.191 1482.751 2016.255 2016.255 )
707.936: I:64 (   0.198 235.391 687.615 ) T:4108 (   0.350 246.015 584.191 1482.751 2016.255 2016.255 )
717.936: I:56 (   0.196 280.063 940.543 ) T:4164 (   0.348 247.167 607.743 1482.751 2016.255 2016.255 )
727.937: I:56 (   0.244 275.199 506.623 ) T:4220 (   0.347 247.423 603.647 1482.751 2016.255 2016.255 )
737.939: I:64 (   0.216 289.023 491.519 ) T:4284 (   0.346 247.807 603.647 1482.751 2016.255 2016.255 )
747.938: I:64 (   0.177 247.295 690.687 ) T:4348 (   0.345 247.807 603.647 1482.751 2016.255 2016.255 )
757.936: I:60 (   0.222 142.719 601.599 ) T:4408 (   0.341 247.295 601.599 1482.751 2016.255 2016.255 )
767.937: I:62 (   3.111 322.559 738.303 ) T:4470 (   0.343 247.423 603.647 1482.751 2016.255 2016.255 )
777.938: I:51 (   3.075 271.359 391.679 ) T:4521 (   0.345 247.807 601.599 1482.751 2016.255 2016.255 )
787.939: I:66 (   3.059 265.215 727.039 ) T:4587 (   0.346 247.935 603.647 1482.751 2016.255 2016.255 )
797.938: I:59 (   0.293 264.703 727.039 ) T:4646 (   0.346 247.935 603.647 1482.751 2016.255 2016.255 )
807.936: I:62 (   3.059 227.967 551.423 ) T:4708 (   0.346 247.807 601.599 1482.751 2016.255 2016.255 )
817.936: I:70 (   0.196 231.039 556.543 ) T:4778 (   0.345 247.807 601.599 1482.751 2016.255 2016.255 )
827.937: I:66 (   0.171 278.015 680.447 ) T:4844 (   0.341 247.807 601.599 1482.751 2016.255 2016.255 )
837.939: I:70 (   0.269 198.911 817.151 ) T:4914 (   0.340 247.807 601.599 1482.751 2016.255 2016.255 )
847.936: I:64 (   0.210 234.879 479.231 ) T:4978 (   0.339 247.807 601.599 1482.751 2016.255 2016.255 )
857.938: I:66 (   0.183 217.087 923.135 ) T:5044 (   0.338 247.295 603.647 1447.935 2016.255 2016.255 )
867.938: I:60 (   0.186 271.103 627.199 ) T:5104 (   0.337 247.423 603.647 1447.935 2016.255 2016.255 )
877.938: I:70 (   0.234 208.767 511.743 ) T:5174 (   0.337 247.423 603.647 1447.935 2016.255 2016.255 )
887.937: I:66 (   0.289 212.607 1096.703 ) T:5240 (   0.337 247.295 603.647 1447.935 2016.255 2016.255 )
897.937: I:64 (   0.235 241.535 907.263 ) T:5304 (   0.337 247.295 603.647 1447.935 2016.255 2016.255 )
907.937: I:78 (   0.239 183.679 674.303 ) T:5382 (   0.336 246.399 607.743 1447.935 2016.255 2016.255 )
917.937: I:54 (   0.147  47.487 290.815 ) T:5436 (   0.334 245.631 603.647 1447.935 2016.255 2016.255 )
927.938: I:80 (   0.192  92.991 511.487 ) T:5516 (   0.332 243.711 601.599 1447.935 2016.255 2016.255 )
937.937: I:61 (   2.975 217.855 714.751 ) T:5577 (   0.332 243.455 603.647 1447.935 2016.255 2016.255 )
947.938: I:65 (   3.005 263.935 446.463 ) T:5642 (   0.335 243.455 601.599 1447.935 2016.255 2016.255 )
957.937: I:60 (   0.248 238.719 968.191 ) T:5702 (   0.335 243.455 601.599 1447.935 2016.255 2016.255 )
967.938: I:58 (   0.164 333.311 1112.063 ) T:5760 (   0.335 243.455 607.743 1447.935 2016.255 2016.255 )
977.937: I:68 (   0.245 242.175 415.487 ) T:5828 (   0.335 243.455 603.647 1447.935 2016.255 2016.255 )
987.941: I:71 (   0.200 168.447 819.711 ) T:5899 (   0.335 242.175 607.743 1447.935 2016.255 2016.255 )
997.933: I:65 (   2.985 210.047 1302.527 ) T:5964 (   0.335 241.663 607.743 1447.935 2016.255 2016.255 )
1007.936: I:70 (   2.999 184.319 387.583 ) T:6034 (   0.335 241.535 603.647 1366.015 2016.255 2016.255 )
1017.939: I:62 (   2.975 210.815 573.439 ) T:6096 (   0.336 241.535 603.647 1366.015 2016.255 2016.255 )
1028.054: I:68 (   0.241 196.095 791.551 ) T:6164 (   0.336 240.639 603.647 1366.015 2016.255 2016.255 )
1037.936: I:50 (   0.233 299.519 975.871 ) T:6214 (   0.336 241.663 603.647 1366.015 2016.255 2016.255 )
1047.937: I:70 (   0.174 214.783 513.791 ) T:6284 (   0.336 241.535 603.647 1366.015 2016.255 2016.255 )
1057.940: I:66 (   0.164 199.167 666.111 ) T:6350 (   0.335 240.255 603.647 1366.015 2016.255 2016.255 )
1067.938: I:69 (   2.955 210.303 949.247 ) T:6419 (   0.336 239.871 603.647 1366.015 2016.255 2016.255 )
1077.938: I:57 (   0.135 286.719 788.991 ) T:6476 (   0.335 240.255 627.199 1366.015 2016.255 2016.255 )
1087.939: I:70 (   0.219 228.351 859.647 ) T:6546 (   0.333 240.255 627.199 1366.015 2016.255 2016.255 )
1097.938: I:74 (   2.983 222.079 351.743 ) T:6620 (   0.337 239.871 607.743 1366.015 2016.255 2016.255 )
1107.936: I:58 (   0.347 265.215 818.687 ) T:6678 (   0.337 240.255 627.199 1366.015 2016.255 2016.255 )
1117.937: I:74 (   0.231 185.855 991.743 ) T:6752 (   0.337 239.871 627.199 1366.015 2016.255 2016.255 )
1127.937: I:74 (   0.150 252.543 374.271 ) T:6826 (   0.336 239.871 607.743 1366.015 2016.255 2016.255 )
1137.939: I:64 (   2.949 267.519 992.767 ) T:6890 (   0.338 239.871 627.199 1366.015 2016.255 2016.255 )
1147.938: I:60 (   0.200 309.247 978.943 ) T:6950 (   0.338 240.255 628.735 1366.015 2016.255 2016.255 )
1157.937: I:67 (   0.162 258.559 409.599 ) T:7017 (   0.337 240.255 627.199 1355.775 2016.255 2016.255 )
1167.936: I:72 (   0.166 194.431 869.887 ) T:7089 (   0.336 240.255 628.735 1355.775 2016.255 2016.255 )
1177.938: I:63 (   0.330 251.007 568.831 ) T:7152 (   0.336 240.255 627.199 1355.775 2016.255 2016.255 )
1187.937: I:65 (   0.223 268.543 869.887 ) T:7217 (   0.336 240.639 627.199 1355.775 2016.255 2016.255 )
1197.938: I:61 (   0.249 215.423 1083.391 ) T:7278 (   0.335 240.639 628.735 1355.775 2016.255 2016.255 )
1207.932: I:60 (   2.971 284.927 378.623 ) T:7338 (   0.337 241.535 627.199 1355.775 2016.255 2016.255 )
1217.942: I:66 (   0.177 278.271 833.023 ) T:7404 (   0.336 241.535 627.199 1355.775 2016.255 2016.255 )
1227.936: I:66 (   0.209 223.487 630.783 ) T:7470 (   0.335 241.279 628.735 1355.775 2016.255 2016.255 )
1237.937: I:62 (   0.185 278.527 570.879 ) T:7532 (   0.333 241.919 627.199 1355.775 2016.255 2016.255 )
1247.936: I:64 (   0.246 236.031 660.479 ) T:7596 (   0.333 241.919 628.735 1355.775 2016.255 2016.255 )
1257.936: I:56 (   0.153 253.951 413.439 ) T:7652 (   0.333 242.175 627.199 1355.775 2016.255 2016.255 )
1267.937: I:64 (   0.184 249.983 650.239 ) T:7716 (   0.333 242.175 627.199 1355.775 2016.255 2016.255 )
1277.936: I:62 (   2.949 257.279 641.535 ) T:7778 (   0.335 243.327 628.735 1355.775 2016.255 2016.255 )
1287.938: I:70 (   0.142 183.295 590.847 ) T:7848 (   0.334 243.199 627.199 1355.775 2016.255 2016.255 )
1297.938: I:68 (   0.157 200.319 622.079 ) T:7916 (   0.333 242.815 622.079 1355.775 2016.255 2016.255 )
1307.935: I:62 (   0.432 245.759 761.343 ) T:7978 (   0.334 243.199 627.199 1355.775 2016.255 2016.255 )
1317.937: I:78 (   2.905 243.455 580.095 ) T:8056 (   0.335 243.199 622.079 1302.527 2016.255 2016.255 )
1327.932: I:68 (   0.138 228.863 637.951 ) T:8124 (   0.333 242.175 622.079 1302.527 2016.255 2016.255 )
1337.936: I:78 (   0.140 213.247 423.167 ) T:8202 (   0.333 242.175 607.743 1302.527 2016.255 2016.255 )
1347.938: I:56 (   2.887 255.743 887.807 ) T:8258 (   0.333 242.175 627.199 1302.527 2016.255 2016.255 )
1357.938: I:60 (   0.142 269.823 627.711 ) T:8318 (   0.333 242.175 627.199 1302.527 2016.255 2016.255 )
1367.936: I:68 (   0.267 252.799 385.279 ) T:8386 (   0.332 242.175 627.199 1302.527 2016.255 2016.255 )
1377.935: I:70 (   0.115 162.815 617.471 ) T:8456 (   0.332 242.175 622.079 1302.527 2016.255 2016.255 )
1387.932: I:68 (   0.114 297.215 1268.735 ) T:8524 (   0.331 242.175 627.199 1302.527 2016.255 2016.255 )
1397.936: I:74 (   0.174 186.111 408.575 ) T:8598 (   0.331 241.663 627.199 1302.527 2016.255 2016.255 )
1407.936: I:66 (   0.124 175.871 367.615 ) T:8664 (   0.331 241.407 622.079 1302.527 2016.255 2016.255 )
1417.936: I:64 (   2.419 173.951 908.287 ) T:8728 (   0.331 240.255 622.079 1302.527 2016.255 2016.255 )
1427.937: I:62 (   0.183 254.463 940.031 ) T:8790 (   0.331 240.639 627.711 1302.527 2016.255 2016.255 )
1437.935: I:68 (   0.301 264.191 424.959 ) T:8858 (   0.331 241.279 627.199 1302.527 2016.255 2016.255 )
1447.935: I:75 (   0.556 207.487 424.447 ) T:8933 (   0.331 240.255 622.079 1302.527 2016.255 2016.255 )
1457.940: I:61 (   2.899 264.447 1563.647 ) T:8994 (   0.331 240.255 627.711 1355.775 2016.255 2016.255 )
1467.937: I:72 (   0.126 170.623 365.311 ) T:9066 (   0.331 240.255 627.199 1302.527 2016.255 2016.255 )
1477.936: I:66 (   0.118 246.527 443.391 ) T:9132 (   0.331 240.255 622.079 1302.527 2016.255 2016.255 )
1487.938: I:60 (   2.915 288.511 927.231 ) T:9192 (   0.331 241.279 627.199 1302.527 2016.255 2016.255 )
1497.939: I:66 (   2.889 261.119 1172.479 ) T:9258 (   0.331 241.663 627.199 1302.527 2016.255 2016.255 )
1507.936: I:60 (   0.170 228.991 463.615 ) T:9318 (   0.331 241.663 622.079 1302.527 2016.255 2016.255 )
1517.940: I:60 (   0.192 263.167 662.015 ) T:9378 (   0.331 242.175 627.199 1302.527 2016.255 2016.255 )
1527.938: I:78 (   2.901 199.039 593.407 ) T:9456 (   0.331 242.175 622.079 1302.527 2016.255 2016.255 )
1537.936: I:69 (   0.209 231.423 427.775 ) T:9525 (   0.331 241.919 617.471 1302.527 2016.255 2016.255 )
1547.938: I:65 (   0.173 265.727 759.295 ) T:9590 (   0.330 242.815 622.079 1302.527 2016.255 2016.255 )
1557.939: I:64 (   2.921 317.695 568.831 ) T:9654 (   0.331 243.455 617.471 1302.527 2016.255 2016.255 )
1567.938: I:64 (   2.887 261.503 476.671 ) T:9718 (   0.331 243.455 607.743 1302.527 2016.255 2016.255 )
1577.939: I:70 (   2.861 194.047 598.527 ) T:9788 (   0.331 243.455 607.743 1302.527 2016.255 2016.255 )
1587.938: I:71 (   0.126 240.639 693.247 ) T:9859 (   0.331 243.455 607.743 1302.527 2016.255 2016.255 )
1597.938: I:59 (   2.877 251.519 408.575 ) T:9918 (   0.331 243.583 603.647 1302.527 2016.255 2016.255 )
1607.937: I:74 (   0.304 268.799 584.703 ) T:9992 (   0.331 243.711 603.647 1302.527 2016.255 2016.255 )
1617.938: I:61 (   2.941 243.839 963.071 ) T:10053 (   0.332 243.711 603.647 1292.287 1684.479 2016.255 )
1627.937: I:57 (   0.128 275.967 717.823 ) T:10110 (   0.331 244.351 603.647 1292.287 1684.479 2016.255 )
1637.939: I:67 (   0.175 190.335 499.711 ) T:10177 (   0.331 243.839 603.647 1292.287 1684.479 2016.255 )
1647.938: I:59 (   0.133 252.543 848.895 ) T:10236 (   0.331 243.839 603.647 1292.287 1684.479 2016.255 )
1657.937: I:60 (   0.404 233.343 669.695 ) T:10296 (   0.331 243.839 607.743 1292.287 1684.479 2016.255 )
1667.936: I:84 (   0.211 199.551 612.863 ) T:10380 (   0.331 243.583 607.743 1292.287 1684.479 2016.255 )
1677.938: I:66 (   2.877 262.655 412.159 ) T:10446 (   0.331 243.711 603.647 1292.287 1684.479 2016.255 )
1687.989: I:62 (   0.120 253.951 1371.135 ) T:10508 (   0.331 243.839 603.647 1302.527 1684.479 2016.255 )
1697.936: I:62 (   0.236 267.775 656.383 ) T:10570 (   0.331 243.839 607.743 1302.527 1684.479 2016.255 )
1707.939: I:84 (   0.401 147.967 322.047 ) T:10654 (   0.331 243.583 603.647 1302.527 1684.479 2016.255 )
1717.936: I:48 (   2.865 311.039 1283.071 ) T:10702 (   0.331 243.711 603.647 1302.527 1684.479 2016.255 )
1727.936: I:58 (   2.915 337.407 486.911 ) T:10760 (   0.331 244.351 603.647 1302.527 1684.479 2016.255 )
1737.931: I:68 (   0.180 274.943 451.327 ) T:10828 (   0.331 244.607 603.135 1302.527 1684.479 2016.255 )
1747.935: I:72 (   0.180 207.359 385.279 ) T:10900 (   0.331 244.351 601.599 1302.527 1684.479 2016.255 )
1757.932: I:55 (   2.889 279.295 1331.199 ) T:10955 (   0.331 244.607 603.135 1331.199 1684.479 2016.255 )
1767.936: I:61 (   2.883 268.287 705.023 ) T:11016 (   0.331 245.247 603.135 1302.527 1684.479 2016.255 )
1777.934: I:62 (   0.134 295.935 419.839 ) T:11078 (   0.331 246.143 603.135 1302.527 1684.479 2016.255 )
1787.937: I:70 (   2.871 203.391 442.623 ) T:11148 (   0.331 245.631 601.599 1302.527 1684.479 2016.255 )
1797.937: I:60 (   0.347 295.935 1321.983 ) T:11208 (   0.331 246.527 603.647 1321.983 1684.479 2016.255 )
1807.937: I:54 (   0.175 319.487 619.007 ) T:11262 (   0.331 246.527 607.743 1321.983 1684.479 2016.255 )
1817.935: I:56 (   0.120 239.487 755.199 ) T:11318 (   0.331 246.527 612.863 1321.983 1684.479 2016.255 )
1827.938: I:62 (   0.165 273.919 628.735 ) T:11380 (   0.330 246.911 617.471 1321.983 1684.479 2016.255 )
1837.938: I:61 (   2.859 270.847 850.431 ) T:11441 (   0.330 246.911 617.471 1321.983 1684.479 2016.255 )
1847.936: I:57 (   2.877 283.391 619.519 ) T:11498 (   0.330 247.295 619.007 1321.983 1684.479 2016.255 )
1857.936: I:64 (   0.123 277.759 421.887 ) T:11562 (   0.330 247.295 617.471 1321.983 1684.479 2016.255 )
1867.937: I:62 (   0.190 226.175 678.399 ) T:11624 (   0.330 247.295 617.471 1321.983 1684.479 2016.255 )
1877.938: I:58 (   0.204 260.095 1842.175 ) T:11682 (   0.330 247.295 619.007 1331.199 1842.175 2016.255 )
1887.936: I:70 (   2.921 280.831 465.407 ) T:11752 (   0.331 247.551 617.471 1331.199 1842.175 2016.255 )
1897.937: I:52 (   2.921 328.703 804.863 ) T:11804 (   0.331 247.935 617.471 1331.199 1842.175 2016.255 )
1907.936: I:52 (   2.285 258.047 1865.727 ) T:11856 (   0.331 248.191 619.007 1355.775 1865.727 2016.255 )
1917.934: I:56 (   2.985 322.303 423.935 ) T:11912 (   0.332 248.959 617.471 1355.775 1865.727 2016.255 )
1927.938: I:64 (   0.162 194.559 805.375 ) T:11976 (   0.332 248.319 619.007 1355.775 1865.727 2016.255 )
1937.937: I:70 (   2.855 245.759 1358.847 ) T:12046 (   0.332 248.319 619.007 1355.775 1865.727 2016.255 )
1947.937: I:64 (   2.889 307.199 390.399 ) T:12110 (   0.332 249.087 617.471 1355.775 1865.727 2016.255 )
1957.939: I:51 (   2.911 292.095 497.919 ) T:12161 (   0.332 249.727 617.471 1355.775 1865.727 2016.255 )
1967.936: I:53 (   2.909 281.855 2049.023 ) T:12214 (   0.333 250.239 617.471 1358.847 2016.255 2049.023 )
1977.938: I:76 (   2.861 267.007 487.167 ) T:12290 (   0.333 250.495 617.471 1358.847 2016.255 2049.023 )
1987.935: I:58 (   0.138 284.671 421.887 ) T:12348 (   0.333 250.751 612.863 1358.847 2016.255 2049.023 )
1997.940: I:56 (   2.901 241.919 2064.383 ) T:12404 (   0.333 250.623 612.863 1366.015 2049.023 2064.383 )
2007.936: I:60 (   2.935 248.575 515.071 ) T:12464 (   0.336 250.623 612.863 1366.015 2049.023 2064.383 )
2017.938: I:74 (   0.135 244.735 483.839 ) T:12538 (   0.336 250.623 607.743 1366.015 2049.023 2064.383 )
2027.938: I:66 (   2.869 275.455 712.191 ) T:12604 (   0.336 250.751 607.743 1366.015 2049.023 2064.383 )
2037.939: I:58 (   2.901 234.623 1425.407 ) T:12662 (   0.337 250.623 612.863 1371.135 2049.023 2064.383 )
2047.938: I:66 (   2.975 252.671 539.647 ) T:12728 (   0.339 250.751 607.743 1371.135 2049.023 2064.383 )
2057.936: I:56 (   0.160 302.591 381.439 ) T:12784 (   0.339 250.879 607.743 1371.135 2049.023 2064.383 )
2067.938: I:59 (   0.153 305.407 949.759 ) T:12843 (   0.339 250.879 612.863 1371.135 2049.023 2064.383 )
2077.938: I:58 (   2.885 342.271 444.415 ) T:12901 (   0.339 251.519 607.743 1371.135 2049.023 2064.383 )
2087.936: I:51 (   0.173 214.655 791.039 ) T:12952 (   0.339 251.519 612.863 1371.135 2049.023 2064.383 )
2097.938: I:70 (   0.128 222.591 671.743 ) T:13022 (   0.338 251.135 612.863 1366.015 2049.023 2064.383 )
2107.938: I:66 (   0.177 177.919 649.215 ) T:13088 (   0.338 251.135 617.471 1366.015 2049.023 2064.383 )
2117.940: I:62 (   2.901 305.151 541.695 ) T:13150 (   0.339 251.135 612.863 1366.015 2049.023 2064.383 )
2127.937: I:72 (   2.897 262.399 505.855 ) T:13222 (   0.339 251.263 607.743 1366.015 2049.023 2064.383 )
2137.935: I:58 (   0.144 204.031 768.511 ) T:13280 (   0.339 251.135 612.863 1366.015 2049.023 2064.383 )
2147.935: I:56 (   0.174 337.919 713.727 ) T:13336 (   0.339 251.263 612.863 1366.015 2049.023 2064.383 )
2157.938: I:68 (   0.152 197.887 386.047 ) T:13404 (   0.338 251.135 607.743 1366.015 2049.023 2064.383 )
2167.935: I:68 (   2.871 303.871 713.727 ) T:13472 (   0.339 251.135 612.863 1366.015 2049.023 2064.383 )
2177.932: I:68 (   0.138 233.343 1105.919 ) T:13540 (   0.338 251.135 617.471 1366.015 2049.023 2064.383 )
2187.935: I:56 (   0.163 271.615 906.751 ) T:13596 (   0.338 251.135 619.007 1366.015 2049.023 2064.383 )
2197.940: I:82 (   0.141 182.143 784.895 ) T:13678 (   0.337 251.007 619.007 1366.015 2049.023 2064.383 )
2207.938: I:58 (   0.177 310.271 726.527 ) T:13736 (   0.337 251.135 619.007 1366.015 2049.023 2064.383 )
2217.936: I:70 (   2.911 222.591 956.927 ) T:13806 (   0.339 251.007 619.519 1366.015 2049.023 2064.383 )
2227.937: I:69 (   0.421 246.015 429.823 ) T:13875 (   0.339 250.879 619.519 1366.015 2049.023 2064.383 )
2237.938: I:71 (   2.897 302.591 836.607 ) T:13946 (   0.339 251.135 619.519 1366.015 2049.023 2064.383 )
2247.937: I:68 (   2.879 273.663 455.167 ) T:14014 (   0.339 251.135 619.007 1358.847 2049.023 2064.383 )
2257.936: I:64 (   0.160 232.063 640.511 ) T:14078 (   0.339 250.879 622.079 1358.847 2049.023 2064.383 )
2267.933: I:62 (   0.162 255.103 467.711 ) T:14140 (   0.339 250.879 619.519 1358.847 2049.023 2064.383 )
2277.937: I:58 (   2.925 272.127 758.783 ) T:14198 (   0.339 251.135 625.663 1358.847 2049.023 2064.383 )
2287.937: I:70 (   2.899 238.975 554.495 ) T:14268 (   0.340 251.135 622.079 1358.847 2049.023 2064.383 )
2297.936: I:68 (   2.877 257.279 656.895 ) T:14336 (   0.341 251.135 622.079 1358.847 2049.023 2064.383 )
2307.951: I:70 (   0.153 162.303 1595.391 ) T:14406 (   0.339 250.879 622.079 1366.015 2049.023 2064.383 )
2317.933: I:68 (   0.320 310.783 651.263 ) T:14474 (   0.339 251.007 625.663 1366.015 2049.023 2064.383 )
2327.935: I:56 (   0.173 199.167 672.767 ) T:14530 (   0.338 250.751 625.663 1366.015 2049.023 2064.383 )
2337.938: I:66 (   0.198 248.575 402.687 ) T:14596 (   0.338 250.751 625.663 1366.015 2049.023 2064.383 )
2347.938: I:74 (   0.183 226.431 894.975 ) T:14670 (   0.338 250.623 625.663 1366.015 2049.023 2064.383 )
2357.935: I:64 (   0.275 281.855 693.247 ) T:14734 (   0.338 250.879 625.663 1366.015 2049.023 2064.383 )
2367.936: I:59 (   2.897 276.735 897.535 ) T:14793 (   0.339 250.879 627.199 1366.015 2049.023 2064.383 )
2377.936: I:75 (   0.133 241.407 972.799 ) T:14868 (   0.338 250.879 627.199 1366.015 2049.023 2064.383 )
2387.935: I:64 (   2.927 270.847 628.223 ) T:14932 (   0.339 251.007 627.199 1366.015 2049.023 2064.383 )
2397.935: I:68 (   2.887 279.295 445.183 ) T:15000 (   0.340 251.135 625.663 1358.847 2049.023 2064.383 )
2407.935: I:56 (   0.130 277.759 559.103 ) T:15056 (   0.339 251.135 625.663 1358.847 2049.023 2064.383 )
2417.935: I:62 (   0.131 280.575 1117.183 ) T:15118 (   0.339 251.263 625.663 1358.847 2049.023 2064.383 )
2427.935: I:70 (   0.199 216.959 910.335 ) T:15188 (   0.339 251.135 627.199 1358.847 2049.023 2064.383 )
2437.936: I:72 (   0.137 217.343 433.919 ) T:15260 (   0.339 251.007 625.663 1358.847 2049.023 2064.383 )
2447.937: I:46 (   0.100  54.623 993.279 ) T:15306 (   0.338 251.007 625.663 1358.847 2049.023 2064.383 )
2457.937: I:74 (   0.130 259.455 395.007 ) T:15380 (   0.337 251.007 625.663 1358.847 2049.023 2064.383 )
2467.937: I:68 (   0.142 219.647 543.231 ) T:15448 (   0.337 250.879 622.079 1358.847 2049.023 2064.383 )
2477.937: I:68 (   0.118 236.927 760.319 ) T:15516 (   0.335 250.751 625.663 1358.847 2049.023 2064.383 )
2487.938: I:70 (   0.108 258.175 713.727 ) T:15586 (   0.335 250.879 627.199 1358.847 2049.023 2064.383 )
2497.936: I:68 (   0.151 245.887 299.519 ) T:15654 (   0.334 250.751 625.663 1358.847 2049.023 2064.383 )
2507.933: I:66 (   0.100 237.439 903.167 ) T:15720 (   0.333 250.623 625.663 1358.847 2049.023 2064.383 )
2517.938: I:62 (   0.150 225.919 423.423 ) T:15782 (   0.333 250.623 625.663 1358.847 2049.023 2064.383 )
2527.936: I:66 (   0.140 304.127 888.831 ) T:15848 (   0.332 250.751 625.663 1358.847 2049.023 2064.383 )
2537.938: I:54 (   0.144 306.175 1050.623 ) T:15902 (   0.332 250.879 625.663 1358.847 2049.023 2064.383 )
2547.935: I:62 (   0.119 215.423 494.591 ) T:15964 (   0.332 250.879 625.663 1358.847 2049.023 2064.383 )
2557.938: I:72 (   2.925 246.655 477.951 ) T:16036 (   0.332 250.879 624.639 1355.775 2049.023 2064.383 )
2567.937: I:68 (   0.146 242.687 1039.359 ) T:16104 (   0.332 250.751 624.639 1355.775 2049.023 2064.383 )
2577.938: I:82 (   2.911 242.175 934.399 ) T:16186 (   0.332 250.751 625.663 1355.775 2049.023 2064.383 )
2587.938: I:66 (   0.123 237.695 543.743 ) T:16252 (   0.331 250.751 624.639 1355.775 2049.023 2064.383 )
2597.937: I:76 (   0.139 207.231 374.015 ) T:16328 (   0.331 250.623 622.079 1355.775 2049.023 2064.383 )
2607.938: I:64 (   0.134 232.191 1320.959 ) T:16392 (   0.331 250.623 625.663 1355.775 2049.023 2064.383 )
2617.939: I:67 (   2.935 256.767 540.671 ) T:16459 (   0.331 250.623 624.639 1355.775 2049.023 2064.383 )
2627.936: I:57 (   0.142 299.007 621.055 ) T:16516 (   0.331 250.751 622.079 1355.775 2049.023 2064.383 )
2637.938: I:60 (   0.136 171.903 1432.575 ) T:16576 (   0.331 250.623 624.639 1358.847 2049.023 2064.383 )
2647.938: I:74 (   0.138 226.175 1022.463 ) T:16650 (   0.331 250.495 624.639 1358.847 2049.023 2064.383 )
2657.937: I:68 (   0.119 222.975 378.111 ) T:16718 (   0.331 250.495 622.079 1358.847 2049.023 2064.383 )
2667.936: I:58 (   0.147 233.215 1140.735 ) T:16776 (   0.331 250.239 624.639 1358.847 2049.023 2064.383 )
2677.937: I:66 (   0.167 245.887 842.751 ) T:16842 (   0.331 250.239 624.639 1358.847 2049.023 2064.383 )
2687.936: I:63 (   2.911 213.503 867.839 ) T:16905 (   0.331 249.983 624.639 1358.847 2049.023 2064.383 )
2697.936: I:63 (   0.121 282.111 691.711 ) T:16968 (   0.331 250.239 625.663 1358.847 2049.023 2064.383 )
2707.936: I:62 (   2.875 254.975 1268.735 ) T:17030 (   0.331 250.239 625.663 1355.775 2049.023 2064.383 )
2717.982: I:64 (   0.148 213.759 541.695 ) T:17094 (   0.331 250.239 625.663 1355.775 2049.023 2064.383 )
2727.937: I:62 (   0.145 251.775 480.255 ) T:17156 (   0.331 250.367 624.639 1355.775 2049.023 2064.383 )
2737.934: I:72 (   0.117 120.639 516.351 ) T:17228 (   0.330 250.111 622.079 1355.775 2049.023 2064.383 )
2747.937: I:64 (   0.128 212.863 574.463 ) T:17292 (   0.330 249.727 622.079 1355.775 2049.023 2064.383 )
2757.937: I:52 (   0.125 292.607 816.127 ) T:17344 (   0.330 250.111 622.079 1355.775 2049.023 2064.383 )
2767.937: I:64 (   0.162 267.263 436.479 ) T:17408 (   0.329 250.239 621.055 1355.775 2049.023 2064.383 )
2777.936: I:54 (   0.195 309.247 531.455 ) T:17462 (   0.329 250.495 621.055 1355.775 2049.023 2064.383 )
2787.937: I:84 (   0.277 216.575 748.543 ) T:17546 (   0.329 250.495 621.055 1355.775 2049.023 2064.383 )
2797.935: I:58 (   2.893 331.519 1257.471 ) T:17604 (   0.330 250.495 621.055 1355.775 2049.023 2064.383 )
2807.934: I:54 (   0.139 275.455 741.887 ) T:17658 (   0.329 250.495 622.079 1355.775 2049.023 2064.383 )
2817.935: I:60 (   0.161 248.447 582.655 ) T:17718 (   0.329 250.495 621.055 1355.775 2049.023 2064.383 )
2827.936: I:60 (   0.158 213.503 511.231 ) T:17778 (   0.329 250.495 621.055 1355.775 2049.023 2064.383 )
2837.937: I:50 (   2.933 260.351 1006.079 ) T:17828 (   0.329 250.495 622.079 1355.775 2049.023 2064.383 )
2847.936: I:71 (   0.188 245.631 483.839 ) T:17899 (   0.329 250.495 622.079 1355.775 2049.023 2064.383 )
2857.936: I:70 (   0.164 234.111 692.735 ) T:17969 (   0.328 250.495 622.079 1355.775 2049.023 2064.383 )
2867.936: I:55 (   2.869 262.655 995.839 ) T:18024 (   0.329 250.495 624.639 1331.199 2049.023 2064.383 )
2877.938: I:72 (   0.133 194.687 491.519 ) T:18096 (   0.328 250.367 624.639 1331.199 2049.023 2064.383 )
2887.937: I:61 (   0.180 289.279 443.903 ) T:18157 (   0.328 250.495 622.079 1331.199 2049.023 2064.383 )
2897.937: I:56 (   2.941 299.007 751.615 ) T:18213 (   0.329 250.623 622.079 1331.199 2049.023 2064.383 )
2907.938: I:57 (   2.909 312.575 660.479 ) T:18270 (   0.329 250.751 624.639 1331.199 2049.023 2064.383 )
2917.936: I:58 (   2.905 333.823 488.191 ) T:18328 (   0.330 251.007 622.079 1331.199 2049.023 2064.383 )
2927.937: I:57 (   0.188 290.303 715.263 ) T:18385 (   0.330 251.135 624.639 1331.199 2049.023 2064.383 )
2937.937: I:58 (   2.923 242.175 785.407 ) T:18443 (   0.330 251.007 624.639 1331.199 2049.023 2064.383 )
2947.937: I:63 (   2.929 262.399 783.359 ) T:18506 (   0.330 251.135 624.639 1331.199 2049.023 2064.383 )
2957.935: I:52 (   2.927 298.495 434.943 ) T:18558 (   0.330 251.135 624.639 1331.199 2049.023 2064.383 )
2967.939: I:60 (   2.883 368.639 1139.711 ) T:18618 (   0.331 251.775 624.639 1331.199 2049.023 2064.383 )
2977.939: I:52 (   2.903 273.919 549.375 ) T:18670 (   0.331 252.031 624.639 1331.199 2049.023 2064.383 )
2987.936: I:78 (   0.168 219.903 429.567 ) T:18748 (   0.331 252.031 622.079 1331.199 2049.023 2064.383 )
2997.937: I:48 (   2.913 276.223 1600.511 ) T:18796 (   0.331 252.031 624.639 1355.775 2049.023 2064.383 )
3007.937: I:69 (   2.911 255.615 560.639 ) T:18865 (   0.332 252.031 622.079 1355.775 2049.023 2064.383 )
3017.937: I:77 (   2.887 270.335 871.935 ) T:18942 (   0.332 252.031 622.079 1355.775 2049.023 2064.383 )
3027.938: I:62 (   2.909 255.231 388.095 ) T:19004 (   0.333 252.287 621.055 1331.199 2049.023 2064.383 )
3037.937: I:52 (   0.138 286.463 1693.695 ) T:19056 (   0.333 252.415 622.079 1355.775 2049.023 2064.383 )
3047.937: I:70 (   0.193 223.231 707.071 ) T:19126 (   0.333 252.415 622.079 1355.775 2049.023 2064.383 )
3057.936: I:66 (   0.136 221.439 652.287 ) T:19192 (   0.332 252.287 625.663 1355.775 2049.023 2064.383 )
3067.938: I:48 (   2.925 301.055 466.687 ) T:19240 (   0.332 252.415 624.639 1355.775 2049.023 2064.383 )
3077.936: I:58 (   2.929 259.839 404.735 ) T:19298 (   0.333 252.415 624.639 1355.775 2049.023 2064.383 )
3087.933: I:58 (   2.939 252.671 461.311 ) T:19356 (   0.336 252.415 622.079 1355.775 2049.023 2064.383 )
3097.938: I:60 (   0.146 284.159 871.423 ) T:19416 (   0.335 252.543 622.079 1355.775 2049.023 2064.383 )
3107.936: I:60 (   0.187 223.487 1039.359 ) T:19476 (   0.334 252.415 624.639 1355.775 2049.023 2064.383 )
3117.938: I:60 (   2.931 313.599 439.295 ) T:19536 (   0.337 252.543 622.079 1355.775 2049.023 2064.383 )
3127.939: I:58 (   2.961 287.743 447.999 ) T:19594 (   0.341 252.671 622.079 1355.775 2049.023 2064.383 )
3137.936: I:60 (   0.184 247.935 1401.855 ) T:19654 (   0.339 252.671 622.079 1358.847 2049.023 2064.383 )
3147.935: I:64 (   0.164 246.527 673.279 ) T:19718 (   0.339 252.671 622.079 1358.847 2049.023 2064.383 )
3157.936: I:56 (   0.187 274.687 435.711 ) T:19774 (   0.339 252.671 622.079 1358.847 2049.023 2064.383 )
3167.937: I:64 (   2.909 285.183 964.095 ) T:19838 (   0.339 252.671 624.639 1358.847 2049.023 2064.383 )
3177.936: I:58 (   2.903 259.839 813.567 ) T:19896 (   0.341 252.799 625.663 1358.847 2049.023 2064.383 )
3187.936: I:66 (   2.891 262.143 379.135 ) T:19962 (   0.342 252.927 624.639 1358.847 2049.023 2064.383 )
3197.937: I:54 (   2.973 303.615 1033.215 ) T:20016 (   0.346 253.311 624.639 1355.775 2016.255 2064.383 )
3207.936: I:60 (   2.927 248.063 757.759 ) T:20076 (   0.347 253.311 625.663 1355.775 2016.255 2064.383 )
3217.938: I:60 (   2.969 255.615 840.703 ) T:20136 (   0.348 253.439 625.663 1355.775 2016.255 2064.383 )
3227.938: I:54 (   2.923 283.903 822.783 ) T:20190 (   0.348 253.439 627.199 1355.775 2016.255 2064.383 )
3237.938: I:68 (   2.917 253.311 531.967 ) T:20258 (   0.349 253.439 625.663 1355.775 2016.255 2064.383 )
3247.938: I:63 (   2.951 253.311 436.479 ) T:20321 (   0.350 253.311 624.639 1355.775 2016.255 2064.383 )
3257.932: I:51 (   0.257 259.455 1721.343 ) T:20372 (   0.350 253.439 627.199 1358.847 2016.255 2064.383 )
3267.939: I:57 (   0.170 185.343 787.967 ) T:20429 (   0.350 253.311 627.711 1358.847 2016.255 2064.383 )
3277.938: I:89 (   2.931 228.863 454.143 ) T:20518 (   0.350 253.311 627.199 1358.847 2016.255 2064.383 )
3287.936: I:60 (   0.190 341.503 437.503 ) T:20578 (   0.350 253.311 627.199 1358.847 2016.255 2064.383 )
3297.938: I:58 (   0.189 278.527 654.847 ) T:20636 (   0.350 253.567 627.199 1358.847 2016.255 2064.383 )
3307.938: I:54 (   2.899 270.079 521.471 ) T:20690 (   0.351 253.567 627.199 1358.847 2016.255 2064.383 )
3317.939: I:58 (   2.969 293.631 790.015 ) T:20748 (   0.354 253.823 627.199 1358.847 2016.255 2064.383 )
3327.936: I:56 (   0.132 266.495 733.695 ) T:20804 (   0.353 253.951 627.199 1358.847 2016.255 2064.383 )
3337.938: I:62 (   2.935 288.511 584.191 ) T:20866 (   0.355 253.951 627.199 1358.847 2016.255 2064.383 )
3347.938: I:66 (   2.879 220.927 956.927 ) T:20932 (   0.356 253.951 627.199 1358.847 2016.255 2064.383 )
3357.938: I:60 (   0.179 275.967 635.903 ) T:20992 (   0.356 253.951 627.711 1358.847 2016.255 2064.383 )
3367.939: I:52 (   0.147 247.039 1073.151 ) T:21044 (   0.355 253.951 627.711 1355.775 2016.255 2064.383 )
3377.936: I:54 (   0.207 241.279 477.183 ) T:21098 (   0.354 253.951 627.711 1355.775 2016.255 2064.383 )
3387.938: I:60 (   0.161 297.727 798.719 ) T:21158 (   0.354 254.079 627.711 1355.775 2016.255 2064.383 )
3397.937: I:74 (   2.917 227.071 796.159 ) T:21232 (   0.355 253.951 627.711 1355.775 2016.255 2064.383 )
3407.937: I:71 (   2.921 273.663 504.319 ) T:21303 (   0.356 254.079 627.199 1355.775 2016.255 2064.383 )
3417.936: I:55 (   2.975 274.943 798.719 ) T:21358 (   0.357 254.079 628.223 1355.775 2016.255 2064.383 )
3427.937: I:64 (   2.923 254.975 686.591 ) T:21422 (   0.357 254.079 628.223 1355.775 2016.255 2064.383 )
3437.938: I:72 (   1.756 248.959 496.639 ) T:21494 (   0.357 254.079 628.223 1355.775 2016.255 2064.383 )
3447.937: I:60 (   0.360 192.895 535.039 ) T:21554 (   0.357 254.079 627.711 1355.775 2016.255 2064.383 )
3457.938: I:64 (   0.267 273.919 1187.839 ) T:21618 (   0.357 254.079 628.223 1355.775 2016.255 2064.383 )
3467.937: I:54 (   0.195 292.095 471.551 ) T:21672 (   0.357 254.207 628.223 1355.775 2016.255 2064.383 )
3477.937: I:70 (   2.951 239.871 381.695 ) T:21742 (   0.359 254.079 627.711 1355.775 2016.255 2064.383 )
3487.937: I:59 (   0.181 307.199 1067.007 ) T:21801 (   0.359 254.207 628.223 1355.775 2016.255 2064.383 )
3497.938: I:71 (   0.196 231.423 558.591 ) T:21872 (   0.357 254.079 628.223 1355.775 2016.255 2064.383 )
3507.937: I:66 (   0.231 232.959 451.327 ) T:21938 (   0.357 254.079 627.711 1355.775 2016.255 2064.383 )
3517.937: I:56 (   2.909 311.039 401.919 ) T:21994 (   0.357 254.207 627.711 1355.775 2016.255 2064.383 )
3527.937: I:56 (   0.221 313.599 1142.783 ) T:22050 (   0.357 254.463 628.223 1331.199 2016.255 2064.383 )
3537.935: I:72 (   2.923 251.135 379.391 ) T:22122 (   0.357 254.463 627.711 1331.199 2016.255 2064.383 )
3547.936: I:58 (   0.157 287.743 450.815 ) T:22180 (   0.357 254.463 627.711 1331.199 2016.255 2064.383 )
3557.938: I:72 (   0.147 265.215 651.775 ) T:22252 (   0.357 254.591 627.711 1331.199 2016.255 2064.383 )
3567.937: I:64 (   0.129 239.103 1421.311 ) T:22316 (   0.356 254.463 627.711 1355.775 2016.255 2064.383 )
3577.937: I:62 (   0.272 312.063 461.567 ) T:22378 (   0.356 254.591 627.711 1355.775 2016.255 2064.383 )
3587.937: I:76 (   2.897 216.319 553.983 ) T:22454 (   0.357 254.463 627.199 1355.775 2016.255 2064.383 )
3597.937: I:58 (   2.883 271.359 513.535 ) T:22512 (   0.357 254.591 625.663 1355.775 2016.255 2064.383 )
3607.936: I:72 (   0.243 219.903 463.103 ) T:22584 (   0.357 254.463 625.663 1355.775 2016.255 2064.383 )
3617.938: I:68 (   2.903 289.023 672.767 ) T:22652 (   0.357 254.591 625.663 1355.775 2016.255 2064.383 )
3627.939: I:62 (   0.203 266.239 729.087 ) T:22714 (   0.357 254.719 627.199 1355.775 2016.255 2064.383 )
3637.938: I:56 (   2.911 281.087 380.927 ) T:22770 (   0.357 254.719 627.199 1355.775 2016.255 2064.383 )
3647.932: I:80 (   0.152 245.119 824.319 ) T:22850 (   0.357 254.591 627.199 1355.775 2016.255 2064.383 )
3657.936: I:70 (   2.927 175.103 1240.063 ) T:22920 (   0.357 254.463 627.199 1355.775 2016.255 2064.383 )
3667.934: I:56 (   0.131 219.903 562.687 ) T:22976 (   0.357 254.463 627.199 1355.775 2016.255 2064.383 )
3677.935: I:62 (   0.137 255.231 624.127 ) T:23038 (   0.356 254.463 625.663 1331.199 2016.255 2064.383 )
3687.935: I:64 (   0.167 239.615 369.151 ) T:23102 (   0.355 254.335 624.639 1331.199 2016.255 2064.383 )
3697.936: I:66 (   0.190 240.767 824.831 ) T:23168 (   0.355 254.335 625.663 1331.199 2016.255 2064.383 )
3707.936: I:64 (   2.945 274.687 545.791 ) T:23232 (   0.356 254.463 624.639 1331.199 2016.255 2064.383 )
3717.938: I:70 (   2.877 263.167 616.447 ) T:23302 (   0.356 254.591 624.127 1331.199 2016.255 2064.383 )
3721.707: I:30 (   2.957 250.751 499.199 ) T:23332 (   0.357 254.591 624.127 1331.199 2016.255 2064.383 )
3721.756: I:0 (   0.000   0.000   0.000 ) T:23332 (   0.357 254.591 624.127 1331.199 2016.255 2064.383 )
