#[Interval percentile log between 0.000 and <Infinite> seconds (relative to StartTime)]
#[StartTime: 1524602871.396 (seconds since epoch), Tue Apr 24 22:47:51 CEST 2018]
Time: IntervalPercentiles:count ( 50% 90% Max ) TotalPercentiles:count ( 50% 90% 99% 99.9% 99.99% Max )
10.003: I:1 (   0.034   0.034   0.034 ) T:1 (   0.034   0.034   0.034   0.034   0.034   0.034 )
20.115: I:1 (   0.157   0.157   0.157 ) T:2 (   0.034   0.157   0.157   0.157   0.157   0.157 )
29.987: I:1 (   0.135   0.135   0.135 ) T:3 (   0.135   0.157   0.157   0.157   0.157   0.157 )
39.983: I:1 (   0.197   0.197   0.197 ) T:4 (   0.135   0.197   0.197   0.197   0.197   0.197 )
49.983: I:1 (   0.130   0.130   0.130 ) T:5 (   0.135   0.197   0.197   0.197   0.197   0.197 )
59.983: I:1 (   0.107   0.107   0.107 ) T:6 (   0.130   0.197   0.197   0.197   0.197   0.197 )
69.983: I:1 (   0.111   0.111   0.111 ) T:7 (   0.130   0.197   0.197   0.197   0.197   0.197 )
79.983: I:1 (   0.142   0.142   0.142 ) T:8 (   0.130   0.197   0.197   0.197   0.197   0.197 )
89.983: I:1 (   0.101   0.101   0.101 ) T:9 (   0.130   0.197   0.197   0.197   0.197   0.197 )
99.983: I:1 (   0.073   0.073   0.073 ) T:10 (   0.111   0.157   0.197   0.197   0.197   0.197 )
109.983: I:1 (   0.087   0.087   0.087 ) T:11 (   0.111   0.157   0.197   0.197   0.197   0.197 )
119.983: I:1 (   0.102   0.102   0.102 ) T:12 (   0.107   0.157   0.197   0.197   0.197   0.197 )
129.983: I:1 (   0.062   0.062   0.062 ) T:13 (   0.107   0.157   0.197   0.197   0.197   0.197 )
139.983: I:1 (   0.080   0.080   0.080 ) T:14 (   0.102   0.157   0.197   0.197   0.197   0.197 )
149.983: I:1 (   0.082   0.082   0.082 ) T:15 (   0.102   0.157   0.197   0.197   0.197   0.197 )
159.983: I:1 (   0.101   0.101   0.101 ) T:16 (   0.101   0.157   0.197   0.197   0.197   0.197 )
169.983: I:1 (   0.075   0.075   0.075 ) T:17 (   0.101   0.157   0.197   0.197   0.197   0.197 )
179.983: I:1 (   0.101   0.101   0.101 ) T:18 (   0.101   0.157   0.197   0.197   0.197   0.197 )
189.984: I:1 (   0.098   0.098   0.098 ) T:19 (   0.101   0.157   0.197   0.197   0.197   0.197 )
199.983: I:1 (   0.108   0.108   0.108 ) T:20 (   0.101   0.142   0.197   0.197   0.197   0.197 )
209.983: I:1 (   0.131   0.131   0.131 ) T:21 (   0.101   0.142   0.197   0.197   0.197   0.197 )
219.983: I:1 (   0.092   0.092   0.092 ) T:22 (   0.101   0.142   0.197   0.197   0.197   0.197 )
229.983: I:1 (   0.137   0.137   0.137 ) T:23 (   0.101   0.142   0.197   0.197   0.197   0.197 )
239.983: I:1 (   0.125   0.125   0.125 ) T:24 (   0.101   0.142   0.197   0.197   0.197   0.197 )
249.987: I:1 (   0.128   0.128   0.128 ) T:25 (   0.102   0.142   0.197   0.197   0.197   0.197 )
259.983: I:1 (   0.066   0.066   0.066 ) T:26 (   0.101   0.142   0.197   0.197   0.197   0.197 )
269.983: I:1 (   0.050   0.050   0.050 ) T:27 (   0.101   0.142   0.197   0.197   0.197   0.197 )
279.983: I:1 (   0.051   0.051   0.051 ) T:28 (   0.101   0.142   0.197   0.197   0.197   0.197 )
289.983: I:1 (   0.083   0.083   0.083 ) T:29 (   0.101   0.142   0.197   0.197   0.197   0.197 )
299.983: I:1 (   0.096   0.096   0.096 ) T:30 (   0.101   0.137   0.197   0.197   0.197   0.197 )
309.983: I:1 (   0.102   0.102   0.102 ) T:31 (   0.101   0.137   0.197   0.197   0.197   0.197 )
319.983: I:1 (   0.080   0.080   0.080 ) T:32 (   0.101   0.137   0.197   0.197   0.197   0.197 )
329.984: I:1 (   0.110   0.110   0.110 ) T:33 (   0.101   0.137   0.197   0.197   0.197   0.197 )
339.982: I:1 (   0.075   0.075   0.075 ) T:34 (   0.101   0.137   0.197   0.197   0.197   0.197 )
349.983: I:1 (   0.099   0.099   0.099 ) T:35 (   0.101   0.137   0.197   0.197   0.197   0.197 )
359.983: I:1 (   0.090   0.090   0.090 ) T:36 (   0.099   0.137   0.197   0.197   0.197   0.197 )
369.983: I:1 (   0.131   0.131   0.131 ) T:37 (   0.101   0.137   0.197   0.197   0.197   0.197 )
379.983: I:1 (   0.102   0.102   0.102 ) T:38 (   0.101   0.137   0.197   0.197   0.197   0.197 )
389.983: I:1 (   0.114   0.114   0.114 ) T:39 (   0.101   0.137   0.197   0.197   0.197   0.197 )
399.983: I:1 (   0.137   0.137   0.137 ) T:40 (   0.101   0.137   0.197   0.197   0.197   0.197 )
409.983: I:1 (   0.109   0.109   0.109 ) T:41 (   0.101   0.137   0.197   0.197   0.197   0.197 )
419.983: I:1 (   0.156   0.156   0.156 ) T:42 (   0.101   0.137   0.197   0.197   0.197   0.197 )
429.983: I:1 (   0.185   0.185   0.185 ) T:43 (   0.102   0.142   0.197   0.197   0.197   0.197 )
439.983: I:1 (   0.198   0.198   0.198 ) T:44 (   0.102   0.156   0.198   0.198   0.198   0.198 )
449.983: I:1 (   0.197   0.197   0.197 ) T:45 (   0.102   0.157   0.198   0.198   0.198   0.198 )
459.983: I:1 (   0.221   0.221   0.221 ) T:46 (   0.102   0.185   0.221   0.221   0.221   0.221 )
469.983: I:1 (   0.181   0.181   0.181 ) T:47 (   0.102   0.185   0.221   0.221   0.221   0.221 )
479.983: I:1 (   0.213   0.213   0.213 ) T:48 (   0.102   0.197   0.221   0.221   0.221   0.221 )
489.983: I:1 (   0.213   0.213   0.213 ) T:49 (   0.107   0.197   0.221   0.221   0.221   0.221 )
499.983: I:1 (   0.225   0.225   0.225 ) T:50 (   0.107   0.197   0.225   0.225   0.225   0.225 )
509.983: I:1 (   0.204   0.204   0.204 ) T:51 (   0.108   0.198   0.225   0.225   0.225   0.225 )
519.983: I:1 (   0.088   0.088   0.088 ) T:52 (   0.107   0.198   0.225   0.225   0.225   0.225 )
529.983: I:1 (   0.054   0.054   0.054 ) T:53 (   0.107   0.198   0.225   0.225   0.225   0.225 )
539.983: I:1 (   0.069   0.069   0.069 ) T:54 (   0.102   0.198   0.225   0.225   0.225   0.225 )
549.983: I:1 (   0.093   0.093   0.093 ) T:55 (   0.102   0.198   0.225   0.225   0.225   0.225 )
559.983: I:1 (   0.071   0.071   0.071 ) T:56 (   0.102   0.198   0.225   0.225   0.225   0.225 )
569.983: I:1 (   0.116   0.116   0.116 ) T:57 (   0.102   0.198   0.225   0.225   0.225   0.225 )
579.983: I:1 (   0.070   0.070   0.070 ) T:58 (   0.102   0.198   0.225   0.225   0.225   0.225 )
589.983: I:1 (   0.068   0.068   0.068 ) T:59 (   0.102   0.198   0.225   0.225   0.225   0.225 )
599.983: I:1 (   0.101   0.101   0.101 ) T:60 (   0.102   0.197   0.225   0.225   0.225   0.225 )
609.983: I:1 (   0.109   0.109   0.109 ) T:61 (   0.102   0.197   0.225   0.225   0.225   0.225 )
619.983: I:1 (   0.114   0.114   0.114 ) T:62 (   0.102   0.197   0.225   0.225   0.225   0.225 )
629.983: I:1 (   0.181   0.181   0.181 ) T:63 (   0.102   0.197   0.225   0.225   0.225   0.225 )
639.983: I:1 (   0.182   0.182   0.182 ) T:64 (   0.102   0.197   0.225   0.225   0.225   0.225 )
649.983: I:1 (   0.100   0.100   0.100 ) T:65 (   0.102   0.197   0.225   0.225   0.225   0.225 )
659.983: I:1 (   0.095   0.095   0.095 ) T:66 (   0.102   0.197   0.225   0.225   0.225   0.225 )
669.983: I:1 (   0.156   0.156   0.156 ) T:67 (   0.102   0.197   0.225   0.225   0.225   0.225 )
679.983: I:1 (   0.149   0.149   0.149 ) T:68 (   0.102   0.197   0.225   0.225   0.225   0.225 )
689.983: I:1 (   0.169   0.169   0.169 ) T:69 (   0.107   0.197   0.225   0.225   0.225   0.225 )
699.983: I:1 (   0.152   0.152   0.152 ) T:70 (   0.107   0.197   0.225   0.225   0.225   0.225 )
709.983: I:1 (   0.175   0.175   0.175 ) T:71 (   0.108   0.197   0.225   0.225   0.225   0.225 )
719.983: I:1 (   0.160   0.160   0.160 ) T:72 (   0.108   0.197   0.225   0.225   0.225   0.225 )
729.983: I:1 (   0.161   0.161   0.161 ) T:73 (   0.109   0.197   0.225   0.225   0.225   0.225 )
739.983: I:1 (   0.188   0.188   0.188 ) T:74 (   0.109   0.197   0.225   0.225   0.225   0.225 )
749.983: I:1 (   0.158   0.158   0.158 ) T:75 (   0.109   0.197   0.225   0.225   0.225   0.225 )
759.983: I:1 (   0.220   0.220   0.220 ) T:76 (   0.109   0.197   0.225   0.225   0.225   0.225 )
769.983: I:1 (   0.040   0.040   0.040 ) T:77 (   0.109   0.197   0.225   0.225   0.225   0.225 )
779.983: I:1 (   0.090   0.090   0.090 ) T:78 (   0.109   0.197   0.225   0.225   0.225   0.225 )
789.983: I:1 (   0.088   0.088   0.088 ) T:79 (   0.109   0.197   0.225   0.225   0.225   0.225 )
799.983: I:1 (   0.072   0.072   0.072 ) T:80 (   0.108   0.197   0.225   0.225   0.225   0.225 )
809.983: I:1 (   0.131   0.131   0.131 ) T:81 (   0.109   0.197   0.225   0.225   0.225   0.225 )
819.983: I:1 (   0.078   0.078   0.078 ) T:82 (   0.108   0.197   0.225   0.225   0.225   0.225 )
829.983: I:1 (   0.107   0.107   0.107 ) T:83 (   0.108   0.197   0.225   0.225   0.225   0.225 )
839.983: I:1 (   0.102   0.102   0.102 ) T:84 (   0.107   0.197   0.225   0.225   0.225   0.225 )
849.983: I:1 (   0.138   0.138   0.138 ) T:85 (   0.108   0.197   0.225   0.225   0.225   0.225 )
859.983: I:1 (   0.153   0.153   0.153 ) T:86 (   0.108   0.197   0.225   0.225   0.225   0.225 )
869.983: I:1 (   0.164   0.164   0.164 ) T:87 (   0.109   0.197   0.225   0.225   0.225   0.225 )
879.983: I:1 (   0.146   0.146   0.146 ) T:88 (   0.109   0.197   0.225   0.225   0.225   0.225 )
889.983: I:1 (   0.199   0.199   0.199 ) T:89 (   0.109   0.197   0.225   0.225   0.225   0.225 )
899.983: I:1 (   0.193   0.193   0.193 ) T:90 (   0.109   0.197   0.225   0.225   0.225   0.225 )
909.983: I:1 (   0.204   0.204   0.204 ) T:91 (   0.110   0.197   0.225   0.225   0.225   0.225 )
919.983: I:1 (   0.106   0.106   0.106 ) T:92 (   0.109   0.197   0.225   0.225   0.225   0.225 )
929.983: I:1 (   0.108   0.108   0.108 ) T:93 (   0.109   0.197   0.225   0.225   0.225   0.225 )
939.983: I:1 (   0.115   0.115   0.115 ) T:94 (   0.109   0.197   0.225   0.225   0.225   0.225 )
949.985: I:1 (   0.099   0.099   0.099 ) T:95 (   0.109   0.197   0.225   0.225   0.225   0.225 )
959.983: I:1 (   0.112   0.112   0.112 ) T:96 (   0.109   0.197   0.225   0.225   0.225   0.225 )
969.983: I:1 (   0.143   0.143   0.143 ) T:97 (   0.110   0.197   0.225   0.225   0.225   0.225 )
979.983: I:1 (   0.139   0.139   0.139 ) T:98 (   0.110   0.197   0.225   0.225   0.225   0.225 )
989.983: I:1 (   0.164   0.164   0.164 ) T:99 (   0.111   0.197   0.225   0.225   0.225   0.225 )
999.983: I:1 (   0.188   0.188   0.188 ) T:100 (   0.111   0.197   0.221   0.225   0.225   0.225 )
1009.983: I:1 (   0.216   0.216   0.216 ) T:101 (   0.112   0.197   0.221   0.225   0.225   0.225 )
1019.987: I:1 (   0.193   0.193   0.193 ) T:102 (   0.112   0.197   0.221   0.225   0.225   0.225 )
1029.983: I:1 (   0.172   0.172   0.172 ) T:103 (   0.114   0.197   0.221   0.225   0.225   0.225 )
1039.983: I:1 (   0.232   0.232   0.232 ) T:104 (   0.114   0.198   0.225   0.232   0.232   0.232 )
1049.983: I:1 (   0.214   0.214   0.214 ) T:105 (   0.114   0.199   0.225   0.232   0.232   0.232 )
1059.983: I:1 (   0.076   0.076   0.076 ) T:106 (   0.114   0.199   0.225   0.232   0.232   0.232 )
1069.983: I:1 (   0.083   0.083   0.083 ) T:107 (   0.114   0.199   0.225   0.232   0.232   0.232 )
1079.983: I:1 (   0.128   0.128   0.128 ) T:108 (   0.114   0.199   0.225   0.232   0.232   0.232 )
1089.983: I:1 (   0.116   0.116   0.116 ) T:109 (   0.114   0.199   0.225   0.232   0.232   0.232 )
1099.983: I:1 (   0.118   0.118   0.118 ) T:110 (   0.114   0.198   0.225   0.232   0.232   0.232 )
1109.983: I:1 (   0.183   0.183   0.183 ) T:111 (   0.115   0.198   0.225   0.232   0.232   0.232 )
1119.983: I:1 (   0.191   0.191   0.191 ) T:112 (   0.115   0.198   0.225   0.232   0.232   0.232 )
1129.983: I:1 (   0.167   0.167   0.167 ) T:113 (   0.116   0.198   0.225   0.232   0.232   0.232 )
1139.983: I:1 (   0.174   0.174   0.174 ) T:114 (   0.116   0.198   0.225   0.232   0.232   0.232 )
1149.983: I:1 (   0.194   0.194   0.194 ) T:115 (   0.116   0.198   0.225   0.232   0.232   0.232 )
1159.983: I:1 (   0.199   0.199   0.199 ) T:116 (   0.116   0.199   0.225   0.232   0.232   0.232 )
1169.983: I:1 (   0.202   0.202   0.202 ) T:117 (   0.118   0.199   0.225   0.232   0.232   0.232 )
1179.983: I:1 (   0.215   0.215   0.215 ) T:118 (   0.118   0.202   0.225   0.232   0.232   0.232 )
1189.983: I:1 (   0.190   0.190   0.190 ) T:119 (   0.125   0.202   0.225   0.232   0.232   0.232 )
1199.983: I:1 (   0.062   0.062   0.062 ) T:120 (   0.118   0.199   0.225   0.232   0.232   0.232 )
1209.983: I:1 (   0.079   0.079   0.079 ) T:121 (   0.118   0.199   0.225   0.232   0.232   0.232 )
1219.983: I:1 (   0.095   0.095   0.095 ) T:122 (   0.116   0.199   0.225   0.232   0.232   0.232 )
1229.983: I:1 (   0.143   0.143   0.143 ) T:123 (   0.118   0.199   0.225   0.232   0.232   0.232 )
1239.983: I:1 (   0.125   0.125   0.125 ) T:124 (   0.118   0.199   0.225   0.232   0.232   0.232 )
1249.983: I:1 (   0.158   0.158   0.158 ) T:125 (   0.125   0.199   0.225   0.232   0.232   0.232 )
1259.983: I:1 (   0.182   0.182   0.182 ) T:126 (   0.125   0.199   0.225   0.232   0.232   0.232 )
1269.983: I:1 (   0.177   0.177   0.177 ) T:127 (   0.125   0.199   0.225   0.232   0.232   0.232 )
1279.983: I:1 (   0.176   0.176   0.176 ) T:128 (   0.125   0.199   0.225   0.232   0.232   0.232 )
1289.983: I:1 (   0.079   0.079   0.079 ) T:129 (   0.125   0.199   0.225   0.232   0.232   0.232 )
1299.983: I:1 (   0.091   0.091   0.091 ) T:130 (   0.125   0.199   0.225   0.232   0.232   0.232 )
1309.983: I:1 (   0.096   0.096   0.096 ) T:131 (   0.125   0.199   0.225   0.232   0.232   0.232 )
1319.983: I:1 (   0.137   0.137   0.137 ) T:132 (   0.125   0.199   0.225   0.232   0.232   0.232 )
1329.983: I:1 (   0.096   0.096   0.096 ) T:133 (   0.125   0.199   0.225   0.232   0.232   0.232 )
1339.983: I:1 (   0.123   0.123   0.123 ) T:134 (   0.123   0.199   0.225   0.232   0.232   0.232 )
1349.983: I:1 (   0.149   0.149   0.149 ) T:135 (   0.125   0.199   0.225   0.232   0.232   0.232 )
1359.983: I:1 (   0.135   0.135   0.135 ) T:136 (   0.125   0.199   0.225   0.232   0.232   0.232 )
1369.983: I:1 (   0.140   0.140   0.140 ) T:137 (   0.125   0.199   0.225   0.232   0.232   0.232 )
1379.983: I:1 (   0.177   0.177   0.177 ) T:138 (   0.125   0.199   0.225   0.232   0.232   0.232 )
1389.983: I:1 (   0.173   0.173   0.173 ) T:139 (   0.128   0.199   0.225   0.232   0.232   0.232 )
1399.983: I:1 (   0.186   0.186   0.186 ) T:140 (   0.128   0.198   0.225   0.232   0.232   0.232 )
1409.983: I:1 (   0.202   0.202   0.202 ) T:141 (   0.128   0.199   0.225   0.232   0.232   0.232 )
1419.983: I:1 (   0.218   0.218   0.218 ) T:142 (   0.128   0.199   0.225   0.232   0.232   0.232 )
1429.983: I:1 (   0.218   0.218   0.218 ) T:143 (   0.130   0.202   0.225   0.232   0.232   0.232 )
1439.983: I:1 (   0.182   0.182   0.182 ) T:144 (   0.130   0.202   0.225   0.232   0.232   0.232 )
1449.983: I:1 (   0.085   0.085   0.085 ) T:145 (   0.130   0.202   0.225   0.232   0.232   0.232 )
1459.983: I:1 (   0.076   0.076   0.076 ) T:146 (   0.128   0.202   0.225   0.232   0.232   0.232 )
1469.983: I:1 (   0.084   0.084   0.084 ) T:147 (   0.128   0.202   0.225   0.232   0.232   0.232 )
1479.983: I:1 (   0.089   0.089   0.089 ) T:148 (   0.128   0.202   0.225   0.232   0.232   0.232 )
1489.983: I:1 (   0.115   0.115   0.115 ) T:149 (   0.128   0.202   0.225   0.232   0.232   0.232 )
1499.983: I:1 (   0.129   0.129   0.129 ) T:150 (   0.128   0.199   0.225   0.232   0.232   0.232 )
1509.983: I:1 (   0.101   0.101   0.101 ) T:151 (   0.128   0.199   0.225   0.232   0.232   0.232 )
1519.983: I:1 (   0.133   0.133   0.133 ) T:152 (   0.128   0.199   0.225   0.232   0.232   0.232 )
1529.983: I:1 (   0.121   0.121   0.121 ) T:153 (   0.128   0.199   0.225   0.232   0.232   0.232 )
1539.983: I:1 (   0.194   0.194   0.194 ) T:154 (   0.128   0.199   0.225   0.232   0.232   0.232 )
1549.983: I:1 (   0.187   0.187   0.187 ) T:155 (   0.128   0.199   0.225   0.232   0.232   0.232 )
1559.983: I:1 (   0.156   0.156   0.156 ) T:156 (   0.128   0.199   0.225   0.232   0.232   0.232 )
1569.983: I:1 (   0.202   0.202   0.202 ) T:157 (   0.129   0.202   0.225   0.232   0.232   0.232 )
1579.986: I:1 (   0.211   0.211   0.211 ) T:158 (   0.129   0.202   0.225   0.232   0.232   0.232 )
1589.983: I:1 (   0.210   0.210   0.210 ) T:159 (   0.130   0.202   0.225   0.232   0.232   0.232 )
1599.983: I:1 (   0.105   0.105   0.105 ) T:160 (   0.129   0.202   0.225   0.232   0.232   0.232 )
1609.983: I:1 (   0.074   0.074   0.074 ) T:161 (   0.129   0.202   0.225   0.232   0.232   0.232 )
1619.983: I:1 (   0.082   0.082   0.082 ) T:162 (   0.128   0.202   0.225   0.232   0.232   0.232 )
1629.983: I:1 (   0.119   0.119   0.119 ) T:163 (   0.128   0.202   0.225   0.232   0.232   0.232 )
1639.983: I:1 (   0.070   0.070   0.070 ) T:164 (   0.128   0.202   0.225   0.232   0.232   0.232 )
1649.983: I:1 (   0.099   0.099   0.099 ) T:165 (   0.128   0.202   0.225   0.232   0.232   0.232 )
1659.983: I:1 (   0.109   0.109   0.109 ) T:166 (   0.125   0.202   0.225   0.232   0.232   0.232 )
1669.983: I:1 (   0.128   0.128   0.128 ) T:167 (   0.128   0.202   0.225   0.232   0.232   0.232 )
1679.983: I:1 (   0.153   0.153   0.153 ) T:168 (   0.128   0.202   0.225   0.232   0.232   0.232 )
1689.983: I:1 (   0.145   0.145   0.145 ) T:169 (   0.128   0.202   0.225   0.232   0.232   0.232 )
1699.983: I:1 (   0.163   0.163   0.163 ) T:170 (   0.128   0.202   0.225   0.232   0.232   0.232 )
1709.985: I:1 (   0.156   0.156   0.156 ) T:171 (   0.128   0.202   0.225   0.232   0.232   0.232 )
1719.982: I:1 (   0.151   0.151   0.151 ) T:172 (   0.128   0.202   0.225   0.232   0.232   0.232 )
1729.983: I:1 (   0.153   0.153   0.153 ) T:173 (   0.129   0.202   0.225   0.232   0.232   0.232 )
1739.983: I:1 (   0.188   0.188   0.188 ) T:174 (   0.129   0.202   0.225   0.232   0.232   0.232 )
1749.983: I:1 (   0.223   0.223   0.223 ) T:175 (   0.130   0.202   0.225   0.232   0.232   0.232 )
1759.983: I:1 (   0.216   0.216   0.216 ) T:176 (   0.130   0.202   0.225   0.232   0.232   0.232 )
1769.983: I:1 (   0.217   0.217   0.217 ) T:177 (   0.131   0.204   0.225   0.232   0.232   0.232 )
1779.983: I:1 (   0.065   0.065   0.065 ) T:178 (   0.130   0.204   0.225   0.232   0.232   0.232 )
1789.983: I:1 (   0.076   0.076   0.076 ) T:179 (   0.130   0.204   0.225   0.232   0.232   0.232 )
1799.983: I:1 (   0.110   0.110   0.110 ) T:180 (   0.129   0.202   0.225   0.232   0.232   0.232 )
1809.983: I:1 (   0.092   0.092   0.092 ) T:181 (   0.129   0.202   0.225   0.232   0.232   0.232 )
1819.983: I:1 (   0.117   0.117   0.117 ) T:182 (   0.128   0.202   0.225   0.232   0.232   0.232 )
1829.983: I:1 (   0.125   0.125   0.125 ) T:183 (   0.128   0.202   0.225   0.232   0.232   0.232 )
1839.983: I:1 (   0.155   0.155   0.155 ) T:184 (   0.128   0.202   0.225   0.232   0.232   0.232 )
1849.983: I:1 (   0.154   0.154   0.154 ) T:185 (   0.129   0.202   0.225   0.232   0.232   0.232 )
1859.983: I:1 (   0.154   0.154   0.154 ) T:186 (   0.129   0.202   0.225   0.232   0.232   0.232 )
1869.983: I:1 (   0.165   0.165   0.165 ) T:187 (   0.130   0.202   0.225   0.232   0.232   0.232 )
1879.983: I:1 (   0.182   0.182   0.182 ) T:188 (   0.130   0.202   0.225   0.232   0.232   0.232 )
1889.983: I:1 (   0.186   0.186   0.186 ) T:189 (   0.131   0.202   0.225   0.232   0.232   0.232 )
1899.983: I:1 (   0.116   0.116   0.116 ) T:190 (   0.130   0.202   0.225   0.232   0.232   0.232 )
1909.983: I:1 (   0.107   0.107   0.107 ) T:191 (   0.130   0.202   0.225   0.232   0.232   0.232 )
1919.983: I:1 (   0.114   0.114   0.114 ) T:192 (   0.129   0.202   0.225   0.232   0.232   0.232 )
1929.983: I:1 (   0.093   0.093   0.093 ) T:193 (   0.129   0.202   0.225   0.232   0.232   0.232 )
1939.984: I:1 (   0.122   0.122   0.122 ) T:194 (   0.128   0.202   0.225   0.232   0.232   0.232 )
1949.982: I:1 (   0.116   0.116   0.116 ) T:195 (   0.128   0.202   0.225   0.232   0.232   0.232 )
1959.983: I:1 (   0.112   0.112   0.112 ) T:196 (   0.128   0.202   0.225   0.232   0.232   0.232 )
1969.983: I:1 (   0.128   0.128   0.128 ) T:197 (   0.128   0.202   0.225   0.232   0.232   0.232 )
1979.983: I:1 (   0.152   0.152   0.152 ) T:198 (   0.128   0.202   0.225   0.232   0.232   0.232 )
1989.983: I:1 (   0.162   0.162   0.162 ) T:199 (   0.128   0.202   0.225   0.232   0.232   0.232 )
1999.983: I:1 (   0.169   0.169   0.169 ) T:200 (   0.128   0.202   0.223   0.232   0.232   0.232 )
2009.983: I:1 (   0.158   0.158   0.158 ) T:201 (   0.129   0.202   0.223   0.232   0.232   0.232 )
2019.983: I:1 (   0.195   0.195   0.195 ) T:202 (   0.129   0.202   0.223   0.232   0.232   0.232 )
2029.983: I:1 (   0.110   0.110   0.110 ) T:203 (   0.129   0.202   0.223   0.232   0.232   0.232 )
2039.983: I:1 (   0.118   0.118   0.118 ) T:204 (   0.128   0.202   0.223   0.232   0.232   0.232 )
2049.983: I:1 (   0.078   0.078   0.078 ) T:205 (   0.128   0.202   0.223   0.232   0.232   0.232 )
2059.983: I:1 (   0.082   0.082   0.082 ) T:206 (   0.128   0.202   0.223   0.232   0.232   0.232 )
2069.983: I:1 (   0.089   0.089   0.089 ) T:207 (   0.128   0.202   0.223   0.232   0.232   0.232 )
2079.983: I:1 (   0.138   0.138   0.138 ) T:208 (   0.128   0.202   0.223   0.232   0.232   0.232 )
2089.983: I:1 (   0.141   0.141   0.141 ) T:209 (   0.128   0.202   0.223   0.232   0.232   0.232 )
2099.983: I:1 (   0.116   0.116   0.116 ) T:210 (   0.128   0.199   0.223   0.232   0.232   0.232 )
2109.983: I:1 (   0.149   0.149   0.149 ) T:211 (   0.128   0.199   0.223   0.232   0.232   0.232 )
2119.983: I:1 (   0.163   0.163   0.163 ) T:212 (   0.128   0.199   0.223   0.232   0.232   0.232 )
2129.983: I:1 (   0.188   0.188   0.188 ) T:213 (   0.129   0.199   0.223   0.232   0.232   0.232 )
2139.983: I:1 (   0.237   0.237   0.237 ) T:214 (   0.129   0.202   0.225   0.237   0.237   0.237 )
2149.983: I:1 (   0.194   0.194   0.194 ) T:215 (   0.130   0.202   0.225   0.237   0.237   0.237 )
2159.983: I:1 (   0.056   0.056   0.056 ) T:216 (   0.129   0.202   0.225   0.237   0.237   0.237 )
2169.983: I:1 (   0.084   0.084   0.084 ) T:217 (   0.129   0.202   0.225   0.237   0.237   0.237 )
2179.983: I:1 (   0.064   0.064   0.064 ) T:218 (   0.128   0.202   0.225   0.237   0.237   0.237 )
2189.983: I:1 (   0.134   0.134   0.134 ) T:219 (   0.129   0.202   0.225   0.237   0.237   0.237 )
2199.983: I:1 (   0.079   0.079   0.079 ) T:220 (   0.128   0.199   0.225   0.237   0.237   0.237 )
2209.983: I:1 (   0.083   0.083   0.083 ) T:221 (   0.128   0.199   0.225   0.237   0.237   0.237 )
2219.983: I:1 (   0.154   0.154   0.154 ) T:222 (   0.128   0.199   0.225   0.237   0.237   0.237 )
2229.983: I:1 (   0.114   0.114   0.114 ) T:223 (   0.128   0.199   0.225   0.237   0.237   0.237 )
2239.983: I:1 (   0.143   0.143   0.143 ) T:224 (   0.128   0.199   0.225   0.237   0.237   0.237 )
2249.983: I:1 (   0.213   0.213   0.213 ) T:225 (   0.129   0.202   0.225   0.237   0.237   0.237 )
2259.983: I:1 (   0.195   0.195   0.195 ) T:226 (   0.129   0.202   0.225   0.237   0.237   0.237 )
2269.983: I:1 (   0.190   0.190   0.190 ) T:227 (   0.130   0.202   0.225   0.237   0.237   0.237 )
2279.983: I:1 (   0.199   0.199   0.199 ) T:228 (   0.130   0.202   0.225   0.237   0.237   0.237 )
2289.983: I:1 (   0.057   0.057   0.057 ) T:229 (   0.130   0.202   0.225   0.237   0.237   0.237 )
2299.983: I:1 (   0.086   0.086   0.086 ) T:230 (   0.129   0.199   0.225   0.237   0.237   0.237 )
2309.983: I:1 (   0.085   0.085   0.085 ) T:231 (   0.129   0.199   0.225   0.237   0.237   0.237 )
2319.983: I:1 (   0.111   0.111   0.111 ) T:232 (   0.128   0.199   0.225   0.237   0.237   0.237 )
2329.983: I:1 (   0.084   0.084   0.084 ) T:233 (   0.128   0.199   0.225   0.237   0.237   0.237 )
2339.983: I:1 (   0.125   0.125   0.125 ) T:234 (   0.128   0.199   0.225   0.237   0.237   0.237 )
2349.983: I:1 (   0.101   0.101   0.101 ) T:235 (   0.128   0.199   0.225   0.237   0.237   0.237 )
2359.983: I:1 (   0.106   0.106   0.106 ) T:236 (   0.128   0.199   0.225   0.237   0.237   0.237 )
2369.983: I:1 (   0.138   0.138   0.138 ) T:237 (   0.128   0.199   0.225   0.237   0.237   0.237 )
2379.983: I:1 (   0.167   0.167   0.167 ) T:238 (   0.128   0.199   0.225   0.237   0.237   0.237 )
2389.983: I:1 (   0.185   0.185   0.185 ) T:239 (   0.128   0.199   0.225   0.237   0.237   0.237 )
2399.983: I:1 (   0.241   0.241   0.241 ) T:240 (   0.128   0.199   0.232   0.241   0.241   0.241 )
2409.983: I:1 (   0.120   0.120   0.120 ) T:241 (   0.128   0.199   0.232   0.241   0.241   0.241 )
2419.983: I:1 (   0.122   0.122   0.122 ) T:242 (   0.128   0.199   0.232   0.241   0.241   0.241 )
2429.983: I:1 (   0.120   0.120   0.120 ) T:243 (   0.128   0.199   0.232   0.241   0.241   0.241 )
2439.983: I:1 (   0.112   0.112   0.112 ) T:244 (   0.128   0.199   0.232   0.241   0.241   0.241 )
2449.983: I:1 (   0.104   0.104   0.104 ) T:245 (   0.128   0.199   0.232   0.241   0.241   0.241 )
2459.983: I:1 (   0.127   0.127   0.127 ) T:246 (   0.128   0.199   0.232   0.241   0.241   0.241 )
2469.983: I:1 (   0.146   0.146   0.146 ) T:247 (   0.128   0.199   0.232   0.241   0.241   0.241 )
2479.983: I:1 (   0.196   0.196   0.196 ) T:248 (   0.128   0.199   0.232   0.241   0.241   0.241 )
2489.983: I:1 (   0.184   0.184   0.184 ) T:249 (   0.128   0.199   0.232   0.241   0.241   0.241 )
2499.983: I:1 (   0.228   0.228   0.228 ) T:250 (   0.128   0.199   0.232   0.241   0.241   0.241 )
2509.983: I:1 (   0.050   0.050   0.050 ) T:251 (   0.128   0.199   0.232   0.241   0.241   0.241 )
2519.983: I:1 (   0.114   0.114   0.114 ) T:252 (   0.128   0.199   0.232   0.241   0.241   0.241 )
2529.983: I:1 (   0.109   0.109   0.109 ) T:253 (   0.128   0.199   0.232   0.241   0.241   0.241 )
2539.983: I:1 (   0.100   0.100   0.100 ) T:254 (   0.128   0.199   0.232   0.241   0.241   0.241 )
2549.983: I:1 (   0.124   0.124   0.124 ) T:255 (   0.128   0.199   0.232   0.241   0.241   0.241 )
2559.983: I:1 (   0.098   0.098   0.098 ) T:256 (   0.127   0.199   0.232   0.241   0.241   0.241 )
2569.983: I:1 (   0.119   0.119   0.119 ) T:257 (   0.127   0.199   0.232   0.241   0.241   0.241 )
2579.983: I:1 (   0.116   0.116   0.116 ) T:258 (   0.125   0.199   0.232   0.241   0.241   0.241 )
2589.983: I:1 (   0.171   0.171   0.171 ) T:259 (   0.127   0.199   0.232   0.241   0.241   0.241 )
2599.983: I:1 (   0.155   0.155   0.155 ) T:260 (   0.127   0.199   0.232   0.241   0.241   0.241 )
2609.983: I:1 (   0.168   0.168   0.168 ) T:261 (   0.128   0.199   0.232   0.241   0.241   0.241 )
2619.983: I:1 (   0.176   0.176   0.176 ) T:262 (   0.128   0.199   0.232   0.241   0.241   0.241 )
2629.983: I:1 (   0.215   0.215   0.215 ) T:263 (   0.128   0.199   0.232   0.241   0.241   0.241 )
2639.983: I:1 (   0.174   0.174   0.174 ) T:264 (   0.128   0.199   0.232   0.241   0.241   0.241 )
2649.983: I:1 (   0.182   0.182   0.182 ) T:265 (   0.128   0.199   0.232   0.241   0.241   0.241 )
2659.983: I:1 (   0.100   0.100   0.100 ) T:266 (   0.128   0.199   0.232   0.241   0.241   0.241 )
2669.983: I:1 (   0.062   0.062   0.062 ) T:267 (   0.128   0.199   0.232   0.241   0.241   0.241 )
2679.983: I:1 (   0.074   0.074   0.074 ) T:268 (   0.128   0.199   0.232   0.241   0.241   0.241 )
2689.983: I:1 (   0.120   0.120   0.120 ) T:269 (   0.128   0.199   0.232   0.241   0.241   0.241 )
2699.983: I:1 (   0.121   0.121   0.121 ) T:270 (   0.127   0.199   0.232   0.241   0.241   0.241 )
2709.983: I:1 (   0.125   0.125   0.125 ) T:271 (   0.127   0.199   0.232   0.241   0.241   0.241 )
2719.983: I:1 (   0.111   0.111   0.111 ) T:272 (   0.125   0.199   0.232   0.241   0.241   0.241 )
2729.983: I:1 (   0.157   0.157   0.157 ) T:273 (   0.127   0.199   0.232   0.241   0.241   0.241 )
2739.983: I:1 (   0.124   0.124   0.124 ) T:274 (   0.125   0.199   0.232   0.241   0.241   0.241 )
2749.983: I:1 (   0.173   0.173   0.173 ) T:275 (   0.127   0.199   0.232   0.241   0.241   0.241 )
2759.983: I:1 (   0.147   0.147   0.147 ) T:276 (   0.127   0.199   0.232   0.241   0.241   0.241 )
2769.983: I:1 (   0.180   0.180   0.180 ) T:277 (   0.128   0.199   0.232   0.241   0.241   0.241 )
2779.983: I:1 (   0.204   0.204   0.204 ) T:278 (   0.128   0.199   0.232   0.241   0.241   0.241 )
2789.983: I:1 (   0.082   0.082   0.082 ) T:279 (   0.128   0.199   0.232   0.241   0.241   0.241 )
2799.983: I:1 (   0.103   0.103   0.103 ) T:280 (   0.127   0.199   0.232   0.241   0.241   0.241 )
2809.983: I:1 (   0.123   0.123   0.123 ) T:281 (   0.127   0.199   0.232   0.241   0.241   0.241 )
2819.983: I:1 (   0.080   0.080   0.080 ) T:282 (   0.125   0.199   0.232   0.241   0.241   0.241 )
2829.983: I:1 (   0.088   0.088   0.088 ) T:283 (   0.125   0.199   0.232   0.241   0.241   0.241 )
2839.983: I:1 (   0.102   0.102   0.102 ) T:284 (   0.125   0.199   0.232   0.241   0.241   0.241 )
2849.983: I:1 (   0.122   0.122   0.122 ) T:285 (   0.125   0.199   0.232   0.241   0.241   0.241 )
2859.983: I:1 (   0.126   0.126   0.126 ) T:286 (   0.125   0.199   0.232   0.241   0.241   0.241 )
2869.983: I:1 (   0.181   0.181   0.181 ) T:287 (   0.125   0.199   0.232   0.241   0.241   0.241 )
2879.983: I:1 (   0.178   0.178   0.178 ) T:288 (   0.125   0.199   0.232   0.241   0.241   0.241 )
2889.983: I:1 (   0.060   0.060   0.060 ) T:289 (   0.125   0.199   0.232   0.241   0.241   0.241 )
2899.983: I:1 (   0.062   0.062   0.062 ) T:290 (   0.125   0.199   0.232   0.241   0.241   0.241 )
2909.983: I:1 (   0.074   0.074   0.074 ) T:291 (   0.125   0.199   0.232   0.241   0.241   0.241 )
2919.983: I:1 (   0.104   0.104   0.104 ) T:292 (   0.125   0.199   0.232   0.241   0.241   0.241 )
2929.983: I:1 (   0.094   0.094   0.094 ) T:293 (   0.125   0.199   0.232   0.241   0.241   0.241 )
2939.983: I:1 (   0.130   0.130   0.130 ) T:294 (   0.125   0.199   0.232   0.241   0.241   0.241 )
2949.983: I:1 (   0.132   0.132   0.132 ) T:295 (   0.125   0.199   0.232   0.241   0.241   0.241 )
2959.983: I:1 (   0.144   0.144   0.144 ) T:296 (   0.125   0.199   0.232   0.241   0.241   0.241 )
2969.983: I:1 (   0.076   0.076   0.076 ) T:297 (   0.125   0.199   0.232   0.241   0.241   0.241 )
2979.983: I:1 (   0.125   0.125   0.125 ) T:298 (   0.125   0.199   0.232   0.241   0.241   0.241 )
2989.983: I:1 (   0.081   0.081   0.081 ) T:299 (   0.125   0.199   0.232   0.241   0.241   0.241 )
2999.983: I:1 (   0.081   0.081   0.081 ) T:300 (   0.125   0.198   0.228   0.241   0.241   0.241 )
3009.983: I:1 (   0.084   0.084   0.084 ) T:301 (   0.125   0.198   0.228   0.241   0.241   0.241 )
3019.983: I:1 (   0.117   0.117   0.117 ) T:302 (   0.125   0.198   0.228   0.241   0.241   0.241 )
3029.983: I:1 (   0.180   0.180   0.180 ) T:303 (   0.125   0.198   0.228   0.241   0.241   0.241 )
3039.983: I:1 (   0.148   0.148   0.148 ) T:304 (   0.125   0.198   0.228   0.241   0.241   0.241 )
3049.983: I:1 (   0.152   0.152   0.152 ) T:305 (   0.125   0.198   0.228   0.241   0.241   0.241 )
3059.983: I:1 (   0.146   0.146   0.146 ) T:306 (   0.125   0.198   0.228   0.241   0.241   0.241 )
3069.983: I:1 (   0.059   0.059   0.059 ) T:307 (   0.125   0.198   0.228   0.241   0.241   0.241 )
3079.983: I:1 (   0.112   0.112   0.112 ) T:308 (   0.125   0.198   0.228   0.241   0.241   0.241 )
3089.983: I:1 (   0.075   0.075   0.075 ) T:309 (   0.125   0.198   0.228   0.241   0.241   0.241 )
3099.983: I:1 (   0.105   0.105   0.105 ) T:310 (   0.125   0.197   0.228   0.241   0.241   0.241 )
3109.983: I:1 (   0.130   0.130   0.130 ) T:311 (   0.125   0.197   0.228   0.241   0.241   0.241 )
3119.983: I:1 (   0.128   0.128   0.128 ) T:312 (   0.125   0.197   0.228   0.241   0.241   0.241 )
3129.983: I:1 (   0.154   0.154   0.154 ) T:313 (   0.125   0.197   0.228   0.241   0.241   0.241 )
3139.983: I:1 (   0.156   0.156   0.156 ) T:314 (   0.125   0.197   0.228   0.241   0.241   0.241 )
3149.983: I:1 (   0.061   0.061   0.061 ) T:315 (   0.125   0.197   0.228   0.241   0.241   0.241 )
3159.983: I:1 (   0.063   0.063   0.063 ) T:316 (   0.125   0.197   0.228   0.241   0.241   0.241 )
3169.983: I:1 (   0.109   0.109   0.109 ) T:317 (   0.125   0.197   0.228   0.241   0.241   0.241 )
3179.983: I:1 (   0.140   0.140   0.140 ) T:318 (   0.125   0.197   0.228   0.241   0.241   0.241 )
3189.983: I:1 (   0.130   0.130   0.130 ) T:319 (   0.125   0.197   0.228   0.241   0.241   0.241 )
3199.983: I:1 (   0.115   0.115   0.115 ) T:320 (   0.125   0.197   0.228   0.241   0.241   0.241 )
3209.983: I:1 (   0.141   0.141   0.141 ) T:321 (   0.125   0.197   0.228   0.241   0.241   0.241 )
3219.983: I:1 (   0.159   0.159   0.159 ) T:322 (   0.125   0.197   0.228   0.241   0.241   0.241 )
3229.983: I:1 (   0.046   0.046   0.046 ) T:323 (   0.125   0.197   0.228   0.241   0.241   0.241 )
3239.983: I:1 (   0.082   0.082   0.082 ) T:324 (   0.125   0.197   0.228   0.241   0.241   0.241 )
3249.983: I:1 (   0.101   0.101   0.101 ) T:325 (   0.125   0.197   0.228   0.241   0.241   0.241 )
3259.983: I:1 (   0.148   0.148   0.148 ) T:326 (   0.125   0.197   0.228   0.241   0.241   0.241 )
3269.983: I:1 (   0.126   0.126   0.126 ) T:327 (   0.125   0.197   0.228   0.241   0.241   0.241 )
3279.983: I:1 (   0.082   0.082   0.082 ) T:328 (   0.125   0.197   0.228   0.241   0.241   0.241 )
3289.983: I:1 (   0.046   0.046   0.046 ) T:329 (   0.125   0.197   0.228   0.241   0.241   0.241 )
3299.983: I:1 (   0.105   0.105   0.105 ) T:330 (   0.125   0.196   0.228   0.241   0.241   0.241 )
3309.983: I:1 (   0.114   0.114   0.114 ) T:331 (   0.125   0.196   0.228   0.241   0.241   0.241 )
3319.983: I:1 (   0.088   0.088   0.088 ) T:332 (   0.125   0.196   0.228   0.241   0.241   0.241 )
3329.983: I:1 (   0.111   0.111   0.111 ) T:333 (   0.125   0.196   0.228   0.241   0.241   0.241 )
3339.983: I:1 (   0.118   0.118   0.118 ) T:334 (   0.124   0.196   0.228   0.241   0.241   0.241 )
3349.983: I:1 (   0.139   0.139   0.139 ) T:335 (   0.125   0.196   0.228   0.241   0.241   0.241 )
3359.983: I:1 (   0.152   0.152   0.152 ) T:336 (   0.125   0.196   0.228   0.241   0.241   0.241 )
3369.983: I:1 (   0.140   0.140   0.140 ) T:337 (   0.125   0.196   0.228   0.241   0.241   0.241 )
3379.983: I:1 (   0.129   0.129   0.129 ) T:338 (   0.125   0.196   0.228   0.241   0.241   0.241 )
3389.983: I:1 (   0.071   0.071   0.071 ) T:339 (   0.125   0.196   0.228   0.241   0.241   0.241 )
3399.983: I:1 (   0.092   0.092   0.092 ) T:340 (   0.125   0.195   0.228   0.241   0.241   0.241 )
3409.983: I:1 (   0.105   0.105   0.105 ) T:341 (   0.125   0.195   0.228   0.241   0.241   0.241 )
3419.983: I:1 (   0.162   0.162   0.162 ) T:342 (   0.125   0.195   0.228   0.241   0.241   0.241 )
3429.983: I:1 (   0.111   0.111   0.111 ) T:343 (   0.125   0.195   0.228   0.241   0.241   0.241 )
3439.983: I:1 (   0.153   0.153   0.153 ) T:344 (   0.125   0.195   0.228   0.241   0.241   0.241 )
3449.983: I:1 (   0.084   0.084   0.084 ) T:345 (   0.125   0.195   0.228   0.241   0.241   0.241 )
3459.983: I:1 (   0.071   0.071   0.071 ) T:346 (   0.124   0.195   0.228   0.241   0.241   0.241 )
3469.983: I:1 (   0.097   0.097   0.097 ) T:347 (   0.124   0.195   0.228   0.241   0.241   0.241 )
3479.983: I:1 (   0.092   0.092   0.092 ) T:348 (   0.124   0.195   0.228   0.241   0.241   0.241 )
3489.983: I:1 (   0.124   0.124   0.124 ) T:349 (   0.124   0.195   0.228   0.241   0.241   0.241 )
3499.983: I:1 (   0.087   0.087   0.087 ) T:350 (   0.124   0.195   0.228   0.241   0.241   0.241 )
3509.983: I:1 (   0.117   0.117   0.117 ) T:351 (   0.124   0.195   0.228   0.241   0.241   0.241 )
3519.983: I:1 (   0.126   0.126   0.126 ) T:352 (   0.124   0.195   0.228   0.241   0.241   0.241 )
3529.983: I:1 (   0.114   0.114   0.114 ) T:353 (   0.124   0.195   0.228   0.241   0.241   0.241 )
3539.983: I:1 (   0.137   0.137   0.137 ) T:354 (   0.124   0.195   0.228   0.241   0.241   0.241 )
3549.983: I:1 (   0.151   0.151   0.151 ) T:355 (   0.124   0.195   0.228   0.241   0.241   0.241 )
3559.983: I:1 (   0.156   0.156   0.156 ) T:356 (   0.124   0.195   0.228   0.241   0.241   0.241 )
3569.983: I:1 (   0.083   0.083   0.083 ) T:357 (   0.124   0.195   0.228   0.241   0.241   0.241 )
3579.983: I:1 (   0.080   0.080   0.080 ) T:358 (   0.124   0.195   0.228   0.241   0.241   0.241 )
3589.983: I:1 (   0.118   0.118   0.118 ) T:359 (   0.124   0.195   0.228   0.241   0.241   0.241 )
3599.983: I:1 (   0.136   0.136   0.136 ) T:360 (   0.124   0.194   0.228   0.241   0.241   0.241 )
3609.983: I:1 (   0.118   0.118   0.118 ) T:361 (   0.124   0.194   0.228   0.241   0.241   0.241 )
3619.983: I:1 (   0.113   0.113   0.113 ) T:362 (   0.123   0.194   0.228   0.241   0.241   0.241 )
3629.983: I:1 (   0.174   0.174   0.174 ) T:363 (   0.124   0.194   0.228   0.241   0.241   0.241 )
3639.983: I:1 (   0.125   0.125   0.125 ) T:364 (   0.124   0.194   0.228   0.241   0.241   0.241 )
3649.983: I:1 (   0.167   0.167   0.167 ) T:365 (   0.124   0.194   0.228   0.241   0.241   0.241 )
3659.983: I:1 (   0.147   0.147   0.147 ) T:366 (   0.124   0.194   0.228   0.241   0.241   0.241 )
3669.983: I:1 (   0.143   0.143   0.143 ) T:367 (   0.124   0.194   0.228   0.241   0.241   0.241 )
3679.983: I:1 (   0.082   0.082   0.082 ) T:368 (   0.124   0.194   0.228   0.241   0.241   0.241 )
3689.983: I:1 (   0.074   0.074   0.074 ) T:369 (   0.124   0.194   0.228   0.241   0.241   0.241 )
3699.983: I:1 (   0.103   0.103   0.103 ) T:370 (   0.124   0.194   0.228   0.241   0.241   0.241 )
3709.983: I:1 (   0.102   0.102   0.102 ) T:371 (   0.124   0.194   0.228   0.241   0.241   0.241 )
3719.983: I:1 (   0.113   0.113   0.113 ) T:372 (   0.123   0.194   0.228   0.241   0.241   0.241 )
3723.751: I:2 (   0.152   0.161   0.161 ) T:374 (   0.124   0.194   0.228   0.241   0.241   0.241 )
3723.779: I:0 (   0.000   0.000   0.000 ) T:374 (   0.124   0.194   0.228   0.241   0.241   0.241 )
