#[Interval percentile log between 0.000 and <Infinite> seconds (relative to StartTime)]
#[StartTime: 1524549742.476 (seconds since epoch), Tue Apr 24 08:02:22 CEST 2018]
Time: IntervalPercentiles:count ( 50% 90% Max ) TotalPercentiles:count ( 50% 90% 99% 99.9% 99.99% Max )
9.578: I:1 ( 457.727 457.727 457.727 ) T:1 ( 457.727 457.727 457.727 457.727 457.727 457.727 )
19.558: I:0 (   0.000   0.000   0.000 ) T:1 ( 457.727 457.727 457.727 457.727 457.727 457.727 )
29.560: I:0 (   0.000   0.000   0.000 ) T:1 ( 457.727 457.727 457.727 457.727 457.727 457.727 )
39.559: I:0 (   0.000   0.000   0.000 ) T:1 ( 457.727 457.727 457.727 457.727 457.727 457.727 )
49.556: I:0 (   0.000   0.000   0.000 ) T:1 ( 457.727 457.727 457.727 457.727 457.727 457.727 )
59.557: I:0 (   0.000   0.000   0.000 ) T:1 ( 457.727 457.727 457.727 457.727 457.727 457.727 )
69.555: I:0 (   0.000   0.000   0.000 ) T:1 ( 457.727 457.727 457.727 457.727 457.727 457.727 )
79.556: I:0 (   0.000   0.000   0.000 ) T:1 ( 457.727 457.727 457.727 457.727 457.727 457.727 )
89.556: I:0 (   0.000   0.000   0.000 ) T:1 ( 457.727 457.727 457.727 457.727 457.727 457.727 )
99.553: I:0 (   0.000   0.000   0.000 ) T:1 ( 457.727 457.727 457.727 457.727 457.727 457.727 )
109.556: I:0 (   0.000   0.000   0.000 ) T:1 ( 457.727 457.727 457.727 457.727 457.727 457.727 )
119.555: I:0 (   0.000   0.000   0.000 ) T:1 ( 457.727 457.727 457.727 457.727 457.727 457.727 )
129.554: I:0 (   0.000   0.000   0.000 ) T:1 ( 457.727 457.727 457.727 457.727 457.727 457.727 )
139.554: I:0 (   0.000   0.000   0.000 ) T:1 ( 457.727 457.727 457.727 457.727 457.727 457.727 )
149.555: I:0 (   0.000   0.000   0.000 ) T:1 ( 457.727 457.727 457.727 457.727 457.727 457.727 )
159.552: I:0 (   0.000   0.000   0.000 ) T:1 ( 457.727 457.727 457.727 457.727 457.727 457.727 )
169.555: I:0 (   0.000   0.000   0.000 ) T:1 ( 457.727 457.727 457.727 457.727 457.727 457.727 )
179.553: I:0 (   0.000   0.000   0.000 ) T:1 ( 457.727 457.727 457.727 457.727 457.727 457.727 )
189.555: I:0 (   0.000   0.000   0.000 ) T:1 ( 457.727 457.727 457.727 457.727 457.727 457.727 )
199.558: I:0 (   0.000   0.000   0.000 ) T:1 ( 457.727 457.727 457.727 457.727 457.727 457.727 )
209.560: I:0 (   0.000   0.000   0.000 ) T:1 ( 457.727 457.727 457.727 457.727 457.727 457.727 )
219.556: I:0 (   0.000   0.000   0.000 ) T:1 ( 457.727 457.727 457.727 457.727 457.727 457.727 )
229.554: I:0 (   0.000   0.000   0.000 ) T:1 ( 457.727 457.727 457.727 457.727 457.727 457.727 )
239.555: I:0 (   0.000   0.000   0.000 ) T:1 ( 457.727 457.727 457.727 457.727 457.727 457.727 )
249.558: I:0 (   0.000   0.000   0.000 ) T:1 ( 457.727 457.727 457.727 457.727 457.727 457.727 )
259.555: I:0 (   0.000   0.000   0.000 ) T:1 ( 457.727 457.727 457.727 457.727 457.727 457.727 )
269.556: I:0 (   0.000   0.000   0.000 ) T:1 ( 457.727 457.727 457.727 457.727 457.727 457.727 )
279.555: I:0 (   0.000   0.000   0.000 ) T:1 ( 457.727 457.727 457.727 457.727 457.727 457.727 )
289.557: I:0 (   0.000   0.000   0.000 ) T:1 ( 457.727 457.727 457.727 457.727 457.727 457.727 )
299.556: I:0 (   0.000   0.000   0.000 ) T:1 ( 457.727 457.727 457.727 457.727 457.727 457.727 )
309.558: I:0 (   0.000   0.000   0.000 ) T:1 ( 457.727 457.727 457.727 457.727 457.727 457.727 )
319.558: I:0 (   0.000   0.000   0.000 ) T:1 ( 457.727 457.727 457.727 457.727 457.727 457.727 )
329.560: I:0 (   0.000   0.000   0.000 ) T:1 ( 457.727 457.727 457.727 457.727 457.727 457.727 )
339.557: I:0 (   0.000   0.000   0.000 ) T:1 ( 457.727 457.727 457.727 457.727 457.727 457.727 )
349.559: I:0 (   0.000   0.000   0.000 ) T:1 ( 457.727 457.727 457.727 457.727 457.727 457.727 )
359.557: I:0 (   0.000   0.000   0.000 ) T:1 ( 457.727 457.727 457.727 457.727 457.727 457.727 )
369.557: I:0 (   0.000   0.000   0.000 ) T:1 ( 457.727 457.727 457.727 457.727 457.727 457.727 )
379.554: I:0 (   0.000   0.000   0.000 ) T:1 ( 457.727 457.727 457.727 457.727 457.727 457.727 )
389.557: I:0 (   0.000   0.000   0.000 ) T:1 ( 457.727 457.727 457.727 457.727 457.727 457.727 )
399.552: I:0 (   0.000   0.000   0.000 ) T:1 ( 457.727 457.727 457.727 457.727 457.727 457.727 )
409.553: I:0 (   0.000   0.000   0.000 ) T:1 ( 457.727 457.727 457.727 457.727 457.727 457.727 )
419.557: I:0 (   0.000   0.000   0.000 ) T:1 ( 457.727 457.727 457.727 457.727 457.727 457.727 )
429.556: I:0 (   0.000   0.000   0.000 ) T:1 ( 457.727 457.727 457.727 457.727 457.727 457.727 )
439.556: I:0 (   0.000   0.000   0.000 ) T:1 ( 457.727 457.727 457.727 457.727 457.727 457.727 )
449.557: I:0 (   0.000   0.000   0.000 ) T:1 ( 457.727 457.727 457.727 457.727 457.727 457.727 )
459.559: I:0 (   0.000   0.000   0.000 ) T:1 ( 457.727 457.727 457.727 457.727 457.727 457.727 )
469.554: I:0 (   0.000   0.000   0.000 ) T:1 ( 457.727 457.727 457.727 457.727 457.727 457.727 )
479.552: I:0 (   0.000   0.000   0.000 ) T:1 ( 457.727 457.727 457.727 457.727 457.727 457.727 )
489.556: I:0 (   0.000   0.000   0.000 ) T:1 ( 457.727 457.727 457.727 457.727 457.727 457.727 )
499.561: I:0 (   0.000   0.000   0.000 ) T:1 ( 457.727 457.727 457.727 457.727 457.727 457.727 )
509.556: I:0 (   0.000   0.000   0.000 ) T:1 ( 457.727 457.727 457.727 457.727 457.727 457.727 )
519.557: I:0 (   0.000   0.000   0.000 ) T:1 ( 457.727 457.727 457.727 457.727 457.727 457.727 )
529.556: I:0 (   0.000   0.000   0.000 ) T:1 ( 457.727 457.727 457.727 457.727 457.727 457.727 )
539.557: I:0 (   0.000   0.000   0.000 ) T:1 ( 457.727 457.727 457.727 457.727 457.727 457.727 )
549.558: I:0 (   0.000   0.000   0.000 ) T:1 ( 457.727 457.727 457.727 457.727 457.727 457.727 )
559.558: I:0 (   0.000   0.000   0.000 ) T:1 ( 457.727 457.727 457.727 457.727 457.727 457.727 )
569.555: I:0 (   0.000   0.000   0.000 ) T:1 ( 457.727 457.727 457.727 457.727 457.727 457.727 )
579.554: I:0 (   0.000   0.000   0.000 ) T:1 ( 457.727 457.727 457.727 457.727 457.727 457.727 )
589.557: I:0 (   0.000   0.000   0.000 ) T:1 ( 457.727 457.727 457.727 457.727 457.727 457.727 )
599.555: I:0 (   0.000   0.000   0.000 ) T:1 ( 457.727 457.727 457.727 457.727 457.727 457.727 )
609.555: I:0 (   0.000   0.000   0.000 ) T:1 ( 457.727 457.727 457.727 457.727 457.727 457.727 )
619.556: I:0 (   0.000   0.000   0.000 ) T:1 ( 457.727 457.727 457.727 457.727 457.727 457.727 )
629.556: I:0 (   0.000   0.000   0.000 ) T:1 ( 457.727 457.727 457.727 457.727 457.727 457.727 )
639.556: I:0 (   0.000   0.000   0.000 ) T:1 ( 457.727 457.727 457.727 457.727 457.727 457.727 )
649.555: I:0 (   0.000   0.000   0.000 ) T:1 ( 457.727 457.727 457.727 457.727 457.727 457.727 )
659.571: I:0 (   0.000   0.000   0.000 ) T:1 ( 457.727 457.727 457.727 457.727 457.727 457.727 )
669.556: I:0 (   0.000   0.000   0.000 ) T:1 ( 457.727 457.727 457.727 457.727 457.727 457.727 )
679.554: I:0 (   0.000   0.000   0.000 ) T:1 ( 457.727 457.727 457.727 457.727 457.727 457.727 )
689.554: I:0 (   0.000   0.000   0.000 ) T:1 ( 457.727 457.727 457.727 457.727 457.727 457.727 )
699.556: I:0 (   0.000   0.000   0.000 ) T:1 ( 457.727 457.727 457.727 457.727 457.727 457.727 )
709.556: I:0 (   0.000   0.000   0.000 ) T:1 ( 457.727 457.727 457.727 457.727 457.727 457.727 )
719.555: I:0 (   0.000   0.000   0.000 ) T:1 ( 457.727 457.727 457.727 457.727 457.727 457.727 )
729.553: I:0 (   0.000   0.000   0.000 ) T:1 ( 457.727 457.727 457.727 457.727 457.727 457.727 )
739.553: I:0 (   0.000   0.000   0.000 ) T:1 ( 457.727 457.727 457.727 457.727 457.727 457.727 )
749.557: I:0 (   0.000   0.000   0.000 ) T:1 ( 457.727 457.727 457.727 457.727 457.727 457.727 )
759.555: I:0 (   0.000   0.000   0.000 ) T:1 ( 457.727 457.727 457.727 457.727 457.727 457.727 )
769.557: I:0 (   0.000   0.000   0.000 ) T:1 ( 457.727 457.727 457.727 457.727 457.727 457.727 )
779.552: I:0 (   0.000   0.000   0.000 ) T:1 ( 457.727 457.727 457.727 457.727 457.727 457.727 )
789.556: I:0 (   0.000   0.000   0.000 ) T:1 ( 457.727 457.727 457.727 457.727 457.727 457.727 )
799.555: I:0 (   0.000   0.000   0.000 ) T:1 ( 457.727 457.727 457.727 457.727 457.727 457.727 )
809.555: I:0 (   0.000   0.000   0.000 ) T:1 ( 457.727 457.727 457.727 457.727 457.727 457.727 )
819.557: I:0 (   0.000   0.000   0.000 ) T:1 ( 457.727 457.727 457.727 457.727 457.727 457.727 )
829.554: I:0 (   0.000   0.000   0.000 ) T:1 ( 457.727 457.727 457.727 457.727 457.727 457.727 )
839.550: I:0 (   0.000   0.000   0.000 ) T:1 ( 457.727 457.727 457.727 457.727 457.727 457.727 )
849.553: I:0 (   0.000   0.000   0.000 ) T:1 ( 457.727 457.727 457.727 457.727 457.727 457.727 )
859.556: I:0 (   0.000   0.000   0.000 ) T:1 ( 457.727 457.727 457.727 457.727 457.727 457.727 )
869.553: I:0 (   0.000   0.000   0.000 ) T:1 ( 457.727 457.727 457.727 457.727 457.727 457.727 )
879.556: I:0 (   0.000   0.000   0.000 ) T:1 ( 457.727 457.727 457.727 457.727 457.727 457.727 )
889.552: I:0 (   0.000   0.000   0.000 ) T:1 ( 457.727 457.727 457.727 457.727 457.727 457.727 )
899.553: I:0 (   0.000   0.000   0.000 ) T:1 ( 457.727 457.727 457.727 457.727 457.727 457.727 )
909.553: I:0 (   0.000   0.000   0.000 ) T:1 ( 457.727 457.727 457.727 457.727 457.727 457.727 )
919.556: I:0 (   0.000   0.000   0.000 ) T:1 ( 457.727 457.727 457.727 457.727 457.727 457.727 )
929.556: I:0 (   0.000   0.000   0.000 ) T:1 ( 457.727 457.727 457.727 457.727 457.727 457.727 )
939.553: I:0 (   0.000   0.000   0.000 ) T:1 ( 457.727 457.727 457.727 457.727 457.727 457.727 )
949.556: I:0 (   0.000   0.000   0.000 ) T:1 ( 457.727 457.727 457.727 457.727 457.727 457.727 )
959.555: I:0 (   0.000   0.000   0.000 ) T:1 ( 457.727 457.727 457.727 457.727 457.727 457.727 )
969.556: I:0 (   0.000   0.000   0.000 ) T:1 ( 457.727 457.727 457.727 457.727 457.727 457.727 )
979.556: I:0 (   0.000   0.000   0.000 ) T:1 ( 457.727 457.727 457.727 457.727 457.727 457.727 )
989.550: I:0 (   0.000   0.000   0.000 ) T:1 ( 457.727 457.727 457.727 457.727 457.727 457.727 )
999.555: I:0 (   0.000   0.000   0.000 ) T:1 ( 457.727 457.727 457.727 457.727 457.727 457.727 )
1009.556: I:0 (   0.000   0.000   0.000 ) T:1 ( 457.727 457.727 457.727 457.727 457.727 457.727 )
1019.553: I:0 (   0.000   0.000   0.000 ) T:1 ( 457.727 457.727 457.727 457.727 457.727 457.727 )
1029.553: I:0 (   0.000   0.000   0.000 ) T:1 ( 457.727 457.727 457.727 457.727 457.727 457.727 )
1039.553: I:0 (   0.000   0.000   0.000 ) T:1 ( 457.727 457.727 457.727 457.727 457.727 457.727 )
1049.555: I:0 (   0.000   0.000   0.000 ) T:1 ( 457.727 457.727 457.727 457.727 457.727 457.727 )
1059.557: I:0 (   0.000   0.000   0.000 ) T:1 ( 457.727 457.727 457.727 457.727 457.727 457.727 )
1069.555: I:0 (   0.000   0.000   0.000 ) T:1 ( 457.727 457.727 457.727 457.727 457.727 457.727 )
1079.556: I:0 (   0.000   0.000   0.000 ) T:1 ( 457.727 457.727 457.727 457.727 457.727 457.727 )
1089.555: I:0 (   0.000   0.000   0.000 ) T:1 ( 457.727 457.727 457.727 457.727 457.727 457.727 )
1099.555: I:0 (   0.000   0.000   0.000 ) T:1 ( 457.727 457.727 457.727 457.727 457.727 457.727 )
1109.555: I:0 (   0.000   0.000   0.000 ) T:1 ( 457.727 457.727 457.727 457.727 457.727 457.727 )
1119.556: I:0 (   0.000   0.000   0.000 ) T:1 ( 457.727 457.727 457.727 457.727 457.727 457.727 )
1129.552: I:0 (   0.000   0.000   0.000 ) T:1 ( 457.727 457.727 457.727 457.727 457.727 457.727 )
1139.553: I:0 (   0.000   0.000   0.000 ) T:1 ( 457.727 457.727 457.727 457.727 457.727 457.727 )
1149.553: I:0 (   0.000   0.000   0.000 ) T:1 ( 457.727 457.727 457.727 457.727 457.727 457.727 )
1159.554: I:0 (   0.000   0.000   0.000 ) T:1 ( 457.727 457.727 457.727 457.727 457.727 457.727 )
1169.552: I:0 (   0.000   0.000   0.000 ) T:1 ( 457.727 457.727 457.727 457.727 457.727 457.727 )
1179.553: I:0 (   0.000   0.000   0.000 ) T:1 ( 457.727 457.727 457.727 457.727 457.727 457.727 )
1189.555: I:0 (   0.000   0.000   0.000 ) T:1 ( 457.727 457.727 457.727 457.727 457.727 457.727 )
1199.556: I:0 (   0.000   0.000   0.000 ) T:1 ( 457.727 457.727 457.727 457.727 457.727 457.727 )
1209.552: I:0 (   0.000   0.000   0.000 ) T:1 ( 457.727 457.727 457.727 457.727 457.727 457.727 )
1219.554: I:0 (   0.000   0.000   0.000 ) T:1 ( 457.727 457.727 457.727 457.727 457.727 457.727 )
1229.552: I:0 (   0.000   0.000   0.000 ) T:1 ( 457.727 457.727 457.727 457.727 457.727 457.727 )
1239.555: I:0 (   0.000   0.000   0.000 ) T:1 ( 457.727 457.727 457.727 457.727 457.727 457.727 )
1249.550: I:0 (   0.000   0.000   0.000 ) T:1 ( 457.727 457.727 457.727 457.727 457.727 457.727 )
1259.552: I:0 (   0.000   0.000   0.000 ) T:1 ( 457.727 457.727 457.727 457.727 457.727 457.727 )
1269.556: I:0 (   0.000   0.000   0.000 ) T:1 ( 457.727 457.727 457.727 457.727 457.727 457.727 )
1279.555: I:0 (   0.000   0.000   0.000 ) T:1 ( 457.727 457.727 457.727 457.727 457.727 457.727 )
1289.558: I:0 (   0.000   0.000   0.000 ) T:1 ( 457.727 457.727 457.727 457.727 457.727 457.727 )
1299.554: I:0 (   0.000   0.000   0.000 ) T:1 ( 457.727 457.727 457.727 457.727 457.727 457.727 )
1309.554: I:0 (   0.000   0.000   0.000 ) T:1 ( 457.727 457.727 457.727 457.727 457.727 457.727 )
1319.555: I:0 (   0.000   0.000   0.000 ) T:1 ( 457.727 457.727 457.727 457.727 457.727 457.727 )
1329.554: I:0 (   0.000   0.000   0.000 ) T:1 ( 457.727 457.727 457.727 457.727 457.727 457.727 )
1339.555: I:0 (   0.000   0.000   0.000 ) T:1 ( 457.727 457.727 457.727 457.727 457.727 457.727 )
1349.552: I:0 (   0.000   0.000   0.000 ) T:1 ( 457.727 457.727 457.727 457.727 457.727 457.727 )
1359.555: I:0 (   0.000   0.000   0.000 ) T:1 ( 457.727 457.727 457.727 457.727 457.727 457.727 )
1369.553: I:0 (   0.000   0.000   0.000 ) T:1 ( 457.727 457.727 457.727 457.727 457.727 457.727 )
1379.555: I:0 (   0.000   0.000   0.000 ) T:1 ( 457.727 457.727 457.727 457.727 457.727 457.727 )
1389.557: I:0 (   0.000   0.000   0.000 ) T:1 ( 457.727 457.727 457.727 457.727 457.727 457.727 )
1399.556: I:0 (   0.000   0.000   0.000 ) T:1 ( 457.727 457.727 457.727 457.727 457.727 457.727 )
1409.554: I:0 (   0.000   0.000   0.000 ) T:1 ( 457.727 457.727 457.727 457.727 457.727 457.727 )
1419.556: I:0 (   0.000   0.000   0.000 ) T:1 ( 457.727 457.727 457.727 457.727 457.727 457.727 )
1429.556: I:0 (   0.000   0.000   0.000 ) T:1 ( 457.727 457.727 457.727 457.727 457.727 457.727 )
1439.553: I:0 (   0.000   0.000   0.000 ) T:1 ( 457.727 457.727 457.727 457.727 457.727 457.727 )
1449.556: I:0 (   0.000   0.000   0.000 ) T:1 ( 457.727 457.727 457.727 457.727 457.727 457.727 )
1459.556: I:0 (   0.000   0.000   0.000 ) T:1 ( 457.727 457.727 457.727 457.727 457.727 457.727 )
1469.555: I:0 (   0.000   0.000   0.000 ) T:1 ( 457.727 457.727 457.727 457.727 457.727 457.727 )
1479.556: I:0 (   0.000   0.000   0.000 ) T:1 ( 457.727 457.727 457.727 457.727 457.727 457.727 )
1489.552: I:0 (   0.000   0.000   0.000 ) T:1 ( 457.727 457.727 457.727 457.727 457.727 457.727 )
1499.556: I:0 (   0.000   0.000   0.000 ) T:1 ( 457.727 457.727 457.727 457.727 457.727 457.727 )
1509.556: I:0 (   0.000   0.000   0.000 ) T:1 ( 457.727 457.727 457.727 457.727 457.727 457.727 )
1519.555: I:0 (   0.000   0.000   0.000 ) T:1 ( 457.727 457.727 457.727 457.727 457.727 457.727 )
1529.554: I:0 (   0.000   0.000   0.000 ) T:1 ( 457.727 457.727 457.727 457.727 457.727 457.727 )
1539.555: I:0 (   0.000   0.000   0.000 ) T:1 ( 457.727 457.727 457.727 457.727 457.727 457.727 )
1549.553: I:0 (   0.000   0.000   0.000 ) T:1 ( 457.727 457.727 457.727 457.727 457.727 457.727 )
1559.556: I:0 (   0.000   0.000   0.000 ) T:1 ( 457.727 457.727 457.727 457.727 457.727 457.727 )
1569.553: I:0 (   0.000   0.000   0.000 ) T:1 ( 457.727 457.727 457.727 457.727 457.727 457.727 )
1579.553: I:0 (   0.000   0.000   0.000 ) T:1 ( 457.727 457.727 457.727 457.727 457.727 457.727 )
1589.554: I:0 (   0.000   0.000   0.000 ) T:1 ( 457.727 457.727 457.727 457.727 457.727 457.727 )
1599.555: I:0 (   0.000   0.000   0.000 ) T:1 ( 457.727 457.727 457.727 457.727 457.727 457.727 )
1609.556: I:0 (   0.000   0.000   0.000 ) T:1 ( 457.727 457.727 457.727 457.727 457.727 457.727 )
1619.556: I:0 (   0.000   0.000   0.000 ) T:1 ( 457.727 457.727 457.727 457.727 457.727 457.727 )
1629.549: I:0 (   0.000   0.000   0.000 ) T:1 ( 457.727 457.727 457.727 457.727 457.727 457.727 )
1639.551: I:0 (   0.000   0.000   0.000 ) T:1 ( 457.727 457.727 457.727 457.727 457.727 457.727 )
1649.557: I:0 (   0.000   0.000   0.000 ) T:1 ( 457.727 457.727 457.727 457.727 457.727 457.727 )
1659.547: I:0 (   0.000   0.000   0.000 ) T:1 ( 457.727 457.727 457.727 457.727 457.727 457.727 )
1669.556: I:0 (   0.000   0.000   0.000 ) T:1 ( 457.727 457.727 457.727 457.727 457.727 457.727 )
1679.556: I:0 (   0.000   0.000   0.000 ) T:1 ( 457.727 457.727 457.727 457.727 457.727 457.727 )
1689.553: I:0 (   0.000   0.000   0.000 ) T:1 ( 457.727 457.727 457.727 457.727 457.727 457.727 )
1699.553: I:0 (   0.000   0.000   0.000 ) T:1 ( 457.727 457.727 457.727 457.727 457.727 457.727 )
1709.553: I:0 (   0.000   0.000   0.000 ) T:1 ( 457.727 457.727 457.727 457.727 457.727 457.727 )
1719.555: I:0 (   0.000   0.000   0.000 ) T:1 ( 457.727 457.727 457.727 457.727 457.727 457.727 )
1729.555: I:0 (   0.000   0.000   0.000 ) T:1 ( 457.727 457.727 457.727 457.727 457.727 457.727 )
1739.549: I:0 (   0.000   0.000   0.000 ) T:1 ( 457.727 457.727 457.727 457.727 457.727 457.727 )
1749.553: I:0 (   0.000   0.000   0.000 ) T:1 ( 457.727 457.727 457.727 457.727 457.727 457.727 )
1759.552: I:0 (   0.000   0.000   0.000 ) T:1 ( 457.727 457.727 457.727 457.727 457.727 457.727 )
1769.557: I:0 (   0.000   0.000   0.000 ) T:1 ( 457.727 457.727 457.727 457.727 457.727 457.727 )
1779.556: I:0 (   0.000   0.000   0.000 ) T:1 ( 457.727 457.727 457.727 457.727 457.727 457.727 )
1789.564: I:0 (   0.000   0.000   0.000 ) T:1 ( 457.727 457.727 457.727 457.727 457.727 457.727 )
1799.555: I:0 (   0.000   0.000   0.000 ) T:1 ( 457.727 457.727 457.727 457.727 457.727 457.727 )
1809.551: I:0 (   0.000   0.000   0.000 ) T:1 ( 457.727 457.727 457.727 457.727 457.727 457.727 )
1819.554: I:0 (   0.000   0.000   0.000 ) T:1 ( 457.727 457.727 457.727 457.727 457.727 457.727 )
1829.556: I:0 (   0.000   0.000   0.000 ) T:1 ( 457.727 457.727 457.727 457.727 457.727 457.727 )
1839.551: I:0 (   0.000   0.000   0.000 ) T:1 ( 457.727 457.727 457.727 457.727 457.727 457.727 )
1849.554: I:0 (   0.000   0.000   0.000 ) T:1 ( 457.727 457.727 457.727 457.727 457.727 457.727 )
1859.555: I:0 (   0.000   0.000   0.000 ) T:1 ( 457.727 457.727 457.727 457.727 457.727 457.727 )
1869.553: I:0 (   0.000   0.000   0.000 ) T:1 ( 457.727 457.727 457.727 457.727 457.727 457.727 )
1879.556: I:0 (   0.000   0.000   0.000 ) T:1 ( 457.727 457.727 457.727 457.727 457.727 457.727 )
1889.553: I:0 (   0.000   0.000   0.000 ) T:1 ( 457.727 457.727 457.727 457.727 457.727 457.727 )
1899.554: I:0 (   0.000   0.000   0.000 ) T:1 ( 457.727 457.727 457.727 457.727 457.727 457.727 )
1909.552: I:0 (   0.000   0.000   0.000 ) T:1 ( 457.727 457.727 457.727 457.727 457.727 457.727 )
1919.560: I:0 (   0.000   0.000   0.000 ) T:1 ( 457.727 457.727 457.727 457.727 457.727 457.727 )
1929.557: I:0 (   0.000   0.000   0.000 ) T:1 ( 457.727 457.727 457.727 457.727 457.727 457.727 )
1939.549: I:0 (   0.000   0.000   0.000 ) T:1 ( 457.727 457.727 457.727 457.727 457.727 457.727 )
1949.554: I:0 (   0.000   0.000   0.000 ) T:1 ( 457.727 457.727 457.727 457.727 457.727 457.727 )
1959.552: I:0 (   0.000   0.000   0.000 ) T:1 ( 457.727 457.727 457.727 457.727 457.727 457.727 )
1969.554: I:0 (   0.000   0.000   0.000 ) T:1 ( 457.727 457.727 457.727 457.727 457.727 457.727 )
1979.554: I:0 (   0.000   0.000   0.000 ) T:1 ( 457.727 457.727 457.727 457.727 457.727 457.727 )
1989.554: I:0 (   0.000   0.000   0.000 ) T:1 ( 457.727 457.727 457.727 457.727 457.727 457.727 )
1999.552: I:0 (   0.000   0.000   0.000 ) T:1 ( 457.727 457.727 457.727 457.727 457.727 457.727 )
2009.553: I:0 (   0.000   0.000   0.000 ) T:1 ( 457.727 457.727 457.727 457.727 457.727 457.727 )
2019.549: I:0 (   0.000   0.000   0.000 ) T:1 ( 457.727 457.727 457.727 457.727 457.727 457.727 )
2029.550: I:0 (   0.000   0.000   0.000 ) T:1 ( 457.727 457.727 457.727 457.727 457.727 457.727 )
2039.555: I:0 (   0.000   0.000   0.000 ) T:1 ( 457.727 457.727 457.727 457.727 457.727 457.727 )
2049.553: I:0 (   0.000   0.000   0.000 ) T:1 ( 457.727 457.727 457.727 457.727 457.727 457.727 )
2059.552: I:0 (   0.000   0.000   0.000 ) T:1 ( 457.727 457.727 457.727 457.727 457.727 457.727 )
2069.554: I:0 (   0.000   0.000   0.000 ) T:1 ( 457.727 457.727 457.727 457.727 457.727 457.727 )
2079.555: I:0 (   0.000   0.000   0.000 ) T:1 ( 457.727 457.727 457.727 457.727 457.727 457.727 )
2089.553: I:0 (   0.000   0.000   0.000 ) T:1 ( 457.727 457.727 457.727 457.727 457.727 457.727 )
2099.555: I:0 (   0.000   0.000   0.000 ) T:1 ( 457.727 457.727 457.727 457.727 457.727 457.727 )
2109.552: I:0 (   0.000   0.000   0.000 ) T:1 ( 457.727 457.727 457.727 457.727 457.727 457.727 )
2119.552: I:0 (   0.000   0.000   0.000 ) T:1 ( 457.727 457.727 457.727 457.727 457.727 457.727 )
2129.555: I:0 (   0.000   0.000   0.000 ) T:1 ( 457.727 457.727 457.727 457.727 457.727 457.727 )
2139.552: I:0 (   0.000   0.000   0.000 ) T:1 ( 457.727 457.727 457.727 457.727 457.727 457.727 )
2149.551: I:0 (   0.000   0.000   0.000 ) T:1 ( 457.727 457.727 457.727 457.727 457.727 457.727 )
2159.555: I:0 (   0.000   0.000   0.000 ) T:1 ( 457.727 457.727 457.727 457.727 457.727 457.727 )
2169.556: I:0 (   0.000   0.000   0.000 ) T:1 ( 457.727 457.727 457.727 457.727 457.727 457.727 )
2179.552: I:0 (   0.000   0.000   0.000 ) T:1 ( 457.727 457.727 457.727 457.727 457.727 457.727 )
2189.553: I:0 (   0.000   0.000   0.000 ) T:1 ( 457.727 457.727 457.727 457.727 457.727 457.727 )
2199.555: I:0 (   0.000   0.000   0.000 ) T:1 ( 457.727 457.727 457.727 457.727 457.727 457.727 )
2209.548: I:0 (   0.000   0.000   0.000 ) T:1 ( 457.727 457.727 457.727 457.727 457.727 457.727 )
2219.552: I:0 (   0.000   0.000   0.000 ) T:1 ( 457.727 457.727 457.727 457.727 457.727 457.727 )
2229.555: I:0 (   0.000   0.000   0.000 ) T:1 ( 457.727 457.727 457.727 457.727 457.727 457.727 )
2239.552: I:0 (   0.000   0.000   0.000 ) T:1 ( 457.727 457.727 457.727 457.727 457.727 457.727 )
2249.555: I:0 (   0.000   0.000   0.000 ) T:1 ( 457.727 457.727 457.727 457.727 457.727 457.727 )
2259.552: I:0 (   0.000   0.000   0.000 ) T:1 ( 457.727 457.727 457.727 457.727 457.727 457.727 )
2269.554: I:0 (   0.000   0.000   0.000 ) T:1 ( 457.727 457.727 457.727 457.727 457.727 457.727 )
2279.556: I:0 (   0.000   0.000   0.000 ) T:1 ( 457.727 457.727 457.727 457.727 457.727 457.727 )
2289.556: I:0 (   0.000   0.000   0.000 ) T:1 ( 457.727 457.727 457.727 457.727 457.727 457.727 )
2299.553: I:0 (   0.000   0.000   0.000 ) T:1 ( 457.727 457.727 457.727 457.727 457.727 457.727 )
2309.553: I:0 (   0.000   0.000   0.000 ) T:1 ( 457.727 457.727 457.727 457.727 457.727 457.727 )
2319.553: I:0 (   0.000   0.000   0.000 ) T:1 ( 457.727 457.727 457.727 457.727 457.727 457.727 )
2329.553: I:0 (   0.000   0.000   0.000 ) T:1 ( 457.727 457.727 457.727 457.727 457.727 457.727 )
2339.550: I:0 (   0.000   0.000   0.000 ) T:1 ( 457.727 457.727 457.727 457.727 457.727 457.727 )
2349.550: I:0 (   0.000   0.000   0.000 ) T:1 ( 457.727 457.727 457.727 457.727 457.727 457.727 )
2359.554: I:0 (   0.000   0.000   0.000 ) T:1 ( 457.727 457.727 457.727 457.727 457.727 457.727 )
2369.557: I:0 (   0.000   0.000   0.000 ) T:1 ( 457.727 457.727 457.727 457.727 457.727 457.727 )
2379.557: I:0 (   0.000   0.000   0.000 ) T:1 ( 457.727 457.727 457.727 457.727 457.727 457.727 )
2389.555: I:0 (   0.000   0.000   0.000 ) T:1 ( 457.727 457.727 457.727 457.727 457.727 457.727 )
2399.555: I:0 (   0.000   0.000   0.000 ) T:1 ( 457.727 457.727 457.727 457.727 457.727 457.727 )
2409.555: I:0 (   0.000   0.000   0.000 ) T:1 ( 457.727 457.727 457.727 457.727 457.727 457.727 )
2419.554: I:0 (   0.000   0.000   0.000 ) T:1 ( 457.727 457.727 457.727 457.727 457.727 457.727 )
2429.552: I:0 (   0.000   0.000   0.000 ) T:1 ( 457.727 457.727 457.727 457.727 457.727 457.727 )
2439.555: I:0 (   0.000   0.000   0.000 ) T:1 ( 457.727 457.727 457.727 457.727 457.727 457.727 )
2449.555: I:0 (   0.000   0.000   0.000 ) T:1 ( 457.727 457.727 457.727 457.727 457.727 457.727 )
2459.555: I:0 (   0.000   0.000   0.000 ) T:1 ( 457.727 457.727 457.727 457.727 457.727 457.727 )
2469.554: I:0 (   0.000   0.000   0.000 ) T:1 ( 457.727 457.727 457.727 457.727 457.727 457.727 )
2479.556: I:0 (   0.000   0.000   0.000 ) T:1 ( 457.727 457.727 457.727 457.727 457.727 457.727 )
2489.552: I:0 (   0.000   0.000   0.000 ) T:1 ( 457.727 457.727 457.727 457.727 457.727 457.727 )
2499.558: I:0 (   0.000   0.000   0.000 ) T:1 ( 457.727 457.727 457.727 457.727 457.727 457.727 )
2509.551: I:0 (   0.000   0.000   0.000 ) T:1 ( 457.727 457.727 457.727 457.727 457.727 457.727 )
2519.556: I:0 (   0.000   0.000   0.000 ) T:1 ( 457.727 457.727 457.727 457.727 457.727 457.727 )
2529.550: I:0 (   0.000   0.000   0.000 ) T:1 ( 457.727 457.727 457.727 457.727 457.727 457.727 )
2539.554: I:0 (   0.000   0.000   0.000 ) T:1 ( 457.727 457.727 457.727 457.727 457.727 457.727 )
2549.556: I:0 (   0.000   0.000   0.000 ) T:1 ( 457.727 457.727 457.727 457.727 457.727 457.727 )
2559.557: I:0 (   0.000   0.000   0.000 ) T:1 ( 457.727 457.727 457.727 457.727 457.727 457.727 )
2569.553: I:0 (   0.000   0.000   0.000 ) T:1 ( 457.727 457.727 457.727 457.727 457.727 457.727 )
2579.554: I:0 (   0.000   0.000   0.000 ) T:1 ( 457.727 457.727 457.727 457.727 457.727 457.727 )
2589.550: I:0 (   0.000   0.000   0.000 ) T:1 ( 457.727 457.727 457.727 457.727 457.727 457.727 )
2599.555: I:0 (   0.000   0.000   0.000 ) T:1 ( 457.727 457.727 457.727 457.727 457.727 457.727 )
2609.550: I:0 (   0.000   0.000   0.000 ) T:1 ( 457.727 457.727 457.727 457.727 457.727 457.727 )
2619.553: I:0 (   0.000   0.000   0.000 ) T:1 ( 457.727 457.727 457.727 457.727 457.727 457.727 )
2629.556: I:0 (   0.000   0.000   0.000 ) T:1 ( 457.727 457.727 457.727 457.727 457.727 457.727 )
2639.556: I:0 (   0.000   0.000   0.000 ) T:1 ( 457.727 457.727 457.727 457.727 457.727 457.727 )
2649.552: I:0 (   0.000   0.000   0.000 ) T:1 ( 457.727 457.727 457.727 457.727 457.727 457.727 )
2659.555: I:0 (   0.000   0.000   0.000 ) T:1 ( 457.727 457.727 457.727 457.727 457.727 457.727 )
2669.554: I:0 (   0.000   0.000   0.000 ) T:1 ( 457.727 457.727 457.727 457.727 457.727 457.727 )
2679.553: I:0 (   0.000   0.000   0.000 ) T:1 ( 457.727 457.727 457.727 457.727 457.727 457.727 )
2689.553: I:0 (   0.000   0.000   0.000 ) T:1 ( 457.727 457.727 457.727 457.727 457.727 457.727 )
2699.556: I:0 (   0.000   0.000   0.000 ) T:1 ( 457.727 457.727 457.727 457.727 457.727 457.727 )
2709.556: I:0 (   0.000   0.000   0.000 ) T:1 ( 457.727 457.727 457.727 457.727 457.727 457.727 )
2719.552: I:0 (   0.000   0.000   0.000 ) T:1 ( 457.727 457.727 457.727 457.727 457.727 457.727 )
2729.556: I:0 (   0.000   0.000   0.000 ) T:1 ( 457.727 457.727 457.727 457.727 457.727 457.727 )
2739.553: I:0 (   0.000   0.000   0.000 ) T:1 ( 457.727 457.727 457.727 457.727 457.727 457.727 )
2749.554: I:0 (   0.000   0.000   0.000 ) T:1 ( 457.727 457.727 457.727 457.727 457.727 457.727 )
2759.553: I:0 (   0.000   0.000   0.000 ) T:1 ( 457.727 457.727 457.727 457.727 457.727 457.727 )
2769.553: I:0 (   0.000   0.000   0.000 ) T:1 ( 457.727 457.727 457.727 457.727 457.727 457.727 )
2779.556: I:0 (   0.000   0.000   0.000 ) T:1 ( 457.727 457.727 457.727 457.727 457.727 457.727 )
2789.557: I:0 (   0.000   0.000   0.000 ) T:1 ( 457.727 457.727 457.727 457.727 457.727 457.727 )
2799.556: I:0 (   0.000   0.000   0.000 ) T:1 ( 457.727 457.727 457.727 457.727 457.727 457.727 )
2809.556: I:0 (   0.000   0.000   0.000 ) T:1 ( 457.727 457.727 457.727 457.727 457.727 457.727 )
2819.556: I:0 (   0.000   0.000   0.000 ) T:1 ( 457.727 457.727 457.727 457.727 457.727 457.727 )
2829.552: I:0 (   0.000   0.000   0.000 ) T:1 ( 457.727 457.727 457.727 457.727 457.727 457.727 )
2839.558: I:0 (   0.000   0.000   0.000 ) T:1 ( 457.727 457.727 457.727 457.727 457.727 457.727 )
2849.556: I:0 (   0.000   0.000   0.000 ) T:1 ( 457.727 457.727 457.727 457.727 457.727 457.727 )
2859.551: I:0 (   0.000   0.000   0.000 ) T:1 ( 457.727 457.727 457.727 457.727 457.727 457.727 )
2869.557: I:0 (   0.000   0.000   0.000 ) T:1 ( 457.727 457.727 457.727 457.727 457.727 457.727 )
2879.556: I:0 (   0.000   0.000   0.000 ) T:1 ( 457.727 457.727 457.727 457.727 457.727 457.727 )
2889.555: I:0 (   0.000   0.000   0.000 ) T:1 ( 457.727 457.727 457.727 457.727 457.727 457.727 )
2899.556: I:0 (   0.000   0.000   0.000 ) T:1 ( 457.727 457.727 457.727 457.727 457.727 457.727 )
2909.552: I:0 (   0.000   0.000   0.000 ) T:1 ( 457.727 457.727 457.727 457.727 457.727 457.727 )
2919.554: I:0 (   0.000   0.000   0.000 ) T:1 ( 457.727 457.727 457.727 457.727 457.727 457.727 )
2929.554: I:0 (   0.000   0.000   0.000 ) T:1 ( 457.727 457.727 457.727 457.727 457.727 457.727 )
2939.556: I:0 (   0.000   0.000   0.000 ) T:1 ( 457.727 457.727 457.727 457.727 457.727 457.727 )
2949.552: I:0 (   0.000   0.000   0.000 ) T:1 ( 457.727 457.727 457.727 457.727 457.727 457.727 )
2959.554: I:0 (   0.000   0.000   0.000 ) T:1 ( 457.727 457.727 457.727 457.727 457.727 457.727 )
2969.552: I:0 (   0.000   0.000   0.000 ) T:1 ( 457.727 457.727 457.727 457.727 457.727 457.727 )
2979.556: I:0 (   0.000   0.000   0.000 ) T:1 ( 457.727 457.727 457.727 457.727 457.727 457.727 )
2989.552: I:0 (   0.000   0.000   0.000 ) T:1 ( 457.727 457.727 457.727 457.727 457.727 457.727 )
2999.555: I:0 (   0.000   0.000   0.000 ) T:1 ( 457.727 457.727 457.727 457.727 457.727 457.727 )
3009.554: I:0 (   0.000   0.000   0.000 ) T:1 ( 457.727 457.727 457.727 457.727 457.727 457.727 )
3019.555: I:0 (   0.000   0.000   0.000 ) T:1 ( 457.727 457.727 457.727 457.727 457.727 457.727 )
3029.552: I:0 (   0.000   0.000   0.000 ) T:1 ( 457.727 457.727 457.727 457.727 457.727 457.727 )
3039.557: I:0 (   0.000   0.000   0.000 ) T:1 ( 457.727 457.727 457.727 457.727 457.727 457.727 )
3049.554: I:0 (   0.000   0.000   0.000 ) T:1 ( 457.727 457.727 457.727 457.727 457.727 457.727 )
3059.553: I:0 (   0.000   0.000   0.000 ) T:1 ( 457.727 457.727 457.727 457.727 457.727 457.727 )
3069.553: I:0 (   0.000   0.000   0.000 ) T:1 ( 457.727 457.727 457.727 457.727 457.727 457.727 )
3079.555: I:0 (   0.000   0.000   0.000 ) T:1 ( 457.727 457.727 457.727 457.727 457.727 457.727 )
3089.557: I:0 (   0.000   0.000   0.000 ) T:1 ( 457.727 457.727 457.727 457.727 457.727 457.727 )
3099.554: I:0 (   0.000   0.000   0.000 ) T:1 ( 457.727 457.727 457.727 457.727 457.727 457.727 )
3109.555: I:0 (   0.000   0.000   0.000 ) T:1 ( 457.727 457.727 457.727 457.727 457.727 457.727 )
3119.554: I:0 (   0.000   0.000   0.000 ) T:1 ( 457.727 457.727 457.727 457.727 457.727 457.727 )
3129.555: I:0 (   0.000   0.000   0.000 ) T:1 ( 457.727 457.727 457.727 457.727 457.727 457.727 )
3139.556: I:0 (   0.000   0.000   0.000 ) T:1 ( 457.727 457.727 457.727 457.727 457.727 457.727 )
3149.555: I:0 (   0.000   0.000   0.000 ) T:1 ( 457.727 457.727 457.727 457.727 457.727 457.727 )
3159.554: I:0 (   0.000   0.000   0.000 ) T:1 ( 457.727 457.727 457.727 457.727 457.727 457.727 )
3169.552: I:0 (   0.000   0.000   0.000 ) T:1 ( 457.727 457.727 457.727 457.727 457.727 457.727 )
3179.555: I:0 (   0.000   0.000   0.000 ) T:1 ( 457.727 457.727 457.727 457.727 457.727 457.727 )
3189.555: I:0 (   0.000   0.000   0.000 ) T:1 ( 457.727 457.727 457.727 457.727 457.727 457.727 )
3199.552: I:0 (   0.000   0.000   0.000 ) T:1 ( 457.727 457.727 457.727 457.727 457.727 457.727 )
3209.556: I:0 (   0.000   0.000   0.000 ) T:1 ( 457.727 457.727 457.727 457.727 457.727 457.727 )
3219.551: I:0 (   0.000   0.000   0.000 ) T:1 ( 457.727 457.727 457.727 457.727 457.727 457.727 )
3229.553: I:0 (   0.000   0.000   0.000 ) T:1 ( 457.727 457.727 457.727 457.727 457.727 457.727 )
3239.555: I:0 (   0.000   0.000   0.000 ) T:1 ( 457.727 457.727 457.727 457.727 457.727 457.727 )
3249.551: I:0 (   0.000   0.000   0.000 ) T:1 ( 457.727 457.727 457.727 457.727 457.727 457.727 )
3259.554: I:0 (   0.000   0.000   0.000 ) T:1 ( 457.727 457.727 457.727 457.727 457.727 457.727 )
3269.554: I:0 (   0.000   0.000   0.000 ) T:1 ( 457.727 457.727 457.727 457.727 457.727 457.727 )
3279.554: I:0 (   0.000   0.000   0.000 ) T:1 ( 457.727 457.727 457.727 457.727 457.727 457.727 )
3289.556: I:0 (   0.000   0.000   0.000 ) T:1 ( 457.727 457.727 457.727 457.727 457.727 457.727 )
3299.553: I:0 (   0.000   0.000   0.000 ) T:1 ( 457.727 457.727 457.727 457.727 457.727 457.727 )
3309.557: I:0 (   0.000   0.000   0.000 ) T:1 ( 457.727 457.727 457.727 457.727 457.727 457.727 )
3319.556: I:0 (   0.000   0.000   0.000 ) T:1 ( 457.727 457.727 457.727 457.727 457.727 457.727 )
3329.555: I:0 (   0.000   0.000   0.000 ) T:1 ( 457.727 457.727 457.727 457.727 457.727 457.727 )
3339.557: I:0 (   0.000   0.000   0.000 ) T:1 ( 457.727 457.727 457.727 457.727 457.727 457.727 )
3349.557: I:0 (   0.000   0.000   0.000 ) T:1 ( 457.727 457.727 457.727 457.727 457.727 457.727 )
3359.556: I:0 (   0.000   0.000   0.000 ) T:1 ( 457.727 457.727 457.727 457.727 457.727 457.727 )
3369.552: I:0 (   0.000   0.000   0.000 ) T:1 ( 457.727 457.727 457.727 457.727 457.727 457.727 )
3379.552: I:0 (   0.000   0.000   0.000 ) T:1 ( 457.727 457.727 457.727 457.727 457.727 457.727 )
3389.550: I:0 (   0.000   0.000   0.000 ) T:1 ( 457.727 457.727 457.727 457.727 457.727 457.727 )
3399.554: I:0 (   0.000   0.000   0.000 ) T:1 ( 457.727 457.727 457.727 457.727 457.727 457.727 )
3409.556: I:0 (   0.000   0.000   0.000 ) T:1 ( 457.727 457.727 457.727 457.727 457.727 457.727 )
3419.556: I:0 (   0.000   0.000   0.000 ) T:1 ( 457.727 457.727 457.727 457.727 457.727 457.727 )
3429.557: I:0 (   0.000   0.000   0.000 ) T:1 ( 457.727 457.727 457.727 457.727 457.727 457.727 )
3439.553: I:0 (   0.000   0.000   0.000 ) T:1 ( 457.727 457.727 457.727 457.727 457.727 457.727 )
3449.556: I:0 (   0.000   0.000   0.000 ) T:1 ( 457.727 457.727 457.727 457.727 457.727 457.727 )
3459.554: I:0 (   0.000   0.000   0.000 ) T:1 ( 457.727 457.727 457.727 457.727 457.727 457.727 )
3469.553: I:0 (   0.000   0.000   0.000 ) T:1 ( 457.727 457.727 457.727 457.727 457.727 457.727 )
3479.553: I:0 (   0.000   0.000   0.000 ) T:1 ( 457.727 457.727 457.727 457.727 457.727 457.727 )
3489.554: I:0 (   0.000   0.000   0.000 ) T:1 ( 457.727 457.727 457.727 457.727 457.727 457.727 )
3499.553: I:0 (   0.000   0.000   0.000 ) T:1 ( 457.727 457.727 457.727 457.727 457.727 457.727 )
3509.556: I:0 (   0.000   0.000   0.000 ) T:1 ( 457.727 457.727 457.727 457.727 457.727 457.727 )
3519.548: I:0 (   0.000   0.000   0.000 ) T:1 ( 457.727 457.727 457.727 457.727 457.727 457.727 )
3529.551: I:0 (   0.000   0.000   0.000 ) T:1 ( 457.727 457.727 457.727 457.727 457.727 457.727 )
3539.557: I:0 (   0.000   0.000   0.000 ) T:1 ( 457.727 457.727 457.727 457.727 457.727 457.727 )
3549.557: I:0 (   0.000   0.000   0.000 ) T:1 ( 457.727 457.727 457.727 457.727 457.727 457.727 )
3559.556: I:0 (   0.000   0.000   0.000 ) T:1 ( 457.727 457.727 457.727 457.727 457.727 457.727 )
3569.552: I:0 (   0.000   0.000   0.000 ) T:1 ( 457.727 457.727 457.727 457.727 457.727 457.727 )
3579.557: I:0 (   0.000   0.000   0.000 ) T:1 ( 457.727 457.727 457.727 457.727 457.727 457.727 )
3589.552: I:0 (   0.000   0.000   0.000 ) T:1 ( 457.727 457.727 457.727 457.727 457.727 457.727 )
3599.554: I:0 (   0.000   0.000   0.000 ) T:1 ( 457.727 457.727 457.727 457.727 457.727 457.727 )
3609.557: I:0 (   0.000   0.000   0.000 ) T:1 ( 457.727 457.727 457.727 457.727 457.727 457.727 )
3619.555: I:0 (   0.000   0.000   0.000 ) T:1 ( 457.727 457.727 457.727 457.727 457.727 457.727 )
3629.554: I:0 (   0.000   0.000   0.000 ) T:1 ( 457.727 457.727 457.727 457.727 457.727 457.727 )
3639.553: I:0 (   0.000   0.000   0.000 ) T:1 ( 457.727 457.727 457.727 457.727 457.727 457.727 )
3649.552: I:0 (   0.000   0.000   0.000 ) T:1 ( 457.727 457.727 457.727 457.727 457.727 457.727 )
3659.557: I:0 (   0.000   0.000   0.000 ) T:1 ( 457.727 457.727 457.727 457.727 457.727 457.727 )
3669.555: I:0 (   0.000   0.000   0.000 ) T:1 ( 457.727 457.727 457.727 457.727 457.727 457.727 )
3679.555: I:0 (   0.000   0.000   0.000 ) T:1 ( 457.727 457.727 457.727 457.727 457.727 457.727 )
3689.552: I:0 (   0.000   0.000   0.000 ) T:1 ( 457.727 457.727 457.727 457.727 457.727 457.727 )
3699.557: I:0 (   0.000   0.000   0.000 ) T:1 ( 457.727 457.727 457.727 457.727 457.727 457.727 )
3709.549: I:0 (   0.000   0.000   0.000 ) T:1 ( 457.727 457.727 457.727 457.727 457.727 457.727 )
3719.550: I:0 (   0.000   0.000   0.000 ) T:1 ( 457.727 457.727 457.727 457.727 457.727 457.727 )
3729.571: I:0 (   0.000   0.000   0.000 ) T:1 ( 457.727 457.727 457.727 457.727 457.727 457.727 )
3739.553: I:0 (   0.000   0.000   0.000 ) T:1 ( 457.727 457.727 457.727 457.727 457.727 457.727 )
3749.557: I:0 (   0.000   0.000   0.000 ) T:1 ( 457.727 457.727 457.727 457.727 457.727 457.727 )
3759.553: I:0 (   0.000   0.000   0.000 ) T:1 ( 457.727 457.727 457.727 457.727 457.727 457.727 )
3769.550: I:0 (   0.000   0.000   0.000 ) T:1 ( 457.727 457.727 457.727 457.727 457.727 457.727 )
3779.555: I:0 (   0.000   0.000   0.000 ) T:1 ( 457.727 457.727 457.727 457.727 457.727 457.727 )
3789.555: I:0 (   0.000   0.000   0.000 ) T:1 ( 457.727 457.727 457.727 457.727 457.727 457.727 )
3799.552: I:0 (   0.000   0.000   0.000 ) T:1 ( 457.727 457.727 457.727 457.727 457.727 457.727 )
3809.553: I:0 (   0.000   0.000   0.000 ) T:1 ( 457.727 457.727 457.727 457.727 457.727 457.727 )
3819.555: I:0 (   0.000   0.000   0.000 ) T:1 ( 457.727 457.727 457.727 457.727 457.727 457.727 )
3829.557: I:0 (   0.000   0.000   0.000 ) T:1 ( 457.727 457.727 457.727 457.727 457.727 457.727 )
3839.554: I:0 (   0.000   0.000   0.000 ) T:1 ( 457.727 457.727 457.727 457.727 457.727 457.727 )
3849.555: I:0 (   0.000   0.000   0.000 ) T:1 ( 457.727 457.727 457.727 457.727 457.727 457.727 )
3859.555: I:0 (   0.000   0.000   0.000 ) T:1 ( 457.727 457.727 457.727 457.727 457.727 457.727 )
3869.553: I:0 (   0.000   0.000   0.000 ) T:1 ( 457.727 457.727 457.727 457.727 457.727 457.727 )
3879.552: I:0 (   0.000   0.000   0.000 ) T:1 ( 457.727 457.727 457.727 457.727 457.727 457.727 )
3889.552: I:0 (   0.000   0.000   0.000 ) T:1 ( 457.727 457.727 457.727 457.727 457.727 457.727 )
3899.551: I:0 (   0.000   0.000   0.000 ) T:1 ( 457.727 457.727 457.727 457.727 457.727 457.727 )
3909.554: I:0 (   0.000   0.000   0.000 ) T:1 ( 457.727 457.727 457.727 457.727 457.727 457.727 )
3919.551: I:0 (   0.000   0.000   0.000 ) T:1 ( 457.727 457.727 457.727 457.727 457.727 457.727 )
3929.553: I:0 (   0.000   0.000   0.000 ) T:1 ( 457.727 457.727 457.727 457.727 457.727 457.727 )
3939.555: I:0 (   0.000   0.000   0.000 ) T:1 ( 457.727 457.727 457.727 457.727 457.727 457.727 )
3949.556: I:0 (   0.000   0.000   0.000 ) T:1 ( 457.727 457.727 457.727 457.727 457.727 457.727 )
3959.553: I:0 (   0.000   0.000   0.000 ) T:1 ( 457.727 457.727 457.727 457.727 457.727 457.727 )
3969.553: I:0 (   0.000   0.000   0.000 ) T:1 ( 457.727 457.727 457.727 457.727 457.727 457.727 )
3979.554: I:0 (   0.000   0.000   0.000 ) T:1 ( 457.727 457.727 457.727 457.727 457.727 457.727 )
3989.553: I:0 (   0.000   0.000   0.000 ) T:1 ( 457.727 457.727 457.727 457.727 457.727 457.727 )
3999.557: I:0 (   0.000   0.000   0.000 ) T:1 ( 457.727 457.727 457.727 457.727 457.727 457.727 )
4009.555: I:0 (   0.000   0.000   0.000 ) T:1 ( 457.727 457.727 457.727 457.727 457.727 457.727 )
4019.553: I:0 (   0.000   0.000   0.000 ) T:1 ( 457.727 457.727 457.727 457.727 457.727 457.727 )
4029.557: I:0 (   0.000   0.000   0.000 ) T:1 ( 457.727 457.727 457.727 457.727 457.727 457.727 )
4039.557: I:0 (   0.000   0.000   0.000 ) T:1 ( 457.727 457.727 457.727 457.727 457.727 457.727 )
4049.556: I:0 (   0.000   0.000   0.000 ) T:1 ( 457.727 457.727 457.727 457.727 457.727 457.727 )
4059.552: I:0 (   0.000   0.000   0.000 ) T:1 ( 457.727 457.727 457.727 457.727 457.727 457.727 )
4069.552: I:0 (   0.000   0.000   0.000 ) T:1 ( 457.727 457.727 457.727 457.727 457.727 457.727 )
4079.555: I:0 (   0.000   0.000   0.000 ) T:1 ( 457.727 457.727 457.727 457.727 457.727 457.727 )
4089.555: I:0 (   0.000   0.000   0.000 ) T:1 ( 457.727 457.727 457.727 457.727 457.727 457.727 )
4099.550: I:0 (   0.000   0.000   0.000 ) T:1 ( 457.727 457.727 457.727 457.727 457.727 457.727 )
4109.555: I:0 (   0.000   0.000   0.000 ) T:1 ( 457.727 457.727 457.727 457.727 457.727 457.727 )
4119.553: I:0 (   0.000   0.000   0.000 ) T:1 ( 457.727 457.727 457.727 457.727 457.727 457.727 )
4129.553: I:0 (   0.000   0.000   0.000 ) T:1 ( 457.727 457.727 457.727 457.727 457.727 457.727 )
4139.553: I:0 (   0.000   0.000   0.000 ) T:1 ( 457.727 457.727 457.727 457.727 457.727 457.727 )
4149.556: I:0 (   0.000   0.000   0.000 ) T:1 ( 457.727 457.727 457.727 457.727 457.727 457.727 )
4159.553: I:0 (   0.000   0.000   0.000 ) T:1 ( 457.727 457.727 457.727 457.727 457.727 457.727 )
4169.553: I:0 (   0.000   0.000   0.000 ) T:1 ( 457.727 457.727 457.727 457.727 457.727 457.727 )
4179.553: I:0 (   0.000   0.000   0.000 ) T:1 ( 457.727 457.727 457.727 457.727 457.727 457.727 )
4189.553: I:0 (   0.000   0.000   0.000 ) T:1 ( 457.727 457.727 457.727 457.727 457.727 457.727 )
4199.553: I:0 (   0.000   0.000   0.000 ) T:1 ( 457.727 457.727 457.727 457.727 457.727 457.727 )
4209.555: I:0 (   0.000   0.000   0.000 ) T:1 ( 457.727 457.727 457.727 457.727 457.727 457.727 )
4219.554: I:0 (   0.000   0.000   0.000 ) T:1 ( 457.727 457.727 457.727 457.727 457.727 457.727 )
4229.554: I:0 (   0.000   0.000   0.000 ) T:1 ( 457.727 457.727 457.727 457.727 457.727 457.727 )
4239.556: I:0 (   0.000   0.000   0.000 ) T:1 ( 457.727 457.727 457.727 457.727 457.727 457.727 )
4249.552: I:0 (   0.000   0.000   0.000 ) T:1 ( 457.727 457.727 457.727 457.727 457.727 457.727 )
4259.553: I:0 (   0.000   0.000   0.000 ) T:1 ( 457.727 457.727 457.727 457.727 457.727 457.727 )
4269.553: I:0 (   0.000   0.000   0.000 ) T:1 ( 457.727 457.727 457.727 457.727 457.727 457.727 )
4279.554: I:0 (   0.000   0.000   0.000 ) T:1 ( 457.727 457.727 457.727 457.727 457.727 457.727 )
4289.553: I:0 (   0.000   0.000   0.000 ) T:1 ( 457.727 457.727 457.727 457.727 457.727 457.727 )
4299.551: I:0 (   0.000   0.000   0.000 ) T:1 ( 457.727 457.727 457.727 457.727 457.727 457.727 )
4309.558: I:0 (   0.000   0.000   0.000 ) T:1 ( 457.727 457.727 457.727 457.727 457.727 457.727 )
4319.556: I:0 (   0.000   0.000   0.000 ) T:1 ( 457.727 457.727 457.727 457.727 457.727 457.727 )
4329.551: I:0 (   0.000   0.000   0.000 ) T:1 ( 457.727 457.727 457.727 457.727 457.727 457.727 )
4339.553: I:0 (   0.000   0.000   0.000 ) T:1 ( 457.727 457.727 457.727 457.727 457.727 457.727 )
4349.554: I:0 (   0.000   0.000   0.000 ) T:1 ( 457.727 457.727 457.727 457.727 457.727 457.727 )
4359.554: I:0 (   0.000   0.000   0.000 ) T:1 ( 457.727 457.727 457.727 457.727 457.727 457.727 )
4369.553: I:0 (   0.000   0.000   0.000 ) T:1 ( 457.727 457.727 457.727 457.727 457.727 457.727 )
4379.553: I:0 (   0.000   0.000   0.000 ) T:1 ( 457.727 457.727 457.727 457.727 457.727 457.727 )
4389.559: I:0 (   0.000   0.000   0.000 ) T:1 ( 457.727 457.727 457.727 457.727 457.727 457.727 )
4399.549: I:0 (   0.000   0.000   0.000 ) T:1 ( 457.727 457.727 457.727 457.727 457.727 457.727 )
4409.554: I:0 (   0.000   0.000   0.000 ) T:1 ( 457.727 457.727 457.727 457.727 457.727 457.727 )
4419.553: I:0 (   0.000   0.000   0.000 ) T:1 ( 457.727 457.727 457.727 457.727 457.727 457.727 )
4429.555: I:0 (   0.000   0.000   0.000 ) T:1 ( 457.727 457.727 457.727 457.727 457.727 457.727 )
4439.557: I:0 (   0.000   0.000   0.000 ) T:1 ( 457.727 457.727 457.727 457.727 457.727 457.727 )
4449.557: I:0 (   0.000   0.000   0.000 ) T:1 ( 457.727 457.727 457.727 457.727 457.727 457.727 )
4459.558: I:0 (   0.000   0.000   0.000 ) T:1 ( 457.727 457.727 457.727 457.727 457.727 457.727 )
4469.554: I:0 (   0.000   0.000   0.000 ) T:1 ( 457.727 457.727 457.727 457.727 457.727 457.727 )
4479.556: I:0 (   0.000   0.000   0.000 ) T:1 ( 457.727 457.727 457.727 457.727 457.727 457.727 )
4489.557: I:0 (   0.000   0.000   0.000 ) T:1 ( 457.727 457.727 457.727 457.727 457.727 457.727 )
4499.553: I:0 (   0.000   0.000   0.000 ) T:1 ( 457.727 457.727 457.727 457.727 457.727 457.727 )
4509.548: I:0 (   0.000   0.000   0.000 ) T:1 ( 457.727 457.727 457.727 457.727 457.727 457.727 )
4519.552: I:0 (   0.000   0.000   0.000 ) T:1 ( 457.727 457.727 457.727 457.727 457.727 457.727 )
4529.553: I:0 (   0.000   0.000   0.000 ) T:1 ( 457.727 457.727 457.727 457.727 457.727 457.727 )
4539.552: I:0 (   0.000   0.000   0.000 ) T:1 ( 457.727 457.727 457.727 457.727 457.727 457.727 )
4549.551: I:0 (   0.000   0.000   0.000 ) T:1 ( 457.727 457.727 457.727 457.727 457.727 457.727 )
4559.552: I:0 (   0.000   0.000   0.000 ) T:1 ( 457.727 457.727 457.727 457.727 457.727 457.727 )
4569.555: I:0 (   0.000   0.000   0.000 ) T:1 ( 457.727 457.727 457.727 457.727 457.727 457.727 )
4579.555: I:0 (   0.000   0.000   0.000 ) T:1 ( 457.727 457.727 457.727 457.727 457.727 457.727 )
4589.552: I:0 (   0.000   0.000   0.000 ) T:1 ( 457.727 457.727 457.727 457.727 457.727 457.727 )
4599.557: I:0 (   0.000   0.000   0.000 ) T:1 ( 457.727 457.727 457.727 457.727 457.727 457.727 )
4609.549: I:0 (   0.000   0.000   0.000 ) T:1 ( 457.727 457.727 457.727 457.727 457.727 457.727 )
4619.553: I:0 (   0.000   0.000   0.000 ) T:1 ( 457.727 457.727 457.727 457.727 457.727 457.727 )
4629.555: I:0 (   0.000   0.000   0.000 ) T:1 ( 457.727 457.727 457.727 457.727 457.727 457.727 )
4639.552: I:0 (   0.000   0.000   0.000 ) T:1 ( 457.727 457.727 457.727 457.727 457.727 457.727 )
4649.552: I:0 (   0.000   0.000   0.000 ) T:1 ( 457.727 457.727 457.727 457.727 457.727 457.727 )
4659.552: I:0 (   0.000   0.000   0.000 ) T:1 ( 457.727 457.727 457.727 457.727 457.727 457.727 )
4669.555: I:0 (   0.000   0.000   0.000 ) T:1 ( 457.727 457.727 457.727 457.727 457.727 457.727 )
4679.552: I:0 (   0.000   0.000   0.000 ) T:1 ( 457.727 457.727 457.727 457.727 457.727 457.727 )
4689.552: I:0 (   0.000   0.000   0.000 ) T:1 ( 457.727 457.727 457.727 457.727 457.727 457.727 )
4699.555: I:0 (   0.000   0.000   0.000 ) T:1 ( 457.727 457.727 457.727 457.727 457.727 457.727 )
4709.556: I:0 (   0.000   0.000   0.000 ) T:1 ( 457.727 457.727 457.727 457.727 457.727 457.727 )
4719.550: I:0 (   0.000   0.000   0.000 ) T:1 ( 457.727 457.727 457.727 457.727 457.727 457.727 )
4729.552: I:0 (   0.000   0.000   0.000 ) T:1 ( 457.727 457.727 457.727 457.727 457.727 457.727 )
4739.553: I:0 (   0.000   0.000   0.000 ) T:1 ( 457.727 457.727 457.727 457.727 457.727 457.727 )
4749.555: I:0 (   0.000   0.000   0.000 ) T:1 ( 457.727 457.727 457.727 457.727 457.727 457.727 )
4759.554: I:0 (   0.000   0.000   0.000 ) T:1 ( 457.727 457.727 457.727 457.727 457.727 457.727 )
4769.551: I:0 (   0.000   0.000   0.000 ) T:1 ( 457.727 457.727 457.727 457.727 457.727 457.727 )
4779.552: I:0 (   0.000   0.000   0.000 ) T:1 ( 457.727 457.727 457.727 457.727 457.727 457.727 )
4789.552: I:0 (   0.000   0.000   0.000 ) T:1 ( 457.727 457.727 457.727 457.727 457.727 457.727 )
4799.554: I:0 (   0.000   0.000   0.000 ) T:1 ( 457.727 457.727 457.727 457.727 457.727 457.727 )
4809.552: I:0 (   0.000   0.000   0.000 ) T:1 ( 457.727 457.727 457.727 457.727 457.727 457.727 )
4819.555: I:0 (   0.000   0.000   0.000 ) T:1 ( 457.727 457.727 457.727 457.727 457.727 457.727 )
4829.556: I:0 (   0.000   0.000   0.000 ) T:1 ( 457.727 457.727 457.727 457.727 457.727 457.727 )
4839.553: I:0 (   0.000   0.000   0.000 ) T:1 ( 457.727 457.727 457.727 457.727 457.727 457.727 )
4849.553: I:0 (   0.000   0.000   0.000 ) T:1 ( 457.727 457.727 457.727 457.727 457.727 457.727 )
4859.550: I:0 (   0.000   0.000   0.000 ) T:1 ( 457.727 457.727 457.727 457.727 457.727 457.727 )
4869.556: I:0 (   0.000   0.000   0.000 ) T:1 ( 457.727 457.727 457.727 457.727 457.727 457.727 )
4879.551: I:0 (   0.000   0.000   0.000 ) T:1 ( 457.727 457.727 457.727 457.727 457.727 457.727 )
4889.553: I:0 (   0.000   0.000   0.000 ) T:1 ( 457.727 457.727 457.727 457.727 457.727 457.727 )
4899.553: I:0 (   0.000   0.000   0.000 ) T:1 ( 457.727 457.727 457.727 457.727 457.727 457.727 )
4909.557: I:0 (   0.000   0.000   0.000 ) T:1 ( 457.727 457.727 457.727 457.727 457.727 457.727 )
4919.558: I:0 (   0.000   0.000   0.000 ) T:1 ( 457.727 457.727 457.727 457.727 457.727 457.727 )
4929.550: I:0 (   0.000   0.000   0.000 ) T:1 ( 457.727 457.727 457.727 457.727 457.727 457.727 )
4939.554: I:0 (   0.000   0.000   0.000 ) T:1 ( 457.727 457.727 457.727 457.727 457.727 457.727 )
4949.548: I:0 (   0.000   0.000   0.000 ) T:1 ( 457.727 457.727 457.727 457.727 457.727 457.727 )
4959.550: I:0 (   0.000   0.000   0.000 ) T:1 ( 457.727 457.727 457.727 457.727 457.727 457.727 )
4969.555: I:0 (   0.000   0.000   0.000 ) T:1 ( 457.727 457.727 457.727 457.727 457.727 457.727 )
4979.556: I:0 (   0.000   0.000   0.000 ) T:1 ( 457.727 457.727 457.727 457.727 457.727 457.727 )
4989.554: I:0 (   0.000   0.000   0.000 ) T:1 ( 457.727 457.727 457.727 457.727 457.727 457.727 )
4999.555: I:0 (   0.000   0.000   0.000 ) T:1 ( 457.727 457.727 457.727 457.727 457.727 457.727 )
5009.555: I:0 (   0.000   0.000   0.000 ) T:1 ( 457.727 457.727 457.727 457.727 457.727 457.727 )
5019.555: I:0 (   0.000   0.000   0.000 ) T:1 ( 457.727 457.727 457.727 457.727 457.727 457.727 )
5029.551: I:0 (   0.000   0.000   0.000 ) T:1 ( 457.727 457.727 457.727 457.727 457.727 457.727 )
5039.553: I:0 (   0.000   0.000   0.000 ) T:1 ( 457.727 457.727 457.727 457.727 457.727 457.727 )
5049.555: I:0 (   0.000   0.000   0.000 ) T:1 ( 457.727 457.727 457.727 457.727 457.727 457.727 )
5059.553: I:0 (   0.000   0.000   0.000 ) T:1 ( 457.727 457.727 457.727 457.727 457.727 457.727 )
5069.554: I:0 (   0.000   0.000   0.000 ) T:1 ( 457.727 457.727 457.727 457.727 457.727 457.727 )
5079.550: I:0 (   0.000   0.000   0.000 ) T:1 ( 457.727 457.727 457.727 457.727 457.727 457.727 )
5089.556: I:0 (   0.000   0.000   0.000 ) T:1 ( 457.727 457.727 457.727 457.727 457.727 457.727 )
5099.553: I:0 (   0.000   0.000   0.000 ) T:1 ( 457.727 457.727 457.727 457.727 457.727 457.727 )
5109.557: I:0 (   0.000   0.000   0.000 ) T:1 ( 457.727 457.727 457.727 457.727 457.727 457.727 )
5119.554: I:0 (   0.000   0.000   0.000 ) T:1 ( 457.727 457.727 457.727 457.727 457.727 457.727 )
5129.557: I:0 (   0.000   0.000   0.000 ) T:1 ( 457.727 457.727 457.727 457.727 457.727 457.727 )
5139.554: I:0 (   0.000   0.000   0.000 ) T:1 ( 457.727 457.727 457.727 457.727 457.727 457.727 )
5149.553: I:0 (   0.000   0.000   0.000 ) T:1 ( 457.727 457.727 457.727 457.727 457.727 457.727 )
5159.552: I:0 (   0.000   0.000   0.000 ) T:1 ( 457.727 457.727 457.727 457.727 457.727 457.727 )
5169.555: I:0 (   0.000   0.000   0.000 ) T:1 ( 457.727 457.727 457.727 457.727 457.727 457.727 )
5179.555: I:0 (   0.000   0.000   0.000 ) T:1 ( 457.727 457.727 457.727 457.727 457.727 457.727 )
5189.553: I:0 (   0.000   0.000   0.000 ) T:1 ( 457.727 457.727 457.727 457.727 457.727 457.727 )
5199.556: I:0 (   0.000   0.000   0.000 ) T:1 ( 457.727 457.727 457.727 457.727 457.727 457.727 )
5209.552: I:0 (   0.000   0.000   0.000 ) T:1 ( 457.727 457.727 457.727 457.727 457.727 457.727 )
5219.554: I:0 (   0.000   0.000   0.000 ) T:1 ( 457.727 457.727 457.727 457.727 457.727 457.727 )
5229.551: I:0 (   0.000   0.000   0.000 ) T:1 ( 457.727 457.727 457.727 457.727 457.727 457.727 )
5239.552: I:0 (   0.000   0.000   0.000 ) T:1 ( 457.727 457.727 457.727 457.727 457.727 457.727 )
5249.547: I:0 (   0.000   0.000   0.000 ) T:1 ( 457.727 457.727 457.727 457.727 457.727 457.727 )
5259.552: I:0 (   0.000   0.000   0.000 ) T:1 ( 457.727 457.727 457.727 457.727 457.727 457.727 )
5269.552: I:0 (   0.000   0.000   0.000 ) T:1 ( 457.727 457.727 457.727 457.727 457.727 457.727 )
5279.552: I:0 (   0.000   0.000   0.000 ) T:1 ( 457.727 457.727 457.727 457.727 457.727 457.727 )
5289.553: I:0 (   0.000   0.000   0.000 ) T:1 ( 457.727 457.727 457.727 457.727 457.727 457.727 )
5299.551: I:0 (   0.000   0.000   0.000 ) T:1 ( 457.727 457.727 457.727 457.727 457.727 457.727 )
5309.553: I:0 (   0.000   0.000   0.000 ) T:1 ( 457.727 457.727 457.727 457.727 457.727 457.727 )
5319.554: I:0 (   0.000   0.000   0.000 ) T:1 ( 457.727 457.727 457.727 457.727 457.727 457.727 )
5329.554: I:0 (   0.000   0.000   0.000 ) T:1 ( 457.727 457.727 457.727 457.727 457.727 457.727 )
5339.551: I:0 (   0.000   0.000   0.000 ) T:1 ( 457.727 457.727 457.727 457.727 457.727 457.727 )
5349.553: I:0 (   0.000   0.000   0.000 ) T:1 ( 457.727 457.727 457.727 457.727 457.727 457.727 )
5359.553: I:0 (   0.000   0.000   0.000 ) T:1 ( 457.727 457.727 457.727 457.727 457.727 457.727 )
5369.550: I:0 (   0.000   0.000   0.000 ) T:1 ( 457.727 457.727 457.727 457.727 457.727 457.727 )
5379.548: I:0 (   0.000   0.000   0.000 ) T:1 ( 457.727 457.727 457.727 457.727 457.727 457.727 )
5389.552: I:0 (   0.000   0.000   0.000 ) T:1 ( 457.727 457.727 457.727 457.727 457.727 457.727 )
5399.554: I:0 (   0.000   0.000   0.000 ) T:1 ( 457.727 457.727 457.727 457.727 457.727 457.727 )
5409.554: I:0 (   0.000   0.000   0.000 ) T:1 ( 457.727 457.727 457.727 457.727 457.727 457.727 )
5419.556: I:0 (   0.000   0.000   0.000 ) T:1 ( 457.727 457.727 457.727 457.727 457.727 457.727 )
5429.551: I:0 (   0.000   0.000   0.000 ) T:1 ( 457.727 457.727 457.727 457.727 457.727 457.727 )
5439.553: I:0 (   0.000   0.000   0.000 ) T:1 ( 457.727 457.727 457.727 457.727 457.727 457.727 )
5449.553: I:0 (   0.000   0.000   0.000 ) T:1 ( 457.727 457.727 457.727 457.727 457.727 457.727 )
5459.554: I:0 (   0.000   0.000   0.000 ) T:1 ( 457.727 457.727 457.727 457.727 457.727 457.727 )
5469.553: I:0 (   0.000   0.000   0.000 ) T:1 ( 457.727 457.727 457.727 457.727 457.727 457.727 )
5479.554: I:0 (   0.000   0.000   0.000 ) T:1 ( 457.727 457.727 457.727 457.727 457.727 457.727 )
5489.555: I:0 (   0.000   0.000   0.000 ) T:1 ( 457.727 457.727 457.727 457.727 457.727 457.727 )
5499.554: I:0 (   0.000   0.000   0.000 ) T:1 ( 457.727 457.727 457.727 457.727 457.727 457.727 )
5509.553: I:0 (   0.000   0.000   0.000 ) T:1 ( 457.727 457.727 457.727 457.727 457.727 457.727 )
5519.551: I:0 (   0.000   0.000   0.000 ) T:1 ( 457.727 457.727 457.727 457.727 457.727 457.727 )
5529.551: I:0 (   0.000   0.000   0.000 ) T:1 ( 457.727 457.727 457.727 457.727 457.727 457.727 )
5539.559: I:0 (   0.000   0.000   0.000 ) T:1 ( 457.727 457.727 457.727 457.727 457.727 457.727 )
5549.557: I:0 (   0.000   0.000   0.000 ) T:1 ( 457.727 457.727 457.727 457.727 457.727 457.727 )
5559.550: I:0 (   0.000   0.000   0.000 ) T:1 ( 457.727 457.727 457.727 457.727 457.727 457.727 )
5569.556: I:0 (   0.000   0.000   0.000 ) T:1 ( 457.727 457.727 457.727 457.727 457.727 457.727 )
5579.547: I:0 (   0.000   0.000   0.000 ) T:1 ( 457.727 457.727 457.727 457.727 457.727 457.727 )
5589.552: I:0 (   0.000   0.000   0.000 ) T:1 ( 457.727 457.727 457.727 457.727 457.727 457.727 )
5599.554: I:0 (   0.000   0.000   0.000 ) T:1 ( 457.727 457.727 457.727 457.727 457.727 457.727 )
5609.548: I:0 (   0.000   0.000   0.000 ) T:1 ( 457.727 457.727 457.727 457.727 457.727 457.727 )
5619.558: I:0 (   0.000   0.000   0.000 ) T:1 ( 457.727 457.727 457.727 457.727 457.727 457.727 )
5629.557: I:0 (   0.000   0.000   0.000 ) T:1 ( 457.727 457.727 457.727 457.727 457.727 457.727 )
5639.553: I:0 (   0.000   0.000   0.000 ) T:1 ( 457.727 457.727 457.727 457.727 457.727 457.727 )
5649.547: I:0 (   0.000   0.000   0.000 ) T:1 ( 457.727 457.727 457.727 457.727 457.727 457.727 )
5659.554: I:0 (   0.000   0.000   0.000 ) T:1 ( 457.727 457.727 457.727 457.727 457.727 457.727 )
5669.552: I:0 (   0.000   0.000   0.000 ) T:1 ( 457.727 457.727 457.727 457.727 457.727 457.727 )
5679.553: I:0 (   0.000   0.000   0.000 ) T:1 ( 457.727 457.727 457.727 457.727 457.727 457.727 )
5689.553: I:0 (   0.000   0.000   0.000 ) T:1 ( 457.727 457.727 457.727 457.727 457.727 457.727 )
5699.552: I:0 (   0.000   0.000   0.000 ) T:1 ( 457.727 457.727 457.727 457.727 457.727 457.727 )
5709.554: I:0 (   0.000   0.000   0.000 ) T:1 ( 457.727 457.727 457.727 457.727 457.727 457.727 )
5719.553: I:0 (   0.000   0.000   0.000 ) T:1 ( 457.727 457.727 457.727 457.727 457.727 457.727 )
5729.551: I:0 (   0.000   0.000   0.000 ) T:1 ( 457.727 457.727 457.727 457.727 457.727 457.727 )
5739.550: I:0 (   0.000   0.000   0.000 ) T:1 ( 457.727 457.727 457.727 457.727 457.727 457.727 )
5749.553: I:0 (   0.000   0.000   0.000 ) T:1 ( 457.727 457.727 457.727 457.727 457.727 457.727 )
5759.554: I:0 (   0.000   0.000   0.000 ) T:1 ( 457.727 457.727 457.727 457.727 457.727 457.727 )
5769.553: I:0 (   0.000   0.000   0.000 ) T:1 ( 457.727 457.727 457.727 457.727 457.727 457.727 )
5779.552: I:0 (   0.000   0.000   0.000 ) T:1 ( 457.727 457.727 457.727 457.727 457.727 457.727 )
5789.554: I:0 (   0.000   0.000   0.000 ) T:1 ( 457.727 457.727 457.727 457.727 457.727 457.727 )
5799.553: I:0 (   0.000   0.000   0.000 ) T:1 ( 457.727 457.727 457.727 457.727 457.727 457.727 )
5809.552: I:0 (   0.000   0.000   0.000 ) T:1 ( 457.727 457.727 457.727 457.727 457.727 457.727 )
5819.556: I:0 (   0.000   0.000   0.000 ) T:1 ( 457.727 457.727 457.727 457.727 457.727 457.727 )
5829.550: I:0 (   0.000   0.000   0.000 ) T:1 ( 457.727 457.727 457.727 457.727 457.727 457.727 )
5839.549: I:0 (   0.000   0.000   0.000 ) T:1 ( 457.727 457.727 457.727 457.727 457.727 457.727 )
5849.552: I:0 (   0.000   0.000   0.000 ) T:1 ( 457.727 457.727 457.727 457.727 457.727 457.727 )
5859.551: I:0 (   0.000   0.000   0.000 ) T:1 ( 457.727 457.727 457.727 457.727 457.727 457.727 )
5869.556: I:0 (   0.000   0.000   0.000 ) T:1 ( 457.727 457.727 457.727 457.727 457.727 457.727 )
5879.554: I:0 (   0.000   0.000   0.000 ) T:1 ( 457.727 457.727 457.727 457.727 457.727 457.727 )
5889.551: I:0 (   0.000   0.000   0.000 ) T:1 ( 457.727 457.727 457.727 457.727 457.727 457.727 )
5899.554: I:0 (   0.000   0.000   0.000 ) T:1 ( 457.727 457.727 457.727 457.727 457.727 457.727 )
5909.554: I:0 (   0.000   0.000   0.000 ) T:1 ( 457.727 457.727 457.727 457.727 457.727 457.727 )
5910.439: I:0 (   0.000   0.000   0.000 ) T:1 ( 457.727 457.727 457.727 457.727 457.727 457.727 )
5910.479: I:0 (   0.000   0.000   0.000 ) T:1 ( 457.727 457.727 457.727 457.727 457.727 457.727 )
