#[Interval percentile log between 0.000 and <Infinite> seconds (relative to StartTime)]
#[StartTime: 1524833967.920 (seconds since epoch), Fri Apr 27 14:59:27 CEST 2018]
Time: IntervalPercentiles:count ( 50% 90% Max ) TotalPercentiles:count ( 50% 90% 99% 99.9% 99.99% Max )
9.438: I:33 ( 113.663 221.311 550.399 ) T:33 ( 113.663 221.311 550.399 550.399 550.399 550.399 )
19.414: I:32 ( 111.359 189.695 375.807 ) T:65 ( 112.127 221.311 550.399 550.399 550.399 550.399 )
29.407: I:30 ( 121.151 171.775 234.751 ) T:95 ( 113.663 211.839 550.399 550.399 550.399 550.399 )
39.410: I:34 ( 111.231 202.111 369.151 ) T:129 ( 111.999 211.839 375.807 550.399 550.399 550.399 )
49.404: I:31 ( 111.231 158.719 495.103 ) T:160 ( 111.359 197.247 495.103 550.399 550.399 550.399 )
59.420: I:31 ( 121.343 263.935 381.183 ) T:191 ( 111.807 202.111 495.103 550.399 550.399 550.399 )
69.409: I:31 ( 121.407 188.927 287.231 ) T:222 ( 116.607 202.111 381.183 550.399 550.399 550.399 )
79.410: I:32 ( 111.295 169.471 237.183 ) T:254 ( 113.663 202.111 381.183 550.399 550.399 550.399 )
89.410: I:31 ( 130.175 232.575 445.695 ) T:285 ( 119.295 211.839 445.695 550.399 550.399 550.399 )
99.413: I:31 ( 121.407 182.143 406.015 ) T:316 ( 119.743 211.839 406.015 550.399 550.399 550.399 )
109.407: I:32 ( 111.295 202.239 287.999 ) T:348 ( 119.039 211.839 406.015 550.399 550.399 550.399 )
119.407: I:33 ( 121.343 161.919 311.295 ) T:381 ( 119.295 210.303 406.015 550.399 550.399 550.399 )
129.407: I:30 ( 111.423 274.431 365.567 ) T:411 ( 119.295 212.351 381.183 550.399 550.399 550.399 )
139.408: I:32 ( 111.359 162.047 324.607 ) T:443 ( 116.607 211.839 381.183 550.399 550.399 550.399 )
149.408: I:31 ( 111.359 265.471 398.847 ) T:474 ( 113.663 212.351 398.847 550.399 550.399 550.399 )
159.401: I:29 ( 117.631 192.127 291.327 ) T:503 ( 116.607 211.839 381.183 550.399 550.399 550.399 )
169.406: I:31 ( 121.471 247.679 412.159 ) T:534 ( 117.631 212.351 398.847 550.399 550.399 550.399 )
179.408: I:31 ( 121.407 169.343 370.431 ) T:565 ( 118.847 212.351 398.847 550.399 550.399 550.399 )
189.403: I:29 ( 121.407 230.527 273.151 ) T:594 ( 119.295 212.351 398.847 550.399 550.399 550.399 )
199.401: I:32 ( 111.359 189.823 261.119 ) T:626 ( 117.631 211.839 381.183 550.399 550.399 550.399 )
209.409: I:30 ( 121.599 231.807 457.727 ) T:656 ( 119.295 212.351 406.015 550.399 550.399 550.399 )
219.406: I:32 ( 111.359 151.807 295.679 ) T:688 ( 117.631 211.839 406.015 550.399 550.399 550.399 )
229.408: I:32 ( 111.487 151.807 404.479 ) T:720 ( 117.631 210.303 404.479 550.399 550.399 550.399 )
239.407: I:29 ( 121.535 202.367 415.743 ) T:749 ( 119.743 210.303 406.015 550.399 550.399 550.399 )
249.406: I:28 ( 132.607 263.167 477.695 ) T:777 ( 121.215 211.839 412.159 550.399 550.399 550.399 )
259.413: I:29 ( 141.695 202.111 358.655 ) T:806 ( 121.279 210.303 406.015 550.399 550.399 550.399 )
269.417: I:28 ( 131.583 222.463 379.903 ) T:834 ( 121.343 211.839 406.015 550.399 550.399 550.399 )
279.403: I:27 ( 131.711 164.991 406.527 ) T:861 ( 121.407 210.303 406.527 550.399 550.399 550.399 )
289.417: I:29 ( 131.583 182.143 286.719 ) T:890 ( 121.407 202.367 406.527 550.399 550.399 550.399 )
299.419: I:27 ( 131.583 172.031 329.983 ) T:917 ( 121.407 202.367 406.015 550.399 550.399 550.399 )
309.410: I:28 ( 131.583 242.687 331.263 ) T:945 ( 121.407 202.367 406.015 550.399 550.399 550.399 )
319.406: I:27 ( 141.823 203.775 372.991 ) T:972 ( 121.471 202.367 406.015 550.399 550.399 550.399 )
329.410: I:29 ( 122.495 301.311 484.095 ) T:1001 ( 121.471 202.367 406.015 495.103 550.399 550.399 )
339.408: I:27 ( 131.711 313.599 496.127 ) T:1028 ( 121.471 203.775 406.527 496.127 550.399 550.399 )
349.407: I:27 ( 131.583 345.087 375.295 ) T:1055 ( 121.471 210.303 406.527 496.127 550.399 550.399 )
359.409: I:29 ( 131.711 252.799 397.311 ) T:1084 ( 121.471 211.839 406.527 496.127 550.399 550.399 )
369.414: I:28 ( 131.711 172.031 414.463 ) T:1112 ( 121.471 210.303 406.527 496.127 550.399 550.399 )
379.420: I:27 ( 130.175 267.263 369.407 ) T:1139 ( 121.471 211.839 406.527 496.127 550.399 550.399 )
389.409: I:26 ( 141.311 335.871 465.919 ) T:1165 ( 121.471 211.839 414.463 496.127 550.399 550.399 )
399.407: I:28 ( 131.583 182.143 437.247 ) T:1193 ( 121.535 210.303 415.743 496.127 550.399 550.399 )
409.407: I:27 ( 131.583 232.703 316.927 ) T:1220 ( 121.535 210.303 414.463 496.127 550.399 550.399 )
419.408: I:27 ( 131.711 319.743 388.863 ) T:1247 ( 121.535 211.839 414.463 496.127 550.399 550.399 )
429.406: I:28 ( 131.839 172.031 257.279 ) T:1275 ( 121.535 210.303 414.463 496.127 550.399 550.399 )
439.408: I:28 ( 131.455 284.159 380.927 ) T:1303 ( 121.535 210.303 412.159 496.127 550.399 550.399 )
449.407: I:28 ( 135.551 202.367 383.231 ) T:1331 ( 121.535 203.775 412.159 496.127 550.399 550.399 )
459.409: I:28 ( 131.711 323.071 436.223 ) T:1359 ( 121.599 211.839 414.463 496.127 550.399 550.399 )
469.407: I:26 ( 132.607 257.663 536.575 ) T:1385 ( 121.599 211.839 415.743 536.575 550.399 550.399 )
479.409: I:27 ( 133.759 182.271 525.311 ) T:1412 ( 121.727 210.303 415.743 536.575 550.399 550.399 )
489.405: I:28 ( 141.439 257.535 336.383 ) T:1440 ( 122.495 211.839 415.743 536.575 550.399 550.399 )
499.406: I:27 ( 130.367 222.463 450.303 ) T:1467 ( 122.559 212.351 422.399 536.575 550.399 550.399 )
509.406: I:28 ( 131.711 290.815 389.375 ) T:1495 ( 122.943 212.351 422.399 536.575 550.399 550.399 )
519.400: I:28 ( 131.583 202.623 374.271 ) T:1523 ( 123.135 212.351 415.743 536.575 550.399 550.399 )
529.405: I:28 ( 121.599 222.463 399.615 ) T:1551 ( 123.135 212.351 415.743 536.575 550.399 550.399 )
539.407: I:28 ( 131.583 264.959 376.831 ) T:1579 ( 123.263 212.351 415.743 536.575 550.399 550.399 )
549.407: I:28 ( 131.711 182.911 306.943 ) T:1607 ( 125.247 212.351 415.743 536.575 550.399 550.399 )
559.406: I:29 ( 131.583 273.151 369.151 ) T:1636 ( 125.567 212.351 415.743 536.575 550.399 550.399 )
569.416: I:28 ( 131.583 265.983 456.959 ) T:1664 ( 126.079 212.479 415.743 536.575 550.399 550.399 )
579.407: I:28 ( 141.567 355.583 461.823 ) T:1692 ( 127.487 212.479 436.223 536.575 550.399 550.399 )
589.417: I:28 ( 121.407 162.047 418.303 ) T:1720 ( 126.079 212.351 422.399 536.575 550.399 550.399 )
599.407: I:28 ( 130.367 164.095 399.359 ) T:1748 ( 126.527 212.351 422.399 536.575 550.399 550.399 )
609.406: I:27 ( 131.455 305.663 429.823 ) T:1775 ( 127.103 212.479 429.823 536.575 550.399 550.399 )
619.406: I:27 ( 131.455 306.175 422.143 ) T:1802 ( 127.487 212.479 422.399 536.575 550.399 550.399 )
629.407: I:27 ( 131.583 182.143 460.031 ) T:1829 ( 127.743 212.479 429.823 536.575 550.399 550.399 )
639.403: I:28 ( 131.711 339.199 429.823 ) T:1857 ( 129.919 212.479 429.823 536.575 550.399 550.399 )
649.408: I:28 ( 131.583 298.751 333.311 ) T:1885 ( 129.919 212.479 429.823 536.575 550.399 550.399 )
659.406: I:28 ( 131.711 250.111 293.375 ) T:1913 ( 130.111 212.479 429.823 536.575 550.399 550.399 )
669.412: I:28 ( 126.783 222.463 487.679 ) T:1941 ( 130.111 212.479 429.823 536.575 550.399 550.399 )
679.407: I:27 ( 131.583 353.535 463.871 ) T:1968 ( 130.111 212.479 436.223 536.575 550.399 550.399 )
689.405: I:29 ( 131.583 192.255 321.023 ) T:1997 ( 130.175 212.479 436.223 536.575 550.399 550.399 )
699.407: I:29 ( 121.599 260.223 290.559 ) T:2026 ( 130.175 212.479 429.823 525.311 550.399 550.399 )
709.405: I:26 ( 131.711 238.207 445.951 ) T:2052 ( 130.367 212.479 436.223 525.311 550.399 550.399 )
719.407: I:27 ( 151.807 211.455 397.311 ) T:2079 ( 131.199 212.479 436.223 525.311 550.399 550.399 )
729.406: I:28 ( 131.583 222.463 265.215 ) T:2107 ( 131.327 212.479 429.823 525.311 550.399 550.399 )
739.407: I:26 ( 141.695 222.591 569.343 ) T:2133 ( 131.455 212.479 437.247 536.575 569.343 569.343 )
749.406: I:27 ( 131.711 257.535 407.551 ) T:2160 ( 131.455 212.479 437.247 536.575 569.343 569.343 )
759.406: I:27 ( 135.423 202.367 349.695 ) T:2187 ( 131.455 212.479 437.247 536.575 569.343 569.343 )
769.406: I:28 ( 131.583 225.919 407.807 ) T:2215 ( 131.455 212.479 436.223 536.575 569.343 569.343 )
779.409: I:28 ( 131.583 192.255 439.807 ) T:2243 ( 131.455 212.479 437.247 536.575 569.343 569.343 )
789.406: I:27 ( 131.455 223.615 571.903 ) T:2270 ( 131.455 212.479 438.527 550.399 571.903 571.903 )
799.408: I:28 ( 131.583 298.239 379.647 ) T:2298 ( 131.455 216.703 438.527 550.399 571.903 571.903 )
809.416: I:26 ( 136.959 314.623 427.519 ) T:2324 ( 131.455 216.703 437.247 550.399 571.903 571.903 )
819.407: I:28 ( 131.839 232.575 316.671 ) T:2352 ( 131.455 216.703 437.247 550.399 571.903 571.903 )
829.404: I:28 ( 140.927 278.783 333.823 ) T:2380 ( 131.583 216.831 437.247 550.399 571.903 571.903 )
839.406: I:28 ( 131.583 287.231 449.535 ) T:2408 ( 131.583 221.311 437.247 550.399 571.903 571.903 )
849.405: I:28 ( 122.495 202.367 441.087 ) T:2436 ( 131.583 220.031 438.527 550.399 571.903 571.903 )
859.412: I:28 ( 131.711 171.903 225.023 ) T:2464 ( 131.583 216.703 438.527 550.399 571.903 571.903 )
869.400: I:28 ( 131.583 317.439 337.151 ) T:2492 ( 131.583 216.703 438.527 550.399 571.903 571.903 )
879.406: I:28 ( 131.711 267.263 324.095 ) T:2520 ( 131.583 216.703 437.247 550.399 571.903 571.903 )
889.405: I:28 ( 121.471 242.815 459.519 ) T:2548 ( 131.583 216.831 438.527 550.399 571.903 571.903 )
899.405: I:28 ( 131.711 278.527 360.191 ) T:2576 ( 131.583 216.831 438.527 550.399 571.903 571.903 )
909.407: I:28 ( 131.583 192.127 338.431 ) T:2604 ( 131.583 216.703 437.247 550.399 571.903 571.903 )
919.407: I:28 ( 138.111 262.911 339.455 ) T:2632 ( 131.583 216.831 437.247 550.399 571.903 571.903 )
929.407: I:28 ( 131.711 172.031 497.151 ) T:2660 ( 131.583 216.703 438.527 550.399 571.903 571.903 )
939.407: I:27 ( 136.703 340.223 386.559 ) T:2687 ( 131.583 216.831 438.527 550.399 571.903 571.903 )
949.406: I:28 ( 130.495 251.007 368.895 ) T:2715 ( 131.583 216.831 437.247 550.399 571.903 571.903 )
959.406: I:27 ( 135.807 338.687 458.239 ) T:2742 ( 131.583 216.831 438.527 550.399 571.903 571.903 )
969.406: I:29 ( 141.823 211.839 345.343 ) T:2771 ( 131.583 216.703 438.527 550.399 571.903 571.903 )
979.408: I:27 ( 121.599 162.943 390.399 ) T:2798 ( 131.583 212.479 438.527 550.399 571.903 571.903 )
989.406: I:27 ( 131.711 313.599 403.711 ) T:2825 ( 131.583 216.703 437.247 550.399 571.903 571.903 )
999.403: I:30 ( 131.711 192.383 404.479 ) T:2855 ( 131.583 216.703 437.247 550.399 571.903 571.903 )
1009.409: I:26 ( 131.711 182.143 553.983 ) T:2881 ( 131.583 212.479 438.527 553.983 571.903 571.903 )
1019.406: I:28 ( 128.383 279.551 397.311 ) T:2909 ( 131.583 216.831 437.247 553.983 571.903 571.903 )
1029.407: I:27 ( 131.711 200.319 375.039 ) T:2936 ( 131.583 216.703 437.247 553.983 571.903 571.903 )
1039.406: I:25 ( 141.823 328.703 651.263 ) T:2961 ( 131.583 220.031 438.527 569.343 651.263 651.263 )
1049.405: I:10 ( 372.991 443.647 856.063 ) T:2971 ( 131.583 222.463 441.087 571.903 856.063 856.063 )
1059.406: I:11 ( 373.759 393.983 469.503 ) T:2982 ( 131.583 229.247 443.647 571.903 856.063 856.063 )
1069.406: I:13 ( 373.759 403.967 424.191 ) T:2995 ( 131.583 234.239 443.647 571.903 856.063 856.063 )
1079.413: I:28 ( 134.143 230.783 302.591 ) T:3023 ( 131.583 233.087 441.087 569.343 856.063 856.063 )
1089.407: I:27 ( 131.583 212.479 337.919 ) T:3050 ( 131.583 232.703 441.087 569.343 856.063 856.063 )
1099.402: I:26 ( 141.695 203.391 471.807 ) T:3076 ( 131.583 232.703 443.647 569.343 856.063 856.063 )
1109.408: I:27 ( 131.583 192.255 467.455 ) T:3103 ( 131.583 232.575 445.695 569.343 856.063 856.063 )
1119.415: I:28 ( 131.711 221.823 424.703 ) T:3131 ( 131.583 232.575 445.695 569.343 856.063 856.063 )
1129.405: I:29 ( 131.711 194.943 322.815 ) T:3160 ( 131.583 232.575 445.695 569.343 856.063 856.063 )
1139.405: I:27 ( 131.583 230.911 281.855 ) T:3187 ( 131.583 232.575 445.695 569.343 856.063 856.063 )
1149.415: I:28 ( 130.879 183.039 403.967 ) T:3215 ( 131.583 230.911 443.647 569.343 856.063 856.063 )
1159.407: I:27 ( 131.583 334.079 375.039 ) T:3242 ( 131.583 230.911 443.647 569.343 856.063 856.063 )
1169.400: I:27 ( 141.695 202.367 285.183 ) T:3269 ( 131.583 230.911 443.647 569.343 856.063 856.063 )
1179.405: I:29 ( 122.431 326.143 367.359 ) T:3298 ( 131.583 230.911 443.647 569.343 856.063 856.063 )
1189.407: I:28 ( 131.583 222.591 388.351 ) T:3326 ( 131.583 230.783 443.647 569.343 856.063 856.063 )
1199.401: I:28 ( 131.711 252.159 379.391 ) T:3354 ( 131.583 230.783 443.647 569.343 856.063 856.063 )
1209.405: I:28 ( 141.695 210.431 380.671 ) T:3382 ( 131.583 230.527 443.647 569.343 856.063 856.063 )
1219.407: I:28 ( 131.583 242.047 378.879 ) T:3410 ( 131.583 230.527 441.087 569.343 856.063 856.063 )
1229.407: I:28 ( 131.711 345.087 409.343 ) T:3438 ( 131.583 230.655 441.087 569.343 856.063 856.063 )
1239.407: I:27 ( 141.695 172.159 446.975 ) T:3465 ( 131.583 230.527 443.647 569.343 856.063 856.063 )
1249.406: I:28 ( 131.711 255.231 360.447 ) T:3493 ( 131.583 230.527 443.647 569.343 856.063 856.063 )
1259.406: I:28 ( 131.583 162.047 312.575 ) T:3521 ( 131.583 230.143 441.087 569.343 856.063 856.063 )
1269.407: I:25 ( 141.695 202.495 302.079 ) T:3546 ( 131.583 230.143 441.087 569.343 856.063 856.063 )
1279.408: I:27 ( 141.823 240.895 431.871 ) T:3573 ( 131.583 230.143 441.087 569.343 856.063 856.063 )
1289.406: I:27 ( 141.567 182.143 383.487 ) T:3600 ( 131.583 229.247 439.807 569.343 856.063 856.063 )
1299.407: I:29 ( 141.823 242.815 272.639 ) T:3629 ( 131.583 230.527 439.807 569.343 856.063 856.063 )
1309.406: I:27 ( 131.711 192.127 281.087 ) T:3656 ( 131.583 230.143 439.807 569.343 856.063 856.063 )
1319.405: I:27 ( 131.711 281.599 442.111 ) T:3683 ( 131.583 230.143 441.087 569.343 856.063 856.063 )
1329.407: I:29 ( 121.599 182.271 443.135 ) T:3712 ( 131.583 229.247 441.087 569.343 856.063 856.063 )
1339.405: I:28 ( 131.711 230.655 362.239 ) T:3740 ( 131.583 229.247 441.087 569.343 856.063 856.063 )
1349.405: I:28 ( 131.711 219.647 382.463 ) T:3768 ( 131.583 229.247 441.087 569.343 856.063 856.063 )
1359.412: I:28 ( 131.583 191.615 238.207 ) T:3796 ( 131.583 227.711 441.087 569.343 856.063 856.063 )
1369.407: I:28 ( 121.535 193.279 481.279 ) T:3824 ( 131.583 227.583 441.087 569.343 856.063 856.063 )
1379.405: I:28 ( 131.583 242.175 353.279 ) T:3852 ( 131.583 227.583 441.087 569.343 856.063 856.063 )
1389.410: I:26 ( 131.711 286.207 468.735 ) T:3878 ( 131.583 227.711 442.111 569.343 856.063 856.063 )
1399.405: I:27 ( 132.223 218.495 389.119 ) T:3905 ( 131.583 227.583 441.087 569.343 856.063 856.063 )
1409.405: I:24 ( 121.663 303.359 436.479 ) T:3929 ( 131.583 229.247 441.087 569.343 856.063 856.063 )
1419.407: I:26 ( 131.711 326.911 558.591 ) T:3955 ( 131.583 230.143 442.111 569.343 856.063 856.063 )
1429.408: I:26 ( 131.583 335.103 505.343 ) T:3981 ( 131.583 230.527 443.135 569.343 856.063 856.063 )
1439.415: I:28 ( 126.847 172.031 335.615 ) T:4009 ( 131.583 230.143 442.111 558.591 856.063 856.063 )
1449.407: I:28 ( 131.711 290.047 349.695 ) T:4037 ( 131.583 230.143 442.111 558.591 856.063 856.063 )
1459.406: I:27 ( 141.695 335.871 432.383 ) T:4064 ( 131.583 230.143 442.111 558.591 856.063 856.063 )
1469.406: I:27 ( 131.839 350.207 405.759 ) T:4091 ( 131.583 230.143 442.111 558.591 856.063 856.063 )
1479.406: I:28 ( 121.599 222.591 474.111 ) T:4119 ( 131.583 230.143 442.111 558.591 856.063 856.063 )
1489.416: I:27 ( 131.583 195.327 481.023 ) T:4146 ( 131.583 229.247 443.135 558.591 856.063 856.063 )
1499.405: I:27 ( 141.695 278.527 446.719 ) T:4173 ( 131.583 229.247 443.647 558.591 856.063 856.063 )
1509.407: I:29 ( 131.711 258.047 267.519 ) T:4202 ( 131.583 230.527 443.135 558.591 856.063 856.063 )
1519.409: I:27 ( 122.623 222.463 506.111 ) T:4229 ( 131.583 230.527 443.647 558.591 856.063 856.063 )
1529.406: I:29 ( 131.583 315.135 372.991 ) T:4258 ( 131.583 230.527 443.647 558.591 856.063 856.063 )
1539.403: I:27 ( 131.583 264.703 367.359 ) T:4285 ( 131.583 230.527 443.647 558.591 856.063 856.063 )
1549.407: I:29 ( 121.471 223.231 354.815 ) T:4314 ( 131.583 230.143 443.135 558.591 856.063 856.063 )
1559.406: I:27 ( 141.951 202.879 401.663 ) T:4341 ( 131.583 229.247 443.135 558.591 856.063 856.063 )
1569.400: I:27 ( 141.823 260.735 337.663 ) T:4368 ( 131.583 230.527 443.135 558.591 856.063 856.063 )
1579.400: I:29 ( 132.735 287.999 398.335 ) T:4397 ( 131.583 230.527 443.135 558.591 856.063 856.063 )
1589.408: I:26 ( 141.695 252.799 403.199 ) T:4423 ( 131.583 230.655 442.111 558.591 856.063 856.063 )
1599.407: I:28 ( 131.711 376.063 395.519 ) T:4451 ( 131.583 230.655 442.111 558.591 856.063 856.063 )
1609.408: I:28 ( 121.599 182.143 374.527 ) T:4479 ( 131.583 230.655 442.111 558.591 856.063 856.063 )
1619.400: I:28 ( 131.839 262.655 302.079 ) T:4507 ( 131.583 230.655 441.087 558.591 856.063 856.063 )
1629.403: I:28 ( 131.711 256.767 353.279 ) T:4535 ( 131.583 230.655 441.087 558.591 856.063 856.063 )
1639.405: I:27 ( 131.583 273.663 333.823 ) T:4562 ( 131.583 230.655 441.087 558.591 856.063 856.063 )
1649.409: I:27 ( 131.711 172.159 422.399 ) T:4589 ( 131.583 230.655 441.087 558.591 856.063 856.063 )
1659.408: I:26 ( 131.711 217.599 506.879 ) T:4615 ( 131.583 230.655 441.087 558.591 856.063 856.063 )
1669.406: I:28 ( 131.711 262.911 289.023 ) T:4643 ( 131.583 230.655 441.087 558.591 856.063 856.063 )
1679.402: I:28 ( 131.583 182.271 374.527 ) T:4671 ( 131.583 230.527 441.087 558.591 856.063 856.063 )
1689.407: I:27 ( 131.583 192.255 430.335 ) T:4698 ( 131.583 230.527 441.087 558.591 856.063 856.063 )
1699.400: I:26 ( 131.711 351.743 413.183 ) T:4724 ( 131.583 230.655 439.807 558.591 856.063 856.063 )
1709.406: I:27 ( 131.839 239.871 369.407 ) T:4751 ( 131.583 230.655 439.807 558.591 856.063 856.063 )
1719.402: I:26 ( 131.711 182.271 369.407 ) T:4777 ( 131.583 230.655 439.807 558.591 856.063 856.063 )
1729.407: I:27 ( 141.055 232.703 323.583 ) T:4804 ( 131.583 230.655 438.527 558.591 856.063 856.063 )
1739.404: I:28 ( 131.839 192.383 435.455 ) T:4832 ( 131.583 230.655 438.527 558.591 856.063 856.063 )
1749.406: I:27 ( 141.695 307.455 364.543 ) T:4859 ( 131.583 230.655 438.527 558.591 856.063 856.063 )
1759.408: I:28 ( 131.711 235.903 356.607 ) T:4887 ( 131.583 230.655 438.527 558.591 856.063 856.063 )
1769.404: I:26 ( 131.583 342.783 419.839 ) T:4913 ( 131.583 230.655 437.247 558.591 856.063 856.063 )
1779.408: I:27 ( 131.711 269.823 643.583 ) T:4940 ( 131.583 230.655 438.527 569.343 856.063 856.063 )
1789.400: I:27 ( 132.735 172.031 268.287 ) T:4967 ( 131.583 230.655 438.527 569.343 856.063 856.063 )
1799.406: I:28 ( 141.695 271.103 381.183 ) T:4995 ( 131.583 230.655 438.527 569.343 856.063 856.063 )
1809.406: I:26 ( 131.711 192.255 411.135 ) T:5021 ( 131.583 230.527 437.247 558.591 856.063 856.063 )
1819.407: I:27 ( 131.839 340.223 574.463 ) T:5048 ( 131.583 230.655 439.807 569.343 856.063 856.063 )
1829.408: I:27 ( 141.823 322.815 415.999 ) T:5075 ( 131.583 230.655 439.807 569.343 856.063 856.063 )
1839.407: I:25 ( 131.711 303.359 462.079 ) T:5100 ( 131.583 230.655 439.807 569.343 856.063 856.063 )
1849.407: I:27 ( 141.823 293.375 461.823 ) T:5127 ( 131.711 230.783 441.087 569.343 856.063 856.063 )
1859.400: I:26 ( 131.711 182.143 518.911 ) T:5153 ( 131.711 230.655 442.111 569.343 856.063 856.063 )
1869.406: I:26 ( 141.823 343.807 546.303 ) T:5179 ( 131.711 230.783 443.135 569.343 856.063 856.063 )
1879.406: I:27 ( 141.695 319.487 403.455 ) T:5206 ( 131.711 230.783 442.111 569.343 856.063 856.063 )
1889.406: I:27 ( 131.711 192.255 340.991 ) T:5233 ( 131.711 230.655 442.111 569.343 856.063 856.063 )
1899.407: I:27 ( 132.735 192.255 482.303 ) T:5260 ( 131.711 230.527 443.135 569.343 856.063 856.063 )
1909.408: I:25 ( 121.727 202.367 431.103 ) T:5285 ( 131.711 230.527 443.135 569.343 856.063 856.063 )
1919.407: I:28 ( 141.567 265.983 387.839 ) T:5313 ( 131.711 230.527 442.111 569.343 856.063 856.063 )
1929.406: I:26 ( 141.567 255.103 467.455 ) T:5339 ( 131.711 230.655 443.135 569.343 856.063 856.063 )
1939.406: I:26 ( 141.823 232.703 328.959 ) T:5365 ( 131.711 230.655 443.135 569.343 856.063 856.063 )
1949.406: I:28 ( 141.183 223.743 366.591 ) T:5393 ( 131.711 230.655 443.135 569.343 856.063 856.063 )
1959.407: I:27 ( 131.711 212.351 418.047 ) T:5420 ( 131.711 230.527 442.111 569.343 856.063 856.063 )
1969.407: I:27 ( 141.823 313.599 387.583 ) T:5447 ( 131.711 230.655 442.111 569.343 856.063 856.063 )
1979.406: I:25 ( 136.319 317.695 439.551 ) T:5472 ( 131.711 230.655 442.111 569.343 856.063 856.063 )
1989.408: I:27 ( 141.823 313.599 449.023 ) T:5499 ( 131.711 230.783 443.135 569.343 856.063 856.063 )
1999.406: I:27 ( 141.823 277.247 326.911 ) T:5526 ( 131.711 230.783 442.111 569.343 856.063 856.063 )
2009.407: I:27 ( 131.711 182.015 271.871 ) T:5553 ( 131.711 230.655 442.111 569.343 856.063 856.063 )
2019.407: I:28 ( 131.711 305.663 414.463 ) T:5581 ( 131.711 230.655 442.111 569.343 856.063 856.063 )
2029.407: I:27 ( 131.839 172.031 426.239 ) T:5608 ( 131.711 230.655 441.087 569.343 856.063 856.063 )
2039.408: I:27 ( 122.559 212.479 391.423 ) T:5635 ( 131.711 230.655 441.087 569.343 856.063 856.063 )
2049.410: I:27 ( 131.711 326.911 480.767 ) T:5662 ( 131.711 230.655 442.111 569.343 856.063 856.063 )
2059.406: I:26 ( 131.839 212.735 488.959 ) T:5688 ( 131.711 230.655 443.135 569.343 856.063 856.063 )
2069.417: I:26 ( 141.823 202.495 427.263 ) T:5714 ( 131.711 230.655 442.111 569.343 856.063 856.063 )
2079.406: I:27 ( 131.711 223.231 332.287 ) T:5741 ( 131.711 230.143 442.111 569.343 856.063 856.063 )
2089.406: I:28 ( 141.695 294.655 335.871 ) T:5769 ( 131.711 230.655 442.111 569.343 856.063 856.063 )
2099.406: I:26 ( 141.183 270.079 396.031 ) T:5795 ( 131.711 230.655 442.111 569.343 856.063 856.063 )
2109.406: I:27 ( 137.343 269.567 425.215 ) T:5822 ( 131.711 230.655 441.087 569.343 856.063 856.063 )
2119.409: I:27 ( 136.831 208.639 259.967 ) T:5849 ( 131.711 230.527 441.087 569.343 856.063 856.063 )
2129.408: I:28 ( 131.839 192.255 373.503 ) T:5877 ( 131.711 230.143 441.087 569.343 856.063 856.063 )
2139.406: I:26 ( 141.695 345.343 437.503 ) T:5903 ( 131.711 230.143 439.807 569.343 856.063 856.063 )
2149.406: I:27 ( 151.807 182.143 452.863 ) T:5930 ( 131.711 229.247 441.087 569.343 856.063 856.063 )
2159.408: I:27 ( 135.807 354.559 515.839 ) T:5957 ( 131.711 230.143 442.111 569.343 856.063 856.063 )
2169.406: I:29 ( 141.695 242.815 366.079 ) T:5986 ( 131.711 230.143 442.111 569.343 856.063 856.063 )
2179.407: I:26 ( 141.823 315.903 397.823 ) T:6012 ( 131.711 230.527 441.087 558.591 856.063 856.063 )
2189.407: I:27 ( 141.695 284.927 435.455 ) T:6039 ( 131.711 230.655 441.087 558.591 856.063 856.063 )
2199.404: I:26 ( 132.735 212.479 344.319 ) T:6065 ( 131.711 230.143 441.087 558.591 856.063 856.063 )
2209.406: I:27 ( 141.823 345.343 375.807 ) T:6092 ( 131.711 230.143 441.087 558.591 856.063 856.063 )
2219.400: I:27 ( 151.807 279.551 473.343 ) T:6119 ( 131.711 230.527 441.087 558.591 856.063 856.063 )
2229.418: I:24 ( 131.583 334.335 607.231 ) T:6143 ( 131.711 230.527 442.111 569.343 856.063 856.063 )
2239.415: I:27 ( 141.823 315.391 450.815 ) T:6170 ( 131.711 230.655 443.135 569.343 856.063 856.063 )
2249.406: I:27 ( 142.847 228.223 366.335 ) T:6197 ( 131.711 230.655 443.135 569.343 856.063 856.063 )
2259.400: I:26 ( 131.711 212.479 380.159 ) T:6223 ( 131.711 230.527 442.111 569.343 856.063 856.063 )
2269.402: I:27 ( 141.695 275.967 322.303 ) T:6250 ( 131.711 230.527 442.111 569.343 856.063 856.063 )
2279.407: I:25 ( 141.823 262.911 291.327 ) T:6275 ( 131.711 230.655 442.111 569.343 856.063 856.063 )
2289.407: I:28 ( 131.711 311.295 368.383 ) T:6303 ( 131.711 230.655 441.087 569.343 856.063 856.063 )
2299.407: I:26 ( 141.823 192.255 422.399 ) T:6329 ( 131.711 230.527 441.087 569.343 856.063 856.063 )
2309.405: I:28 ( 141.951 202.367 349.951 ) T:6357 ( 131.711 229.247 441.087 569.343 856.063 856.063 )
2319.405: I:26 ( 131.711 357.119 376.831 ) T:6383 ( 131.711 229.247 441.087 569.343 856.063 856.063 )
2329.406: I:27 ( 131.839 192.383 429.311 ) T:6410 ( 131.711 228.607 439.807 569.343 856.063 856.063 )
2339.406: I:27 ( 141.055 245.119 428.799 ) T:6437 ( 131.711 229.247 439.807 569.343 856.063 856.063 )
2349.406: I:28 ( 131.711 239.999 344.063 ) T:6465 ( 131.711 229.247 439.807 569.343 856.063 856.063 )
2359.408: I:26 ( 131.711 266.239 408.575 ) T:6491 ( 131.711 229.247 439.807 569.343 856.063 856.063 )
2369.406: I:25 ( 141.823 192.255 377.855 ) T:6516 ( 131.711 229.247 439.551 569.343 856.063 856.063 )
2379.408: I:28 ( 141.695 226.559 376.831 ) T:6544 ( 131.711 228.607 439.551 569.343 856.063 856.063 )
2389.400: I:27 ( 151.423 305.663 419.839 ) T:6571 ( 131.711 228.607 439.551 569.343 856.063 856.063 )
2399.407: I:26 ( 142.847 308.223 368.639 ) T:6597 ( 131.711 230.143 439.551 569.343 856.063 856.063 )
2409.407: I:26 ( 141.823 360.191 451.583 ) T:6623 ( 131.711 230.143 439.551 569.343 856.063 856.063 )
2419.406: I:27 ( 131.711 278.271 502.527 ) T:6650 ( 131.711 230.143 439.807 569.343 856.063 856.063 )
2429.410: I:27 ( 140.415 161.919 258.175 ) T:6677 ( 131.711 229.247 439.807 569.343 856.063 856.063 )
2439.406: I:26 ( 139.007 289.023 369.407 ) T:6703 ( 131.711 229.247 439.551 569.343 856.063 856.063 )
2449.413: I:27 ( 151.807 206.207 279.039 ) T:6730 ( 131.711 228.607 439.551 569.343 856.063 856.063 )
2459.406: I:27 ( 151.935 222.591 361.727 ) T:6757 ( 131.711 228.607 439.551 569.343 856.063 856.063 )
2469.400: I:27 ( 141.823 262.399 489.983 ) T:6784 ( 131.711 228.607 439.807 569.343 856.063 856.063 )
2479.406: I:25 ( 141.823 258.303 473.599 ) T:6809 ( 131.711 229.247 439.807 569.343 856.063 856.063 )
2489.409: I:27 ( 131.711 234.623 363.263 ) T:6836 ( 131.711 229.247 439.807 569.343 856.063 856.063 )
2499.407: I:27 ( 130.943 302.335 443.903 ) T:6863 ( 131.711 229.247 441.087 569.343 856.063 856.063 )
2509.408: I:27 ( 131.839 162.047 423.679 ) T:6890 ( 131.711 228.607 441.087 569.343 856.063 856.063 )
2519.400: I:27 ( 131.839 301.311 352.255 ) T:6917 ( 131.711 229.247 439.807 569.343 856.063 856.063 )
2529.407: I:27 ( 131.583 182.143 363.007 ) T:6944 ( 131.711 228.607 439.807 569.343 856.063 856.063 )
2539.405: I:28 ( 131.839 322.815 342.527 ) T:6972 ( 131.711 228.607 439.807 569.343 856.063 856.063 )
2549.417: I:28 ( 131.711 222.591 349.951 ) T:7000 ( 131.711 228.223 439.551 558.591 856.063 856.063 )
2559.407: I:26 ( 141.823 303.359 409.599 ) T:7026 ( 131.711 229.247 439.551 558.591 856.063 856.063 )
2569.405: I:26 ( 141.823 222.463 348.671 ) T:7052 ( 131.711 228.607 439.551 558.591 856.063 856.063 )
2579.408: I:27 ( 141.695 277.247 349.439 ) T:7079 ( 131.711 229.247 439.551 558.591 856.063 856.063 )
2589.412: I:27 ( 131.711 176.255 273.663 ) T:7106 ( 131.711 228.223 438.527 558.591 856.063 856.063 )
2599.413: I:27 ( 131.711 249.087 411.647 ) T:7133 ( 131.711 228.223 438.527 558.591 856.063 856.063 )
2609.406: I:25 ( 149.503 202.367 490.495 ) T:7158 ( 131.711 228.223 439.551 558.591 856.063 856.063 )
2619.407: I:27 ( 131.839 388.351 449.535 ) T:7185 ( 131.711 228.223 439.807 558.591 856.063 856.063 )
2629.406: I:27 ( 131.583 172.031 389.887 ) T:7212 ( 131.711 228.095 439.551 558.591 856.063 856.063 )
2639.407: I:27 ( 141.695 417.791 430.335 ) T:7239 ( 131.711 228.223 439.551 558.591 856.063 856.063 )
2649.412: I:27 ( 121.663 173.183 335.103 ) T:7266 ( 131.711 228.095 439.551 558.591 856.063 856.063 )
2659.409: I:27 ( 141.823 323.839 619.519 ) T:7293 ( 131.711 228.095 439.807 569.343 856.063 856.063 )
2669.401: I:26 ( 141.823 232.831 413.439 ) T:7319 ( 131.711 228.223 439.551 569.343 856.063 856.063 )
2679.403: I:25 ( 151.807 314.111 394.495 ) T:7344 ( 131.711 228.607 439.551 569.343 856.063 856.063 )
2689.413: I:28 ( 131.711 172.159 399.615 ) T:7372 ( 131.711 228.223 439.551 569.343 856.063 856.063 )
2699.414: I:25 ( 141.695 303.359 443.391 ) T:7397 ( 131.711 228.607 439.807 569.343 856.063 856.063 )
2709.400: I:27 ( 141.695 304.639 415.999 ) T:7424 ( 131.711 228.607 439.551 569.343 856.063 856.063 )
2719.406: I:27 ( 141.695 275.455 518.143 ) T:7451 ( 131.711 228.607 441.087 569.343 856.063 856.063 )
2729.405: I:27 ( 131.711 162.047 437.759 ) T:7478 ( 131.711 228.607 441.087 569.343 856.063 856.063 )
2739.405: I:26 ( 141.695 252.927 536.063 ) T:7504 ( 131.711 228.607 441.087 569.343 856.063 856.063 )
2749.407: I:27 ( 141.695 172.031 408.575 ) T:7531 ( 131.711 228.223 441.087 569.343 856.063 856.063 )
2759.404: I:27 ( 131.711 297.215 426.239 ) T:7558 ( 131.711 228.607 441.087 569.343 856.063 856.063 )
2769.407: I:28 ( 141.695 275.967 297.215 ) T:7586 ( 131.711 229.247 441.087 569.343 856.063 856.063 )
2779.407: I:27 ( 141.695 212.479 368.127 ) T:7613 ( 131.711 228.607 439.807 569.343 856.063 856.063 )
2789.406: I:27 ( 141.823 268.031 419.583 ) T:7640 ( 131.711 228.607 439.807 569.343 856.063 856.063 )
2799.400: I:27 ( 131.583 182.271 277.247 ) T:7667 ( 131.711 228.607 439.807 569.343 856.063 856.063 )
2809.405: I:25 ( 141.823 202.367 439.295 ) T:7692 ( 131.711 228.223 439.807 569.343 856.063 856.063 )
2819.406: I:28 ( 131.711 267.775 387.327 ) T:7720 ( 131.711 228.607 439.551 569.343 856.063 856.063 )
2829.413: I:28 ( 122.943 192.255 338.943 ) T:7748 ( 131.711 228.607 439.551 569.343 856.063 856.063 )
2839.403: I:26 ( 141.695 232.831 374.527 ) T:7774 ( 131.711 228.607 439.551 569.343 856.063 856.063 )
2849.399: I:26 ( 131.583 172.031 496.127 ) T:7800 ( 131.711 228.223 439.807 569.343 856.063 856.063 )
2859.406: I:28 ( 141.695 263.935 461.311 ) T:7828 ( 131.711 228.607 441.087 569.343 856.063 856.063 )
2869.405: I:27 ( 131.711 222.591 400.895 ) T:7855 ( 131.711 228.223 441.087 569.343 856.063 856.063 )
2879.407: I:26 ( 141.695 321.023 434.175 ) T:7881 ( 131.711 229.247 441.087 569.343 856.063 856.063 )
2889.400: I:28 ( 131.711 202.239 347.391 ) T:7909 ( 131.711 229.247 439.807 569.343 856.063 856.063 )
2899.407: I:27 ( 141.695 269.823 347.903 ) T:7936 ( 131.711 230.527 439.807 569.343 856.063 856.063 )
2909.407: I:27 ( 141.823 182.143 423.167 ) T:7963 ( 131.711 230.143 439.807 569.343 856.063 856.063 )
2919.403: I:28 ( 141.695 290.815 441.087 ) T:7991 ( 131.711 230.143 441.087 569.343 856.063 856.063 )
2929.401: I:26 ( 131.839 334.335 404.479 ) T:8017 ( 131.711 230.527 439.807 558.591 856.063 856.063 )
2939.406: I:28 ( 131.583 242.815 335.103 ) T:8045 ( 131.711 230.527 439.807 558.591 856.063 856.063 )
2949.407: I:28 ( 127.423 354.047 478.975 ) T:8073 ( 131.711 230.527 441.087 558.591 856.063 856.063 )
2959.405: I:26 ( 131.455 263.935 419.327 ) T:8099 ( 131.711 230.655 441.087 558.591 856.063 856.063 )
2969.406: I:29 ( 131.711 258.943 434.431 ) T:8128 ( 131.711 230.655 439.807 558.591 856.063 856.063 )
2979.406: I:28 ( 122.687 252.031 461.311 ) T:8156 ( 131.711 230.655 441.087 558.591 856.063 856.063 )
2989.402: I:27 ( 141.695 212.351 540.159 ) T:8183 ( 131.711 230.527 441.087 558.591 856.063 856.063 )
2999.406: I:26 ( 129.343 403.967 612.351 ) T:8209 ( 131.711 230.655 442.111 569.343 856.063 856.063 )
3009.405: I:28 ( 131.711 283.135 420.607 ) T:8237 ( 131.711 230.655 442.111 569.343 856.063 856.063 )
3019.407: I:26 ( 141.695 276.735 393.215 ) T:8263 ( 131.711 230.655 442.111 569.343 856.063 856.063 )
3029.406: I:28 ( 131.455 161.919 433.663 ) T:8291 ( 131.711 230.527 442.111 569.343 856.063 856.063 )
3039.408: I:27 ( 131.711 173.183 497.407 ) T:8318 ( 131.711 230.527 442.111 569.343 856.063 856.063 )
3049.406: I:27 ( 131.583 251.263 376.575 ) T:8345 ( 131.711 230.527 442.111 569.343 856.063 856.063 )
3059.406: I:28 ( 131.711 290.815 462.079 ) T:8373 ( 131.711 230.527 442.623 569.343 856.063 856.063 )
3069.402: I:27 ( 141.695 363.775 449.279 ) T:8400 ( 131.711 230.527 442.623 569.343 856.063 856.063 )
3079.414: I:28 ( 131.711 290.559 341.247 ) T:8428 ( 131.711 230.783 442.623 569.343 856.063 856.063 )
3089.407: I:27 ( 131.711 192.255 402.175 ) T:8455 ( 131.711 230.655 442.623 569.343 856.063 856.063 )
3099.407: I:28 ( 121.599 172.159 416.255 ) T:8483 ( 131.711 230.655 442.623 569.343 856.063 856.063 )
3109.408: I:29 ( 131.711 275.455 468.223 ) T:8512 ( 131.711 230.655 442.623 569.343 856.063 856.063 )
3119.405: I:27 ( 131.711 251.263 529.407 ) T:8539 ( 131.711 230.655 443.135 569.343 856.063 856.063 )
3129.406: I:28 ( 131.583 258.303 402.431 ) T:8567 ( 131.711 230.655 443.135 569.343 856.063 856.063 )
3139.413: I:30 ( 121.471 151.935 266.495 ) T:8597 ( 131.711 230.655 443.135 569.343 856.063 856.063 )
3149.405: I:26 ( 121.599 276.735 458.751 ) T:8623 ( 131.711 230.655 443.135 569.343 856.063 856.063 )
3159.406: I:28 ( 131.583 239.487 330.495 ) T:8651 ( 131.711 230.655 443.135 569.343 856.063 856.063 )
3169.402: I:27 ( 131.711 416.767 464.383 ) T:8678 ( 131.711 230.783 443.391 569.343 856.063 856.063 )
3179.404: I:27 ( 132.735 232.575 360.959 ) T:8705 ( 131.711 230.783 443.135 569.343 856.063 856.063 )
3189.412: I:29 ( 141.695 182.271 400.895 ) T:8734 ( 131.711 230.655 443.135 569.343 856.063 856.063 )
3199.407: I:27 ( 121.599 303.359 463.103 ) T:8761 ( 131.711 230.655 443.391 569.343 856.063 856.063 )
3209.408: I:28 ( 131.583 273.151 436.991 ) T:8789 ( 131.711 230.783 443.391 569.343 856.063 856.063 )
3219.405: I:27 ( 131.711 182.143 568.831 ) T:8816 ( 131.711 230.655 443.391 569.343 856.063 856.063 )
3229.405: I:28 ( 131.583 397.311 412.415 ) T:8844 ( 131.711 230.655 443.391 569.343 856.063 856.063 )
3239.407: I:28 ( 131.583 296.959 439.039 ) T:8872 ( 131.711 230.655 443.391 569.343 856.063 856.063 )
3249.416: I:26 ( 131.711 172.159 414.719 ) T:8898 ( 131.711 230.655 443.391 569.343 856.063 856.063 )
3259.400: I:29 ( 131.583 219.135 335.103 ) T:8927 ( 131.711 230.655 443.135 569.343 856.063 856.063 )
3269.406: I:27 ( 131.711 315.647 336.127 ) T:8954 ( 131.711 230.655 443.135 569.343 856.063 856.063 )
3279.415: I:27 ( 131.583 293.119 421.119 ) T:8981 ( 131.711 230.655 443.135 569.343 856.063 856.063 )
3289.407: I:27 ( 141.695 273.663 474.879 ) T:9008 ( 131.711 230.655 443.135 568.831 856.063 856.063 )
3299.407: I:27 ( 131.583 232.703 417.023 ) T:9035 ( 131.711 230.655 443.135 568.831 856.063 856.063 )
3309.418: I:28 ( 121.599 285.695 425.471 ) T:9063 ( 131.711 230.655 443.135 568.831 856.063 856.063 )
3319.408: I:26 ( 131.711 212.735 514.559 ) T:9089 ( 131.711 230.655 443.391 568.831 856.063 856.063 )
3329.406: I:28 ( 131.711 315.391 455.167 ) T:9117 ( 131.711 230.655 443.391 568.831 856.063 856.063 )
3339.406: I:29 ( 131.711 165.887 390.655 ) T:9146 ( 131.711 230.655 443.391 568.831 856.063 856.063 )
3349.407: I:27 ( 121.599 286.719 384.511 ) T:9173 ( 131.711 230.655 443.391 568.831 856.063 856.063 )
3359.405: I:26 ( 131.711 327.423 508.671 ) T:9199 ( 131.711 230.783 443.647 568.831 856.063 856.063 )
3369.406: I:28 ( 131.711 191.743 328.447 ) T:9227 ( 131.711 230.655 443.391 568.831 856.063 856.063 )
3379.405: I:28 ( 131.711 278.015 370.175 ) T:9255 ( 131.711 230.655 443.391 568.831 856.063 856.063 )
3389.406: I:26 ( 140.543 241.663 413.695 ) T:9281 ( 131.711 230.655 443.391 568.831 856.063 856.063 )
3399.413: I:30 ( 123.583 182.271 361.727 ) T:9311 ( 131.711 230.655 443.135 568.831 856.063 856.063 )
3409.417: I:26 ( 131.583 202.367 323.583 ) T:9337 ( 131.711 230.655 443.135 568.831 856.063 856.063 )
3419.408: I:28 ( 131.711 339.455 552.959 ) T:9365 ( 131.711 230.655 443.391 568.831 856.063 856.063 )
3429.406: I:28 ( 121.599 263.167 393.727 ) T:9393 ( 131.711 230.655 443.391 568.831 856.063 856.063 )
3439.408: I:27 ( 121.599 202.367 438.015 ) T:9420 ( 131.711 230.527 443.135 568.831 856.063 856.063 )
3449.407: I:28 ( 131.839 314.111 436.735 ) T:9448 ( 131.711 230.655 443.135 568.831 856.063 856.063 )
3459.406: I:27 ( 121.599 232.703 398.847 ) T:9475 ( 131.711 230.655 443.135 568.831 856.063 856.063 )
3469.404: I:28 ( 121.599 299.775 360.447 ) T:9503 ( 131.711 230.655 442.623 568.831 856.063 856.063 )
3471.614: I:6 ( 121.535 429.311 429.311 ) T:9509 ( 131.711 230.655 442.623 568.831 856.063 856.063 )
3471.664: I:0 (   0.000   0.000   0.000 ) T:9509 ( 131.711 230.655 442.623 568.831 856.063 856.063 )
