#[Interval percentile log between 0.000 and <Infinite> seconds (relative to StartTime)]
#[StartTime: 1524833973.263 (seconds since epoch), Fri Apr 27 14:59:33 CEST 2018]
Time: IntervalPercentiles:count ( 50% 90% Max ) TotalPercentiles:count ( 50% 90% 99% 99.9% 99.99% Max )
4.103: I:1 (  17.695  17.695  17.695 ) T:1 (  17.695  17.695  17.695  17.695  17.695  17.695 )
14.079: I:1 (   2.737   2.737   2.737 ) T:2 (   2.737  17.695  17.695  17.695  17.695  17.695 )
24.071: I:0 (   0.000   0.000   0.000 ) T:2 (   2.737  17.695  17.695  17.695  17.695  17.695 )
34.074: I:1 (   2.031   2.031   2.031 ) T:3 (   2.737  17.695  17.695  17.695  17.695  17.695 )
44.068: I:1 (   0.938   0.938   0.938 ) T:4 (   2.031  17.695  17.695  17.695  17.695  17.695 )
54.084: I:1 ( 123.775 123.775 123.775 ) T:5 (   2.737 123.775 123.775 123.775 123.775 123.775 )
64.073: I:0 (   0.000   0.000   0.000 ) T:5 (   2.737 123.775 123.775 123.775 123.775 123.775 )
74.074: I:1 (   2.137   2.137   2.137 ) T:6 (   2.137 123.775 123.775 123.775 123.775 123.775 )
84.073: I:0 (   0.000   0.000   0.000 ) T:6 (   2.137 123.775 123.775 123.775 123.775 123.775 )
94.077: I:1 ( 139.903 139.903 139.903 ) T:7 (   2.737 139.903 139.903 139.903 139.903 139.903 )
104.070: I:1 (   1.878   1.878   1.878 ) T:8 (   2.137 139.903 139.903 139.903 139.903 139.903 )
114.071: I:0 (   0.000   0.000   0.000 ) T:8 (   2.137 139.903 139.903 139.903 139.903 139.903 )
124.070: I:0 (   0.000   0.000   0.000 ) T:8 (   2.137 139.903 139.903 139.903 139.903 139.903 )
134.072: I:1 (   1.430   1.430   1.430 ) T:9 (   2.137 139.903 139.903 139.903 139.903 139.903 )
144.072: I:1 (   0.499   0.499   0.499 ) T:10 (   2.031 123.775 139.903 139.903 139.903 139.903 )
154.065: I:0 (   0.000   0.000   0.000 ) T:10 (   2.031 123.775 139.903 139.903 139.903 139.903 )
164.070: I:0 (   0.000   0.000   0.000 ) T:10 (   2.031 123.775 139.903 139.903 139.903 139.903 )
174.072: I:0 (   0.000   0.000   0.000 ) T:10 (   2.031 123.775 139.903 139.903 139.903 139.903 )
184.067: I:1 (   1.797   1.797   1.797 ) T:11 (   2.031 123.775 139.903 139.903 139.903 139.903 )
194.064: I:2 (   1.316   1.354   1.354 ) T:13 (   1.878 123.775 139.903 139.903 139.903 139.903 )
204.074: I:0 (   0.000   0.000   0.000 ) T:13 (   1.878 123.775 139.903 139.903 139.903 139.903 )
214.070: I:2 (   1.131   1.308   1.308 ) T:15 (   1.797 123.775 139.903 139.903 139.903 139.903 )
224.072: I:1 ( 135.039 135.039 135.039 ) T:16 (   1.797 135.039 139.903 139.903 139.903 139.903 )
234.071: I:0 (   0.000   0.000   0.000 ) T:16 (   1.797 135.039 139.903 139.903 139.903 139.903 )
244.070: I:0 (   0.000   0.000   0.000 ) T:16 (   1.797 135.039 139.903 139.903 139.903 139.903 )
254.077: I:2 ( 185.087 202.111 202.111 ) T:18 (   1.878 185.087 202.111 202.111 202.111 202.111 )
264.081: I:0 (   0.000   0.000   0.000 ) T:18 (   1.878 185.087 202.111 202.111 202.111 202.111 )
274.067: I:0 (   0.000   0.000   0.000 ) T:18 (   1.878 185.087 202.111 202.111 202.111 202.111 )
284.080: I:1 (   1.534   1.534   1.534 ) T:19 (   1.878 185.087 202.111 202.111 202.111 202.111 )
294.083: I:1 (   1.296   1.296   1.296 ) T:20 (   1.797 139.903 202.111 202.111 202.111 202.111 )
304.074: I:3 (   1.294   1.311   1.311 ) T:23 (   1.534 139.903 202.111 202.111 202.111 202.111 )
314.070: I:0 (   0.000   0.000   0.000 ) T:23 (   1.534 139.903 202.111 202.111 202.111 202.111 )
324.074: I:1 (   1.407   1.407   1.407 ) T:24 (   1.430 139.903 202.111 202.111 202.111 202.111 )
334.073: I:0 (   0.000   0.000   0.000 ) T:24 (   1.430 139.903 202.111 202.111 202.111 202.111 )
344.070: I:0 (   0.000   0.000   0.000 ) T:24 (   1.430 139.903 202.111 202.111 202.111 202.111 )
354.072: I:0 (   0.000   0.000   0.000 ) T:24 (   1.430 139.903 202.111 202.111 202.111 202.111 )
364.078: I:1 ( 258.047 258.047 258.047 ) T:25 (   1.534 185.087 258.047 258.047 258.047 258.047 )
374.084: I:2 (   1.380 310.783 310.783 ) T:27 (   1.534 202.111 310.783 310.783 310.783 310.783 )
384.073: I:0 (   0.000   0.000   0.000 ) T:27 (   1.534 202.111 310.783 310.783 310.783 310.783 )
394.070: I:1 (   1.406   1.406   1.406 ) T:28 (   1.430 202.111 310.783 310.783 310.783 310.783 )
404.072: I:0 (   0.000   0.000   0.000 ) T:28 (   1.430 202.111 310.783 310.783 310.783 310.783 )
414.072: I:1 (   1.258   1.258   1.258 ) T:29 (   1.430 202.111 310.783 310.783 310.783 310.783 )
424.070: I:0 (   0.000   0.000   0.000 ) T:29 (   1.430 202.111 310.783 310.783 310.783 310.783 )
434.070: I:1 (   1.437   1.437   1.437 ) T:30 (   1.430 185.087 310.783 310.783 310.783 310.783 )
444.071: I:1 (   1.477   1.477   1.477 ) T:31 (   1.437 185.087 310.783 310.783 310.783 310.783 )
454.073: I:0 (   0.000   0.000   0.000 ) T:31 (   1.437 185.087 310.783 310.783 310.783 310.783 )
464.070: I:1 (   1.262   1.262   1.262 ) T:32 (   1.430 185.087 310.783 310.783 310.783 310.783 )
474.074: I:0 (   0.000   0.000   0.000 ) T:32 (   1.430 185.087 310.783 310.783 310.783 310.783 )
484.068: I:1 (   1.190   1.190   1.190 ) T:33 (   1.430 185.087 310.783 310.783 310.783 310.783 )
494.070: I:1 (   1.244   1.244   1.244 ) T:34 (   1.407 185.087 310.783 310.783 310.783 310.783 )
504.070: I:1 (   1.213   1.213   1.213 ) T:35 (   1.407 185.087 310.783 310.783 310.783 310.783 )
514.064: I:0 (   0.000   0.000   0.000 ) T:35 (   1.407 185.087 310.783 310.783 310.783 310.783 )
524.068: I:1 (   1.050   1.050   1.050 ) T:36 (   1.406 185.087 310.783 310.783 310.783 310.783 )
534.071: I:1 (   0.546   0.546   0.546 ) T:37 (   1.406 185.087 310.783 310.783 310.783 310.783 )
544.071: I:1 (   1.017   1.017   1.017 ) T:38 (   1.380 185.087 310.783 310.783 310.783 310.783 )
554.070: I:0 (   0.000   0.000   0.000 ) T:38 (   1.380 185.087 310.783 310.783 310.783 310.783 )
564.080: I:1 (   1.152   1.152   1.152 ) T:39 (   1.380 185.087 310.783 310.783 310.783 310.783 )
574.070: I:0 (   0.000   0.000   0.000 ) T:39 (   1.380 185.087 310.783 310.783 310.783 310.783 )
584.081: I:0 (   0.000   0.000   0.000 ) T:39 (   1.380 185.087 310.783 310.783 310.783 310.783 )
594.070: I:1 (   0.987   0.987   0.987 ) T:40 (   1.354 139.903 310.783 310.783 310.783 310.783 )
604.070: I:0 (   0.000   0.000   0.000 ) T:40 (   1.354 139.903 310.783 310.783 310.783 310.783 )
614.070: I:1 (   1.295   1.295   1.295 ) T:41 (   1.354 139.903 310.783 310.783 310.783 310.783 )
624.070: I:2 (   1.118   1.132   1.132 ) T:43 (   1.316 139.903 310.783 310.783 310.783 310.783 )
634.067: I:0 (   0.000   0.000   0.000 ) T:43 (   1.316 139.903 310.783 310.783 310.783 310.783 )
644.072: I:0 (   0.000   0.000   0.000 ) T:43 (   1.316 139.903 310.783 310.783 310.783 310.783 )
654.070: I:1 (   1.108   1.108   1.108 ) T:44 (   1.311 139.903 310.783 310.783 310.783 310.783 )
664.076: I:1 ( 128.319 128.319 128.319 ) T:45 (   1.316 139.903 310.783 310.783 310.783 310.783 )
674.070: I:0 (   0.000   0.000   0.000 ) T:45 (   1.316 139.903 310.783 310.783 310.783 310.783 )
684.068: I:0 (   0.000   0.000   0.000 ) T:45 (   1.316 139.903 310.783 310.783 310.783 310.783 )
694.070: I:1 (   1.077   1.077   1.077 ) T:46 (   1.311 139.903 310.783 310.783 310.783 310.783 )
704.069: I:1 (   0.483   0.483   0.483 ) T:47 (   1.311 139.903 310.783 310.783 310.783 310.783 )
714.071: I:0 (   0.000   0.000   0.000 ) T:47 (   1.311 139.903 310.783 310.783 310.783 310.783 )
724.069: I:1 (   0.562   0.562   0.562 ) T:48 (   1.308 139.903 310.783 310.783 310.783 310.783 )
734.071: I:0 (   0.000   0.000   0.000 ) T:48 (   1.308 139.903 310.783 310.783 310.783 310.783 )
744.070: I:0 (   0.000   0.000   0.000 ) T:48 (   1.308 139.903 310.783 310.783 310.783 310.783 )
754.069: I:2 (   0.812   0.880   0.880 ) T:50 (   1.296 135.039 310.783 310.783 310.783 310.783 )
764.070: I:1 (   0.936   0.936   0.936 ) T:51 (   1.296 135.039 310.783 310.783 310.783 310.783 )
774.073: I:0 (   0.000   0.000   0.000 ) T:51 (   1.296 135.039 310.783 310.783 310.783 310.783 )
784.070: I:2 (   0.546   0.951   0.951 ) T:53 (   1.295 135.039 310.783 310.783 310.783 310.783 )
794.072: I:0 (   0.000   0.000   0.000 ) T:53 (   1.295 135.039 310.783 310.783 310.783 310.783 )
804.080: I:0 (   0.000   0.000   0.000 ) T:53 (   1.295 135.039 310.783 310.783 310.783 310.783 )
814.070: I:0 (   0.000   0.000   0.000 ) T:53 (   1.295 135.039 310.783 310.783 310.783 310.783 )
824.067: I:2 (   0.817   0.823   0.823 ) T:55 (   1.294 135.039 310.783 310.783 310.783 310.783 )
834.070: I:1 (   0.755   0.755   0.755 ) T:56 (   1.262 135.039 310.783 310.783 310.783 310.783 )
844.069: I:2 (   0.438   0.881   0.881 ) T:58 (   1.258 135.039 310.783 310.783 310.783 310.783 )
854.075: I:1 ( 138.367 138.367 138.367 ) T:59 (   1.262 138.367 310.783 310.783 310.783 310.783 )
864.063: I:2 (   0.795   0.847   0.847 ) T:61 (   1.258 135.039 310.783 310.783 310.783 310.783 )
874.070: I:0 (   0.000   0.000   0.000 ) T:61 (   1.258 135.039 310.783 310.783 310.783 310.783 )
884.069: I:1 (   0.428   0.428   0.428 ) T:62 (   1.244 135.039 310.783 310.783 310.783 310.783 )
894.068: I:1 (   0.406   0.406   0.406 ) T:63 (   1.244 135.039 310.783 310.783 310.783 310.783 )
904.071: I:0 (   0.000   0.000   0.000 ) T:63 (   1.244 135.039 310.783 310.783 310.783 310.783 )
914.070: I:0 (   0.000   0.000   0.000 ) T:63 (   1.244 135.039 310.783 310.783 310.783 310.783 )
924.070: I:1 (   0.414   0.414   0.414 ) T:64 (   1.213 135.039 310.783 310.783 310.783 310.783 )
934.072: I:0 (   0.000   0.000   0.000 ) T:64 (   1.213 135.039 310.783 310.783 310.783 310.783 )
944.070: I:3 (   0.850   1.054   1.054 ) T:67 (   1.190 135.039 310.783 310.783 310.783 310.783 )
954.069: I:1 (   0.961   0.961   0.961 ) T:68 (   1.152 135.039 310.783 310.783 310.783 310.783 )
964.070: I:0 (   0.000   0.000   0.000 ) T:68 (   1.152 135.039 310.783 310.783 310.783 310.783 )
974.072: I:0 (   0.000   0.000   0.000 ) T:68 (   1.152 135.039 310.783 310.783 310.783 310.783 )
984.070: I:1 (   0.893   0.893   0.893 ) T:69 (   1.152 135.039 310.783 310.783 310.783 310.783 )
994.067: I:2 (   0.315   0.433   0.433 ) T:71 (   1.132 128.319 310.783 310.783 310.783 310.783 )
1004.073: I:1 (   0.727   0.727   0.727 ) T:72 (   1.131 128.319 310.783 310.783 310.783 310.783 )
1014.070: I:0 (   0.000   0.000   0.000 ) T:72 (   1.131 128.319 310.783 310.783 310.783 310.783 )
1024.070: I:0 (   0.000   0.000   0.000 ) T:72 (   1.131 128.319 310.783 310.783 310.783 310.783 )
1034.070: I:0 (   0.000   0.000   0.000 ) T:72 (   1.131 128.319 310.783 310.783 310.783 310.783 )
1044.069: I:1 (   0.697   0.697   0.697 ) T:73 (   1.131 128.319 310.783 310.783 310.783 310.783 )
1054.069: I:0 (   0.000   0.000   0.000 ) T:73 (   1.131 128.319 310.783 310.783 310.783 310.783 )
1064.070: I:0 (   0.000   0.000   0.000 ) T:73 (   1.131 128.319 310.783 310.783 310.783 310.783 )
1074.076: I:1 ( 199.551 199.551 199.551 ) T:74 (   1.131 135.039 310.783 310.783 310.783 310.783 )
1084.070: I:1 (   0.770   0.770   0.770 ) T:75 (   1.131 135.039 310.783 310.783 310.783 310.783 )
1094.066: I:0 (   0.000   0.000   0.000 ) T:75 (   1.131 135.039 310.783 310.783 310.783 310.783 )
1104.072: I:0 (   0.000   0.000   0.000 ) T:75 (   1.131 135.039 310.783 310.783 310.783 310.783 )
1114.080: I:0 (   0.000   0.000   0.000 ) T:75 (   1.131 135.039 310.783 310.783 310.783 310.783 )
1124.067: I:1 (   0.392   0.392   0.392 ) T:76 (   1.118 135.039 310.783 310.783 310.783 310.783 )
1134.069: I:2 (   0.778   0.861   0.861 ) T:78 (   1.108 135.039 310.783 310.783 310.783 310.783 )
1144.079: I:2 (   0.761   0.848   0.848 ) T:80 (   1.077 128.319 310.783 310.783 310.783 310.783 )
1154.070: I:1 (   0.678   0.678   0.678 ) T:81 (   1.077 128.319 310.783 310.783 310.783 310.783 )
1164.064: I:0 (   0.000   0.000   0.000 ) T:81 (   1.077 128.319 310.783 310.783 310.783 310.783 )
1174.069: I:1 (   0.817   0.817   0.817 ) T:82 (   1.054 128.319 310.783 310.783 310.783 310.783 )
1184.070: I:0 (   0.000   0.000   0.000 ) T:82 (   1.054 128.319 310.783 310.783 310.783 310.783 )
1194.064: I:0 (   0.000   0.000   0.000 ) T:82 (   1.054 128.319 310.783 310.783 310.783 310.783 )
1204.069: I:1 (   0.405   0.405   0.405 ) T:83 (   1.054 128.319 310.783 310.783 310.783 310.783 )
1214.070: I:0 (   0.000   0.000   0.000 ) T:83 (   1.054 128.319 310.783 310.783 310.783 310.783 )
1224.070: I:0 (   0.000   0.000   0.000 ) T:83 (   1.054 128.319 310.783 310.783 310.783 310.783 )
1234.070: I:0 (   0.000   0.000   0.000 ) T:83 (   1.054 128.319 310.783 310.783 310.783 310.783 )
1244.070: I:1 (   0.697   0.697   0.697 ) T:84 (   1.050 128.319 310.783 310.783 310.783 310.783 )
1254.069: I:0 (   0.000   0.000   0.000 ) T:84 (   1.050 128.319 310.783 310.783 310.783 310.783 )
1264.071: I:2 (   0.770   0.820   0.820 ) T:86 (   1.037 128.319 310.783 310.783 310.783 310.783 )
1274.072: I:3 (   0.793   0.854   0.854 ) T:89 (   1.017 128.319 310.783 310.783 310.783 310.783 )
1284.070: I:1 (   0.700   0.700   0.700 ) T:90 (   0.987 123.775 310.783 310.783 310.783 310.783 )
1294.070: I:1 (   0.687   0.687   0.687 ) T:91 (   0.987 123.775 310.783 310.783 310.783 310.783 )
1304.069: I:1 (   0.707   0.707   0.707 ) T:92 (   0.961 123.775 310.783 310.783 310.783 310.783 )
1314.070: I:0 (   0.000   0.000   0.000 ) T:92 (   0.961 123.775 310.783 310.783 310.783 310.783 )
1324.072: I:0 (   0.000   0.000   0.000 ) T:92 (   0.961 123.775 310.783 310.783 310.783 310.783 )
1334.069: I:0 (   0.000   0.000   0.000 ) T:92 (   0.961 123.775 310.783 310.783 310.783 310.783 )
1344.069: I:0 (   0.000   0.000   0.000 ) T:92 (   0.961 123.775 310.783 310.783 310.783 310.783 )
1354.077: I:1 (   0.666   0.666   0.666 ) T:93 (   0.961 123.775 310.783 310.783 310.783 310.783 )
1364.070: I:1 (   0.609   0.609   0.609 ) T:94 (   0.951 123.775 310.783 310.783 310.783 310.783 )
1374.069: I:1 (   0.677   0.677   0.677 ) T:95 (   0.951 123.775 310.783 310.783 310.783 310.783 )
1384.074: I:1 (   0.560   0.560   0.560 ) T:96 (   0.938 123.775 310.783 310.783 310.783 310.783 )
1394.068: I:1 (   0.670   0.670   0.670 ) T:97 (   0.938 123.775 310.783 310.783 310.783 310.783 )
1404.069: I:0 (   0.000   0.000   0.000 ) T:97 (   0.938 123.775 310.783 310.783 310.783 310.783 )
1414.071: I:1 (   0.846   0.846   0.846 ) T:98 (   0.936 123.775 310.783 310.783 310.783 310.783 )
1424.072: I:0 (   0.000   0.000   0.000 ) T:98 (   0.936 123.775 310.783 310.783 310.783 310.783 )
1434.079: I:2 (   0.338   0.641   0.641 ) T:100 (   0.893  17.695 258.047 310.783 310.783 310.783 )
1444.070: I:1 (   0.699   0.699   0.699 ) T:101 (   0.893  17.695 258.047 310.783 310.783 310.783 )
1454.070: I:0 (   0.000   0.000   0.000 ) T:101 (   0.893  17.695 258.047 310.783 310.783 310.783 )
1464.070: I:0 (   0.000   0.000   0.000 ) T:101 (   0.893  17.695 258.047 310.783 310.783 310.783 )
1474.070: I:1 (   0.633   0.633   0.633 ) T:102 (   0.881  17.695 258.047 310.783 310.783 310.783 )
1484.080: I:0 (   0.000   0.000   0.000 ) T:102 (   0.881  17.695 258.047 310.783 310.783 310.783 )
1494.069: I:1 (   0.733   0.733   0.733 ) T:103 (   0.881  17.695 258.047 310.783 310.783 310.783 )
1504.070: I:0 (   0.000   0.000   0.000 ) T:103 (   0.881  17.695 258.047 310.783 310.783 310.783 )
1514.073: I:0 (   0.000   0.000   0.000 ) T:103 (   0.881  17.695 258.047 310.783 310.783 310.783 )
1524.069: I:1 (   0.578   0.578   0.578 ) T:104 (   0.880  17.695 258.047 310.783 310.783 310.783 )
1534.067: I:1 (   0.646   0.646   0.646 ) T:105 (   0.880  17.695 258.047 310.783 310.783 310.783 )
1544.070: I:0 (   0.000   0.000   0.000 ) T:105 (   0.880  17.695 258.047 310.783 310.783 310.783 )
1554.070: I:0 (   0.000   0.000   0.000 ) T:105 (   0.880  17.695 258.047 310.783 310.783 310.783 )
1564.064: I:0 (   0.000   0.000   0.000 ) T:105 (   0.880  17.695 258.047 310.783 310.783 310.783 )
1574.063: I:0 (   0.000   0.000   0.000 ) T:105 (   0.880  17.695 258.047 310.783 310.783 310.783 )
1584.072: I:0 (   0.000   0.000   0.000 ) T:105 (   0.880  17.695 258.047 310.783 310.783 310.783 )
1594.070: I:0 (   0.000   0.000   0.000 ) T:105 (   0.880  17.695 258.047 310.783 310.783 310.783 )
1604.072: I:1 (   0.681   0.681   0.681 ) T:106 (   0.861  17.695 258.047 310.783 310.783 310.783 )
1614.063: I:1 (   0.677   0.677   0.677 ) T:107 (   0.861  17.695 258.047 310.783 310.783 310.783 )
1624.067: I:0 (   0.000   0.000   0.000 ) T:107 (   0.861  17.695 258.047 310.783 310.783 310.783 )
1634.067: I:1 (   0.709   0.709   0.709 ) T:108 (   0.854  17.695 258.047 310.783 310.783 310.783 )
1644.072: I:0 (   0.000   0.000   0.000 ) T:108 (   0.854  17.695 258.047 310.783 310.783 310.783 )
1654.073: I:0 (   0.000   0.000   0.000 ) T:108 (   0.854  17.695 258.047 310.783 310.783 310.783 )
1664.069: I:0 (   0.000   0.000   0.000 ) T:108 (   0.854  17.695 258.047 310.783 310.783 310.783 )
1674.066: I:0 (   0.000   0.000   0.000 ) T:108 (   0.854  17.695 258.047 310.783 310.783 310.783 )
1684.071: I:2 (   0.424 202.367 202.367 ) T:110 (   0.854  17.695 258.047 310.783 310.783 310.783 )
1694.063: I:0 (   0.000   0.000   0.000 ) T:110 (   0.854  17.695 258.047 310.783 310.783 310.783 )
1704.070: I:0 (   0.000   0.000   0.000 ) T:110 (   0.854  17.695 258.047 310.783 310.783 310.783 )
1714.066: I:0 (   0.000   0.000   0.000 ) T:110 (   0.854  17.695 258.047 310.783 310.783 310.783 )
1724.070: I:1 (   0.652   0.652   0.652 ) T:111 (   0.854  17.695 258.047 310.783 310.783 310.783 )
1734.067: I:1 (   0.655   0.655   0.655 ) T:112 (   0.850  17.695 258.047 310.783 310.783 310.783 )
1744.070: I:2 (   0.554   0.654   0.654 ) T:114 (   0.848  17.695 258.047 310.783 310.783 310.783 )
1754.072: I:0 (   0.000   0.000   0.000 ) T:114 (   0.848  17.695 258.047 310.783 310.783 310.783 )
1764.068: I:0 (   0.000   0.000   0.000 ) T:114 (   0.848  17.695 258.047 310.783 310.783 310.783 )
1774.072: I:2 (   0.458   0.669   0.669 ) T:116 (   0.847  17.695 258.047 310.783 310.783 310.783 )
1784.064: I:2 (   0.618   0.715   0.715 ) T:118 (   0.846  17.695 258.047 310.783 310.783 310.783 )
1794.070: I:1 (   0.365   0.365   0.365 ) T:119 (   0.846  17.695 258.047 310.783 310.783 310.783 )
1804.069: I:1 (   0.655   0.655   0.655 ) T:120 (   0.823   2.737 258.047 310.783 310.783 310.783 )
1814.071: I:0 (   0.000   0.000   0.000 ) T:120 (   0.823   2.737 258.047 310.783 310.783 310.783 )
1824.072: I:0 (   0.000   0.000   0.000 ) T:120 (   0.823   2.737 258.047 310.783 310.783 310.783 )
1834.071: I:1 (   0.768   0.768   0.768 ) T:121 (   0.823   2.737 258.047 310.783 310.783 310.783 )
1844.070: I:0 (   0.000   0.000   0.000 ) T:121 (   0.823   2.737 258.047 310.783 310.783 310.783 )
1854.064: I:1 (   0.708   0.708   0.708 ) T:122 (   0.821   2.737 258.047 310.783 310.783 310.783 )
1864.070: I:1 (   0.828   0.828   0.828 ) T:123 (   0.823   2.737 258.047 310.783 310.783 310.783 )
1874.069: I:0 (   0.000   0.000   0.000 ) T:123 (   0.823   2.737 258.047 310.783 310.783 310.783 )
1884.070: I:0 (   0.000   0.000   0.000 ) T:123 (   0.823   2.737 258.047 310.783 310.783 310.783 )
1894.070: I:0 (   0.000   0.000   0.000 ) T:123 (   0.823   2.737 258.047 310.783 310.783 310.783 )
1904.072: I:0 (   0.000   0.000   0.000 ) T:123 (   0.823   2.737 258.047 310.783 310.783 310.783 )
1914.070: I:2 (   0.344   0.682   0.682 ) T:125 (   0.821   2.737 258.047 310.783 310.783 310.783 )
1924.070: I:0 (   0.000   0.000   0.000 ) T:125 (   0.821   2.737 258.047 310.783 310.783 310.783 )
1934.069: I:0 (   0.000   0.000   0.000 ) T:125 (   0.821   2.737 258.047 310.783 310.783 310.783 )
1944.069: I:5 (   0.589   0.619   0.619 ) T:130 (   0.817   2.137 258.047 310.783 310.783 310.783 )
1954.070: I:0 (   0.000   0.000   0.000 ) T:130 (   0.817   2.137 258.047 310.783 310.783 310.783 )
1964.070: I:0 (   0.000   0.000   0.000 ) T:130 (   0.817   2.137 258.047 310.783 310.783 310.783 )
1974.070: I:0 (   0.000   0.000   0.000 ) T:130 (   0.817   2.137 258.047 310.783 310.783 310.783 )
1984.072: I:1 (   0.511   0.511   0.511 ) T:131 (   0.817   2.137 258.047 310.783 310.783 310.783 )
1994.070: I:1 (   0.652   0.652   0.652 ) T:132 (   0.812   2.137 258.047 310.783 310.783 310.783 )
2004.070: I:2 (   0.548   0.659   0.659 ) T:134 (   0.795   2.137 258.047 310.783 310.783 310.783 )
2014.071: I:1 (   0.636   0.636   0.636 ) T:135 (   0.795   2.137 258.047 310.783 310.783 310.783 )
2024.071: I:0 (   0.000   0.000   0.000 ) T:135 (   0.795   2.137 258.047 310.783 310.783 310.783 )
2034.072: I:1 (   0.662   0.662   0.662 ) T:136 (   0.793   2.137 258.047 310.783 310.783 310.783 )
2044.075: I:0 (   0.000   0.000   0.000 ) T:136 (   0.793   2.137 258.047 310.783 310.783 310.783 )
2054.070: I:0 (   0.000   0.000   0.000 ) T:136 (   0.793   2.137 258.047 310.783 310.783 310.783 )
2064.080: I:0 (   0.000   0.000   0.000 ) T:136 (   0.793   2.137 258.047 310.783 310.783 310.783 )
2074.069: I:0 (   0.000   0.000   0.000 ) T:136 (   0.793   2.137 258.047 310.783 310.783 310.783 )
2084.070: I:0 (   0.000   0.000   0.000 ) T:136 (   0.793   2.137 258.047 310.783 310.783 310.783 )
2094.069: I:0 (   0.000   0.000   0.000 ) T:136 (   0.793   2.137 258.047 310.783 310.783 310.783 )
2104.070: I:1 (   0.593   0.593   0.593 ) T:137 (   0.793   2.137 258.047 310.783 310.783 310.783 )
2114.073: I:0 (   0.000   0.000   0.000 ) T:137 (   0.793   2.137 258.047 310.783 310.783 310.783 )
2124.072: I:1 (   2.825   2.825   2.825 ) T:138 (   0.793   2.737 258.047 310.783 310.783 310.783 )
2134.069: I:3 (   0.624   0.629   0.629 ) T:141 (   0.778   2.137 258.047 310.783 310.783 310.783 )
2144.069: I:1 (   0.659   0.659   0.659 ) T:142 (   0.770   2.137 258.047 310.783 310.783 310.783 )
2154.072: I:2 (   0.624   0.648   0.648 ) T:144 (   0.770   2.137 258.047 310.783 310.783 310.783 )
2164.069: I:0 (   0.000   0.000   0.000 ) T:144 (   0.770   2.137 258.047 310.783 310.783 310.783 )
2174.070: I:0 (   0.000   0.000   0.000 ) T:144 (   0.770   2.137 258.047 310.783 310.783 310.783 )
2184.070: I:0 (   0.000   0.000   0.000 ) T:144 (   0.770   2.137 258.047 310.783 310.783 310.783 )
2194.067: I:1 (   0.522   0.522   0.522 ) T:145 (   0.770   2.137 258.047 310.783 310.783 310.783 )
2204.070: I:0 (   0.000   0.000   0.000 ) T:145 (   0.770   2.137 258.047 310.783 310.783 310.783 )
2214.064: I:1 (   0.619   0.619   0.619 ) T:146 (   0.768   2.137 258.047 310.783 310.783 310.783 )
2224.082: I:0 (   0.000   0.000   0.000 ) T:146 (   0.768   2.137 258.047 310.783 310.783 310.783 )
2234.079: I:1 (   0.249   0.249   0.249 ) T:147 (   0.768   2.137 258.047 310.783 310.783 310.783 )
2244.070: I:2 (   0.518   0.652   0.652 ) T:149 (   0.761   2.137 258.047 310.783 310.783 310.783 )
2254.064: I:0 (   0.000   0.000   0.000 ) T:149 (   0.761   2.137 258.047 310.783 310.783 310.783 )
2264.066: I:0 (   0.000   0.000   0.000 ) T:149 (   0.761   2.137 258.047 310.783 310.783 310.783 )
2274.072: I:0 (   0.000   0.000   0.000 ) T:149 (   0.761   2.137 258.047 310.783 310.783 310.783 )
2284.070: I:0 (   0.000   0.000   0.000 ) T:149 (   0.761   2.137 258.047 310.783 310.783 310.783 )
2294.070: I:0 (   0.000   0.000   0.000 ) T:149 (   0.761   2.137 258.047 310.783 310.783 310.783 )
2304.069: I:0 (   0.000   0.000   0.000 ) T:149 (   0.761   2.137 258.047 310.783 310.783 310.783 )
2314.069: I:2 (   0.593   0.622   0.622 ) T:151 (   0.755   2.031 258.047 310.783 310.783 310.783 )
2324.070: I:1 (   0.647   0.647   0.647 ) T:152 (   0.733   2.031 258.047 310.783 310.783 310.783 )
2334.070: I:1 (   0.646   0.646   0.646 ) T:153 (   0.733   2.031 258.047 310.783 310.783 310.783 )
2344.070: I:1 (   0.637   0.637   0.637 ) T:154 (   0.727   2.031 258.047 310.783 310.783 310.783 )
2354.072: I:0 (   0.000   0.000   0.000 ) T:154 (   0.727   2.031 258.047 310.783 310.783 310.783 )
2364.071: I:0 (   0.000   0.000   0.000 ) T:154 (   0.727   2.031 258.047 310.783 310.783 310.783 )
2374.072: I:2 (   0.504   0.645   0.645 ) T:156 (   0.715   2.031 258.047 310.783 310.783 310.783 )
2384.064: I:2 (   0.602   0.605   0.605 ) T:158 (   0.709   2.031 258.047 310.783 310.783 310.783 )
2394.070: I:0 (   0.000   0.000   0.000 ) T:158 (   0.709   2.031 258.047 310.783 310.783 310.783 )
2404.070: I:2 (   0.609   0.629   0.629 ) T:160 (   0.708   1.878 258.047 310.783 310.783 310.783 )
2414.071: I:1 (   0.598   0.598   0.598 ) T:161 (   0.708   1.878 258.047 310.783 310.783 310.783 )
2424.073: I:0 (   0.000   0.000   0.000 ) T:161 (   0.708   1.878 258.047 310.783 310.783 310.783 )
2434.070: I:0 (   0.000   0.000   0.000 ) T:161 (   0.708   1.878 258.047 310.783 310.783 310.783 )
2444.077: I:2 ( 143.487 351.231 351.231 ) T:163 (   0.709   2.137 310.783 351.231 351.231 351.231 )
2454.070: I:1 (   0.627   0.627   0.627 ) T:164 (   0.708   2.137 310.783 351.231 351.231 351.231 )
2464.064: I:1 (   0.592   0.592   0.592 ) T:165 (   0.708   2.137 310.783 351.231 351.231 351.231 )
2474.069: I:0 (   0.000   0.000   0.000 ) T:165 (   0.708   2.137 310.783 351.231 351.231 351.231 )
2484.073: I:0 (   0.000   0.000   0.000 ) T:165 (   0.708   2.137 310.783 351.231 351.231 351.231 )
2494.070: I:0 (   0.000   0.000   0.000 ) T:165 (   0.708   2.137 310.783 351.231 351.231 351.231 )
2504.072: I:2 (   0.564   0.678   0.678 ) T:167 (   0.707   2.137 310.783 351.231 351.231 351.231 )
2514.064: I:0 (   0.000   0.000   0.000 ) T:167 (   0.707   2.137 310.783 351.231 351.231 351.231 )
2524.070: I:1 (   0.576   0.576   0.576 ) T:168 (   0.700   2.137 310.783 351.231 351.231 351.231 )
2534.069: I:1 (   0.556   0.556   0.556 ) T:169 (   0.700   2.137 310.783 351.231 351.231 351.231 )
2544.081: I:0 (   0.000   0.000   0.000 ) T:169 (   0.700   2.137 310.783 351.231 351.231 351.231 )
2554.070: I:1 (   0.466   0.466   0.466 ) T:170 (   0.699   2.031 310.783 351.231 351.231 351.231 )
2564.069: I:1 (   0.647   0.647   0.647 ) T:171 (   0.699   2.031 310.783 351.231 351.231 351.231 )
2574.072: I:0 (   0.000   0.000   0.000 ) T:171 (   0.699   2.031 310.783 351.231 351.231 351.231 )
2584.076: I:2 (   0.520 228.607 228.607 ) T:173 (   0.699   2.137 310.783 351.231 351.231 351.231 )
2594.076: I:1 (   0.559   0.559   0.559 ) T:174 (   0.697   2.137 310.783 351.231 351.231 351.231 )
2604.070: I:0 (   0.000   0.000   0.000 ) T:174 (   0.697   2.137 310.783 351.231 351.231 351.231 )
2614.070: I:0 (   0.000   0.000   0.000 ) T:174 (   0.697   2.137 310.783 351.231 351.231 351.231 )
2624.070: I:0 (   0.000   0.000   0.000 ) T:174 (   0.697   2.137 310.783 351.231 351.231 351.231 )
2634.070: I:0 (   0.000   0.000   0.000 ) T:174 (   0.697   2.137 310.783 351.231 351.231 351.231 )
2644.076: I:1 ( 177.663 177.663 177.663 ) T:175 (   0.699   2.737 310.783 351.231 351.231 351.231 )
2654.073: I:0 (   0.000   0.000   0.000 ) T:175 (   0.699   2.737 310.783 351.231 351.231 351.231 )
2664.065: I:0 (   0.000   0.000   0.000 ) T:175 (   0.699   2.737 310.783 351.231 351.231 351.231 )
2674.067: I:0 (   0.000   0.000   0.000 ) T:175 (   0.699   2.737 310.783 351.231 351.231 351.231 )
2684.077: I:1 ( 203.775 203.775 203.775 ) T:176 (   0.699   2.825 310.783 351.231 351.231 351.231 )
2694.077: I:2 (   0.689 281.087 281.087 ) T:178 (   0.699  17.695 310.783 351.231 351.231 351.231 )
2704.064: I:1 (   0.422   0.422   0.422 ) T:179 (   0.699  17.695 310.783 351.231 351.231 351.231 )
2714.070: I:0 (   0.000   0.000   0.000 ) T:179 (   0.699  17.695 310.783 351.231 351.231 351.231 )
2724.070: I:5 (   0.545   0.650   0.650 ) T:184 (   0.689   2.825 310.783 351.231 351.231 351.231 )
2734.069: I:0 (   0.000   0.000   0.000 ) T:184 (   0.689   2.825 310.783 351.231 351.231 351.231 )
2744.071: I:0 (   0.000   0.000   0.000 ) T:184 (   0.689   2.825 310.783 351.231 351.231 351.231 )
2754.067: I:0 (   0.000   0.000   0.000 ) T:184 (   0.689   2.825 310.783 351.231 351.231 351.231 )
2764.070: I:0 (   0.000   0.000   0.000 ) T:184 (   0.689   2.825 310.783 351.231 351.231 351.231 )
2774.070: I:0 (   0.000   0.000   0.000 ) T:184 (   0.689   2.825 310.783 351.231 351.231 351.231 )
2784.070: I:0 (   0.000   0.000   0.000 ) T:184 (   0.689   2.825 310.783 351.231 351.231 351.231 )
2794.066: I:1 (   0.605   0.605   0.605 ) T:185 (   0.689   2.825 310.783 351.231 351.231 351.231 )
2804.069: I:1 (   0.645   0.645   0.645 ) T:186 (   0.687   2.825 310.783 351.231 351.231 351.231 )
2814.070: I:0 (   0.000   0.000   0.000 ) T:186 (   0.687   2.825 310.783 351.231 351.231 351.231 )
2824.077: I:1 ( 176.895 176.895 176.895 ) T:187 (   0.689  17.695 310.783 351.231 351.231 351.231 )
2834.067: I:0 (   0.000   0.000   0.000 ) T:187 (   0.689  17.695 310.783 351.231 351.231 351.231 )
2844.063: I:1 (   0.498   0.498   0.498 ) T:188 (   0.687  17.695 310.783 351.231 351.231 351.231 )
2854.070: I:1 (   0.609   0.609   0.609 ) T:189 (   0.687  17.695 310.783 351.231 351.231 351.231 )
2864.069: I:1 (   0.344   0.344   0.344 ) T:190 (   0.682   2.825 310.783 351.231 351.231 351.231 )
2874.070: I:0 (   0.000   0.000   0.000 ) T:190 (   0.682   2.825 310.783 351.231 351.231 351.231 )
2884.063: I:0 (   0.000   0.000   0.000 ) T:190 (   0.682   2.825 310.783 351.231 351.231 351.231 )
2894.072: I:0 (   0.000   0.000   0.000 ) T:190 (   0.682   2.825 310.783 351.231 351.231 351.231 )
2904.070: I:0 (   0.000   0.000   0.000 ) T:190 (   0.682   2.825 310.783 351.231 351.231 351.231 )
2914.066: I:1 (   0.652   0.652   0.652 ) T:191 (   0.682   2.825 310.783 351.231 351.231 351.231 )
2924.065: I:0 (   0.000   0.000   0.000 ) T:191 (   0.682   2.825 310.783 351.231 351.231 351.231 )
2934.069: I:0 (   0.000   0.000   0.000 ) T:191 (   0.682   2.825 310.783 351.231 351.231 351.231 )
2944.070: I:0 (   0.000   0.000   0.000 ) T:191 (   0.682   2.825 310.783 351.231 351.231 351.231 )
2954.069: I:0 (   0.000   0.000   0.000 ) T:191 (   0.682   2.825 310.783 351.231 351.231 351.231 )
2964.072: I:1 (   0.618   0.618   0.618 ) T:192 (   0.681   2.825 310.783 351.231 351.231 351.231 )
2974.070: I:0 (   0.000   0.000   0.000 ) T:192 (   0.681   2.825 310.783 351.231 351.231 351.231 )
2984.064: I:0 (   0.000   0.000   0.000 ) T:192 (   0.681   2.825 310.783 351.231 351.231 351.231 )
2994.070: I:2 (   0.577   0.580   0.580 ) T:194 (   0.678   2.825 310.783 351.231 351.231 351.231 )
3004.069: I:1 (   0.584   0.584   0.584 ) T:195 (   0.678   2.825 310.783 351.231 351.231 351.231 )
3014.071: I:0 (   0.000   0.000   0.000 ) T:195 (   0.678   2.825 310.783 351.231 351.231 351.231 )
3024.070: I:1 (   0.693   0.693   0.693 ) T:196 (   0.678   2.825 310.783 351.231 351.231 351.231 )
3034.072: I:0 (   0.000   0.000   0.000 ) T:196 (   0.678   2.825 310.783 351.231 351.231 351.231 )
3044.069: I:0 (   0.000   0.000   0.000 ) T:196 (   0.678   2.825 310.783 351.231 351.231 351.231 )
3054.069: I:1 (   0.615   0.615   0.615 ) T:197 (   0.678   2.825 310.783 351.231 351.231 351.231 )
3064.066: I:3 (   0.597   0.622   0.622 ) T:200 (   0.677   2.737 281.087 351.231 351.231 351.231 )
3074.078: I:1 (   0.595   0.595   0.595 ) T:201 (   0.677   2.737 281.087 351.231 351.231 351.231 )
3084.071: I:0 (   0.000   0.000   0.000 ) T:201 (   0.677   2.737 281.087 351.231 351.231 351.231 )
3094.071: I:2 (   0.506   0.608   0.608 ) T:203 (   0.677   2.737 281.087 351.231 351.231 351.231 )
3104.072: I:1 (   0.582   0.582   0.582 ) T:204 (   0.670   2.737 281.087 351.231 351.231 351.231 )
3114.069: I:2 (   0.337   0.530   0.530 ) T:206 (   0.669   2.737 281.087 351.231 351.231 351.231 )
3124.069: I:0 (   0.000   0.000   0.000 ) T:206 (   0.669   2.737 281.087 351.231 351.231 351.231 )
3134.078: I:2 (   0.541 218.495 218.495 ) T:208 (   0.669   2.825 281.087 351.231 351.231 351.231 )
3144.069: I:0 (   0.000   0.000   0.000 ) T:208 (   0.669   2.825 281.087 351.231 351.231 351.231 )
3154.070: I:0 (   0.000   0.000   0.000 ) T:208 (   0.669   2.825 281.087 351.231 351.231 351.231 )
3164.067: I:1 (   0.565   0.565   0.565 ) T:209 (   0.669   2.825 281.087 351.231 351.231 351.231 )
3174.067: I:1 (   0.569   0.569   0.569 ) T:210 (   0.666   2.737 281.087 351.231 351.231 351.231 )
3184.076: I:1 ( 151.679 151.679 151.679 ) T:211 (   0.669   2.825 281.087 351.231 351.231 351.231 )
3194.070: I:0 (   0.000   0.000   0.000 ) T:211 (   0.669   2.825 281.087 351.231 351.231 351.231 )
3204.072: I:1 (   0.606   0.606   0.606 ) T:212 (   0.666   2.825 281.087 351.231 351.231 351.231 )
3214.069: I:2 (   0.290   0.612   0.612 ) T:214 (   0.662   2.825 281.087 351.231 351.231 351.231 )
3224.068: I:2 (   0.353   0.591   0.591 ) T:216 (   0.659   2.825 281.087 351.231 351.231 351.231 )
3234.072: I:0 (   0.000   0.000   0.000 ) T:216 (   0.659   2.825 281.087 351.231 351.231 351.231 )
3244.080: I:0 (   0.000   0.000   0.000 ) T:216 (   0.659   2.825 281.087 351.231 351.231 351.231 )
3254.064: I:0 (   0.000   0.000   0.000 ) T:216 (   0.659   2.825 281.087 351.231 351.231 351.231 )
3264.070: I:0 (   0.000   0.000   0.000 ) T:216 (   0.659   2.825 281.087 351.231 351.231 351.231 )
3274.080: I:1 (   0.575   0.575   0.575 ) T:217 (   0.659   2.825 281.087 351.231 351.231 351.231 )
3284.070: I:0 (   0.000   0.000   0.000 ) T:217 (   0.659   2.825 281.087 351.231 351.231 351.231 )
3294.072: I:1 (   0.785   0.785   0.785 ) T:218 (   0.659   2.825 281.087 351.231 351.231 351.231 )
3304.082: I:1 (   0.541   0.541   0.541 ) T:219 (   0.659   2.825 281.087 351.231 351.231 351.231 )
3314.073: I:0 (   0.000   0.000   0.000 ) T:219 (   0.659   2.825 281.087 351.231 351.231 351.231 )
3324.070: I:0 (   0.000   0.000   0.000 ) T:219 (   0.659   2.825 281.087 351.231 351.231 351.231 )
3334.070: I:0 (   0.000   0.000   0.000 ) T:219 (   0.659   2.825 281.087 351.231 351.231 351.231 )
3344.070: I:1 (   0.485   0.485   0.485 ) T:220 (   0.659   2.737 281.087 351.231 351.231 351.231 )
3354.069: I:0 (   0.000   0.000   0.000 ) T:220 (   0.659   2.737 281.087 351.231 351.231 351.231 )
3364.070: I:1 (   0.484   0.484   0.484 ) T:221 (   0.659   2.737 281.087 351.231 351.231 351.231 )
3374.069: I:0 (   0.000   0.000   0.000 ) T:221 (   0.659   2.737 281.087 351.231 351.231 351.231 )
3384.070: I:0 (   0.000   0.000   0.000 ) T:221 (   0.659   2.737 281.087 351.231 351.231 351.231 )
3394.077: I:2 (   0.540 280.831 280.831 ) T:223 (   0.659   2.825 281.087 351.231 351.231 351.231 )
3404.080: I:2 (   0.469 207.615 207.615 ) T:225 (   0.659  17.695 281.087 351.231 351.231 351.231 )
3414.072: I:0 (   0.000   0.000   0.000 ) T:225 (   0.659  17.695 281.087 351.231 351.231 351.231 )
3424.069: I:0 (   0.000   0.000   0.000 ) T:225 (   0.659  17.695 281.087 351.231 351.231 351.231 )
3434.073: I:0 (   0.000   0.000   0.000 ) T:225 (   0.659  17.695 281.087 351.231 351.231 351.231 )
3444.070: I:0 (   0.000   0.000   0.000 ) T:225 (   0.659  17.695 281.087 351.231 351.231 351.231 )
3454.070: I:1 (   0.555   0.555   0.555 ) T:226 (   0.655  17.695 281.087 351.231 351.231 351.231 )
3464.067: I:0 (   0.000   0.000   0.000 ) T:226 (   0.655  17.695 281.087 351.231 351.231 351.231 )
3466.280: I:0 (   0.000   0.000   0.000 ) T:226 (   0.655  17.695 281.087 351.231 351.231 351.231 )
3466.331: I:0 (   0.000   0.000   0.000 ) T:226 (   0.655  17.695 281.087 351.231 351.231 351.231 )
