#[Interval percentile log between 0.000 and <Infinite> seconds (relative to StartTime)]
#[StartTime: 1524833984.219 (seconds since epoch), Fri Apr 27 14:59:44 CEST 2018]
Time: IntervalPercentiles:count ( 50% 90% Max ) TotalPercentiles:count ( 50% 90% 99% 99.9% 99.99% Max )
3.093: I:1 (   2.149   2.149   2.149 ) T:1 (   2.149   2.149   2.149   2.149   2.149   2.149 )
13.090: I:2 (   1.710   1.804   1.804 ) T:3 (   1.804   2.149   2.149   2.149   2.149   2.149 )
23.090: I:1 (   1.799   1.799   1.799 ) T:4 (   1.799   2.149   2.149   2.149   2.149   2.149 )
33.089: I:0 (   0.000   0.000   0.000 ) T:4 (   1.799   2.149   2.149   2.149   2.149   2.149 )
43.090: I:2 (   1.511   1.668   1.668 ) T:6 (   1.710   2.149   2.149   2.149   2.149   2.149 )
53.090: I:0 (   0.000   0.000   0.000 ) T:6 (   1.710   2.149   2.149   2.149   2.149   2.149 )
63.090: I:1 (   1.620   1.620   1.620 ) T:7 (   1.710   2.149   2.149   2.149   2.149   2.149 )
73.090: I:2 (   1.865   1.910   1.910 ) T:9 (   1.799   2.149   2.149   2.149   2.149   2.149 )
83.090: I:2 (   0.762   1.009   1.009 ) T:11 (   1.710   1.910   2.149   2.149   2.149   2.149 )
93.089: I:0 (   0.000   0.000   0.000 ) T:11 (   1.710   1.910   2.149   2.149   2.149   2.149 )
103.090: I:0 (   0.000   0.000   0.000 ) T:11 (   1.710   1.910   2.149   2.149   2.149   2.149 )
113.090: I:1 (   0.697   0.697   0.697 ) T:12 (   1.668   1.910   2.149   2.149   2.149   2.149 )
123.089: I:0 (   0.000   0.000   0.000 ) T:12 (   1.668   1.910   2.149   2.149   2.149   2.149 )
133.090: I:2 (   0.651   1.221   1.221 ) T:14 (   1.620   1.910   2.149   2.149   2.149   2.149 )
143.088: I:1 (   1.332   1.332   1.332 ) T:15 (   1.620   1.910   2.149   2.149   2.149   2.149 )
153.090: I:0 (   0.000   0.000   0.000 ) T:15 (   1.620   1.910   2.149   2.149   2.149   2.149 )
163.090: I:0 (   0.000   0.000   0.000 ) T:15 (   1.620   1.910   2.149   2.149   2.149   2.149 )
173.088: I:0 (   0.000   0.000   0.000 ) T:15 (   1.620   1.910   2.149   2.149   2.149   2.149 )
183.088: I:1 (   1.319   1.319   1.319 ) T:16 (   1.511   1.910   2.149   2.149   2.149   2.149 )
193.090: I:0 (   0.000   0.000   0.000 ) T:16 (   1.511   1.910   2.149   2.149   2.149   2.149 )
203.088: I:0 (   0.000   0.000   0.000 ) T:16 (   1.511   1.910   2.149   2.149   2.149   2.149 )
213.089: I:1 (   1.295   1.295   1.295 ) T:17 (   1.511   1.910   2.149   2.149   2.149   2.149 )
223.089: I:0 (   0.000   0.000   0.000 ) T:17 (   1.511   1.910   2.149   2.149   2.149   2.149 )
233.089: I:0 (   0.000   0.000   0.000 ) T:17 (   1.511   1.910   2.149   2.149   2.149   2.149 )
243.090: I:0 (   0.000   0.000   0.000 ) T:17 (   1.511   1.910   2.149   2.149   2.149   2.149 )
253.090: I:1 ( 248.959 248.959 248.959 ) T:18 (   1.511   2.149 248.959 248.959 248.959 248.959 )
263.089: I:0 (   0.000   0.000   0.000 ) T:18 (   1.511   2.149 248.959 248.959 248.959 248.959 )
273.090: I:2 (   1.236 237.951 237.951 ) T:20 (   1.511   2.149 248.959 248.959 248.959 248.959 )
283.090: I:1 ( 162.687 162.687 162.687 ) T:21 (   1.620 162.687 248.959 248.959 248.959 248.959 )
293.090: I:2 (   0.634   1.281   1.281 ) T:23 (   1.511 162.687 248.959 248.959 248.959 248.959 )
303.089: I:1 (   1.290   1.290   1.290 ) T:24 (   1.332 162.687 248.959 248.959 248.959 248.959 )
313.089: I:0 (   0.000   0.000   0.000 ) T:24 (   1.332 162.687 248.959 248.959 248.959 248.959 )
323.090: I:0 (   0.000   0.000   0.000 ) T:24 (   1.332 162.687 248.959 248.959 248.959 248.959 )
333.090: I:0 (   0.000   0.000   0.000 ) T:24 (   1.332 162.687 248.959 248.959 248.959 248.959 )
343.089: I:0 (   0.000   0.000   0.000 ) T:24 (   1.332 162.687 248.959 248.959 248.959 248.959 )
353.090: I:1 (   1.421   1.421   1.421 ) T:25 (   1.421 162.687 248.959 248.959 248.959 248.959 )
363.090: I:5 (   1.363 281.855 281.855 ) T:30 (   1.363 162.687 281.855 281.855 281.855 281.855 )
373.089: I:0 (   0.000   0.000   0.000 ) T:30 (   1.363 162.687 281.855 281.855 281.855 281.855 )
383.089: I:1 (   1.776   1.776   1.776 ) T:31 (   1.396 162.687 281.855 281.855 281.855 281.855 )
393.090: I:1 (   1.171   1.171   1.171 ) T:32 (   1.363 162.687 281.855 281.855 281.855 281.855 )
403.090: I:1 (   1.273   1.273   1.273 ) T:33 (   1.363 162.687 281.855 281.855 281.855 281.855 )
413.089: I:1 (   1.123   1.123   1.123 ) T:34 (   1.332 162.687 281.855 281.855 281.855 281.855 )
423.090: I:2 (   0.776   1.101   1.101 ) T:36 (   1.319 162.687 281.855 281.855 281.855 281.855 )
433.089: I:0 (   0.000   0.000   0.000 ) T:36 (   1.319 162.687 281.855 281.855 281.855 281.855 )
443.090: I:2 (   1.383   3.407   3.407 ) T:38 (   1.332 162.687 281.855 281.855 281.855 281.855 )
453.090: I:0 (   0.000   0.000   0.000 ) T:38 (   1.332 162.687 281.855 281.855 281.855 281.855 )
463.090: I:0 (   0.000   0.000   0.000 ) T:38 (   1.332 162.687 281.855 281.855 281.855 281.855 )
473.089: I:1 (   0.816   0.816   0.816 ) T:39 (   1.332 162.687 281.855 281.855 281.855 281.855 )
483.089: I:1 (   1.604   1.604   1.604 ) T:40 (   1.332   3.407 281.855 281.855 281.855 281.855 )
493.089: I:1 (   1.248   1.248   1.248 ) T:41 (   1.332   3.407 281.855 281.855 281.855 281.855 )
503.088: I:2 (   0.517   1.166   1.166 ) T:43 (   1.319   3.407 281.855 281.855 281.855 281.855 )
513.089: I:0 (   0.000   0.000   0.000 ) T:43 (   1.319   3.407 281.855 281.855 281.855 281.855 )
523.090: I:0 (   0.000   0.000   0.000 ) T:43 (   1.319   3.407 281.855 281.855 281.855 281.855 )
533.090: I:1 (   0.982   0.982   0.982 ) T:44 (   1.295   3.407 281.855 281.855 281.855 281.855 )
543.090: I:0 (   0.000   0.000   0.000 ) T:44 (   1.295   3.407 281.855 281.855 281.855 281.855 )
553.090: I:2 (   1.077 158.719 158.719 ) T:46 (   1.295 158.719 281.855 281.855 281.855 281.855 )
563.090: I:0 (   0.000   0.000   0.000 ) T:46 (   1.295 158.719 281.855 281.855 281.855 281.855 )
573.089: I:2 (   0.889 297.983 297.983 ) T:48 (   1.295 162.687 297.983 297.983 297.983 297.983 )
583.090: I:2 (   1.090   1.119   1.119 ) T:50 (   1.290 158.719 297.983 297.983 297.983 297.983 )
593.089: I:3 (   0.878   1.083   1.083 ) T:53 (   1.281 158.719 297.983 297.983 297.983 297.983 )
603.089: I:1 (   1.214   1.214   1.214 ) T:54 (   1.273 158.719 297.983 297.983 297.983 297.983 )
613.089: I:2 (   0.871   0.900   0.900 ) T:56 (   1.248 158.719 297.983 297.983 297.983 297.983 )
623.088: I:0 (   0.000   0.000   0.000 ) T:56 (   1.248 158.719 297.983 297.983 297.983 297.983 )
633.090: I:0 (   0.000   0.000   0.000 ) T:56 (   1.248 158.719 297.983 297.983 297.983 297.983 )
643.090: I:0 (   0.000   0.000   0.000 ) T:56 (   1.248 158.719 297.983 297.983 297.983 297.983 )
653.089: I:0 (   0.000   0.000   0.000 ) T:56 (   1.248 158.719 297.983 297.983 297.983 297.983 )
663.089: I:0 (   0.000   0.000   0.000 ) T:56 (   1.248 158.719 297.983 297.983 297.983 297.983 )
673.089: I:2 (   0.887   0.921   0.921 ) T:58 (   1.236 158.719 297.983 297.983 297.983 297.983 )
683.090: I:3 (   0.799   0.961   0.961 ) T:61 (   1.221   3.407 297.983 297.983 297.983 297.983 )
693.090: I:1 (   0.908   0.908   0.908 ) T:62 (   1.214   3.407 297.983 297.983 297.983 297.983 )
703.090: I:1 (   0.944   0.944   0.944 ) T:63 (   1.214   3.407 297.983 297.983 297.983 297.983 )
713.089: I:0 (   0.000   0.000   0.000 ) T:63 (   1.214   3.407 297.983 297.983 297.983 297.983 )
723.089: I:2 (   1.056   1.243   1.243 ) T:65 (   1.214   3.407 297.983 297.983 297.983 297.983 )
733.089: I:1 (   1.163   1.163   1.163 ) T:66 (   1.196   3.407 297.983 297.983 297.983 297.983 )
743.089: I:3 (   0.713   0.806   0.806 ) T:69 (   1.171   3.407 297.983 297.983 297.983 297.983 )
753.089: I:1 (   0.740   0.740   0.740 ) T:70 (   1.166   2.149 297.983 297.983 297.983 297.983 )
763.090: I:0 (   0.000   0.000   0.000 ) T:70 (   1.166   2.149 297.983 297.983 297.983 297.983 )
773.089: I:0 (   0.000   0.000   0.000 ) T:70 (   1.166   2.149 297.983 297.983 297.983 297.983 )
783.089: I:0 (   0.000   0.000   0.000 ) T:70 (   1.166   2.149 297.983 297.983 297.983 297.983 )
793.089: I:1 ( 234.879 234.879 234.879 ) T:71 (   1.171   3.407 297.983 297.983 297.983 297.983 )
803.090: I:0 (   0.000   0.000   0.000 ) T:71 (   1.171   3.407 297.983 297.983 297.983 297.983 )
813.088: I:2 (   0.858   1.014   1.014 ) T:73 (   1.166   3.407 297.983 297.983 297.983 297.983 )
823.089: I:1 (   0.700   0.700   0.700 ) T:74 (   1.163   3.407 297.983 297.983 297.983 297.983 )
833.089: I:1 (   0.809   0.809   0.809 ) T:75 (   1.163   3.407 297.983 297.983 297.983 297.983 )
843.089: I:0 (   0.000   0.000   0.000 ) T:75 (   1.163   3.407 297.983 297.983 297.983 297.983 )
853.088: I:1 (   0.805   0.805   0.805 ) T:76 (   1.123   3.407 297.983 297.983 297.983 297.983 )
863.089: I:2 (   0.735   0.951   0.951 ) T:78 (   1.119   3.407 297.983 297.983 297.983 297.983 )
873.089: I:0 (   0.000   0.000   0.000 ) T:78 (   1.119   3.407 297.983 297.983 297.983 297.983 )
883.089: I:0 (   0.000   0.000   0.000 ) T:78 (   1.119   3.407 297.983 297.983 297.983 297.983 )
893.089: I:0 (   0.000   0.000   0.000 ) T:78 (   1.119   3.407 297.983 297.983 297.983 297.983 )
903.091: I:1 (   0.383   0.383   0.383 ) T:79 (   1.119   3.407 297.983 297.983 297.983 297.983 )
913.089: I:2 (   0.769   0.820   0.820 ) T:81 (   1.101   2.149 297.983 297.983 297.983 297.983 )
923.089: I:0 (   0.000   0.000   0.000 ) T:81 (   1.101   2.149 297.983 297.983 297.983 297.983 )
933.090: I:1 (   0.409   0.409   0.409 ) T:82 (   1.090   2.149 297.983 297.983 297.983 297.983 )
943.089: I:0 (   0.000   0.000   0.000 ) T:82 (   1.090   2.149 297.983 297.983 297.983 297.983 )
953.089: I:0 (   0.000   0.000   0.000 ) T:82 (   1.090   2.149 297.983 297.983 297.983 297.983 )
963.089: I:0 (   0.000   0.000   0.000 ) T:82 (   1.090   2.149 297.983 297.983 297.983 297.983 )
973.089: I:0 (   0.000   0.000   0.000 ) T:82 (   1.090   2.149 297.983 297.983 297.983 297.983 )
983.089: I:0 (   0.000   0.000   0.000 ) T:82 (   1.090   2.149 297.983 297.983 297.983 297.983 )
993.089: I:1 (   0.814   0.814   0.814 ) T:83 (   1.090   2.149 297.983 297.983 297.983 297.983 )
1003.089: I:0 (   0.000   0.000   0.000 ) T:83 (   1.090   2.149 297.983 297.983 297.983 297.983 )
1013.089: I:1 (   0.706   0.706   0.706 ) T:84 (   1.083   2.149 297.983 297.983 297.983 297.983 )
1023.089: I:0 (   0.000   0.000   0.000 ) T:84 (   1.083   2.149 297.983 297.983 297.983 297.983 )
1033.089: I:0 (   0.000   0.000   0.000 ) T:84 (   1.083   2.149 297.983 297.983 297.983 297.983 )
1043.089: I:0 (   0.000   0.000   0.000 ) T:84 (   1.083   2.149 297.983 297.983 297.983 297.983 )
1053.089: I:0 (   0.000   0.000   0.000 ) T:84 (   1.083   2.149 297.983 297.983 297.983 297.983 )
1063.089: I:1 (   0.587   0.587   0.587 ) T:85 (   1.083   2.149 297.983 297.983 297.983 297.983 )
1073.090: I:0 (   0.000   0.000   0.000 ) T:85 (   1.083   2.149 297.983 297.983 297.983 297.983 )
1083.088: I:0 (   0.000   0.000   0.000 ) T:85 (   1.083   2.149 297.983 297.983 297.983 297.983 )
1093.089: I:0 (   0.000   0.000   0.000 ) T:85 (   1.083   2.149 297.983 297.983 297.983 297.983 )
1103.089: I:1 ( 227.967 227.967 227.967 ) T:86 (   1.083   3.407 297.983 297.983 297.983 297.983 )
1113.089: I:1 (   0.180   0.180   0.180 ) T:87 (   1.083   3.407 297.983 297.983 297.983 297.983 )
1123.088: I:0 (   0.000   0.000   0.000 ) T:87 (   1.083   3.407 297.983 297.983 297.983 297.983 )
1133.089: I:2 (   0.778 147.199 147.199 ) T:89 (   1.083 147.199 297.983 297.983 297.983 297.983 )
1143.089: I:0 (   0.000   0.000   0.000 ) T:89 (   1.083 147.199 297.983 297.983 297.983 297.983 )
1153.088: I:1 (   0.671   0.671   0.671 ) T:90 (   1.077   3.407 297.983 297.983 297.983 297.983 )
1163.089: I:1 (   0.616   0.616   0.616 ) T:91 (   1.077   3.407 297.983 297.983 297.983 297.983 )
1173.089: I:0 (   0.000   0.000   0.000 ) T:91 (   1.077   3.407 297.983 297.983 297.983 297.983 )
1183.088: I:0 (   0.000   0.000   0.000 ) T:91 (   1.077   3.407 297.983 297.983 297.983 297.983 )
1193.089: I:2 (   0.176   0.690   0.690 ) T:93 (   1.062   3.407 297.983 297.983 297.983 297.983 )
1203.089: I:0 (   0.000   0.000   0.000 ) T:93 (   1.062   3.407 297.983 297.983 297.983 297.983 )
1213.089: I:0 (   0.000   0.000   0.000 ) T:93 (   1.062   3.407 297.983 297.983 297.983 297.983 )
1223.089: I:1 (   0.733   0.733   0.733 ) T:94 (   1.056   3.407 297.983 297.983 297.983 297.983 )
1233.089: I:0 (   0.000   0.000   0.000 ) T:94 (   1.056   3.407 297.983 297.983 297.983 297.983 )
1243.089: I:2 (   0.364   0.800   0.800 ) T:96 (   1.014   3.407 297.983 297.983 297.983 297.983 )
1253.090: I:0 (   0.000   0.000   0.000 ) T:96 (   1.014   3.407 297.983 297.983 297.983 297.983 )
1263.089: I:0 (   0.000   0.000   0.000 ) T:96 (   1.014   3.407 297.983 297.983 297.983 297.983 )
1273.089: I:2 (   0.613   0.630   0.630 ) T:98 (   1.009   3.407 297.983 297.983 297.983 297.983 )
1283.089: I:1 (   0.575   0.575   0.575 ) T:99 (   1.009   3.407 297.983 297.983 297.983 297.983 )
1293.089: I:0 (   0.000   0.000   0.000 ) T:99 (   1.009   3.407 297.983 297.983 297.983 297.983 )
1303.089: I:1 (   0.685   0.685   0.685 ) T:100 (   0.982   2.149 281.855 297.983 297.983 297.983 )
1313.089: I:0 (   0.000   0.000   0.000 ) T:100 (   0.982   2.149 281.855 297.983 297.983 297.983 )
1323.089: I:0 (   0.000   0.000   0.000 ) T:100 (   0.982   2.149 281.855 297.983 297.983 297.983 )
1333.089: I:1 (   0.608   0.608   0.608 ) T:101 (   0.982   2.149 281.855 297.983 297.983 297.983 )
1343.088: I:1 ( 402.175 402.175 402.175 ) T:102 (   0.982   3.407 297.983 402.175 402.175 402.175 )
1353.089: I:1 (   0.654   0.654   0.654 ) T:103 (   0.982   3.407 297.983 402.175 402.175 402.175 )
1363.089: I:0 (   0.000   0.000   0.000 ) T:103 (   0.982   3.407 297.983 402.175 402.175 402.175 )
1373.088: I:3 (   0.591 263.935 263.935 ) T:106 (   0.961 147.199 297.983 402.175 402.175 402.175 )
1383.089: I:0 (   0.000   0.000   0.000 ) T:106 (   0.961 147.199 297.983 402.175 402.175 402.175 )
1393.089: I:0 (   0.000   0.000   0.000 ) T:106 (   0.961 147.199 297.983 402.175 402.175 402.175 )
1403.089: I:2 (   0.611   0.640   0.640 ) T:108 (   0.951 147.199 297.983 402.175 402.175 402.175 )
1413.089: I:0 (   0.000   0.000   0.000 ) T:108 (   0.951 147.199 297.983 402.175 402.175 402.175 )
1423.089: I:4 (   0.553 166.655 166.655 ) T:112 (   0.944 147.199 297.983 402.175 402.175 402.175 )
1433.089: I:2 (   0.597   0.623   0.623 ) T:114 (   0.921 147.199 297.983 402.175 402.175 402.175 )
1443.089: I:1 (   0.645   0.645   0.645 ) T:115 (   0.921 147.199 297.983 402.175 402.175 402.175 )
1453.089: I:2 (   0.133   0.331   0.331 ) T:117 (   0.908 147.199 297.983 402.175 402.175 402.175 )
1463.089: I:1 (   0.499   0.499   0.499 ) T:118 (   0.900 147.199 297.983 402.175 402.175 402.175 )
1473.092: I:1 ( 211.455 211.455 211.455 ) T:119 (   0.908 158.719 297.983 402.175 402.175 402.175 )
1483.089: I:1 (   0.725   0.725   0.725 ) T:120 (   0.900 147.199 297.983 402.175 402.175 402.175 )
1493.089: I:2 (   0.534   0.640   0.640 ) T:122 (   0.889 147.199 297.983 402.175 402.175 402.175 )
1503.089: I:0 (   0.000   0.000   0.000 ) T:122 (   0.889 147.199 297.983 402.175 402.175 402.175 )
1513.089: I:0 (   0.000   0.000   0.000 ) T:122 (   0.889 147.199 297.983 402.175 402.175 402.175 )
1523.088: I:0 (   0.000   0.000   0.000 ) T:122 (   0.889 147.199 297.983 402.175 402.175 402.175 )
1533.089: I:0 (   0.000   0.000   0.000 ) T:122 (   0.889 147.199 297.983 402.175 402.175 402.175 )
1543.089: I:1 (   0.640   0.640   0.640 ) T:123 (   0.889 147.199 297.983 402.175 402.175 402.175 )
1553.088: I:2 (   0.540   0.598   0.598 ) T:125 (   0.887 147.199 297.983 402.175 402.175 402.175 )
1563.088: I:1 (   0.579   0.579   0.579 ) T:126 (   0.878 147.199 297.983 402.175 402.175 402.175 )
1573.089: I:1 (   0.660   0.660   0.660 ) T:127 (   0.878 147.199 297.983 402.175 402.175 402.175 )
1583.089: I:2 (   0.612   0.820   0.820 ) T:129 (   0.871 147.199 297.983 402.175 402.175 402.175 )
1593.089: I:2 (   0.325   0.512   0.512 ) T:131 (   0.858   3.407 297.983 402.175 402.175 402.175 )
1603.088: I:0 (   0.000   0.000   0.000 ) T:131 (   0.858   3.407 297.983 402.175 402.175 402.175 )
1613.088: I:1 (   0.313   0.313   0.313 ) T:132 (   0.820   3.407 297.983 402.175 402.175 402.175 )
1623.089: I:1 (   0.634   0.634   0.634 ) T:133 (   0.820   3.407 297.983 402.175 402.175 402.175 )
1633.088: I:2 (   0.610 115.775 115.775 ) T:135 (   0.820 115.775 297.983 402.175 402.175 402.175 )
1643.089: I:0 (   0.000   0.000   0.000 ) T:135 (   0.820 115.775 297.983 402.175 402.175 402.175 )
1653.089: I:0 (   0.000   0.000   0.000 ) T:135 (   0.820 115.775 297.983 402.175 402.175 402.175 )
1663.088: I:2 (   0.578   0.638   0.638 ) T:137 (   0.820 115.775 297.983 402.175 402.175 402.175 )
1673.089: I:3 (   0.639   0.645   0.645 ) T:140 (   0.814   3.407 297.983 402.175 402.175 402.175 )
1683.088: I:3 (   0.628   0.682   0.682 ) T:143 (   0.809   3.407 297.983 402.175 402.175 402.175 )
1693.089: I:0 (   0.000   0.000   0.000 ) T:143 (   0.809   3.407 297.983 402.175 402.175 402.175 )
1703.090: I:0 (   0.000   0.000   0.000 ) T:143 (   0.809   3.407 297.983 402.175 402.175 402.175 )
1713.089: I:2 (   0.547   0.721   0.721 ) T:145 (   0.806   3.407 297.983 402.175 402.175 402.175 )
1723.089: I:1 (   0.597   0.597   0.597 ) T:146 (   0.805   3.407 297.983 402.175 402.175 402.175 )
1733.089: I:0 (   0.000   0.000   0.000 ) T:146 (   0.805   3.407 297.983 402.175 402.175 402.175 )
1743.089: I:0 (   0.000   0.000   0.000 ) T:146 (   0.805   3.407 297.983 402.175 402.175 402.175 )
1753.088: I:1 (   0.564   0.564   0.564 ) T:147 (   0.805   3.407 297.983 402.175 402.175 402.175 )
1763.089: I:1 (   0.612   0.612   0.612 ) T:148 (   0.800   3.407 297.983 402.175 402.175 402.175 )
1773.088: I:0 (   0.000   0.000   0.000 ) T:148 (   0.800   3.407 297.983 402.175 402.175 402.175 )
1783.089: I:2 (   0.644   0.798   0.798 ) T:150 (   0.799   2.149 297.983 402.175 402.175 402.175 )
1793.089: I:0 (   0.000   0.000   0.000 ) T:150 (   0.799   2.149 297.983 402.175 402.175 402.175 )
1803.089: I:0 (   0.000   0.000   0.000 ) T:150 (   0.799   2.149 297.983 402.175 402.175 402.175 )
1813.089: I:0 (   0.000   0.000   0.000 ) T:150 (   0.799   2.149 297.983 402.175 402.175 402.175 )
1823.089: I:0 (   0.000   0.000   0.000 ) T:150 (   0.799   2.149 297.983 402.175 402.175 402.175 )
1833.089: I:0 (   0.000   0.000   0.000 ) T:150 (   0.799   2.149 297.983 402.175 402.175 402.175 )
1843.088: I:1 (   0.712   0.712   0.712 ) T:151 (   0.799   2.149 297.983 402.175 402.175 402.175 )
1853.089: I:0 (   0.000   0.000   0.000 ) T:151 (   0.799   2.149 297.983 402.175 402.175 402.175 )
1863.089: I:1 (   0.637   0.637   0.637 ) T:152 (   0.798   2.149 297.983 402.175 402.175 402.175 )
1873.089: I:2 (   0.651   0.688   0.688 ) T:154 (   0.778   2.149 297.983 402.175 402.175 402.175 )
1883.089: I:0 (   0.000   0.000   0.000 ) T:154 (   0.778   2.149 297.983 402.175 402.175 402.175 )
1893.089: I:1 (   0.717   0.717   0.717 ) T:155 (   0.778   2.149 297.983 402.175 402.175 402.175 )
1903.089: I:1 (   0.666   0.666   0.666 ) T:156 (   0.776   2.149 297.983 402.175 402.175 402.175 )
1913.089: I:1 (   0.651   0.651   0.651 ) T:157 (   0.776   2.149 297.983 402.175 402.175 402.175 )
1923.089: I:0 (   0.000   0.000   0.000 ) T:157 (   0.776   2.149 297.983 402.175 402.175 402.175 )
1933.089: I:0 (   0.000   0.000   0.000 ) T:157 (   0.776   2.149 297.983 402.175 402.175 402.175 )
1943.089: I:0 (   0.000   0.000   0.000 ) T:157 (   0.776   2.149 297.983 402.175 402.175 402.175 )
1953.089: I:0 (   0.000   0.000   0.000 ) T:157 (   0.776   2.149 297.983 402.175 402.175 402.175 )
1963.089: I:0 (   0.000   0.000   0.000 ) T:157 (   0.776   2.149 297.983 402.175 402.175 402.175 )
1973.089: I:1 (   0.567   0.567   0.567 ) T:158 (   0.769   2.149 297.983 402.175 402.175 402.175 )
1983.089: I:1 (   0.573   0.573   0.573 ) T:159 (   0.769   2.149 297.983 402.175 402.175 402.175 )
1993.089: I:0 (   0.000   0.000   0.000 ) T:159 (   0.769   2.149 297.983 402.175 402.175 402.175 )
2003.089: I:0 (   0.000   0.000   0.000 ) T:159 (   0.769   2.149 297.983 402.175 402.175 402.175 )
2013.089: I:0 (   0.000   0.000   0.000 ) T:159 (   0.769   2.149 297.983 402.175 402.175 402.175 )
2023.089: I:0 (   0.000   0.000   0.000 ) T:159 (   0.769   2.149 297.983 402.175 402.175 402.175 )
2033.089: I:2 (   0.657   0.819   0.819 ) T:161 (   0.769   1.910 297.983 402.175 402.175 402.175 )
2043.089: I:2 (   0.271   0.635   0.635 ) T:163 (   0.762   1.910 297.983 402.175 402.175 402.175 )
2053.089: I:1 ( 256.639 256.639 256.639 ) T:164 (   0.762   2.149 297.983 402.175 402.175 402.175 )
2063.089: I:0 (   0.000   0.000   0.000 ) T:164 (   0.762   2.149 297.983 402.175 402.175 402.175 )
2073.089: I:1 (   0.525   0.525   0.525 ) T:165 (   0.762   2.149 297.983 402.175 402.175 402.175 )
2083.089: I:3 (   0.528   0.559   0.559 ) T:168 (   0.735   2.149 297.983 402.175 402.175 402.175 )
2093.089: I:1 (   0.552   0.552   0.552 ) T:169 (   0.735   2.149 297.983 402.175 402.175 402.175 )
2103.089: I:0 (   0.000   0.000   0.000 ) T:169 (   0.735   2.149 297.983 402.175 402.175 402.175 )
2113.089: I:1 (   0.503   0.503   0.503 ) T:170 (   0.733   1.910 297.983 402.175 402.175 402.175 )
2123.089: I:0 (   0.000   0.000   0.000 ) T:170 (   0.733   1.910 297.983 402.175 402.175 402.175 )
2133.089: I:0 (   0.000   0.000   0.000 ) T:170 (   0.733   1.910 297.983 402.175 402.175 402.175 )
2143.089: I:1 (   0.680   0.680   0.680 ) T:171 (   0.733   1.910 297.983 402.175 402.175 402.175 )
2153.089: I:2 (   0.551   0.609   0.609 ) T:173 (   0.725   1.910 297.983 402.175 402.175 402.175 )
2163.089: I:0 (   0.000   0.000   0.000 ) T:173 (   0.725   1.910 297.983 402.175 402.175 402.175 )
2173.089: I:1 (   0.617   0.617   0.617 ) T:174 (   0.721   1.910 297.983 402.175 402.175 402.175 )
2183.088: I:3 (   0.596   0.631   0.631 ) T:177 (   0.717   1.910 297.983 402.175 402.175 402.175 )
2193.089: I:1 (   0.611   0.611   0.611 ) T:178 (   0.713   1.910 297.983 402.175 402.175 402.175 )
2203.088: I:0 (   0.000   0.000   0.000 ) T:178 (   0.713   1.910 297.983 402.175 402.175 402.175 )
2213.089: I:2 (   0.597 391.167 391.167 ) T:180 (   0.713   1.910 391.167 402.175 402.175 402.175 )
2223.088: I:2 (   0.620 316.415 316.415 ) T:182 (   0.713   2.149 391.167 402.175 402.175 402.175 )
2233.089: I:0 (   0.000   0.000   0.000 ) T:182 (   0.713   2.149 391.167 402.175 402.175 402.175 )
2243.088: I:0 (   0.000   0.000   0.000 ) T:182 (   0.713   2.149 391.167 402.175 402.175 402.175 )
2253.088: I:0 (   0.000   0.000   0.000 ) T:182 (   0.713   2.149 391.167 402.175 402.175 402.175 )
2263.089: I:0 (   0.000   0.000   0.000 ) T:182 (   0.713   2.149 391.167 402.175 402.175 402.175 )
2273.090: I:0 (   0.000   0.000   0.000 ) T:182 (   0.713   2.149 391.167 402.175 402.175 402.175 )
2283.089: I:0 (   0.000   0.000   0.000 ) T:182 (   0.713   2.149 391.167 402.175 402.175 402.175 )
2293.089: I:0 (   0.000   0.000   0.000 ) T:182 (   0.713   2.149 391.167 402.175 402.175 402.175 )
2303.089: I:1 (   0.295   0.295   0.295 ) T:183 (   0.713   2.149 391.167 402.175 402.175 402.175 )
2313.089: I:0 (   0.000   0.000   0.000 ) T:183 (   0.713   2.149 391.167 402.175 402.175 402.175 )
2323.089: I:1 (   0.512   0.512   0.512 ) T:184 (   0.712   2.149 391.167 402.175 402.175 402.175 )
2333.089: I:0 (   0.000   0.000   0.000 ) T:184 (   0.712   2.149 391.167 402.175 402.175 402.175 )
2343.089: I:0 (   0.000   0.000   0.000 ) T:184 (   0.712   2.149 391.167 402.175 402.175 402.175 )
2353.089: I:0 (   0.000   0.000   0.000 ) T:184 (   0.712   2.149 391.167 402.175 402.175 402.175 )
2363.089: I:1 (   0.286   0.286   0.286 ) T:185 (   0.712   2.149 391.167 402.175 402.175 402.175 )
2373.088: I:3 (   0.473   0.504   0.504 ) T:188 (   0.700   2.149 391.167 402.175 402.175 402.175 )
2383.089: I:1 (   0.578   0.578   0.578 ) T:189 (   0.700   2.149 391.167 402.175 402.175 402.175 )
2393.089: I:0 (   0.000   0.000   0.000 ) T:189 (   0.700   2.149 391.167 402.175 402.175 402.175 )
2403.089: I:1 (   0.517   0.517   0.517 ) T:190 (   0.697   1.910 391.167 402.175 402.175 402.175 )
2413.089: I:2 (   0.321   0.597   0.597 ) T:192 (   0.690   1.910 391.167 402.175 402.175 402.175 )
2423.089: I:1 (   0.515   0.515   0.515 ) T:193 (   0.690   1.910 391.167 402.175 402.175 402.175 )
2433.089: I:0 (   0.000   0.000   0.000 ) T:193 (   0.690   1.910 391.167 402.175 402.175 402.175 )
2443.089: I:0 (   0.000   0.000   0.000 ) T:193 (   0.690   1.910 391.167 402.175 402.175 402.175 )
2453.088: I:0 (   0.000   0.000   0.000 ) T:193 (   0.690   1.910 391.167 402.175 402.175 402.175 )
2463.089: I:0 (   0.000   0.000   0.000 ) T:193 (   0.690   1.910 391.167 402.175 402.175 402.175 )
2473.089: I:0 (   0.000   0.000   0.000 ) T:193 (   0.690   1.910 391.167 402.175 402.175 402.175 )
2483.089: I:2 (   0.581   0.634   0.634 ) T:195 (   0.688   1.910 391.167 402.175 402.175 402.175 )
2493.089: I:0 (   0.000   0.000   0.000 ) T:195 (   0.688   1.910 391.167 402.175 402.175 402.175 )
2503.088: I:1 (   0.553   0.553   0.553 ) T:196 (   0.685   1.910 391.167 402.175 402.175 402.175 )
2513.089: I:1 (   0.553   0.553   0.553 ) T:197 (   0.685   1.910 391.167 402.175 402.175 402.175 )
2523.089: I:1 (   0.620   0.620   0.620 ) T:198 (   0.682   1.910 391.167 402.175 402.175 402.175 )
2533.090: I:1 ( 231.935 231.935 231.935 ) T:199 (   0.685   2.149 391.167 402.175 402.175 402.175 )
2543.090: I:1 (   0.609   0.609   0.609 ) T:200 (   0.682   1.910 316.415 402.175 402.175 402.175 )
2553.089: I:0 (   0.000   0.000   0.000 ) T:200 (   0.682   1.910 316.415 402.175 402.175 402.175 )
2563.089: I:0 (   0.000   0.000   0.000 ) T:200 (   0.682   1.910 316.415 402.175 402.175 402.175 )
2573.089: I:1 (   0.663   0.663   0.663 ) T:201 (   0.682   1.910 316.415 402.175 402.175 402.175 )
2583.089: I:2 (   0.521 212.991 212.991 ) T:203 (   0.682   2.149 316.415 402.175 402.175 402.175 )
2593.089: I:0 (   0.000   0.000   0.000 ) T:203 (   0.682   2.149 316.415 402.175 402.175 402.175 )
2603.089: I:0 (   0.000   0.000   0.000 ) T:203 (   0.682   2.149 316.415 402.175 402.175 402.175 )
2613.089: I:1 (   0.596   0.596   0.596 ) T:204 (   0.680   2.149 316.415 402.175 402.175 402.175 )
2623.089: I:1 (   0.604   0.604   0.604 ) T:205 (   0.680   2.149 316.415 402.175 402.175 402.175 )
2633.089: I:0 (   0.000   0.000   0.000 ) T:205 (   0.680   2.149 316.415 402.175 402.175 402.175 )
2643.089: I:0 (   0.000   0.000   0.000 ) T:205 (   0.680   2.149 316.415 402.175 402.175 402.175 )
2653.088: I:0 (   0.000   0.000   0.000 ) T:205 (   0.680   2.149 316.415 402.175 402.175 402.175 )
2663.088: I:0 (   0.000   0.000   0.000 ) T:205 (   0.680   2.149 316.415 402.175 402.175 402.175 )
2673.089: I:0 (   0.000   0.000   0.000 ) T:205 (   0.680   2.149 316.415 402.175 402.175 402.175 )
2683.089: I:0 (   0.000   0.000   0.000 ) T:205 (   0.680   2.149 316.415 402.175 402.175 402.175 )
2693.088: I:1 (   0.549   0.549   0.549 ) T:206 (   0.671   2.149 316.415 402.175 402.175 402.175 )
2703.089: I:2 (   0.537   0.563   0.563 ) T:208 (   0.671   2.149 316.415 402.175 402.175 402.175 )
2713.089: I:2 (   0.262   0.505   0.505 ) T:210 (   0.666   1.910 316.415 402.175 402.175 402.175 )
2723.089: I:1 (   0.290   0.290   0.290 ) T:211 (   0.666   1.910 316.415 402.175 402.175 402.175 )
2733.089: I:0 (   0.000   0.000   0.000 ) T:211 (   0.666   1.910 316.415 402.175 402.175 402.175 )
2743.089: I:1 (   0.589   0.589   0.589 ) T:212 (   0.663   1.910 316.415 402.175 402.175 402.175 )
2753.089: I:0 (   0.000   0.000   0.000 ) T:212 (   0.663   1.910 316.415 402.175 402.175 402.175 )
2763.089: I:0 (   0.000   0.000   0.000 ) T:212 (   0.663   1.910 316.415 402.175 402.175 402.175 )
2773.089: I:0 (   0.000   0.000   0.000 ) T:212 (   0.663   1.910 316.415 402.175 402.175 402.175 )
2783.088: I:0 (   0.000   0.000   0.000 ) T:212 (   0.663   1.910 316.415 402.175 402.175 402.175 )
2793.089: I:2 (   0.292   0.644   0.644 ) T:214 (   0.660   1.910 316.415 402.175 402.175 402.175 )
2803.089: I:0 (   0.000   0.000   0.000 ) T:214 (   0.660   1.910 316.415 402.175 402.175 402.175 )
2813.089: I:2 (   0.438   0.512   0.512 ) T:216 (   0.657   1.910 316.415 402.175 402.175 402.175 )
2823.088: I:0 (   0.000   0.000   0.000 ) T:216 (   0.657   1.910 316.415 402.175 402.175 402.175 )
2833.088: I:1 (   0.502   0.502   0.502 ) T:217 (   0.657   1.910 316.415 402.175 402.175 402.175 )
2843.089: I:1 (   0.591   0.591   0.591 ) T:218 (   0.654   1.910 316.415 402.175 402.175 402.175 )
2853.089: I:0 (   0.000   0.000   0.000 ) T:218 (   0.654   1.910 316.415 402.175 402.175 402.175 )
2863.089: I:0 (   0.000   0.000   0.000 ) T:218 (   0.654   1.910 316.415 402.175 402.175 402.175 )
2873.088: I:0 (   0.000   0.000   0.000 ) T:218 (   0.654   1.910 316.415 402.175 402.175 402.175 )
2883.089: I:0 (   0.000   0.000   0.000 ) T:218 (   0.654   1.910 316.415 402.175 402.175 402.175 )
2893.089: I:0 (   0.000   0.000   0.000 ) T:218 (   0.654   1.910 316.415 402.175 402.175 402.175 )
2903.089: I:0 (   0.000   0.000   0.000 ) T:218 (   0.654   1.910 316.415 402.175 402.175 402.175 )
2913.089: I:0 (   0.000   0.000   0.000 ) T:218 (   0.654   1.910 316.415 402.175 402.175 402.175 )
2923.089: I:1 (   0.276   0.276   0.276 ) T:219 (   0.654   1.910 316.415 402.175 402.175 402.175 )
2933.089: I:1 (   0.518   0.518   0.518 ) T:220 (   0.651   1.865 316.415 402.175 402.175 402.175 )
2943.089: I:1 (   0.573   0.573   0.573 ) T:221 (   0.651   1.865 316.415 402.175 402.175 402.175 )
2953.089: I:2 (   0.559   0.573   0.573 ) T:223 (   0.651   1.865 316.415 402.175 402.175 402.175 )
2963.089: I:1 (   0.453   0.453   0.453 ) T:224 (   0.651   1.865 316.415 402.175 402.175 402.175 )
2973.088: I:1 (   0.583   0.583   0.583 ) T:225 (   0.651   1.865 316.415 402.175 402.175 402.175 )
2983.089: I:1 (   0.542   0.542   0.542 ) T:226 (   0.645   1.865 316.415 402.175 402.175 402.175 )
2993.089: I:1 (   0.579   0.579   0.579 ) T:227 (   0.645   1.865 316.415 402.175 402.175 402.175 )
3003.089: I:1 (   0.486   0.486   0.486 ) T:228 (   0.645   1.865 316.415 402.175 402.175 402.175 )
3013.089: I:0 (   0.000   0.000   0.000 ) T:228 (   0.645   1.865 316.415 402.175 402.175 402.175 )
3023.089: I:0 (   0.000   0.000   0.000 ) T:228 (   0.645   1.865 316.415 402.175 402.175 402.175 )
3033.089: I:1 (   0.582   0.582   0.582 ) T:229 (   0.645   1.865 316.415 402.175 402.175 402.175 )
3043.089: I:0 (   0.000   0.000   0.000 ) T:229 (   0.645   1.865 316.415 402.175 402.175 402.175 )
3053.089: I:1 (   0.648   0.648   0.648 ) T:230 (   0.645   1.804 316.415 402.175 402.175 402.175 )
3063.089: I:2 (   0.550 202.495 202.495 ) T:232 (   0.645   1.865 316.415 402.175 402.175 402.175 )
3073.089: I:0 (   0.000   0.000   0.000 ) T:232 (   0.645   1.865 316.415 402.175 402.175 402.175 )
3083.089: I:0 (   0.000   0.000   0.000 ) T:232 (   0.645   1.865 316.415 402.175 402.175 402.175 )
3093.089: I:3 (   0.532   0.559   0.559 ) T:235 (   0.644   1.865 316.415 402.175 402.175 402.175 )
3103.089: I:1 (   0.554   0.554   0.554 ) T:236 (   0.644   1.865 316.415 402.175 402.175 402.175 )
3113.089: I:0 (   0.000   0.000   0.000 ) T:236 (   0.644   1.865 316.415 402.175 402.175 402.175 )
3123.089: I:1 (   0.569   0.569   0.569 ) T:237 (   0.644   1.865 316.415 402.175 402.175 402.175 )
3133.089: I:1 (   0.557   0.557   0.557 ) T:238 (   0.640   1.865 316.415 402.175 402.175 402.175 )
3143.089: I:0 (   0.000   0.000   0.000 ) T:238 (   0.640   1.865 316.415 402.175 402.175 402.175 )
3153.088: I:2 (   0.332   0.542   0.542 ) T:240 (   0.640   1.804 316.415 402.175 402.175 402.175 )
3163.088: I:0 (   0.000   0.000   0.000 ) T:240 (   0.640   1.804 316.415 402.175 402.175 402.175 )
3173.089: I:4 (   0.457   0.535   0.535 ) T:244 (   0.639   1.804 316.415 402.175 402.175 402.175 )
3183.089: I:0 (   0.000   0.000   0.000 ) T:244 (   0.639   1.804 316.415 402.175 402.175 402.175 )
3193.089: I:1 (   0.605   0.605   0.605 ) T:245 (   0.639   1.804 316.415 402.175 402.175 402.175 )
3203.089: I:2 (   0.154   0.383   0.383 ) T:247 (   0.638   1.804 316.415 402.175 402.175 402.175 )
3213.089: I:0 (   0.000   0.000   0.000 ) T:247 (   0.638   1.804 316.415 402.175 402.175 402.175 )
3223.089: I:0 (   0.000   0.000   0.000 ) T:247 (   0.638   1.804 316.415 402.175 402.175 402.175 )
3233.089: I:2 (   0.200 135.807 135.807 ) T:249 (   0.638   1.865 316.415 402.175 402.175 402.175 )
3243.088: I:0 (   0.000   0.000   0.000 ) T:249 (   0.638   1.865 316.415 402.175 402.175 402.175 )
3253.089: I:0 (   0.000   0.000   0.000 ) T:249 (   0.638   1.865 316.415 402.175 402.175 402.175 )
3263.089: I:1 ( 114.751 114.751 114.751 ) T:250 (   0.638   1.865 316.415 402.175 402.175 402.175 )
3273.089: I:0 (   0.000   0.000   0.000 ) T:250 (   0.638   1.865 316.415 402.175 402.175 402.175 )
3283.089: I:2 (   0.470   0.619   0.619 ) T:252 (   0.637   1.865 316.415 402.175 402.175 402.175 )
3293.091: I:1 ( 256.895 256.895 256.895 ) T:253 (   0.638   1.910 316.415 402.175 402.175 402.175 )
3303.089: I:1 (   0.525   0.525   0.525 ) T:254 (   0.637   1.910 316.415 402.175 402.175 402.175 )
3313.089: I:1 (   0.561   0.561   0.561 ) T:255 (   0.637   1.910 316.415 402.175 402.175 402.175 )
3323.089: I:0 (   0.000   0.000   0.000 ) T:255 (   0.637   1.910 316.415 402.175 402.175 402.175 )
3333.089: I:1 (   0.567   0.567   0.567 ) T:256 (   0.635   1.910 316.415 402.175 402.175 402.175 )
3343.089: I:1 (   0.321   0.321   0.321 ) T:257 (   0.635   1.910 316.415 402.175 402.175 402.175 )
3353.089: I:1 (   0.511   0.511   0.511 ) T:258 (   0.634   1.910 316.415 402.175 402.175 402.175 )
3363.089: I:1 (   0.594   0.594   0.594 ) T:259 (   0.634   1.910 316.415 402.175 402.175 402.175 )
3373.089: I:2 (   0.439   0.539   0.539 ) T:261 (   0.634   1.865 316.415 402.175 402.175 402.175 )
3383.089: I:0 (   0.000   0.000   0.000 ) T:261 (   0.634   1.865 316.415 402.175 402.175 402.175 )
3393.089: I:1 ( 165.503 165.503 165.503 ) T:262 (   0.634   1.910 316.415 402.175 402.175 402.175 )
3403.089: I:0 (   0.000   0.000   0.000 ) T:262 (   0.634   1.910 316.415 402.175 402.175 402.175 )
3413.089: I:0 (   0.000   0.000   0.000 ) T:262 (   0.634   1.910 316.415 402.175 402.175 402.175 )
3423.089: I:0 (   0.000   0.000   0.000 ) T:262 (   0.634   1.910 316.415 402.175 402.175 402.175 )
3433.089: I:0 (   0.000   0.000   0.000 ) T:262 (   0.634   1.910 316.415 402.175 402.175 402.175 )
3443.089: I:1 (   0.534   0.534   0.534 ) T:263 (   0.634   1.910 316.415 402.175 402.175 402.175 )
3453.088: I:2 (   0.403   0.494   0.494 ) T:265 (   0.634   1.910 316.415 402.175 402.175 402.175 )
3455.292: I:0 (   0.000   0.000   0.000 ) T:265 (   0.634   1.910 316.415 402.175 402.175 402.175 )
3455.334: I:0 (   0.000   0.000   0.000 ) T:265 (   0.634   1.910 316.415 402.175 402.175 402.175 )
