#[Interval percentile log between 0.000 and <Infinite> seconds (relative to StartTime)]
#[StartTime: 1524383090.398 (seconds since epoch), Sun Apr 22 09:44:50 CEST 2018]
Time: IntervalPercentiles:count ( 50% 90% Max ) TotalPercentiles:count ( 50% 90% 99% 99.9% 99.99% Max )
9.975: I:1 (   0.000   0.000   0.000 ) T:1 (   0.000   0.000   0.000   0.000   0.000   0.000 )
19.960: I:1 (   0.005   0.005   0.005 ) T:2 (   0.000   0.005   0.005   0.005   0.005   0.005 )
29.959: I:1 (   0.001   0.001   0.001 ) T:3 (   0.001   0.005   0.005   0.005   0.005   0.005 )
39.957: I:1 (   0.001   0.001   0.001 ) T:4 (   0.001   0.005   0.005   0.005   0.005   0.005 )
49.957: I:1 (   0.001   0.001   0.001 ) T:5 (   0.001   0.005   0.005   0.005   0.005   0.005 )
59.956: I:1 (   0.002   0.002   0.002 ) T:6 (   0.001   0.005   0.005   0.005   0.005   0.005 )
69.958: I:1 (   0.001   0.001   0.001 ) T:7 (   0.001   0.005   0.005   0.005   0.005   0.005 )
79.958: I:1 (   0.001   0.001   0.001 ) T:8 (   0.001   0.005   0.005   0.005   0.005   0.005 )
89.958: I:1 (   0.002   0.002   0.002 ) T:9 (   0.001   0.005   0.005   0.005   0.005   0.005 )
99.958: I:1 (   0.001   0.001   0.001 ) T:10 (   0.001   0.002   0.005   0.005   0.005   0.005 )
109.957: I:1 (   0.002   0.002   0.002 ) T:11 (   0.001   0.002   0.005   0.005   0.005   0.005 )
119.956: I:1 (   0.002   0.002   0.002 ) T:12 (   0.001   0.002   0.005   0.005   0.005   0.005 )
129.957: I:1 (   0.001   0.001   0.001 ) T:13 (   0.001   0.002   0.005   0.005   0.005   0.005 )
139.957: I:1 (   0.002   0.002   0.002 ) T:14 (   0.001   0.002   0.005   0.005   0.005   0.005 )
149.956: I:1 (   0.002   0.002   0.002 ) T:15 (   0.001   0.002   0.005   0.005   0.005   0.005 )
159.956: I:1 (   0.004   0.004   0.004 ) T:16 (   0.001   0.004   0.005   0.005   0.005   0.005 )
169.957: I:1 (   0.002   0.002   0.002 ) T:17 (   0.002   0.004   0.005   0.005   0.005   0.005 )
179.958: I:1 (   0.002   0.002   0.002 ) T:18 (   0.002   0.004   0.005   0.005   0.005   0.005 )
189.957: I:1 (   0.003   0.003   0.003 ) T:19 (   0.002   0.004   0.005   0.005   0.005   0.005 )
199.959: I:1 (   0.002   0.002   0.002 ) T:20 (   0.002   0.003   0.005   0.005   0.005   0.005 )
209.957: I:1 (   0.003   0.003   0.003 ) T:21 (   0.002   0.003   0.005   0.005   0.005   0.005 )
219.957: I:1 (   0.002   0.002   0.002 ) T:22 (   0.002   0.003   0.005   0.005   0.005   0.005 )
229.957: I:1 (   0.003   0.003   0.003 ) T:23 (   0.002   0.003   0.005   0.005   0.005   0.005 )
239.957: I:1 (   0.003   0.003   0.003 ) T:24 (   0.002   0.003   0.005   0.005   0.005   0.005 )
249.957: I:1 (   0.003   0.003   0.003 ) T:25 (   0.002   0.003   0.005   0.005   0.005   0.005 )
259.957: I:1 (   0.003   0.003   0.003 ) T:26 (   0.002   0.003   0.005   0.005   0.005   0.005 )
269.956: I:1 (   0.003   0.003   0.003 ) T:27 (   0.002   0.003   0.005   0.005   0.005   0.005 )
279.956: I:1 (   0.004   0.004   0.004 ) T:28 (   0.002   0.004   0.005   0.005   0.005   0.005 )
289.956: I:1 (   0.003   0.003   0.003 ) T:29 (   0.002   0.004   0.005   0.005   0.005   0.005 )
299.957: I:1 (   0.003   0.003   0.003 ) T:30 (   0.002   0.003   0.005   0.005   0.005   0.005 )
309.957: I:1 (   0.002   0.002   0.002 ) T:31 (   0.002   0.003   0.005   0.005   0.005   0.005 )
319.957: I:1 (   0.004   0.004   0.004 ) T:32 (   0.002   0.004   0.005   0.005   0.005   0.005 )
329.957: I:1 (   0.004   0.004   0.004 ) T:33 (   0.002   0.004   0.005   0.005   0.005   0.005 )
339.957: I:1 (   0.005   0.005   0.005 ) T:34 (   0.002   0.004   0.005   0.005   0.005   0.005 )
349.956: I:1 (   0.005   0.005   0.005 ) T:35 (   0.002   0.004   0.005   0.005   0.005   0.005 )
359.956: I:1 (   0.005   0.005   0.005 ) T:36 (   0.002   0.005   0.005   0.005   0.005   0.005 )
369.957: I:1 (   0.005   0.005   0.005 ) T:37 (   0.002   0.005   0.005   0.005   0.005   0.005 )
379.957: I:1 (   0.005   0.005   0.005 ) T:38 (   0.002   0.005   0.005   0.005   0.005   0.005 )
389.956: I:1 (   0.005   0.005   0.005 ) T:39 (   0.003   0.005   0.005   0.005   0.005   0.005 )
399.957: I:1 (   0.005   0.005   0.005 ) T:40 (   0.003   0.005   0.005   0.005   0.005   0.005 )
409.957: I:1 (   0.006   0.006   0.006 ) T:41 (   0.003   0.005   0.006   0.006   0.006   0.006 )
420.005: I:1 (   0.005   0.005   0.005 ) T:42 (   0.003   0.005   0.006   0.006   0.006   0.006 )
429.957: I:1 (   0.005   0.005   0.005 ) T:43 (   0.003   0.005   0.006   0.006   0.006   0.006 )
439.957: I:1 (   0.005   0.005   0.005 ) T:44 (   0.003   0.005   0.006   0.006   0.006   0.006 )
449.957: I:1 (   0.005   0.005   0.005 ) T:45 (   0.003   0.005   0.006   0.006   0.006   0.006 )
459.957: I:1 (   0.006   0.006   0.006 ) T:46 (   0.003   0.005   0.006   0.006   0.006   0.006 )
469.957: I:1 (   0.005   0.005   0.005 ) T:47 (   0.003   0.005   0.006   0.006   0.006   0.006 )
479.957: I:1 (   0.006   0.006   0.006 ) T:48 (   0.003   0.005   0.006   0.006   0.006   0.006 )
489.957: I:1 (   0.005   0.005   0.005 ) T:49 (   0.003   0.005   0.006   0.006   0.006   0.006 )
499.958: I:1 (   0.006   0.006   0.006 ) T:50 (   0.003   0.005   0.006   0.006   0.006   0.006 )
509.957: I:1 (   0.005   0.005   0.005 ) T:51 (   0.003   0.005   0.006   0.006   0.006   0.006 )
519.957: I:1 (   0.006   0.006   0.006 ) T:52 (   0.003   0.005   0.006   0.006   0.006   0.006 )
529.957: I:1 (   0.006   0.006   0.006 ) T:53 (   0.003   0.006   0.006   0.006   0.006   0.006 )
539.957: I:1 (   0.006   0.006   0.006 ) T:54 (   0.003   0.006   0.006   0.006   0.006   0.006 )
549.957: I:1 (   0.006   0.006   0.006 ) T:55 (   0.003   0.006   0.006   0.006   0.006   0.006 )
559.957: I:1 (   0.006   0.006   0.006 ) T:56 (   0.003   0.006   0.006   0.006   0.006   0.006 )
569.957: I:1 (   0.006   0.006   0.006 ) T:57 (   0.004   0.006   0.006   0.006   0.006   0.006 )
579.956: I:1 (   0.006   0.006   0.006 ) T:58 (   0.004   0.006   0.006   0.006   0.006   0.006 )
589.957: I:1 (   0.005   0.005   0.005 ) T:59 (   0.004   0.006   0.006   0.006   0.006   0.006 )
599.956: I:1 (   0.007   0.007   0.007 ) T:60 (   0.004   0.006   0.007   0.007   0.007   0.007 )
609.957: I:1 (   0.006   0.006   0.006 ) T:61 (   0.004   0.006   0.007   0.007   0.007   0.007 )
619.957: I:1 (   0.005   0.005   0.005 ) T:62 (   0.004   0.006   0.007   0.007   0.007   0.007 )
629.956: I:1 (   0.007   0.007   0.007 ) T:63 (   0.004   0.006   0.007   0.007   0.007   0.007 )
639.956: I:1 (   0.006   0.006   0.006 ) T:64 (   0.004   0.006   0.007   0.007   0.007   0.007 )
649.957: I:1 (   0.006   0.006   0.006 ) T:65 (   0.005   0.006   0.007   0.007   0.007   0.007 )
659.956: I:1 (   0.006   0.006   0.006 ) T:66 (   0.005   0.006   0.007   0.007   0.007   0.007 )
669.957: I:1 (   0.006   0.006   0.006 ) T:67 (   0.005   0.006   0.007   0.007   0.007   0.007 )
679.957: I:1 (   0.006   0.006   0.006 ) T:68 (   0.005   0.006   0.007   0.007   0.007   0.007 )
689.957: I:1 (   0.007   0.007   0.007 ) T:69 (   0.005   0.006   0.007   0.007   0.007   0.007 )
699.957: I:1 (   0.006   0.006   0.006 ) T:70 (   0.005   0.006   0.007   0.007   0.007   0.007 )
709.956: I:1 (   0.007   0.007   0.007 ) T:71 (   0.005   0.006   0.007   0.007   0.007   0.007 )
719.957: I:1 (   0.006   0.006   0.006 ) T:72 (   0.005   0.006   0.007   0.007   0.007   0.007 )
729.957: I:1 (   0.006   0.006   0.006 ) T:73 (   0.005   0.006   0.007   0.007   0.007   0.007 )
739.957: I:1 (   0.007   0.007   0.007 ) T:74 (   0.005   0.006   0.007   0.007   0.007   0.007 )
749.957: I:1 (   0.006   0.006   0.006 ) T:75 (   0.005   0.006   0.007   0.007   0.007   0.007 )
759.956: I:1 (   0.007   0.007   0.007 ) T:76 (   0.005   0.006   0.007   0.007   0.007   0.007 )
769.957: I:1 (   0.007   0.007   0.007 ) T:77 (   0.005   0.006   0.007   0.007   0.007   0.007 )
779.957: I:1 (   0.006   0.006   0.006 ) T:78 (   0.005   0.006   0.007   0.007   0.007   0.007 )
789.956: I:1 (   0.007   0.007   0.007 ) T:79 (   0.005   0.007   0.007   0.007   0.007   0.007 )
799.957: I:1 (   0.007   0.007   0.007 ) T:80 (   0.005   0.007   0.007   0.007   0.007   0.007 )
809.957: I:1 (   0.007   0.007   0.007 ) T:81 (   0.005   0.007   0.007   0.007   0.007   0.007 )
819.957: I:1 (   0.007   0.007   0.007 ) T:82 (   0.005   0.007   0.007   0.007   0.007   0.007 )
829.957: I:1 (   0.007   0.007   0.007 ) T:83 (   0.005   0.007   0.007   0.007   0.007   0.007 )
839.957: I:1 (   0.008   0.008   0.008 ) T:84 (   0.005   0.007   0.008   0.008   0.008   0.008 )
849.956: I:1 (   0.007   0.007   0.007 ) T:85 (   0.005   0.007   0.008   0.008   0.008   0.008 )
859.957: I:1 (   0.008   0.008   0.008 ) T:86 (   0.005   0.007   0.008   0.008   0.008   0.008 )
869.957: I:1 (   0.007   0.007   0.007 ) T:87 (   0.005   0.007   0.008   0.008   0.008   0.008 )
879.957: I:1 (   0.007   0.007   0.007 ) T:88 (   0.005   0.007   0.008   0.008   0.008   0.008 )
889.957: I:1 (   0.007   0.007   0.007 ) T:89 (   0.005   0.007   0.008   0.008   0.008   0.008 )
899.957: I:1 (   0.008   0.008   0.008 ) T:90 (   0.005   0.007   0.008   0.008   0.008   0.008 )
909.957: I:1 (   0.007   0.007   0.007 ) T:91 (   0.005   0.007   0.008   0.008   0.008   0.008 )
919.957: I:1 (   0.008   0.008   0.008 ) T:92 (   0.005   0.007   0.008   0.008   0.008   0.008 )
929.956: I:1 (   0.008   0.008   0.008 ) T:93 (   0.005   0.007   0.008   0.008   0.008   0.008 )
939.957: I:1 (   0.008   0.008   0.008 ) T:94 (   0.005   0.007   0.008   0.008   0.008   0.008 )
949.957: I:1 (   0.008   0.008   0.008 ) T:95 (   0.005   0.007   0.008   0.008   0.008   0.008 )
959.957: I:1 (   0.009   0.009   0.009 ) T:96 (   0.005   0.007   0.009   0.009   0.009   0.009 )
969.957: I:1 (   0.008   0.008   0.008 ) T:97 (   0.005   0.007   0.009   0.009   0.009   0.009 )
979.957: I:1 (   0.008   0.008   0.008 ) T:98 (   0.005   0.008   0.009   0.009   0.009   0.009 )
989.957: I:1 (   0.008   0.008   0.008 ) T:99 (   0.006   0.008   0.009   0.009   0.009   0.009 )
999.956: I:1 (   0.008   0.008   0.008 ) T:100 (   0.006   0.008   0.008   0.009   0.009   0.009 )
1009.957: I:1 (   0.009   0.009   0.009 ) T:101 (   0.006   0.008   0.009   0.009   0.009   0.009 )
1019.957: I:1 (   0.008   0.008   0.008 ) T:102 (   0.006   0.008   0.009   0.009   0.009   0.009 )
1029.957: I:1 (   0.008   0.008   0.008 ) T:103 (   0.006   0.008   0.009   0.009   0.009   0.009 )
1039.957: I:1 (   0.009   0.009   0.009 ) T:104 (   0.006   0.008   0.009   0.009   0.009   0.009 )
1049.956: I:1 (   0.008   0.008   0.008 ) T:105 (   0.006   0.008   0.009   0.009   0.009   0.009 )
1059.957: I:1 (   0.009   0.009   0.009 ) T:106 (   0.006   0.008   0.009   0.009   0.009   0.009 )
1069.956: I:1 (   0.010   0.010   0.010 ) T:107 (   0.006   0.008   0.009   0.010   0.010   0.010 )
1079.957: I:1 (   0.009   0.009   0.009 ) T:108 (   0.006   0.008   0.009   0.010   0.010   0.010 )
1089.957: I:1 (   0.009   0.009   0.009 ) T:109 (   0.006   0.008   0.009   0.010   0.010   0.010 )
1099.957: I:1 (   0.010   0.010   0.010 ) T:110 (   0.006   0.008   0.010   0.010   0.010   0.010 )
1109.957: I:1 (   0.010   0.010   0.010 ) T:111 (   0.006   0.008   0.010   0.010   0.010   0.010 )
1119.956: I:1 (   0.009   0.009   0.009 ) T:112 (   0.006   0.008   0.010   0.010   0.010   0.010 )
1129.957: I:1 (   0.010   0.010   0.010 ) T:113 (   0.006   0.008   0.010   0.010   0.010   0.010 )
1139.957: I:1 (   0.010   0.010   0.010 ) T:114 (   0.006   0.009   0.010   0.010   0.010   0.010 )
1149.957: I:1 (   0.011   0.011   0.011 ) T:115 (   0.006   0.009   0.010   0.011   0.011   0.011 )
1159.956: I:1 (   0.009   0.009   0.009 ) T:116 (   0.006   0.009   0.010   0.011   0.011   0.011 )
1169.956: I:1 (   0.010   0.010   0.010 ) T:117 (   0.006   0.009   0.010   0.011   0.011   0.011 )
1179.957: I:1 (   0.010   0.010   0.010 ) T:118 (   0.006   0.009   0.010   0.011   0.011   0.011 )
1189.956: I:1 (   0.011   0.011   0.011 ) T:119 (   0.006   0.009   0.011   0.011   0.011   0.011 )
1199.957: I:1 (   0.011   0.011   0.011 ) T:120 (   0.006   0.009   0.011   0.011   0.011   0.011 )
1209.957: I:1 (   0.011   0.011   0.011 ) T:121 (   0.006   0.009   0.011   0.011   0.011   0.011 )
1219.957: I:1 (   0.011   0.011   0.011 ) T:122 (   0.006   0.009   0.011   0.011   0.011   0.011 )
1229.956: I:1 (   0.010   0.010   0.010 ) T:123 (   0.006   0.010   0.011   0.011   0.011   0.011 )
1239.956: I:1 (   0.012   0.012   0.012 ) T:124 (   0.006   0.010   0.011   0.012   0.012   0.012 )
1249.957: I:1 (   0.012   0.012   0.012 ) T:125 (   0.006   0.010   0.012   0.012   0.012   0.012 )
1259.957: I:1 (   0.011   0.011   0.011 ) T:126 (   0.006   0.010   0.012   0.012   0.012   0.012 )
1269.956: I:1 (   0.013   0.013   0.013 ) T:127 (   0.006   0.010   0.012   0.013   0.013   0.013 )
1279.957: I:1 (   0.012   0.012   0.012 ) T:128 (   0.006   0.010   0.012   0.013   0.013   0.013 )
1289.957: I:1 (   0.012   0.012   0.012 ) T:129 (   0.006   0.010   0.012   0.013   0.013   0.013 )
1299.956: I:1 (   0.013   0.013   0.013 ) T:130 (   0.006   0.010   0.013   0.013   0.013   0.013 )
1309.956: I:1 (   0.007   0.007   0.007 ) T:131 (   0.006   0.010   0.013   0.013   0.013   0.013 )
1319.957: I:1 (   0.013   0.013   0.013 ) T:132 (   0.006   0.010   0.013   0.013   0.013   0.013 )
1329.957: I:1 (   0.012   0.012   0.012 ) T:133 (   0.006   0.011   0.013   0.013   0.013   0.013 )
1339.957: I:1 (   0.011   0.011   0.011 ) T:134 (   0.006   0.011   0.013   0.013   0.013   0.013 )
1349.957: I:1 (   0.012   0.012   0.012 ) T:135 (   0.006   0.011   0.013   0.013   0.013   0.013 )
1359.957: I:1 (   0.012   0.012   0.012 ) T:136 (   0.006   0.011   0.013   0.013   0.013   0.013 )
1369.957: I:1 (   0.012   0.012   0.012 ) T:137 (   0.006   0.011   0.013   0.013   0.013   0.013 )
1379.957: I:1 (   0.012   0.012   0.012 ) T:138 (   0.006   0.011   0.013   0.013   0.013   0.013 )
1389.957: I:1 (   0.011   0.011   0.011 ) T:139 (   0.006   0.011   0.013   0.013   0.013   0.013 )
1399.957: I:1 (   0.011   0.011   0.011 ) T:140 (   0.006   0.011   0.013   0.013   0.013   0.013 )
1409.957: I:1 (   0.012   0.012   0.012 ) T:141 (   0.006   0.011   0.013   0.013   0.013   0.013 )
1419.957: I:1 (   0.010   0.010   0.010 ) T:142 (   0.006   0.011   0.013   0.013   0.013   0.013 )
1429.957: I:1 (   0.010   0.010   0.010 ) T:143 (   0.007   0.011   0.013   0.013   0.013   0.013 )
1439.957: I:1 (   0.011   0.011   0.011 ) T:144 (   0.007   0.011   0.013   0.013   0.013   0.013 )
1449.957: I:1 (   0.011   0.011   0.011 ) T:145 (   0.007   0.011   0.013   0.013   0.013   0.013 )
1459.957: I:1 (   0.011   0.011   0.011 ) T:146 (   0.007   0.011   0.013   0.013   0.013   0.013 )
1469.957: I:1 (   0.007   0.007   0.007 ) T:147 (   0.007   0.011   0.013   0.013   0.013   0.013 )
1479.957: I:1 (   0.003   0.003   0.003 ) T:148 (   0.007   0.011   0.013   0.013   0.013   0.013 )
1489.957: I:1 (   0.004   0.004   0.004 ) T:149 (   0.007   0.011   0.013   0.013   0.013   0.013 )
1499.957: I:1 (   0.003   0.003   0.003 ) T:150 (   0.007   0.011   0.013   0.013   0.013   0.013 )
1509.956: I:1 (   0.003   0.003   0.003 ) T:151 (   0.007   0.011   0.013   0.013   0.013   0.013 )
1519.957: I:1 (   0.006   0.006   0.006 ) T:152 (   0.006   0.011   0.013   0.013   0.013   0.013 )
1529.956: I:1 (   0.013   0.013   0.013 ) T:153 (   0.007   0.011   0.013   0.013   0.013   0.013 )
1539.957: I:1 (   0.013   0.013   0.013 ) T:154 (   0.007   0.011   0.013   0.013   0.013   0.013 )
1549.957: I:1 (   0.013   0.013   0.013 ) T:155 (   0.007   0.012   0.013   0.013   0.013   0.013 )
1559.957: I:1 (   0.013   0.013   0.013 ) T:156 (   0.007   0.012   0.013   0.013   0.013   0.013 )
1569.957: I:1 (   0.012   0.012   0.012 ) T:157 (   0.007   0.012   0.013   0.013   0.013   0.013 )
1579.957: I:1 (   0.011   0.011   0.011 ) T:158 (   0.007   0.012   0.013   0.013   0.013   0.013 )
1589.957: I:1 (   0.011   0.011   0.011 ) T:159 (   0.007   0.012   0.013   0.013   0.013   0.013 )
1599.957: I:1 (   0.010   0.010   0.010 ) T:160 (   0.007   0.012   0.013   0.013   0.013   0.013 )
1609.957: I:1 (   0.012   0.012   0.012 ) T:161 (   0.007   0.012   0.013   0.013   0.013   0.013 )
1619.956: I:1 (   0.013   0.013   0.013 ) T:162 (   0.007   0.012   0.013   0.013   0.013   0.013 )
1629.956: I:1 (   0.012   0.012   0.012 ) T:163 (   0.007   0.012   0.013   0.013   0.013   0.013 )
1639.956: I:1 (   0.011   0.011   0.011 ) T:164 (   0.007   0.012   0.013   0.013   0.013   0.013 )
1649.957: I:1 (   0.012   0.012   0.012 ) T:165 (   0.007   0.012   0.013   0.013   0.013   0.013 )
1659.956: I:1 (   0.013   0.013   0.013 ) T:166 (   0.007   0.012   0.013   0.013   0.013   0.013 )
1669.957: I:1 (   0.012   0.012   0.012 ) T:167 (   0.007   0.012   0.013   0.013   0.013   0.013 )
1679.957: I:1 (   0.013   0.013   0.013 ) T:168 (   0.007   0.012   0.013   0.013   0.013   0.013 )
1689.957: I:1 (   0.012   0.012   0.012 ) T:169 (   0.007   0.012   0.013   0.013   0.013   0.013 )
1699.956: I:1 (   0.012   0.012   0.012 ) T:170 (   0.007   0.012   0.013   0.013   0.013   0.013 )
1709.957: I:1 (   0.012   0.012   0.012 ) T:171 (   0.007   0.012   0.013   0.013   0.013   0.013 )
1719.957: I:1 (   0.011   0.011   0.011 ) T:172 (   0.007   0.012   0.013   0.013   0.013   0.013 )
1729.956: I:1 (   0.012   0.012   0.012 ) T:173 (   0.007   0.012   0.013   0.013   0.013   0.013 )
1739.956: I:1 (   0.012   0.012   0.012 ) T:174 (   0.007   0.012   0.013   0.013   0.013   0.013 )
1749.957: I:1 (   0.012   0.012   0.012 ) T:175 (   0.007   0.012   0.013   0.013   0.013   0.013 )
1759.957: I:1 (   0.012   0.012   0.012 ) T:176 (   0.007   0.012   0.013   0.013   0.013   0.013 )
1769.957: I:1 (   0.013   0.013   0.013 ) T:177 (   0.007   0.012   0.013   0.013   0.013   0.013 )
1779.956: I:1 (   0.012   0.012   0.012 ) T:178 (   0.007   0.012   0.013   0.013   0.013   0.013 )
1789.956: I:1 (   0.012   0.012   0.012 ) T:179 (   0.007   0.012   0.013   0.013   0.013   0.013 )
1799.957: I:1 (   0.013   0.013   0.013 ) T:180 (   0.007   0.012   0.013   0.013   0.013   0.013 )
1809.957: I:1 (   0.013   0.013   0.013 ) T:181 (   0.007   0.012   0.013   0.013   0.013   0.013 )
1819.956: I:1 (   0.015   0.015   0.015 ) T:182 (   0.007   0.012   0.013   0.015   0.015   0.015 )
1829.957: I:1 (   0.012   0.012   0.012 ) T:183 (   0.007   0.012   0.013   0.015   0.015   0.015 )
1839.957: I:1 (   0.012   0.012   0.012 ) T:184 (   0.007   0.012   0.013   0.015   0.015   0.015 )
1849.957: I:1 (   0.013   0.013   0.013 ) T:185 (   0.007   0.012   0.013   0.015   0.015   0.015 )
1859.957: I:1 (   0.013   0.013   0.013 ) T:186 (   0.007   0.012   0.013   0.015   0.015   0.015 )
1869.957: I:1 (   0.013   0.013   0.013 ) T:187 (   0.007   0.012   0.013   0.015   0.015   0.015 )
1879.957: I:1 (   0.015   0.015   0.015 ) T:188 (   0.007   0.012   0.015   0.015   0.015   0.015 )
1889.957: I:1 (   0.013   0.013   0.013 ) T:189 (   0.007   0.013   0.015   0.015   0.015   0.015 )
1899.956: I:1 (   0.014   0.014   0.014 ) T:190 (   0.007   0.013   0.015   0.015   0.015   0.015 )
1909.957: I:1 (   0.014   0.014   0.014 ) T:191 (   0.008   0.013   0.015   0.015   0.015   0.015 )
1919.957: I:1 (   0.014   0.014   0.014 ) T:192 (   0.008   0.013   0.015   0.015   0.015   0.015 )
1929.957: I:1 (   0.015   0.015   0.015 ) T:193 (   0.008   0.013   0.015   0.015   0.015   0.015 )
1939.956: I:1 (   0.016   0.016   0.016 ) T:194 (   0.008   0.013   0.015   0.016   0.016   0.016 )
1949.956: I:1 (   0.014   0.014   0.014 ) T:195 (   0.008   0.013   0.015   0.016   0.016   0.016 )
1959.957: I:1 (   0.016   0.016   0.016 ) T:196 (   0.008   0.013   0.016   0.016   0.016   0.016 )
1969.956: I:1 (   0.014   0.014   0.014 ) T:197 (   0.008   0.013   0.016   0.016   0.016   0.016 )
1979.957: I:1 (   0.013   0.013   0.013 ) T:198 (   0.008   0.013   0.016   0.016   0.016   0.016 )
1989.957: I:1 (   0.013   0.013   0.013 ) T:199 (   0.008   0.013   0.016   0.016   0.016   0.016 )
1999.957: I:1 (   0.013   0.013   0.013 ) T:200 (   0.008   0.013   0.015   0.016   0.016   0.016 )
2009.957: I:1 (   0.015   0.015   0.015 ) T:201 (   0.008   0.013   0.015   0.016   0.016   0.016 )
2019.957: I:1 (   0.013   0.013   0.013 ) T:202 (   0.008   0.013   0.015   0.016   0.016   0.016 )
2029.957: I:1 (   0.014   0.014   0.014 ) T:203 (   0.008   0.013   0.015   0.016   0.016   0.016 )
2039.956: I:1 (   0.013   0.013   0.013 ) T:204 (   0.008   0.013   0.015   0.016   0.016   0.016 )
2040.214: I:2 (   0.000   0.008   0.008 ) T:206 (   0.008   0.013   0.015   0.016   0.016   0.016 )
2040.234: I:0 (   0.000   0.000   0.000 ) T:206 (   0.008   0.013   0.015   0.016   0.016   0.016 )
