#[Interval percentile log between 0.000 and <Infinite> seconds (relative to StartTime)]
#[StartTime: 1524383092.879 (seconds since epoch), Sun Apr 22 09:44:52 CEST 2018]
Time: IntervalPercentiles:count ( 50% 90% Max ) TotalPercentiles:count ( 50% 90% 99% 99.9% 99.99% Max )
7.509: I:39 ( 119.871 199.935 336.127 ) T:39 ( 119.871 199.935 336.127 336.127 336.127 336.127 )
17.492: I:60 (  71.487 131.839 182.399 ) T:99 (  82.879 176.383 336.127 336.127 336.127 336.127 )
27.489: I:64 (  82.047 125.503 248.575 ) T:163 (  82.687 146.431 248.575 336.127 336.127 336.127 )
37.483: I:66 (  73.983 124.095 194.559 ) T:229 (  81.855 135.679 203.007 336.127 336.127 336.127 )
47.484: I:62 (  83.583 154.751 207.359 ) T:291 (  82.815 142.463 207.359 336.127 336.127 336.127 )
57.483: I:65 (  73.855 132.223 379.135 ) T:356 (  82.687 135.679 207.359 379.135 379.135 379.135 )
67.490: I:69 (  74.175 113.791 141.823 ) T:425 (  82.047 134.655 203.007 379.135 379.135 379.135 )
77.493: I:70 (  81.535 121.791 174.719 ) T:495 (  81.855 134.143 203.007 379.135 379.135 379.135 )
87.486: I:69 (  74.495 124.159 213.887 ) T:564 (  81.215 133.759 203.007 379.135 379.135 379.135 )
97.488: I:72 (  73.215 116.351 214.655 ) T:636 (  79.359 132.607 203.007 379.135 379.135 379.135 )
107.487: I:71 (  73.535 133.503 174.847 ) T:707 (  79.359 132.991 200.447 379.135 379.135 379.135 )
117.481: I:69 (  73.343 113.663 133.503 ) T:776 (  78.207 131.199 200.447 379.135 379.135 379.135 )
127.487: I:67 (  83.263 123.647 163.583 ) T:843 (  80.703 129.983 199.935 379.135 379.135 379.135 )
137.487: I:69 (  74.047 112.127 174.463 ) T:912 (  78.271 129.407 194.559 379.135 379.135 379.135 )
147.481: I:71 (  81.343 113.535 213.247 ) T:983 (  79.359 126.847 199.935 379.135 379.135 379.135 )
157.481: I:67 (  73.599 123.839 336.127 ) T:1050 (  78.975 126.719 199.935 336.127 379.135 379.135 )
167.487: I:67 (  81.599 134.271 293.631 ) T:1117 (  80.639 129.087 199.935 336.127 379.135 379.135 )
177.487: I:68 (  81.471 134.015 164.095 ) T:1185 (  80.639 130.111 199.935 336.127 379.135 379.135 )
187.488: I:70 (  71.423 123.583 144.895 ) T:1255 (  80.511 130.111 194.815 336.127 379.135 379.135 )
197.484: I:66 (  73.087 134.271 328.447 ) T:1321 (  80.319 130.239 199.935 336.127 379.135 379.135 )
207.487: I:67 (  82.303 123.711 196.223 ) T:1388 (  80.511 129.407 199.935 336.127 379.135 379.135 )
217.487: I:66 (  82.367 124.095 146.687 ) T:1454 (  80.639 128.959 196.223 336.127 379.135 379.135 )
227.487: I:64 (  81.727 143.359 295.679 ) T:1518 (  80.895 129.983 199.935 336.127 379.135 379.135 )
237.487: I:70 (  80.959 115.135 154.623 ) T:1588 (  80.895 129.087 199.935 336.127 379.135 379.135 )
247.487: I:66 (  82.367 123.519 153.855 ) T:1654 (  81.151 128.959 196.223 336.127 379.135 379.135 )
257.487: I:64 (  81.407 133.631 336.127 ) T:1718 (  81.215 129.087 196.223 336.127 379.135 379.135 )
267.484: I:67 (  74.879 126.399 392.959 ) T:1785 (  81.215 128.959 200.447 379.135 392.959 392.959 )
277.481: I:61 (  83.263 143.743 396.543 ) T:1846 (  81.279 130.239 205.439 392.959 396.543 396.543 )
287.480: I:58 (  81.599 133.759 364.799 ) T:1904 (  81.279 130.239 213.247 392.959 396.543 396.543 )
297.487: I:26 ( 112.895 385.535 395.775 ) T:1930 (  81.343 132.095 325.119 395.775 396.543 396.543 )
307.486: I:72 (  79.551 115.711 134.015 ) T:2002 (  81.343 131.711 324.863 392.959 396.543 396.543 )
317.487: I:69 (  81.407 113.471 172.415 ) T:2071 (  81.343 130.111 324.863 392.959 396.543 396.543 )
327.486: I:69 (  83.071 113.983 326.399 ) T:2140 (  81.343 129.919 324.863 392.959 396.543 396.543 )
337.487: I:67 (  81.599 133.247 183.551 ) T:2207 (  81.343 130.111 295.679 392.959 396.543 396.543 )
347.481: I:68 (  83.199 133.631 162.303 ) T:2275 (  81.407 130.111 295.679 392.959 396.543 396.543 )
357.481: I:71 (  74.431 113.791 205.567 ) T:2346 (  81.343 129.983 295.423 392.959 396.543 396.543 )
367.489: I:66 (  82.559 131.711 150.143 ) T:2412 (  81.407 129.983 293.887 392.959 396.543 396.543 )
377.485: I:69 (  79.743 131.839 234.751 ) T:2481 (  81.407 129.983 293.887 392.959 396.543 396.543 )
387.479: I:71 (  73.407 120.063 131.583 ) T:2552 (  81.343 126.911 293.631 392.959 396.543 396.543 )
397.485: I:69 (  81.023 115.455 164.095 ) T:2621 (  81.343 126.719 293.119 392.959 396.543 396.543 )
407.487: I:69 (  73.343 119.615 153.855 ) T:2690 (  81.343 126.399 293.119 392.959 396.543 396.543 )
417.535: I:70 (  79.679 113.919 156.031 ) T:2760 (  81.343 126.143 254.591 392.959 396.543 396.543 )
427.485: I:63 (  83.263 135.423 164.223 ) T:2823 (  81.407 126.719 248.575 392.959 396.543 396.543 )
437.487: I:66 (  83.135 133.631 172.927 ) T:2889 (  81.407 126.911 248.575 392.959 396.543 396.543 )
447.487: I:70 (  79.487 127.039 166.143 ) T:2959 (  81.407 126.911 234.751 392.959 396.543 396.543 )
457.487: I:68 (  73.855 132.991 184.447 ) T:3027 (  81.407 126.911 231.807 385.791 396.543 396.543 )
467.494: I:68 (  83.071 133.759 172.415 ) T:3095 (  81.407 129.407 231.807 385.791 396.543 396.543 )
477.487: I:67 (  81.407 133.759 256.255 ) T:3162 (  81.407 129.407 231.807 385.791 396.543 396.543 )
487.487: I:66 (  81.087 125.439 286.975 ) T:3228 (  81.407 129.407 231.807 385.791 396.543 396.543 )
497.487: I:69 (  81.471 124.735 146.303 ) T:3297 (  81.407 129.087 231.807 385.791 396.543 396.543 )
507.486: I:67 (  81.407 123.583 164.095 ) T:3364 (  81.407 126.911 214.655 385.791 396.543 396.543 )
517.485: I:71 (  78.975 124.223 184.191 ) T:3435 (  81.407 126.911 213.887 385.791 396.543 396.543 )
527.484: I:71 (  72.959 123.775 164.095 ) T:3506 (  81.407 126.911 213.247 385.791 396.543 396.543 )
537.487: I:64 (  83.071 134.143 403.967 ) T:3570 (  81.407 127.039 213.887 392.959 403.967 403.967 )
547.486: I:70 (  82.495 123.583 174.207 ) T:3640 (  81.407 127.039 213.247 392.959 403.967 403.967 )
557.487: I:66 (  79.807 133.503 397.823 ) T:3706 (  81.407 129.087 213.887 395.775 403.967 403.967 )
567.487: I:67 (  82.495 133.631 215.039 ) T:3773 (  81.407 129.407 214.655 395.775 403.967 403.967 )
577.481: I:68 (  73.983 132.223 293.375 ) T:3841 (  81.407 129.919 215.039 395.775 403.967 403.967 )
587.486: I:68 (  73.343 123.455 291.839 ) T:3909 (  81.407 128.959 215.039 395.775 403.967 403.967 )
597.481: I:69 (  82.431 123.583 163.967 ) T:3978 (  81.407 126.847 215.039 395.775 403.967 403.967 )
607.484: I:63 (  83.071 132.223 245.247 ) T:4041 (  81.407 126.847 215.039 392.959 403.967 403.967 )
617.487: I:67 (  83.135 123.903 184.191 ) T:4108 (  81.407 126.719 214.655 392.959 403.967 403.967 )
627.480: I:67 (  82.751 135.423 245.247 ) T:4175 (  81.407 126.911 215.039 392.959 403.967 403.967 )
637.481: I:68 (  83.135 131.967 164.095 ) T:4243 (  81.471 126.911 214.655 392.959 403.967 403.967 )
647.487: I:64 (  83.007 133.887 261.503 ) T:4307 (  81.471 128.959 214.655 392.959 403.967 403.967 )
657.481: I:64 (  74.815 135.295 182.399 ) T:4371 (  81.471 130.623 214.655 392.959 403.967 403.967 )
667.485: I:67 (  81.471 131.711 175.487 ) T:4438 (  81.471 130.879 213.887 392.959 403.967 403.967 )
677.487: I:65 (  90.687 123.967 305.663 ) T:4503 (  81.471 130.623 213.887 392.959 403.967 403.967 )
687.489: I:65 (  82.623 113.727 174.207 ) T:4568 (  81.471 130.111 213.887 392.959 403.967 403.967 )
697.487: I:67 (  80.575 123.647 292.095 ) T:4635 (  81.471 129.919 213.887 392.959 403.967 403.967 )
707.480: I:65 (  83.071 123.519 135.423 ) T:4700 (  81.471 128.639 213.247 392.959 403.967 403.967 )
717.487: I:64 (  83.199 133.759 184.703 ) T:4764 (  81.471 129.407 213.247 392.959 403.967 403.967 )
727.487: I:67 (  82.751 131.455 356.095 ) T:4831 (  81.471 129.919 213.247 392.959 403.967 403.967 )
737.487: I:63 (  83.199 132.351 359.679 ) T:4894 (  81.471 129.983 213.887 392.959 403.967 403.967 )
747.487: I:65 (  83.071 123.583 314.623 ) T:4959 (  81.471 129.919 213.887 392.959 403.967 403.967 )
757.481: I:68 (  81.791 124.991 142.079 ) T:5027 (  81.471 129.087 213.247 385.791 403.967 403.967 )
767.487: I:62 (  83.135 125.055 284.415 ) T:5089 (  81.535 128.959 215.039 385.791 403.967 403.967 )
777.487: I:67 (  81.727 133.503 143.999 ) T:5156 (  81.535 129.087 214.655 385.791 403.967 403.967 )
787.480: I:70 (  73.471 113.471 143.743 ) T:5226 (  81.535 127.039 213.887 385.791 403.967 403.967 )
797.487: I:64 (  81.215 143.743 275.199 ) T:5290 (  81.471 128.959 214.655 385.791 403.967 403.967 )
807.487: I:67 (  73.471 122.815 194.303 ) T:5357 (  81.471 128.639 213.887 385.791 403.967 403.967 )
817.490: I:68 (  81.407 123.391 163.967 ) T:5425 (  81.471 127.039 213.247 385.791 403.967 403.967 )
827.487: I:68 (  73.087 111.743 389.119 ) T:5493 (  81.471 126.847 213.887 389.119 403.967 403.967 )
837.487: I:68 (  81.407 123.711 136.959 ) T:5561 (  81.471 126.655 213.247 389.119 403.967 403.967 )
847.483: I:67 (  74.815 123.455 306.943 ) T:5628 (  81.471 126.399 213.247 389.119 403.967 403.967 )
857.489: I:69 (  73.471 121.791 337.663 ) T:5697 (  81.471 125.759 213.887 389.119 403.967 403.967 )
867.487: I:65 (  83.135 145.151 195.455 ) T:5762 (  81.471 126.143 213.247 389.119 403.967 403.967 )
877.487: I:66 (  73.471 142.079 225.023 ) T:5828 (  81.471 126.655 213.887 389.119 403.967 403.967 )
887.487: I:66 (  81.407 135.679 212.735 ) T:5894 (  81.471 126.719 213.887 389.119 403.967 403.967 )
897.487: I:69 (  73.215 115.135 174.079 ) T:5963 (  81.471 126.399 213.247 389.119 403.967 403.967 )
907.487: I:68 (  79.615 130.495 163.839 ) T:6031 (  81.471 126.399 212.735 385.791 403.967 403.967 )
917.487: I:69 (  73.663 121.855 143.999 ) T:6100 (  81.471 126.335 210.815 385.791 403.967 403.967 )
927.480: I:72 (  73.279 133.503 257.663 ) T:6172 (  81.471 126.399 212.735 385.791 403.967 403.967 )
937.487: I:68 (  73.407 121.983 143.743 ) T:6240 (  81.471 125.823 210.815 385.791 403.967 403.967 )
947.491: I:71 (  81.855 123.775 153.727 ) T:6311 (  81.471 125.759 207.359 385.791 403.967 403.967 )
957.481: I:65 (  81.087 123.583 306.943 ) T:6376 (  81.471 125.695 210.815 385.791 403.967 403.967 )
967.487: I:66 (  80.767 133.759 175.231 ) T:6442 (  81.471 125.695 207.359 385.791 403.967 403.967 )
977.487: I:68 (  74.239 131.967 230.911 ) T:6510 (  81.471 125.695 207.359 385.791 403.967 403.967 )
987.487: I:64 (  83.071 123.711 260.607 ) T:6574 (  81.471 125.503 212.735 385.791 403.967 403.967 )
997.481: I:68 (  73.151 133.759 164.095 ) T:6642 (  81.471 125.695 210.815 385.791 403.967 403.967 )
1007.487: I:63 (  83.583 132.607 160.895 ) T:6705 (  81.471 125.887 207.359 385.791 403.967 403.967 )
1017.484: I:70 (  73.023 133.759 190.591 ) T:6775 (  81.471 126.335 207.359 385.791 403.967 403.967 )
1027.487: I:66 (  73.087 123.263 245.247 ) T:6841 (  81.471 125.887 207.359 385.791 403.967 403.967 )
1037.485: I:63 (  81.471 125.439 348.671 ) T:6904 (  81.471 125.887 207.359 385.791 403.967 403.967 )
1047.483: I:67 (  74.431 130.175 163.967 ) T:6971 (  81.471 125.887 207.359 385.791 403.967 403.967 )
1057.486: I:72 (  73.535 113.599 194.303 ) T:7043 (  81.471 125.695 205.567 385.535 403.967 403.967 )
1067.484: I:71 (  74.751 123.519 136.831 ) T:7114 (  81.471 125.503 205.439 385.535 403.967 403.967 )
1077.484: I:69 (  75.391 111.743 134.783 ) T:7183 (  81.407 125.439 205.439 385.535 403.967 403.967 )
1087.485: I:68 (  80.127 133.119 253.823 ) T:7251 (  81.407 125.439 205.439 385.535 403.967 403.967 )
1097.487: I:70 (  73.151 115.327 358.655 ) T:7321 (  81.407 125.439 205.439 385.535 403.967 403.967 )
1107.486: I:69 (  79.807 123.903 154.495 ) T:7390 (  81.407 125.375 205.439 385.535 403.967 403.967 )
1117.480: I:69 (  74.879 123.839 255.743 ) T:7459 (  81.407 125.375 205.567 385.535 403.967 403.967 )
1127.486: I:74 (  64.863 113.727 204.415 ) T:7533 (  81.407 125.247 205.439 385.535 403.967 403.967 )
1137.485: I:69 (  81.599 124.031 298.751 ) T:7602 (  81.407 125.119 205.439 385.535 403.967 403.967 )
1147.487: I:65 (  81.727 131.967 285.183 ) T:7667 (  81.407 125.247 205.567 385.535 403.967 403.967 )
1157.480: I:69 (  81.535 121.791 174.591 ) T:7736 (  81.407 125.183 205.439 385.535 403.967 403.967 )
1167.481: I:66 (  83.007 133.887 186.367 ) T:7802 (  81.407 125.247 204.799 385.535 403.967 403.967 )
1177.487: I:72 (  64.927 111.743 143.871 ) T:7874 (  81.407 125.055 204.799 385.535 403.967 403.967 )
1187.480: I:75 (  64.863 123.263 163.199 ) T:7949 (  81.407 124.991 204.671 385.535 403.967 403.967 )
1197.487: I:69 (  81.407 124.031 275.199 ) T:8018 (  81.407 124.991 204.671 379.135 403.967 403.967 )
1207.487: I:70 (  74.047 124.031 174.335 ) T:8088 (  81.407 124.991 204.671 379.135 403.967 403.967 )
1217.487: I:66 (  83.135 133.887 175.871 ) T:8154 (  81.407 124.991 204.415 379.135 403.967 403.967 )
1227.480: I:67 (  83.135 124.031 221.439 ) T:8221 (  81.407 124.927 204.415 379.135 403.967 403.967 )
1237.479: I:70 (  73.343 133.631 194.303 ) T:8291 (  81.407 124.927 204.415 379.135 403.967 403.967 )
1247.487: I:66 (  83.135 131.967 244.607 ) T:8357 (  81.407 124.991 204.415 379.135 403.967 403.967 )
1257.487: I:68 (  81.471 133.759 194.303 ) T:8425 (  81.407 125.055 203.007 379.135 403.967 403.967 )
1267.480: I:66 (  83.007 132.095 184.191 ) T:8491 (  81.407 125.055 203.007 379.135 403.967 403.967 )
1277.487: I:68 (  82.815 114.687 222.847 ) T:8559 (  81.407 124.991 203.007 379.135 403.967 403.967 )
1287.487: I:69 (  82.815 123.647 143.359 ) T:8628 (  81.407 124.991 200.447 379.135 403.967 403.967 )
1297.480: I:39 ( 137.215 319.999 486.399 ) T:8667 (  81.471 125.375 205.567 385.791 486.399 486.399 )
1307.487: I:66 (  83.199 134.015 162.559 ) T:8733 (  81.471 125.439 205.439 385.791 486.399 486.399 )
1317.487: I:67 (  76.031 123.647 224.511 ) T:8800 (  81.471 125.375 205.439 385.791 486.399 486.399 )
1327.487: I:66 (  81.919 131.967 172.671 ) T:8866 (  81.471 125.439 205.439 385.791 486.399 486.399 )
1337.487: I:68 (  83.199 133.887 184.191 ) T:8934 (  81.471 125.439 205.439 385.791 486.399 486.399 )
1347.487: I:66 (  81.599 133.887 275.199 ) T:9000 (  81.471 125.439 205.439 385.535 486.399 486.399 )
1357.487: I:65 (  83.199 134.015 255.487 ) T:9065 (  81.471 125.759 205.439 385.535 486.399 486.399 )
1367.487: I:65 (  75.263 123.775 214.783 ) T:9130 (  81.471 125.695 205.439 385.535 486.399 486.399 )
1377.487: I:62 (  81.663 174.207 416.767 ) T:9192 (  81.471 126.271 210.815 385.791 486.399 486.399 )
1387.487: I:61 (  75.839 134.143 276.223 ) T:9253 (  81.471 126.335 212.735 385.791 486.399 486.399 )
1397.487: I:63 (  82.751 125.567 226.431 ) T:9316 (  81.471 126.335 212.735 385.791 486.399 486.399 )
1407.487: I:59 (  81.471 143.743 325.375 ) T:9375 (  81.471 126.527 214.655 385.791 486.399 486.399 )
1417.487: I:61 (  81.855 133.631 234.751 ) T:9436 (  81.471 126.655 214.655 385.791 486.399 486.399 )
1427.487: I:64 (  79.935 125.631 447.231 ) T:9500 (  81.471 126.655 214.783 389.119 486.399 486.399 )
1437.487: I:64 (  83.071 132.479 335.871 ) T:9564 (  81.471 126.655 215.039 389.119 486.399 486.399 )
1447.487: I:64 (  74.687 134.015 224.767 ) T:9628 (  81.471 126.719 215.039 389.119 486.399 486.399 )
1457.487: I:37 (  83.647 355.583 527.359 ) T:9665 (  81.471 128.959 224.511 392.959 527.359 527.359 )
1467.485: I:17 ( 361.727 404.223 648.191 ) T:9682 (  81.471 130.367 245.247 396.543 648.191 648.191 )
1477.486: I:17 ( 351.743 385.791 395.775 ) T:9699 (  81.471 131.583 274.431 396.543 648.191 648.191 )
1487.487: I:16 ( 345.599 414.207 436.479 ) T:9715 (  81.471 131.839 291.839 403.967 648.191 648.191 )
1497.487: I:16 ( 341.247 446.207 514.815 ) T:9731 (  81.471 131.967 311.807 416.767 648.191 648.191 )
1507.480: I:35 ( 101.887 395.775 598.015 ) T:9766 (  81.535 132.095 325.119 436.223 648.191 648.191 )
1517.489: I:68 (  74.431 123.647 181.631 ) T:9834 (  81.535 132.095 325.119 436.223 648.191 648.191 )
1527.481: I:71 (  71.679 121.855 194.303 ) T:9905 (  81.471 131.967 325.119 436.223 648.191 648.191 )
1537.484: I:66 (  83.135 133.759 280.831 ) T:9971 (  81.471 132.095 325.119 436.223 648.191 648.191 )
1547.487: I:69 (  77.759 132.223 159.231 ) T:10040 (  81.471 132.095 324.863 425.727 598.015 648.191 )
1557.484: I:67 (  73.407 132.095 164.735 ) T:10107 (  81.471 132.095 323.327 425.727 598.015 648.191 )
1567.487: I:67 (  74.047 134.143 234.367 ) T:10174 (  81.471 132.095 323.327 425.727 598.015 648.191 )
1577.484: I:65 (  81.407 129.087 346.367 ) T:10239 (  81.471 132.095 323.327 425.727 598.015 648.191 )
1587.485: I:64 (  81.471 134.015 273.919 ) T:10303 (  81.471 132.095 319.999 425.727 598.015 648.191 )
1597.485: I:73 (  73.023 121.791 172.543 ) T:10376 (  81.471 132.095 319.999 425.727 598.015 648.191 )
1607.487: I:71 (  72.831 123.583 189.311 ) T:10447 (  81.471 131.967 319.743 425.727 598.015 648.191 )
1617.481: I:68 (  81.471 115.199 133.887 ) T:10515 (  81.471 131.967 315.647 425.727 598.015 648.191 )
1627.481: I:66 (  82.559 126.143 317.951 ) T:10581 (  81.471 131.967 317.951 425.727 598.015 648.191 )
1637.487: I:67 (  74.111 133.631 310.015 ) T:10648 (  81.471 131.967 315.647 425.727 598.015 648.191 )
1647.487: I:71 (  73.663 123.967 135.167 ) T:10719 (  81.471 131.967 314.623 425.727 598.015 648.191 )
1657.481: I:67 (  82.751 124.415 134.399 ) T:10786 (  81.471 131.967 314.623 425.727 598.015 648.191 )
1667.487: I:70 (  73.215 124.607 144.127 ) T:10856 (  81.471 131.967 311.807 425.727 598.015 648.191 )
1677.487: I:71 (  73.151 123.455 284.415 ) T:10927 (  81.471 131.967 310.015 425.727 598.015 648.191 )
1687.487: I:68 (  82.431 123.583 280.831 ) T:10995 (  81.471 131.967 310.015 425.727 598.015 648.191 )
1697.480: I:71 (  76.031 113.599 135.935 ) T:11066 (  81.471 131.967 306.943 425.471 598.015 648.191 )
1707.487: I:67 (  81.791 133.759 205.311 ) T:11133 (  81.471 131.967 306.943 425.471 598.015 648.191 )
1717.487: I:67 (  83.135 124.799 174.079 ) T:11200 (  81.471 131.967 305.663 425.471 598.015 648.191 )
1727.481: I:61 (  81.535 123.327 288.255 ) T:11261 (  81.471 131.967 305.663 425.471 598.015 648.191 )
1737.481: I:70 (  81.407 115.583 196.351 ) T:11331 (  81.471 131.967 298.751 425.471 598.015 648.191 )
1747.487: I:64 (  83.519 123.647 174.591 ) T:11395 (  81.471 131.967 298.751 425.471 598.015 648.191 )
1757.487: I:65 (  81.663 133.631 224.895 ) T:11460 (  81.471 131.967 295.679 425.471 598.015 648.191 )
1767.487: I:67 (  83.135 133.887 152.447 ) T:11527 (  81.471 131.967 295.423 425.471 598.015 648.191 )
1777.482: I:64 (  81.727 133.887 295.679 ) T:11591 (  81.471 131.967 295.679 425.471 598.015 648.191 )
1787.487: I:67 (  73.151 130.751 224.767 ) T:11658 (  81.471 131.967 295.423 425.471 598.015 648.191 )
1797.487: I:66 (  80.831 123.455 397.823 ) T:11724 (  81.471 131.967 295.423 425.471 598.015 648.191 )
1807.487: I:72 (  73.407 111.935 144.639 ) T:11796 (  81.471 131.967 295.423 425.471 598.015 648.191 )
1817.481: I:68 (  73.663 130.623 154.367 ) T:11864 (  81.471 131.967 293.887 425.471 598.015 648.191 )
1827.484: I:67 (  80.895 130.879 296.191 ) T:11931 (  81.471 131.967 293.887 425.471 598.015 648.191 )
1837.487: I:71 (  75.519 113.663 174.335 ) T:12002 (  81.471 131.839 293.631 416.767 598.015 648.191 )
1847.486: I:66 (  80.063 125.951 364.543 ) T:12068 (  81.471 131.839 293.887 416.767 598.015 648.191 )
1857.485: I:69 (  74.111 123.583 156.031 ) T:12137 (  81.471 131.839 293.631 416.767 598.015 648.191 )
1867.487: I:71 (  73.919 123.711 345.343 ) T:12208 (  81.471 131.839 293.631 416.767 598.015 648.191 )
1877.487: I:67 (  81.663 133.887 295.167 ) T:12275 (  81.471 131.839 293.887 416.767 598.015 648.191 )
1887.484: I:68 (  81.471 123.775 303.615 ) T:12343 (  81.471 131.711 293.887 416.767 598.015 648.191 )
1897.485: I:68 (  82.559 133.759 174.079 ) T:12411 (  81.471 131.839 293.631 416.767 598.015 648.191 )
1907.485: I:71 (  73.151 133.887 185.343 ) T:12482 (  81.471 131.839 293.631 416.767 598.015 648.191 )
1917.487: I:70 (  73.279 122.111 166.399 ) T:12552 (  81.471 131.839 293.375 416.767 598.015 648.191 )
1927.481: I:71 (  81.727 113.919 144.127 ) T:12623 (  81.471 131.711 293.119 416.767 598.015 648.191 )
1937.486: I:65 (  83.263 133.887 185.599 ) T:12688 (  81.471 131.711 293.119 416.767 598.015 648.191 )
1947.488: I:71 (  73.663 132.735 146.175 ) T:12759 (  81.471 131.711 292.095 416.767 598.015 648.191 )
1957.487: I:65 (  83.199 132.223 404.223 ) T:12824 (  81.471 131.711 292.095 416.767 598.015 648.191 )
1967.481: I:66 (  80.959 124.223 213.503 ) T:12890 (  81.471 131.711 292.095 416.767 598.015 648.191 )
1977.489: I:64 (  82.047 121.663 281.087 ) T:12954 (  81.471 131.711 291.839 416.767 598.015 648.191 )
1987.487: I:70 (  73.279 113.791 136.063 ) T:13024 (  81.471 131.583 291.327 414.207 598.015 648.191 )
1997.487: I:68 (  81.407 126.655 144.127 ) T:13092 (  81.471 131.583 291.327 414.207 598.015 648.191 )
2007.487: I:65 (  77.183 133.759 326.143 ) T:13157 (  81.471 131.711 291.327 414.207 598.015 648.191 )
2017.487: I:68 (  81.599 133.887 174.335 ) T:13225 (  81.471 131.711 288.255 414.207 598.015 648.191 )
2027.487: I:64 (  83.263 131.967 346.623 ) T:13289 (  81.471 131.711 291.327 414.207 598.015 648.191 )
2037.484: I:43 (  81.599 133.887 166.143 ) T:13332 (  81.471 131.711 288.255 414.207 598.015 648.191 )
2037.741: I:0 (   0.000   0.000   0.000 ) T:13332 (  81.471 131.711 288.255 414.207 598.015 648.191 )
2037.768: I:0 (   0.000   0.000   0.000 ) T:13332 (  81.471 131.711 288.255 414.207 598.015 648.191 )
