#[Interval percentile log between 0.000 and <Infinite> seconds (relative to StartTime)]
#[StartTime: 1524632971.618 (seconds since epoch), Wed Apr 25 07:09:31 CEST 2018]
Time: IntervalPercentiles:count ( 50% 90% Max ) TotalPercentiles:count ( 50% 90% 99% 99.9% 99.99% Max )
6.922: I:4089 (   0.099   0.242 265.471 ) T:4089 (   0.099   0.242   0.893 174.975 265.471 265.471 )
16.901: I:15972 (   0.042   0.077 348.159 ) T:20061 (   0.044   0.113   0.453 160.127 285.183 348.159 )
26.900: I:18405 (   0.042   0.045 478.975 ) T:38466 (   0.042   0.084   0.303 160.127 336.895 478.975 )
36.893: I:35488 (   0.041   0.044 900.095 ) T:73954 (   0.041   0.064   0.211 114.367 331.775 900.095 )
46.896: I:38969 (   0.040   0.044 569.343 ) T:112923 (   0.041   0.053   0.163  10.551 323.071 900.095 )
56.890: I:39691 (   0.040   0.043 679.423 ) T:152614 (   0.041   0.046   0.140   2.195 331.775 900.095 )
66.890: I:42157 (   0.041   0.044 1089.535 ) T:194771 (   0.041   0.045   0.124   1.532 331.775 1089.535 )
76.890: I:35863 (   0.041   0.044 955.903 ) T:230634 (   0.041   0.045   0.118   1.339 331.775 1089.535 )
86.895: I:37999 (   0.041   0.044 452.863 ) T:268633 (   0.041   0.045   0.113   1.203 323.071 1089.535 )
96.890: I:50221 (   0.041   0.044 616.447 ) T:318854 (   0.041   0.044   0.106   1.155 300.031 1089.535 )
106.889: I:36162 (   0.041   0.044 881.663 ) T:355016 (   0.041   0.044   0.101   1.144 304.383 1089.535 )
116.896: I:34908 (   0.041   0.044 535.039 ) T:389924 (   0.041   0.044   0.098   1.136 300.031 1089.535 )
126.893: I:21582 (   0.041   0.044 1423.359 ) T:411506 (   0.041   0.044   0.097   1.141 304.383 1423.359 )
136.890: I:44986 (   0.041   0.044 741.375 ) T:456492 (   0.041   0.044   0.095   1.130 304.383 1423.359 )
146.893: I:53442 (   0.041   0.044 1167.359 ) T:509934 (   0.041   0.044   0.092   1.117 296.447 1423.359 )
156.906: I:34403 (   0.041   0.044 2457.599 ) T:544337 (   0.041   0.044   0.091   1.112 300.031 2457.599 )
166.895: I:25707 (   0.042   0.046 755.199 ) T:570044 (   0.041   0.044   0.091   1.115 300.031 2457.599 )
176.896: I:23064 (   0.043   0.054 308.991 ) T:593108 (   0.041   0.044   0.094   1.116 296.447 2457.599 )
186.895: I:13181 (   0.043   0.064 926.207 ) T:606289 (   0.041   0.044   0.095   1.118 296.447 2457.599 )
196.894: I:22070 (   0.043   0.062 603.135 ) T:628359 (   0.041   0.045   0.097   1.120 296.191 2457.599 )
206.890: I:49868 (   0.042   0.045 994.815 ) T:678227 (   0.041   0.045   0.095   1.115 292.095 2457.599 )
216.889: I:51359 (   0.043   0.045 619.007 ) T:729586 (   0.041   0.045   0.093   1.110 288.767 2457.599 )
226.896: I:40064 (   0.042   0.046 744.959 ) T:769650 (   0.041   0.045   0.093   1.108 285.695 2457.599 )
236.893: I:47296 (   0.043   0.046 776.703 ) T:816946 (   0.041   0.045   0.091   1.106 283.135 2457.599 )
246.889: I:32107 (   0.042   0.046 796.159 ) T:849053 (   0.041   0.045   0.091   1.105 279.551 2457.599 )
256.889: I:38005 (   0.042   0.046 510.207 ) T:887058 (   0.041   0.045   0.090   1.104 279.039 2457.599 )
266.896: I:30685 (   0.042   0.046 721.407 ) T:917743 (   0.041   0.045   0.090   1.104 279.551 2457.599 )
276.889: I:42074 (   0.042   0.045 654.335 ) T:959817 (   0.041   0.045   0.089   1.103 285.183 2457.599 )
286.891: I:37423 (   0.042   0.046 655.871 ) T:997240 (   0.041   0.045   0.089   1.101 285.695 2457.599 )
296.889: I:50281 (   0.043   0.045 515.839 ) T:1047521 (   0.042   0.045   0.088   1.099 279.551 2457.599 )
306.891: I:40359 (   0.043   0.046 754.175 ) T:1087880 (   0.042   0.045   0.088   1.097 285.183 2457.599 )
316.889: I:37324 (   0.043   0.045 549.887 ) T:1125204 (   0.042   0.045   0.087   1.095 279.551 2457.599 )
326.889: I:48127 (   0.043   0.045 334.847 ) T:1173331 (   0.042   0.045   0.087   1.091 277.759 2457.599 )
336.890: I:53061 (   0.043   0.045 558.079 ) T:1226392 (   0.042   0.045   0.086   1.086 273.151 2457.599 )
346.889: I:40726 (   0.043   0.045 1097.727 ) T:1267118 (   0.042   0.045   0.086   1.083 273.151 2457.599 )
356.892: I:28563 (   0.043   0.046 1067.007 ) T:1295681 (   0.042   0.045   0.086   1.082 275.711 2457.599 )
366.892: I:46410 (   0.042   0.045 713.727 ) T:1342091 (   0.042   0.045   0.085   1.076 272.383 2457.599 )
376.890: I:43920 (   0.042   0.045 2063.359 ) T:1386011 (   0.042   0.045   0.085   1.069 272.383 2457.599 )
386.889: I:41150 (   0.042   0.045 808.959 ) T:1427161 (   0.042   0.045   0.085   1.064 275.967 2457.599 )
396.892: I:50904 (   0.043   0.045 711.167 ) T:1478065 (   0.042   0.045   0.085   1.059 273.151 2457.599 )
406.888: I:38581 (   0.042   0.045 1366.015 ) T:1516646 (   0.042   0.045   0.084   1.055 275.967 2457.599 )
416.888: I:42621 (   0.043   0.045 460.799 ) T:1559267 (   0.042   0.045   0.084   1.053 273.407 2457.599 )
426.889: I:44423 (   0.042   0.045 1251.327 ) T:1603690 (   0.042   0.045   0.084   1.051 275.711 2457.599 )
436.889: I:55591 (   0.042   0.045 490.751 ) T:1659281 (   0.042   0.045   0.083   1.047 273.151 2457.599 )
446.891: I:42396 (   0.043   0.045 339.455 ) T:1701677 (   0.042   0.045   0.083   1.046 269.823 2457.599 )
456.889: I:24307 (   0.042   0.046 2281.471 ) T:1725984 (   0.042   0.045   0.083   1.045 273.407 2457.599 )
466.888: I:40838 (   0.043   0.046 1494.015 ) T:1766822 (   0.042   0.045   0.083   1.044 273.407 2457.599 )
476.892: I:46977 (   0.043   0.046 1530.879 ) T:1813799 (   0.042   0.045   0.082   1.043 272.383 2457.599 )
486.889: I:48740 (   0.043   0.045 603.647 ) T:1862539 (   0.042   0.045   0.082   1.042 270.079 2457.599 )
496.894: I:36486 (   0.043   0.046 629.247 ) T:1899025 (   0.042   0.045   0.082   1.040 269.823 2457.599 )
507.045: I:42551 (   0.043   0.046 823.807 ) T:1941576 (   0.042   0.045   0.082   1.039 268.799 2457.599 )
516.890: I:46644 (   0.043   0.046 1218.559 ) T:1988220 (   0.042   0.045   0.081   1.038 267.519 2457.599 )
526.893: I:48944 (   0.045   0.047 1571.839 ) T:2037164 (   0.042   0.045   0.081   1.037 265.727 2457.599 )
536.890: I:53523 (   0.044   0.047 966.655 ) T:2090687 (   0.042   0.046   0.081   1.037 264.447 2457.599 )
546.889: I:35290 (   0.044   0.047 1903.615 ) T:2125977 (   0.042   0.046   0.081   1.036 264.703 2457.599 )
556.895: I:40062 (   0.044   0.047 491.263 ) T:2166039 (   0.042   0.046   0.081   1.036 264.703 2457.599 )
566.891: I:32000 (   0.044   0.047 824.319 ) T:2198039 (   0.042   0.046   0.080   1.036 267.263 2457.599 )
576.895: I:17817 (   0.044   0.049 445.951 ) T:2215856 (   0.042   0.046   0.081   1.036 268.287 2457.599 )
586.889: I:42503 (   0.044   0.047 1223.679 ) T:2258359 (   0.042   0.046   0.081   1.036 268.287 2457.599 )
596.893: I:45362 (   0.044   0.047 799.231 ) T:2303721 (   0.042   0.046   0.081   1.035 268.287 2457.599 )
606.890: I:31019 (   0.044   0.047 643.583 ) T:2334740 (   0.042   0.046   0.081   1.035 269.567 2457.599 )
616.889: I:41757 (   0.044   0.047 961.535 ) T:2376497 (   0.042   0.046   0.081   1.035 269.567 2457.599 )
626.895: I:38729 (   0.044   0.047 836.095 ) T:2415226 (   0.042   0.046   0.081   1.034 269.823 2457.599 )
636.890: I:39375 (   0.044   0.047 901.631 ) T:2454601 (   0.042   0.046   0.081   1.034 271.871 2457.599 )
646.894: I:45808 (   0.044   0.047 981.503 ) T:2500409 (   0.042   0.046   0.081   1.033 269.823 2457.599 )
656.888: I:52636 (   0.044   0.047 424.703 ) T:2553045 (   0.043   0.046   0.081   1.033 269.567 2457.599 )
666.889: I:33475 (   0.044   0.047 1703.935 ) T:2586520 (   0.043   0.046   0.081   1.033 269.567 2457.599 )
676.888: I:33668 (   0.045   0.047 627.199 ) T:2620188 (   0.043   0.046   0.081   1.032 273.151 2457.599 )
686.895: I:43875 (   0.044   0.047 819.199 ) T:2664063 (   0.043   0.046   0.081   1.032 273.151 2457.599 )
696.894: I:40088 (   0.045   0.047 1732.607 ) T:2704151 (   0.043   0.046   0.081   1.032 274.687 2457.599 )
706.890: I:43406 (   0.044   0.047 848.895 ) T:2747557 (   0.043   0.046   0.080   1.031 274.943 2457.599 )
716.888: I:46176 (   0.045   0.047 886.271 ) T:2793733 (   0.043   0.046   0.080   1.031 273.407 2457.599 )
726.888: I:48750 (   0.045   0.047 594.943 ) T:2842483 (   0.043   0.046   0.080   1.031 272.383 2457.599 )
736.892: I:29905 (   0.045   0.047 1703.935 ) T:2872388 (   0.043   0.046   0.080   1.031 272.383 2457.599 )
746.891: I:32867 (   0.044   0.047 974.335 ) T:2905255 (   0.043   0.046   0.080   1.031 273.407 2457.599 )
756.892: I:36630 (   0.045   0.047 958.975 ) T:2941885 (   0.043   0.046   0.080   1.030 274.943 2457.599 )
766.892: I:37537 (   0.044   0.047 626.687 ) T:2979422 (   0.043   0.046   0.080   1.030 274.943 2457.599 )
776.891: I:38110 (   0.044   0.047 1225.727 ) T:3017532 (   0.043   0.046   0.080   1.030 274.943 2457.599 )
786.888: I:46167 (   0.044   0.047 1018.879 ) T:3063699 (   0.043   0.046   0.080   1.030 274.943 2457.599 )
796.893: I:43653 (   0.045   0.047 1083.391 ) T:3107352 (   0.043   0.046   0.079   1.030 273.407 2457.599 )
806.893: I:48850 (   0.044   0.047 935.935 ) T:3156202 (   0.043   0.046   0.079   1.029 271.871 2457.599 )
816.895: I:43166 (   0.045   0.047 634.879 ) T:3199368 (   0.043   0.046   0.079   1.029 270.079 2457.599 )
826.893: I:44624 (   0.044   0.047 1168.383 ) T:3243992 (   0.043   0.046   0.079   1.029 270.079 2457.599 )
836.890: I:40685 (   0.045   0.048 573.439 ) T:3284677 (   0.043   0.046   0.079   1.028 269.823 2457.599 )
846.892: I:40669 (   0.044   0.047 1155.071 ) T:3325346 (   0.043   0.046   0.079   1.028 270.591 2457.599 )
856.894: I:42016 (   0.045   0.047 930.303 ) T:3367362 (   0.043   0.046   0.079   1.028 271.615 2457.599 )
866.889: I:26420 (   0.045   0.048 1853.439 ) T:3393782 (   0.043   0.046   0.079   1.028 275.711 2457.599 )
876.895: I:28076 (   0.045   0.048 625.663 ) T:3421858 (   0.043   0.047   0.079   1.028 275.711 2457.599 )
886.889: I:37503 (   0.044   0.047 844.799 ) T:3459361 (   0.043   0.047   0.079   1.028 275.711 2457.599 )
896.890: I:45075 (   0.045   0.048 1008.639 ) T:3504436 (   0.043   0.047   0.079   1.028 275.711 2457.599 )
906.889: I:46639 (   0.045   0.047 473.855 ) T:3551075 (   0.043   0.047   0.079   1.028 275.711 2457.599 )
916.894: I:33033 (   0.045   0.048 1443.839 ) T:3584108 (   0.043   0.047   0.079   1.028 275.711 2457.599 )
926.889: I:39067 (   0.045   0.048 816.639 ) T:3623175 (   0.043   0.047   0.079   1.028 275.967 2457.599 )
936.894: I:40465 (   0.045   0.048 457.215 ) T:3663640 (   0.043   0.047   0.079   1.028 277.759 2457.599 )
946.891: I:43673 (   0.045   0.048 766.463 ) T:3707313 (   0.043   0.047   0.078   1.028 277.759 2457.599 )
956.888: I:54094 (   0.045   0.048 908.799 ) T:3761407 (   0.043   0.047   0.078   1.028 275.967 2457.599 )
966.888: I:42825 (   0.045   0.048 1172.479 ) T:3804232 (   0.043   0.047   0.078   1.028 275.967 2457.599 )
976.888: I:36551 (   0.045   0.048 982.015 ) T:3840783 (   0.043   0.047   0.078   1.028 277.759 2457.599 )
986.890: I:30664 (   0.045   0.048 993.791 ) T:3871447 (   0.043   0.047   0.078   1.027 279.807 2457.599 )
996.900: I:39511 (   0.044   0.047 560.127 ) T:3910958 (   0.043   0.047   0.078   1.027 279.807 2457.599 )
1006.889: I:30940 (   0.044   0.047 656.895 ) T:3941898 (   0.043   0.047   0.078   1.027 283.647 2457.599 )
1016.893: I:19137 (   0.044   0.047 788.479 ) T:3961035 (   0.043   0.047   0.078   1.028 285.183 2457.599 )
1026.892: I:22578 (   0.044   0.047 409.087 ) T:3983613 (   0.043   0.047   0.078   1.028 285.183 2457.599 )
1036.892: I:47546 (   0.044   0.047 572.415 ) T:4031159 (   0.043   0.047   0.078   1.027 285.183 2457.599 )
1046.891: I:34209 (   0.045   0.047 1579.007 ) T:4065368 (   0.043   0.047   0.078   1.027 285.439 2457.599 )
1056.890: I:43678 (   0.044   0.047 544.767 ) T:4109046 (   0.043   0.047   0.078   1.027 287.487 2457.599 )
1066.894: I:45041 (   0.044   0.047 860.159 ) T:4154087 (   0.043   0.047   0.078   1.027 287.487 2457.599 )
1076.893: I:39236 (   0.044   0.047 471.807 ) T:4193323 (   0.043   0.047   0.078   1.027 287.487 2457.599 )
1086.892: I:40082 (   0.044   0.047 456.447 ) T:4233405 (   0.043   0.047   0.078   1.027 286.463 2457.599 )
1096.895: I:45954 (   0.044   0.047 877.567 ) T:4279359 (   0.043   0.047   0.078   1.026 287.487 2457.599 )
1106.896: I:29659 (   0.044   0.047 2574.335 ) T:4309018 (   0.043   0.047   0.077   1.026 287.487 2574.335 )
1116.893: I:27696 (   0.044   0.047 315.391 ) T:4336714 (   0.043   0.047   0.077   1.026 286.463 2574.335 )
1126.889: I:35668 (   0.044   0.047 560.639 ) T:4372382 (   0.043   0.047   0.077   1.027 286.207 2574.335 )
1136.895: I:37234 (   0.044   0.047 866.815 ) T:4409616 (   0.043   0.047   0.077   1.027 287.487 2574.335 )
1146.891: I:33225 (   0.044   0.047 1294.335 ) T:4442841 (   0.043   0.047   0.077   1.027 287.999 2574.335 )
1156.893: I:44806 (   0.045   0.047 912.383 ) T:4487647 (   0.043   0.047   0.077   1.026 287.487 2574.335 )
1166.892: I:29340 (   0.045   0.047 760.319 ) T:4516987 (   0.043   0.047   0.077   1.026 287.999 2574.335 )
1176.895: I:44554 (   0.045   0.047 872.959 ) T:4561541 (   0.043   0.047   0.077   1.026 287.487 2574.335 )
1186.890: I:49251 (   0.045   0.047 958.975 ) T:4610792 (   0.043   0.047   0.077   1.026 287.487 2574.335 )
1196.895: I:42144 (   0.045   0.047 696.319 ) T:4652936 (   0.043   0.047   0.077   1.026 287.487 2574.335 )
1206.889: I:35289 (   0.045   0.047 1007.615 ) T:4688225 (   0.043   0.047   0.077   1.026 287.999 2574.335 )
1216.892: I:42675 (   0.045   0.047 718.847 ) T:4730900 (   0.043   0.047   0.077   1.026 287.999 2574.335 )
1226.891: I:41536 (   0.045   0.047 478.975 ) T:4772436 (   0.043   0.047   0.077   1.026 288.511 2574.335 )
1236.898: I:37147 (   0.045   0.047 1519.615 ) T:4809583 (   0.043   0.047   0.077   1.025 287.999 2574.335 )
1246.895: I:42825 (   0.044   0.047 1600.511 ) T:4852408 (   0.043   0.047   0.077   1.025 287.999 2574.335 )
1256.896: I:41793 (   0.044   0.047 442.623 ) T:4894201 (   0.043   0.047   0.077   1.025 287.487 2574.335 )
1266.889: I:33639 (   0.044   0.047 534.015 ) T:4927840 (   0.044   0.047   0.077   1.025 287.487 2574.335 )
1276.889: I:39295 (   0.044   0.047 1405.951 ) T:4967135 (   0.044   0.047   0.077   1.025 287.487 2574.335 )
1286.895: I:46642 (   0.044   0.047 540.671 ) T:5013777 (   0.044   0.047   0.077   1.025 286.207 2574.335 )
1296.889: I:40812 (   0.044   0.047 446.975 ) T:5054589 (   0.044   0.047   0.077   1.025 285.695 2574.335 )
1306.892: I:33667 (   0.044   0.047 1086.463 ) T:5088256 (   0.044   0.047   0.077   1.025 285.695 2574.335 )
1316.894: I:43312 (   0.045   0.047 1267.711 ) T:5131568 (   0.044   0.047   0.076   1.025 285.695 2574.335 )
1326.895: I:27510 (   0.044   0.047 339.455 ) T:5159078 (   0.044   0.047   0.076   1.025 285.695 2574.335 )
1336.890: I:47251 (   0.044   0.047 800.767 ) T:5206329 (   0.044   0.047   0.076   1.025 285.695 2574.335 )
1346.890: I:41001 (   0.044   0.047 779.263 ) T:5247330 (   0.044   0.047   0.076   1.025 286.207 2574.335 )
1356.888: I:37519 (   0.044   0.047 671.743 ) T:5284849 (   0.044   0.047   0.076   1.025 286.463 2574.335 )
1366.888: I:50001 (   0.044   0.047 611.327 ) T:5334850 (   0.044   0.047   0.076   1.025 285.695 2574.335 )
1376.896: I:25638 (   0.045   0.047 2066.431 ) T:5360488 (   0.044   0.047   0.076   1.025 286.463 2574.335 )
1386.889: I:45543 (   0.044   0.047 774.143 ) T:5406031 (   0.044   0.047   0.076   1.025 286.463 2574.335 )
1396.891: I:48314 (   0.045   0.047 498.175 ) T:5454345 (   0.044   0.047   0.076   1.025 286.207 2574.335 )
1406.891: I:44854 (   0.044   0.047 1205.247 ) T:5499199 (   0.044   0.047   0.076   1.024 286.207 2574.335 )
1416.891: I:34871 (   0.045   0.048 2242.559 ) T:5534070 (   0.044   0.047   0.076   1.024 286.207 2574.335 )
1426.892: I:40414 (   0.044   0.047 950.783 ) T:5574484 (   0.044   0.047   0.076   1.024 286.463 2574.335 )
1436.889: I:29619 (   0.045   0.047 4116.479 ) T:5604103 (   0.044   0.047   0.076   1.024 286.207 4116.479 )
1446.895: I:45610 (   0.044   0.047 562.687 ) T:5649713 (   0.044   0.047   0.076   1.024 286.207 4116.479 )
1456.889: I:46002 (   0.045   0.047 857.087 ) T:5695715 (   0.044   0.047   0.076   1.024 286.207 4116.479 )
1466.888: I:46495 (   0.045   0.047 835.583 ) T:5742210 (   0.044   0.047   0.076   1.024 285.439 4116.479 )
1476.894: I:31150 (   0.045   0.047 750.079 ) T:5773360 (   0.044   0.047   0.076   1.024 285.439 4116.479 )
1486.891: I:37638 (   0.044   0.047 1159.167 ) T:5810998 (   0.044   0.047   0.076   1.024 285.439 4116.479 )
1496.893: I:38110 (   0.044   0.047 488.703 ) T:5849108 (   0.044   0.047   0.076   1.024 286.207 4116.479 )
1506.889: I:33175 (   0.044   0.047 733.183 ) T:5882283 (   0.044   0.047   0.076   1.024 286.207 4116.479 )
1516.889: I:33853 (   0.044   0.047 1074.175 ) T:5916136 (   0.044   0.047   0.076   1.023 287.487 4116.479 )
1526.896: I:26768 (   0.044   0.047 678.399 ) T:5942904 (   0.044   0.047   0.076   1.024 287.487 4116.479 )
1536.892: I:42483 (   0.044   0.047 672.767 ) T:5985387 (   0.044   0.047   0.076   1.023 287.487 4116.479 )
1546.889: I:35312 (   0.044   0.047 766.975 ) T:6020699 (   0.044   0.047   0.076   1.023 287.999 4116.479 )
1556.893: I:41153 (   0.044   0.047 715.263 ) T:6061852 (   0.044   0.047   0.076   1.023 287.999 4116.479 )
1566.889: I:43123 (   0.044   0.047 1653.759 ) T:6104975 (   0.044   0.047   0.076   1.023 287.999 4116.479 )
1576.895: I:43113 (   0.044   0.047 514.303 ) T:6148088 (   0.044   0.047   0.076   1.023 287.487 4116.479 )
1586.889: I:39726 (   0.044   0.047 880.127 ) T:6187814 (   0.044   0.047   0.076   1.023 288.767 4116.479 )
1596.890: I:34635 (   0.044   0.048 1213.439 ) T:6222449 (   0.044   0.047   0.076   1.023 289.535 4116.479 )
1606.888: I:61644 (   0.045   0.047 828.415 ) T:6284093 (   0.044   0.047   0.076   1.022 288.767 4116.479 )
1616.889: I:42959 (   0.044   0.047 1804.287 ) T:6327052 (   0.044   0.047   0.075   1.022 288.511 4116.479 )
1626.892: I:48558 (   0.044   0.047 848.895 ) T:6375610 (   0.044   0.047   0.075   1.022 288.767 4116.479 )
1636.889: I:47120 (   0.045   0.047 777.727 ) T:6422730 (   0.044   0.047   0.075   1.022 288.767 4116.479 )
1646.889: I:53419 (   0.045   0.047 1425.407 ) T:6476149 (   0.044   0.047   0.075   1.021 288.767 4116.479 )
1656.893: I:74486 (   0.045   0.047 577.023 ) T:6550635 (   0.044   0.047   0.075   1.021 288.511 4116.479 )
1666.889: I:67475 (   0.045   0.047 913.407 ) T:6618110 (   0.044   0.047   0.075   1.021 287.999 4116.479 )
1679.983: I:62379 (   0.045   0.047 3624.959 ) T:6680489 (   0.044   0.047   0.075   1.020 286.463 4116.479 )
1686.889: I:40525 (   0.045   0.047 515.839 ) T:6721014 (   0.044   0.047   0.075   1.020 285.695 4116.479 )
1696.890: I:27081 (   0.045   0.061 869.887 ) T:6748095 (   0.044   0.047   0.075   1.020 286.463 4116.479 )
1706.896: I:24660 (   0.045   0.062 464.639 ) T:6772755 (   0.044   0.047   0.075   1.020 286.207 4116.479 )
1716.896: I:16537 (   0.045   0.066 602.111 ) T:6789292 (   0.044   0.047   0.075   1.021 286.207 4116.479 )
1726.890: I:19746 (   0.045   0.066 385.535 ) T:6809038 (   0.044   0.047   0.076   1.021 286.207 4116.479 )
1736.892: I:29692 (   0.045   0.062 791.551 ) T:6838730 (   0.044   0.047   0.076   1.021 286.463 4116.479 )
1746.894: I:30013 (   0.044   0.061 217.855 ) T:6868743 (   0.044   0.047   0.076   1.021 285.695 4116.479 )
1756.892: I:15636 (   0.046   0.067 348.927 ) T:6884379 (   0.044   0.047   0.076   1.022 285.695 4116.479 )
1766.896: I:52409 (   0.044   0.047 986.111 ) T:6936788 (   0.044   0.047   0.076   1.021 285.183 4116.479 )
1776.895: I:34212 (   0.045   0.048 530.943 ) T:6971000 (   0.044   0.047   0.077   1.022 285.439 4116.479 )
1786.895: I:26798 (   0.044   0.047 647.167 ) T:6997798 (   0.044   0.047   0.077   1.022 285.439 4116.479 )
1796.890: I:26937 (   0.045   0.048 342.783 ) T:7024735 (   0.044   0.047   0.077   1.022 285.183 4116.479 )
1806.888: I:50341 (   0.045   0.048 814.079 ) T:7075076 (   0.044   0.047   0.077   1.021 285.183 4116.479 )
1816.889: I:45265 (   0.044   0.047 1708.031 ) T:7120341 (   0.044   0.047   0.077   1.021 285.439 4116.479 )
1826.889: I:51165 (   0.044   0.047 608.767 ) T:7171506 (   0.044   0.047   0.077   1.021 285.183 4116.479 )
1836.889: I:63821 (   0.045   0.048 627.711 ) T:7235327 (   0.044   0.047   0.078   1.020 285.183 4116.479 )
1846.896: I:32988 (   0.045   0.048 1036.799 ) T:7268315 (   0.044   0.047   0.078   1.020 285.183 4116.479 )
1856.889: I:46070 (   0.045   0.048 346.623 ) T:7314385 (   0.044   0.047   0.078   1.020 284.159 4116.479 )
1866.889: I:49771 (   0.045   0.048 386.047 ) T:7364156 (   0.044   0.047   0.078   1.020 283.903 4116.479 )
1876.896: I:40592 (   0.045   0.047 418.815 ) T:7404748 (   0.044   0.047   0.078   1.020 283.647 4116.479 )
1886.896: I:50915 (   0.044   0.047 2498.559 ) T:7455663 (   0.044   0.047   0.078   1.020 281.855 4116.479 )
1896.889: I:26861 (   0.045   0.064 700.927 ) T:7482524 (   0.044   0.047   0.078   1.020 283.135 4116.479 )
1906.889: I:64694 (   0.045   0.047 2034.687 ) T:7547218 (   0.044   0.047   0.078   1.020 282.367 4116.479 )
1916.891: I:53368 (   0.045   0.048 566.783 ) T:7600586 (   0.044   0.047   0.079   1.020 281.855 4116.479 )
1926.889: I:43630 (   0.045   0.047 558.079 ) T:7644216 (   0.044   0.047   0.079   1.020 283.135 4116.479 )
1936.892: I:41405 (   0.044   0.047 489.983 ) T:7685621 (   0.044   0.047   0.079   1.019 283.903 4116.479 )
1946.895: I:43226 (   0.044   0.047 2951.167 ) T:7728847 (   0.044   0.047   0.078   1.019 283.647 4116.479 )
1956.891: I:48961 (   0.044   0.047 647.679 ) T:7777808 (   0.044   0.047   0.078   1.019 283.903 4116.479 )
1966.895: I:41692 (   0.044   0.047 721.407 ) T:7819500 (   0.044   0.047   0.078   1.019 283.647 4116.479 )
1976.895: I:37816 (   0.044   0.047 871.935 ) T:7857316 (   0.044   0.047   0.078   1.019 283.135 4116.479 )
1986.895: I:48497 (   0.044   0.047 1744.895 ) T:7905813 (   0.044   0.047   0.078   1.019 281.855 4116.479 )
1996.894: I:27034 (   0.044   0.047 464.639 ) T:7932847 (   0.044   0.047   0.078   1.019 283.903 4116.479 )
2006.896: I:27113 (   0.044   0.047 557.055 ) T:7959960 (   0.044   0.047   0.078   1.019 284.159 4116.479 )
2016.895: I:17204 (   0.044   0.047 349.951 ) T:7977164 (   0.044   0.047   0.078   1.019 285.183 4116.479 )
2026.894: I:37455 (   0.044   0.047 712.703 ) T:8014619 (   0.044   0.047   0.078   1.019 285.183 4116.479 )
2036.889: I:23991 (   0.044   0.046 1531.903 ) T:8038610 (   0.044   0.047   0.078   1.019 285.439 4116.479 )
2046.895: I:22685 (   0.044   0.047 588.287 ) T:8061295 (   0.044   0.047   0.078   1.019 285.695 4116.479 )
2056.889: I:47364 (   0.044   0.047 764.927 ) T:8108659 (   0.044   0.047   0.078   1.019 285.951 4116.479 )
2066.889: I:28389 (   0.044   0.047 393.471 ) T:8137048 (   0.044   0.047   0.078   1.019 285.951 4116.479 )
2077.042: I:38754 (   0.044   0.047 1162.239 ) T:8175802 (   0.044   0.047   0.078   1.019 285.951 4116.479 )
2086.894: I:39617 (   0.044   0.047 837.631 ) T:8215419 (   0.044   0.047   0.078   1.019 286.207 4116.479 )
2096.893: I:45949 (   0.044   0.047 1614.847 ) T:8261368 (   0.044   0.047   0.078   1.019 286.207 4116.479 )
2106.893: I:42817 (   0.044   0.047 1491.967 ) T:8304185 (   0.044   0.047   0.078   1.019 286.207 4116.479 )
2116.888: I:50138 (   0.044   0.047 781.311 ) T:8354323 (   0.044   0.047   0.078   1.018 286.207 4116.479 )
2126.889: I:45940 (   0.045   0.047 1198.079 ) T:8400263 (   0.044   0.047   0.078   1.018 286.207 4116.479 )
2136.889: I:34842 (   0.044   0.047 2140.159 ) T:8435105 (   0.044   0.047   0.078   1.018 286.207 4116.479 )
2146.889: I:41160 (   0.045   0.047 643.071 ) T:8476265 (   0.044   0.047   0.078   1.018 286.207 4116.479 )
2156.893: I:29591 (   0.044   0.047 674.303 ) T:8505856 (   0.044   0.047   0.078   1.018 286.207 4116.479 )
2166.895: I:45541 (   0.044   0.047 1116.159 ) T:8551397 (   0.044   0.047   0.078   1.018 286.207 4116.479 )
2176.894: I:27922 (   0.044   0.047 1174.527 ) T:8579319 (   0.044   0.047   0.078   1.018 287.487 4116.479 )
2186.889: I:29770 (   0.044   0.047 995.839 ) T:8609089 (   0.044   0.047   0.078   1.018 287.487 4116.479 )
2196.889: I:44989 (   0.044   0.047 647.679 ) T:8654078 (   0.044   0.047   0.078   1.018 287.487 4116.479 )
2206.895: I:40489 (   0.044   0.047 1074.175 ) T:8694567 (   0.044   0.047   0.078   1.018 287.231 4116.479 )
2216.895: I:40140 (   0.044   0.047 496.383 ) T:8734707 (   0.044   0.047   0.078   1.018 287.231 4116.479 )
2226.896: I:30913 (   0.044   0.047 556.031 ) T:8765620 (   0.044   0.047   0.078   1.018 287.487 4116.479 )
2236.889: I:29741 (   0.043   0.047 1782.783 ) T:8795361 (   0.044   0.047   0.078   1.018 287.999 4116.479 )
2246.895: I:43031 (   0.044   0.047 687.103 ) T:8838392 (   0.044   0.047   0.078   1.018 288.767 4116.479 )
2256.889: I:38063 (   0.044   0.047 571.391 ) T:8876455 (   0.044   0.047   0.078   1.018 289.023 4116.479 )
2266.889: I:28650 (   0.044   0.047 1992.703 ) T:8905105 (   0.044   0.047   0.078   1.018 288.767 4116.479 )
2276.896: I:47809 (   0.044   0.047 575.999 ) T:8952914 (   0.044   0.047   0.078   1.017 289.023 4116.479 )
2286.893: I:29097 (   0.044   0.047 976.383 ) T:8982011 (   0.044   0.047   0.078   1.018 289.535 4116.479 )
2296.889: I:39335 (   0.044   0.047 800.767 ) T:9021346 (   0.044   0.047   0.078   1.017 289.535 4116.479 )
2306.891: I:43985 (   0.044   0.047 571.391 ) T:9065331 (   0.044   0.047   0.078   1.017 289.791 4116.479 )
2316.893: I:37611 (   0.044   0.047 683.007 ) T:9102942 (   0.044   0.047   0.078   1.017 290.047 4116.479 )
2326.889: I:32102 (   0.044   0.047 708.607 ) T:9135044 (   0.044   0.047   0.078   1.017 290.303 4116.479 )
2337.109: I:42667 (   0.044   0.047 647.167 ) T:9177711 (   0.044   0.047   0.078   1.017 290.303 4116.479 )
2346.889: I:25244 (   0.045   0.047 3244.031 ) T:9202955 (   0.044   0.047   0.078   1.017 290.815 4116.479 )
2356.889: I:31625 (   0.044   0.047 569.343 ) T:9234580 (   0.044   0.047   0.078   1.017 291.071 4116.479 )
2366.895: I:41892 (   0.044   0.047 787.967 ) T:9276472 (   0.044   0.047   0.078   1.017 290.815 4116.479 )
2376.895: I:45167 (   0.044   0.047 663.039 ) T:9321639 (   0.044   0.047   0.077   1.017 290.815 4116.479 )
2386.889: I:38885 (   0.045   0.047 673.279 ) T:9360524 (   0.044   0.047   0.077   1.017 290.815 4116.479 )
2396.895: I:36069 (   0.044   0.047 2162.687 ) T:9396593 (   0.044   0.047   0.077   1.017 291.583 4116.479 )
2406.891: I:40145 (   0.045   0.047 738.815 ) T:9436738 (   0.044   0.047   0.077   1.017 292.351 4116.479 )
2416.896: I:37949 (   0.045   0.047 866.815 ) T:9474687 (   0.044   0.047   0.077   1.017 292.351 4116.479 )
2426.888: I:38092 (   0.044   0.047 2314.239 ) T:9512779 (   0.044   0.047   0.077   1.017 292.351 4116.479 )
2436.894: I:44173 (   0.044   0.047 869.375 ) T:9556952 (   0.044   0.047   0.077   1.017 292.351 4116.479 )
2446.891: I:41504 (   0.044   0.047 1061.887 ) T:9598456 (   0.044   0.047   0.077   1.017 292.351 4116.479 )
2456.896: I:43338 (   0.044   0.047 655.871 ) T:9641794 (   0.044   0.047   0.077   1.016 291.839 4116.479 )
2466.889: I:39746 (   0.044   0.047 698.879 ) T:9681540 (   0.044   0.047   0.077   1.016 291.839 4116.479 )
2476.891: I:41223 (   0.044   0.047 1615.871 ) T:9722763 (   0.044   0.047   0.077   1.016 291.839 4116.479 )
2486.892: I:36620 (   0.044   0.047 734.719 ) T:9759383 (   0.044   0.047   0.077   1.016 291.839 4116.479 )
2496.892: I:26641 (   0.044   0.047 485.119 ) T:9786024 (   0.044   0.047   0.077   1.016 291.839 4116.479 )
2506.892: I:21417 (   0.044   0.047 854.527 ) T:9807441 (   0.044   0.047   0.077   1.016 292.095 4116.479 )
2516.896: I:13868 (   0.044   0.050 1259.519 ) T:9821309 (   0.044   0.047   0.077   1.016 292.351 4116.479 )
2526.893: I:40314 (   0.044   0.047 1141.759 ) T:9861623 (   0.044   0.047   0.077   1.016 292.095 4116.479 )
2536.889: I:45395 (   0.044   0.047 978.431 ) T:9907018 (   0.044   0.047   0.077   1.016 292.095 4116.479 )
2546.890: I:42306 (   0.044   0.047 1187.839 ) T:9949324 (   0.044   0.047   0.077   1.016 292.095 4116.479 )
2556.892: I:35797 (   0.045   0.047 1183.743 ) T:9985121 (   0.044   0.047   0.077   1.016 291.839 4116.479 )
2566.892: I:41836 (   0.044   0.047 503.039 ) T:10026957 (   0.044   0.047   0.077   1.016 291.839 4116.479 )
2576.891: I:26518 (   0.044   0.046 1262.591 ) T:10053475 (   0.044   0.047   0.077   1.016 291.839 4116.479 )
2586.892: I:39712 (   0.044   0.046 1367.039 ) T:10093187 (   0.044   0.047   0.077   1.016 291.583 4116.479 )
2596.888: I:42313 (   0.044   0.046 783.871 ) T:10135500 (   0.044   0.047   0.077   1.015 291.583 4116.479 )
2606.892: I:40904 (   0.044   0.047 1269.759 ) T:10176404 (   0.044   0.047   0.077   1.015 291.583 4116.479 )
2616.893: I:39374 (   0.043   0.046 712.191 ) T:10215778 (   0.044   0.047   0.077   1.015 291.839 4116.479 )
2626.889: I:40381 (   0.044   0.046 471.551 ) T:10256159 (   0.044   0.047   0.077   1.015 291.583 4116.479 )
2636.895: I:40725 (   0.043   0.046 659.967 ) T:10296884 (   0.044   0.047   0.077   1.014 291.583 4116.479 )
2647.054: I:39720 (   0.044   0.046 1683.455 ) T:10336604 (   0.044   0.047   0.077   1.014 291.583 4116.479 )
2656.895: I:42350 (   0.044   0.046 780.799 ) T:10378954 (   0.044   0.047   0.077   1.014 291.071 4116.479 )
2666.888: I:40549 (   0.044   0.047 580.607 ) T:10419503 (   0.044   0.047   0.077   1.014 290.815 4116.479 )
2676.896: I:34138 (   0.044   0.047 316.415 ) T:10453641 (   0.044   0.047   0.077   1.013 290.303 4116.479 )
2686.980: I:30506 (   0.044   0.049 607.743 ) T:10484147 (   0.044   0.047   0.077   1.013 290.559 4116.479 )
2696.895: I:36742 (   0.044   0.047 857.087 ) T:10520889 (   0.044   0.047   0.077   1.013 290.559 4116.479 )
2706.889: I:20064 (   0.044   0.047 4792.319 ) T:10540953 (   0.044   0.047   0.077   1.013 290.815 4792.319 )
2716.895: I:34678 (   0.044   0.047 568.319 ) T:10575631 (   0.044   0.047   0.077   1.013 290.815 4792.319 )
2726.889: I:18108 (   0.044   0.047 426.495 ) T:10593739 (   0.044   0.047   0.077   1.013 290.815 4792.319 )
2736.896: I:44749 (   0.044   0.047 1005.055 ) T:10638488 (   0.044   0.047   0.077   1.013 290.815 4792.319 )
2746.895: I:43669 (   0.044   0.047 1161.215 ) T:10682157 (   0.044   0.047   0.076   1.013 290.559 4792.319 )
2756.889: I:39999 (   0.045   0.047 732.159 ) T:10722156 (   0.044   0.047   0.076   1.012 290.559 4792.319 )
2770.972: I:39253 (   0.044   0.047 690.687 ) T:10761409 (   0.044   0.047   0.076   1.012 290.303 4792.319 )
2776.890: I:25759 (   0.044   0.047 6332.415 ) T:10787168 (   0.044   0.047   0.076   1.012 290.559 6332.415 )
2786.888: I:44328 (   0.044   0.047 657.407 ) T:10831496 (   0.044   0.047   0.076   1.012 290.303 6332.415 )
2796.896: I:39857 (   0.044   0.047 785.407 ) T:10871353 (   0.044   0.047   0.076   1.012 290.303 6332.415 )
2806.896: I:33179 (   0.044   0.046 560.127 ) T:10904532 (   0.044   0.047   0.076   1.011 290.559 6332.415 )
2816.890: I:33878 (   0.044   0.047 1940.479 ) T:10938410 (   0.044   0.047   0.076   1.011 290.815 6332.415 )
2826.889: I:36349 (   0.044   0.047 462.847 ) T:10974759 (   0.044   0.047   0.076   1.011 290.559 6332.415 )
2836.892: I:35746 (   0.044   0.046 787.455 ) T:11010505 (   0.044   0.047   0.076   1.011 290.559 6332.415 )
2846.889: I:46035 (   0.044   0.047 738.303 ) T:11056540 (   0.044   0.047   0.076   1.010 290.303 6332.415 )
2856.929: I:49624 (   0.044   0.047 1171.455 ) T:11106164 (   0.044   0.047   0.076   1.010 290.303 6332.415 )
2866.889: I:36733 (   0.043   0.046 725.503 ) T:11142897 (   0.044   0.047   0.076   1.010 290.303 6332.415 )
2876.888: I:44196 (   0.044   0.047 1313.791 ) T:11187093 (   0.044   0.047   0.076   1.009 290.303 6332.415 )
2886.892: I:42526 (   0.044   0.047 653.311 ) T:11229619 (   0.044   0.047   0.076   1.009 290.303 6332.415 )
2896.895: I:37087 (   0.044   0.047 766.463 ) T:11266706 (   0.044   0.047   0.076   1.009 290.303 6332.415 )
2906.892: I:42793 (   0.045   0.047 1424.383 ) T:11309499 (   0.044   0.047   0.076   1.008 290.303 6332.415 )
2916.888: I:48273 (   0.044   0.047 910.847 ) T:11357772 (   0.044   0.047   0.076   1.008 290.303 6332.415 )
2926.890: I:45206 (   0.045   0.047 1409.023 ) T:11402978 (   0.044   0.047   0.076   1.008 290.303 6332.415 )
2936.888: I:32813 (   0.044   0.047 1649.663 ) T:11435791 (   0.044   0.047   0.076   1.007 290.303 6332.415 )
2946.895: I:47059 (   0.045   0.047 985.087 ) T:11482850 (   0.044   0.047   0.076   1.007 290.303 6332.415 )
2956.889: I:42440 (   0.045   0.047 792.063 ) T:11525290 (   0.044   0.047   0.076   1.007 290.303 6332.415 )
2966.889: I:31555 (   0.044   0.047 1568.767 ) T:11556845 (   0.044   0.047   0.076   1.006 290.303 6332.415 )
2976.889: I:40337 (   0.045   0.047 667.647 ) T:11597182 (   0.044   0.047   0.075   1.006 290.303 6332.415 )
2986.896: I:23038 (   0.044   0.047 418.047 ) T:11620220 (   0.044   0.047   0.075   1.006 290.559 6332.415 )
2996.893: I:22751 (   0.044   0.047 1375.231 ) T:11642971 (   0.044   0.047   0.076   1.006 290.815 6332.415 )
3007.198: I:44701 (   0.044   0.047 760.831 ) T:11687672 (   0.044   0.047   0.075   1.006 290.559 6332.415 )
3016.891: I:41801 (   0.044   0.047 465.151 ) T:11729473 (   0.044   0.047   0.075   1.006 290.303 6332.415 )
3026.889: I:21514 (   0.044   0.047 627.199 ) T:11750987 (   0.044   0.047   0.075   1.006 290.815 6332.415 )
3036.894: I:39665 (   0.044   0.046 992.255 ) T:11790652 (   0.044   0.047   0.075   1.005 290.815 6332.415 )
3046.891: I:33349 (   0.044   0.047 450.047 ) T:11824001 (   0.044   0.047   0.075   1.005 290.815 6332.415 )
3056.889: I:28617 (   0.044   0.047 785.919 ) T:11852618 (   0.044   0.047   0.075   1.005 290.815 6332.415 )
3066.891: I:41017 (   0.044   0.047 827.391 ) T:11893635 (   0.044   0.047   0.075   1.004 291.071 6332.415 )
3076.895: I:39232 (   0.044   0.047 521.983 ) T:11932867 (   0.044   0.047   0.075   1.004 291.327 6332.415 )
3086.895: I:36555 (   0.044   0.047 602.623 ) T:11969422 (   0.044   0.047   0.075   1.004 291.839 6332.415 )
3096.895: I:27474 (   0.044   0.047 2390.015 ) T:11996896 (   0.044   0.047   0.075   1.004 292.095 6332.415 )
3106.889: I:34802 (   0.044   0.047 1577.983 ) T:12031698 (   0.044   0.047   0.075   1.004 292.351 6332.415 )
3116.892: I:22534 (   0.044   0.048 650.239 ) T:12054232 (   0.044   0.047   0.075   1.004 292.863 6332.415 )
3126.891: I:38626 (   0.044   0.047 927.231 ) T:12092858 (   0.044   0.047   0.075   1.003 292.351 6332.415 )
3136.890: I:45088 (   0.044   0.047 601.599 ) T:12137946 (   0.044   0.047   0.075   1.003 292.351 6332.415 )
3146.895: I:20505 (   0.045   0.061 588.287 ) T:12158451 (   0.044   0.047   0.076   1.003 293.119 6332.415 )
3156.889: I:25110 (   0.044   0.047 1274.879 ) T:12183561 (   0.044   0.047   0.076   1.003 293.119 6332.415 )
3166.892: I:24379 (   0.044   0.047 545.279 ) T:12207940 (   0.044   0.047   0.076   1.003 293.375 6332.415 )
3176.895: I:35550 (   0.044   0.047 618.495 ) T:12243490 (   0.044   0.047   0.076   1.003 293.119 6332.415 )
3186.891: I:45017 (   0.044   0.047 981.503 ) T:12288507 (   0.044   0.047   0.075   1.002 293.119 6332.415 )
3196.892: I:44856 (   0.044   0.047 721.919 ) T:12333363 (   0.044   0.047   0.075   1.002 293.119 6332.415 )
3206.888: I:56077 (   0.044   0.047 779.775 ) T:12389440 (   0.044   0.047   0.075   1.001 292.863 6332.415 )
3216.890: I:38277 (   0.045   0.047 1524.735 ) T:12427717 (   0.044   0.047   0.075   1.001 292.095 6332.415 )
3226.892: I:36171 (   0.044   0.047 1513.471 ) T:12463888 (   0.044   0.047   0.075   1.001 292.095 6332.415 )
3236.891: I:43921 (   0.044   0.047 855.551 ) T:12507809 (   0.044   0.047   0.075   1.000 292.095 6332.415 )
3246.895: I:35790 (   0.044   0.047 482.559 ) T:12543599 (   0.044   0.047   0.075   1.000 292.351 6332.415 )
3256.889: I:46932 (   0.044   0.046 806.399 ) T:12590531 (   0.044   0.047   0.075   1.000 291.839 6332.415 )
3266.891: I:42687 (   0.044   0.047 779.263 ) T:12633218 (   0.044   0.047   0.075   0.999 291.583 6332.415 )
3276.889: I:44671 (   0.044   0.047 825.343 ) T:12677889 (   0.044   0.047   0.075   0.999 291.839 6332.415 )
3286.965: I:36227 (   0.044   0.047 2957.311 ) T:12714116 (   0.044   0.047   0.075   0.999 291.583 6332.415 )
3296.891: I:32928 (   0.044   0.047 586.239 ) T:12747044 (   0.044   0.047   0.075   0.999 291.583 6332.415 )
3306.896: I:37678 (   0.044   0.047 917.503 ) T:12784722 (   0.044   0.047   0.075   0.999 291.583 6332.415 )
3316.896: I:18571 (   0.044   0.047 675.839 ) T:12803293 (   0.044   0.047   0.075   0.999 291.583 6332.415 )
3326.893: I:16970 (   0.045   0.064 692.223 ) T:12820263 (   0.044   0.047   0.075   0.999 291.839 6332.415 )
3336.889: I:47922 (   0.044   0.047 279.551 ) T:12868185 (   0.044   0.047   0.075   0.998 291.071 6332.415 )
3346.889: I:34729 (   0.044   0.047 734.207 ) T:12902914 (   0.044   0.047   0.075   0.998 291.071 6332.415 )
3356.888: I:54623 (   0.044   0.047 1229.823 ) T:12957537 (   0.044   0.047   0.075   0.998 290.815 6332.415 )
3366.889: I:30666 (   0.044   0.048 627.199 ) T:12988203 (   0.044   0.047   0.076   0.998 290.815 6332.415 )
3376.892: I:42840 (   0.044   0.047 1047.551 ) T:13031043 (   0.044   0.047   0.076   0.997 290.815 6332.415 )
3386.888: I:42920 (   0.044   0.047 780.799 ) T:13073963 (   0.044   0.047   0.075   0.997 290.815 6332.415 )
3396.888: I:45133 (   0.044   0.047 997.887 ) T:13119096 (   0.044   0.047   0.075   0.997 291.071 6332.415 )
3406.889: I:35490 (   0.044   0.047 731.647 ) T:13154586 (   0.044   0.047   0.075   0.996 290.815 6332.415 )
3416.895: I:34479 (   0.044   0.047 598.527 ) T:13189065 (   0.044   0.047   0.075   0.996 291.071 6332.415 )
3426.893: I:36611 (   0.044   0.047 1508.351 ) T:13225676 (   0.044   0.047   0.075   0.996 291.327 6332.415 )
3436.890: I:37857 (   0.044   0.047 944.127 ) T:13263533 (   0.044   0.047   0.075   0.996 291.071 6332.415 )
3446.889: I:38607 (   0.044   0.047 821.247 ) T:13302140 (   0.044   0.047   0.075   0.995 291.071 6332.415 )
3454.945: I:31192 (   0.044   0.047 1167.359 ) T:13333332 (   0.044   0.047   0.075   0.995 291.327 6332.415 )
3454.980: I:0 (   0.000   0.000   0.000 ) T:13333332 (   0.044   0.047   0.075   0.995 291.327 6332.415 )
