#[Interval percentile log between 0.000 and <Infinite> seconds (relative to StartTime)]
#[StartTime: 1524632971.612 (seconds since epoch), Wed Apr 25 07:09:31 CEST 2018]
Time: IntervalPercentiles:count ( 50% 90% Max ) TotalPercentiles:count ( 50% 90% 99% 99.9% 99.99% Max )
6.942: I:7157 (   0.097   0.239 265.471 ) T:7157 (   0.097   0.239   0.829 174.207 265.471 265.471 )
16.918: I:27951 (   0.041   0.073 348.159 ) T:35108 (   0.044   0.108   0.429 153.087 299.519 348.159 )
26.915: I:32208 (   0.039   0.045 478.975 ) T:67316 (   0.041   0.081   0.291 144.511 323.071 478.975 )
36.905: I:62105 (   0.039   0.043 900.095 ) T:129421 (   0.039   0.061   0.199  93.631 309.247 900.095 )
46.908: I:68196 (   0.038   0.043 1337.343 ) T:197617 (   0.039   0.052   0.154   5.939 306.431 1337.343 )
56.902: I:69588 (   0.038   0.043 679.423 ) T:267205 (   0.039   0.045   0.135   1.351 309.247 1337.343 )
66.901: I:73743 (   0.038   0.043 1089.535 ) T:340948 (   0.039   0.044   0.121   1.161 305.919 1337.343 )
76.903: I:62816 (   0.039   0.043 955.903 ) T:403764 (   0.039   0.044   0.114   1.139 306.431 1337.343 )
86.906: I:66345 (   0.038   0.043 1336.319 ) T:470109 (   0.039   0.044   0.108   1.123 300.031 1337.343 )
96.900: I:87886 (   0.038   0.043 806.911 ) T:557995 (   0.039   0.044   0.101   1.097 295.679 1337.343 )
106.900: I:63283 (   0.038   0.043 884.223 ) T:621278 (   0.039   0.044   0.098   1.070 299.519 1337.343 )
116.906: I:61091 (   0.038   0.043 535.039 ) T:682369 (   0.038   0.044   0.095   1.043 299.519 1337.343 )
126.905: I:37767 (   0.039   0.043 1423.359 ) T:720136 (   0.038   0.044   0.093   1.068 302.335 1423.359 )
136.902: I:78856 (   0.039   0.043 741.375 ) T:798992 (   0.038   0.043   0.091   0.925 304.383 1423.359 )
146.906: I:93393 (   0.039   0.043 1167.359 ) T:892385 (   0.038   0.043   0.089   0.738 295.679 1423.359 )
156.916: I:60302 (   0.039   0.044 2457.599 ) T:952687 (   0.039   0.043   0.087   0.715 299.519 2457.599 )
166.906: I:44891 (   0.040   0.045 755.199 ) T:997578 (   0.039   0.044   0.087   0.724 300.031 2457.599 )
176.906: I:40362 (   0.040   0.051 827.903 ) T:1037940 (   0.039   0.044   0.089   0.789 299.519 2457.599 )
186.906: I:23066 (   0.042   0.063 926.207 ) T:1061006 (   0.039   0.044   0.090   1.052 299.519 2457.599 )
196.905: I:38622 (   0.041   0.058 603.135 ) T:1099628 (   0.039   0.044   0.091   1.068 300.031 2457.599 )
206.901: I:87376 (   0.040   0.045 994.815 ) T:1187004 (   0.039   0.044   0.090   1.052 296.191 2457.599 )
216.899: I:89858 (   0.040   0.045 856.575 ) T:1276862 (   0.039   0.044   0.088   0.781 291.583 2457.599 )
226.906: I:70026 (   0.040   0.045 1212.415 ) T:1346888 (   0.039   0.044   0.088   0.717 290.047 2457.599 )
236.904: I:82768 (   0.040   0.045 1170.431 ) T:1429656 (   0.039   0.044   0.087   0.646 288.511 2457.599 )
246.899: I:56281 (   0.040   0.045 929.791 ) T:1485937 (   0.039   0.044   0.087   0.636 290.047 2457.599 )
256.899: I:66505 (   0.040   0.045 1123.327 ) T:1552442 (   0.039   0.044   0.087   0.605 290.303 2457.599 )
266.906: I:53608 (   0.040   0.045 721.407 ) T:1606050 (   0.039   0.044   0.086   0.606 291.583 2457.599 )
276.899: I:73720 (   0.040   0.045 821.247 ) T:1679770 (   0.039   0.044   0.086   0.594 292.095 2457.599 )
286.903: I:65400 (   0.040   0.045 809.471 ) T:1745170 (   0.039   0.044   0.085   0.579 292.095 2457.599 )
296.899: I:88079 (   0.040   0.045 749.567 ) T:1833249 (   0.039   0.044   0.085   0.533 289.791 2457.599 )
306.902: I:70541 (   0.041   0.045 965.631 ) T:1903790 (   0.039   0.045   0.084   0.511 289.791 2457.599 )
316.899: I:65401 (   0.040   0.045 793.599 ) T:1969191 (   0.039   0.045   0.084   0.491 290.047 2457.599 )
326.899: I:84224 (   0.040   0.045 864.767 ) T:2053415 (   0.039   0.045   0.084   0.451 286.207 2457.599 )
336.899: I:92860 (   0.040   0.045 841.215 ) T:2146275 (   0.039   0.045   0.083   0.431 285.439 2457.599 )
346.899: I:71269 (   0.040   0.045 1097.727 ) T:2217544 (   0.040   0.045   0.083   0.415 285.183 2457.599 )
356.902: I:49898 (   0.040   0.045 1067.007 ) T:2267442 (   0.040   0.045   0.083   0.415 285.695 2457.599 )
366.903: I:81315 (   0.040   0.045 713.727 ) T:2348757 (   0.040   0.045   0.083   0.402 285.439 2457.599 )
376.901: I:76853 (   0.040   0.045 2063.359 ) T:2425610 (   0.040   0.045   0.082   0.390 285.183 2457.599 )
386.900: I:71998 (   0.040   0.045 808.959 ) T:2497608 (   0.040   0.045   0.082   0.381 285.439 2457.599 )
396.902: I:89106 (   0.040   0.045 711.167 ) T:2586714 (   0.040   0.045   0.082   0.364 283.135 2457.599 )
406.899: I:67504 (   0.040   0.044 1366.015 ) T:2654218 (   0.040   0.045   0.081   0.354 283.135 2457.599 )
416.899: I:74501 (   0.040   0.045 652.799 ) T:2728719 (   0.040   0.045   0.081   0.346 282.111 2457.599 )
426.899: I:77818 (   0.040   0.044 1251.327 ) T:2806537 (   0.040   0.045   0.080   0.336 279.551 2457.599 )
436.899: I:97295 (   0.040   0.045 1534.975 ) T:2903832 (   0.040   0.045   0.080   0.321 275.967 2457.599 )
446.902: I:74104 (   0.041   0.045 1105.919 ) T:2977936 (   0.040   0.045   0.080   0.317 275.711 2457.599 )
456.900: I:42584 (   0.040   0.045 2281.471 ) T:3020520 (   0.040   0.045   0.080   0.314 275.967 2457.599 )
466.899: I:71502 (   0.041   0.045 1494.015 ) T:3092022 (   0.040   0.045   0.079   0.306 275.711 2457.599 )
476.902: I:82126 (   0.041   0.045 1530.879 ) T:3174148 (   0.040   0.045   0.079   0.297 273.407 2457.599 )
486.899: I:85382 (   0.041   0.045 603.647 ) T:3259530 (   0.040   0.045   0.079   0.292 272.383 2457.599 )
496.905: I:63765 (   0.041   0.045 3352.575 ) T:3323295 (   0.040   0.045   0.078   0.286 269.823 3352.575 )
507.055: I:74542 (   0.040   0.045 971.775 ) T:3397837 (   0.040   0.045   0.078   0.281 268.799 3352.575 )
516.900: I:81550 (   0.041   0.045 1218.559 ) T:3479387 (   0.040   0.045   0.078   0.276 267.519 3352.575 )
526.904: I:85651 (   0.042   0.047 1571.839 ) T:3565038 (   0.040   0.045   0.078   0.270 264.703 3352.575 )
536.900: I:93748 (   0.042   0.046 966.655 ) T:3658786 (   0.040   0.045   0.078   0.263 261.631 3352.575 )
546.898: I:61752 (   0.042   0.047 1903.615 ) T:3720538 (   0.040   0.045   0.078   0.262 261.247 3352.575 )
556.905: I:70030 (   0.042   0.046 540.671 ) T:3790568 (   0.040   0.045   0.077   0.261 261.247 3352.575 )
566.902: I:56000 (   0.042   0.046 824.319 ) T:3846568 (   0.040   0.045   0.077   0.259 264.447 3352.575 )
576.906: I:31181 (   0.042   0.048 2222.079 ) T:3877749 (   0.040   0.045   0.078   0.261 267.263 3352.575 )
586.900: I:74459 (   0.042   0.046 1223.679 ) T:3952208 (   0.040   0.045   0.078   0.259 264.959 3352.575 )
596.904: I:79304 (   0.042   0.046 799.231 ) T:4031512 (   0.040   0.045   0.078   0.254 264.703 3352.575 )
606.903: I:54285 (   0.042   0.047 643.583 ) T:4085797 (   0.040   0.045   0.078   0.255 267.007 3352.575 )
616.899: I:73155 (   0.042   0.046 961.535 ) T:4158952 (   0.040   0.045   0.078   0.253 265.727 3352.575 )
626.905: I:67695 (   0.042   0.046 836.095 ) T:4226647 (   0.040   0.045   0.078   0.251 265.727 3352.575 )
636.902: I:68905 (   0.042   0.046 901.631 ) T:4295552 (   0.040   0.045   0.078   0.249 267.007 3352.575 )
646.904: I:80164 (   0.042   0.046 981.503 ) T:4375716 (   0.040   0.045   0.078   0.247 264.959 3352.575 )
656.898: I:92196 (   0.042   0.047 424.703 ) T:4467912 (   0.040   0.045   0.077   0.245 263.167 3352.575 )
666.899: I:58582 (   0.042   0.047 1703.935 ) T:4526494 (   0.040   0.045   0.078   0.244 264.703 3352.575 )
676.898: I:58917 (   0.042   0.047 903.679 ) T:4585411 (   0.040   0.045   0.078   0.242 267.007 3352.575 )
686.905: I:76700 (   0.042   0.047 819.199 ) T:4662111 (   0.040   0.045   0.077   0.239 264.959 3352.575 )
696.904: I:70154 (   0.042   0.047 1732.607 ) T:4732265 (   0.040   0.045   0.077   0.237 265.471 3352.575 )
706.902: I:75961 (   0.042   0.047 848.895 ) T:4808226 (   0.040   0.045   0.077   0.235 265.471 3352.575 )
716.898: I:80886 (   0.042   0.047 886.271 ) T:4889112 (   0.041   0.046   0.077   0.233 264.703 3352.575 )
726.898: I:85315 (   0.042   0.047 594.943 ) T:4974427 (   0.041   0.046   0.077   0.231 263.423 3352.575 )
736.903: I:52254 (   0.042   0.047 1703.935 ) T:5026681 (   0.041   0.046   0.077   0.230 264.703 3352.575 )
746.902: I:57516 (   0.042   0.047 974.335 ) T:5084197 (   0.041   0.046   0.077   0.230 264.703 3352.575 )
756.902: I:64103 (   0.042   0.047 958.975 ) T:5148300 (   0.041   0.046   0.077   0.229 264.959 3352.575 )
766.903: I:65689 (   0.042   0.046 626.687 ) T:5213989 (   0.041   0.046   0.077   0.229 264.959 3352.575 )
776.902: I:66694 (   0.042   0.046 1225.727 ) T:5280683 (   0.041   0.046   0.077   0.228 264.703 3352.575 )
786.898: I:80866 (   0.042   0.046 1018.879 ) T:5361549 (   0.041   0.046   0.077   0.227 264.703 3352.575 )
796.904: I:76317 (   0.042   0.047 1083.391 ) T:5437866 (   0.041   0.046   0.076   0.226 263.167 3352.575 )
806.905: I:85488 (   0.042   0.046 1228.799 ) T:5523354 (   0.041   0.046   0.076   0.225 261.247 3352.575 )
816.905: I:75541 (   0.042   0.046 870.399 ) T:5598895 (   0.041   0.046   0.076   0.224 260.095 3352.575 )
826.904: I:78091 (   0.042   0.047 1168.383 ) T:5676986 (   0.041   0.046   0.076   0.223 259.711 3352.575 )
836.902: I:71200 (   0.043   0.047 713.215 ) T:5748186 (   0.041   0.046   0.076   0.223 260.479 3352.575 )
846.902: I:71170 (   0.042   0.046 1155.071 ) T:5819356 (   0.041   0.046   0.076   0.222 260.479 3352.575 )
856.904: I:73529 (   0.042   0.047 930.303 ) T:5892885 (   0.041   0.046   0.076   0.222 259.967 3352.575 )
866.899: I:46325 (   0.042   0.047 1853.439 ) T:5939210 (   0.041   0.046   0.076   0.222 262.911 3352.575 )
876.905: I:49042 (   0.042   0.047 3911.679 ) T:5988252 (   0.041   0.046   0.076   0.222 262.911 3911.679 )
886.899: I:65716 (   0.042   0.047 844.799 ) T:6053968 (   0.041   0.046   0.076   0.222 263.167 3911.679 )
896.902: I:78797 (   0.042   0.047 1008.639 ) T:6132765 (   0.041   0.046   0.076   0.221 262.399 3911.679 )
906.899: I:81700 (   0.042   0.047 473.855 ) T:6214465 (   0.041   0.046   0.076   0.221 262.015 3911.679 )
916.905: I:57726 (   0.042   0.047 1443.839 ) T:6272191 (   0.041   0.046   0.076   0.221 262.399 3911.679 )
926.899: I:68454 (   0.042   0.047 816.639 ) T:6340645 (   0.041   0.046   0.076   0.220 263.167 3911.679 )
936.905: I:70726 (   0.042   0.047 620.031 ) T:6411371 (   0.041   0.046   0.076   0.220 264.447 3911.679 )
946.902: I:76428 (   0.043   0.047 766.463 ) T:6487799 (   0.041   0.046   0.076   0.219 262.911 3911.679 )
956.896: I:94733 (   0.042   0.047 908.799 ) T:6582532 (   0.041   0.046   0.076   0.218 260.095 3911.679 )
966.898: I:74953 (   0.043   0.047 1172.479 ) T:6657485 (   0.041   0.046   0.076   0.217 259.711 3911.679 )
976.898: I:63968 (   0.043   0.047 982.015 ) T:6721453 (   0.041   0.046   0.075   0.217 259.711 3911.679 )
986.902: I:53580 (   0.042   0.047 993.791 ) T:6775033 (   0.041   0.046   0.075   0.217 262.015 3911.679 )
996.912: I:69231 (   0.042   0.047 560.127 ) T:6844264 (   0.041   0.046   0.075   0.217 262.911 3911.679 )
1006.899: I:54146 (   0.042   0.046 1210.367 ) T:6898410 (   0.041   0.046   0.075   0.217 264.703 3911.679 )
1016.904: I:33403 (   0.042   0.046 788.479 ) T:6931813 (   0.041   0.046   0.075   0.218 267.007 3911.679 )
1026.903: I:39511 (   0.042   0.046 3420.159 ) T:6971324 (   0.041   0.046   0.075   0.218 268.287 3911.679 )
1036.903: I:83205 (   0.042   0.047 630.783 ) T:7054529 (   0.041   0.046   0.075   0.217 268.031 3911.679 )
1046.903: I:59866 (   0.042   0.047 1579.007 ) T:7114395 (   0.041   0.046   0.075   0.217 268.287 3911.679 )
1056.902: I:76436 (   0.042   0.047 544.767 ) T:7190831 (   0.041   0.046   0.075   0.216 268.287 3911.679 )
1066.905: I:78821 (   0.042   0.046 860.159 ) T:7269652 (   0.041   0.046   0.075   0.215 268.287 3911.679 )
1076.904: I:68664 (   0.042   0.046 1183.743 ) T:7338316 (   0.041   0.046   0.075   0.215 268.287 3911.679 )
1086.904: I:70144 (   0.042   0.046 829.439 ) T:7408460 (   0.041   0.046   0.075   0.214 268.287 3911.679 )
1096.905: I:80418 (   0.042   0.047 877.567 ) T:7488878 (   0.041   0.046   0.075   0.213 268.287 3911.679 )
1106.906: I:51904 (   0.042   0.047 2574.335 ) T:7540782 (   0.041   0.046   0.075   0.213 268.287 3911.679 )
1116.903: I:48468 (   0.042   0.047 922.111 ) T:7589250 (   0.041   0.046   0.075   0.213 269.055 3911.679 )
1126.899: I:62505 (   0.042   0.046 582.655 ) T:7651755 (   0.041   0.046   0.075   0.213 268.799 3911.679 )
1136.905: I:65073 (   0.042   0.047 866.815 ) T:7716828 (   0.041   0.046   0.075   0.213 269.055 3911.679 )
1146.902: I:58228 (   0.042   0.047 1294.335 ) T:7775056 (   0.041   0.046   0.075   0.213 269.567 3911.679 )
1156.904: I:78326 (   0.042   0.047 912.383 ) T:7853382 (   0.041   0.046   0.075   0.212 268.799 3911.679 )
1166.903: I:51346 (   0.042   0.047 760.319 ) T:7904728 (   0.041   0.046   0.075   0.211 268.799 3911.679 )
1176.906: I:78056 (   0.042   0.047 3538.943 ) T:7982784 (   0.041   0.046   0.075   0.211 268.287 3911.679 )
1186.899: I:86103 (   0.042   0.047 958.975 ) T:8068887 (   0.041   0.046   0.075   0.210 268.031 3911.679 )
1196.905: I:73752 (   0.042   0.047 696.319 ) T:8142639 (   0.041   0.046   0.075   0.209 267.263 3911.679 )
1206.899: I:61833 (   0.042   0.047 1824.767 ) T:8204472 (   0.041   0.046   0.075   0.209 268.031 3911.679 )
1216.902: I:74605 (   0.042   0.047 718.847 ) T:8279077 (   0.041   0.046   0.075   0.208 268.031 3911.679 )
1226.903: I:72687 (   0.042   0.047 527.359 ) T:8351764 (   0.041   0.046   0.075   0.208 268.031 3911.679 )
1236.908: I:65007 (   0.042   0.047 1519.615 ) T:8416771 (   0.041   0.046   0.075   0.207 268.287 3911.679 )
1246.905: I:74944 (   0.042   0.047 1600.511 ) T:8491715 (   0.041   0.046   0.075   0.207 267.519 3911.679 )
1256.906: I:73137 (   0.042   0.046 679.935 ) T:8564852 (   0.041   0.046   0.075   0.206 267.263 3911.679 )
1266.899: I:58949 (   0.042   0.046 534.015 ) T:8623801 (   0.041   0.046   0.074   0.206 268.031 3911.679 )
1276.899: I:68778 (   0.042   0.046 1405.951 ) T:8692579 (   0.041   0.046   0.074   0.206 268.031 3911.679 )
1286.905: I:81531 (   0.042   0.046 540.671 ) T:8774110 (   0.041   0.046   0.074   0.206 267.263 3911.679 )
1296.899: I:71513 (   0.042   0.047 847.871 ) T:8845623 (   0.041   0.046   0.074   0.205 267.519 3911.679 )
1306.903: I:58826 (   0.042   0.046 1540.095 ) T:8904449 (   0.041   0.046   0.074   0.205 267.263 3911.679 )
1316.905: I:75796 (   0.042   0.047 1267.711 ) T:8980245 (   0.041   0.046   0.074   0.205 267.007 3911.679 )
1326.905: I:48142 (   0.042   0.046 339.455 ) T:9028387 (   0.041   0.046   0.074   0.205 266.495 3911.679 )
1336.901: I:82690 (   0.042   0.046 800.767 ) T:9111077 (   0.041   0.046   0.074   0.205 265.471 3911.679 )
1346.901: I:71751 (   0.042   0.046 779.263 ) T:9182828 (   0.041   0.046   0.074   0.204 264.703 3911.679 )
1356.898: I:65735 (   0.042   0.047 671.743 ) T:9248563 (   0.041   0.046   0.074   0.204 266.495 3911.679 )
1366.898: I:87479 (   0.042   0.046 611.327 ) T:9336042 (   0.041   0.046   0.074   0.203 265.471 3911.679 )
1376.906: I:44813 (   0.042   0.047 2066.431 ) T:9380855 (   0.041   0.046   0.074   0.204 267.007 3911.679 )
1386.899: I:79782 (   0.042   0.046 838.143 ) T:9460637 (   0.041   0.046   0.074   0.203 267.007 3911.679 )
1396.902: I:84467 (   0.042   0.047 543.743 ) T:9545104 (   0.041   0.046   0.074   0.202 267.007 3911.679 )
1406.902: I:78495 (   0.042   0.047 1205.247 ) T:9623599 (   0.041   0.046   0.074   0.202 267.007 3911.679 )
1416.902: I:61024 (   0.043   0.047 2242.559 ) T:9684623 (   0.041   0.046   0.074   0.201 266.495 3911.679 )
1426.902: I:70726 (   0.042   0.047 950.783 ) T:9755349 (   0.041   0.046   0.074   0.201 267.007 3911.679 )
1436.899: I:51918 (   0.042   0.047 4116.479 ) T:9807267 (   0.041   0.046   0.074   0.201 266.495 4116.479 )
1446.905: I:79731 (   0.042   0.046 781.823 ) T:9886998 (   0.041   0.046   0.073   0.199 267.007 4116.479 )
1456.899: I:80584 (   0.042   0.047 857.087 ) T:9967582 (   0.041   0.046   0.073   0.199 267.007 4116.479 )
1466.898: I:81361 (   0.042   0.047 835.583 ) T:10048943 (   0.041   0.046   0.073   0.199 265.727 4116.479 )
1476.905: I:54438 (   0.042   0.047 1633.279 ) T:10103381 (   0.041   0.046   0.073   0.199 265.727 4116.479 )
1486.902: I:65866 (   0.042   0.046 1159.167 ) T:10169247 (   0.041   0.046   0.073   0.199 265.727 4116.479 )
1496.904: I:66694 (   0.042   0.046 488.703 ) T:10235941 (   0.041   0.046   0.073   0.199 267.007 4116.479 )
1506.899: I:58143 (   0.042   0.046 2772.991 ) T:10294084 (   0.041   0.046   0.073   0.199 267.263 4116.479 )
1516.899: I:59248 (   0.042   0.046 1074.175 ) T:10353332 (   0.041   0.046   0.073   0.199 268.031 4116.479 )
1526.905: I:46750 (   0.042   0.046 678.399 ) T:10400082 (   0.041   0.046   0.073   0.199 268.287 4116.479 )
1536.902: I:74346 (   0.042   0.046 672.767 ) T:10474428 (   0.041   0.046   0.073   0.199 268.287 4116.479 )
1546.899: I:61876 (   0.042   0.046 766.975 ) T:10536304 (   0.041   0.046   0.073   0.199 269.055 4116.479 )
1556.904: I:71938 (   0.042   0.046 715.263 ) T:10608242 (   0.041   0.046   0.073   0.199 269.055 4116.479 )
1566.899: I:75550 (   0.042   0.046 1653.759 ) T:10683792 (   0.041   0.046   0.073   0.198 268.287 4116.479 )
1576.905: I:75362 (   0.042   0.046 834.047 ) T:10759154 (   0.041   0.046   0.073   0.197 268.287 4116.479 )
1586.899: I:69607 (   0.042   0.046 1248.255 ) T:10828761 (   0.041   0.046   0.073   0.197 268.799 4116.479 )
1596.901: I:60596 (   0.042   0.047 1213.439 ) T:10889357 (   0.041   0.046   0.073   0.197 269.055 4116.479 )
1606.898: I:107882 (   0.042   0.047 828.415 ) T:10997239 (   0.041   0.046   0.073   0.196 268.287 4116.479 )
1616.899: I:75187 (   0.042   0.046 1804.287 ) T:11072426 (   0.041   0.046   0.073   0.196 268.287 4116.479 )
1626.902: I:84893 (   0.042   0.046 848.895 ) T:11157319 (   0.041   0.046   0.073   0.195 268.031 4116.479 )
1636.899: I:82540 (   0.042   0.047 777.727 ) T:11239859 (   0.041   0.046   0.073   0.195 268.287 4116.479 )
1646.899: I:93484 (   0.042   0.047 1425.407 ) T:11333343 (   0.041   0.046   0.073   0.194 267.519 4116.479 )
1656.904: I:130270 (   0.042   0.047 577.023 ) T:11463613 (   0.041   0.046   0.073   0.193 265.727 4116.479 )
1666.899: I:118167 (   0.042   0.047 1272.831 ) T:11581780 (   0.041   0.046   0.072   0.192 264.703 4116.479 )
1679.994: I:109158 (   0.042   0.047 3624.959 ) T:11690938 (   0.041   0.046   0.072   0.190 263.935 4116.479 )
1686.898: I:70911 (   0.042   0.047 609.791 ) T:11761849 (   0.041   0.046   0.072   0.189 263.423 4116.479 )
1696.901: I:47416 (   0.043   0.058 869.887 ) T:11809265 (   0.041   0.046   0.072   0.191 264.191 4116.479 )
1706.906: I:43057 (   0.043   0.058 1320.959 ) T:11852322 (   0.041   0.046   0.073   0.192 263.935 4116.479 )
1716.906: I:28940 (   0.044   0.064 602.111 ) T:11881262 (   0.041   0.046   0.073   0.193 264.447 4116.479 )
1726.904: I:34623 (   0.043   0.064 410.623 ) T:11915885 (   0.041   0.046   0.074   0.194 264.703 4116.479 )
1736.904: I:51894 (   0.043   0.058 791.551 ) T:11967779 (   0.041   0.046   0.074   0.195 264.703 4116.479 )
1746.905: I:52521 (   0.042   0.058 686.591 ) T:12020300 (   0.041   0.046   0.074   0.196 264.703 4116.479 )
1756.906: I:27365 (   0.045   0.066 1022.975 ) T:12047665 (   0.041   0.046   0.074   0.197 264.703 4116.479 )
1766.906: I:91716 (   0.042   0.046 986.111 ) T:12139381 (   0.041   0.046   0.074   0.197 264.703 4116.479 )
1776.905: I:59869 (   0.042   0.047 530.943 ) T:12199250 (   0.041   0.046   0.074   0.197 264.703 4116.479 )
1786.905: I:46984 (   0.042   0.046 1969.151 ) T:12246234 (   0.041   0.046   0.074   0.198 265.471 4116.479 )
1796.899: I:47137 (   0.042   0.048 4681.727 ) T:12293371 (   0.041   0.046   0.075   0.198 264.703 4681.727 )
1806.899: I:88099 (   0.043   0.047 814.079 ) T:12381470 (   0.041   0.046   0.075   0.197 264.703 4681.727 )
1816.899: I:79222 (   0.042   0.047 1708.031 ) T:12460692 (   0.041   0.046   0.075   0.197 264.703 4681.727 )
1826.899: I:89531 (   0.042   0.047 643.583 ) T:12550223 (   0.042   0.046   0.075   0.197 264.703 4681.727 )
1836.899: I:111599 (   0.042   0.047 664.063 ) T:12661822 (   0.042   0.046   0.075   0.196 263.935 4681.727 )
1846.906: I:57731 (   0.042   0.048 1036.799 ) T:12719553 (   0.042   0.046   0.075   0.196 264.447 4681.727 )
1856.899: I:80709 (   0.042   0.047 646.655 ) T:12800262 (   0.042   0.046   0.075   0.196 264.447 4681.727 )
1866.899: I:87098 (   0.042   0.047 467.967 ) T:12887360 (   0.042   0.046   0.076   0.195 264.191 4681.727 )
1876.906: I:70951 (   0.043   0.047 513.535 ) T:12958311 (   0.042   0.046   0.076   0.195 263.935 4681.727 )
1886.906: I:89099 (   0.042   0.047 2498.559 ) T:13047410 (   0.042   0.046   0.076   0.194 263.935 4681.727 )
1896.899: I:47098 (   0.043   0.059 700.927 ) T:13094508 (   0.042   0.046   0.076   0.195 264.447 4681.727 )
1906.898: I:113196 (   0.042   0.047 2034.687 ) T:13207704 (   0.042   0.046   0.076   0.194 263.423 4681.727 )
1916.903: I:93323 (   0.043   0.047 566.783 ) T:13301027 (   0.042   0.046   0.076   0.193 262.911 4681.727 )
1926.899: I:76434 (   0.042   0.047 558.079 ) T:13377461 (   0.042   0.046   0.076   0.193 263.167 4681.727 )
1936.902: I:72377 (   0.042   0.046 489.983 ) T:13449838 (   0.042   0.046   0.076   0.193 263.423 4681.727 )
1946.905: I:75644 (   0.042   0.046 2951.167 ) T:13525482 (   0.042   0.046   0.076   0.192 262.655 4681.727 )
1956.902: I:85682 (   0.042   0.046 647.679 ) T:13611164 (   0.042   0.046   0.076   0.191 262.655 4681.727 )
1966.905: I:72963 (   0.042   0.046 721.407 ) T:13684127 (   0.042   0.046   0.076   0.191 262.399 4681.727 )
1976.904: I:66178 (   0.042   0.046 871.935 ) T:13750305 (   0.042   0.046   0.076   0.190 261.887 4681.727 )
1986.905: I:84869 (   0.042   0.046 1744.895 ) T:13835174 (   0.042   0.046   0.076   0.189 261.247 4681.727 )
1996.904: I:47309 (   0.042   0.046 464.639 ) T:13882483 (   0.042   0.046   0.076   0.190 262.911 4681.727 )
2006.906: I:47448 (   0.041   0.046 1751.039 ) T:13929931 (   0.042   0.046   0.076   0.190 263.167 4681.727 )
2016.905: I:30108 (   0.041   0.046 349.951 ) T:13960039 (   0.042   0.046   0.076   0.192 263.423 4681.727 )
2026.905: I:65545 (   0.042   0.046 712.703 ) T:14025584 (   0.042   0.046   0.076   0.192 263.935 4681.727 )
2036.899: I:42070 (   0.042   0.046 1531.903 ) T:14067654 (   0.042   0.046   0.076   0.192 264.447 4681.727 )
2046.906: I:39629 (   0.042   0.046 588.287 ) T:14107283 (   0.042   0.046   0.076   0.193 264.703 4681.727 )
2056.899: I:82871 (   0.042   0.046 764.927 ) T:14190154 (   0.042   0.046   0.076   0.193 264.447 4681.727 )
2066.899: I:49762 (   0.042   0.047 4239.359 ) T:14239916 (   0.042   0.046   0.076   0.192 264.447 4681.727 )
2077.052: I:67809 (   0.042   0.047 1162.239 ) T:14307725 (   0.042   0.046   0.076   0.192 264.447 4681.727 )
2086.904: I:69260 (   0.042   0.046 837.631 ) T:14376985 (   0.042   0.046   0.076   0.192 264.703 4681.727 )
2096.904: I:80410 (   0.042   0.047 1614.847 ) T:14457395 (   0.042   0.046   0.075   0.191 264.447 4681.727 )
2106.905: I:74929 (   0.042   0.046 1491.967 ) T:14532324 (   0.042   0.046   0.075   0.190 264.447 4681.727 )
2116.898: I:87813 (   0.042   0.047 781.311 ) T:14620137 (   0.042   0.046   0.075   0.190 264.191 4681.727 )
2126.899: I:80323 (   0.042   0.047 1198.079 ) T:14700460 (   0.042   0.046   0.075   0.189 264.191 4681.727 )
2136.899: I:61063 (   0.042   0.047 2140.159 ) T:14761523 (   0.042   0.046   0.075   0.189 264.191 4681.727 )
2146.899: I:72027 (   0.042   0.047 697.343 ) T:14833550 (   0.042   0.046   0.075   0.189 264.447 4681.727 )
2156.904: I:51775 (   0.042   0.046 674.303 ) T:14885325 (   0.042   0.046   0.075   0.189 264.447 4681.727 )
2166.905: I:79621 (   0.042   0.046 1116.159 ) T:14964946 (   0.042   0.046   0.075   0.189 264.447 4681.727 )
2176.905: I:48862 (   0.042   0.047 1174.527 ) T:15013808 (   0.042   0.046   0.075   0.189 264.703 4681.727 )
2186.899: I:52181 (   0.042   0.047 995.839 ) T:15065989 (   0.042   0.046   0.076   0.189 264.703 4681.727 )
2196.899: I:78734 (   0.042   0.046 746.495 ) T:15144723 (   0.042   0.046   0.076   0.189 264.703 4681.727 )
2206.905: I:70770 (   0.042   0.046 1074.175 ) T:15215493 (   0.042   0.046   0.076   0.189 264.703 4681.727 )
2216.905: I:70245 (   0.042   0.046 808.959 ) T:15285738 (   0.042   0.046   0.075   0.188 264.703 4681.727 )
2226.905: I:54099 (   0.042   0.046 685.055 ) T:15339837 (   0.042   0.046   0.075   0.188 265.727 4681.727 )
2236.899: I:52125 (   0.041   0.046 1782.783 ) T:15391962 (   0.042   0.046   0.075   0.188 265.983 4681.727 )
2246.905: I:75225 (   0.042   0.046 687.103 ) T:15467187 (   0.042   0.046   0.075   0.188 267.007 4681.727 )
2256.899: I:66687 (   0.042   0.046 633.343 ) T:15533874 (   0.042   0.046   0.075   0.188 267.263 4681.727 )
2266.899: I:50150 (   0.042   0.046 1992.703 ) T:15584024 (   0.042   0.046   0.075   0.188 267.007 4681.727 )
2276.906: I:83577 (   0.042   0.046 869.375 ) T:15667601 (   0.042   0.046   0.075   0.188 267.007 4681.727 )
2286.903: I:50920 (   0.042   0.046 976.383 ) T:15718521 (   0.042   0.046   0.075   0.188 267.263 4681.727 )
2296.900: I:68836 (   0.042   0.046 1613.823 ) T:15787357 (   0.042   0.046   0.075   0.187 267.007 4681.727 )
2306.902: I:76973 (   0.042   0.047 819.199 ) T:15864330 (   0.042   0.046   0.075   0.187 267.263 4681.727 )
2316.904: I:65819 (   0.042   0.046 683.007 ) T:15930149 (   0.042   0.046   0.075   0.187 267.263 4681.727 )
2326.899: I:56266 (   0.042   0.047 2222.079 ) T:15986415 (   0.042   0.046   0.075   0.187 268.031 4681.727 )
2337.119: I:74661 (   0.042   0.046 647.167 ) T:16061076 (   0.042   0.046   0.075   0.187 267.519 4681.727 )
2346.899: I:44183 (   0.042   0.047 3244.031 ) T:16105259 (   0.042   0.046   0.075   0.187 268.031 4681.727 )
2356.899: I:55345 (   0.042   0.047 569.343 ) T:16160604 (   0.042   0.046   0.075   0.187 268.031 4681.727 )
2366.905: I:73223 (   0.042   0.047 787.967 ) T:16233827 (   0.042   0.046   0.075   0.187 268.287 4681.727 )
2376.905: I:79042 (   0.042   0.046 663.039 ) T:16312869 (   0.042   0.046   0.075   0.187 268.031 4681.727 )
2386.899: I:68050 (   0.042   0.047 686.591 ) T:16380919 (   0.042   0.046   0.075   0.186 268.031 4681.727 )
2396.906: I:63120 (   0.042   0.047 2162.687 ) T:16444039 (   0.042   0.046   0.075   0.186 268.287 4681.727 )
2406.902: I:70253 (   0.042   0.047 738.815 ) T:16514292 (   0.042   0.046   0.075   0.186 268.287 4681.727 )
2416.906: I:66411 (   0.042   0.047 866.815 ) T:16580703 (   0.042   0.046   0.075   0.186 268.287 4681.727 )
2426.898: I:66728 (   0.042   0.047 2314.239 ) T:16647431 (   0.042   0.046   0.075   0.186 268.287 4681.727 )
2436.904: I:77236 (   0.042   0.046 869.375 ) T:16724667 (   0.042   0.046   0.075   0.185 268.031 4681.727 )
2446.903: I:72631 (   0.042   0.047 1061.887 ) T:16797298 (   0.042   0.046   0.075   0.185 268.287 4681.727 )
2456.906: I:75843 (   0.042   0.046 1495.039 ) T:16873141 (   0.042   0.046   0.075   0.184 267.519 4681.727 )
2466.899: I:69625 (   0.042   0.046 737.791 ) T:16942766 (   0.042   0.046   0.075   0.185 268.031 4681.727 )
2476.902: I:72070 (   0.042   0.046 1615.871 ) T:17014836 (   0.042   0.046   0.075   0.184 268.031 4681.727 )
2486.902: I:64084 (   0.042   0.046 2020.351 ) T:17078920 (   0.042   0.046   0.075   0.184 268.031 4681.727 )
2496.903: I:46623 (   0.042   0.047 485.119 ) T:17125543 (   0.042   0.046   0.075   0.185 268.031 4681.727 )
2506.903: I:37480 (   0.042   0.046 854.527 ) T:17163023 (   0.042   0.046   0.075   0.185 268.287 4681.727 )
2516.906: I:24269 (   0.042   0.048 1259.519 ) T:17187292 (   0.042   0.046   0.075   0.186 268.799 4681.727 )
2526.903: I:70548 (   0.042   0.046 1141.759 ) T:17257840 (   0.042   0.046   0.075   0.185 268.287 4681.727 )
2536.899: I:79531 (   0.042   0.046 978.431 ) T:17337371 (   0.042   0.046   0.075   0.185 268.287 4681.727 )
2546.902: I:73947 (   0.042   0.047 1187.839 ) T:17411318 (   0.042   0.046   0.075   0.185 268.031 4681.727 )
2556.902: I:62645 (   0.042   0.047 1183.743 ) T:17473963 (   0.042   0.046   0.075   0.185 268.287 4681.727 )
2566.903: I:73213 (   0.042   0.046 777.215 ) T:17547176 (   0.042   0.046   0.075   0.185 268.287 4681.727 )
2576.903: I:46406 (   0.042   0.046 1262.591 ) T:17593582 (   0.042   0.046   0.075   0.185 268.287 4681.727 )
2586.903: I:69496 (   0.042   0.046 1367.039 ) T:17663078 (   0.042   0.046   0.075   0.185 268.287 4681.727 )
2596.898: I:74121 (   0.042   0.046 783.871 ) T:17737199 (   0.042   0.046   0.075   0.185 268.543 4681.727 )
2606.903: I:71510 (   0.042   0.046 1269.759 ) T:17808709 (   0.042   0.046   0.075   0.184 268.543 4681.727 )
2616.904: I:68904 (   0.041   0.046 1151.999 ) T:17877613 (   0.042   0.046   0.075   0.184 268.543 4681.727 )
2626.899: I:70744 (   0.042   0.046 717.311 ) T:17948357 (   0.042   0.046   0.075   0.184 269.055 4681.727 )
2636.905: I:71191 (   0.042   0.046 659.967 ) T:18019548 (   0.042   0.046   0.075   0.184 269.055 4681.727 )
2647.158: I:71086 (   0.042   0.046 1683.455 ) T:18090634 (   0.042   0.046   0.074   0.184 269.055 4681.727 )
2656.905: I:72536 (   0.042   0.046 780.799 ) T:18163170 (   0.042   0.046   0.074   0.184 269.055 4681.727 )
2666.898: I:71038 (   0.042   0.046 584.703 ) T:18234208 (   0.042   0.046   0.074   0.184 269.055 4681.727 )
2676.906: I:59665 (   0.042   0.046 973.311 ) T:18293873 (   0.042   0.046   0.074   0.184 269.311 4681.727 )
2686.990: I:53385 (   0.042   0.048 739.839 ) T:18347258 (   0.042   0.046   0.074   0.184 269.311 4681.727 )
2696.905: I:64299 (   0.042   0.046 857.087 ) T:18411557 (   0.042   0.046   0.074   0.184 269.567 4681.727 )
2706.899: I:35111 (   0.042   0.046 4792.319 ) T:18446668 (   0.042   0.046   0.074   0.184 269.567 4792.319 )
2716.905: I:60687 (   0.042   0.046 568.319 ) T:18507355 (   0.042   0.046   0.074   0.184 270.079 4792.319 )
2726.899: I:31689 (   0.042   0.046 426.495 ) T:18539044 (   0.042   0.046   0.074   0.185 270.079 4792.319 )
2736.906: I:78311 (   0.042   0.046 1005.055 ) T:18617355 (   0.042   0.046   0.074   0.185 270.079 4792.319 )
2746.905: I:76421 (   0.042   0.046 1161.215 ) T:18693776 (   0.042   0.046   0.074   0.184 269.567 4792.319 )
2756.899: I:70075 (   0.042   0.047 732.159 ) T:18763851 (   0.042   0.046   0.074   0.184 269.567 4792.319 )
2770.983: I:68616 (   0.042   0.046 690.687 ) T:18832467 (   0.042   0.046   0.074   0.184 269.311 4792.319 )
2776.903: I:45077 (   0.042   0.046 6332.415 ) T:18877544 (   0.042   0.046   0.074   0.184 269.311 6332.415 )
2786.898: I:77655 (   0.042   0.046 657.407 ) T:18955199 (   0.042   0.046   0.074   0.184 269.311 6332.415 )
2796.906: I:69670 (   0.042   0.046 856.063 ) T:19024869 (   0.042   0.046   0.074   0.184 269.567 6332.415 )
2806.905: I:58064 (   0.042   0.046 634.367 ) T:19082933 (   0.042   0.046   0.074   0.184 269.567 6332.415 )
2816.902: I:59334 (   0.042   0.046 1940.479 ) T:19142267 (   0.042   0.046   0.074   0.184 269.567 6332.415 )
2826.899: I:63654 (   0.042   0.046 617.471 ) T:19205921 (   0.042   0.046   0.074   0.184 269.567 6332.415 )
2836.903: I:62463 (   0.042   0.046 787.455 ) T:19268384 (   0.042   0.046   0.074   0.184 269.567 6332.415 )
2846.899: I:80644 (   0.042   0.046 776.703 ) T:19349028 (   0.042   0.046   0.074   0.184 269.567 6332.415 )
2856.939: I:86760 (   0.042   0.046 1171.455 ) T:19435788 (   0.042   0.046   0.074   0.183 269.055 6332.415 )
2866.899: I:64374 (   0.042   0.046 1163.263 ) T:19500162 (   0.042   0.046   0.074   0.183 269.311 6332.415 )
2876.898: I:77332 (   0.042   0.046 1374.207 ) T:19577494 (   0.042   0.046   0.074   0.183 268.799 6332.415 )
2886.903: I:74341 (   0.042   0.046 653.311 ) T:19651835 (   0.042   0.046   0.074   0.183 268.543 6332.415 )
2896.905: I:64901 (   0.042   0.046 766.463 ) T:19716736 (   0.042   0.046   0.074   0.183 269.055 6332.415 )
2906.904: I:74888 (   0.042   0.047 1424.383 ) T:19791624 (   0.042   0.046   0.074   0.183 268.543 6332.415 )
2916.899: I:84567 (   0.042   0.047 910.847 ) T:19876191 (   0.042   0.046   0.074   0.182 268.287 6332.415 )
2926.901: I:79021 (   0.042   0.047 1409.023 ) T:19955212 (   0.042   0.046   0.074   0.182 268.287 6332.415 )
2936.898: I:57500 (   0.042   0.047 1649.663 ) T:20012712 (   0.042   0.046   0.074   0.182 268.287 6332.415 )
2946.905: I:82276 (   0.042   0.047 985.087 ) T:20094988 (   0.042   0.046   0.074   0.182 268.031 6332.415 )
2956.899: I:74349 (   0.042   0.047 792.063 ) T:20169337 (   0.042   0.046   0.074   0.182 268.031 6332.415 )
2966.899: I:55227 (   0.042   0.046 1568.767 ) T:20224564 (   0.042   0.046   0.074   0.182 268.287 6332.415 )
2976.899: I:70595 (   0.042   0.047 810.495 ) T:20295159 (   0.042   0.046   0.073   0.182 268.287 6332.415 )
2986.906: I:40227 (   0.042   0.047 438.527 ) T:20335386 (   0.042   0.046   0.073   0.182 268.799 6332.415 )
2996.905: I:39814 (   0.042   0.046 1375.231 ) T:20375200 (   0.042   0.046   0.074   0.183 269.055 6332.415 )
3007.282: I:78226 (   0.042   0.046 942.591 ) T:20453426 (   0.042   0.046   0.073   0.182 268.799 6332.415 )
3016.902: I:73152 (   0.042   0.047 1077.247 ) T:20526578 (   0.042   0.046   0.073   0.182 268.287 6332.415 )
3026.899: I:37651 (   0.042   0.047 3403.775 ) T:20564229 (   0.042   0.046   0.073   0.182 268.799 6332.415 )
3036.905: I:69413 (   0.042   0.046 992.255 ) T:20633642 (   0.042   0.046   0.073   0.182 268.799 6332.415 )
3046.902: I:58360 (   0.042   0.046 765.951 ) T:20692002 (   0.042   0.046   0.073   0.182 269.055 6332.415 )
3056.899: I:50167 (   0.042   0.046 785.919 ) T:20742169 (   0.042   0.046   0.073   0.183 269.567 6332.415 )
3066.902: I:71693 (   0.042   0.046 827.391 ) T:20813862 (   0.042   0.046   0.073   0.182 269.567 6332.415 )
3076.905: I:68743 (   0.042   0.046 812.031 ) T:20882605 (   0.042   0.046   0.073   0.182 269.823 6332.415 )
3086.905: I:63884 (   0.042   0.046 602.623 ) T:20946489 (   0.042   0.046   0.073   0.182 270.079 6332.415 )
3096.905: I:48080 (   0.042   0.046 2390.015 ) T:20994569 (   0.042   0.046   0.073   0.182 270.591 6332.415 )
3106.899: I:60991 (   0.042   0.046 1577.983 ) T:21055560 (   0.042   0.046   0.073   0.182 270.847 6332.415 )
3116.902: I:39427 (   0.042   0.047 715.775 ) T:21094987 (   0.042   0.046   0.073   0.183 271.871 6332.415 )
3126.902: I:67515 (   0.042   0.046 927.231 ) T:21162502 (   0.042   0.046   0.073   0.182 271.615 6332.415 )
3136.901: I:78905 (   0.042   0.047 601.599 ) T:21241407 (   0.042   0.046   0.073   0.182 271.103 6332.415 )
3146.905: I:35884 (   0.043   0.058 588.287 ) T:21277291 (   0.042   0.046   0.074   0.183 272.127 6332.415 )
3156.899: I:44022 (   0.042   0.047 1274.879 ) T:21321313 (   0.042   0.046   0.074   0.183 272.127 6332.415 )
3166.902: I:42583 (   0.042   0.047 891.391 ) T:21363896 (   0.042   0.046   0.074   0.183 272.383 6332.415 )
3176.905: I:62213 (   0.042   0.046 840.191 ) T:21426109 (   0.042   0.046   0.074   0.183 273.151 6332.415 )
3186.902: I:78780 (   0.042   0.046 981.503 ) T:21504889 (   0.042   0.046   0.074   0.183 272.383 6332.415 )
3196.902: I:78497 (   0.042   0.046 942.591 ) T:21583386 (   0.042   0.046   0.073   0.183 272.127 6332.415 )
3206.898: I:98209 (   0.042   0.047 779.775 ) T:21681595 (   0.042   0.046   0.073   0.182 271.871 6332.415 )
3216.900: I:66911 (   0.043   0.047 1524.735 ) T:21748506 (   0.042   0.046   0.073   0.182 271.615 6332.415 )
3226.904: I:63298 (   0.042   0.046 1513.471 ) T:21811804 (   0.042   0.046   0.073   0.182 271.871 6332.415 )
3236.903: I:76863 (   0.042   0.046 909.823 ) T:21888667 (   0.042   0.046   0.073   0.182 271.871 6332.415 )
3246.905: I:62631 (   0.042   0.046 482.559 ) T:21951298 (   0.042   0.046   0.073   0.182 272.127 6332.415 )
3256.898: I:82214 (   0.042   0.046 1687.551 ) T:22033512 (   0.042   0.046   0.073   0.182 271.103 6332.415 )
3266.903: I:74621 (   0.042   0.046 860.159 ) T:22108133 (   0.042   0.046   0.073   0.182 270.847 6332.415 )
3276.900: I:78184 (   0.042   0.046 825.343 ) T:22186317 (   0.042   0.046   0.073   0.181 270.591 6332.415 )
3286.976: I:63387 (   0.042   0.046 2957.311 ) T:22249704 (   0.042   0.046   0.073   0.182 270.591 6332.415 )
3296.903: I:57624 (   0.042   0.046 586.239 ) T:22307328 (   0.042   0.046   0.073   0.182 270.591 6332.415 )
3306.908: I:65936 (   0.042   0.046 917.503 ) T:22373264 (   0.042   0.046   0.073   0.182 270.847 6332.415 )
3316.906: I:32590 (   0.042   0.046 675.839 ) T:22405854 (   0.042   0.046   0.073   0.182 270.847 6332.415 )
3326.906: I:29606 (   0.043   0.062 900.095 ) T:22435460 (   0.042   0.046   0.074   0.183 271.871 6332.415 )
3336.900: I:83864 (   0.042   0.046 769.023 ) T:22519324 (   0.042   0.046   0.074   0.183 271.103 6332.415 )
3346.899: I:60857 (   0.042   0.046 734.207 ) T:22580181 (   0.042   0.046   0.074   0.183 270.847 6332.415 )
3356.898: I:95586 (   0.042   0.046 1229.823 ) T:22675767 (   0.042   0.046   0.074   0.182 270.591 6332.415 )
3366.899: I:53677 (   0.042   0.047 802.815 ) T:22729444 (   0.042   0.046   0.074   0.183 271.103 6332.415 )
3376.902: I:74882 (   0.042   0.047 1047.551 ) T:22804326 (   0.042   0.046   0.074   0.182 270.591 6332.415 )
3386.898: I:75190 (   0.042   0.046 780.799 ) T:22879516 (   0.042   0.046   0.074   0.182 270.847 6332.415 )
3396.898: I:78983 (   0.042   0.046 997.887 ) T:22958499 (   0.042   0.046   0.074   0.182 270.591 6332.415 )
3406.899: I:62107 (   0.042   0.046 731.647 ) T:23020606 (   0.042   0.046   0.074   0.182 270.591 6332.415 )
3416.906: I:60259 (   0.042   0.046 672.255 ) T:23080865 (   0.042   0.046   0.074   0.182 270.847 6332.415 )
3426.903: I:64070 (   0.042   0.046 1508.351 ) T:23144935 (   0.042   0.046   0.073   0.183 270.847 6332.415 )
3436.903: I:66249 (   0.042   0.046 944.127 ) T:23211184 (   0.042   0.046   0.073   0.182 270.847 6332.415 )
3446.899: I:67654 (   0.042   0.047 821.247 ) T:23278838 (   0.042   0.046   0.073   0.182 271.103 6332.415 )
3454.957: I:54494 (   0.042   0.046 1167.359 ) T:23333332 (   0.042   0.046   0.073   0.182 271.103 6332.415 )
3454.996: I:0 (   0.000   0.000   0.000 ) T:23333332 (   0.042   0.046   0.073   0.182 271.103 6332.415 )
