#[Interval percentile log between 0.000 and <Infinite> seconds (relative to StartTime)]
#[StartTime: 1524653760.903 (seconds since epoch), Wed Apr 25 12:56:00 CEST 2018]
Time: IntervalPercentiles:count ( 50% 90% Max ) TotalPercentiles:count ( 50% 90% 99% 99.9% 99.99% Max )
9.998: I:1 (   0.007   0.007   0.007 ) T:1 (   0.007   0.007   0.007   0.007   0.007   0.007 )
19.981: I:1 (   0.006   0.006   0.006 ) T:2 (   0.006   0.007   0.007   0.007   0.007   0.007 )
29.983: I:1 (   0.014   0.014   0.014 ) T:3 (   0.007   0.014   0.014   0.014   0.014   0.014 )
39.981: I:1 (   0.013   0.013   0.013 ) T:4 (   0.007   0.014   0.014   0.014   0.014   0.014 )
49.997: I:1 (   0.015   0.015   0.015 ) T:5 (   0.013   0.015   0.015   0.015   0.015   0.015 )
59.981: I:1 (   0.015   0.015   0.015 ) T:6 (   0.013   0.015   0.015   0.015   0.015   0.015 )
69.980: I:1 (   0.010   0.010   0.010 ) T:7 (   0.013   0.015   0.015   0.015   0.015   0.015 )
79.981: I:1 (   0.015   0.015   0.015 ) T:8 (   0.013   0.015   0.015   0.015   0.015   0.015 )
89.981: I:1 (   0.011   0.011   0.011 ) T:9 (   0.013   0.015   0.015   0.015   0.015   0.015 )
99.981: I:1 (   0.009   0.009   0.009 ) T:10 (   0.011   0.015   0.015   0.015   0.015   0.015 )
109.981: I:1 (   0.007   0.007   0.007 ) T:11 (   0.011   0.015   0.015   0.015   0.015   0.015 )
119.981: I:1 (   0.016   0.016   0.016 ) T:12 (   0.011   0.015   0.016   0.016   0.016   0.016 )
129.981: I:1 (   0.018   0.018   0.018 ) T:13 (   0.013   0.016   0.018   0.018   0.018   0.018 )
139.981: I:1 (   0.010   0.010   0.010 ) T:14 (   0.011   0.016   0.018   0.018   0.018   0.018 )
149.981: I:1 (   0.013   0.013   0.013 ) T:15 (   0.013   0.016   0.018   0.018   0.018   0.018 )
159.980: I:1 (   0.008   0.008   0.008 ) T:16 (   0.011   0.016   0.018   0.018   0.018   0.018 )
170.004: I:1 (   0.013   0.013   0.013 ) T:17 (   0.013   0.016   0.018   0.018   0.018   0.018 )
179.980: I:1 (   0.010   0.010   0.010 ) T:18 (   0.011   0.016   0.018   0.018   0.018   0.018 )
189.980: I:1 (   0.015   0.015   0.015 ) T:19 (   0.013   0.016   0.018   0.018   0.018   0.018 )
199.980: I:1 (   0.007   0.007   0.007 ) T:20 (   0.011   0.015   0.018   0.018   0.018   0.018 )
209.980: I:1 (   0.002   0.002   0.002 ) T:21 (   0.011   0.015   0.018   0.018   0.018   0.018 )
219.981: I:1 (   0.011   0.011   0.011 ) T:22 (   0.011   0.015   0.018   0.018   0.018   0.018 )
229.980: I:1 (   0.008   0.008   0.008 ) T:23 (   0.011   0.015   0.018   0.018   0.018   0.018 )
239.980: I:1 (   0.004   0.004   0.004 ) T:24 (   0.010   0.015   0.018   0.018   0.018   0.018 )
249.980: I:1 (   0.008   0.008   0.008 ) T:25 (   0.010   0.015   0.018   0.018   0.018   0.018 )
259.988: I:1 (   0.004   0.004   0.004 ) T:26 (   0.010   0.015   0.018   0.018   0.018   0.018 )
269.980: I:1 (   0.003   0.003   0.003 ) T:27 (   0.010   0.015   0.018   0.018   0.018   0.018 )
279.981: I:1 (   0.008   0.008   0.008 ) T:28 (   0.010   0.015   0.018   0.018   0.018   0.018 )
289.982: I:1 (   0.008   0.008   0.008 ) T:29 (   0.010   0.015   0.018   0.018   0.018   0.018 )
299.980: I:1 (   0.011   0.011   0.011 ) T:30 (   0.010   0.015   0.018   0.018   0.018   0.018 )
309.981: I:1 (   0.008   0.008   0.008 ) T:31 (   0.010   0.015   0.018   0.018   0.018   0.018 )
319.980: I:1 (   0.006   0.006   0.006 ) T:32 (   0.009   0.015   0.018   0.018   0.018   0.018 )
329.981: I:1 (   0.007   0.007   0.007 ) T:33 (   0.009   0.015   0.018   0.018   0.018   0.018 )
339.980: I:1 (   0.005   0.005   0.005 ) T:34 (   0.008   0.015   0.018   0.018   0.018   0.018 )
349.980: I:1 (   0.006   0.006   0.006 ) T:35 (   0.008   0.015   0.018   0.018   0.018   0.018 )
359.981: I:1 (   0.009   0.009   0.009 ) T:36 (   0.008   0.015   0.018   0.018   0.018   0.018 )
369.981: I:1 (   0.008   0.008   0.008 ) T:37 (   0.008   0.015   0.018   0.018   0.018   0.018 )
379.980: I:1 (   0.006   0.006   0.006 ) T:38 (   0.008   0.015   0.018   0.018   0.018   0.018 )
389.981: I:1 (   0.004   0.004   0.004 ) T:39 (   0.008   0.015   0.018   0.018   0.018   0.018 )
400.674: I:1 (   0.002   0.002   0.002 ) T:40 (   0.008   0.015   0.018   0.018   0.018   0.018 )
409.981: I:1 (   0.007   0.007   0.007 ) T:41 (   0.008   0.015   0.018   0.018   0.018   0.018 )
419.980: I:1 (   0.002   0.002   0.002 ) T:42 (   0.008   0.015   0.018   0.018   0.018   0.018 )
429.981: I:1 (   0.006   0.006   0.006 ) T:43 (   0.008   0.015   0.018   0.018   0.018   0.018 )
439.980: I:1 (   0.005   0.005   0.005 ) T:44 (   0.008   0.015   0.018   0.018   0.018   0.018 )
449.981: I:1 (   0.004   0.004   0.004 ) T:45 (   0.008   0.015   0.018   0.018   0.018   0.018 )
459.980: I:1 (   0.007   0.007   0.007 ) T:46 (   0.008   0.015   0.018   0.018   0.018   0.018 )
469.980: I:1 (   0.007   0.007   0.007 ) T:47 (   0.008   0.015   0.018   0.018   0.018   0.018 )
479.980: I:1 (   0.006   0.006   0.006 ) T:48 (   0.008   0.015   0.018   0.018   0.018   0.018 )
489.981: I:1 (   0.006   0.006   0.006 ) T:49 (   0.008   0.015   0.018   0.018   0.018   0.018 )
499.980: I:1 (   0.003   0.003   0.003 ) T:50 (   0.007   0.015   0.018   0.018   0.018   0.018 )
509.980: I:1 (   0.004   0.004   0.004 ) T:51 (   0.007   0.015   0.018   0.018   0.018   0.018 )
520.029: I:1 (   0.003   0.003   0.003 ) T:52 (   0.007   0.015   0.018   0.018   0.018   0.018 )
529.980: I:1 (   0.005   0.005   0.005 ) T:53 (   0.007   0.015   0.018   0.018   0.018   0.018 )
539.980: I:1 (   0.004   0.004   0.004 ) T:54 (   0.007   0.015   0.018   0.018   0.018   0.018 )
549.981: I:1 (   0.005   0.005   0.005 ) T:55 (   0.007   0.015   0.018   0.018   0.018   0.018 )
559.981: I:1 (   0.006   0.006   0.006 ) T:56 (   0.007   0.015   0.018   0.018   0.018   0.018 )
569.981: I:1 (   0.004   0.004   0.004 ) T:57 (   0.007   0.015   0.018   0.018   0.018   0.018 )
579.980: I:1 (   0.006   0.006   0.006 ) T:58 (   0.007   0.015   0.018   0.018   0.018   0.018 )
589.981: I:1 (   0.002   0.002   0.002 ) T:59 (   0.007   0.015   0.018   0.018   0.018   0.018 )
599.980: I:1 (   0.001   0.001   0.001 ) T:60 (   0.007   0.014   0.018   0.018   0.018   0.018 )
609.981: I:1 (   0.005   0.005   0.005 ) T:61 (   0.007   0.014   0.018   0.018   0.018   0.018 )
619.980: I:1 (   0.004   0.004   0.004 ) T:62 (   0.007   0.014   0.018   0.018   0.018   0.018 )
629.980: I:1 (   0.006   0.006   0.006 ) T:63 (   0.007   0.014   0.018   0.018   0.018   0.018 )
639.980: I:1 (   0.004   0.004   0.004 ) T:64 (   0.006   0.014   0.018   0.018   0.018   0.018 )
649.980: I:1 (   0.004   0.004   0.004 ) T:65 (   0.006   0.014   0.018   0.018   0.018   0.018 )
659.980: I:1 (   0.004   0.004   0.004 ) T:66 (   0.006   0.014   0.018   0.018   0.018   0.018 )
669.981: I:1 (   0.004   0.004   0.004 ) T:67 (   0.006   0.014   0.018   0.018   0.018   0.018 )
679.980: I:1 (   0.002   0.002   0.002 ) T:68 (   0.006   0.014   0.018   0.018   0.018   0.018 )
690.095: I:1 (   0.001   0.001   0.001 ) T:69 (   0.006   0.014   0.018   0.018   0.018   0.018 )
699.980: I:1 (   0.003   0.003   0.003 ) T:70 (   0.006   0.013   0.018   0.018   0.018   0.018 )
710.040: I:1 (   0.002   0.002   0.002 ) T:71 (   0.006   0.013   0.018   0.018   0.018   0.018 )
719.980: I:1 (   0.006   0.006   0.006 ) T:72 (   0.006   0.013   0.018   0.018   0.018   0.018 )
729.980: I:1 (   0.003   0.003   0.003 ) T:73 (   0.006   0.013   0.018   0.018   0.018   0.018 )
739.980: I:1 (   0.003   0.003   0.003 ) T:74 (   0.006   0.013   0.018   0.018   0.018   0.018 )
749.981: I:1 (   0.005   0.005   0.005 ) T:75 (   0.006   0.013   0.018   0.018   0.018   0.018 )
759.980: I:1 (   0.003   0.003   0.003 ) T:76 (   0.006   0.013   0.018   0.018   0.018   0.018 )
769.981: I:1 (   0.003   0.003   0.003 ) T:77 (   0.006   0.013   0.018   0.018   0.018   0.018 )
779.981: I:1 (   0.001   0.001   0.001 ) T:78 (   0.006   0.013   0.018   0.018   0.018   0.018 )
789.981: I:1 (   0.002   0.002   0.002 ) T:79 (   0.006   0.013   0.018   0.018   0.018   0.018 )
799.980: I:1 (   0.002   0.002   0.002 ) T:80 (   0.006   0.013   0.018   0.018   0.018   0.018 )
809.980: I:1 (   0.003   0.003   0.003 ) T:81 (   0.006   0.013   0.018   0.018   0.018   0.018 )
819.980: I:1 (   0.003   0.003   0.003 ) T:82 (   0.006   0.013   0.018   0.018   0.018   0.018 )
829.980: I:1 (   0.004   0.004   0.004 ) T:83 (   0.006   0.013   0.018   0.018   0.018   0.018 )
839.980: I:1 (   0.004   0.004   0.004 ) T:84 (   0.006   0.013   0.018   0.018   0.018   0.018 )
849.981: I:1 (   0.003   0.003   0.003 ) T:85 (   0.006   0.013   0.018   0.018   0.018   0.018 )
859.980: I:1 (   0.002   0.002   0.002 ) T:86 (   0.005   0.013   0.018   0.018   0.018   0.018 )
869.981: I:1 (   0.001   0.001   0.001 ) T:87 (   0.005   0.013   0.018   0.018   0.018   0.018 )
879.980: I:1 (   0.001   0.001   0.001 ) T:88 (   0.005   0.013   0.018   0.018   0.018   0.018 )
889.980: I:1 (   0.002   0.002   0.002 ) T:89 (   0.005   0.013   0.018   0.018   0.018   0.018 )
899.980: I:1 (   0.003   0.003   0.003 ) T:90 (   0.005   0.013   0.018   0.018   0.018   0.018 )
909.980: I:1 (   0.003   0.003   0.003 ) T:91 (   0.005   0.013   0.018   0.018   0.018   0.018 )
919.980: I:1 (   0.003   0.003   0.003 ) T:92 (   0.005   0.013   0.018   0.018   0.018   0.018 )
929.980: I:1 (   0.003   0.003   0.003 ) T:93 (   0.005   0.013   0.018   0.018   0.018   0.018 )
940.060: I:1 (   0.003   0.003   0.003 ) T:94 (   0.005   0.013   0.018   0.018   0.018   0.018 )
949.980: I:1 (   0.003   0.003   0.003 ) T:95 (   0.005   0.013   0.018   0.018   0.018   0.018 )
960.072: I:1 (   0.002   0.002   0.002 ) T:96 (   0.005   0.013   0.018   0.018   0.018   0.018 )
969.981: I:1 (   0.003   0.003   0.003 ) T:97 (   0.005   0.013   0.018   0.018   0.018   0.018 )
979.980: I:1 (   0.002   0.002   0.002 ) T:98 (   0.004   0.013   0.018   0.018   0.018   0.018 )
989.980: I:1 (   0.003   0.003   0.003 ) T:99 (   0.004   0.013   0.018   0.018   0.018   0.018 )
999.981: I:1 (   0.002   0.002   0.002 ) T:100 (   0.004   0.011   0.016   0.018   0.018   0.018 )
1009.980: I:1 (   0.001   0.001   0.001 ) T:101 (   0.004   0.011   0.016   0.018   0.018   0.018 )
1019.980: I:1 (   0.002   0.002   0.002 ) T:102 (   0.004   0.011   0.016   0.018   0.018   0.018 )
1029.980: I:1 (   0.002   0.002   0.002 ) T:103 (   0.004   0.011   0.016   0.018   0.018   0.018 )
1039.981: I:1 (   0.001   0.001   0.001 ) T:104 (   0.004   0.011   0.016   0.018   0.018   0.018 )
1049.981: I:1 (   0.003   0.003   0.003 ) T:105 (   0.004   0.011   0.016   0.018   0.018   0.018 )
1059.981: I:1 (   0.002   0.002   0.002 ) T:106 (   0.004   0.011   0.016   0.018   0.018   0.018 )
1069.981: I:1 (   0.003   0.003   0.003 ) T:107 (   0.004   0.011   0.016   0.018   0.018   0.018 )
1079.981: I:1 (   0.002   0.002   0.002 ) T:108 (   0.004   0.011   0.016   0.018   0.018   0.018 )
1089.980: I:1 (   0.001   0.001   0.001 ) T:109 (   0.004   0.011   0.016   0.018   0.018   0.018 )
1099.980: I:1 (   0.001   0.001   0.001 ) T:110 (   0.004   0.011   0.016   0.018   0.018   0.018 )
1109.981: I:1 (   0.001   0.001   0.001 ) T:111 (   0.004   0.011   0.016   0.018   0.018   0.018 )
1119.980: I:1 (   0.002   0.002   0.002 ) T:112 (   0.004   0.011   0.016   0.018   0.018   0.018 )
1129.980: I:1 (   0.001   0.001   0.001 ) T:113 (   0.004   0.011   0.016   0.018   0.018   0.018 )
1139.980: I:1 (   0.002   0.002   0.002 ) T:114 (   0.004   0.011   0.016   0.018   0.018   0.018 )
1149.980: I:1 (   0.002   0.002   0.002 ) T:115 (   0.004   0.011   0.016   0.018   0.018   0.018 )
1159.980: I:1 (   0.002   0.002   0.002 ) T:116 (   0.004   0.011   0.016   0.018   0.018   0.018 )
1169.981: I:1 (   0.002   0.002   0.002 ) T:117 (   0.004   0.011   0.016   0.018   0.018   0.018 )
1179.980: I:1 (   0.001   0.001   0.001 ) T:118 (   0.004   0.011   0.016   0.018   0.018   0.018 )
1189.981: I:1 (   0.002   0.002   0.002 ) T:119 (   0.004   0.011   0.016   0.018   0.018   0.018 )
1199.981: I:1 (   0.001   0.001   0.001 ) T:120 (   0.004   0.011   0.016   0.018   0.018   0.018 )
1209.981: I:1 (   0.000   0.000   0.000 ) T:121 (   0.004   0.011   0.016   0.018   0.018   0.018 )
1219.980: I:1 (   0.001   0.001   0.001 ) T:122 (   0.004   0.011   0.016   0.018   0.018   0.018 )
1229.981: I:1 (   0.001   0.001   0.001 ) T:123 (   0.004   0.011   0.016   0.018   0.018   0.018 )
1240.371: I:1 (   0.001   0.001   0.001 ) T:124 (   0.004   0.011   0.016   0.018   0.018   0.018 )
1249.981: I:1 (   0.002   0.002   0.002 ) T:125 (   0.004   0.011   0.016   0.018   0.018   0.018 )
1259.980: I:1 (   0.001   0.001   0.001 ) T:126 (   0.003   0.011   0.016   0.018   0.018   0.018 )
1269.980: I:1 (   0.002   0.002   0.002 ) T:127 (   0.003   0.011   0.016   0.018   0.018   0.018 )
1279.980: I:1 (   0.002   0.002   0.002 ) T:128 (   0.003   0.011   0.016   0.018   0.018   0.018 )
1289.980: I:1 (   0.001   0.001   0.001 ) T:129 (   0.003   0.011   0.016   0.018   0.018   0.018 )
1299.981: I:1 (   0.002   0.002   0.002 ) T:130 (   0.003   0.010   0.016   0.018   0.018   0.018 )
1309.981: I:1 (   0.001   0.001   0.001 ) T:131 (   0.003   0.010   0.016   0.018   0.018   0.018 )
1319.980: I:1 (   0.003   0.003   0.003 ) T:132 (   0.003   0.010   0.016   0.018   0.018   0.018 )
1329.981: I:1 (   0.001   0.001   0.001 ) T:133 (   0.003   0.010   0.016   0.018   0.018   0.018 )
1339.980: I:1 (   0.002   0.002   0.002 ) T:134 (   0.003   0.010   0.016   0.018   0.018   0.018 )
1349.981: I:1 (   0.001   0.001   0.001 ) T:135 (   0.003   0.010   0.016   0.018   0.018   0.018 )
1359.980: I:1 (   0.001   0.001   0.001 ) T:136 (   0.003   0.010   0.016   0.018   0.018   0.018 )
1369.980: I:1 (   0.001   0.001   0.001 ) T:137 (   0.003   0.010   0.016   0.018   0.018   0.018 )
1379.980: I:1 (   0.000   0.000   0.000 ) T:138 (   0.003   0.010   0.016   0.018   0.018   0.018 )
1389.980: I:1 (   0.001   0.001   0.001 ) T:139 (   0.003   0.010   0.016   0.018   0.018   0.018 )
1399.980: I:1 (   0.000   0.000   0.000 ) T:140 (   0.003   0.010   0.016   0.018   0.018   0.018 )
1409.980: I:1 (   0.001   0.001   0.001 ) T:141 (   0.003   0.010   0.016   0.018   0.018   0.018 )
1420.143: I:1 (   0.002   0.002   0.002 ) T:142 (   0.003   0.010   0.016   0.018   0.018   0.018 )
1429.980: I:1 (   0.002   0.002   0.002 ) T:143 (   0.003   0.010   0.016   0.018   0.018   0.018 )
1439.981: I:1 (   0.001   0.001   0.001 ) T:144 (   0.003   0.010   0.016   0.018   0.018   0.018 )
1449.980: I:1 (   0.001   0.001   0.001 ) T:145 (   0.003   0.010   0.016   0.018   0.018   0.018 )
1459.999: I:1 (   0.002   0.002   0.002 ) T:146 (   0.003   0.010   0.016   0.018   0.018   0.018 )
1469.980: I:1 (   0.001   0.001   0.001 ) T:147 (   0.003   0.010   0.016   0.018   0.018   0.018 )
1479.980: I:1 (   0.001   0.001   0.001 ) T:148 (   0.003   0.010   0.016   0.018   0.018   0.018 )
1489.980: I:1 (   0.001   0.001   0.001 ) T:149 (   0.003   0.010   0.016   0.018   0.018   0.018 )
1499.980: I:1 (   0.001   0.001   0.001 ) T:150 (   0.003   0.010   0.016   0.018   0.018   0.018 )
1509.981: I:1 (   0.001   0.001   0.001 ) T:151 (   0.003   0.010   0.016   0.018   0.018   0.018 )
1519.980: I:1 (   0.001   0.001   0.001 ) T:152 (   0.003   0.010   0.016   0.018   0.018   0.018 )
1529.980: I:1 (   0.001   0.001   0.001 ) T:153 (   0.003   0.010   0.016   0.018   0.018   0.018 )
1539.980: I:1 (   0.001   0.001   0.001 ) T:154 (   0.003   0.010   0.016   0.018   0.018   0.018 )
1549.980: I:1 (   0.001   0.001   0.001 ) T:155 (   0.003   0.010   0.016   0.018   0.018   0.018 )
1559.980: I:1 (   0.001   0.001   0.001 ) T:156 (   0.003   0.010   0.016   0.018   0.018   0.018 )
1569.981: I:1 (   0.001   0.001   0.001 ) T:157 (   0.003   0.010   0.016   0.018   0.018   0.018 )
1579.980: I:1 (   0.000   0.000   0.000 ) T:158 (   0.003   0.010   0.016   0.018   0.018   0.018 )
1589.981: I:1 (   0.001   0.001   0.001 ) T:159 (   0.003   0.010   0.016   0.018   0.018   0.018 )
1599.980: I:1 (   0.000   0.000   0.000 ) T:160 (   0.003   0.009   0.016   0.018   0.018   0.018 )
1609.981: I:1 (   0.001   0.001   0.001 ) T:161 (   0.003   0.009   0.016   0.018   0.018   0.018 )
1619.980: I:1 (   0.001   0.001   0.001 ) T:162 (   0.003   0.009   0.016   0.018   0.018   0.018 )
1629.980: I:1 (   0.001   0.001   0.001 ) T:163 (   0.003   0.009   0.016   0.018   0.018   0.018 )
1639.980: I:1 (   0.001   0.001   0.001 ) T:164 (   0.003   0.009   0.016   0.018   0.018   0.018 )
1649.980: I:1 (   0.001   0.001   0.001 ) T:165 (   0.003   0.009   0.016   0.018   0.018   0.018 )
1659.980: I:1 (   0.001   0.001   0.001 ) T:166 (   0.003   0.009   0.016   0.018   0.018   0.018 )
1669.980: I:1 (   0.000   0.000   0.000 ) T:167 (   0.003   0.009   0.016   0.018   0.018   0.018 )
1679.980: I:1 (   0.001   0.001   0.001 ) T:168 (   0.003   0.009   0.016   0.018   0.018   0.018 )
1689.981: I:1 (   0.001   0.001   0.001 ) T:169 (   0.003   0.009   0.016   0.018   0.018   0.018 )
1699.981: I:1 (   0.000   0.000   0.000 ) T:170 (   0.002   0.009   0.016   0.018   0.018   0.018 )
1709.980: I:1 (   0.002   0.002   0.002 ) T:171 (   0.002   0.009   0.016   0.018   0.018   0.018 )
1719.980: I:1 (   0.001   0.001   0.001 ) T:172 (   0.002   0.009   0.016   0.018   0.018   0.018 )
1729.980: I:1 (   0.001   0.001   0.001 ) T:173 (   0.002   0.009   0.016   0.018   0.018   0.018 )
1739.981: I:1 (   0.001   0.001   0.001 ) T:174 (   0.002   0.009   0.016   0.018   0.018   0.018 )
1749.980: I:1 (   0.001   0.001   0.001 ) T:175 (   0.002   0.009   0.016   0.018   0.018   0.018 )
1759.980: I:1 (   0.000   0.000   0.000 ) T:176 (   0.002   0.009   0.016   0.018   0.018   0.018 )
1769.981: I:1 (   0.001   0.001   0.001 ) T:177 (   0.002   0.009   0.016   0.018   0.018   0.018 )
1779.980: I:1 (   0.001   0.001   0.001 ) T:178 (   0.002   0.009   0.016   0.018   0.018   0.018 )
1789.980: I:1 (   0.000   0.000   0.000 ) T:179 (   0.002   0.009   0.016   0.018   0.018   0.018 )
1799.980: I:1 (   0.001   0.001   0.001 ) T:180 (   0.002   0.008   0.016   0.018   0.018   0.018 )
1809.980: I:1 (   0.001   0.001   0.001 ) T:181 (   0.002   0.008   0.016   0.018   0.018   0.018 )
1819.980: I:1 (   0.001   0.001   0.001 ) T:182 (   0.002   0.008   0.016   0.018   0.018   0.018 )
1829.980: I:1 (   0.001   0.001   0.001 ) T:183 (   0.002   0.008   0.016   0.018   0.018   0.018 )
1839.980: I:1 (   0.001   0.001   0.001 ) T:184 (   0.002   0.008   0.016   0.018   0.018   0.018 )
1849.980: I:1 (   0.001   0.001   0.001 ) T:185 (   0.002   0.008   0.016   0.018   0.018   0.018 )
1859.980: I:1 (   0.001   0.001   0.001 ) T:186 (   0.002   0.008   0.016   0.018   0.018   0.018 )
1869.980: I:1 (   0.001   0.001   0.001 ) T:187 (   0.002   0.008   0.016   0.018   0.018   0.018 )
1879.980: I:1 (   0.001   0.001   0.001 ) T:188 (   0.002   0.008   0.016   0.018   0.018   0.018 )
1889.980: I:1 (   0.000   0.000   0.000 ) T:189 (   0.002   0.008   0.016   0.018   0.018   0.018 )
1899.980: I:1 (   0.001   0.001   0.001 ) T:190 (   0.002   0.008   0.016   0.018   0.018   0.018 )
1909.980: I:1 (   0.001   0.001   0.001 ) T:191 (   0.002   0.008   0.016   0.018   0.018   0.018 )
1919.980: I:1 (   0.001   0.001   0.001 ) T:192 (   0.002   0.008   0.016   0.018   0.018   0.018 )
1929.980: I:1 (   0.001   0.001   0.001 ) T:193 (   0.002   0.008   0.016   0.018   0.018   0.018 )
1939.980: I:1 (   0.001   0.001   0.001 ) T:194 (   0.002   0.008   0.016   0.018   0.018   0.018 )
1949.980: I:1 (   0.001   0.001   0.001 ) T:195 (   0.002   0.008   0.016   0.018   0.018   0.018 )
1959.980: I:1 (   0.000   0.000   0.000 ) T:196 (   0.002   0.008   0.016   0.018   0.018   0.018 )
1969.980: I:1 (   0.001   0.001   0.001 ) T:197 (   0.002   0.008   0.016   0.018   0.018   0.018 )
1979.980: I:1 (   0.001   0.001   0.001 ) T:198 (   0.002   0.008   0.016   0.018   0.018   0.018 )
1989.980: I:1 (   0.001   0.001   0.001 ) T:199 (   0.002   0.008   0.016   0.018   0.018   0.018 )
1999.980: I:1 (   0.001   0.001   0.001 ) T:200 (   0.002   0.008   0.015   0.018   0.018   0.018 )
2009.980: I:1 (   0.001   0.001   0.001 ) T:201 (   0.002   0.008   0.015   0.018   0.018   0.018 )
2019.981: I:1 (   0.001   0.001   0.001 ) T:202 (   0.002   0.008   0.015   0.018   0.018   0.018 )
2029.980: I:1 (   0.000   0.000   0.000 ) T:203 (   0.002   0.008   0.015   0.018   0.018   0.018 )
2039.980: I:1 (   0.001   0.001   0.001 ) T:204 (   0.002   0.008   0.015   0.018   0.018   0.018 )
2049.980: I:1 (   0.001   0.001   0.001 ) T:205 (   0.002   0.008   0.015   0.018   0.018   0.018 )
2059.980: I:1 (   0.000   0.000   0.000 ) T:206 (   0.002   0.008   0.015   0.018   0.018   0.018 )
2069.980: I:1 (   0.001   0.001   0.001 ) T:207 (   0.002   0.008   0.015   0.018   0.018   0.018 )
2079.980: I:1 (   0.000   0.000   0.000 ) T:208 (   0.002   0.008   0.015   0.018   0.018   0.018 )
2089.980: I:1 (   0.001   0.001   0.001 ) T:209 (   0.002   0.008   0.015   0.018   0.018   0.018 )
2099.980: I:1 (   0.001   0.001   0.001 ) T:210 (   0.002   0.008   0.015   0.018   0.018   0.018 )
2109.980: I:1 (   0.001   0.001   0.001 ) T:211 (   0.002   0.008   0.015   0.018   0.018   0.018 )
2119.980: I:1 (   0.001   0.001   0.001 ) T:212 (   0.002   0.008   0.015   0.018   0.018   0.018 )
2129.980: I:1 (   0.001   0.001   0.001 ) T:213 (   0.002   0.008   0.015   0.018   0.018   0.018 )
2139.980: I:1 (   0.001   0.001   0.001 ) T:214 (   0.002   0.008   0.015   0.018   0.018   0.018 )
2149.980: I:1 (   0.000   0.000   0.000 ) T:215 (   0.002   0.008   0.015   0.018   0.018   0.018 )
2159.981: I:1 (   0.001   0.001   0.001 ) T:216 (   0.002   0.008   0.015   0.018   0.018   0.018 )
2169.981: I:1 (   0.001   0.001   0.001 ) T:217 (   0.002   0.008   0.015   0.018   0.018   0.018 )
2179.980: I:1 (   0.000   0.000   0.000 ) T:218 (   0.002   0.008   0.015   0.018   0.018   0.018 )
2190.209: I:1 (   0.001   0.001   0.001 ) T:219 (   0.002   0.008   0.015   0.018   0.018   0.018 )
2199.981: I:1 (   0.001   0.001   0.001 ) T:220 (   0.002   0.008   0.015   0.018   0.018   0.018 )
2209.980: I:1 (   0.000   0.000   0.000 ) T:221 (   0.002   0.008   0.015   0.018   0.018   0.018 )
2219.980: I:1 (   0.002   0.002   0.002 ) T:222 (   0.002   0.008   0.015   0.018   0.018   0.018 )
2229.980: I:1 (   0.000   0.000   0.000 ) T:223 (   0.002   0.008   0.015   0.018   0.018   0.018 )
2239.980: I:1 (   0.001   0.001   0.001 ) T:224 (   0.002   0.008   0.015   0.018   0.018   0.018 )
2249.980: I:1 (   0.001   0.001   0.001 ) T:225 (   0.002   0.008   0.015   0.018   0.018   0.018 )
2259.980: I:1 (   0.001   0.001   0.001 ) T:226 (   0.002   0.008   0.015   0.018   0.018   0.018 )
2269.980: I:1 (   0.001   0.001   0.001 ) T:227 (   0.002   0.008   0.015   0.018   0.018   0.018 )
2279.980: I:1 (   0.000   0.000   0.000 ) T:228 (   0.002   0.008   0.015   0.018   0.018   0.018 )
2289.980: I:1 (   0.001   0.001   0.001 ) T:229 (   0.002   0.008   0.015   0.018   0.018   0.018 )
2299.980: I:1 (   0.001   0.001   0.001 ) T:230 (   0.002   0.008   0.015   0.018   0.018   0.018 )
2309.980: I:1 (   0.001   0.001   0.001 ) T:231 (   0.002   0.008   0.015   0.018   0.018   0.018 )
2319.980: I:1 (   0.001   0.001   0.001 ) T:232 (   0.002   0.008   0.015   0.018   0.018   0.018 )
2329.980: I:1 (   0.000   0.000   0.000 ) T:233 (   0.002   0.008   0.015   0.018   0.018   0.018 )
2339.981: I:1 (   0.001   0.001   0.001 ) T:234 (   0.002   0.008   0.015   0.018   0.018   0.018 )
2349.980: I:1 (   0.001   0.001   0.001 ) T:235 (   0.002   0.008   0.015   0.018   0.018   0.018 )
2359.981: I:1 (   0.000   0.000   0.000 ) T:236 (   0.001   0.008   0.015   0.018   0.018   0.018 )
2369.981: I:1 (   0.001   0.001   0.001 ) T:237 (   0.001   0.008   0.015   0.018   0.018   0.018 )
2379.980: I:1 (   0.001   0.001   0.001 ) T:238 (   0.001   0.008   0.015   0.018   0.018   0.018 )
2389.980: I:1 (   0.000   0.000   0.000 ) T:239 (   0.001   0.008   0.015   0.018   0.018   0.018 )
2399.980: I:1 (   0.001   0.001   0.001 ) T:240 (   0.001   0.008   0.015   0.018   0.018   0.018 )
2409.980: I:1 (   0.001   0.001   0.001 ) T:241 (   0.001   0.008   0.015   0.018   0.018   0.018 )
2419.980: I:1 (   0.000   0.000   0.000 ) T:242 (   0.001   0.008   0.015   0.018   0.018   0.018 )
2429.980: I:1 (   0.001   0.001   0.001 ) T:243 (   0.001   0.008   0.015   0.018   0.018   0.018 )
2439.980: I:1 (   0.001   0.001   0.001 ) T:244 (   0.001   0.008   0.015   0.018   0.018   0.018 )
2449.980: I:1 (   0.000   0.000   0.000 ) T:245 (   0.001   0.008   0.015   0.018   0.018   0.018 )
2459.980: I:1 (   0.001   0.001   0.001 ) T:246 (   0.001   0.008   0.015   0.018   0.018   0.018 )
2469.980: I:1 (   0.000   0.000   0.000 ) T:247 (   0.001   0.008   0.015   0.018   0.018   0.018 )
2479.981: I:1 (   0.001   0.001   0.001 ) T:248 (   0.001   0.008   0.015   0.018   0.018   0.018 )
2489.980: I:1 (   0.001   0.001   0.001 ) T:249 (   0.001   0.008   0.015   0.018   0.018   0.018 )
2499.980: I:1 (   0.001   0.001   0.001 ) T:250 (   0.001   0.007   0.015   0.018   0.018   0.018 )
2509.980: I:1 (   0.000   0.000   0.000 ) T:251 (   0.001   0.007   0.015   0.018   0.018   0.018 )
2519.980: I:1 (   0.001   0.001   0.001 ) T:252 (   0.001   0.007   0.015   0.018   0.018   0.018 )
2529.981: I:1 (   0.001   0.001   0.001 ) T:253 (   0.001   0.007   0.015   0.018   0.018   0.018 )
2539.980: I:1 (   0.000   0.000   0.000 ) T:254 (   0.001   0.007   0.015   0.018   0.018   0.018 )
2549.980: I:1 (   0.001   0.001   0.001 ) T:255 (   0.001   0.007   0.015   0.018   0.018   0.018 )
2559.980: I:1 (   0.001   0.001   0.001 ) T:256 (   0.001   0.007   0.015   0.018   0.018   0.018 )
2569.981: I:1 (   0.000   0.000   0.000 ) T:257 (   0.001   0.007   0.015   0.018   0.018   0.018 )
2579.980: I:1 (   0.001   0.001   0.001 ) T:258 (   0.001   0.007   0.015   0.018   0.018   0.018 )
2589.980: I:1 (   0.000   0.000   0.000 ) T:259 (   0.001   0.007   0.015   0.018   0.018   0.018 )
2599.980: I:1 (   0.001   0.001   0.001 ) T:260 (   0.001   0.007   0.015   0.018   0.018   0.018 )
2609.980: I:1 (   0.001   0.001   0.001 ) T:261 (   0.001   0.007   0.015   0.018   0.018   0.018 )
2619.980: I:1 (   0.001   0.001   0.001 ) T:262 (   0.001   0.007   0.015   0.018   0.018   0.018 )
2629.980: I:1 (   0.001   0.001   0.001 ) T:263 (   0.001   0.007   0.015   0.018   0.018   0.018 )
2639.980: I:1 (   0.000   0.000   0.000 ) T:264 (   0.001   0.007   0.015   0.018   0.018   0.018 )
2649.980: I:1 (   0.001   0.001   0.001 ) T:265 (   0.001   0.007   0.015   0.018   0.018   0.018 )
2660.218: I:1 (   0.001   0.001   0.001 ) T:266 (   0.001   0.007   0.015   0.018   0.018   0.018 )
2670.215: I:1 (   0.001   0.001   0.001 ) T:267 (   0.001   0.007   0.015   0.018   0.018   0.018 )
2679.980: I:1 (   0.001   0.001   0.001 ) T:268 (   0.001   0.007   0.015   0.018   0.018   0.018 )
2689.980: I:1 (   0.000   0.000   0.000 ) T:269 (   0.001   0.007   0.015   0.018   0.018   0.018 )
2699.980: I:1 (   0.001   0.001   0.001 ) T:270 (   0.001   0.007   0.015   0.018   0.018   0.018 )
2709.980: I:1 (   0.000   0.000   0.000 ) T:271 (   0.001   0.007   0.015   0.018   0.018   0.018 )
2719.980: I:1 (   0.001   0.001   0.001 ) T:272 (   0.001   0.007   0.015   0.018   0.018   0.018 )
2724.637: I:2 (   0.000   0.001   0.001 ) T:274 (   0.001   0.007   0.015   0.018   0.018   0.018 )
2724.659: I:0 (   0.000   0.000   0.000 ) T:274 (   0.001   0.007   0.015   0.018   0.018   0.018 )
