#[Interval percentile log between 0.000 and <Infinite> seconds (relative to StartTime)]
#[StartTime: 1524494803.820 (seconds since epoch), Mon Apr 23 16:46:43 CEST 2018]
Time: IntervalPercentiles:count ( 50% 90% Max ) TotalPercentiles:count ( 50% 90% 99% 99.9% 99.99% Max )
8.234: I:1 ( 1770.495 1770.495 1770.495 ) T:1 ( 1770.495 1770.495 1770.495 1770.495 1770.495 1770.495 )
18.230: I:0 (   0.000   0.000   0.000 ) T:1 ( 1770.495 1770.495 1770.495 1770.495 1770.495 1770.495 )
28.232: I:0 (   0.000   0.000   0.000 ) T:1 ( 1770.495 1770.495 1770.495 1770.495 1770.495 1770.495 )
38.231: I:0 (   0.000   0.000   0.000 ) T:1 ( 1770.495 1770.495 1770.495 1770.495 1770.495 1770.495 )
48.231: I:0 (   0.000   0.000   0.000 ) T:1 ( 1770.495 1770.495 1770.495 1770.495 1770.495 1770.495 )
58.230: I:0 (   0.000   0.000   0.000 ) T:1 ( 1770.495 1770.495 1770.495 1770.495 1770.495 1770.495 )
68.230: I:0 (   0.000   0.000   0.000 ) T:1 ( 1770.495 1770.495 1770.495 1770.495 1770.495 1770.495 )
78.230: I:0 (   0.000   0.000   0.000 ) T:1 ( 1770.495 1770.495 1770.495 1770.495 1770.495 1770.495 )
88.230: I:0 (   0.000   0.000   0.000 ) T:1 ( 1770.495 1770.495 1770.495 1770.495 1770.495 1770.495 )
98.230: I:0 (   0.000   0.000   0.000 ) T:1 ( 1770.495 1770.495 1770.495 1770.495 1770.495 1770.495 )
108.229: I:0 (   0.000   0.000   0.000 ) T:1 ( 1770.495 1770.495 1770.495 1770.495 1770.495 1770.495 )
118.230: I:0 (   0.000   0.000   0.000 ) T:1 ( 1770.495 1770.495 1770.495 1770.495 1770.495 1770.495 )
128.230: I:0 (   0.000   0.000   0.000 ) T:1 ( 1770.495 1770.495 1770.495 1770.495 1770.495 1770.495 )
138.230: I:0 (   0.000   0.000   0.000 ) T:1 ( 1770.495 1770.495 1770.495 1770.495 1770.495 1770.495 )
148.229: I:0 (   0.000   0.000   0.000 ) T:1 ( 1770.495 1770.495 1770.495 1770.495 1770.495 1770.495 )
158.230: I:0 (   0.000   0.000   0.000 ) T:1 ( 1770.495 1770.495 1770.495 1770.495 1770.495 1770.495 )
168.230: I:0 (   0.000   0.000   0.000 ) T:1 ( 1770.495 1770.495 1770.495 1770.495 1770.495 1770.495 )
178.230: I:0 (   0.000   0.000   0.000 ) T:1 ( 1770.495 1770.495 1770.495 1770.495 1770.495 1770.495 )
188.230: I:0 (   0.000   0.000   0.000 ) T:1 ( 1770.495 1770.495 1770.495 1770.495 1770.495 1770.495 )
198.230: I:0 (   0.000   0.000   0.000 ) T:1 ( 1770.495 1770.495 1770.495 1770.495 1770.495 1770.495 )
208.230: I:0 (   0.000   0.000   0.000 ) T:1 ( 1770.495 1770.495 1770.495 1770.495 1770.495 1770.495 )
218.230: I:0 (   0.000   0.000   0.000 ) T:1 ( 1770.495 1770.495 1770.495 1770.495 1770.495 1770.495 )
228.230: I:0 (   0.000   0.000   0.000 ) T:1 ( 1770.495 1770.495 1770.495 1770.495 1770.495 1770.495 )
238.230: I:0 (   0.000   0.000   0.000 ) T:1 ( 1770.495 1770.495 1770.495 1770.495 1770.495 1770.495 )
248.230: I:0 (   0.000   0.000   0.000 ) T:1 ( 1770.495 1770.495 1770.495 1770.495 1770.495 1770.495 )
258.230: I:0 (   0.000   0.000   0.000 ) T:1 ( 1770.495 1770.495 1770.495 1770.495 1770.495 1770.495 )
268.229: I:0 (   0.000   0.000   0.000 ) T:1 ( 1770.495 1770.495 1770.495 1770.495 1770.495 1770.495 )
278.230: I:0 (   0.000   0.000   0.000 ) T:1 ( 1770.495 1770.495 1770.495 1770.495 1770.495 1770.495 )
288.230: I:0 (   0.000   0.000   0.000 ) T:1 ( 1770.495 1770.495 1770.495 1770.495 1770.495 1770.495 )
298.230: I:0 (   0.000   0.000   0.000 ) T:1 ( 1770.495 1770.495 1770.495 1770.495 1770.495 1770.495 )
308.229: I:0 (   0.000   0.000   0.000 ) T:1 ( 1770.495 1770.495 1770.495 1770.495 1770.495 1770.495 )
318.230: I:0 (   0.000   0.000   0.000 ) T:1 ( 1770.495 1770.495 1770.495 1770.495 1770.495 1770.495 )
328.230: I:0 (   0.000   0.000   0.000 ) T:1 ( 1770.495 1770.495 1770.495 1770.495 1770.495 1770.495 )
338.230: I:0 (   0.000   0.000   0.000 ) T:1 ( 1770.495 1770.495 1770.495 1770.495 1770.495 1770.495 )
348.229: I:0 (   0.000   0.000   0.000 ) T:1 ( 1770.495 1770.495 1770.495 1770.495 1770.495 1770.495 )
358.230: I:0 (   0.000   0.000   0.000 ) T:1 ( 1770.495 1770.495 1770.495 1770.495 1770.495 1770.495 )
368.229: I:0 (   0.000   0.000   0.000 ) T:1 ( 1770.495 1770.495 1770.495 1770.495 1770.495 1770.495 )
378.230: I:0 (   0.000   0.000   0.000 ) T:1 ( 1770.495 1770.495 1770.495 1770.495 1770.495 1770.495 )
388.230: I:0 (   0.000   0.000   0.000 ) T:1 ( 1770.495 1770.495 1770.495 1770.495 1770.495 1770.495 )
398.229: I:0 (   0.000   0.000   0.000 ) T:1 ( 1770.495 1770.495 1770.495 1770.495 1770.495 1770.495 )
408.230: I:0 (   0.000   0.000   0.000 ) T:1 ( 1770.495 1770.495 1770.495 1770.495 1770.495 1770.495 )
418.230: I:0 (   0.000   0.000   0.000 ) T:1 ( 1770.495 1770.495 1770.495 1770.495 1770.495 1770.495 )
428.230: I:0 (   0.000   0.000   0.000 ) T:1 ( 1770.495 1770.495 1770.495 1770.495 1770.495 1770.495 )
438.230: I:0 (   0.000   0.000   0.000 ) T:1 ( 1770.495 1770.495 1770.495 1770.495 1770.495 1770.495 )
448.230: I:0 (   0.000   0.000   0.000 ) T:1 ( 1770.495 1770.495 1770.495 1770.495 1770.495 1770.495 )
458.229: I:0 (   0.000   0.000   0.000 ) T:1 ( 1770.495 1770.495 1770.495 1770.495 1770.495 1770.495 )
468.230: I:0 (   0.000   0.000   0.000 ) T:1 ( 1770.495 1770.495 1770.495 1770.495 1770.495 1770.495 )
478.230: I:0 (   0.000   0.000   0.000 ) T:1 ( 1770.495 1770.495 1770.495 1770.495 1770.495 1770.495 )
488.230: I:0 (   0.000   0.000   0.000 ) T:1 ( 1770.495 1770.495 1770.495 1770.495 1770.495 1770.495 )
498.230: I:0 (   0.000   0.000   0.000 ) T:1 ( 1770.495 1770.495 1770.495 1770.495 1770.495 1770.495 )
508.230: I:0 (   0.000   0.000   0.000 ) T:1 ( 1770.495 1770.495 1770.495 1770.495 1770.495 1770.495 )
518.230: I:0 (   0.000   0.000   0.000 ) T:1 ( 1770.495 1770.495 1770.495 1770.495 1770.495 1770.495 )
528.230: I:0 (   0.000   0.000   0.000 ) T:1 ( 1770.495 1770.495 1770.495 1770.495 1770.495 1770.495 )
538.229: I:0 (   0.000   0.000   0.000 ) T:1 ( 1770.495 1770.495 1770.495 1770.495 1770.495 1770.495 )
548.230: I:0 (   0.000   0.000   0.000 ) T:1 ( 1770.495 1770.495 1770.495 1770.495 1770.495 1770.495 )
558.230: I:0 (   0.000   0.000   0.000 ) T:1 ( 1770.495 1770.495 1770.495 1770.495 1770.495 1770.495 )
568.230: I:0 (   0.000   0.000   0.000 ) T:1 ( 1770.495 1770.495 1770.495 1770.495 1770.495 1770.495 )
578.230: I:0 (   0.000   0.000   0.000 ) T:1 ( 1770.495 1770.495 1770.495 1770.495 1770.495 1770.495 )
588.230: I:0 (   0.000   0.000   0.000 ) T:1 ( 1770.495 1770.495 1770.495 1770.495 1770.495 1770.495 )
598.230: I:0 (   0.000   0.000   0.000 ) T:1 ( 1770.495 1770.495 1770.495 1770.495 1770.495 1770.495 )
608.230: I:0 (   0.000   0.000   0.000 ) T:1 ( 1770.495 1770.495 1770.495 1770.495 1770.495 1770.495 )
618.229: I:0 (   0.000   0.000   0.000 ) T:1 ( 1770.495 1770.495 1770.495 1770.495 1770.495 1770.495 )
628.229: I:0 (   0.000   0.000   0.000 ) T:1 ( 1770.495 1770.495 1770.495 1770.495 1770.495 1770.495 )
638.230: I:0 (   0.000   0.000   0.000 ) T:1 ( 1770.495 1770.495 1770.495 1770.495 1770.495 1770.495 )
648.230: I:0 (   0.000   0.000   0.000 ) T:1 ( 1770.495 1770.495 1770.495 1770.495 1770.495 1770.495 )
658.230: I:0 (   0.000   0.000   0.000 ) T:1 ( 1770.495 1770.495 1770.495 1770.495 1770.495 1770.495 )
668.230: I:0 (   0.000   0.000   0.000 ) T:1 ( 1770.495 1770.495 1770.495 1770.495 1770.495 1770.495 )
678.229: I:0 (   0.000   0.000   0.000 ) T:1 ( 1770.495 1770.495 1770.495 1770.495 1770.495 1770.495 )
688.229: I:0 (   0.000   0.000   0.000 ) T:1 ( 1770.495 1770.495 1770.495 1770.495 1770.495 1770.495 )
698.229: I:0 (   0.000   0.000   0.000 ) T:1 ( 1770.495 1770.495 1770.495 1770.495 1770.495 1770.495 )
708.229: I:0 (   0.000   0.000   0.000 ) T:1 ( 1770.495 1770.495 1770.495 1770.495 1770.495 1770.495 )
718.229: I:0 (   0.000   0.000   0.000 ) T:1 ( 1770.495 1770.495 1770.495 1770.495 1770.495 1770.495 )
728.229: I:0 (   0.000   0.000   0.000 ) T:1 ( 1770.495 1770.495 1770.495 1770.495 1770.495 1770.495 )
738.230: I:0 (   0.000   0.000   0.000 ) T:1 ( 1770.495 1770.495 1770.495 1770.495 1770.495 1770.495 )
748.229: I:0 (   0.000   0.000   0.000 ) T:1 ( 1770.495 1770.495 1770.495 1770.495 1770.495 1770.495 )
758.230: I:0 (   0.000   0.000   0.000 ) T:1 ( 1770.495 1770.495 1770.495 1770.495 1770.495 1770.495 )
768.229: I:0 (   0.000   0.000   0.000 ) T:1 ( 1770.495 1770.495 1770.495 1770.495 1770.495 1770.495 )
778.230: I:0 (   0.000   0.000   0.000 ) T:1 ( 1770.495 1770.495 1770.495 1770.495 1770.495 1770.495 )
788.229: I:0 (   0.000   0.000   0.000 ) T:1 ( 1770.495 1770.495 1770.495 1770.495 1770.495 1770.495 )
798.230: I:0 (   0.000   0.000   0.000 ) T:1 ( 1770.495 1770.495 1770.495 1770.495 1770.495 1770.495 )
808.230: I:0 (   0.000   0.000   0.000 ) T:1 ( 1770.495 1770.495 1770.495 1770.495 1770.495 1770.495 )
818.229: I:0 (   0.000   0.000   0.000 ) T:1 ( 1770.495 1770.495 1770.495 1770.495 1770.495 1770.495 )
828.229: I:0 (   0.000   0.000   0.000 ) T:1 ( 1770.495 1770.495 1770.495 1770.495 1770.495 1770.495 )
838.230: I:0 (   0.000   0.000   0.000 ) T:1 ( 1770.495 1770.495 1770.495 1770.495 1770.495 1770.495 )
848.230: I:0 (   0.000   0.000   0.000 ) T:1 ( 1770.495 1770.495 1770.495 1770.495 1770.495 1770.495 )
858.230: I:0 (   0.000   0.000   0.000 ) T:1 ( 1770.495 1770.495 1770.495 1770.495 1770.495 1770.495 )
868.229: I:0 (   0.000   0.000   0.000 ) T:1 ( 1770.495 1770.495 1770.495 1770.495 1770.495 1770.495 )
878.229: I:0 (   0.000   0.000   0.000 ) T:1 ( 1770.495 1770.495 1770.495 1770.495 1770.495 1770.495 )
888.229: I:0 (   0.000   0.000   0.000 ) T:1 ( 1770.495 1770.495 1770.495 1770.495 1770.495 1770.495 )
898.229: I:0 (   0.000   0.000   0.000 ) T:1 ( 1770.495 1770.495 1770.495 1770.495 1770.495 1770.495 )
908.230: I:0 (   0.000   0.000   0.000 ) T:1 ( 1770.495 1770.495 1770.495 1770.495 1770.495 1770.495 )
918.229: I:0 (   0.000   0.000   0.000 ) T:1 ( 1770.495 1770.495 1770.495 1770.495 1770.495 1770.495 )
928.229: I:0 (   0.000   0.000   0.000 ) T:1 ( 1770.495 1770.495 1770.495 1770.495 1770.495 1770.495 )
938.229: I:0 (   0.000   0.000   0.000 ) T:1 ( 1770.495 1770.495 1770.495 1770.495 1770.495 1770.495 )
948.229: I:0 (   0.000   0.000   0.000 ) T:1 ( 1770.495 1770.495 1770.495 1770.495 1770.495 1770.495 )
958.229: I:0 (   0.000   0.000   0.000 ) T:1 ( 1770.495 1770.495 1770.495 1770.495 1770.495 1770.495 )
968.229: I:0 (   0.000   0.000   0.000 ) T:1 ( 1770.495 1770.495 1770.495 1770.495 1770.495 1770.495 )
978.229: I:0 (   0.000   0.000   0.000 ) T:1 ( 1770.495 1770.495 1770.495 1770.495 1770.495 1770.495 )
988.229: I:0 (   0.000   0.000   0.000 ) T:1 ( 1770.495 1770.495 1770.495 1770.495 1770.495 1770.495 )
998.229: I:0 (   0.000   0.000   0.000 ) T:1 ( 1770.495 1770.495 1770.495 1770.495 1770.495 1770.495 )
1008.229: I:0 (   0.000   0.000   0.000 ) T:1 ( 1770.495 1770.495 1770.495 1770.495 1770.495 1770.495 )
1018.229: I:0 (   0.000   0.000   0.000 ) T:1 ( 1770.495 1770.495 1770.495 1770.495 1770.495 1770.495 )
1028.230: I:0 (   0.000   0.000   0.000 ) T:1 ( 1770.495 1770.495 1770.495 1770.495 1770.495 1770.495 )
1038.230: I:0 (   0.000   0.000   0.000 ) T:1 ( 1770.495 1770.495 1770.495 1770.495 1770.495 1770.495 )
1048.230: I:0 (   0.000   0.000   0.000 ) T:1 ( 1770.495 1770.495 1770.495 1770.495 1770.495 1770.495 )
1058.229: I:0 (   0.000   0.000   0.000 ) T:1 ( 1770.495 1770.495 1770.495 1770.495 1770.495 1770.495 )
1068.229: I:0 (   0.000   0.000   0.000 ) T:1 ( 1770.495 1770.495 1770.495 1770.495 1770.495 1770.495 )
1078.229: I:0 (   0.000   0.000   0.000 ) T:1 ( 1770.495 1770.495 1770.495 1770.495 1770.495 1770.495 )
1088.229: I:0 (   0.000   0.000   0.000 ) T:1 ( 1770.495 1770.495 1770.495 1770.495 1770.495 1770.495 )
1098.229: I:0 (   0.000   0.000   0.000 ) T:1 ( 1770.495 1770.495 1770.495 1770.495 1770.495 1770.495 )
1108.229: I:0 (   0.000   0.000   0.000 ) T:1 ( 1770.495 1770.495 1770.495 1770.495 1770.495 1770.495 )
1118.229: I:0 (   0.000   0.000   0.000 ) T:1 ( 1770.495 1770.495 1770.495 1770.495 1770.495 1770.495 )
1128.229: I:0 (   0.000   0.000   0.000 ) T:1 ( 1770.495 1770.495 1770.495 1770.495 1770.495 1770.495 )
1138.229: I:0 (   0.000   0.000   0.000 ) T:1 ( 1770.495 1770.495 1770.495 1770.495 1770.495 1770.495 )
1148.229: I:0 (   0.000   0.000   0.000 ) T:1 ( 1770.495 1770.495 1770.495 1770.495 1770.495 1770.495 )
1158.229: I:0 (   0.000   0.000   0.000 ) T:1 ( 1770.495 1770.495 1770.495 1770.495 1770.495 1770.495 )
1168.229: I:0 (   0.000   0.000   0.000 ) T:1 ( 1770.495 1770.495 1770.495 1770.495 1770.495 1770.495 )
1178.229: I:0 (   0.000   0.000   0.000 ) T:1 ( 1770.495 1770.495 1770.495 1770.495 1770.495 1770.495 )
1188.230: I:0 (   0.000   0.000   0.000 ) T:1 ( 1770.495 1770.495 1770.495 1770.495 1770.495 1770.495 )
1198.230: I:0 (   0.000   0.000   0.000 ) T:1 ( 1770.495 1770.495 1770.495 1770.495 1770.495 1770.495 )
1208.229: I:0 (   0.000   0.000   0.000 ) T:1 ( 1770.495 1770.495 1770.495 1770.495 1770.495 1770.495 )
1218.229: I:0 (   0.000   0.000   0.000 ) T:1 ( 1770.495 1770.495 1770.495 1770.495 1770.495 1770.495 )
1228.229: I:0 (   0.000   0.000   0.000 ) T:1 ( 1770.495 1770.495 1770.495 1770.495 1770.495 1770.495 )
1238.229: I:0 (   0.000   0.000   0.000 ) T:1 ( 1770.495 1770.495 1770.495 1770.495 1770.495 1770.495 )
1248.229: I:0 (   0.000   0.000   0.000 ) T:1 ( 1770.495 1770.495 1770.495 1770.495 1770.495 1770.495 )
1258.230: I:0 (   0.000   0.000   0.000 ) T:1 ( 1770.495 1770.495 1770.495 1770.495 1770.495 1770.495 )
1268.230: I:0 (   0.000   0.000   0.000 ) T:1 ( 1770.495 1770.495 1770.495 1770.495 1770.495 1770.495 )
1278.229: I:0 (   0.000   0.000   0.000 ) T:1 ( 1770.495 1770.495 1770.495 1770.495 1770.495 1770.495 )
1288.229: I:0 (   0.000   0.000   0.000 ) T:1 ( 1770.495 1770.495 1770.495 1770.495 1770.495 1770.495 )
1298.229: I:0 (   0.000   0.000   0.000 ) T:1 ( 1770.495 1770.495 1770.495 1770.495 1770.495 1770.495 )
1308.229: I:0 (   0.000   0.000   0.000 ) T:1 ( 1770.495 1770.495 1770.495 1770.495 1770.495 1770.495 )
1318.229: I:0 (   0.000   0.000   0.000 ) T:1 ( 1770.495 1770.495 1770.495 1770.495 1770.495 1770.495 )
1328.229: I:0 (   0.000   0.000   0.000 ) T:1 ( 1770.495 1770.495 1770.495 1770.495 1770.495 1770.495 )
1338.229: I:0 (   0.000   0.000   0.000 ) T:1 ( 1770.495 1770.495 1770.495 1770.495 1770.495 1770.495 )
1348.229: I:0 (   0.000   0.000   0.000 ) T:1 ( 1770.495 1770.495 1770.495 1770.495 1770.495 1770.495 )
1358.229: I:0 (   0.000   0.000   0.000 ) T:1 ( 1770.495 1770.495 1770.495 1770.495 1770.495 1770.495 )
1368.230: I:0 (   0.000   0.000   0.000 ) T:1 ( 1770.495 1770.495 1770.495 1770.495 1770.495 1770.495 )
1378.229: I:0 (   0.000   0.000   0.000 ) T:1 ( 1770.495 1770.495 1770.495 1770.495 1770.495 1770.495 )
1388.229: I:0 (   0.000   0.000   0.000 ) T:1 ( 1770.495 1770.495 1770.495 1770.495 1770.495 1770.495 )
1398.229: I:0 (   0.000   0.000   0.000 ) T:1 ( 1770.495 1770.495 1770.495 1770.495 1770.495 1770.495 )
1408.229: I:0 (   0.000   0.000   0.000 ) T:1 ( 1770.495 1770.495 1770.495 1770.495 1770.495 1770.495 )
1418.229: I:0 (   0.000   0.000   0.000 ) T:1 ( 1770.495 1770.495 1770.495 1770.495 1770.495 1770.495 )
1428.229: I:0 (   0.000   0.000   0.000 ) T:1 ( 1770.495 1770.495 1770.495 1770.495 1770.495 1770.495 )
1438.229: I:0 (   0.000   0.000   0.000 ) T:1 ( 1770.495 1770.495 1770.495 1770.495 1770.495 1770.495 )
1448.229: I:0 (   0.000   0.000   0.000 ) T:1 ( 1770.495 1770.495 1770.495 1770.495 1770.495 1770.495 )
1458.229: I:0 (   0.000   0.000   0.000 ) T:1 ( 1770.495 1770.495 1770.495 1770.495 1770.495 1770.495 )
1468.229: I:0 (   0.000   0.000   0.000 ) T:1 ( 1770.495 1770.495 1770.495 1770.495 1770.495 1770.495 )
1478.229: I:0 (   0.000   0.000   0.000 ) T:1 ( 1770.495 1770.495 1770.495 1770.495 1770.495 1770.495 )
1488.229: I:0 (   0.000   0.000   0.000 ) T:1 ( 1770.495 1770.495 1770.495 1770.495 1770.495 1770.495 )
1498.229: I:0 (   0.000   0.000   0.000 ) T:1 ( 1770.495 1770.495 1770.495 1770.495 1770.495 1770.495 )
1508.229: I:0 (   0.000   0.000   0.000 ) T:1 ( 1770.495 1770.495 1770.495 1770.495 1770.495 1770.495 )
1518.229: I:0 (   0.000   0.000   0.000 ) T:1 ( 1770.495 1770.495 1770.495 1770.495 1770.495 1770.495 )
1528.229: I:0 (   0.000   0.000   0.000 ) T:1 ( 1770.495 1770.495 1770.495 1770.495 1770.495 1770.495 )
1538.229: I:0 (   0.000   0.000   0.000 ) T:1 ( 1770.495 1770.495 1770.495 1770.495 1770.495 1770.495 )
1548.229: I:0 (   0.000   0.000   0.000 ) T:1 ( 1770.495 1770.495 1770.495 1770.495 1770.495 1770.495 )
1558.229: I:0 (   0.000   0.000   0.000 ) T:1 ( 1770.495 1770.495 1770.495 1770.495 1770.495 1770.495 )
1568.229: I:0 (   0.000   0.000   0.000 ) T:1 ( 1770.495 1770.495 1770.495 1770.495 1770.495 1770.495 )
1578.229: I:0 (   0.000   0.000   0.000 ) T:1 ( 1770.495 1770.495 1770.495 1770.495 1770.495 1770.495 )
1588.229: I:0 (   0.000   0.000   0.000 ) T:1 ( 1770.495 1770.495 1770.495 1770.495 1770.495 1770.495 )
1598.229: I:0 (   0.000   0.000   0.000 ) T:1 ( 1770.495 1770.495 1770.495 1770.495 1770.495 1770.495 )
1608.233: I:0 (   0.000   0.000   0.000 ) T:1 ( 1770.495 1770.495 1770.495 1770.495 1770.495 1770.495 )
1618.229: I:0 (   0.000   0.000   0.000 ) T:1 ( 1770.495 1770.495 1770.495 1770.495 1770.495 1770.495 )
1628.229: I:0 (   0.000   0.000   0.000 ) T:1 ( 1770.495 1770.495 1770.495 1770.495 1770.495 1770.495 )
1638.229: I:0 (   0.000   0.000   0.000 ) T:1 ( 1770.495 1770.495 1770.495 1770.495 1770.495 1770.495 )
1648.229: I:0 (   0.000   0.000   0.000 ) T:1 ( 1770.495 1770.495 1770.495 1770.495 1770.495 1770.495 )
1658.229: I:0 (   0.000   0.000   0.000 ) T:1 ( 1770.495 1770.495 1770.495 1770.495 1770.495 1770.495 )
1668.229: I:0 (   0.000   0.000   0.000 ) T:1 ( 1770.495 1770.495 1770.495 1770.495 1770.495 1770.495 )
1678.229: I:0 (   0.000   0.000   0.000 ) T:1 ( 1770.495 1770.495 1770.495 1770.495 1770.495 1770.495 )
1688.230: I:0 (   0.000   0.000   0.000 ) T:1 ( 1770.495 1770.495 1770.495 1770.495 1770.495 1770.495 )
1698.229: I:0 (   0.000   0.000   0.000 ) T:1 ( 1770.495 1770.495 1770.495 1770.495 1770.495 1770.495 )
1708.229: I:0 (   0.000   0.000   0.000 ) T:1 ( 1770.495 1770.495 1770.495 1770.495 1770.495 1770.495 )
1718.229: I:0 (   0.000   0.000   0.000 ) T:1 ( 1770.495 1770.495 1770.495 1770.495 1770.495 1770.495 )
1728.229: I:0 (   0.000   0.000   0.000 ) T:1 ( 1770.495 1770.495 1770.495 1770.495 1770.495 1770.495 )
1738.233: I:0 (   0.000   0.000   0.000 ) T:1 ( 1770.495 1770.495 1770.495 1770.495 1770.495 1770.495 )
1748.229: I:0 (   0.000   0.000   0.000 ) T:1 ( 1770.495 1770.495 1770.495 1770.495 1770.495 1770.495 )
1758.229: I:0 (   0.000   0.000   0.000 ) T:1 ( 1770.495 1770.495 1770.495 1770.495 1770.495 1770.495 )
1768.229: I:0 (   0.000   0.000   0.000 ) T:1 ( 1770.495 1770.495 1770.495 1770.495 1770.495 1770.495 )
1778.229: I:0 (   0.000   0.000   0.000 ) T:1 ( 1770.495 1770.495 1770.495 1770.495 1770.495 1770.495 )
1788.229: I:0 (   0.000   0.000   0.000 ) T:1 ( 1770.495 1770.495 1770.495 1770.495 1770.495 1770.495 )
1798.229: I:0 (   0.000   0.000   0.000 ) T:1 ( 1770.495 1770.495 1770.495 1770.495 1770.495 1770.495 )
1808.229: I:0 (   0.000   0.000   0.000 ) T:1 ( 1770.495 1770.495 1770.495 1770.495 1770.495 1770.495 )
1818.229: I:0 (   0.000   0.000   0.000 ) T:1 ( 1770.495 1770.495 1770.495 1770.495 1770.495 1770.495 )
1828.229: I:0 (   0.000   0.000   0.000 ) T:1 ( 1770.495 1770.495 1770.495 1770.495 1770.495 1770.495 )
1838.229: I:0 (   0.000   0.000   0.000 ) T:1 ( 1770.495 1770.495 1770.495 1770.495 1770.495 1770.495 )
1848.229: I:0 (   0.000   0.000   0.000 ) T:1 ( 1770.495 1770.495 1770.495 1770.495 1770.495 1770.495 )
1858.229: I:0 (   0.000   0.000   0.000 ) T:1 ( 1770.495 1770.495 1770.495 1770.495 1770.495 1770.495 )
1868.229: I:0 (   0.000   0.000   0.000 ) T:1 ( 1770.495 1770.495 1770.495 1770.495 1770.495 1770.495 )
1878.229: I:0 (   0.000   0.000   0.000 ) T:1 ( 1770.495 1770.495 1770.495 1770.495 1770.495 1770.495 )
1888.229: I:0 (   0.000   0.000   0.000 ) T:1 ( 1770.495 1770.495 1770.495 1770.495 1770.495 1770.495 )
1898.229: I:0 (   0.000   0.000   0.000 ) T:1 ( 1770.495 1770.495 1770.495 1770.495 1770.495 1770.495 )
1908.229: I:0 (   0.000   0.000   0.000 ) T:1 ( 1770.495 1770.495 1770.495 1770.495 1770.495 1770.495 )
1918.229: I:0 (   0.000   0.000   0.000 ) T:1 ( 1770.495 1770.495 1770.495 1770.495 1770.495 1770.495 )
1928.229: I:0 (   0.000   0.000   0.000 ) T:1 ( 1770.495 1770.495 1770.495 1770.495 1770.495 1770.495 )
1938.229: I:0 (   0.000   0.000   0.000 ) T:1 ( 1770.495 1770.495 1770.495 1770.495 1770.495 1770.495 )
1948.229: I:0 (   0.000   0.000   0.000 ) T:1 ( 1770.495 1770.495 1770.495 1770.495 1770.495 1770.495 )
1958.229: I:0 (   0.000   0.000   0.000 ) T:1 ( 1770.495 1770.495 1770.495 1770.495 1770.495 1770.495 )
1968.229: I:0 (   0.000   0.000   0.000 ) T:1 ( 1770.495 1770.495 1770.495 1770.495 1770.495 1770.495 )
1978.229: I:0 (   0.000   0.000   0.000 ) T:1 ( 1770.495 1770.495 1770.495 1770.495 1770.495 1770.495 )
1988.229: I:0 (   0.000   0.000   0.000 ) T:1 ( 1770.495 1770.495 1770.495 1770.495 1770.495 1770.495 )
1998.229: I:0 (   0.000   0.000   0.000 ) T:1 ( 1770.495 1770.495 1770.495 1770.495 1770.495 1770.495 )
2008.229: I:0 (   0.000   0.000   0.000 ) T:1 ( 1770.495 1770.495 1770.495 1770.495 1770.495 1770.495 )
2018.229: I:0 (   0.000   0.000   0.000 ) T:1 ( 1770.495 1770.495 1770.495 1770.495 1770.495 1770.495 )
2028.229: I:0 (   0.000   0.000   0.000 ) T:1 ( 1770.495 1770.495 1770.495 1770.495 1770.495 1770.495 )
2038.229: I:0 (   0.000   0.000   0.000 ) T:1 ( 1770.495 1770.495 1770.495 1770.495 1770.495 1770.495 )
2048.229: I:0 (   0.000   0.000   0.000 ) T:1 ( 1770.495 1770.495 1770.495 1770.495 1770.495 1770.495 )
2058.229: I:0 (   0.000   0.000   0.000 ) T:1 ( 1770.495 1770.495 1770.495 1770.495 1770.495 1770.495 )
2068.229: I:0 (   0.000   0.000   0.000 ) T:1 ( 1770.495 1770.495 1770.495 1770.495 1770.495 1770.495 )
2078.229: I:0 (   0.000   0.000   0.000 ) T:1 ( 1770.495 1770.495 1770.495 1770.495 1770.495 1770.495 )
2088.229: I:0 (   0.000   0.000   0.000 ) T:1 ( 1770.495 1770.495 1770.495 1770.495 1770.495 1770.495 )
2098.229: I:0 (   0.000   0.000   0.000 ) T:1 ( 1770.495 1770.495 1770.495 1770.495 1770.495 1770.495 )
2108.229: I:0 (   0.000   0.000   0.000 ) T:1 ( 1770.495 1770.495 1770.495 1770.495 1770.495 1770.495 )
2118.232: I:0 (   0.000   0.000   0.000 ) T:1 ( 1770.495 1770.495 1770.495 1770.495 1770.495 1770.495 )
2128.229: I:0 (   0.000   0.000   0.000 ) T:1 ( 1770.495 1770.495 1770.495 1770.495 1770.495 1770.495 )
2138.229: I:0 (   0.000   0.000   0.000 ) T:1 ( 1770.495 1770.495 1770.495 1770.495 1770.495 1770.495 )
2148.229: I:0 (   0.000   0.000   0.000 ) T:1 ( 1770.495 1770.495 1770.495 1770.495 1770.495 1770.495 )
2158.229: I:0 (   0.000   0.000   0.000 ) T:1 ( 1770.495 1770.495 1770.495 1770.495 1770.495 1770.495 )
2168.229: I:0 (   0.000   0.000   0.000 ) T:1 ( 1770.495 1770.495 1770.495 1770.495 1770.495 1770.495 )
2178.229: I:0 (   0.000   0.000   0.000 ) T:1 ( 1770.495 1770.495 1770.495 1770.495 1770.495 1770.495 )
2188.229: I:0 (   0.000   0.000   0.000 ) T:1 ( 1770.495 1770.495 1770.495 1770.495 1770.495 1770.495 )
2198.229: I:0 (   0.000   0.000   0.000 ) T:1 ( 1770.495 1770.495 1770.495 1770.495 1770.495 1770.495 )
2208.229: I:0 (   0.000   0.000   0.000 ) T:1 ( 1770.495 1770.495 1770.495 1770.495 1770.495 1770.495 )
2218.229: I:0 (   0.000   0.000   0.000 ) T:1 ( 1770.495 1770.495 1770.495 1770.495 1770.495 1770.495 )
2228.229: I:0 (   0.000   0.000   0.000 ) T:1 ( 1770.495 1770.495 1770.495 1770.495 1770.495 1770.495 )
2238.229: I:0 (   0.000   0.000   0.000 ) T:1 ( 1770.495 1770.495 1770.495 1770.495 1770.495 1770.495 )
2248.229: I:0 (   0.000   0.000   0.000 ) T:1 ( 1770.495 1770.495 1770.495 1770.495 1770.495 1770.495 )
2258.229: I:0 (   0.000   0.000   0.000 ) T:1 ( 1770.495 1770.495 1770.495 1770.495 1770.495 1770.495 )
2268.229: I:0 (   0.000   0.000   0.000 ) T:1 ( 1770.495 1770.495 1770.495 1770.495 1770.495 1770.495 )
2278.229: I:0 (   0.000   0.000   0.000 ) T:1 ( 1770.495 1770.495 1770.495 1770.495 1770.495 1770.495 )
2288.229: I:0 (   0.000   0.000   0.000 ) T:1 ( 1770.495 1770.495 1770.495 1770.495 1770.495 1770.495 )
2298.229: I:0 (   0.000   0.000   0.000 ) T:1 ( 1770.495 1770.495 1770.495 1770.495 1770.495 1770.495 )
2308.229: I:0 (   0.000   0.000   0.000 ) T:1 ( 1770.495 1770.495 1770.495 1770.495 1770.495 1770.495 )
2318.229: I:0 (   0.000   0.000   0.000 ) T:1 ( 1770.495 1770.495 1770.495 1770.495 1770.495 1770.495 )
2328.229: I:0 (   0.000   0.000   0.000 ) T:1 ( 1770.495 1770.495 1770.495 1770.495 1770.495 1770.495 )
2338.229: I:0 (   0.000   0.000   0.000 ) T:1 ( 1770.495 1770.495 1770.495 1770.495 1770.495 1770.495 )
2348.229: I:0 (   0.000   0.000   0.000 ) T:1 ( 1770.495 1770.495 1770.495 1770.495 1770.495 1770.495 )
2358.229: I:0 (   0.000   0.000   0.000 ) T:1 ( 1770.495 1770.495 1770.495 1770.495 1770.495 1770.495 )
2368.229: I:0 (   0.000   0.000   0.000 ) T:1 ( 1770.495 1770.495 1770.495 1770.495 1770.495 1770.495 )
2378.229: I:0 (   0.000   0.000   0.000 ) T:1 ( 1770.495 1770.495 1770.495 1770.495 1770.495 1770.495 )
2388.229: I:0 (   0.000   0.000   0.000 ) T:1 ( 1770.495 1770.495 1770.495 1770.495 1770.495 1770.495 )
2398.229: I:0 (   0.000   0.000   0.000 ) T:1 ( 1770.495 1770.495 1770.495 1770.495 1770.495 1770.495 )
2408.229: I:0 (   0.000   0.000   0.000 ) T:1 ( 1770.495 1770.495 1770.495 1770.495 1770.495 1770.495 )
2418.229: I:0 (   0.000   0.000   0.000 ) T:1 ( 1770.495 1770.495 1770.495 1770.495 1770.495 1770.495 )
2428.229: I:0 (   0.000   0.000   0.000 ) T:1 ( 1770.495 1770.495 1770.495 1770.495 1770.495 1770.495 )
2438.229: I:0 (   0.000   0.000   0.000 ) T:1 ( 1770.495 1770.495 1770.495 1770.495 1770.495 1770.495 )
2448.229: I:0 (   0.000   0.000   0.000 ) T:1 ( 1770.495 1770.495 1770.495 1770.495 1770.495 1770.495 )
2458.229: I:0 (   0.000   0.000   0.000 ) T:1 ( 1770.495 1770.495 1770.495 1770.495 1770.495 1770.495 )
2468.229: I:0 (   0.000   0.000   0.000 ) T:1 ( 1770.495 1770.495 1770.495 1770.495 1770.495 1770.495 )
2478.229: I:0 (   0.000   0.000   0.000 ) T:1 ( 1770.495 1770.495 1770.495 1770.495 1770.495 1770.495 )
2488.229: I:0 (   0.000   0.000   0.000 ) T:1 ( 1770.495 1770.495 1770.495 1770.495 1770.495 1770.495 )
2498.229: I:0 (   0.000   0.000   0.000 ) T:1 ( 1770.495 1770.495 1770.495 1770.495 1770.495 1770.495 )
2508.230: I:0 (   0.000   0.000   0.000 ) T:1 ( 1770.495 1770.495 1770.495 1770.495 1770.495 1770.495 )
2518.230: I:0 (   0.000   0.000   0.000 ) T:1 ( 1770.495 1770.495 1770.495 1770.495 1770.495 1770.495 )
2528.229: I:0 (   0.000   0.000   0.000 ) T:1 ( 1770.495 1770.495 1770.495 1770.495 1770.495 1770.495 )
2538.229: I:0 (   0.000   0.000   0.000 ) T:1 ( 1770.495 1770.495 1770.495 1770.495 1770.495 1770.495 )
2548.229: I:0 (   0.000   0.000   0.000 ) T:1 ( 1770.495 1770.495 1770.495 1770.495 1770.495 1770.495 )
2558.229: I:0 (   0.000   0.000   0.000 ) T:1 ( 1770.495 1770.495 1770.495 1770.495 1770.495 1770.495 )
2568.229: I:0 (   0.000   0.000   0.000 ) T:1 ( 1770.495 1770.495 1770.495 1770.495 1770.495 1770.495 )
2578.229: I:0 (   0.000   0.000   0.000 ) T:1 ( 1770.495 1770.495 1770.495 1770.495 1770.495 1770.495 )
2588.229: I:0 (   0.000   0.000   0.000 ) T:1 ( 1770.495 1770.495 1770.495 1770.495 1770.495 1770.495 )
2598.229: I:0 (   0.000   0.000   0.000 ) T:1 ( 1770.495 1770.495 1770.495 1770.495 1770.495 1770.495 )
2608.229: I:0 (   0.000   0.000   0.000 ) T:1 ( 1770.495 1770.495 1770.495 1770.495 1770.495 1770.495 )
2618.229: I:0 (   0.000   0.000   0.000 ) T:1 ( 1770.495 1770.495 1770.495 1770.495 1770.495 1770.495 )
2628.229: I:0 (   0.000   0.000   0.000 ) T:1 ( 1770.495 1770.495 1770.495 1770.495 1770.495 1770.495 )
2638.229: I:0 (   0.000   0.000   0.000 ) T:1 ( 1770.495 1770.495 1770.495 1770.495 1770.495 1770.495 )
2648.229: I:0 (   0.000   0.000   0.000 ) T:1 ( 1770.495 1770.495 1770.495 1770.495 1770.495 1770.495 )
2658.229: I:0 (   0.000   0.000   0.000 ) T:1 ( 1770.495 1770.495 1770.495 1770.495 1770.495 1770.495 )
2668.229: I:0 (   0.000   0.000   0.000 ) T:1 ( 1770.495 1770.495 1770.495 1770.495 1770.495 1770.495 )
2678.229: I:0 (   0.000   0.000   0.000 ) T:1 ( 1770.495 1770.495 1770.495 1770.495 1770.495 1770.495 )
2688.229: I:0 (   0.000   0.000   0.000 ) T:1 ( 1770.495 1770.495 1770.495 1770.495 1770.495 1770.495 )
2698.229: I:0 (   0.000   0.000   0.000 ) T:1 ( 1770.495 1770.495 1770.495 1770.495 1770.495 1770.495 )
2708.229: I:0 (   0.000   0.000   0.000 ) T:1 ( 1770.495 1770.495 1770.495 1770.495 1770.495 1770.495 )
2718.229: I:0 (   0.000   0.000   0.000 ) T:1 ( 1770.495 1770.495 1770.495 1770.495 1770.495 1770.495 )
2728.229: I:0 (   0.000   0.000   0.000 ) T:1 ( 1770.495 1770.495 1770.495 1770.495 1770.495 1770.495 )
2738.229: I:0 (   0.000   0.000   0.000 ) T:1 ( 1770.495 1770.495 1770.495 1770.495 1770.495 1770.495 )
2748.229: I:0 (   0.000   0.000   0.000 ) T:1 ( 1770.495 1770.495 1770.495 1770.495 1770.495 1770.495 )
2758.229: I:0 (   0.000   0.000   0.000 ) T:1 ( 1770.495 1770.495 1770.495 1770.495 1770.495 1770.495 )
2768.229: I:0 (   0.000   0.000   0.000 ) T:1 ( 1770.495 1770.495 1770.495 1770.495 1770.495 1770.495 )
2778.230: I:0 (   0.000   0.000   0.000 ) T:1 ( 1770.495 1770.495 1770.495 1770.495 1770.495 1770.495 )
2788.229: I:0 (   0.000   0.000   0.000 ) T:1 ( 1770.495 1770.495 1770.495 1770.495 1770.495 1770.495 )
2798.229: I:0 (   0.000   0.000   0.000 ) T:1 ( 1770.495 1770.495 1770.495 1770.495 1770.495 1770.495 )
2808.229: I:0 (   0.000   0.000   0.000 ) T:1 ( 1770.495 1770.495 1770.495 1770.495 1770.495 1770.495 )
2818.229: I:0 (   0.000   0.000   0.000 ) T:1 ( 1770.495 1770.495 1770.495 1770.495 1770.495 1770.495 )
2828.229: I:0 (   0.000   0.000   0.000 ) T:1 ( 1770.495 1770.495 1770.495 1770.495 1770.495 1770.495 )
2838.229: I:0 (   0.000   0.000   0.000 ) T:1 ( 1770.495 1770.495 1770.495 1770.495 1770.495 1770.495 )
2848.229: I:0 (   0.000   0.000   0.000 ) T:1 ( 1770.495 1770.495 1770.495 1770.495 1770.495 1770.495 )
2858.229: I:0 (   0.000   0.000   0.000 ) T:1 ( 1770.495 1770.495 1770.495 1770.495 1770.495 1770.495 )
2868.229: I:0 (   0.000   0.000   0.000 ) T:1 ( 1770.495 1770.495 1770.495 1770.495 1770.495 1770.495 )
2878.229: I:0 (   0.000   0.000   0.000 ) T:1 ( 1770.495 1770.495 1770.495 1770.495 1770.495 1770.495 )
2885.166: I:0 (   0.000   0.000   0.000 ) T:1 ( 1770.495 1770.495 1770.495 1770.495 1770.495 1770.495 )
2885.191: I:0 (   0.000   0.000   0.000 ) T:1 ( 1770.495 1770.495 1770.495 1770.495 1770.495 1770.495 )
