#[Interval percentile log between 0.000 and <Infinite> seconds (relative to StartTime)]
#[StartTime: 1524423081.489 (seconds since epoch), Sun Apr 22 20:51:21 CEST 2018]
Time: IntervalPercentiles:count ( 50% 90% Max ) TotalPercentiles:count ( 50% 90% 99% 99.9% 99.99% Max )
9.558: I:1 ( 450.047 450.047 450.047 ) T:1 ( 450.047 450.047 450.047 450.047 450.047 450.047 )
19.553: I:0 (   0.000   0.000   0.000 ) T:1 ( 450.047 450.047 450.047 450.047 450.047 450.047 )
29.553: I:0 (   0.000   0.000   0.000 ) T:1 ( 450.047 450.047 450.047 450.047 450.047 450.047 )
39.551: I:0 (   0.000   0.000   0.000 ) T:1 ( 450.047 450.047 450.047 450.047 450.047 450.047 )
49.551: I:0 (   0.000   0.000   0.000 ) T:1 ( 450.047 450.047 450.047 450.047 450.047 450.047 )
59.555: I:0 (   0.000   0.000   0.000 ) T:1 ( 450.047 450.047 450.047 450.047 450.047 450.047 )
69.551: I:0 (   0.000   0.000   0.000 ) T:1 ( 450.047 450.047 450.047 450.047 450.047 450.047 )
79.550: I:0 (   0.000   0.000   0.000 ) T:1 ( 450.047 450.047 450.047 450.047 450.047 450.047 )
89.551: I:0 (   0.000   0.000   0.000 ) T:1 ( 450.047 450.047 450.047 450.047 450.047 450.047 )
99.551: I:0 (   0.000   0.000   0.000 ) T:1 ( 450.047 450.047 450.047 450.047 450.047 450.047 )
109.551: I:0 (   0.000   0.000   0.000 ) T:1 ( 450.047 450.047 450.047 450.047 450.047 450.047 )
119.550: I:0 (   0.000   0.000   0.000 ) T:1 ( 450.047 450.047 450.047 450.047 450.047 450.047 )
129.551: I:0 (   0.000   0.000   0.000 ) T:1 ( 450.047 450.047 450.047 450.047 450.047 450.047 )
139.551: I:0 (   0.000   0.000   0.000 ) T:1 ( 450.047 450.047 450.047 450.047 450.047 450.047 )
149.551: I:0 (   0.000   0.000   0.000 ) T:1 ( 450.047 450.047 450.047 450.047 450.047 450.047 )
159.558: I:0 (   0.000   0.000   0.000 ) T:1 ( 450.047 450.047 450.047 450.047 450.047 450.047 )
169.550: I:0 (   0.000   0.000   0.000 ) T:1 ( 450.047 450.047 450.047 450.047 450.047 450.047 )
179.551: I:0 (   0.000   0.000   0.000 ) T:1 ( 450.047 450.047 450.047 450.047 450.047 450.047 )
189.551: I:0 (   0.000   0.000   0.000 ) T:1 ( 450.047 450.047 450.047 450.047 450.047 450.047 )
199.551: I:0 (   0.000   0.000   0.000 ) T:1 ( 450.047 450.047 450.047 450.047 450.047 450.047 )
209.551: I:0 (   0.000   0.000   0.000 ) T:1 ( 450.047 450.047 450.047 450.047 450.047 450.047 )
219.551: I:0 (   0.000   0.000   0.000 ) T:1 ( 450.047 450.047 450.047 450.047 450.047 450.047 )
229.551: I:0 (   0.000   0.000   0.000 ) T:1 ( 450.047 450.047 450.047 450.047 450.047 450.047 )
239.551: I:0 (   0.000   0.000   0.000 ) T:1 ( 450.047 450.047 450.047 450.047 450.047 450.047 )
249.551: I:0 (   0.000   0.000   0.000 ) T:1 ( 450.047 450.047 450.047 450.047 450.047 450.047 )
259.551: I:0 (   0.000   0.000   0.000 ) T:1 ( 450.047 450.047 450.047 450.047 450.047 450.047 )
269.550: I:0 (   0.000   0.000   0.000 ) T:1 ( 450.047 450.047 450.047 450.047 450.047 450.047 )
279.550: I:0 (   0.000   0.000   0.000 ) T:1 ( 450.047 450.047 450.047 450.047 450.047 450.047 )
289.551: I:0 (   0.000   0.000   0.000 ) T:1 ( 450.047 450.047 450.047 450.047 450.047 450.047 )
299.551: I:0 (   0.000   0.000   0.000 ) T:1 ( 450.047 450.047 450.047 450.047 450.047 450.047 )
309.551: I:0 (   0.000   0.000   0.000 ) T:1 ( 450.047 450.047 450.047 450.047 450.047 450.047 )
319.550: I:0 (   0.000   0.000   0.000 ) T:1 ( 450.047 450.047 450.047 450.047 450.047 450.047 )
329.551: I:0 (   0.000   0.000   0.000 ) T:1 ( 450.047 450.047 450.047 450.047 450.047 450.047 )
339.551: I:0 (   0.000   0.000   0.000 ) T:1 ( 450.047 450.047 450.047 450.047 450.047 450.047 )
349.551: I:0 (   0.000   0.000   0.000 ) T:1 ( 450.047 450.047 450.047 450.047 450.047 450.047 )
359.550: I:0 (   0.000   0.000   0.000 ) T:1 ( 450.047 450.047 450.047 450.047 450.047 450.047 )
369.551: I:0 (   0.000   0.000   0.000 ) T:1 ( 450.047 450.047 450.047 450.047 450.047 450.047 )
379.551: I:0 (   0.000   0.000   0.000 ) T:1 ( 450.047 450.047 450.047 450.047 450.047 450.047 )
389.551: I:0 (   0.000   0.000   0.000 ) T:1 ( 450.047 450.047 450.047 450.047 450.047 450.047 )
399.551: I:0 (   0.000   0.000   0.000 ) T:1 ( 450.047 450.047 450.047 450.047 450.047 450.047 )
409.551: I:0 (   0.000   0.000   0.000 ) T:1 ( 450.047 450.047 450.047 450.047 450.047 450.047 )
419.551: I:0 (   0.000   0.000   0.000 ) T:1 ( 450.047 450.047 450.047 450.047 450.047 450.047 )
429.550: I:0 (   0.000   0.000   0.000 ) T:1 ( 450.047 450.047 450.047 450.047 450.047 450.047 )
439.551: I:0 (   0.000   0.000   0.000 ) T:1 ( 450.047 450.047 450.047 450.047 450.047 450.047 )
449.551: I:0 (   0.000   0.000   0.000 ) T:1 ( 450.047 450.047 450.047 450.047 450.047 450.047 )
459.551: I:0 (   0.000   0.000   0.000 ) T:1 ( 450.047 450.047 450.047 450.047 450.047 450.047 )
469.551: I:0 (   0.000   0.000   0.000 ) T:1 ( 450.047 450.047 450.047 450.047 450.047 450.047 )
479.550: I:0 (   0.000   0.000   0.000 ) T:1 ( 450.047 450.047 450.047 450.047 450.047 450.047 )
489.550: I:0 (   0.000   0.000   0.000 ) T:1 ( 450.047 450.047 450.047 450.047 450.047 450.047 )
499.551: I:0 (   0.000   0.000   0.000 ) T:1 ( 450.047 450.047 450.047 450.047 450.047 450.047 )
509.551: I:0 (   0.000   0.000   0.000 ) T:1 ( 450.047 450.047 450.047 450.047 450.047 450.047 )
519.551: I:0 (   0.000   0.000   0.000 ) T:1 ( 450.047 450.047 450.047 450.047 450.047 450.047 )
529.551: I:0 (   0.000   0.000   0.000 ) T:1 ( 450.047 450.047 450.047 450.047 450.047 450.047 )
539.551: I:0 (   0.000   0.000   0.000 ) T:1 ( 450.047 450.047 450.047 450.047 450.047 450.047 )
549.550: I:0 (   0.000   0.000   0.000 ) T:1 ( 450.047 450.047 450.047 450.047 450.047 450.047 )
559.550: I:0 (   0.000   0.000   0.000 ) T:1 ( 450.047 450.047 450.047 450.047 450.047 450.047 )
569.550: I:0 (   0.000   0.000   0.000 ) T:1 ( 450.047 450.047 450.047 450.047 450.047 450.047 )
579.551: I:0 (   0.000   0.000   0.000 ) T:1 ( 450.047 450.047 450.047 450.047 450.047 450.047 )
589.551: I:0 (   0.000   0.000   0.000 ) T:1 ( 450.047 450.047 450.047 450.047 450.047 450.047 )
599.551: I:0 (   0.000   0.000   0.000 ) T:1 ( 450.047 450.047 450.047 450.047 450.047 450.047 )
609.550: I:0 (   0.000   0.000   0.000 ) T:1 ( 450.047 450.047 450.047 450.047 450.047 450.047 )
619.551: I:0 (   0.000   0.000   0.000 ) T:1 ( 450.047 450.047 450.047 450.047 450.047 450.047 )
629.551: I:0 (   0.000   0.000   0.000 ) T:1 ( 450.047 450.047 450.047 450.047 450.047 450.047 )
639.551: I:0 (   0.000   0.000   0.000 ) T:1 ( 450.047 450.047 450.047 450.047 450.047 450.047 )
649.551: I:0 (   0.000   0.000   0.000 ) T:1 ( 450.047 450.047 450.047 450.047 450.047 450.047 )
659.550: I:0 (   0.000   0.000   0.000 ) T:1 ( 450.047 450.047 450.047 450.047 450.047 450.047 )
669.551: I:0 (   0.000   0.000   0.000 ) T:1 ( 450.047 450.047 450.047 450.047 450.047 450.047 )
679.550: I:0 (   0.000   0.000   0.000 ) T:1 ( 450.047 450.047 450.047 450.047 450.047 450.047 )
689.551: I:0 (   0.000   0.000   0.000 ) T:1 ( 450.047 450.047 450.047 450.047 450.047 450.047 )
699.550: I:0 (   0.000   0.000   0.000 ) T:1 ( 450.047 450.047 450.047 450.047 450.047 450.047 )
709.551: I:0 (   0.000   0.000   0.000 ) T:1 ( 450.047 450.047 450.047 450.047 450.047 450.047 )
719.551: I:0 (   0.000   0.000   0.000 ) T:1 ( 450.047 450.047 450.047 450.047 450.047 450.047 )
729.551: I:0 (   0.000   0.000   0.000 ) T:1 ( 450.047 450.047 450.047 450.047 450.047 450.047 )
739.551: I:0 (   0.000   0.000   0.000 ) T:1 ( 450.047 450.047 450.047 450.047 450.047 450.047 )
749.551: I:0 (   0.000   0.000   0.000 ) T:1 ( 450.047 450.047 450.047 450.047 450.047 450.047 )
759.551: I:0 (   0.000   0.000   0.000 ) T:1 ( 450.047 450.047 450.047 450.047 450.047 450.047 )
769.551: I:0 (   0.000   0.000   0.000 ) T:1 ( 450.047 450.047 450.047 450.047 450.047 450.047 )
779.551: I:0 (   0.000   0.000   0.000 ) T:1 ( 450.047 450.047 450.047 450.047 450.047 450.047 )
789.551: I:0 (   0.000   0.000   0.000 ) T:1 ( 450.047 450.047 450.047 450.047 450.047 450.047 )
799.551: I:0 (   0.000   0.000   0.000 ) T:1 ( 450.047 450.047 450.047 450.047 450.047 450.047 )
809.551: I:0 (   0.000   0.000   0.000 ) T:1 ( 450.047 450.047 450.047 450.047 450.047 450.047 )
819.551: I:0 (   0.000   0.000   0.000 ) T:1 ( 450.047 450.047 450.047 450.047 450.047 450.047 )
829.551: I:0 (   0.000   0.000   0.000 ) T:1 ( 450.047 450.047 450.047 450.047 450.047 450.047 )
839.550: I:0 (   0.000   0.000   0.000 ) T:1 ( 450.047 450.047 450.047 450.047 450.047 450.047 )
849.551: I:0 (   0.000   0.000   0.000 ) T:1 ( 450.047 450.047 450.047 450.047 450.047 450.047 )
859.550: I:0 (   0.000   0.000   0.000 ) T:1 ( 450.047 450.047 450.047 450.047 450.047 450.047 )
869.551: I:0 (   0.000   0.000   0.000 ) T:1 ( 450.047 450.047 450.047 450.047 450.047 450.047 )
879.551: I:0 (   0.000   0.000   0.000 ) T:1 ( 450.047 450.047 450.047 450.047 450.047 450.047 )
889.551: I:0 (   0.000   0.000   0.000 ) T:1 ( 450.047 450.047 450.047 450.047 450.047 450.047 )
899.550: I:0 (   0.000   0.000   0.000 ) T:1 ( 450.047 450.047 450.047 450.047 450.047 450.047 )
909.551: I:0 (   0.000   0.000   0.000 ) T:1 ( 450.047 450.047 450.047 450.047 450.047 450.047 )
919.551: I:0 (   0.000   0.000   0.000 ) T:1 ( 450.047 450.047 450.047 450.047 450.047 450.047 )
929.551: I:0 (   0.000   0.000   0.000 ) T:1 ( 450.047 450.047 450.047 450.047 450.047 450.047 )
939.551: I:0 (   0.000   0.000   0.000 ) T:1 ( 450.047 450.047 450.047 450.047 450.047 450.047 )
949.550: I:0 (   0.000   0.000   0.000 ) T:1 ( 450.047 450.047 450.047 450.047 450.047 450.047 )
959.551: I:0 (   0.000   0.000   0.000 ) T:1 ( 450.047 450.047 450.047 450.047 450.047 450.047 )
969.551: I:0 (   0.000   0.000   0.000 ) T:1 ( 450.047 450.047 450.047 450.047 450.047 450.047 )
979.550: I:0 (   0.000   0.000   0.000 ) T:1 ( 450.047 450.047 450.047 450.047 450.047 450.047 )
989.551: I:0 (   0.000   0.000   0.000 ) T:1 ( 450.047 450.047 450.047 450.047 450.047 450.047 )
999.550: I:0 (   0.000   0.000   0.000 ) T:1 ( 450.047 450.047 450.047 450.047 450.047 450.047 )
1009.551: I:0 (   0.000   0.000   0.000 ) T:1 ( 450.047 450.047 450.047 450.047 450.047 450.047 )
1019.550: I:0 (   0.000   0.000   0.000 ) T:1 ( 450.047 450.047 450.047 450.047 450.047 450.047 )
1029.551: I:0 (   0.000   0.000   0.000 ) T:1 ( 450.047 450.047 450.047 450.047 450.047 450.047 )
1039.550: I:0 (   0.000   0.000   0.000 ) T:1 ( 450.047 450.047 450.047 450.047 450.047 450.047 )
1049.551: I:0 (   0.000   0.000   0.000 ) T:1 ( 450.047 450.047 450.047 450.047 450.047 450.047 )
1059.550: I:0 (   0.000   0.000   0.000 ) T:1 ( 450.047 450.047 450.047 450.047 450.047 450.047 )
1069.551: I:0 (   0.000   0.000   0.000 ) T:1 ( 450.047 450.047 450.047 450.047 450.047 450.047 )
1079.550: I:0 (   0.000   0.000   0.000 ) T:1 ( 450.047 450.047 450.047 450.047 450.047 450.047 )
1089.551: I:0 (   0.000   0.000   0.000 ) T:1 ( 450.047 450.047 450.047 450.047 450.047 450.047 )
1099.550: I:0 (   0.000   0.000   0.000 ) T:1 ( 450.047 450.047 450.047 450.047 450.047 450.047 )
1109.550: I:0 (   0.000   0.000   0.000 ) T:1 ( 450.047 450.047 450.047 450.047 450.047 450.047 )
1119.551: I:0 (   0.000   0.000   0.000 ) T:1 ( 450.047 450.047 450.047 450.047 450.047 450.047 )
1129.551: I:0 (   0.000   0.000   0.000 ) T:1 ( 450.047 450.047 450.047 450.047 450.047 450.047 )
1139.551: I:0 (   0.000   0.000   0.000 ) T:1 ( 450.047 450.047 450.047 450.047 450.047 450.047 )
1149.551: I:0 (   0.000   0.000   0.000 ) T:1 ( 450.047 450.047 450.047 450.047 450.047 450.047 )
1159.553: I:0 (   0.000   0.000   0.000 ) T:1 ( 450.047 450.047 450.047 450.047 450.047 450.047 )
1169.551: I:0 (   0.000   0.000   0.000 ) T:1 ( 450.047 450.047 450.047 450.047 450.047 450.047 )
1179.551: I:0 (   0.000   0.000   0.000 ) T:1 ( 450.047 450.047 450.047 450.047 450.047 450.047 )
1189.550: I:0 (   0.000   0.000   0.000 ) T:1 ( 450.047 450.047 450.047 450.047 450.047 450.047 )
1199.551: I:0 (   0.000   0.000   0.000 ) T:1 ( 450.047 450.047 450.047 450.047 450.047 450.047 )
1209.551: I:0 (   0.000   0.000   0.000 ) T:1 ( 450.047 450.047 450.047 450.047 450.047 450.047 )
1219.551: I:0 (   0.000   0.000   0.000 ) T:1 ( 450.047 450.047 450.047 450.047 450.047 450.047 )
1229.551: I:0 (   0.000   0.000   0.000 ) T:1 ( 450.047 450.047 450.047 450.047 450.047 450.047 )
1239.551: I:0 (   0.000   0.000   0.000 ) T:1 ( 450.047 450.047 450.047 450.047 450.047 450.047 )
1249.551: I:0 (   0.000   0.000   0.000 ) T:1 ( 450.047 450.047 450.047 450.047 450.047 450.047 )
1259.550: I:0 (   0.000   0.000   0.000 ) T:1 ( 450.047 450.047 450.047 450.047 450.047 450.047 )
1269.550: I:0 (   0.000   0.000   0.000 ) T:1 ( 450.047 450.047 450.047 450.047 450.047 450.047 )
1279.550: I:0 (   0.000   0.000   0.000 ) T:1 ( 450.047 450.047 450.047 450.047 450.047 450.047 )
1289.551: I:0 (   0.000   0.000   0.000 ) T:1 ( 450.047 450.047 450.047 450.047 450.047 450.047 )
1299.551: I:0 (   0.000   0.000   0.000 ) T:1 ( 450.047 450.047 450.047 450.047 450.047 450.047 )
1309.551: I:0 (   0.000   0.000   0.000 ) T:1 ( 450.047 450.047 450.047 450.047 450.047 450.047 )
1319.552: I:0 (   0.000   0.000   0.000 ) T:1 ( 450.047 450.047 450.047 450.047 450.047 450.047 )
1329.550: I:0 (   0.000   0.000   0.000 ) T:1 ( 450.047 450.047 450.047 450.047 450.047 450.047 )
1339.550: I:0 (   0.000   0.000   0.000 ) T:1 ( 450.047 450.047 450.047 450.047 450.047 450.047 )
1349.550: I:0 (   0.000   0.000   0.000 ) T:1 ( 450.047 450.047 450.047 450.047 450.047 450.047 )
1359.551: I:0 (   0.000   0.000   0.000 ) T:1 ( 450.047 450.047 450.047 450.047 450.047 450.047 )
1369.551: I:0 (   0.000   0.000   0.000 ) T:1 ( 450.047 450.047 450.047 450.047 450.047 450.047 )
1379.551: I:0 (   0.000   0.000   0.000 ) T:1 ( 450.047 450.047 450.047 450.047 450.047 450.047 )
1389.550: I:0 (   0.000   0.000   0.000 ) T:1 ( 450.047 450.047 450.047 450.047 450.047 450.047 )
1399.550: I:0 (   0.000   0.000   0.000 ) T:1 ( 450.047 450.047 450.047 450.047 450.047 450.047 )
1409.551: I:0 (   0.000   0.000   0.000 ) T:1 ( 450.047 450.047 450.047 450.047 450.047 450.047 )
1419.551: I:0 (   0.000   0.000   0.000 ) T:1 ( 450.047 450.047 450.047 450.047 450.047 450.047 )
1429.550: I:0 (   0.000   0.000   0.000 ) T:1 ( 450.047 450.047 450.047 450.047 450.047 450.047 )
1439.550: I:0 (   0.000   0.000   0.000 ) T:1 ( 450.047 450.047 450.047 450.047 450.047 450.047 )
1449.551: I:0 (   0.000   0.000   0.000 ) T:1 ( 450.047 450.047 450.047 450.047 450.047 450.047 )
1459.550: I:0 (   0.000   0.000   0.000 ) T:1 ( 450.047 450.047 450.047 450.047 450.047 450.047 )
1469.550: I:0 (   0.000   0.000   0.000 ) T:1 ( 450.047 450.047 450.047 450.047 450.047 450.047 )
1479.550: I:0 (   0.000   0.000   0.000 ) T:1 ( 450.047 450.047 450.047 450.047 450.047 450.047 )
1489.551: I:0 (   0.000   0.000   0.000 ) T:1 ( 450.047 450.047 450.047 450.047 450.047 450.047 )
1499.550: I:0 (   0.000   0.000   0.000 ) T:1 ( 450.047 450.047 450.047 450.047 450.047 450.047 )
1509.551: I:0 (   0.000   0.000   0.000 ) T:1 ( 450.047 450.047 450.047 450.047 450.047 450.047 )
1519.550: I:0 (   0.000   0.000   0.000 ) T:1 ( 450.047 450.047 450.047 450.047 450.047 450.047 )
1529.550: I:0 (   0.000   0.000   0.000 ) T:1 ( 450.047 450.047 450.047 450.047 450.047 450.047 )
1539.550: I:0 (   0.000   0.000   0.000 ) T:1 ( 450.047 450.047 450.047 450.047 450.047 450.047 )
1549.550: I:0 (   0.000   0.000   0.000 ) T:1 ( 450.047 450.047 450.047 450.047 450.047 450.047 )
1559.550: I:0 (   0.000   0.000   0.000 ) T:1 ( 450.047 450.047 450.047 450.047 450.047 450.047 )
1569.550: I:0 (   0.000   0.000   0.000 ) T:1 ( 450.047 450.047 450.047 450.047 450.047 450.047 )
1579.550: I:0 (   0.000   0.000   0.000 ) T:1 ( 450.047 450.047 450.047 450.047 450.047 450.047 )
1589.551: I:0 (   0.000   0.000   0.000 ) T:1 ( 450.047 450.047 450.047 450.047 450.047 450.047 )
1599.551: I:0 (   0.000   0.000   0.000 ) T:1 ( 450.047 450.047 450.047 450.047 450.047 450.047 )
1609.551: I:0 (   0.000   0.000   0.000 ) T:1 ( 450.047 450.047 450.047 450.047 450.047 450.047 )
1619.550: I:0 (   0.000   0.000   0.000 ) T:1 ( 450.047 450.047 450.047 450.047 450.047 450.047 )
1629.550: I:0 (   0.000   0.000   0.000 ) T:1 ( 450.047 450.047 450.047 450.047 450.047 450.047 )
1639.550: I:0 (   0.000   0.000   0.000 ) T:1 ( 450.047 450.047 450.047 450.047 450.047 450.047 )
1649.550: I:0 (   0.000   0.000   0.000 ) T:1 ( 450.047 450.047 450.047 450.047 450.047 450.047 )
1659.550: I:0 (   0.000   0.000   0.000 ) T:1 ( 450.047 450.047 450.047 450.047 450.047 450.047 )
1669.550: I:0 (   0.000   0.000   0.000 ) T:1 ( 450.047 450.047 450.047 450.047 450.047 450.047 )
1679.550: I:0 (   0.000   0.000   0.000 ) T:1 ( 450.047 450.047 450.047 450.047 450.047 450.047 )
1689.550: I:0 (   0.000   0.000   0.000 ) T:1 ( 450.047 450.047 450.047 450.047 450.047 450.047 )
1699.550: I:0 (   0.000   0.000   0.000 ) T:1 ( 450.047 450.047 450.047 450.047 450.047 450.047 )
1709.550: I:0 (   0.000   0.000   0.000 ) T:1 ( 450.047 450.047 450.047 450.047 450.047 450.047 )
1719.550: I:0 (   0.000   0.000   0.000 ) T:1 ( 450.047 450.047 450.047 450.047 450.047 450.047 )
1729.551: I:0 (   0.000   0.000   0.000 ) T:1 ( 450.047 450.047 450.047 450.047 450.047 450.047 )
1739.551: I:0 (   0.000   0.000   0.000 ) T:1 ( 450.047 450.047 450.047 450.047 450.047 450.047 )
1749.550: I:0 (   0.000   0.000   0.000 ) T:1 ( 450.047 450.047 450.047 450.047 450.047 450.047 )
1759.550: I:0 (   0.000   0.000   0.000 ) T:1 ( 450.047 450.047 450.047 450.047 450.047 450.047 )
1769.551: I:0 (   0.000   0.000   0.000 ) T:1 ( 450.047 450.047 450.047 450.047 450.047 450.047 )
1779.550: I:0 (   0.000   0.000   0.000 ) T:1 ( 450.047 450.047 450.047 450.047 450.047 450.047 )
1789.550: I:0 (   0.000   0.000   0.000 ) T:1 ( 450.047 450.047 450.047 450.047 450.047 450.047 )
1799.551: I:0 (   0.000   0.000   0.000 ) T:1 ( 450.047 450.047 450.047 450.047 450.047 450.047 )
1809.550: I:0 (   0.000   0.000   0.000 ) T:1 ( 450.047 450.047 450.047 450.047 450.047 450.047 )
1819.550: I:0 (   0.000   0.000   0.000 ) T:1 ( 450.047 450.047 450.047 450.047 450.047 450.047 )
1829.550: I:0 (   0.000   0.000   0.000 ) T:1 ( 450.047 450.047 450.047 450.047 450.047 450.047 )
1839.551: I:0 (   0.000   0.000   0.000 ) T:1 ( 450.047 450.047 450.047 450.047 450.047 450.047 )
1849.550: I:0 (   0.000   0.000   0.000 ) T:1 ( 450.047 450.047 450.047 450.047 450.047 450.047 )
1859.550: I:0 (   0.000   0.000   0.000 ) T:1 ( 450.047 450.047 450.047 450.047 450.047 450.047 )
1869.550: I:0 (   0.000   0.000   0.000 ) T:1 ( 450.047 450.047 450.047 450.047 450.047 450.047 )
1879.551: I:0 (   0.000   0.000   0.000 ) T:1 ( 450.047 450.047 450.047 450.047 450.047 450.047 )
1889.550: I:0 (   0.000   0.000   0.000 ) T:1 ( 450.047 450.047 450.047 450.047 450.047 450.047 )
1899.550: I:0 (   0.000   0.000   0.000 ) T:1 ( 450.047 450.047 450.047 450.047 450.047 450.047 )
1909.550: I:0 (   0.000   0.000   0.000 ) T:1 ( 450.047 450.047 450.047 450.047 450.047 450.047 )
1919.551: I:0 (   0.000   0.000   0.000 ) T:1 ( 450.047 450.047 450.047 450.047 450.047 450.047 )
1929.550: I:0 (   0.000   0.000   0.000 ) T:1 ( 450.047 450.047 450.047 450.047 450.047 450.047 )
1939.551: I:0 (   0.000   0.000   0.000 ) T:1 ( 450.047 450.047 450.047 450.047 450.047 450.047 )
1949.550: I:0 (   0.000   0.000   0.000 ) T:1 ( 450.047 450.047 450.047 450.047 450.047 450.047 )
1959.550: I:0 (   0.000   0.000   0.000 ) T:1 ( 450.047 450.047 450.047 450.047 450.047 450.047 )
1969.550: I:0 (   0.000   0.000   0.000 ) T:1 ( 450.047 450.047 450.047 450.047 450.047 450.047 )
1979.551: I:0 (   0.000   0.000   0.000 ) T:1 ( 450.047 450.047 450.047 450.047 450.047 450.047 )
1989.550: I:0 (   0.000   0.000   0.000 ) T:1 ( 450.047 450.047 450.047 450.047 450.047 450.047 )
1999.551: I:0 (   0.000   0.000   0.000 ) T:1 ( 450.047 450.047 450.047 450.047 450.047 450.047 )
2009.550: I:0 (   0.000   0.000   0.000 ) T:1 ( 450.047 450.047 450.047 450.047 450.047 450.047 )
2019.550: I:0 (   0.000   0.000   0.000 ) T:1 ( 450.047 450.047 450.047 450.047 450.047 450.047 )
2029.550: I:0 (   0.000   0.000   0.000 ) T:1 ( 450.047 450.047 450.047 450.047 450.047 450.047 )
2039.550: I:0 (   0.000   0.000   0.000 ) T:1 ( 450.047 450.047 450.047 450.047 450.047 450.047 )
2049.550: I:0 (   0.000   0.000   0.000 ) T:1 ( 450.047 450.047 450.047 450.047 450.047 450.047 )
2059.550: I:0 (   0.000   0.000   0.000 ) T:1 ( 450.047 450.047 450.047 450.047 450.047 450.047 )
2069.550: I:0 (   0.000   0.000   0.000 ) T:1 ( 450.047 450.047 450.047 450.047 450.047 450.047 )
2079.550: I:0 (   0.000   0.000   0.000 ) T:1 ( 450.047 450.047 450.047 450.047 450.047 450.047 )
2089.550: I:0 (   0.000   0.000   0.000 ) T:1 ( 450.047 450.047 450.047 450.047 450.047 450.047 )
2099.550: I:0 (   0.000   0.000   0.000 ) T:1 ( 450.047 450.047 450.047 450.047 450.047 450.047 )
2109.550: I:0 (   0.000   0.000   0.000 ) T:1 ( 450.047 450.047 450.047 450.047 450.047 450.047 )
2119.550: I:0 (   0.000   0.000   0.000 ) T:1 ( 450.047 450.047 450.047 450.047 450.047 450.047 )
2129.550: I:0 (   0.000   0.000   0.000 ) T:1 ( 450.047 450.047 450.047 450.047 450.047 450.047 )
2139.553: I:0 (   0.000   0.000   0.000 ) T:1 ( 450.047 450.047 450.047 450.047 450.047 450.047 )
2149.550: I:0 (   0.000   0.000   0.000 ) T:1 ( 450.047 450.047 450.047 450.047 450.047 450.047 )
2159.550: I:0 (   0.000   0.000   0.000 ) T:1 ( 450.047 450.047 450.047 450.047 450.047 450.047 )
2169.550: I:0 (   0.000   0.000   0.000 ) T:1 ( 450.047 450.047 450.047 450.047 450.047 450.047 )
2179.550: I:0 (   0.000   0.000   0.000 ) T:1 ( 450.047 450.047 450.047 450.047 450.047 450.047 )
2189.550: I:0 (   0.000   0.000   0.000 ) T:1 ( 450.047 450.047 450.047 450.047 450.047 450.047 )
2199.550: I:0 (   0.000   0.000   0.000 ) T:1 ( 450.047 450.047 450.047 450.047 450.047 450.047 )
2209.550: I:0 (   0.000   0.000   0.000 ) T:1 ( 450.047 450.047 450.047 450.047 450.047 450.047 )
2219.551: I:0 (   0.000   0.000   0.000 ) T:1 ( 450.047 450.047 450.047 450.047 450.047 450.047 )
2229.550: I:0 (   0.000   0.000   0.000 ) T:1 ( 450.047 450.047 450.047 450.047 450.047 450.047 )
2239.550: I:0 (   0.000   0.000   0.000 ) T:1 ( 450.047 450.047 450.047 450.047 450.047 450.047 )
2249.550: I:0 (   0.000   0.000   0.000 ) T:1 ( 450.047 450.047 450.047 450.047 450.047 450.047 )
2259.550: I:0 (   0.000   0.000   0.000 ) T:1 ( 450.047 450.047 450.047 450.047 450.047 450.047 )
2269.551: I:0 (   0.000   0.000   0.000 ) T:1 ( 450.047 450.047 450.047 450.047 450.047 450.047 )
2279.550: I:0 (   0.000   0.000   0.000 ) T:1 ( 450.047 450.047 450.047 450.047 450.047 450.047 )
2289.550: I:0 (   0.000   0.000   0.000 ) T:1 ( 450.047 450.047 450.047 450.047 450.047 450.047 )
2299.550: I:0 (   0.000   0.000   0.000 ) T:1 ( 450.047 450.047 450.047 450.047 450.047 450.047 )
2309.550: I:0 (   0.000   0.000   0.000 ) T:1 ( 450.047 450.047 450.047 450.047 450.047 450.047 )
2319.551: I:0 (   0.000   0.000   0.000 ) T:1 ( 450.047 450.047 450.047 450.047 450.047 450.047 )
2329.550: I:0 (   0.000   0.000   0.000 ) T:1 ( 450.047 450.047 450.047 450.047 450.047 450.047 )
2339.550: I:0 (   0.000   0.000   0.000 ) T:1 ( 450.047 450.047 450.047 450.047 450.047 450.047 )
2349.550: I:0 (   0.000   0.000   0.000 ) T:1 ( 450.047 450.047 450.047 450.047 450.047 450.047 )
2359.550: I:0 (   0.000   0.000   0.000 ) T:1 ( 450.047 450.047 450.047 450.047 450.047 450.047 )
2369.550: I:0 (   0.000   0.000   0.000 ) T:1 ( 450.047 450.047 450.047 450.047 450.047 450.047 )
2379.550: I:0 (   0.000   0.000   0.000 ) T:1 ( 450.047 450.047 450.047 450.047 450.047 450.047 )
2389.550: I:0 (   0.000   0.000   0.000 ) T:1 ( 450.047 450.047 450.047 450.047 450.047 450.047 )
2399.551: I:0 (   0.000   0.000   0.000 ) T:1 ( 450.047 450.047 450.047 450.047 450.047 450.047 )
2409.550: I:0 (   0.000   0.000   0.000 ) T:1 ( 450.047 450.047 450.047 450.047 450.047 450.047 )
2419.551: I:0 (   0.000   0.000   0.000 ) T:1 ( 450.047 450.047 450.047 450.047 450.047 450.047 )
2429.551: I:0 (   0.000   0.000   0.000 ) T:1 ( 450.047 450.047 450.047 450.047 450.047 450.047 )
2439.550: I:0 (   0.000   0.000   0.000 ) T:1 ( 450.047 450.047 450.047 450.047 450.047 450.047 )
2449.551: I:0 (   0.000   0.000   0.000 ) T:1 ( 450.047 450.047 450.047 450.047 450.047 450.047 )
2459.550: I:0 (   0.000   0.000   0.000 ) T:1 ( 450.047 450.047 450.047 450.047 450.047 450.047 )
2469.550: I:0 (   0.000   0.000   0.000 ) T:1 ( 450.047 450.047 450.047 450.047 450.047 450.047 )
2479.550: I:0 (   0.000   0.000   0.000 ) T:1 ( 450.047 450.047 450.047 450.047 450.047 450.047 )
2489.551: I:0 (   0.000   0.000   0.000 ) T:1 ( 450.047 450.047 450.047 450.047 450.047 450.047 )
2499.550: I:0 (   0.000   0.000   0.000 ) T:1 ( 450.047 450.047 450.047 450.047 450.047 450.047 )
2509.551: I:0 (   0.000   0.000   0.000 ) T:1 ( 450.047 450.047 450.047 450.047 450.047 450.047 )
2519.550: I:0 (   0.000   0.000   0.000 ) T:1 ( 450.047 450.047 450.047 450.047 450.047 450.047 )
2529.550: I:0 (   0.000   0.000   0.000 ) T:1 ( 450.047 450.047 450.047 450.047 450.047 450.047 )
2539.550: I:0 (   0.000   0.000   0.000 ) T:1 ( 450.047 450.047 450.047 450.047 450.047 450.047 )
2549.553: I:0 (   0.000   0.000   0.000 ) T:1 ( 450.047 450.047 450.047 450.047 450.047 450.047 )
2559.551: I:0 (   0.000   0.000   0.000 ) T:1 ( 450.047 450.047 450.047 450.047 450.047 450.047 )
2569.550: I:0 (   0.000   0.000   0.000 ) T:1 ( 450.047 450.047 450.047 450.047 450.047 450.047 )
2579.550: I:0 (   0.000   0.000   0.000 ) T:1 ( 450.047 450.047 450.047 450.047 450.047 450.047 )
2589.550: I:0 (   0.000   0.000   0.000 ) T:1 ( 450.047 450.047 450.047 450.047 450.047 450.047 )
2599.550: I:0 (   0.000   0.000   0.000 ) T:1 ( 450.047 450.047 450.047 450.047 450.047 450.047 )
2609.550: I:0 (   0.000   0.000   0.000 ) T:1 ( 450.047 450.047 450.047 450.047 450.047 450.047 )
2619.550: I:0 (   0.000   0.000   0.000 ) T:1 ( 450.047 450.047 450.047 450.047 450.047 450.047 )
2629.550: I:0 (   0.000   0.000   0.000 ) T:1 ( 450.047 450.047 450.047 450.047 450.047 450.047 )
2639.550: I:0 (   0.000   0.000   0.000 ) T:1 ( 450.047 450.047 450.047 450.047 450.047 450.047 )
2649.550: I:0 (   0.000   0.000   0.000 ) T:1 ( 450.047 450.047 450.047 450.047 450.047 450.047 )
2659.550: I:0 (   0.000   0.000   0.000 ) T:1 ( 450.047 450.047 450.047 450.047 450.047 450.047 )
2669.550: I:0 (   0.000   0.000   0.000 ) T:1 ( 450.047 450.047 450.047 450.047 450.047 450.047 )
2679.550: I:0 (   0.000   0.000   0.000 ) T:1 ( 450.047 450.047 450.047 450.047 450.047 450.047 )
2689.550: I:0 (   0.000   0.000   0.000 ) T:1 ( 450.047 450.047 450.047 450.047 450.047 450.047 )
2699.550: I:0 (   0.000   0.000   0.000 ) T:1 ( 450.047 450.047 450.047 450.047 450.047 450.047 )
2709.550: I:0 (   0.000   0.000   0.000 ) T:1 ( 450.047 450.047 450.047 450.047 450.047 450.047 )
2719.550: I:0 (   0.000   0.000   0.000 ) T:1 ( 450.047 450.047 450.047 450.047 450.047 450.047 )
2729.550: I:0 (   0.000   0.000   0.000 ) T:1 ( 450.047 450.047 450.047 450.047 450.047 450.047 )
2739.551: I:0 (   0.000   0.000   0.000 ) T:1 ( 450.047 450.047 450.047 450.047 450.047 450.047 )
2749.550: I:0 (   0.000   0.000   0.000 ) T:1 ( 450.047 450.047 450.047 450.047 450.047 450.047 )
2759.550: I:0 (   0.000   0.000   0.000 ) T:1 ( 450.047 450.047 450.047 450.047 450.047 450.047 )
2769.550: I:0 (   0.000   0.000   0.000 ) T:1 ( 450.047 450.047 450.047 450.047 450.047 450.047 )
2779.550: I:0 (   0.000   0.000   0.000 ) T:1 ( 450.047 450.047 450.047 450.047 450.047 450.047 )
2789.550: I:0 (   0.000   0.000   0.000 ) T:1 ( 450.047 450.047 450.047 450.047 450.047 450.047 )
2799.551: I:0 (   0.000   0.000   0.000 ) T:1 ( 450.047 450.047 450.047 450.047 450.047 450.047 )
2809.550: I:0 (   0.000   0.000   0.000 ) T:1 ( 450.047 450.047 450.047 450.047 450.047 450.047 )
2819.550: I:0 (   0.000   0.000   0.000 ) T:1 ( 450.047 450.047 450.047 450.047 450.047 450.047 )
2829.550: I:0 (   0.000   0.000   0.000 ) T:1 ( 450.047 450.047 450.047 450.047 450.047 450.047 )
2839.551: I:0 (   0.000   0.000   0.000 ) T:1 ( 450.047 450.047 450.047 450.047 450.047 450.047 )
2849.551: I:0 (   0.000   0.000   0.000 ) T:1 ( 450.047 450.047 450.047 450.047 450.047 450.047 )
2859.550: I:0 (   0.000   0.000   0.000 ) T:1 ( 450.047 450.047 450.047 450.047 450.047 450.047 )
2869.550: I:0 (   0.000   0.000   0.000 ) T:1 ( 450.047 450.047 450.047 450.047 450.047 450.047 )
2879.550: I:0 (   0.000   0.000   0.000 ) T:1 ( 450.047 450.047 450.047 450.047 450.047 450.047 )
2889.550: I:0 (   0.000   0.000   0.000 ) T:1 ( 450.047 450.047 450.047 450.047 450.047 450.047 )
2899.550: I:0 (   0.000   0.000   0.000 ) T:1 ( 450.047 450.047 450.047 450.047 450.047 450.047 )
2909.550: I:0 (   0.000   0.000   0.000 ) T:1 ( 450.047 450.047 450.047 450.047 450.047 450.047 )
2919.551: I:0 (   0.000   0.000   0.000 ) T:1 ( 450.047 450.047 450.047 450.047 450.047 450.047 )
2929.550: I:0 (   0.000   0.000   0.000 ) T:1 ( 450.047 450.047 450.047 450.047 450.047 450.047 )
2939.551: I:0 (   0.000   0.000   0.000 ) T:1 ( 450.047 450.047 450.047 450.047 450.047 450.047 )
2949.550: I:0 (   0.000   0.000   0.000 ) T:1 ( 450.047 450.047 450.047 450.047 450.047 450.047 )
2959.550: I:0 (   0.000   0.000   0.000 ) T:1 ( 450.047 450.047 450.047 450.047 450.047 450.047 )
2969.550: I:0 (   0.000   0.000   0.000 ) T:1 ( 450.047 450.047 450.047 450.047 450.047 450.047 )
2979.550: I:0 (   0.000   0.000   0.000 ) T:1 ( 450.047 450.047 450.047 450.047 450.047 450.047 )
2989.550: I:0 (   0.000   0.000   0.000 ) T:1 ( 450.047 450.047 450.047 450.047 450.047 450.047 )
2999.550: I:0 (   0.000   0.000   0.000 ) T:1 ( 450.047 450.047 450.047 450.047 450.047 450.047 )
3009.550: I:0 (   0.000   0.000   0.000 ) T:1 ( 450.047 450.047 450.047 450.047 450.047 450.047 )
3019.550: I:0 (   0.000   0.000   0.000 ) T:1 ( 450.047 450.047 450.047 450.047 450.047 450.047 )
3029.550: I:0 (   0.000   0.000   0.000 ) T:1 ( 450.047 450.047 450.047 450.047 450.047 450.047 )
3039.550: I:0 (   0.000   0.000   0.000 ) T:1 ( 450.047 450.047 450.047 450.047 450.047 450.047 )
3049.550: I:0 (   0.000   0.000   0.000 ) T:1 ( 450.047 450.047 450.047 450.047 450.047 450.047 )
3059.551: I:0 (   0.000   0.000   0.000 ) T:1 ( 450.047 450.047 450.047 450.047 450.047 450.047 )
3069.550: I:0 (   0.000   0.000   0.000 ) T:1 ( 450.047 450.047 450.047 450.047 450.047 450.047 )
3079.551: I:0 (   0.000   0.000   0.000 ) T:1 ( 450.047 450.047 450.047 450.047 450.047 450.047 )
3089.550: I:0 (   0.000   0.000   0.000 ) T:1 ( 450.047 450.047 450.047 450.047 450.047 450.047 )
3099.550: I:0 (   0.000   0.000   0.000 ) T:1 ( 450.047 450.047 450.047 450.047 450.047 450.047 )
3109.550: I:0 (   0.000   0.000   0.000 ) T:1 ( 450.047 450.047 450.047 450.047 450.047 450.047 )
3119.550: I:0 (   0.000   0.000   0.000 ) T:1 ( 450.047 450.047 450.047 450.047 450.047 450.047 )
3129.550: I:0 (   0.000   0.000   0.000 ) T:1 ( 450.047 450.047 450.047 450.047 450.047 450.047 )
3139.550: I:0 (   0.000   0.000   0.000 ) T:1 ( 450.047 450.047 450.047 450.047 450.047 450.047 )
3149.550: I:0 (   0.000   0.000   0.000 ) T:1 ( 450.047 450.047 450.047 450.047 450.047 450.047 )
3159.550: I:0 (   0.000   0.000   0.000 ) T:1 ( 450.047 450.047 450.047 450.047 450.047 450.047 )
3169.550: I:0 (   0.000   0.000   0.000 ) T:1 ( 450.047 450.047 450.047 450.047 450.047 450.047 )
3179.550: I:0 (   0.000   0.000   0.000 ) T:1 ( 450.047 450.047 450.047 450.047 450.047 450.047 )
3189.550: I:0 (   0.000   0.000   0.000 ) T:1 ( 450.047 450.047 450.047 450.047 450.047 450.047 )
3199.550: I:0 (   0.000   0.000   0.000 ) T:1 ( 450.047 450.047 450.047 450.047 450.047 450.047 )
3209.550: I:0 (   0.000   0.000   0.000 ) T:1 ( 450.047 450.047 450.047 450.047 450.047 450.047 )
3219.550: I:0 (   0.000   0.000   0.000 ) T:1 ( 450.047 450.047 450.047 450.047 450.047 450.047 )
3229.550: I:0 (   0.000   0.000   0.000 ) T:1 ( 450.047 450.047 450.047 450.047 450.047 450.047 )
3239.550: I:0 (   0.000   0.000   0.000 ) T:1 ( 450.047 450.047 450.047 450.047 450.047 450.047 )
3249.550: I:0 (   0.000   0.000   0.000 ) T:1 ( 450.047 450.047 450.047 450.047 450.047 450.047 )
3259.550: I:0 (   0.000   0.000   0.000 ) T:1 ( 450.047 450.047 450.047 450.047 450.047 450.047 )
3269.550: I:0 (   0.000   0.000   0.000 ) T:1 ( 450.047 450.047 450.047 450.047 450.047 450.047 )
3279.550: I:0 (   0.000   0.000   0.000 ) T:1 ( 450.047 450.047 450.047 450.047 450.047 450.047 )
3289.552: I:0 (   0.000   0.000   0.000 ) T:1 ( 450.047 450.047 450.047 450.047 450.047 450.047 )
3299.550: I:0 (   0.000   0.000   0.000 ) T:1 ( 450.047 450.047 450.047 450.047 450.047 450.047 )
3309.550: I:0 (   0.000   0.000   0.000 ) T:1 ( 450.047 450.047 450.047 450.047 450.047 450.047 )
3319.550: I:0 (   0.000   0.000   0.000 ) T:1 ( 450.047 450.047 450.047 450.047 450.047 450.047 )
3329.550: I:0 (   0.000   0.000   0.000 ) T:1 ( 450.047 450.047 450.047 450.047 450.047 450.047 )
3339.550: I:0 (   0.000   0.000   0.000 ) T:1 ( 450.047 450.047 450.047 450.047 450.047 450.047 )
3349.550: I:0 (   0.000   0.000   0.000 ) T:1 ( 450.047 450.047 450.047 450.047 450.047 450.047 )
3359.550: I:0 (   0.000   0.000   0.000 ) T:1 ( 450.047 450.047 450.047 450.047 450.047 450.047 )
3369.550: I:0 (   0.000   0.000   0.000 ) T:1 ( 450.047 450.047 450.047 450.047 450.047 450.047 )
3379.550: I:0 (   0.000   0.000   0.000 ) T:1 ( 450.047 450.047 450.047 450.047 450.047 450.047 )
3389.550: I:0 (   0.000   0.000   0.000 ) T:1 ( 450.047 450.047 450.047 450.047 450.047 450.047 )
3399.550: I:0 (   0.000   0.000   0.000 ) T:1 ( 450.047 450.047 450.047 450.047 450.047 450.047 )
3409.550: I:0 (   0.000   0.000   0.000 ) T:1 ( 450.047 450.047 450.047 450.047 450.047 450.047 )
3419.550: I:0 (   0.000   0.000   0.000 ) T:1 ( 450.047 450.047 450.047 450.047 450.047 450.047 )
3429.550: I:0 (   0.000   0.000   0.000 ) T:1 ( 450.047 450.047 450.047 450.047 450.047 450.047 )
3439.550: I:0 (   0.000   0.000   0.000 ) T:1 ( 450.047 450.047 450.047 450.047 450.047 450.047 )
3449.550: I:0 (   0.000   0.000   0.000 ) T:1 ( 450.047 450.047 450.047 450.047 450.047 450.047 )
3459.550: I:0 (   0.000   0.000   0.000 ) T:1 ( 450.047 450.047 450.047 450.047 450.047 450.047 )
3469.550: I:0 (   0.000   0.000   0.000 ) T:1 ( 450.047 450.047 450.047 450.047 450.047 450.047 )
3479.550: I:0 (   0.000   0.000   0.000 ) T:1 ( 450.047 450.047 450.047 450.047 450.047 450.047 )
3481.289: I:0 (   0.000   0.000   0.000 ) T:1 ( 450.047 450.047 450.047 450.047 450.047 450.047 )
3481.327: I:0 (   0.000   0.000   0.000 ) T:1 ( 450.047 450.047 450.047 450.047 450.047 450.047 )
