#[Interval percentile log between 0.000 and <Infinite> seconds (relative to StartTime)]
#[StartTime: 1524292301.030 (seconds since epoch), Sat Apr 21 08:31:41 CEST 2018]
Time: IntervalPercentiles:count ( 50% 90% Max ) TotalPercentiles:count ( 50% 90% 99% 99.9% 99.99% Max )
9.578: I:1 ( 457.727 457.727 457.727 ) T:1 ( 457.727 457.727 457.727 457.727 457.727 457.727 )
19.563: I:0 (   0.000   0.000   0.000 ) T:1 ( 457.727 457.727 457.727 457.727 457.727 457.727 )
29.560: I:0 (   0.000   0.000   0.000 ) T:1 ( 457.727 457.727 457.727 457.727 457.727 457.727 )
39.557: I:0 (   0.000   0.000   0.000 ) T:1 ( 457.727 457.727 457.727 457.727 457.727 457.727 )
49.558: I:0 (   0.000   0.000   0.000 ) T:1 ( 457.727 457.727 457.727 457.727 457.727 457.727 )
59.559: I:0 (   0.000   0.000   0.000 ) T:1 ( 457.727 457.727 457.727 457.727 457.727 457.727 )
69.560: I:0 (   0.000   0.000   0.000 ) T:1 ( 457.727 457.727 457.727 457.727 457.727 457.727 )
79.560: I:0 (   0.000   0.000   0.000 ) T:1 ( 457.727 457.727 457.727 457.727 457.727 457.727 )
89.557: I:0 (   0.000   0.000   0.000 ) T:1 ( 457.727 457.727 457.727 457.727 457.727 457.727 )
99.560: I:0 (   0.000   0.000   0.000 ) T:1 ( 457.727 457.727 457.727 457.727 457.727 457.727 )
109.559: I:0 (   0.000   0.000   0.000 ) T:1 ( 457.727 457.727 457.727 457.727 457.727 457.727 )
119.559: I:0 (   0.000   0.000   0.000 ) T:1 ( 457.727 457.727 457.727 457.727 457.727 457.727 )
129.559: I:0 (   0.000   0.000   0.000 ) T:1 ( 457.727 457.727 457.727 457.727 457.727 457.727 )
139.559: I:0 (   0.000   0.000   0.000 ) T:1 ( 457.727 457.727 457.727 457.727 457.727 457.727 )
149.557: I:0 (   0.000   0.000   0.000 ) T:1 ( 457.727 457.727 457.727 457.727 457.727 457.727 )
159.557: I:0 (   0.000   0.000   0.000 ) T:1 ( 457.727 457.727 457.727 457.727 457.727 457.727 )
169.558: I:0 (   0.000   0.000   0.000 ) T:1 ( 457.727 457.727 457.727 457.727 457.727 457.727 )
179.556: I:0 (   0.000   0.000   0.000 ) T:1 ( 457.727 457.727 457.727 457.727 457.727 457.727 )
189.555: I:0 (   0.000   0.000   0.000 ) T:1 ( 457.727 457.727 457.727 457.727 457.727 457.727 )
199.557: I:0 (   0.000   0.000   0.000 ) T:1 ( 457.727 457.727 457.727 457.727 457.727 457.727 )
209.556: I:0 (   0.000   0.000   0.000 ) T:1 ( 457.727 457.727 457.727 457.727 457.727 457.727 )
219.560: I:0 (   0.000   0.000   0.000 ) T:1 ( 457.727 457.727 457.727 457.727 457.727 457.727 )
229.557: I:0 (   0.000   0.000   0.000 ) T:1 ( 457.727 457.727 457.727 457.727 457.727 457.727 )
239.559: I:0 (   0.000   0.000   0.000 ) T:1 ( 457.727 457.727 457.727 457.727 457.727 457.727 )
249.559: I:0 (   0.000   0.000   0.000 ) T:1 ( 457.727 457.727 457.727 457.727 457.727 457.727 )
259.556: I:0 (   0.000   0.000   0.000 ) T:1 ( 457.727 457.727 457.727 457.727 457.727 457.727 )
269.553: I:0 (   0.000   0.000   0.000 ) T:1 ( 457.727 457.727 457.727 457.727 457.727 457.727 )
279.557: I:0 (   0.000   0.000   0.000 ) T:1 ( 457.727 457.727 457.727 457.727 457.727 457.727 )
289.559: I:0 (   0.000   0.000   0.000 ) T:1 ( 457.727 457.727 457.727 457.727 457.727 457.727 )
299.560: I:0 (   0.000   0.000   0.000 ) T:1 ( 457.727 457.727 457.727 457.727 457.727 457.727 )
309.559: I:0 (   0.000   0.000   0.000 ) T:1 ( 457.727 457.727 457.727 457.727 457.727 457.727 )
319.560: I:0 (   0.000   0.000   0.000 ) T:1 ( 457.727 457.727 457.727 457.727 457.727 457.727 )
329.560: I:0 (   0.000   0.000   0.000 ) T:1 ( 457.727 457.727 457.727 457.727 457.727 457.727 )
339.560: I:0 (   0.000   0.000   0.000 ) T:1 ( 457.727 457.727 457.727 457.727 457.727 457.727 )
349.559: I:0 (   0.000   0.000   0.000 ) T:1 ( 457.727 457.727 457.727 457.727 457.727 457.727 )
359.559: I:0 (   0.000   0.000   0.000 ) T:1 ( 457.727 457.727 457.727 457.727 457.727 457.727 )
369.561: I:0 (   0.000   0.000   0.000 ) T:1 ( 457.727 457.727 457.727 457.727 457.727 457.727 )
379.560: I:0 (   0.000   0.000   0.000 ) T:1 ( 457.727 457.727 457.727 457.727 457.727 457.727 )
389.559: I:0 (   0.000   0.000   0.000 ) T:1 ( 457.727 457.727 457.727 457.727 457.727 457.727 )
399.559: I:0 (   0.000   0.000   0.000 ) T:1 ( 457.727 457.727 457.727 457.727 457.727 457.727 )
409.558: I:0 (   0.000   0.000   0.000 ) T:1 ( 457.727 457.727 457.727 457.727 457.727 457.727 )
419.558: I:0 (   0.000   0.000   0.000 ) T:1 ( 457.727 457.727 457.727 457.727 457.727 457.727 )
429.558: I:0 (   0.000   0.000   0.000 ) T:1 ( 457.727 457.727 457.727 457.727 457.727 457.727 )
439.558: I:0 (   0.000   0.000   0.000 ) T:1 ( 457.727 457.727 457.727 457.727 457.727 457.727 )
449.556: I:0 (   0.000   0.000   0.000 ) T:1 ( 457.727 457.727 457.727 457.727 457.727 457.727 )
459.558: I:0 (   0.000   0.000   0.000 ) T:1 ( 457.727 457.727 457.727 457.727 457.727 457.727 )
469.559: I:0 (   0.000   0.000   0.000 ) T:1 ( 457.727 457.727 457.727 457.727 457.727 457.727 )
479.558: I:0 (   0.000   0.000   0.000 ) T:1 ( 457.727 457.727 457.727 457.727 457.727 457.727 )
489.560: I:0 (   0.000   0.000   0.000 ) T:1 ( 457.727 457.727 457.727 457.727 457.727 457.727 )
499.560: I:0 (   0.000   0.000   0.000 ) T:1 ( 457.727 457.727 457.727 457.727 457.727 457.727 )
509.560: I:0 (   0.000   0.000   0.000 ) T:1 ( 457.727 457.727 457.727 457.727 457.727 457.727 )
519.560: I:0 (   0.000   0.000   0.000 ) T:1 ( 457.727 457.727 457.727 457.727 457.727 457.727 )
529.559: I:0 (   0.000   0.000   0.000 ) T:1 ( 457.727 457.727 457.727 457.727 457.727 457.727 )
539.552: I:0 (   0.000   0.000   0.000 ) T:1 ( 457.727 457.727 457.727 457.727 457.727 457.727 )
549.553: I:0 (   0.000   0.000   0.000 ) T:1 ( 457.727 457.727 457.727 457.727 457.727 457.727 )
559.559: I:0 (   0.000   0.000   0.000 ) T:1 ( 457.727 457.727 457.727 457.727 457.727 457.727 )
569.557: I:0 (   0.000   0.000   0.000 ) T:1 ( 457.727 457.727 457.727 457.727 457.727 457.727 )
579.560: I:0 (   0.000   0.000   0.000 ) T:1 ( 457.727 457.727 457.727 457.727 457.727 457.727 )
589.559: I:0 (   0.000   0.000   0.000 ) T:1 ( 457.727 457.727 457.727 457.727 457.727 457.727 )
599.555: I:0 (   0.000   0.000   0.000 ) T:1 ( 457.727 457.727 457.727 457.727 457.727 457.727 )
609.560: I:0 (   0.000   0.000   0.000 ) T:1 ( 457.727 457.727 457.727 457.727 457.727 457.727 )
619.559: I:0 (   0.000   0.000   0.000 ) T:1 ( 457.727 457.727 457.727 457.727 457.727 457.727 )
629.557: I:0 (   0.000   0.000   0.000 ) T:1 ( 457.727 457.727 457.727 457.727 457.727 457.727 )
639.554: I:0 (   0.000   0.000   0.000 ) T:1 ( 457.727 457.727 457.727 457.727 457.727 457.727 )
649.557: I:0 (   0.000   0.000   0.000 ) T:1 ( 457.727 457.727 457.727 457.727 457.727 457.727 )
659.559: I:0 (   0.000   0.000   0.000 ) T:1 ( 457.727 457.727 457.727 457.727 457.727 457.727 )
669.562: I:0 (   0.000   0.000   0.000 ) T:1 ( 457.727 457.727 457.727 457.727 457.727 457.727 )
679.559: I:0 (   0.000   0.000   0.000 ) T:1 ( 457.727 457.727 457.727 457.727 457.727 457.727 )
689.561: I:0 (   0.000   0.000   0.000 ) T:1 ( 457.727 457.727 457.727 457.727 457.727 457.727 )
699.559: I:0 (   0.000   0.000   0.000 ) T:1 ( 457.727 457.727 457.727 457.727 457.727 457.727 )
709.558: I:0 (   0.000   0.000   0.000 ) T:1 ( 457.727 457.727 457.727 457.727 457.727 457.727 )
719.557: I:0 (   0.000   0.000   0.000 ) T:1 ( 457.727 457.727 457.727 457.727 457.727 457.727 )
729.559: I:0 (   0.000   0.000   0.000 ) T:1 ( 457.727 457.727 457.727 457.727 457.727 457.727 )
739.553: I:0 (   0.000   0.000   0.000 ) T:1 ( 457.727 457.727 457.727 457.727 457.727 457.727 )
749.559: I:0 (   0.000   0.000   0.000 ) T:1 ( 457.727 457.727 457.727 457.727 457.727 457.727 )
759.559: I:0 (   0.000   0.000   0.000 ) T:1 ( 457.727 457.727 457.727 457.727 457.727 457.727 )
769.559: I:0 (   0.000   0.000   0.000 ) T:1 ( 457.727 457.727 457.727 457.727 457.727 457.727 )
779.559: I:0 (   0.000   0.000   0.000 ) T:1 ( 457.727 457.727 457.727 457.727 457.727 457.727 )
789.553: I:0 (   0.000   0.000   0.000 ) T:1 ( 457.727 457.727 457.727 457.727 457.727 457.727 )
799.559: I:0 (   0.000   0.000   0.000 ) T:1 ( 457.727 457.727 457.727 457.727 457.727 457.727 )
809.558: I:0 (   0.000   0.000   0.000 ) T:1 ( 457.727 457.727 457.727 457.727 457.727 457.727 )
819.559: I:0 (   0.000   0.000   0.000 ) T:1 ( 457.727 457.727 457.727 457.727 457.727 457.727 )
829.559: I:0 (   0.000   0.000   0.000 ) T:1 ( 457.727 457.727 457.727 457.727 457.727 457.727 )
839.559: I:0 (   0.000   0.000   0.000 ) T:1 ( 457.727 457.727 457.727 457.727 457.727 457.727 )
849.559: I:0 (   0.000   0.000   0.000 ) T:1 ( 457.727 457.727 457.727 457.727 457.727 457.727 )
859.559: I:0 (   0.000   0.000   0.000 ) T:1 ( 457.727 457.727 457.727 457.727 457.727 457.727 )
869.560: I:0 (   0.000   0.000   0.000 ) T:1 ( 457.727 457.727 457.727 457.727 457.727 457.727 )
879.559: I:0 (   0.000   0.000   0.000 ) T:1 ( 457.727 457.727 457.727 457.727 457.727 457.727 )
889.558: I:0 (   0.000   0.000   0.000 ) T:1 ( 457.727 457.727 457.727 457.727 457.727 457.727 )
899.553: I:0 (   0.000   0.000   0.000 ) T:1 ( 457.727 457.727 457.727 457.727 457.727 457.727 )
909.560: I:0 (   0.000   0.000   0.000 ) T:1 ( 457.727 457.727 457.727 457.727 457.727 457.727 )
919.558: I:0 (   0.000   0.000   0.000 ) T:1 ( 457.727 457.727 457.727 457.727 457.727 457.727 )
929.559: I:0 (   0.000   0.000   0.000 ) T:1 ( 457.727 457.727 457.727 457.727 457.727 457.727 )
939.558: I:0 (   0.000   0.000   0.000 ) T:1 ( 457.727 457.727 457.727 457.727 457.727 457.727 )
949.557: I:0 (   0.000   0.000   0.000 ) T:1 ( 457.727 457.727 457.727 457.727 457.727 457.727 )
959.551: I:0 (   0.000   0.000   0.000 ) T:1 ( 457.727 457.727 457.727 457.727 457.727 457.727 )
969.559: I:0 (   0.000   0.000   0.000 ) T:1 ( 457.727 457.727 457.727 457.727 457.727 457.727 )
979.559: I:0 (   0.000   0.000   0.000 ) T:1 ( 457.727 457.727 457.727 457.727 457.727 457.727 )
989.557: I:0 (   0.000   0.000   0.000 ) T:1 ( 457.727 457.727 457.727 457.727 457.727 457.727 )
999.557: I:0 (   0.000   0.000   0.000 ) T:1 ( 457.727 457.727 457.727 457.727 457.727 457.727 )
1009.559: I:0 (   0.000   0.000   0.000 ) T:1 ( 457.727 457.727 457.727 457.727 457.727 457.727 )
1019.558: I:0 (   0.000   0.000   0.000 ) T:1 ( 457.727 457.727 457.727 457.727 457.727 457.727 )
1029.559: I:0 (   0.000   0.000   0.000 ) T:1 ( 457.727 457.727 457.727 457.727 457.727 457.727 )
1039.559: I:0 (   0.000   0.000   0.000 ) T:1 ( 457.727 457.727 457.727 457.727 457.727 457.727 )
1049.590: I:0 (   0.000   0.000   0.000 ) T:1 ( 457.727 457.727 457.727 457.727 457.727 457.727 )
1059.559: I:0 (   0.000   0.000   0.000 ) T:1 ( 457.727 457.727 457.727 457.727 457.727 457.727 )
1069.559: I:0 (   0.000   0.000   0.000 ) T:1 ( 457.727 457.727 457.727 457.727 457.727 457.727 )
1079.559: I:0 (   0.000   0.000   0.000 ) T:1 ( 457.727 457.727 457.727 457.727 457.727 457.727 )
1089.559: I:0 (   0.000   0.000   0.000 ) T:1 ( 457.727 457.727 457.727 457.727 457.727 457.727 )
1099.558: I:0 (   0.000   0.000   0.000 ) T:1 ( 457.727 457.727 457.727 457.727 457.727 457.727 )
1109.558: I:0 (   0.000   0.000   0.000 ) T:1 ( 457.727 457.727 457.727 457.727 457.727 457.727 )
1119.561: I:0 (   0.000   0.000   0.000 ) T:1 ( 457.727 457.727 457.727 457.727 457.727 457.727 )
1129.558: I:0 (   0.000   0.000   0.000 ) T:1 ( 457.727 457.727 457.727 457.727 457.727 457.727 )
1139.553: I:0 (   0.000   0.000   0.000 ) T:1 ( 457.727 457.727 457.727 457.727 457.727 457.727 )
1149.559: I:0 (   0.000   0.000   0.000 ) T:1 ( 457.727 457.727 457.727 457.727 457.727 457.727 )
1159.561: I:0 (   0.000   0.000   0.000 ) T:1 ( 457.727 457.727 457.727 457.727 457.727 457.727 )
1169.559: I:0 (   0.000   0.000   0.000 ) T:1 ( 457.727 457.727 457.727 457.727 457.727 457.727 )
1179.557: I:0 (   0.000   0.000   0.000 ) T:1 ( 457.727 457.727 457.727 457.727 457.727 457.727 )
1189.560: I:0 (   0.000   0.000   0.000 ) T:1 ( 457.727 457.727 457.727 457.727 457.727 457.727 )
1199.559: I:0 (   0.000   0.000   0.000 ) T:1 ( 457.727 457.727 457.727 457.727 457.727 457.727 )
1209.553: I:0 (   0.000   0.000   0.000 ) T:1 ( 457.727 457.727 457.727 457.727 457.727 457.727 )
1219.560: I:0 (   0.000   0.000   0.000 ) T:1 ( 457.727 457.727 457.727 457.727 457.727 457.727 )
1229.557: I:0 (   0.000   0.000   0.000 ) T:1 ( 457.727 457.727 457.727 457.727 457.727 457.727 )
1239.557: I:0 (   0.000   0.000   0.000 ) T:1 ( 457.727 457.727 457.727 457.727 457.727 457.727 )
1249.560: I:0 (   0.000   0.000   0.000 ) T:1 ( 457.727 457.727 457.727 457.727 457.727 457.727 )
1259.557: I:0 (   0.000   0.000   0.000 ) T:1 ( 457.727 457.727 457.727 457.727 457.727 457.727 )
1269.559: I:0 (   0.000   0.000   0.000 ) T:1 ( 457.727 457.727 457.727 457.727 457.727 457.727 )
1279.559: I:0 (   0.000   0.000   0.000 ) T:1 ( 457.727 457.727 457.727 457.727 457.727 457.727 )
1289.559: I:0 (   0.000   0.000   0.000 ) T:1 ( 457.727 457.727 457.727 457.727 457.727 457.727 )
1299.559: I:0 (   0.000   0.000   0.000 ) T:1 ( 457.727 457.727 457.727 457.727 457.727 457.727 )
1309.559: I:0 (   0.000   0.000   0.000 ) T:1 ( 457.727 457.727 457.727 457.727 457.727 457.727 )
1319.558: I:0 (   0.000   0.000   0.000 ) T:1 ( 457.727 457.727 457.727 457.727 457.727 457.727 )
1329.559: I:0 (   0.000   0.000   0.000 ) T:1 ( 457.727 457.727 457.727 457.727 457.727 457.727 )
1339.558: I:0 (   0.000   0.000   0.000 ) T:1 ( 457.727 457.727 457.727 457.727 457.727 457.727 )
1349.559: I:0 (   0.000   0.000   0.000 ) T:1 ( 457.727 457.727 457.727 457.727 457.727 457.727 )
1359.559: I:0 (   0.000   0.000   0.000 ) T:1 ( 457.727 457.727 457.727 457.727 457.727 457.727 )
1369.561: I:0 (   0.000   0.000   0.000 ) T:1 ( 457.727 457.727 457.727 457.727 457.727 457.727 )
1379.559: I:0 (   0.000   0.000   0.000 ) T:1 ( 457.727 457.727 457.727 457.727 457.727 457.727 )
1389.560: I:0 (   0.000   0.000   0.000 ) T:1 ( 457.727 457.727 457.727 457.727 457.727 457.727 )
1399.559: I:0 (   0.000   0.000   0.000 ) T:1 ( 457.727 457.727 457.727 457.727 457.727 457.727 )
1409.559: I:0 (   0.000   0.000   0.000 ) T:1 ( 457.727 457.727 457.727 457.727 457.727 457.727 )
1419.558: I:0 (   0.000   0.000   0.000 ) T:1 ( 457.727 457.727 457.727 457.727 457.727 457.727 )
1429.559: I:0 (   0.000   0.000   0.000 ) T:1 ( 457.727 457.727 457.727 457.727 457.727 457.727 )
1439.559: I:0 (   0.000   0.000   0.000 ) T:1 ( 457.727 457.727 457.727 457.727 457.727 457.727 )
1449.559: I:0 (   0.000   0.000   0.000 ) T:1 ( 457.727 457.727 457.727 457.727 457.727 457.727 )
1459.559: I:0 (   0.000   0.000   0.000 ) T:1 ( 457.727 457.727 457.727 457.727 457.727 457.727 )
1469.558: I:0 (   0.000   0.000   0.000 ) T:1 ( 457.727 457.727 457.727 457.727 457.727 457.727 )
1479.559: I:0 (   0.000   0.000   0.000 ) T:1 ( 457.727 457.727 457.727 457.727 457.727 457.727 )
1489.561: I:0 (   0.000   0.000   0.000 ) T:1 ( 457.727 457.727 457.727 457.727 457.727 457.727 )
1499.560: I:0 (   0.000   0.000   0.000 ) T:1 ( 457.727 457.727 457.727 457.727 457.727 457.727 )
1509.559: I:0 (   0.000   0.000   0.000 ) T:1 ( 457.727 457.727 457.727 457.727 457.727 457.727 )
1519.559: I:0 (   0.000   0.000   0.000 ) T:1 ( 457.727 457.727 457.727 457.727 457.727 457.727 )
1529.558: I:0 (   0.000   0.000   0.000 ) T:1 ( 457.727 457.727 457.727 457.727 457.727 457.727 )
1539.560: I:0 (   0.000   0.000   0.000 ) T:1 ( 457.727 457.727 457.727 457.727 457.727 457.727 )
1549.557: I:0 (   0.000   0.000   0.000 ) T:1 ( 457.727 457.727 457.727 457.727 457.727 457.727 )
1559.559: I:0 (   0.000   0.000   0.000 ) T:1 ( 457.727 457.727 457.727 457.727 457.727 457.727 )
1569.559: I:0 (   0.000   0.000   0.000 ) T:1 ( 457.727 457.727 457.727 457.727 457.727 457.727 )
1579.560: I:0 (   0.000   0.000   0.000 ) T:1 ( 457.727 457.727 457.727 457.727 457.727 457.727 )
1589.559: I:0 (   0.000   0.000   0.000 ) T:1 ( 457.727 457.727 457.727 457.727 457.727 457.727 )
1599.559: I:0 (   0.000   0.000   0.000 ) T:1 ( 457.727 457.727 457.727 457.727 457.727 457.727 )
1609.559: I:0 (   0.000   0.000   0.000 ) T:1 ( 457.727 457.727 457.727 457.727 457.727 457.727 )
1619.552: I:0 (   0.000   0.000   0.000 ) T:1 ( 457.727 457.727 457.727 457.727 457.727 457.727 )
1629.556: I:0 (   0.000   0.000   0.000 ) T:1 ( 457.727 457.727 457.727 457.727 457.727 457.727 )
1639.560: I:0 (   0.000   0.000   0.000 ) T:1 ( 457.727 457.727 457.727 457.727 457.727 457.727 )
1649.557: I:0 (   0.000   0.000   0.000 ) T:1 ( 457.727 457.727 457.727 457.727 457.727 457.727 )
1659.561: I:0 (   0.000   0.000   0.000 ) T:1 ( 457.727 457.727 457.727 457.727 457.727 457.727 )
1669.558: I:0 (   0.000   0.000   0.000 ) T:1 ( 457.727 457.727 457.727 457.727 457.727 457.727 )
1679.558: I:0 (   0.000   0.000   0.000 ) T:1 ( 457.727 457.727 457.727 457.727 457.727 457.727 )
1689.559: I:0 (   0.000   0.000   0.000 ) T:1 ( 457.727 457.727 457.727 457.727 457.727 457.727 )
1699.558: I:0 (   0.000   0.000   0.000 ) T:1 ( 457.727 457.727 457.727 457.727 457.727 457.727 )
1709.558: I:0 (   0.000   0.000   0.000 ) T:1 ( 457.727 457.727 457.727 457.727 457.727 457.727 )
1719.558: I:0 (   0.000   0.000   0.000 ) T:1 ( 457.727 457.727 457.727 457.727 457.727 457.727 )
1729.559: I:0 (   0.000   0.000   0.000 ) T:1 ( 457.727 457.727 457.727 457.727 457.727 457.727 )
1739.559: I:0 (   0.000   0.000   0.000 ) T:1 ( 457.727 457.727 457.727 457.727 457.727 457.727 )
1749.559: I:0 (   0.000   0.000   0.000 ) T:1 ( 457.727 457.727 457.727 457.727 457.727 457.727 )
1759.557: I:0 (   0.000   0.000   0.000 ) T:1 ( 457.727 457.727 457.727 457.727 457.727 457.727 )
1769.559: I:0 (   0.000   0.000   0.000 ) T:1 ( 457.727 457.727 457.727 457.727 457.727 457.727 )
1779.560: I:0 (   0.000   0.000   0.000 ) T:1 ( 457.727 457.727 457.727 457.727 457.727 457.727 )
1789.562: I:0 (   0.000   0.000   0.000 ) T:1 ( 457.727 457.727 457.727 457.727 457.727 457.727 )
1799.559: I:0 (   0.000   0.000   0.000 ) T:1 ( 457.727 457.727 457.727 457.727 457.727 457.727 )
1809.559: I:0 (   0.000   0.000   0.000 ) T:1 ( 457.727 457.727 457.727 457.727 457.727 457.727 )
1819.559: I:0 (   0.000   0.000   0.000 ) T:1 ( 457.727 457.727 457.727 457.727 457.727 457.727 )
1829.559: I:0 (   0.000   0.000   0.000 ) T:1 ( 457.727 457.727 457.727 457.727 457.727 457.727 )
1839.560: I:0 (   0.000   0.000   0.000 ) T:1 ( 457.727 457.727 457.727 457.727 457.727 457.727 )
1849.559: I:0 (   0.000   0.000   0.000 ) T:1 ( 457.727 457.727 457.727 457.727 457.727 457.727 )
1859.559: I:0 (   0.000   0.000   0.000 ) T:1 ( 457.727 457.727 457.727 457.727 457.727 457.727 )
1869.555: I:0 (   0.000   0.000   0.000 ) T:1 ( 457.727 457.727 457.727 457.727 457.727 457.727 )
1879.558: I:0 (   0.000   0.000   0.000 ) T:1 ( 457.727 457.727 457.727 457.727 457.727 457.727 )
1889.559: I:0 (   0.000   0.000   0.000 ) T:1 ( 457.727 457.727 457.727 457.727 457.727 457.727 )
1899.559: I:0 (   0.000   0.000   0.000 ) T:1 ( 457.727 457.727 457.727 457.727 457.727 457.727 )
1909.589: I:0 (   0.000   0.000   0.000 ) T:1 ( 457.727 457.727 457.727 457.727 457.727 457.727 )
1919.559: I:0 (   0.000   0.000   0.000 ) T:1 ( 457.727 457.727 457.727 457.727 457.727 457.727 )
1929.558: I:0 (   0.000   0.000   0.000 ) T:1 ( 457.727 457.727 457.727 457.727 457.727 457.727 )
1939.558: I:0 (   0.000   0.000   0.000 ) T:1 ( 457.727 457.727 457.727 457.727 457.727 457.727 )
1949.559: I:0 (   0.000   0.000   0.000 ) T:1 ( 457.727 457.727 457.727 457.727 457.727 457.727 )
1959.559: I:0 (   0.000   0.000   0.000 ) T:1 ( 457.727 457.727 457.727 457.727 457.727 457.727 )
1969.561: I:0 (   0.000   0.000   0.000 ) T:1 ( 457.727 457.727 457.727 457.727 457.727 457.727 )
1979.557: I:0 (   0.000   0.000   0.000 ) T:1 ( 457.727 457.727 457.727 457.727 457.727 457.727 )
1989.557: I:0 (   0.000   0.000   0.000 ) T:1 ( 457.727 457.727 457.727 457.727 457.727 457.727 )
1999.559: I:0 (   0.000   0.000   0.000 ) T:1 ( 457.727 457.727 457.727 457.727 457.727 457.727 )
2009.561: I:0 (   0.000   0.000   0.000 ) T:1 ( 457.727 457.727 457.727 457.727 457.727 457.727 )
2019.558: I:0 (   0.000   0.000   0.000 ) T:1 ( 457.727 457.727 457.727 457.727 457.727 457.727 )
2029.559: I:0 (   0.000   0.000   0.000 ) T:1 ( 457.727 457.727 457.727 457.727 457.727 457.727 )
2039.559: I:0 (   0.000   0.000   0.000 ) T:1 ( 457.727 457.727 457.727 457.727 457.727 457.727 )
2049.558: I:0 (   0.000   0.000   0.000 ) T:1 ( 457.727 457.727 457.727 457.727 457.727 457.727 )
2059.561: I:0 (   0.000   0.000   0.000 ) T:1 ( 457.727 457.727 457.727 457.727 457.727 457.727 )
2069.558: I:0 (   0.000   0.000   0.000 ) T:1 ( 457.727 457.727 457.727 457.727 457.727 457.727 )
2079.559: I:0 (   0.000   0.000   0.000 ) T:1 ( 457.727 457.727 457.727 457.727 457.727 457.727 )
2089.559: I:0 (   0.000   0.000   0.000 ) T:1 ( 457.727 457.727 457.727 457.727 457.727 457.727 )
2099.556: I:0 (   0.000   0.000   0.000 ) T:1 ( 457.727 457.727 457.727 457.727 457.727 457.727 )
2109.559: I:0 (   0.000   0.000   0.000 ) T:1 ( 457.727 457.727 457.727 457.727 457.727 457.727 )
2119.560: I:0 (   0.000   0.000   0.000 ) T:1 ( 457.727 457.727 457.727 457.727 457.727 457.727 )
2129.557: I:0 (   0.000   0.000   0.000 ) T:1 ( 457.727 457.727 457.727 457.727 457.727 457.727 )
2139.559: I:0 (   0.000   0.000   0.000 ) T:1 ( 457.727 457.727 457.727 457.727 457.727 457.727 )
2149.559: I:0 (   0.000   0.000   0.000 ) T:1 ( 457.727 457.727 457.727 457.727 457.727 457.727 )
2159.558: I:0 (   0.000   0.000   0.000 ) T:1 ( 457.727 457.727 457.727 457.727 457.727 457.727 )
2169.560: I:0 (   0.000   0.000   0.000 ) T:1 ( 457.727 457.727 457.727 457.727 457.727 457.727 )
2179.553: I:0 (   0.000   0.000   0.000 ) T:1 ( 457.727 457.727 457.727 457.727 457.727 457.727 )
2189.558: I:0 (   0.000   0.000   0.000 ) T:1 ( 457.727 457.727 457.727 457.727 457.727 457.727 )
2199.558: I:0 (   0.000   0.000   0.000 ) T:1 ( 457.727 457.727 457.727 457.727 457.727 457.727 )
2209.558: I:0 (   0.000   0.000   0.000 ) T:1 ( 457.727 457.727 457.727 457.727 457.727 457.727 )
2219.559: I:0 (   0.000   0.000   0.000 ) T:1 ( 457.727 457.727 457.727 457.727 457.727 457.727 )
2229.558: I:0 (   0.000   0.000   0.000 ) T:1 ( 457.727 457.727 457.727 457.727 457.727 457.727 )
2239.559: I:0 (   0.000   0.000   0.000 ) T:1 ( 457.727 457.727 457.727 457.727 457.727 457.727 )
2249.559: I:0 (   0.000   0.000   0.000 ) T:1 ( 457.727 457.727 457.727 457.727 457.727 457.727 )
2259.556: I:0 (   0.000   0.000   0.000 ) T:1 ( 457.727 457.727 457.727 457.727 457.727 457.727 )
2269.559: I:0 (   0.000   0.000   0.000 ) T:1 ( 457.727 457.727 457.727 457.727 457.727 457.727 )
2279.558: I:0 (   0.000   0.000   0.000 ) T:1 ( 457.727 457.727 457.727 457.727 457.727 457.727 )
2289.556: I:0 (   0.000   0.000   0.000 ) T:1 ( 457.727 457.727 457.727 457.727 457.727 457.727 )
2299.559: I:0 (   0.000   0.000   0.000 ) T:1 ( 457.727 457.727 457.727 457.727 457.727 457.727 )
2309.558: I:0 (   0.000   0.000   0.000 ) T:1 ( 457.727 457.727 457.727 457.727 457.727 457.727 )
2319.559: I:0 (   0.000   0.000   0.000 ) T:1 ( 457.727 457.727 457.727 457.727 457.727 457.727 )
2329.558: I:0 (   0.000   0.000   0.000 ) T:1 ( 457.727 457.727 457.727 457.727 457.727 457.727 )
2339.558: I:0 (   0.000   0.000   0.000 ) T:1 ( 457.727 457.727 457.727 457.727 457.727 457.727 )
2349.558: I:0 (   0.000   0.000   0.000 ) T:1 ( 457.727 457.727 457.727 457.727 457.727 457.727 )
2359.559: I:0 (   0.000   0.000   0.000 ) T:1 ( 457.727 457.727 457.727 457.727 457.727 457.727 )
2369.558: I:0 (   0.000   0.000   0.000 ) T:1 ( 457.727 457.727 457.727 457.727 457.727 457.727 )
2379.558: I:0 (   0.000   0.000   0.000 ) T:1 ( 457.727 457.727 457.727 457.727 457.727 457.727 )
2389.559: I:0 (   0.000   0.000   0.000 ) T:1 ( 457.727 457.727 457.727 457.727 457.727 457.727 )
2399.557: I:0 (   0.000   0.000   0.000 ) T:1 ( 457.727 457.727 457.727 457.727 457.727 457.727 )
2409.559: I:0 (   0.000   0.000   0.000 ) T:1 ( 457.727 457.727 457.727 457.727 457.727 457.727 )
2419.558: I:0 (   0.000   0.000   0.000 ) T:1 ( 457.727 457.727 457.727 457.727 457.727 457.727 )
2429.559: I:0 (   0.000   0.000   0.000 ) T:1 ( 457.727 457.727 457.727 457.727 457.727 457.727 )
2439.558: I:0 (   0.000   0.000   0.000 ) T:1 ( 457.727 457.727 457.727 457.727 457.727 457.727 )
2449.551: I:0 (   0.000   0.000   0.000 ) T:1 ( 457.727 457.727 457.727 457.727 457.727 457.727 )
2459.559: I:0 (   0.000   0.000   0.000 ) T:1 ( 457.727 457.727 457.727 457.727 457.727 457.727 )
2469.559: I:0 (   0.000   0.000   0.000 ) T:1 ( 457.727 457.727 457.727 457.727 457.727 457.727 )
2479.559: I:0 (   0.000   0.000   0.000 ) T:1 ( 457.727 457.727 457.727 457.727 457.727 457.727 )
2489.558: I:0 (   0.000   0.000   0.000 ) T:1 ( 457.727 457.727 457.727 457.727 457.727 457.727 )
2499.556: I:0 (   0.000   0.000   0.000 ) T:1 ( 457.727 457.727 457.727 457.727 457.727 457.727 )
2509.558: I:0 (   0.000   0.000   0.000 ) T:1 ( 457.727 457.727 457.727 457.727 457.727 457.727 )
2519.558: I:0 (   0.000   0.000   0.000 ) T:1 ( 457.727 457.727 457.727 457.727 457.727 457.727 )
2529.558: I:0 (   0.000   0.000   0.000 ) T:1 ( 457.727 457.727 457.727 457.727 457.727 457.727 )
2539.559: I:0 (   0.000   0.000   0.000 ) T:1 ( 457.727 457.727 457.727 457.727 457.727 457.727 )
2549.558: I:0 (   0.000   0.000   0.000 ) T:1 ( 457.727 457.727 457.727 457.727 457.727 457.727 )
2559.560: I:0 (   0.000   0.000   0.000 ) T:1 ( 457.727 457.727 457.727 457.727 457.727 457.727 )
2569.557: I:0 (   0.000   0.000   0.000 ) T:1 ( 457.727 457.727 457.727 457.727 457.727 457.727 )
2579.559: I:0 (   0.000   0.000   0.000 ) T:1 ( 457.727 457.727 457.727 457.727 457.727 457.727 )
2589.559: I:0 (   0.000   0.000   0.000 ) T:1 ( 457.727 457.727 457.727 457.727 457.727 457.727 )
2599.558: I:0 (   0.000   0.000   0.000 ) T:1 ( 457.727 457.727 457.727 457.727 457.727 457.727 )
2609.552: I:0 (   0.000   0.000   0.000 ) T:1 ( 457.727 457.727 457.727 457.727 457.727 457.727 )
2619.553: I:0 (   0.000   0.000   0.000 ) T:1 ( 457.727 457.727 457.727 457.727 457.727 457.727 )
2629.557: I:0 (   0.000   0.000   0.000 ) T:1 ( 457.727 457.727 457.727 457.727 457.727 457.727 )
2639.559: I:0 (   0.000   0.000   0.000 ) T:1 ( 457.727 457.727 457.727 457.727 457.727 457.727 )
2649.557: I:0 (   0.000   0.000   0.000 ) T:1 ( 457.727 457.727 457.727 457.727 457.727 457.727 )
2659.557: I:0 (   0.000   0.000   0.000 ) T:1 ( 457.727 457.727 457.727 457.727 457.727 457.727 )
2669.557: I:0 (   0.000   0.000   0.000 ) T:1 ( 457.727 457.727 457.727 457.727 457.727 457.727 )
2679.557: I:0 (   0.000   0.000   0.000 ) T:1 ( 457.727 457.727 457.727 457.727 457.727 457.727 )
2689.557: I:0 (   0.000   0.000   0.000 ) T:1 ( 457.727 457.727 457.727 457.727 457.727 457.727 )
2699.559: I:0 (   0.000   0.000   0.000 ) T:1 ( 457.727 457.727 457.727 457.727 457.727 457.727 )
2709.559: I:0 (   0.000   0.000   0.000 ) T:1 ( 457.727 457.727 457.727 457.727 457.727 457.727 )
2719.559: I:0 (   0.000   0.000   0.000 ) T:1 ( 457.727 457.727 457.727 457.727 457.727 457.727 )
2729.560: I:0 (   0.000   0.000   0.000 ) T:1 ( 457.727 457.727 457.727 457.727 457.727 457.727 )
2739.559: I:0 (   0.000   0.000   0.000 ) T:1 ( 457.727 457.727 457.727 457.727 457.727 457.727 )
2749.560: I:0 (   0.000   0.000   0.000 ) T:1 ( 457.727 457.727 457.727 457.727 457.727 457.727 )
2759.553: I:0 (   0.000   0.000   0.000 ) T:1 ( 457.727 457.727 457.727 457.727 457.727 457.727 )
2769.559: I:0 (   0.000   0.000   0.000 ) T:1 ( 457.727 457.727 457.727 457.727 457.727 457.727 )
2779.557: I:0 (   0.000   0.000   0.000 ) T:1 ( 457.727 457.727 457.727 457.727 457.727 457.727 )
2789.559: I:0 (   0.000   0.000   0.000 ) T:1 ( 457.727 457.727 457.727 457.727 457.727 457.727 )
2799.560: I:0 (   0.000   0.000   0.000 ) T:1 ( 457.727 457.727 457.727 457.727 457.727 457.727 )
2809.559: I:0 (   0.000   0.000   0.000 ) T:1 ( 457.727 457.727 457.727 457.727 457.727 457.727 )
2819.559: I:0 (   0.000   0.000   0.000 ) T:1 ( 457.727 457.727 457.727 457.727 457.727 457.727 )
2829.561: I:0 (   0.000   0.000   0.000 ) T:1 ( 457.727 457.727 457.727 457.727 457.727 457.727 )
2839.557: I:0 (   0.000   0.000   0.000 ) T:1 ( 457.727 457.727 457.727 457.727 457.727 457.727 )
2849.559: I:0 (   0.000   0.000   0.000 ) T:1 ( 457.727 457.727 457.727 457.727 457.727 457.727 )
2859.558: I:0 (   0.000   0.000   0.000 ) T:1 ( 457.727 457.727 457.727 457.727 457.727 457.727 )
2869.559: I:0 (   0.000   0.000   0.000 ) T:1 ( 457.727 457.727 457.727 457.727 457.727 457.727 )
2879.559: I:0 (   0.000   0.000   0.000 ) T:1 ( 457.727 457.727 457.727 457.727 457.727 457.727 )
2889.560: I:0 (   0.000   0.000   0.000 ) T:1 ( 457.727 457.727 457.727 457.727 457.727 457.727 )
2899.557: I:0 (   0.000   0.000   0.000 ) T:1 ( 457.727 457.727 457.727 457.727 457.727 457.727 )
2909.560: I:0 (   0.000   0.000   0.000 ) T:1 ( 457.727 457.727 457.727 457.727 457.727 457.727 )
2919.557: I:0 (   0.000   0.000   0.000 ) T:1 ( 457.727 457.727 457.727 457.727 457.727 457.727 )
2929.557: I:0 (   0.000   0.000   0.000 ) T:1 ( 457.727 457.727 457.727 457.727 457.727 457.727 )
2939.557: I:0 (   0.000   0.000   0.000 ) T:1 ( 457.727 457.727 457.727 457.727 457.727 457.727 )
2949.095: I:0 (   0.000   0.000   0.000 ) T:1 ( 457.727 457.727 457.727 457.727 457.727 457.727 )
2949.136: I:0 (   0.000   0.000   0.000 ) T:1 ( 457.727 457.727 457.727 457.727 457.727 457.727 )
