#[Interval percentile log between 0.000 and <Infinite> seconds (relative to StartTime)]
#[StartTime: 1524561743.327 (seconds since epoch), Tue Apr 24 11:22:23 CEST 2018]
Time: IntervalPercentiles:count ( 50% 90% Max ) TotalPercentiles:count ( 50% 90% 99% 99.9% 99.99% Max )
9.585: I:1 ( 421.119 421.119 421.119 ) T:1 ( 421.119 421.119 421.119 421.119 421.119 421.119 )
19.582: I:0 (   0.000   0.000   0.000 ) T:1 ( 421.119 421.119 421.119 421.119 421.119 421.119 )
29.581: I:0 (   0.000   0.000   0.000 ) T:1 ( 421.119 421.119 421.119 421.119 421.119 421.119 )
39.580: I:0 (   0.000   0.000   0.000 ) T:1 ( 421.119 421.119 421.119 421.119 421.119 421.119 )
49.579: I:0 (   0.000   0.000   0.000 ) T:1 ( 421.119 421.119 421.119 421.119 421.119 421.119 )
59.582: I:0 (   0.000   0.000   0.000 ) T:1 ( 421.119 421.119 421.119 421.119 421.119 421.119 )
69.579: I:0 (   0.000   0.000   0.000 ) T:1 ( 421.119 421.119 421.119 421.119 421.119 421.119 )
79.579: I:0 (   0.000   0.000   0.000 ) T:1 ( 421.119 421.119 421.119 421.119 421.119 421.119 )
89.579: I:0 (   0.000   0.000   0.000 ) T:1 ( 421.119 421.119 421.119 421.119 421.119 421.119 )
99.579: I:0 (   0.000   0.000   0.000 ) T:1 ( 421.119 421.119 421.119 421.119 421.119 421.119 )
109.579: I:0 (   0.000   0.000   0.000 ) T:1 ( 421.119 421.119 421.119 421.119 421.119 421.119 )
119.579: I:0 (   0.000   0.000   0.000 ) T:1 ( 421.119 421.119 421.119 421.119 421.119 421.119 )
129.579: I:0 (   0.000   0.000   0.000 ) T:1 ( 421.119 421.119 421.119 421.119 421.119 421.119 )
139.579: I:0 (   0.000   0.000   0.000 ) T:1 ( 421.119 421.119 421.119 421.119 421.119 421.119 )
149.579: I:0 (   0.000   0.000   0.000 ) T:1 ( 421.119 421.119 421.119 421.119 421.119 421.119 )
159.579: I:0 (   0.000   0.000   0.000 ) T:1 ( 421.119 421.119 421.119 421.119 421.119 421.119 )
169.579: I:0 (   0.000   0.000   0.000 ) T:1 ( 421.119 421.119 421.119 421.119 421.119 421.119 )
179.579: I:0 (   0.000   0.000   0.000 ) T:1 ( 421.119 421.119 421.119 421.119 421.119 421.119 )
189.579: I:0 (   0.000   0.000   0.000 ) T:1 ( 421.119 421.119 421.119 421.119 421.119 421.119 )
199.579: I:0 (   0.000   0.000   0.000 ) T:1 ( 421.119 421.119 421.119 421.119 421.119 421.119 )
209.579: I:0 (   0.000   0.000   0.000 ) T:1 ( 421.119 421.119 421.119 421.119 421.119 421.119 )
219.579: I:0 (   0.000   0.000   0.000 ) T:1 ( 421.119 421.119 421.119 421.119 421.119 421.119 )
229.579: I:0 (   0.000   0.000   0.000 ) T:1 ( 421.119 421.119 421.119 421.119 421.119 421.119 )
239.579: I:0 (   0.000   0.000   0.000 ) T:1 ( 421.119 421.119 421.119 421.119 421.119 421.119 )
249.579: I:0 (   0.000   0.000   0.000 ) T:1 ( 421.119 421.119 421.119 421.119 421.119 421.119 )
259.579: I:0 (   0.000   0.000   0.000 ) T:1 ( 421.119 421.119 421.119 421.119 421.119 421.119 )
269.579: I:0 (   0.000   0.000   0.000 ) T:1 ( 421.119 421.119 421.119 421.119 421.119 421.119 )
279.579: I:0 (   0.000   0.000   0.000 ) T:1 ( 421.119 421.119 421.119 421.119 421.119 421.119 )
289.579: I:0 (   0.000   0.000   0.000 ) T:1 ( 421.119 421.119 421.119 421.119 421.119 421.119 )
299.579: I:0 (   0.000   0.000   0.000 ) T:1 ( 421.119 421.119 421.119 421.119 421.119 421.119 )
309.579: I:0 (   0.000   0.000   0.000 ) T:1 ( 421.119 421.119 421.119 421.119 421.119 421.119 )
319.579: I:0 (   0.000   0.000   0.000 ) T:1 ( 421.119 421.119 421.119 421.119 421.119 421.119 )
329.579: I:0 (   0.000   0.000   0.000 ) T:1 ( 421.119 421.119 421.119 421.119 421.119 421.119 )
339.579: I:0 (   0.000   0.000   0.000 ) T:1 ( 421.119 421.119 421.119 421.119 421.119 421.119 )
349.579: I:0 (   0.000   0.000   0.000 ) T:1 ( 421.119 421.119 421.119 421.119 421.119 421.119 )
359.579: I:0 (   0.000   0.000   0.000 ) T:1 ( 421.119 421.119 421.119 421.119 421.119 421.119 )
369.579: I:0 (   0.000   0.000   0.000 ) T:1 ( 421.119 421.119 421.119 421.119 421.119 421.119 )
379.579: I:0 (   0.000   0.000   0.000 ) T:1 ( 421.119 421.119 421.119 421.119 421.119 421.119 )
389.579: I:0 (   0.000   0.000   0.000 ) T:1 ( 421.119 421.119 421.119 421.119 421.119 421.119 )
399.579: I:0 (   0.000   0.000   0.000 ) T:1 ( 421.119 421.119 421.119 421.119 421.119 421.119 )
409.579: I:0 (   0.000   0.000   0.000 ) T:1 ( 421.119 421.119 421.119 421.119 421.119 421.119 )
419.579: I:0 (   0.000   0.000   0.000 ) T:1 ( 421.119 421.119 421.119 421.119 421.119 421.119 )
429.579: I:0 (   0.000   0.000   0.000 ) T:1 ( 421.119 421.119 421.119 421.119 421.119 421.119 )
439.579: I:0 (   0.000   0.000   0.000 ) T:1 ( 421.119 421.119 421.119 421.119 421.119 421.119 )
449.579: I:0 (   0.000   0.000   0.000 ) T:1 ( 421.119 421.119 421.119 421.119 421.119 421.119 )
459.579: I:0 (   0.000   0.000   0.000 ) T:1 ( 421.119 421.119 421.119 421.119 421.119 421.119 )
469.579: I:0 (   0.000   0.000   0.000 ) T:1 ( 421.119 421.119 421.119 421.119 421.119 421.119 )
479.579: I:0 (   0.000   0.000   0.000 ) T:1 ( 421.119 421.119 421.119 421.119 421.119 421.119 )
489.579: I:0 (   0.000   0.000   0.000 ) T:1 ( 421.119 421.119 421.119 421.119 421.119 421.119 )
499.579: I:0 (   0.000   0.000   0.000 ) T:1 ( 421.119 421.119 421.119 421.119 421.119 421.119 )
509.579: I:0 (   0.000   0.000   0.000 ) T:1 ( 421.119 421.119 421.119 421.119 421.119 421.119 )
519.579: I:0 (   0.000   0.000   0.000 ) T:1 ( 421.119 421.119 421.119 421.119 421.119 421.119 )
529.579: I:0 (   0.000   0.000   0.000 ) T:1 ( 421.119 421.119 421.119 421.119 421.119 421.119 )
539.579: I:0 (   0.000   0.000   0.000 ) T:1 ( 421.119 421.119 421.119 421.119 421.119 421.119 )
549.579: I:0 (   0.000   0.000   0.000 ) T:1 ( 421.119 421.119 421.119 421.119 421.119 421.119 )
559.579: I:0 (   0.000   0.000   0.000 ) T:1 ( 421.119 421.119 421.119 421.119 421.119 421.119 )
569.579: I:0 (   0.000   0.000   0.000 ) T:1 ( 421.119 421.119 421.119 421.119 421.119 421.119 )
579.579: I:0 (   0.000   0.000   0.000 ) T:1 ( 421.119 421.119 421.119 421.119 421.119 421.119 )
589.579: I:0 (   0.000   0.000   0.000 ) T:1 ( 421.119 421.119 421.119 421.119 421.119 421.119 )
599.579: I:0 (   0.000   0.000   0.000 ) T:1 ( 421.119 421.119 421.119 421.119 421.119 421.119 )
609.579: I:0 (   0.000   0.000   0.000 ) T:1 ( 421.119 421.119 421.119 421.119 421.119 421.119 )
619.579: I:0 (   0.000   0.000   0.000 ) T:1 ( 421.119 421.119 421.119 421.119 421.119 421.119 )
629.579: I:0 (   0.000   0.000   0.000 ) T:1 ( 421.119 421.119 421.119 421.119 421.119 421.119 )
639.579: I:0 (   0.000   0.000   0.000 ) T:1 ( 421.119 421.119 421.119 421.119 421.119 421.119 )
649.579: I:0 (   0.000   0.000   0.000 ) T:1 ( 421.119 421.119 421.119 421.119 421.119 421.119 )
659.579: I:0 (   0.000   0.000   0.000 ) T:1 ( 421.119 421.119 421.119 421.119 421.119 421.119 )
669.579: I:0 (   0.000   0.000   0.000 ) T:1 ( 421.119 421.119 421.119 421.119 421.119 421.119 )
679.579: I:0 (   0.000   0.000   0.000 ) T:1 ( 421.119 421.119 421.119 421.119 421.119 421.119 )
689.579: I:0 (   0.000   0.000   0.000 ) T:1 ( 421.119 421.119 421.119 421.119 421.119 421.119 )
699.579: I:0 (   0.000   0.000   0.000 ) T:1 ( 421.119 421.119 421.119 421.119 421.119 421.119 )
709.579: I:0 (   0.000   0.000   0.000 ) T:1 ( 421.119 421.119 421.119 421.119 421.119 421.119 )
719.579: I:0 (   0.000   0.000   0.000 ) T:1 ( 421.119 421.119 421.119 421.119 421.119 421.119 )
729.579: I:0 (   0.000   0.000   0.000 ) T:1 ( 421.119 421.119 421.119 421.119 421.119 421.119 )
739.579: I:0 (   0.000   0.000   0.000 ) T:1 ( 421.119 421.119 421.119 421.119 421.119 421.119 )
749.579: I:0 (   0.000   0.000   0.000 ) T:1 ( 421.119 421.119 421.119 421.119 421.119 421.119 )
759.579: I:0 (   0.000   0.000   0.000 ) T:1 ( 421.119 421.119 421.119 421.119 421.119 421.119 )
769.579: I:0 (   0.000   0.000   0.000 ) T:1 ( 421.119 421.119 421.119 421.119 421.119 421.119 )
779.579: I:0 (   0.000   0.000   0.000 ) T:1 ( 421.119 421.119 421.119 421.119 421.119 421.119 )
789.579: I:0 (   0.000   0.000   0.000 ) T:1 ( 421.119 421.119 421.119 421.119 421.119 421.119 )
799.579: I:0 (   0.000   0.000   0.000 ) T:1 ( 421.119 421.119 421.119 421.119 421.119 421.119 )
809.579: I:0 (   0.000   0.000   0.000 ) T:1 ( 421.119 421.119 421.119 421.119 421.119 421.119 )
819.579: I:0 (   0.000   0.000   0.000 ) T:1 ( 421.119 421.119 421.119 421.119 421.119 421.119 )
829.579: I:0 (   0.000   0.000   0.000 ) T:1 ( 421.119 421.119 421.119 421.119 421.119 421.119 )
839.579: I:0 (   0.000   0.000   0.000 ) T:1 ( 421.119 421.119 421.119 421.119 421.119 421.119 )
849.579: I:0 (   0.000   0.000   0.000 ) T:1 ( 421.119 421.119 421.119 421.119 421.119 421.119 )
859.579: I:0 (   0.000   0.000   0.000 ) T:1 ( 421.119 421.119 421.119 421.119 421.119 421.119 )
869.579: I:0 (   0.000   0.000   0.000 ) T:1 ( 421.119 421.119 421.119 421.119 421.119 421.119 )
879.579: I:0 (   0.000   0.000   0.000 ) T:1 ( 421.119 421.119 421.119 421.119 421.119 421.119 )
889.579: I:0 (   0.000   0.000   0.000 ) T:1 ( 421.119 421.119 421.119 421.119 421.119 421.119 )
899.579: I:0 (   0.000   0.000   0.000 ) T:1 ( 421.119 421.119 421.119 421.119 421.119 421.119 )
909.579: I:0 (   0.000   0.000   0.000 ) T:1 ( 421.119 421.119 421.119 421.119 421.119 421.119 )
919.579: I:0 (   0.000   0.000   0.000 ) T:1 ( 421.119 421.119 421.119 421.119 421.119 421.119 )
929.579: I:0 (   0.000   0.000   0.000 ) T:1 ( 421.119 421.119 421.119 421.119 421.119 421.119 )
939.579: I:0 (   0.000   0.000   0.000 ) T:1 ( 421.119 421.119 421.119 421.119 421.119 421.119 )
949.579: I:0 (   0.000   0.000   0.000 ) T:1 ( 421.119 421.119 421.119 421.119 421.119 421.119 )
959.579: I:0 (   0.000   0.000   0.000 ) T:1 ( 421.119 421.119 421.119 421.119 421.119 421.119 )
969.579: I:0 (   0.000   0.000   0.000 ) T:1 ( 421.119 421.119 421.119 421.119 421.119 421.119 )
979.579: I:0 (   0.000   0.000   0.000 ) T:1 ( 421.119 421.119 421.119 421.119 421.119 421.119 )
989.579: I:0 (   0.000   0.000   0.000 ) T:1 ( 421.119 421.119 421.119 421.119 421.119 421.119 )
999.579: I:0 (   0.000   0.000   0.000 ) T:1 ( 421.119 421.119 421.119 421.119 421.119 421.119 )
1009.579: I:0 (   0.000   0.000   0.000 ) T:1 ( 421.119 421.119 421.119 421.119 421.119 421.119 )
1019.579: I:0 (   0.000   0.000   0.000 ) T:1 ( 421.119 421.119 421.119 421.119 421.119 421.119 )
1029.579: I:0 (   0.000   0.000   0.000 ) T:1 ( 421.119 421.119 421.119 421.119 421.119 421.119 )
1039.579: I:0 (   0.000   0.000   0.000 ) T:1 ( 421.119 421.119 421.119 421.119 421.119 421.119 )
1049.579: I:0 (   0.000   0.000   0.000 ) T:1 ( 421.119 421.119 421.119 421.119 421.119 421.119 )
1059.579: I:0 (   0.000   0.000   0.000 ) T:1 ( 421.119 421.119 421.119 421.119 421.119 421.119 )
1069.579: I:0 (   0.000   0.000   0.000 ) T:1 ( 421.119 421.119 421.119 421.119 421.119 421.119 )
1079.579: I:0 (   0.000   0.000   0.000 ) T:1 ( 421.119 421.119 421.119 421.119 421.119 421.119 )
1089.579: I:0 (   0.000   0.000   0.000 ) T:1 ( 421.119 421.119 421.119 421.119 421.119 421.119 )
1099.579: I:0 (   0.000   0.000   0.000 ) T:1 ( 421.119 421.119 421.119 421.119 421.119 421.119 )
1109.579: I:0 (   0.000   0.000   0.000 ) T:1 ( 421.119 421.119 421.119 421.119 421.119 421.119 )
1119.579: I:0 (   0.000   0.000   0.000 ) T:1 ( 421.119 421.119 421.119 421.119 421.119 421.119 )
1129.579: I:0 (   0.000   0.000   0.000 ) T:1 ( 421.119 421.119 421.119 421.119 421.119 421.119 )
1139.579: I:0 (   0.000   0.000   0.000 ) T:1 ( 421.119 421.119 421.119 421.119 421.119 421.119 )
1149.579: I:0 (   0.000   0.000   0.000 ) T:1 ( 421.119 421.119 421.119 421.119 421.119 421.119 )
1159.579: I:0 (   0.000   0.000   0.000 ) T:1 ( 421.119 421.119 421.119 421.119 421.119 421.119 )
1169.579: I:0 (   0.000   0.000   0.000 ) T:1 ( 421.119 421.119 421.119 421.119 421.119 421.119 )
1179.579: I:0 (   0.000   0.000   0.000 ) T:1 ( 421.119 421.119 421.119 421.119 421.119 421.119 )
1189.579: I:0 (   0.000   0.000   0.000 ) T:1 ( 421.119 421.119 421.119 421.119 421.119 421.119 )
1199.579: I:0 (   0.000   0.000   0.000 ) T:1 ( 421.119 421.119 421.119 421.119 421.119 421.119 )
1209.579: I:0 (   0.000   0.000   0.000 ) T:1 ( 421.119 421.119 421.119 421.119 421.119 421.119 )
1219.579: I:0 (   0.000   0.000   0.000 ) T:1 ( 421.119 421.119 421.119 421.119 421.119 421.119 )
1229.579: I:0 (   0.000   0.000   0.000 ) T:1 ( 421.119 421.119 421.119 421.119 421.119 421.119 )
1239.579: I:0 (   0.000   0.000   0.000 ) T:1 ( 421.119 421.119 421.119 421.119 421.119 421.119 )
1249.579: I:0 (   0.000   0.000   0.000 ) T:1 ( 421.119 421.119 421.119 421.119 421.119 421.119 )
1259.579: I:0 (   0.000   0.000   0.000 ) T:1 ( 421.119 421.119 421.119 421.119 421.119 421.119 )
1269.579: I:0 (   0.000   0.000   0.000 ) T:1 ( 421.119 421.119 421.119 421.119 421.119 421.119 )
1279.579: I:0 (   0.000   0.000   0.000 ) T:1 ( 421.119 421.119 421.119 421.119 421.119 421.119 )
1289.579: I:0 (   0.000   0.000   0.000 ) T:1 ( 421.119 421.119 421.119 421.119 421.119 421.119 )
1299.579: I:0 (   0.000   0.000   0.000 ) T:1 ( 421.119 421.119 421.119 421.119 421.119 421.119 )
1309.579: I:0 (   0.000   0.000   0.000 ) T:1 ( 421.119 421.119 421.119 421.119 421.119 421.119 )
1319.579: I:0 (   0.000   0.000   0.000 ) T:1 ( 421.119 421.119 421.119 421.119 421.119 421.119 )
1329.579: I:0 (   0.000   0.000   0.000 ) T:1 ( 421.119 421.119 421.119 421.119 421.119 421.119 )
1339.579: I:0 (   0.000   0.000   0.000 ) T:1 ( 421.119 421.119 421.119 421.119 421.119 421.119 )
1349.579: I:0 (   0.000   0.000   0.000 ) T:1 ( 421.119 421.119 421.119 421.119 421.119 421.119 )
1359.579: I:0 (   0.000   0.000   0.000 ) T:1 ( 421.119 421.119 421.119 421.119 421.119 421.119 )
1369.579: I:0 (   0.000   0.000   0.000 ) T:1 ( 421.119 421.119 421.119 421.119 421.119 421.119 )
1379.579: I:0 (   0.000   0.000   0.000 ) T:1 ( 421.119 421.119 421.119 421.119 421.119 421.119 )
1389.579: I:0 (   0.000   0.000   0.000 ) T:1 ( 421.119 421.119 421.119 421.119 421.119 421.119 )
1399.579: I:0 (   0.000   0.000   0.000 ) T:1 ( 421.119 421.119 421.119 421.119 421.119 421.119 )
1409.579: I:0 (   0.000   0.000   0.000 ) T:1 ( 421.119 421.119 421.119 421.119 421.119 421.119 )
1419.582: I:0 (   0.000   0.000   0.000 ) T:1 ( 421.119 421.119 421.119 421.119 421.119 421.119 )
1429.579: I:0 (   0.000   0.000   0.000 ) T:1 ( 421.119 421.119 421.119 421.119 421.119 421.119 )
1439.579: I:0 (   0.000   0.000   0.000 ) T:1 ( 421.119 421.119 421.119 421.119 421.119 421.119 )
1449.579: I:0 (   0.000   0.000   0.000 ) T:1 ( 421.119 421.119 421.119 421.119 421.119 421.119 )
1459.579: I:0 (   0.000   0.000   0.000 ) T:1 ( 421.119 421.119 421.119 421.119 421.119 421.119 )
1469.579: I:0 (   0.000   0.000   0.000 ) T:1 ( 421.119 421.119 421.119 421.119 421.119 421.119 )
1479.579: I:0 (   0.000   0.000   0.000 ) T:1 ( 421.119 421.119 421.119 421.119 421.119 421.119 )
1489.579: I:0 (   0.000   0.000   0.000 ) T:1 ( 421.119 421.119 421.119 421.119 421.119 421.119 )
1499.579: I:0 (   0.000   0.000   0.000 ) T:1 ( 421.119 421.119 421.119 421.119 421.119 421.119 )
1509.579: I:0 (   0.000   0.000   0.000 ) T:1 ( 421.119 421.119 421.119 421.119 421.119 421.119 )
1519.579: I:0 (   0.000   0.000   0.000 ) T:1 ( 421.119 421.119 421.119 421.119 421.119 421.119 )
1529.579: I:0 (   0.000   0.000   0.000 ) T:1 ( 421.119 421.119 421.119 421.119 421.119 421.119 )
1539.579: I:0 (   0.000   0.000   0.000 ) T:1 ( 421.119 421.119 421.119 421.119 421.119 421.119 )
1549.579: I:0 (   0.000   0.000   0.000 ) T:1 ( 421.119 421.119 421.119 421.119 421.119 421.119 )
1559.579: I:0 (   0.000   0.000   0.000 ) T:1 ( 421.119 421.119 421.119 421.119 421.119 421.119 )
1569.579: I:0 (   0.000   0.000   0.000 ) T:1 ( 421.119 421.119 421.119 421.119 421.119 421.119 )
1579.579: I:0 (   0.000   0.000   0.000 ) T:1 ( 421.119 421.119 421.119 421.119 421.119 421.119 )
1589.579: I:0 (   0.000   0.000   0.000 ) T:1 ( 421.119 421.119 421.119 421.119 421.119 421.119 )
1599.579: I:0 (   0.000   0.000   0.000 ) T:1 ( 421.119 421.119 421.119 421.119 421.119 421.119 )
1609.579: I:0 (   0.000   0.000   0.000 ) T:1 ( 421.119 421.119 421.119 421.119 421.119 421.119 )
1619.579: I:0 (   0.000   0.000   0.000 ) T:1 ( 421.119 421.119 421.119 421.119 421.119 421.119 )
1629.579: I:0 (   0.000   0.000   0.000 ) T:1 ( 421.119 421.119 421.119 421.119 421.119 421.119 )
1639.579: I:0 (   0.000   0.000   0.000 ) T:1 ( 421.119 421.119 421.119 421.119 421.119 421.119 )
1649.579: I:0 (   0.000   0.000   0.000 ) T:1 ( 421.119 421.119 421.119 421.119 421.119 421.119 )
1659.579: I:0 (   0.000   0.000   0.000 ) T:1 ( 421.119 421.119 421.119 421.119 421.119 421.119 )
1669.579: I:0 (   0.000   0.000   0.000 ) T:1 ( 421.119 421.119 421.119 421.119 421.119 421.119 )
1679.579: I:0 (   0.000   0.000   0.000 ) T:1 ( 421.119 421.119 421.119 421.119 421.119 421.119 )
1689.579: I:0 (   0.000   0.000   0.000 ) T:1 ( 421.119 421.119 421.119 421.119 421.119 421.119 )
1699.579: I:0 (   0.000   0.000   0.000 ) T:1 ( 421.119 421.119 421.119 421.119 421.119 421.119 )
1709.579: I:0 (   0.000   0.000   0.000 ) T:1 ( 421.119 421.119 421.119 421.119 421.119 421.119 )
1719.579: I:0 (   0.000   0.000   0.000 ) T:1 ( 421.119 421.119 421.119 421.119 421.119 421.119 )
1729.579: I:0 (   0.000   0.000   0.000 ) T:1 ( 421.119 421.119 421.119 421.119 421.119 421.119 )
1739.579: I:0 (   0.000   0.000   0.000 ) T:1 ( 421.119 421.119 421.119 421.119 421.119 421.119 )
1749.579: I:0 (   0.000   0.000   0.000 ) T:1 ( 421.119 421.119 421.119 421.119 421.119 421.119 )
1759.579: I:0 (   0.000   0.000   0.000 ) T:1 ( 421.119 421.119 421.119 421.119 421.119 421.119 )
1769.579: I:0 (   0.000   0.000   0.000 ) T:1 ( 421.119 421.119 421.119 421.119 421.119 421.119 )
1779.579: I:0 (   0.000   0.000   0.000 ) T:1 ( 421.119 421.119 421.119 421.119 421.119 421.119 )
1789.579: I:0 (   0.000   0.000   0.000 ) T:1 ( 421.119 421.119 421.119 421.119 421.119 421.119 )
1799.579: I:0 (   0.000   0.000   0.000 ) T:1 ( 421.119 421.119 421.119 421.119 421.119 421.119 )
1809.579: I:0 (   0.000   0.000   0.000 ) T:1 ( 421.119 421.119 421.119 421.119 421.119 421.119 )
1819.579: I:0 (   0.000   0.000   0.000 ) T:1 ( 421.119 421.119 421.119 421.119 421.119 421.119 )
1829.579: I:0 (   0.000   0.000   0.000 ) T:1 ( 421.119 421.119 421.119 421.119 421.119 421.119 )
1839.579: I:0 (   0.000   0.000   0.000 ) T:1 ( 421.119 421.119 421.119 421.119 421.119 421.119 )
1849.579: I:0 (   0.000   0.000   0.000 ) T:1 ( 421.119 421.119 421.119 421.119 421.119 421.119 )
1859.579: I:0 (   0.000   0.000   0.000 ) T:1 ( 421.119 421.119 421.119 421.119 421.119 421.119 )
1869.579: I:0 (   0.000   0.000   0.000 ) T:1 ( 421.119 421.119 421.119 421.119 421.119 421.119 )
1879.579: I:0 (   0.000   0.000   0.000 ) T:1 ( 421.119 421.119 421.119 421.119 421.119 421.119 )
1889.579: I:0 (   0.000   0.000   0.000 ) T:1 ( 421.119 421.119 421.119 421.119 421.119 421.119 )
1899.579: I:0 (   0.000   0.000   0.000 ) T:1 ( 421.119 421.119 421.119 421.119 421.119 421.119 )
1909.579: I:0 (   0.000   0.000   0.000 ) T:1 ( 421.119 421.119 421.119 421.119 421.119 421.119 )
1919.579: I:0 (   0.000   0.000   0.000 ) T:1 ( 421.119 421.119 421.119 421.119 421.119 421.119 )
1929.579: I:0 (   0.000   0.000   0.000 ) T:1 ( 421.119 421.119 421.119 421.119 421.119 421.119 )
1939.579: I:0 (   0.000   0.000   0.000 ) T:1 ( 421.119 421.119 421.119 421.119 421.119 421.119 )
1949.579: I:0 (   0.000   0.000   0.000 ) T:1 ( 421.119 421.119 421.119 421.119 421.119 421.119 )
1959.579: I:0 (   0.000   0.000   0.000 ) T:1 ( 421.119 421.119 421.119 421.119 421.119 421.119 )
1969.579: I:0 (   0.000   0.000   0.000 ) T:1 ( 421.119 421.119 421.119 421.119 421.119 421.119 )
1979.579: I:0 (   0.000   0.000   0.000 ) T:1 ( 421.119 421.119 421.119 421.119 421.119 421.119 )
1989.579: I:0 (   0.000   0.000   0.000 ) T:1 ( 421.119 421.119 421.119 421.119 421.119 421.119 )
1999.579: I:0 (   0.000   0.000   0.000 ) T:1 ( 421.119 421.119 421.119 421.119 421.119 421.119 )
2009.579: I:0 (   0.000   0.000   0.000 ) T:1 ( 421.119 421.119 421.119 421.119 421.119 421.119 )
2019.579: I:0 (   0.000   0.000   0.000 ) T:1 ( 421.119 421.119 421.119 421.119 421.119 421.119 )
2029.579: I:0 (   0.000   0.000   0.000 ) T:1 ( 421.119 421.119 421.119 421.119 421.119 421.119 )
2039.579: I:0 (   0.000   0.000   0.000 ) T:1 ( 421.119 421.119 421.119 421.119 421.119 421.119 )
2049.579: I:0 (   0.000   0.000   0.000 ) T:1 ( 421.119 421.119 421.119 421.119 421.119 421.119 )
2059.579: I:0 (   0.000   0.000   0.000 ) T:1 ( 421.119 421.119 421.119 421.119 421.119 421.119 )
2069.579: I:0 (   0.000   0.000   0.000 ) T:1 ( 421.119 421.119 421.119 421.119 421.119 421.119 )
2079.579: I:0 (   0.000   0.000   0.000 ) T:1 ( 421.119 421.119 421.119 421.119 421.119 421.119 )
2089.579: I:0 (   0.000   0.000   0.000 ) T:1 ( 421.119 421.119 421.119 421.119 421.119 421.119 )
2099.579: I:0 (   0.000   0.000   0.000 ) T:1 ( 421.119 421.119 421.119 421.119 421.119 421.119 )
2109.579: I:0 (   0.000   0.000   0.000 ) T:1 ( 421.119 421.119 421.119 421.119 421.119 421.119 )
2119.579: I:0 (   0.000   0.000   0.000 ) T:1 ( 421.119 421.119 421.119 421.119 421.119 421.119 )
2129.579: I:0 (   0.000   0.000   0.000 ) T:1 ( 421.119 421.119 421.119 421.119 421.119 421.119 )
2139.579: I:0 (   0.000   0.000   0.000 ) T:1 ( 421.119 421.119 421.119 421.119 421.119 421.119 )
2149.579: I:0 (   0.000   0.000   0.000 ) T:1 ( 421.119 421.119 421.119 421.119 421.119 421.119 )
2159.579: I:0 (   0.000   0.000   0.000 ) T:1 ( 421.119 421.119 421.119 421.119 421.119 421.119 )
2169.579: I:0 (   0.000   0.000   0.000 ) T:1 ( 421.119 421.119 421.119 421.119 421.119 421.119 )
2179.579: I:0 (   0.000   0.000   0.000 ) T:1 ( 421.119 421.119 421.119 421.119 421.119 421.119 )
2189.579: I:0 (   0.000   0.000   0.000 ) T:1 ( 421.119 421.119 421.119 421.119 421.119 421.119 )
2199.579: I:0 (   0.000   0.000   0.000 ) T:1 ( 421.119 421.119 421.119 421.119 421.119 421.119 )
2209.579: I:0 (   0.000   0.000   0.000 ) T:1 ( 421.119 421.119 421.119 421.119 421.119 421.119 )
2219.579: I:0 (   0.000   0.000   0.000 ) T:1 ( 421.119 421.119 421.119 421.119 421.119 421.119 )
2229.579: I:0 (   0.000   0.000   0.000 ) T:1 ( 421.119 421.119 421.119 421.119 421.119 421.119 )
2239.582: I:0 (   0.000   0.000   0.000 ) T:1 ( 421.119 421.119 421.119 421.119 421.119 421.119 )
2249.579: I:0 (   0.000   0.000   0.000 ) T:1 ( 421.119 421.119 421.119 421.119 421.119 421.119 )
2259.579: I:0 (   0.000   0.000   0.000 ) T:1 ( 421.119 421.119 421.119 421.119 421.119 421.119 )
2269.579: I:0 (   0.000   0.000   0.000 ) T:1 ( 421.119 421.119 421.119 421.119 421.119 421.119 )
2279.579: I:0 (   0.000   0.000   0.000 ) T:1 ( 421.119 421.119 421.119 421.119 421.119 421.119 )
2289.579: I:0 (   0.000   0.000   0.000 ) T:1 ( 421.119 421.119 421.119 421.119 421.119 421.119 )
2299.579: I:0 (   0.000   0.000   0.000 ) T:1 ( 421.119 421.119 421.119 421.119 421.119 421.119 )
2309.579: I:0 (   0.000   0.000   0.000 ) T:1 ( 421.119 421.119 421.119 421.119 421.119 421.119 )
2319.579: I:0 (   0.000   0.000   0.000 ) T:1 ( 421.119 421.119 421.119 421.119 421.119 421.119 )
2329.579: I:0 (   0.000   0.000   0.000 ) T:1 ( 421.119 421.119 421.119 421.119 421.119 421.119 )
2339.579: I:0 (   0.000   0.000   0.000 ) T:1 ( 421.119 421.119 421.119 421.119 421.119 421.119 )
2349.579: I:0 (   0.000   0.000   0.000 ) T:1 ( 421.119 421.119 421.119 421.119 421.119 421.119 )
2359.579: I:0 (   0.000   0.000   0.000 ) T:1 ( 421.119 421.119 421.119 421.119 421.119 421.119 )
2369.579: I:0 (   0.000   0.000   0.000 ) T:1 ( 421.119 421.119 421.119 421.119 421.119 421.119 )
2379.579: I:0 (   0.000   0.000   0.000 ) T:1 ( 421.119 421.119 421.119 421.119 421.119 421.119 )
2389.579: I:0 (   0.000   0.000   0.000 ) T:1 ( 421.119 421.119 421.119 421.119 421.119 421.119 )
2399.579: I:0 (   0.000   0.000   0.000 ) T:1 ( 421.119 421.119 421.119 421.119 421.119 421.119 )
2409.579: I:0 (   0.000   0.000   0.000 ) T:1 ( 421.119 421.119 421.119 421.119 421.119 421.119 )
2419.579: I:0 (   0.000   0.000   0.000 ) T:1 ( 421.119 421.119 421.119 421.119 421.119 421.119 )
2429.579: I:0 (   0.000   0.000   0.000 ) T:1 ( 421.119 421.119 421.119 421.119 421.119 421.119 )
2439.579: I:0 (   0.000   0.000   0.000 ) T:1 ( 421.119 421.119 421.119 421.119 421.119 421.119 )
2449.579: I:0 (   0.000   0.000   0.000 ) T:1 ( 421.119 421.119 421.119 421.119 421.119 421.119 )
2459.579: I:0 (   0.000   0.000   0.000 ) T:1 ( 421.119 421.119 421.119 421.119 421.119 421.119 )
2469.579: I:0 (   0.000   0.000   0.000 ) T:1 ( 421.119 421.119 421.119 421.119 421.119 421.119 )
2479.579: I:0 (   0.000   0.000   0.000 ) T:1 ( 421.119 421.119 421.119 421.119 421.119 421.119 )
2489.579: I:0 (   0.000   0.000   0.000 ) T:1 ( 421.119 421.119 421.119 421.119 421.119 421.119 )
2499.579: I:0 (   0.000   0.000   0.000 ) T:1 ( 421.119 421.119 421.119 421.119 421.119 421.119 )
2509.579: I:0 (   0.000   0.000   0.000 ) T:1 ( 421.119 421.119 421.119 421.119 421.119 421.119 )
2519.579: I:0 (   0.000   0.000   0.000 ) T:1 ( 421.119 421.119 421.119 421.119 421.119 421.119 )
2529.579: I:0 (   0.000   0.000   0.000 ) T:1 ( 421.119 421.119 421.119 421.119 421.119 421.119 )
2539.579: I:0 (   0.000   0.000   0.000 ) T:1 ( 421.119 421.119 421.119 421.119 421.119 421.119 )
2549.579: I:0 (   0.000   0.000   0.000 ) T:1 ( 421.119 421.119 421.119 421.119 421.119 421.119 )
2559.579: I:0 (   0.000   0.000   0.000 ) T:1 ( 421.119 421.119 421.119 421.119 421.119 421.119 )
2569.579: I:0 (   0.000   0.000   0.000 ) T:1 ( 421.119 421.119 421.119 421.119 421.119 421.119 )
2579.579: I:0 (   0.000   0.000   0.000 ) T:1 ( 421.119 421.119 421.119 421.119 421.119 421.119 )
2589.579: I:0 (   0.000   0.000   0.000 ) T:1 ( 421.119 421.119 421.119 421.119 421.119 421.119 )
2599.579: I:0 (   0.000   0.000   0.000 ) T:1 ( 421.119 421.119 421.119 421.119 421.119 421.119 )
2609.579: I:0 (   0.000   0.000   0.000 ) T:1 ( 421.119 421.119 421.119 421.119 421.119 421.119 )
2619.579: I:0 (   0.000   0.000   0.000 ) T:1 ( 421.119 421.119 421.119 421.119 421.119 421.119 )
2629.579: I:0 (   0.000   0.000   0.000 ) T:1 ( 421.119 421.119 421.119 421.119 421.119 421.119 )
2639.579: I:0 (   0.000   0.000   0.000 ) T:1 ( 421.119 421.119 421.119 421.119 421.119 421.119 )
2649.579: I:0 (   0.000   0.000   0.000 ) T:1 ( 421.119 421.119 421.119 421.119 421.119 421.119 )
2659.579: I:0 (   0.000   0.000   0.000 ) T:1 ( 421.119 421.119 421.119 421.119 421.119 421.119 )
2669.581: I:0 (   0.000   0.000   0.000 ) T:1 ( 421.119 421.119 421.119 421.119 421.119 421.119 )
2679.579: I:0 (   0.000   0.000   0.000 ) T:1 ( 421.119 421.119 421.119 421.119 421.119 421.119 )
2689.579: I:0 (   0.000   0.000   0.000 ) T:1 ( 421.119 421.119 421.119 421.119 421.119 421.119 )
2699.579: I:0 (   0.000   0.000   0.000 ) T:1 ( 421.119 421.119 421.119 421.119 421.119 421.119 )
2709.579: I:0 (   0.000   0.000   0.000 ) T:1 ( 421.119 421.119 421.119 421.119 421.119 421.119 )
2719.579: I:0 (   0.000   0.000   0.000 ) T:1 ( 421.119 421.119 421.119 421.119 421.119 421.119 )
2729.579: I:0 (   0.000   0.000   0.000 ) T:1 ( 421.119 421.119 421.119 421.119 421.119 421.119 )
2739.579: I:0 (   0.000   0.000   0.000 ) T:1 ( 421.119 421.119 421.119 421.119 421.119 421.119 )
2749.579: I:0 (   0.000   0.000   0.000 ) T:1 ( 421.119 421.119 421.119 421.119 421.119 421.119 )
2759.579: I:0 (   0.000   0.000   0.000 ) T:1 ( 421.119 421.119 421.119 421.119 421.119 421.119 )
2769.579: I:0 (   0.000   0.000   0.000 ) T:1 ( 421.119 421.119 421.119 421.119 421.119 421.119 )
2779.579: I:0 (   0.000   0.000   0.000 ) T:1 ( 421.119 421.119 421.119 421.119 421.119 421.119 )
2789.579: I:0 (   0.000   0.000   0.000 ) T:1 ( 421.119 421.119 421.119 421.119 421.119 421.119 )
2799.579: I:0 (   0.000   0.000   0.000 ) T:1 ( 421.119 421.119 421.119 421.119 421.119 421.119 )
2809.579: I:0 (   0.000   0.000   0.000 ) T:1 ( 421.119 421.119 421.119 421.119 421.119 421.119 )
2819.579: I:0 (   0.000   0.000   0.000 ) T:1 ( 421.119 421.119 421.119 421.119 421.119 421.119 )
2829.579: I:0 (   0.000   0.000   0.000 ) T:1 ( 421.119 421.119 421.119 421.119 421.119 421.119 )
2839.579: I:0 (   0.000   0.000   0.000 ) T:1 ( 421.119 421.119 421.119 421.119 421.119 421.119 )
2849.579: I:0 (   0.000   0.000   0.000 ) T:1 ( 421.119 421.119 421.119 421.119 421.119 421.119 )
2859.579: I:0 (   0.000   0.000   0.000 ) T:1 ( 421.119 421.119 421.119 421.119 421.119 421.119 )
2869.579: I:0 (   0.000   0.000   0.000 ) T:1 ( 421.119 421.119 421.119 421.119 421.119 421.119 )
2879.579: I:0 (   0.000   0.000   0.000 ) T:1 ( 421.119 421.119 421.119 421.119 421.119 421.119 )
2889.579: I:0 (   0.000   0.000   0.000 ) T:1 ( 421.119 421.119 421.119 421.119 421.119 421.119 )
2899.579: I:0 (   0.000   0.000   0.000 ) T:1 ( 421.119 421.119 421.119 421.119 421.119 421.119 )
2909.579: I:0 (   0.000   0.000   0.000 ) T:1 ( 421.119 421.119 421.119 421.119 421.119 421.119 )
2919.579: I:0 (   0.000   0.000   0.000 ) T:1 ( 421.119 421.119 421.119 421.119 421.119 421.119 )
2929.579: I:0 (   0.000   0.000   0.000 ) T:1 ( 421.119 421.119 421.119 421.119 421.119 421.119 )
2939.579: I:0 (   0.000   0.000   0.000 ) T:1 ( 421.119 421.119 421.119 421.119 421.119 421.119 )
2949.579: I:0 (   0.000   0.000   0.000 ) T:1 ( 421.119 421.119 421.119 421.119 421.119 421.119 )
2959.579: I:0 (   0.000   0.000   0.000 ) T:1 ( 421.119 421.119 421.119 421.119 421.119 421.119 )
2969.579: I:0 (   0.000   0.000   0.000 ) T:1 ( 421.119 421.119 421.119 421.119 421.119 421.119 )
2979.579: I:0 (   0.000   0.000   0.000 ) T:1 ( 421.119 421.119 421.119 421.119 421.119 421.119 )
2989.579: I:0 (   0.000   0.000   0.000 ) T:1 ( 421.119 421.119 421.119 421.119 421.119 421.119 )
2999.579: I:0 (   0.000   0.000   0.000 ) T:1 ( 421.119 421.119 421.119 421.119 421.119 421.119 )
3009.579: I:0 (   0.000   0.000   0.000 ) T:1 ( 421.119 421.119 421.119 421.119 421.119 421.119 )
3019.579: I:0 (   0.000   0.000   0.000 ) T:1 ( 421.119 421.119 421.119 421.119 421.119 421.119 )
3029.579: I:0 (   0.000   0.000   0.000 ) T:1 ( 421.119 421.119 421.119 421.119 421.119 421.119 )
3039.579: I:0 (   0.000   0.000   0.000 ) T:1 ( 421.119 421.119 421.119 421.119 421.119 421.119 )
3049.579: I:0 (   0.000   0.000   0.000 ) T:1 ( 421.119 421.119 421.119 421.119 421.119 421.119 )
3059.579: I:0 (   0.000   0.000   0.000 ) T:1 ( 421.119 421.119 421.119 421.119 421.119 421.119 )
3069.579: I:0 (   0.000   0.000   0.000 ) T:1 ( 421.119 421.119 421.119 421.119 421.119 421.119 )
3079.579: I:0 (   0.000   0.000   0.000 ) T:1 ( 421.119 421.119 421.119 421.119 421.119 421.119 )
3089.579: I:0 (   0.000   0.000   0.000 ) T:1 ( 421.119 421.119 421.119 421.119 421.119 421.119 )
3099.579: I:0 (   0.000   0.000   0.000 ) T:1 ( 421.119 421.119 421.119 421.119 421.119 421.119 )
3109.579: I:0 (   0.000   0.000   0.000 ) T:1 ( 421.119 421.119 421.119 421.119 421.119 421.119 )
3119.579: I:0 (   0.000   0.000   0.000 ) T:1 ( 421.119 421.119 421.119 421.119 421.119 421.119 )
3129.579: I:0 (   0.000   0.000   0.000 ) T:1 ( 421.119 421.119 421.119 421.119 421.119 421.119 )
3139.579: I:0 (   0.000   0.000   0.000 ) T:1 ( 421.119 421.119 421.119 421.119 421.119 421.119 )
3149.579: I:0 (   0.000   0.000   0.000 ) T:1 ( 421.119 421.119 421.119 421.119 421.119 421.119 )
3159.579: I:0 (   0.000   0.000   0.000 ) T:1 ( 421.119 421.119 421.119 421.119 421.119 421.119 )
3169.579: I:0 (   0.000   0.000   0.000 ) T:1 ( 421.119 421.119 421.119 421.119 421.119 421.119 )
3179.579: I:0 (   0.000   0.000   0.000 ) T:1 ( 421.119 421.119 421.119 421.119 421.119 421.119 )
3189.579: I:0 (   0.000   0.000   0.000 ) T:1 ( 421.119 421.119 421.119 421.119 421.119 421.119 )
3199.579: I:0 (   0.000   0.000   0.000 ) T:1 ( 421.119 421.119 421.119 421.119 421.119 421.119 )
3209.579: I:0 (   0.000   0.000   0.000 ) T:1 ( 421.119 421.119 421.119 421.119 421.119 421.119 )
3219.579: I:0 (   0.000   0.000   0.000 ) T:1 ( 421.119 421.119 421.119 421.119 421.119 421.119 )
3229.579: I:0 (   0.000   0.000   0.000 ) T:1 ( 421.119 421.119 421.119 421.119 421.119 421.119 )
3239.579: I:0 (   0.000   0.000   0.000 ) T:1 ( 421.119 421.119 421.119 421.119 421.119 421.119 )
3249.579: I:0 (   0.000   0.000   0.000 ) T:1 ( 421.119 421.119 421.119 421.119 421.119 421.119 )
3259.579: I:0 (   0.000   0.000   0.000 ) T:1 ( 421.119 421.119 421.119 421.119 421.119 421.119 )
3269.579: I:0 (   0.000   0.000   0.000 ) T:1 ( 421.119 421.119 421.119 421.119 421.119 421.119 )
3279.579: I:0 (   0.000   0.000   0.000 ) T:1 ( 421.119 421.119 421.119 421.119 421.119 421.119 )
3289.579: I:0 (   0.000   0.000   0.000 ) T:1 ( 421.119 421.119 421.119 421.119 421.119 421.119 )
3299.579: I:0 (   0.000   0.000   0.000 ) T:1 ( 421.119 421.119 421.119 421.119 421.119 421.119 )
3309.579: I:0 (   0.000   0.000   0.000 ) T:1 ( 421.119 421.119 421.119 421.119 421.119 421.119 )
3319.579: I:0 (   0.000   0.000   0.000 ) T:1 ( 421.119 421.119 421.119 421.119 421.119 421.119 )
3329.579: I:0 (   0.000   0.000   0.000 ) T:1 ( 421.119 421.119 421.119 421.119 421.119 421.119 )
3339.579: I:0 (   0.000   0.000   0.000 ) T:1 ( 421.119 421.119 421.119 421.119 421.119 421.119 )
3349.579: I:0 (   0.000   0.000   0.000 ) T:1 ( 421.119 421.119 421.119 421.119 421.119 421.119 )
3359.579: I:0 (   0.000   0.000   0.000 ) T:1 ( 421.119 421.119 421.119 421.119 421.119 421.119 )
3369.579: I:0 (   0.000   0.000   0.000 ) T:1 ( 421.119 421.119 421.119 421.119 421.119 421.119 )
3379.579: I:0 (   0.000   0.000   0.000 ) T:1 ( 421.119 421.119 421.119 421.119 421.119 421.119 )
3389.579: I:0 (   0.000   0.000   0.000 ) T:1 ( 421.119 421.119 421.119 421.119 421.119 421.119 )
3399.579: I:0 (   0.000   0.000   0.000 ) T:1 ( 421.119 421.119 421.119 421.119 421.119 421.119 )
3409.579: I:0 (   0.000   0.000   0.000 ) T:1 ( 421.119 421.119 421.119 421.119 421.119 421.119 )
3419.579: I:0 (   0.000   0.000   0.000 ) T:1 ( 421.119 421.119 421.119 421.119 421.119 421.119 )
3429.579: I:0 (   0.000   0.000   0.000 ) T:1 ( 421.119 421.119 421.119 421.119 421.119 421.119 )
3439.579: I:0 (   0.000   0.000   0.000 ) T:1 ( 421.119 421.119 421.119 421.119 421.119 421.119 )
3449.579: I:0 (   0.000   0.000   0.000 ) T:1 ( 421.119 421.119 421.119 421.119 421.119 421.119 )
3459.579: I:0 (   0.000   0.000   0.000 ) T:1 ( 421.119 421.119 421.119 421.119 421.119 421.119 )
3469.579: I:0 (   0.000   0.000   0.000 ) T:1 ( 421.119 421.119 421.119 421.119 421.119 421.119 )
3479.579: I:0 (   0.000   0.000   0.000 ) T:1 ( 421.119 421.119 421.119 421.119 421.119 421.119 )
3489.579: I:0 (   0.000   0.000   0.000 ) T:1 ( 421.119 421.119 421.119 421.119 421.119 421.119 )
3499.579: I:0 (   0.000   0.000   0.000 ) T:1 ( 421.119 421.119 421.119 421.119 421.119 421.119 )
3509.581: I:0 (   0.000   0.000   0.000 ) T:1 ( 421.119 421.119 421.119 421.119 421.119 421.119 )
3519.579: I:0 (   0.000   0.000   0.000 ) T:1 ( 421.119 421.119 421.119 421.119 421.119 421.119 )
3529.579: I:0 (   0.000   0.000   0.000 ) T:1 ( 421.119 421.119 421.119 421.119 421.119 421.119 )
3539.579: I:0 (   0.000   0.000   0.000 ) T:1 ( 421.119 421.119 421.119 421.119 421.119 421.119 )
3549.579: I:0 (   0.000   0.000   0.000 ) T:1 ( 421.119 421.119 421.119 421.119 421.119 421.119 )
3559.579: I:0 (   0.000   0.000   0.000 ) T:1 ( 421.119 421.119 421.119 421.119 421.119 421.119 )
3569.579: I:0 (   0.000   0.000   0.000 ) T:1 ( 421.119 421.119 421.119 421.119 421.119 421.119 )
3579.579: I:0 (   0.000   0.000   0.000 ) T:1 ( 421.119 421.119 421.119 421.119 421.119 421.119 )
3589.579: I:0 (   0.000   0.000   0.000 ) T:1 ( 421.119 421.119 421.119 421.119 421.119 421.119 )
3599.579: I:0 (   0.000   0.000   0.000 ) T:1 ( 421.119 421.119 421.119 421.119 421.119 421.119 )
3609.579: I:0 (   0.000   0.000   0.000 ) T:1 ( 421.119 421.119 421.119 421.119 421.119 421.119 )
3619.579: I:0 (   0.000   0.000   0.000 ) T:1 ( 421.119 421.119 421.119 421.119 421.119 421.119 )
3629.579: I:0 (   0.000   0.000   0.000 ) T:1 ( 421.119 421.119 421.119 421.119 421.119 421.119 )
3639.579: I:0 (   0.000   0.000   0.000 ) T:1 ( 421.119 421.119 421.119 421.119 421.119 421.119 )
3649.579: I:0 (   0.000   0.000   0.000 ) T:1 ( 421.119 421.119 421.119 421.119 421.119 421.119 )
3659.579: I:0 (   0.000   0.000   0.000 ) T:1 ( 421.119 421.119 421.119 421.119 421.119 421.119 )
3669.579: I:0 (   0.000   0.000   0.000 ) T:1 ( 421.119 421.119 421.119 421.119 421.119 421.119 )
3679.579: I:0 (   0.000   0.000   0.000 ) T:1 ( 421.119 421.119 421.119 421.119 421.119 421.119 )
3689.579: I:0 (   0.000   0.000   0.000 ) T:1 ( 421.119 421.119 421.119 421.119 421.119 421.119 )
3699.579: I:0 (   0.000   0.000   0.000 ) T:1 ( 421.119 421.119 421.119 421.119 421.119 421.119 )
3709.579: I:0 (   0.000   0.000   0.000 ) T:1 ( 421.119 421.119 421.119 421.119 421.119 421.119 )
3719.579: I:0 (   0.000   0.000   0.000 ) T:1 ( 421.119 421.119 421.119 421.119 421.119 421.119 )
3729.579: I:0 (   0.000   0.000   0.000 ) T:1 ( 421.119 421.119 421.119 421.119 421.119 421.119 )
3739.579: I:0 (   0.000   0.000   0.000 ) T:1 ( 421.119 421.119 421.119 421.119 421.119 421.119 )
3749.579: I:0 (   0.000   0.000   0.000 ) T:1 ( 421.119 421.119 421.119 421.119 421.119 421.119 )
3759.579: I:0 (   0.000   0.000   0.000 ) T:1 ( 421.119 421.119 421.119 421.119 421.119 421.119 )
3769.579: I:0 (   0.000   0.000   0.000 ) T:1 ( 421.119 421.119 421.119 421.119 421.119 421.119 )
3779.579: I:0 (   0.000   0.000   0.000 ) T:1 ( 421.119 421.119 421.119 421.119 421.119 421.119 )
3789.579: I:0 (   0.000   0.000   0.000 ) T:1 ( 421.119 421.119 421.119 421.119 421.119 421.119 )
3799.579: I:0 (   0.000   0.000   0.000 ) T:1 ( 421.119 421.119 421.119 421.119 421.119 421.119 )
3809.579: I:0 (   0.000   0.000   0.000 ) T:1 ( 421.119 421.119 421.119 421.119 421.119 421.119 )
3819.579: I:0 (   0.000   0.000   0.000 ) T:1 ( 421.119 421.119 421.119 421.119 421.119 421.119 )
3829.579: I:0 (   0.000   0.000   0.000 ) T:1 ( 421.119 421.119 421.119 421.119 421.119 421.119 )
3839.579: I:0 (   0.000   0.000   0.000 ) T:1 ( 421.119 421.119 421.119 421.119 421.119 421.119 )
3849.579: I:0 (   0.000   0.000   0.000 ) T:1 ( 421.119 421.119 421.119 421.119 421.119 421.119 )
3859.579: I:0 (   0.000   0.000   0.000 ) T:1 ( 421.119 421.119 421.119 421.119 421.119 421.119 )
3869.579: I:0 (   0.000   0.000   0.000 ) T:1 ( 421.119 421.119 421.119 421.119 421.119 421.119 )
3879.579: I:0 (   0.000   0.000   0.000 ) T:1 ( 421.119 421.119 421.119 421.119 421.119 421.119 )
3889.579: I:0 (   0.000   0.000   0.000 ) T:1 ( 421.119 421.119 421.119 421.119 421.119 421.119 )
3899.579: I:0 (   0.000   0.000   0.000 ) T:1 ( 421.119 421.119 421.119 421.119 421.119 421.119 )
3909.579: I:0 (   0.000   0.000   0.000 ) T:1 ( 421.119 421.119 421.119 421.119 421.119 421.119 )
3919.579: I:0 (   0.000   0.000   0.000 ) T:1 ( 421.119 421.119 421.119 421.119 421.119 421.119 )
3929.579: I:0 (   0.000   0.000   0.000 ) T:1 ( 421.119 421.119 421.119 421.119 421.119 421.119 )
3939.579: I:0 (   0.000   0.000   0.000 ) T:1 ( 421.119 421.119 421.119 421.119 421.119 421.119 )
3949.579: I:0 (   0.000   0.000   0.000 ) T:1 ( 421.119 421.119 421.119 421.119 421.119 421.119 )
3959.579: I:0 (   0.000   0.000   0.000 ) T:1 ( 421.119 421.119 421.119 421.119 421.119 421.119 )
3969.579: I:0 (   0.000   0.000   0.000 ) T:1 ( 421.119 421.119 421.119 421.119 421.119 421.119 )
3979.579: I:0 (   0.000   0.000   0.000 ) T:1 ( 421.119 421.119 421.119 421.119 421.119 421.119 )
3989.579: I:0 (   0.000   0.000   0.000 ) T:1 ( 421.119 421.119 421.119 421.119 421.119 421.119 )
3999.579: I:0 (   0.000   0.000   0.000 ) T:1 ( 421.119 421.119 421.119 421.119 421.119 421.119 )
4009.579: I:0 (   0.000   0.000   0.000 ) T:1 ( 421.119 421.119 421.119 421.119 421.119 421.119 )
4019.579: I:0 (   0.000   0.000   0.000 ) T:1 ( 421.119 421.119 421.119 421.119 421.119 421.119 )
4029.579: I:0 (   0.000   0.000   0.000 ) T:1 ( 421.119 421.119 421.119 421.119 421.119 421.119 )
4039.579: I:0 (   0.000   0.000   0.000 ) T:1 ( 421.119 421.119 421.119 421.119 421.119 421.119 )
4049.579: I:0 (   0.000   0.000   0.000 ) T:1 ( 421.119 421.119 421.119 421.119 421.119 421.119 )
4059.579: I:0 (   0.000   0.000   0.000 ) T:1 ( 421.119 421.119 421.119 421.119 421.119 421.119 )
4069.579: I:0 (   0.000   0.000   0.000 ) T:1 ( 421.119 421.119 421.119 421.119 421.119 421.119 )
4079.579: I:0 (   0.000   0.000   0.000 ) T:1 ( 421.119 421.119 421.119 421.119 421.119 421.119 )
4089.579: I:0 (   0.000   0.000   0.000 ) T:1 ( 421.119 421.119 421.119 421.119 421.119 421.119 )
4099.579: I:0 (   0.000   0.000   0.000 ) T:1 ( 421.119 421.119 421.119 421.119 421.119 421.119 )
4109.579: I:0 (   0.000   0.000   0.000 ) T:1 ( 421.119 421.119 421.119 421.119 421.119 421.119 )
4119.579: I:0 (   0.000   0.000   0.000 ) T:1 ( 421.119 421.119 421.119 421.119 421.119 421.119 )
4129.579: I:0 (   0.000   0.000   0.000 ) T:1 ( 421.119 421.119 421.119 421.119 421.119 421.119 )
4139.579: I:0 (   0.000   0.000   0.000 ) T:1 ( 421.119 421.119 421.119 421.119 421.119 421.119 )
4149.579: I:0 (   0.000   0.000   0.000 ) T:1 ( 421.119 421.119 421.119 421.119 421.119 421.119 )
4159.579: I:0 (   0.000   0.000   0.000 ) T:1 ( 421.119 421.119 421.119 421.119 421.119 421.119 )
4169.579: I:0 (   0.000   0.000   0.000 ) T:1 ( 421.119 421.119 421.119 421.119 421.119 421.119 )
4179.579: I:0 (   0.000   0.000   0.000 ) T:1 ( 421.119 421.119 421.119 421.119 421.119 421.119 )
4189.579: I:0 (   0.000   0.000   0.000 ) T:1 ( 421.119 421.119 421.119 421.119 421.119 421.119 )
4199.579: I:0 (   0.000   0.000   0.000 ) T:1 ( 421.119 421.119 421.119 421.119 421.119 421.119 )
4209.579: I:0 (   0.000   0.000   0.000 ) T:1 ( 421.119 421.119 421.119 421.119 421.119 421.119 )
4219.579: I:0 (   0.000   0.000   0.000 ) T:1 ( 421.119 421.119 421.119 421.119 421.119 421.119 )
4229.579: I:0 (   0.000   0.000   0.000 ) T:1 ( 421.119 421.119 421.119 421.119 421.119 421.119 )
4239.579: I:0 (   0.000   0.000   0.000 ) T:1 ( 421.119 421.119 421.119 421.119 421.119 421.119 )
4249.579: I:0 (   0.000   0.000   0.000 ) T:1 ( 421.119 421.119 421.119 421.119 421.119 421.119 )
4259.579: I:0 (   0.000   0.000   0.000 ) T:1 ( 421.119 421.119 421.119 421.119 421.119 421.119 )
4269.579: I:0 (   0.000   0.000   0.000 ) T:1 ( 421.119 421.119 421.119 421.119 421.119 421.119 )
4279.579: I:0 (   0.000   0.000   0.000 ) T:1 ( 421.119 421.119 421.119 421.119 421.119 421.119 )
4289.579: I:0 (   0.000   0.000   0.000 ) T:1 ( 421.119 421.119 421.119 421.119 421.119 421.119 )
4299.579: I:0 (   0.000   0.000   0.000 ) T:1 ( 421.119 421.119 421.119 421.119 421.119 421.119 )
4309.579: I:0 (   0.000   0.000   0.000 ) T:1 ( 421.119 421.119 421.119 421.119 421.119 421.119 )
4319.579: I:0 (   0.000   0.000   0.000 ) T:1 ( 421.119 421.119 421.119 421.119 421.119 421.119 )
4329.579: I:0 (   0.000   0.000   0.000 ) T:1 ( 421.119 421.119 421.119 421.119 421.119 421.119 )
4339.579: I:0 (   0.000   0.000   0.000 ) T:1 ( 421.119 421.119 421.119 421.119 421.119 421.119 )
4349.579: I:0 (   0.000   0.000   0.000 ) T:1 ( 421.119 421.119 421.119 421.119 421.119 421.119 )
4359.579: I:0 (   0.000   0.000   0.000 ) T:1 ( 421.119 421.119 421.119 421.119 421.119 421.119 )
4369.579: I:0 (   0.000   0.000   0.000 ) T:1 ( 421.119 421.119 421.119 421.119 421.119 421.119 )
4379.579: I:0 (   0.000   0.000   0.000 ) T:1 ( 421.119 421.119 421.119 421.119 421.119 421.119 )
4389.579: I:0 (   0.000   0.000   0.000 ) T:1 ( 421.119 421.119 421.119 421.119 421.119 421.119 )
4399.579: I:0 (   0.000   0.000   0.000 ) T:1 ( 421.119 421.119 421.119 421.119 421.119 421.119 )
4409.579: I:0 (   0.000   0.000   0.000 ) T:1 ( 421.119 421.119 421.119 421.119 421.119 421.119 )
4419.579: I:0 (   0.000   0.000   0.000 ) T:1 ( 421.119 421.119 421.119 421.119 421.119 421.119 )
4429.579: I:0 (   0.000   0.000   0.000 ) T:1 ( 421.119 421.119 421.119 421.119 421.119 421.119 )
4439.579: I:0 (   0.000   0.000   0.000 ) T:1 ( 421.119 421.119 421.119 421.119 421.119 421.119 )
4449.579: I:0 (   0.000   0.000   0.000 ) T:1 ( 421.119 421.119 421.119 421.119 421.119 421.119 )
4459.579: I:0 (   0.000   0.000   0.000 ) T:1 ( 421.119 421.119 421.119 421.119 421.119 421.119 )
4469.579: I:0 (   0.000   0.000   0.000 ) T:1 ( 421.119 421.119 421.119 421.119 421.119 421.119 )
4479.579: I:0 (   0.000   0.000   0.000 ) T:1 ( 421.119 421.119 421.119 421.119 421.119 421.119 )
4489.579: I:0 (   0.000   0.000   0.000 ) T:1 ( 421.119 421.119 421.119 421.119 421.119 421.119 )
4499.579: I:0 (   0.000   0.000   0.000 ) T:1 ( 421.119 421.119 421.119 421.119 421.119 421.119 )
4509.579: I:0 (   0.000   0.000   0.000 ) T:1 ( 421.119 421.119 421.119 421.119 421.119 421.119 )
4519.579: I:0 (   0.000   0.000   0.000 ) T:1 ( 421.119 421.119 421.119 421.119 421.119 421.119 )
4529.579: I:0 (   0.000   0.000   0.000 ) T:1 ( 421.119 421.119 421.119 421.119 421.119 421.119 )
4539.579: I:0 (   0.000   0.000   0.000 ) T:1 ( 421.119 421.119 421.119 421.119 421.119 421.119 )
4549.579: I:0 (   0.000   0.000   0.000 ) T:1 ( 421.119 421.119 421.119 421.119 421.119 421.119 )
4559.579: I:0 (   0.000   0.000   0.000 ) T:1 ( 421.119 421.119 421.119 421.119 421.119 421.119 )
4569.579: I:0 (   0.000   0.000   0.000 ) T:1 ( 421.119 421.119 421.119 421.119 421.119 421.119 )
4579.579: I:0 (   0.000   0.000   0.000 ) T:1 ( 421.119 421.119 421.119 421.119 421.119 421.119 )
4589.579: I:0 (   0.000   0.000   0.000 ) T:1 ( 421.119 421.119 421.119 421.119 421.119 421.119 )
4599.579: I:0 (   0.000   0.000   0.000 ) T:1 ( 421.119 421.119 421.119 421.119 421.119 421.119 )
4609.579: I:0 (   0.000   0.000   0.000 ) T:1 ( 421.119 421.119 421.119 421.119 421.119 421.119 )
4619.579: I:0 (   0.000   0.000   0.000 ) T:1 ( 421.119 421.119 421.119 421.119 421.119 421.119 )
4629.579: I:0 (   0.000   0.000   0.000 ) T:1 ( 421.119 421.119 421.119 421.119 421.119 421.119 )
4639.579: I:0 (   0.000   0.000   0.000 ) T:1 ( 421.119 421.119 421.119 421.119 421.119 421.119 )
4649.579: I:0 (   0.000   0.000   0.000 ) T:1 ( 421.119 421.119 421.119 421.119 421.119 421.119 )
4659.579: I:0 (   0.000   0.000   0.000 ) T:1 ( 421.119 421.119 421.119 421.119 421.119 421.119 )
4669.578: I:0 (   0.000   0.000   0.000 ) T:1 ( 421.119 421.119 421.119 421.119 421.119 421.119 )
4679.579: I:0 (   0.000   0.000   0.000 ) T:1 ( 421.119 421.119 421.119 421.119 421.119 421.119 )
4689.579: I:0 (   0.000   0.000   0.000 ) T:1 ( 421.119 421.119 421.119 421.119 421.119 421.119 )
4699.579: I:0 (   0.000   0.000   0.000 ) T:1 ( 421.119 421.119 421.119 421.119 421.119 421.119 )
4709.579: I:0 (   0.000   0.000   0.000 ) T:1 ( 421.119 421.119 421.119 421.119 421.119 421.119 )
4719.579: I:0 (   0.000   0.000   0.000 ) T:1 ( 421.119 421.119 421.119 421.119 421.119 421.119 )
4729.579: I:0 (   0.000   0.000   0.000 ) T:1 ( 421.119 421.119 421.119 421.119 421.119 421.119 )
4739.579: I:0 (   0.000   0.000   0.000 ) T:1 ( 421.119 421.119 421.119 421.119 421.119 421.119 )
4749.579: I:0 (   0.000   0.000   0.000 ) T:1 ( 421.119 421.119 421.119 421.119 421.119 421.119 )
4759.579: I:0 (   0.000   0.000   0.000 ) T:1 ( 421.119 421.119 421.119 421.119 421.119 421.119 )
4769.579: I:0 (   0.000   0.000   0.000 ) T:1 ( 421.119 421.119 421.119 421.119 421.119 421.119 )
4779.579: I:0 (   0.000   0.000   0.000 ) T:1 ( 421.119 421.119 421.119 421.119 421.119 421.119 )
4789.579: I:0 (   0.000   0.000   0.000 ) T:1 ( 421.119 421.119 421.119 421.119 421.119 421.119 )
4799.579: I:0 (   0.000   0.000   0.000 ) T:1 ( 421.119 421.119 421.119 421.119 421.119 421.119 )
4809.579: I:0 (   0.000   0.000   0.000 ) T:1 ( 421.119 421.119 421.119 421.119 421.119 421.119 )
4819.579: I:0 (   0.000   0.000   0.000 ) T:1 ( 421.119 421.119 421.119 421.119 421.119 421.119 )
4829.579: I:0 (   0.000   0.000   0.000 ) T:1 ( 421.119 421.119 421.119 421.119 421.119 421.119 )
4839.579: I:0 (   0.000   0.000   0.000 ) T:1 ( 421.119 421.119 421.119 421.119 421.119 421.119 )
4849.579: I:0 (   0.000   0.000   0.000 ) T:1 ( 421.119 421.119 421.119 421.119 421.119 421.119 )
4859.579: I:0 (   0.000   0.000   0.000 ) T:1 ( 421.119 421.119 421.119 421.119 421.119 421.119 )
4869.579: I:0 (   0.000   0.000   0.000 ) T:1 ( 421.119 421.119 421.119 421.119 421.119 421.119 )
4879.579: I:0 (   0.000   0.000   0.000 ) T:1 ( 421.119 421.119 421.119 421.119 421.119 421.119 )
4889.579: I:0 (   0.000   0.000   0.000 ) T:1 ( 421.119 421.119 421.119 421.119 421.119 421.119 )
4899.579: I:0 (   0.000   0.000   0.000 ) T:1 ( 421.119 421.119 421.119 421.119 421.119 421.119 )
4909.579: I:0 (   0.000   0.000   0.000 ) T:1 ( 421.119 421.119 421.119 421.119 421.119 421.119 )
4919.579: I:0 (   0.000   0.000   0.000 ) T:1 ( 421.119 421.119 421.119 421.119 421.119 421.119 )
4929.579: I:0 (   0.000   0.000   0.000 ) T:1 ( 421.119 421.119 421.119 421.119 421.119 421.119 )
4939.579: I:0 (   0.000   0.000   0.000 ) T:1 ( 421.119 421.119 421.119 421.119 421.119 421.119 )
4949.579: I:0 (   0.000   0.000   0.000 ) T:1 ( 421.119 421.119 421.119 421.119 421.119 421.119 )
4959.579: I:0 (   0.000   0.000   0.000 ) T:1 ( 421.119 421.119 421.119 421.119 421.119 421.119 )
4969.579: I:0 (   0.000   0.000   0.000 ) T:1 ( 421.119 421.119 421.119 421.119 421.119 421.119 )
4979.579: I:0 (   0.000   0.000   0.000 ) T:1 ( 421.119 421.119 421.119 421.119 421.119 421.119 )
4989.579: I:0 (   0.000   0.000   0.000 ) T:1 ( 421.119 421.119 421.119 421.119 421.119 421.119 )
4999.579: I:0 (   0.000   0.000   0.000 ) T:1 ( 421.119 421.119 421.119 421.119 421.119 421.119 )
5009.579: I:0 (   0.000   0.000   0.000 ) T:1 ( 421.119 421.119 421.119 421.119 421.119 421.119 )
5019.579: I:0 (   0.000   0.000   0.000 ) T:1 ( 421.119 421.119 421.119 421.119 421.119 421.119 )
5029.579: I:0 (   0.000   0.000   0.000 ) T:1 ( 421.119 421.119 421.119 421.119 421.119 421.119 )
5039.579: I:0 (   0.000   0.000   0.000 ) T:1 ( 421.119 421.119 421.119 421.119 421.119 421.119 )
5049.579: I:0 (   0.000   0.000   0.000 ) T:1 ( 421.119 421.119 421.119 421.119 421.119 421.119 )
5059.579: I:0 (   0.000   0.000   0.000 ) T:1 ( 421.119 421.119 421.119 421.119 421.119 421.119 )
5069.579: I:0 (   0.000   0.000   0.000 ) T:1 ( 421.119 421.119 421.119 421.119 421.119 421.119 )
5079.579: I:0 (   0.000   0.000   0.000 ) T:1 ( 421.119 421.119 421.119 421.119 421.119 421.119 )
5089.579: I:0 (   0.000   0.000   0.000 ) T:1 ( 421.119 421.119 421.119 421.119 421.119 421.119 )
5099.581: I:0 (   0.000   0.000   0.000 ) T:1 ( 421.119 421.119 421.119 421.119 421.119 421.119 )
5109.579: I:0 (   0.000   0.000   0.000 ) T:1 ( 421.119 421.119 421.119 421.119 421.119 421.119 )
5119.579: I:0 (   0.000   0.000   0.000 ) T:1 ( 421.119 421.119 421.119 421.119 421.119 421.119 )
5129.579: I:0 (   0.000   0.000   0.000 ) T:1 ( 421.119 421.119 421.119 421.119 421.119 421.119 )
5139.579: I:0 (   0.000   0.000   0.000 ) T:1 ( 421.119 421.119 421.119 421.119 421.119 421.119 )
5149.579: I:0 (   0.000   0.000   0.000 ) T:1 ( 421.119 421.119 421.119 421.119 421.119 421.119 )
5159.579: I:0 (   0.000   0.000   0.000 ) T:1 ( 421.119 421.119 421.119 421.119 421.119 421.119 )
5169.579: I:0 (   0.000   0.000   0.000 ) T:1 ( 421.119 421.119 421.119 421.119 421.119 421.119 )
5179.579: I:0 (   0.000   0.000   0.000 ) T:1 ( 421.119 421.119 421.119 421.119 421.119 421.119 )
5189.579: I:0 (   0.000   0.000   0.000 ) T:1 ( 421.119 421.119 421.119 421.119 421.119 421.119 )
5199.579: I:0 (   0.000   0.000   0.000 ) T:1 ( 421.119 421.119 421.119 421.119 421.119 421.119 )
5209.579: I:0 (   0.000   0.000   0.000 ) T:1 ( 421.119 421.119 421.119 421.119 421.119 421.119 )
5219.579: I:0 (   0.000   0.000   0.000 ) T:1 ( 421.119 421.119 421.119 421.119 421.119 421.119 )
5229.579: I:0 (   0.000   0.000   0.000 ) T:1 ( 421.119 421.119 421.119 421.119 421.119 421.119 )
5239.579: I:0 (   0.000   0.000   0.000 ) T:1 ( 421.119 421.119 421.119 421.119 421.119 421.119 )
5249.579: I:0 (   0.000   0.000   0.000 ) T:1 ( 421.119 421.119 421.119 421.119 421.119 421.119 )
5259.579: I:0 (   0.000   0.000   0.000 ) T:1 ( 421.119 421.119 421.119 421.119 421.119 421.119 )
5269.579: I:0 (   0.000   0.000   0.000 ) T:1 ( 421.119 421.119 421.119 421.119 421.119 421.119 )
5279.579: I:0 (   0.000   0.000   0.000 ) T:1 ( 421.119 421.119 421.119 421.119 421.119 421.119 )
5289.579: I:0 (   0.000   0.000   0.000 ) T:1 ( 421.119 421.119 421.119 421.119 421.119 421.119 )
5299.579: I:0 (   0.000   0.000   0.000 ) T:1 ( 421.119 421.119 421.119 421.119 421.119 421.119 )
5309.579: I:0 (   0.000   0.000   0.000 ) T:1 ( 421.119 421.119 421.119 421.119 421.119 421.119 )
5319.579: I:0 (   0.000   0.000   0.000 ) T:1 ( 421.119 421.119 421.119 421.119 421.119 421.119 )
5329.579: I:0 (   0.000   0.000   0.000 ) T:1 ( 421.119 421.119 421.119 421.119 421.119 421.119 )
5339.579: I:0 (   0.000   0.000   0.000 ) T:1 ( 421.119 421.119 421.119 421.119 421.119 421.119 )
5349.579: I:0 (   0.000   0.000   0.000 ) T:1 ( 421.119 421.119 421.119 421.119 421.119 421.119 )
5359.579: I:0 (   0.000   0.000   0.000 ) T:1 ( 421.119 421.119 421.119 421.119 421.119 421.119 )
5369.579: I:0 (   0.000   0.000   0.000 ) T:1 ( 421.119 421.119 421.119 421.119 421.119 421.119 )
5379.579: I:0 (   0.000   0.000   0.000 ) T:1 ( 421.119 421.119 421.119 421.119 421.119 421.119 )
5389.579: I:0 (   0.000   0.000   0.000 ) T:1 ( 421.119 421.119 421.119 421.119 421.119 421.119 )
5399.579: I:0 (   0.000   0.000   0.000 ) T:1 ( 421.119 421.119 421.119 421.119 421.119 421.119 )
5409.579: I:0 (   0.000   0.000   0.000 ) T:1 ( 421.119 421.119 421.119 421.119 421.119 421.119 )
5419.579: I:0 (   0.000   0.000   0.000 ) T:1 ( 421.119 421.119 421.119 421.119 421.119 421.119 )
5429.579: I:0 (   0.000   0.000   0.000 ) T:1 ( 421.119 421.119 421.119 421.119 421.119 421.119 )
5439.579: I:0 (   0.000   0.000   0.000 ) T:1 ( 421.119 421.119 421.119 421.119 421.119 421.119 )
5449.579: I:0 (   0.000   0.000   0.000 ) T:1 ( 421.119 421.119 421.119 421.119 421.119 421.119 )
5459.579: I:0 (   0.000   0.000   0.000 ) T:1 ( 421.119 421.119 421.119 421.119 421.119 421.119 )
5469.579: I:0 (   0.000   0.000   0.000 ) T:1 ( 421.119 421.119 421.119 421.119 421.119 421.119 )
5479.579: I:0 (   0.000   0.000   0.000 ) T:1 ( 421.119 421.119 421.119 421.119 421.119 421.119 )
5489.579: I:0 (   0.000   0.000   0.000 ) T:1 ( 421.119 421.119 421.119 421.119 421.119 421.119 )
5499.579: I:0 (   0.000   0.000   0.000 ) T:1 ( 421.119 421.119 421.119 421.119 421.119 421.119 )
5509.579: I:0 (   0.000   0.000   0.000 ) T:1 ( 421.119 421.119 421.119 421.119 421.119 421.119 )
5519.579: I:0 (   0.000   0.000   0.000 ) T:1 ( 421.119 421.119 421.119 421.119 421.119 421.119 )
5529.579: I:0 (   0.000   0.000   0.000 ) T:1 ( 421.119 421.119 421.119 421.119 421.119 421.119 )
5539.579: I:0 (   0.000   0.000   0.000 ) T:1 ( 421.119 421.119 421.119 421.119 421.119 421.119 )
5549.579: I:0 (   0.000   0.000   0.000 ) T:1 ( 421.119 421.119 421.119 421.119 421.119 421.119 )
5559.579: I:0 (   0.000   0.000   0.000 ) T:1 ( 421.119 421.119 421.119 421.119 421.119 421.119 )
5569.579: I:0 (   0.000   0.000   0.000 ) T:1 ( 421.119 421.119 421.119 421.119 421.119 421.119 )
5579.579: I:0 (   0.000   0.000   0.000 ) T:1 ( 421.119 421.119 421.119 421.119 421.119 421.119 )
5589.579: I:0 (   0.000   0.000   0.000 ) T:1 ( 421.119 421.119 421.119 421.119 421.119 421.119 )
5599.579: I:0 (   0.000   0.000   0.000 ) T:1 ( 421.119 421.119 421.119 421.119 421.119 421.119 )
5609.579: I:0 (   0.000   0.000   0.000 ) T:1 ( 421.119 421.119 421.119 421.119 421.119 421.119 )
5619.579: I:0 (   0.000   0.000   0.000 ) T:1 ( 421.119 421.119 421.119 421.119 421.119 421.119 )
5629.579: I:0 (   0.000   0.000   0.000 ) T:1 ( 421.119 421.119 421.119 421.119 421.119 421.119 )
5639.578: I:0 (   0.000   0.000   0.000 ) T:1 ( 421.119 421.119 421.119 421.119 421.119 421.119 )
5649.579: I:0 (   0.000   0.000   0.000 ) T:1 ( 421.119 421.119 421.119 421.119 421.119 421.119 )
5659.579: I:0 (   0.000   0.000   0.000 ) T:1 ( 421.119 421.119 421.119 421.119 421.119 421.119 )
5669.579: I:0 (   0.000   0.000   0.000 ) T:1 ( 421.119 421.119 421.119 421.119 421.119 421.119 )
5679.579: I:0 (   0.000   0.000   0.000 ) T:1 ( 421.119 421.119 421.119 421.119 421.119 421.119 )
5689.579: I:0 (   0.000   0.000   0.000 ) T:1 ( 421.119 421.119 421.119 421.119 421.119 421.119 )
5699.579: I:0 (   0.000   0.000   0.000 ) T:1 ( 421.119 421.119 421.119 421.119 421.119 421.119 )
5709.579: I:0 (   0.000   0.000   0.000 ) T:1 ( 421.119 421.119 421.119 421.119 421.119 421.119 )
5719.579: I:0 (   0.000   0.000   0.000 ) T:1 ( 421.119 421.119 421.119 421.119 421.119 421.119 )
5729.579: I:0 (   0.000   0.000   0.000 ) T:1 ( 421.119 421.119 421.119 421.119 421.119 421.119 )
5739.579: I:0 (   0.000   0.000   0.000 ) T:1 ( 421.119 421.119 421.119 421.119 421.119 421.119 )
5749.579: I:0 (   0.000   0.000   0.000 ) T:1 ( 421.119 421.119 421.119 421.119 421.119 421.119 )
5759.579: I:0 (   0.000   0.000   0.000 ) T:1 ( 421.119 421.119 421.119 421.119 421.119 421.119 )
5769.579: I:0 (   0.000   0.000   0.000 ) T:1 ( 421.119 421.119 421.119 421.119 421.119 421.119 )
5779.579: I:0 (   0.000   0.000   0.000 ) T:1 ( 421.119 421.119 421.119 421.119 421.119 421.119 )
5789.579: I:0 (   0.000   0.000   0.000 ) T:1 ( 421.119 421.119 421.119 421.119 421.119 421.119 )
5799.579: I:0 (   0.000   0.000   0.000 ) T:1 ( 421.119 421.119 421.119 421.119 421.119 421.119 )
5809.579: I:0 (   0.000   0.000   0.000 ) T:1 ( 421.119 421.119 421.119 421.119 421.119 421.119 )
5819.579: I:0 (   0.000   0.000   0.000 ) T:1 ( 421.119 421.119 421.119 421.119 421.119 421.119 )
5829.579: I:0 (   0.000   0.000   0.000 ) T:1 ( 421.119 421.119 421.119 421.119 421.119 421.119 )
5839.579: I:0 (   0.000   0.000   0.000 ) T:1 ( 421.119 421.119 421.119 421.119 421.119 421.119 )
5849.579: I:0 (   0.000   0.000   0.000 ) T:1 ( 421.119 421.119 421.119 421.119 421.119 421.119 )
5859.579: I:0 (   0.000   0.000   0.000 ) T:1 ( 421.119 421.119 421.119 421.119 421.119 421.119 )
5869.579: I:0 (   0.000   0.000   0.000 ) T:1 ( 421.119 421.119 421.119 421.119 421.119 421.119 )
5879.579: I:0 (   0.000   0.000   0.000 ) T:1 ( 421.119 421.119 421.119 421.119 421.119 421.119 )
5889.579: I:0 (   0.000   0.000   0.000 ) T:1 ( 421.119 421.119 421.119 421.119 421.119 421.119 )
5898.595: I:0 (   0.000   0.000   0.000 ) T:1 ( 421.119 421.119 421.119 421.119 421.119 421.119 )
5898.631: I:0 (   0.000   0.000   0.000 ) T:1 ( 421.119 421.119 421.119 421.119 421.119 421.119 )
