#[Interval percentile log between 0.000 and <Infinite> seconds (relative to StartTime)]
#[StartTime: 1524561743.330 (seconds since epoch), Tue Apr 24 11:22:23 CEST 2018]
Time: IntervalPercentiles:count ( 50% 90% Max ) TotalPercentiles:count ( 50% 90% 99% 99.9% 99.99% Max )
9.619: I:1 ( 421.119 421.119 421.119 ) T:1 ( 421.119 421.119 421.119 421.119 421.119 421.119 )
19.602: I:0 (   0.000   0.000   0.000 ) T:1 ( 421.119 421.119 421.119 421.119 421.119 421.119 )
29.597: I:0 (   0.000   0.000   0.000 ) T:1 ( 421.119 421.119 421.119 421.119 421.119 421.119 )
39.594: I:0 (   0.000   0.000   0.000 ) T:1 ( 421.119 421.119 421.119 421.119 421.119 421.119 )
49.595: I:0 (   0.000   0.000   0.000 ) T:1 ( 421.119 421.119 421.119 421.119 421.119 421.119 )
59.597: I:0 (   0.000   0.000   0.000 ) T:1 ( 421.119 421.119 421.119 421.119 421.119 421.119 )
69.596: I:0 (   0.000   0.000   0.000 ) T:1 ( 421.119 421.119 421.119 421.119 421.119 421.119 )
79.592: I:0 (   0.000   0.000   0.000 ) T:1 ( 421.119 421.119 421.119 421.119 421.119 421.119 )
89.595: I:0 (   0.000   0.000   0.000 ) T:1 ( 421.119 421.119 421.119 421.119 421.119 421.119 )
99.596: I:0 (   0.000   0.000   0.000 ) T:1 ( 421.119 421.119 421.119 421.119 421.119 421.119 )
109.593: I:0 (   0.000   0.000   0.000 ) T:1 ( 421.119 421.119 421.119 421.119 421.119 421.119 )
119.595: I:0 (   0.000   0.000   0.000 ) T:1 ( 421.119 421.119 421.119 421.119 421.119 421.119 )
129.597: I:0 (   0.000   0.000   0.000 ) T:1 ( 421.119 421.119 421.119 421.119 421.119 421.119 )
139.594: I:0 (   0.000   0.000   0.000 ) T:1 ( 421.119 421.119 421.119 421.119 421.119 421.119 )
149.589: I:0 (   0.000   0.000   0.000 ) T:1 ( 421.119 421.119 421.119 421.119 421.119 421.119 )
159.593: I:0 (   0.000   0.000   0.000 ) T:1 ( 421.119 421.119 421.119 421.119 421.119 421.119 )
169.588: I:0 (   0.000   0.000   0.000 ) T:1 ( 421.119 421.119 421.119 421.119 421.119 421.119 )
179.595: I:0 (   0.000   0.000   0.000 ) T:1 ( 421.119 421.119 421.119 421.119 421.119 421.119 )
189.594: I:0 (   0.000   0.000   0.000 ) T:1 ( 421.119 421.119 421.119 421.119 421.119 421.119 )
199.597: I:0 (   0.000   0.000   0.000 ) T:1 ( 421.119 421.119 421.119 421.119 421.119 421.119 )
209.592: I:0 (   0.000   0.000   0.000 ) T:1 ( 421.119 421.119 421.119 421.119 421.119 421.119 )
219.593: I:0 (   0.000   0.000   0.000 ) T:1 ( 421.119 421.119 421.119 421.119 421.119 421.119 )
229.595: I:0 (   0.000   0.000   0.000 ) T:1 ( 421.119 421.119 421.119 421.119 421.119 421.119 )
239.595: I:0 (   0.000   0.000   0.000 ) T:1 ( 421.119 421.119 421.119 421.119 421.119 421.119 )
249.596: I:0 (   0.000   0.000   0.000 ) T:1 ( 421.119 421.119 421.119 421.119 421.119 421.119 )
259.589: I:0 (   0.000   0.000   0.000 ) T:1 ( 421.119 421.119 421.119 421.119 421.119 421.119 )
269.592: I:0 (   0.000   0.000   0.000 ) T:1 ( 421.119 421.119 421.119 421.119 421.119 421.119 )
279.592: I:0 (   0.000   0.000   0.000 ) T:1 ( 421.119 421.119 421.119 421.119 421.119 421.119 )
289.594: I:0 (   0.000   0.000   0.000 ) T:1 ( 421.119 421.119 421.119 421.119 421.119 421.119 )
299.593: I:0 (   0.000   0.000   0.000 ) T:1 ( 421.119 421.119 421.119 421.119 421.119 421.119 )
309.595: I:0 (   0.000   0.000   0.000 ) T:1 ( 421.119 421.119 421.119 421.119 421.119 421.119 )
319.592: I:0 (   0.000   0.000   0.000 ) T:1 ( 421.119 421.119 421.119 421.119 421.119 421.119 )
329.596: I:0 (   0.000   0.000   0.000 ) T:1 ( 421.119 421.119 421.119 421.119 421.119 421.119 )
339.593: I:0 (   0.000   0.000   0.000 ) T:1 ( 421.119 421.119 421.119 421.119 421.119 421.119 )
349.595: I:0 (   0.000   0.000   0.000 ) T:1 ( 421.119 421.119 421.119 421.119 421.119 421.119 )
359.595: I:0 (   0.000   0.000   0.000 ) T:1 ( 421.119 421.119 421.119 421.119 421.119 421.119 )
369.595: I:0 (   0.000   0.000   0.000 ) T:1 ( 421.119 421.119 421.119 421.119 421.119 421.119 )
379.594: I:0 (   0.000   0.000   0.000 ) T:1 ( 421.119 421.119 421.119 421.119 421.119 421.119 )
389.595: I:0 (   0.000   0.000   0.000 ) T:1 ( 421.119 421.119 421.119 421.119 421.119 421.119 )
399.595: I:0 (   0.000   0.000   0.000 ) T:1 ( 421.119 421.119 421.119 421.119 421.119 421.119 )
409.595: I:0 (   0.000   0.000   0.000 ) T:1 ( 421.119 421.119 421.119 421.119 421.119 421.119 )
419.595: I:0 (   0.000   0.000   0.000 ) T:1 ( 421.119 421.119 421.119 421.119 421.119 421.119 )
429.592: I:0 (   0.000   0.000   0.000 ) T:1 ( 421.119 421.119 421.119 421.119 421.119 421.119 )
439.595: I:0 (   0.000   0.000   0.000 ) T:1 ( 421.119 421.119 421.119 421.119 421.119 421.119 )
449.595: I:0 (   0.000   0.000   0.000 ) T:1 ( 421.119 421.119 421.119 421.119 421.119 421.119 )
459.588: I:0 (   0.000   0.000   0.000 ) T:1 ( 421.119 421.119 421.119 421.119 421.119 421.119 )
469.591: I:0 (   0.000   0.000   0.000 ) T:1 ( 421.119 421.119 421.119 421.119 421.119 421.119 )
479.588: I:0 (   0.000   0.000   0.000 ) T:1 ( 421.119 421.119 421.119 421.119 421.119 421.119 )
489.595: I:0 (   0.000   0.000   0.000 ) T:1 ( 421.119 421.119 421.119 421.119 421.119 421.119 )
499.591: I:0 (   0.000   0.000   0.000 ) T:1 ( 421.119 421.119 421.119 421.119 421.119 421.119 )
509.593: I:0 (   0.000   0.000   0.000 ) T:1 ( 421.119 421.119 421.119 421.119 421.119 421.119 )
519.596: I:0 (   0.000   0.000   0.000 ) T:1 ( 421.119 421.119 421.119 421.119 421.119 421.119 )
529.595: I:0 (   0.000   0.000   0.000 ) T:1 ( 421.119 421.119 421.119 421.119 421.119 421.119 )
539.595: I:0 (   0.000   0.000   0.000 ) T:1 ( 421.119 421.119 421.119 421.119 421.119 421.119 )
549.589: I:0 (   0.000   0.000   0.000 ) T:1 ( 421.119 421.119 421.119 421.119 421.119 421.119 )
559.595: I:0 (   0.000   0.000   0.000 ) T:1 ( 421.119 421.119 421.119 421.119 421.119 421.119 )
569.594: I:0 (   0.000   0.000   0.000 ) T:1 ( 421.119 421.119 421.119 421.119 421.119 421.119 )
579.595: I:0 (   0.000   0.000   0.000 ) T:1 ( 421.119 421.119 421.119 421.119 421.119 421.119 )
589.592: I:0 (   0.000   0.000   0.000 ) T:1 ( 421.119 421.119 421.119 421.119 421.119 421.119 )
599.593: I:0 (   0.000   0.000   0.000 ) T:1 ( 421.119 421.119 421.119 421.119 421.119 421.119 )
609.595: I:0 (   0.000   0.000   0.000 ) T:1 ( 421.119 421.119 421.119 421.119 421.119 421.119 )
619.594: I:0 (   0.000   0.000   0.000 ) T:1 ( 421.119 421.119 421.119 421.119 421.119 421.119 )
629.588: I:0 (   0.000   0.000   0.000 ) T:1 ( 421.119 421.119 421.119 421.119 421.119 421.119 )
639.597: I:0 (   0.000   0.000   0.000 ) T:1 ( 421.119 421.119 421.119 421.119 421.119 421.119 )
649.594: I:0 (   0.000   0.000   0.000 ) T:1 ( 421.119 421.119 421.119 421.119 421.119 421.119 )
659.595: I:0 (   0.000   0.000   0.000 ) T:1 ( 421.119 421.119 421.119 421.119 421.119 421.119 )
669.595: I:0 (   0.000   0.000   0.000 ) T:1 ( 421.119 421.119 421.119 421.119 421.119 421.119 )
679.596: I:0 (   0.000   0.000   0.000 ) T:1 ( 421.119 421.119 421.119 421.119 421.119 421.119 )
689.592: I:0 (   0.000   0.000   0.000 ) T:1 ( 421.119 421.119 421.119 421.119 421.119 421.119 )
699.595: I:0 (   0.000   0.000   0.000 ) T:1 ( 421.119 421.119 421.119 421.119 421.119 421.119 )
709.595: I:0 (   0.000   0.000   0.000 ) T:1 ( 421.119 421.119 421.119 421.119 421.119 421.119 )
719.595: I:0 (   0.000   0.000   0.000 ) T:1 ( 421.119 421.119 421.119 421.119 421.119 421.119 )
729.592: I:0 (   0.000   0.000   0.000 ) T:1 ( 421.119 421.119 421.119 421.119 421.119 421.119 )
739.592: I:0 (   0.000   0.000   0.000 ) T:1 ( 421.119 421.119 421.119 421.119 421.119 421.119 )
749.592: I:0 (   0.000   0.000   0.000 ) T:1 ( 421.119 421.119 421.119 421.119 421.119 421.119 )
759.592: I:0 (   0.000   0.000   0.000 ) T:1 ( 421.119 421.119 421.119 421.119 421.119 421.119 )
769.596: I:0 (   0.000   0.000   0.000 ) T:1 ( 421.119 421.119 421.119 421.119 421.119 421.119 )
779.591: I:0 (   0.000   0.000   0.000 ) T:1 ( 421.119 421.119 421.119 421.119 421.119 421.119 )
789.589: I:0 (   0.000   0.000   0.000 ) T:1 ( 421.119 421.119 421.119 421.119 421.119 421.119 )
799.592: I:0 (   0.000   0.000   0.000 ) T:1 ( 421.119 421.119 421.119 421.119 421.119 421.119 )
809.594: I:0 (   0.000   0.000   0.000 ) T:1 ( 421.119 421.119 421.119 421.119 421.119 421.119 )
819.591: I:0 (   0.000   0.000   0.000 ) T:1 ( 421.119 421.119 421.119 421.119 421.119 421.119 )
829.594: I:0 (   0.000   0.000   0.000 ) T:1 ( 421.119 421.119 421.119 421.119 421.119 421.119 )
839.593: I:0 (   0.000   0.000   0.000 ) T:1 ( 421.119 421.119 421.119 421.119 421.119 421.119 )
849.595: I:0 (   0.000   0.000   0.000 ) T:1 ( 421.119 421.119 421.119 421.119 421.119 421.119 )
859.594: I:0 (   0.000   0.000   0.000 ) T:1 ( 421.119 421.119 421.119 421.119 421.119 421.119 )
869.592: I:0 (   0.000   0.000   0.000 ) T:1 ( 421.119 421.119 421.119 421.119 421.119 421.119 )
879.596: I:0 (   0.000   0.000   0.000 ) T:1 ( 421.119 421.119 421.119 421.119 421.119 421.119 )
889.593: I:0 (   0.000   0.000   0.000 ) T:1 ( 421.119 421.119 421.119 421.119 421.119 421.119 )
899.595: I:0 (   0.000   0.000   0.000 ) T:1 ( 421.119 421.119 421.119 421.119 421.119 421.119 )
909.592: I:0 (   0.000   0.000   0.000 ) T:1 ( 421.119 421.119 421.119 421.119 421.119 421.119 )
919.597: I:0 (   0.000   0.000   0.000 ) T:1 ( 421.119 421.119 421.119 421.119 421.119 421.119 )
929.589: I:0 (   0.000   0.000   0.000 ) T:1 ( 421.119 421.119 421.119 421.119 421.119 421.119 )
939.595: I:0 (   0.000   0.000   0.000 ) T:1 ( 421.119 421.119 421.119 421.119 421.119 421.119 )
949.592: I:0 (   0.000   0.000   0.000 ) T:1 ( 421.119 421.119 421.119 421.119 421.119 421.119 )
959.592: I:0 (   0.000   0.000   0.000 ) T:1 ( 421.119 421.119 421.119 421.119 421.119 421.119 )
969.592: I:0 (   0.000   0.000   0.000 ) T:1 ( 421.119 421.119 421.119 421.119 421.119 421.119 )
979.593: I:0 (   0.000   0.000   0.000 ) T:1 ( 421.119 421.119 421.119 421.119 421.119 421.119 )
989.592: I:0 (   0.000   0.000   0.000 ) T:1 ( 421.119 421.119 421.119 421.119 421.119 421.119 )
999.596: I:0 (   0.000   0.000   0.000 ) T:1 ( 421.119 421.119 421.119 421.119 421.119 421.119 )
1009.592: I:0 (   0.000   0.000   0.000 ) T:1 ( 421.119 421.119 421.119 421.119 421.119 421.119 )
1019.592: I:0 (   0.000   0.000   0.000 ) T:1 ( 421.119 421.119 421.119 421.119 421.119 421.119 )
1029.592: I:0 (   0.000   0.000   0.000 ) T:1 ( 421.119 421.119 421.119 421.119 421.119 421.119 )
1039.593: I:0 (   0.000   0.000   0.000 ) T:1 ( 421.119 421.119 421.119 421.119 421.119 421.119 )
1049.594: I:0 (   0.000   0.000   0.000 ) T:1 ( 421.119 421.119 421.119 421.119 421.119 421.119 )
1059.594: I:0 (   0.000   0.000   0.000 ) T:1 ( 421.119 421.119 421.119 421.119 421.119 421.119 )
1069.593: I:0 (   0.000   0.000   0.000 ) T:1 ( 421.119 421.119 421.119 421.119 421.119 421.119 )
1079.595: I:0 (   0.000   0.000   0.000 ) T:1 ( 421.119 421.119 421.119 421.119 421.119 421.119 )
1089.592: I:0 (   0.000   0.000   0.000 ) T:1 ( 421.119 421.119 421.119 421.119 421.119 421.119 )
1099.592: I:0 (   0.000   0.000   0.000 ) T:1 ( 421.119 421.119 421.119 421.119 421.119 421.119 )
1109.595: I:0 (   0.000   0.000   0.000 ) T:1 ( 421.119 421.119 421.119 421.119 421.119 421.119 )
1119.594: I:0 (   0.000   0.000   0.000 ) T:1 ( 421.119 421.119 421.119 421.119 421.119 421.119 )
1129.594: I:0 (   0.000   0.000   0.000 ) T:1 ( 421.119 421.119 421.119 421.119 421.119 421.119 )
1139.589: I:0 (   0.000   0.000   0.000 ) T:1 ( 421.119 421.119 421.119 421.119 421.119 421.119 )
1149.591: I:0 (   0.000   0.000   0.000 ) T:1 ( 421.119 421.119 421.119 421.119 421.119 421.119 )
1159.593: I:0 (   0.000   0.000   0.000 ) T:1 ( 421.119 421.119 421.119 421.119 421.119 421.119 )
1169.593: I:0 (   0.000   0.000   0.000 ) T:1 ( 421.119 421.119 421.119 421.119 421.119 421.119 )
1179.590: I:0 (   0.000   0.000   0.000 ) T:1 ( 421.119 421.119 421.119 421.119 421.119 421.119 )
1189.592: I:0 (   0.000   0.000   0.000 ) T:1 ( 421.119 421.119 421.119 421.119 421.119 421.119 )
1199.594: I:0 (   0.000   0.000   0.000 ) T:1 ( 421.119 421.119 421.119 421.119 421.119 421.119 )
1209.593: I:0 (   0.000   0.000   0.000 ) T:1 ( 421.119 421.119 421.119 421.119 421.119 421.119 )
1219.593: I:0 (   0.000   0.000   0.000 ) T:1 ( 421.119 421.119 421.119 421.119 421.119 421.119 )
1229.593: I:0 (   0.000   0.000   0.000 ) T:1 ( 421.119 421.119 421.119 421.119 421.119 421.119 )
1239.589: I:0 (   0.000   0.000   0.000 ) T:1 ( 421.119 421.119 421.119 421.119 421.119 421.119 )
1249.592: I:0 (   0.000   0.000   0.000 ) T:1 ( 421.119 421.119 421.119 421.119 421.119 421.119 )
1259.594: I:0 (   0.000   0.000   0.000 ) T:1 ( 421.119 421.119 421.119 421.119 421.119 421.119 )
1269.593: I:0 (   0.000   0.000   0.000 ) T:1 ( 421.119 421.119 421.119 421.119 421.119 421.119 )
1279.592: I:0 (   0.000   0.000   0.000 ) T:1 ( 421.119 421.119 421.119 421.119 421.119 421.119 )
1289.593: I:0 (   0.000   0.000   0.000 ) T:1 ( 421.119 421.119 421.119 421.119 421.119 421.119 )
1299.594: I:0 (   0.000   0.000   0.000 ) T:1 ( 421.119 421.119 421.119 421.119 421.119 421.119 )
1309.597: I:0 (   0.000   0.000   0.000 ) T:1 ( 421.119 421.119 421.119 421.119 421.119 421.119 )
1319.593: I:0 (   0.000   0.000   0.000 ) T:1 ( 421.119 421.119 421.119 421.119 421.119 421.119 )
1329.592: I:0 (   0.000   0.000   0.000 ) T:1 ( 421.119 421.119 421.119 421.119 421.119 421.119 )
1339.594: I:0 (   0.000   0.000   0.000 ) T:1 ( 421.119 421.119 421.119 421.119 421.119 421.119 )
1349.595: I:0 (   0.000   0.000   0.000 ) T:1 ( 421.119 421.119 421.119 421.119 421.119 421.119 )
1359.594: I:0 (   0.000   0.000   0.000 ) T:1 ( 421.119 421.119 421.119 421.119 421.119 421.119 )
1369.592: I:0 (   0.000   0.000   0.000 ) T:1 ( 421.119 421.119 421.119 421.119 421.119 421.119 )
1379.592: I:0 (   0.000   0.000   0.000 ) T:1 ( 421.119 421.119 421.119 421.119 421.119 421.119 )
1389.596: I:0 (   0.000   0.000   0.000 ) T:1 ( 421.119 421.119 421.119 421.119 421.119 421.119 )
1399.593: I:0 (   0.000   0.000   0.000 ) T:1 ( 421.119 421.119 421.119 421.119 421.119 421.119 )
1409.593: I:0 (   0.000   0.000   0.000 ) T:1 ( 421.119 421.119 421.119 421.119 421.119 421.119 )
1419.593: I:0 (   0.000   0.000   0.000 ) T:1 ( 421.119 421.119 421.119 421.119 421.119 421.119 )
1429.595: I:0 (   0.000   0.000   0.000 ) T:1 ( 421.119 421.119 421.119 421.119 421.119 421.119 )
1439.594: I:0 (   0.000   0.000   0.000 ) T:1 ( 421.119 421.119 421.119 421.119 421.119 421.119 )
1449.592: I:0 (   0.000   0.000   0.000 ) T:1 ( 421.119 421.119 421.119 421.119 421.119 421.119 )
1459.595: I:0 (   0.000   0.000   0.000 ) T:1 ( 421.119 421.119 421.119 421.119 421.119 421.119 )
1469.594: I:0 (   0.000   0.000   0.000 ) T:1 ( 421.119 421.119 421.119 421.119 421.119 421.119 )
1479.594: I:0 (   0.000   0.000   0.000 ) T:1 ( 421.119 421.119 421.119 421.119 421.119 421.119 )
1489.587: I:0 (   0.000   0.000   0.000 ) T:1 ( 421.119 421.119 421.119 421.119 421.119 421.119 )
1499.594: I:0 (   0.000   0.000   0.000 ) T:1 ( 421.119 421.119 421.119 421.119 421.119 421.119 )
1509.594: I:0 (   0.000   0.000   0.000 ) T:1 ( 421.119 421.119 421.119 421.119 421.119 421.119 )
1519.591: I:0 (   0.000   0.000   0.000 ) T:1 ( 421.119 421.119 421.119 421.119 421.119 421.119 )
1529.594: I:0 (   0.000   0.000   0.000 ) T:1 ( 421.119 421.119 421.119 421.119 421.119 421.119 )
1539.595: I:0 (   0.000   0.000   0.000 ) T:1 ( 421.119 421.119 421.119 421.119 421.119 421.119 )
1549.591: I:0 (   0.000   0.000   0.000 ) T:1 ( 421.119 421.119 421.119 421.119 421.119 421.119 )
1559.592: I:0 (   0.000   0.000   0.000 ) T:1 ( 421.119 421.119 421.119 421.119 421.119 421.119 )
1569.586: I:0 (   0.000   0.000   0.000 ) T:1 ( 421.119 421.119 421.119 421.119 421.119 421.119 )
1579.590: I:0 (   0.000   0.000   0.000 ) T:1 ( 421.119 421.119 421.119 421.119 421.119 421.119 )
1589.595: I:0 (   0.000   0.000   0.000 ) T:1 ( 421.119 421.119 421.119 421.119 421.119 421.119 )
1599.594: I:0 (   0.000   0.000   0.000 ) T:1 ( 421.119 421.119 421.119 421.119 421.119 421.119 )
1609.594: I:0 (   0.000   0.000   0.000 ) T:1 ( 421.119 421.119 421.119 421.119 421.119 421.119 )
1619.588: I:0 (   0.000   0.000   0.000 ) T:1 ( 421.119 421.119 421.119 421.119 421.119 421.119 )
1629.593: I:0 (   0.000   0.000   0.000 ) T:1 ( 421.119 421.119 421.119 421.119 421.119 421.119 )
1639.593: I:0 (   0.000   0.000   0.000 ) T:1 ( 421.119 421.119 421.119 421.119 421.119 421.119 )
1649.594: I:0 (   0.000   0.000   0.000 ) T:1 ( 421.119 421.119 421.119 421.119 421.119 421.119 )
1659.593: I:0 (   0.000   0.000   0.000 ) T:1 ( 421.119 421.119 421.119 421.119 421.119 421.119 )
1669.590: I:0 (   0.000   0.000   0.000 ) T:1 ( 421.119 421.119 421.119 421.119 421.119 421.119 )
1679.587: I:0 (   0.000   0.000   0.000 ) T:1 ( 421.119 421.119 421.119 421.119 421.119 421.119 )
1689.594: I:0 (   0.000   0.000   0.000 ) T:1 ( 421.119 421.119 421.119 421.119 421.119 421.119 )
1699.596: I:0 (   0.000   0.000   0.000 ) T:1 ( 421.119 421.119 421.119 421.119 421.119 421.119 )
1709.593: I:0 (   0.000   0.000   0.000 ) T:1 ( 421.119 421.119 421.119 421.119 421.119 421.119 )
1719.592: I:0 (   0.000   0.000   0.000 ) T:1 ( 421.119 421.119 421.119 421.119 421.119 421.119 )
1729.589: I:0 (   0.000   0.000   0.000 ) T:1 ( 421.119 421.119 421.119 421.119 421.119 421.119 )
1739.595: I:0 (   0.000   0.000   0.000 ) T:1 ( 421.119 421.119 421.119 421.119 421.119 421.119 )
1749.592: I:0 (   0.000   0.000   0.000 ) T:1 ( 421.119 421.119 421.119 421.119 421.119 421.119 )
1759.593: I:0 (   0.000   0.000   0.000 ) T:1 ( 421.119 421.119 421.119 421.119 421.119 421.119 )
1769.592: I:0 (   0.000   0.000   0.000 ) T:1 ( 421.119 421.119 421.119 421.119 421.119 421.119 )
1779.594: I:0 (   0.000   0.000   0.000 ) T:1 ( 421.119 421.119 421.119 421.119 421.119 421.119 )
1789.594: I:0 (   0.000   0.000   0.000 ) T:1 ( 421.119 421.119 421.119 421.119 421.119 421.119 )
1799.594: I:0 (   0.000   0.000   0.000 ) T:1 ( 421.119 421.119 421.119 421.119 421.119 421.119 )
1809.591: I:0 (   0.000   0.000   0.000 ) T:1 ( 421.119 421.119 421.119 421.119 421.119 421.119 )
1819.594: I:0 (   0.000   0.000   0.000 ) T:1 ( 421.119 421.119 421.119 421.119 421.119 421.119 )
1829.587: I:0 (   0.000   0.000   0.000 ) T:1 ( 421.119 421.119 421.119 421.119 421.119 421.119 )
1839.594: I:0 (   0.000   0.000   0.000 ) T:1 ( 421.119 421.119 421.119 421.119 421.119 421.119 )
1849.592: I:0 (   0.000   0.000   0.000 ) T:1 ( 421.119 421.119 421.119 421.119 421.119 421.119 )
1859.595: I:0 (   0.000   0.000   0.000 ) T:1 ( 421.119 421.119 421.119 421.119 421.119 421.119 )
1869.594: I:0 (   0.000   0.000   0.000 ) T:1 ( 421.119 421.119 421.119 421.119 421.119 421.119 )
1879.594: I:0 (   0.000   0.000   0.000 ) T:1 ( 421.119 421.119 421.119 421.119 421.119 421.119 )
1889.594: I:0 (   0.000   0.000   0.000 ) T:1 ( 421.119 421.119 421.119 421.119 421.119 421.119 )
1899.594: I:0 (   0.000   0.000   0.000 ) T:1 ( 421.119 421.119 421.119 421.119 421.119 421.119 )
1909.593: I:0 (   0.000   0.000   0.000 ) T:1 ( 421.119 421.119 421.119 421.119 421.119 421.119 )
1919.587: I:0 (   0.000   0.000   0.000 ) T:1 ( 421.119 421.119 421.119 421.119 421.119 421.119 )
1929.592: I:0 (   0.000   0.000   0.000 ) T:1 ( 421.119 421.119 421.119 421.119 421.119 421.119 )
1939.592: I:0 (   0.000   0.000   0.000 ) T:1 ( 421.119 421.119 421.119 421.119 421.119 421.119 )
1949.591: I:0 (   0.000   0.000   0.000 ) T:1 ( 421.119 421.119 421.119 421.119 421.119 421.119 )
1959.594: I:0 (   0.000   0.000   0.000 ) T:1 ( 421.119 421.119 421.119 421.119 421.119 421.119 )
1969.588: I:0 (   0.000   0.000   0.000 ) T:1 ( 421.119 421.119 421.119 421.119 421.119 421.119 )
1979.594: I:0 (   0.000   0.000   0.000 ) T:1 ( 421.119 421.119 421.119 421.119 421.119 421.119 )
1989.593: I:0 (   0.000   0.000   0.000 ) T:1 ( 421.119 421.119 421.119 421.119 421.119 421.119 )
1999.586: I:0 (   0.000   0.000   0.000 ) T:1 ( 421.119 421.119 421.119 421.119 421.119 421.119 )
2009.592: I:0 (   0.000   0.000   0.000 ) T:1 ( 421.119 421.119 421.119 421.119 421.119 421.119 )
2019.603: I:0 (   0.000   0.000   0.000 ) T:1 ( 421.119 421.119 421.119 421.119 421.119 421.119 )
2029.588: I:0 (   0.000   0.000   0.000 ) T:1 ( 421.119 421.119 421.119 421.119 421.119 421.119 )
2039.593: I:0 (   0.000   0.000   0.000 ) T:1 ( 421.119 421.119 421.119 421.119 421.119 421.119 )
2049.593: I:0 (   0.000   0.000   0.000 ) T:1 ( 421.119 421.119 421.119 421.119 421.119 421.119 )
2059.595: I:0 (   0.000   0.000   0.000 ) T:1 ( 421.119 421.119 421.119 421.119 421.119 421.119 )
2069.598: I:0 (   0.000   0.000   0.000 ) T:1 ( 421.119 421.119 421.119 421.119 421.119 421.119 )
2079.594: I:0 (   0.000   0.000   0.000 ) T:1 ( 421.119 421.119 421.119 421.119 421.119 421.119 )
2089.595: I:0 (   0.000   0.000   0.000 ) T:1 ( 421.119 421.119 421.119 421.119 421.119 421.119 )
2099.592: I:0 (   0.000   0.000   0.000 ) T:1 ( 421.119 421.119 421.119 421.119 421.119 421.119 )
2109.592: I:0 (   0.000   0.000   0.000 ) T:1 ( 421.119 421.119 421.119 421.119 421.119 421.119 )
2119.592: I:0 (   0.000   0.000   0.000 ) T:1 ( 421.119 421.119 421.119 421.119 421.119 421.119 )
2129.592: I:0 (   0.000   0.000   0.000 ) T:1 ( 421.119 421.119 421.119 421.119 421.119 421.119 )
2139.592: I:0 (   0.000   0.000   0.000 ) T:1 ( 421.119 421.119 421.119 421.119 421.119 421.119 )
2149.592: I:0 (   0.000   0.000   0.000 ) T:1 ( 421.119 421.119 421.119 421.119 421.119 421.119 )
2159.595: I:0 (   0.000   0.000   0.000 ) T:1 ( 421.119 421.119 421.119 421.119 421.119 421.119 )
2169.594: I:0 (   0.000   0.000   0.000 ) T:1 ( 421.119 421.119 421.119 421.119 421.119 421.119 )
2179.594: I:0 (   0.000   0.000   0.000 ) T:1 ( 421.119 421.119 421.119 421.119 421.119 421.119 )
2189.593: I:0 (   0.000   0.000   0.000 ) T:1 ( 421.119 421.119 421.119 421.119 421.119 421.119 )
2199.592: I:0 (   0.000   0.000   0.000 ) T:1 ( 421.119 421.119 421.119 421.119 421.119 421.119 )
2209.592: I:0 (   0.000   0.000   0.000 ) T:1 ( 421.119 421.119 421.119 421.119 421.119 421.119 )
2219.592: I:0 (   0.000   0.000   0.000 ) T:1 ( 421.119 421.119 421.119 421.119 421.119 421.119 )
2229.589: I:0 (   0.000   0.000   0.000 ) T:1 ( 421.119 421.119 421.119 421.119 421.119 421.119 )
2239.590: I:0 (   0.000   0.000   0.000 ) T:1 ( 421.119 421.119 421.119 421.119 421.119 421.119 )
2249.593: I:0 (   0.000   0.000   0.000 ) T:1 ( 421.119 421.119 421.119 421.119 421.119 421.119 )
2259.592: I:0 (   0.000   0.000   0.000 ) T:1 ( 421.119 421.119 421.119 421.119 421.119 421.119 )
2269.608: I:0 (   0.000   0.000   0.000 ) T:1 ( 421.119 421.119 421.119 421.119 421.119 421.119 )
2279.592: I:0 (   0.000   0.000   0.000 ) T:1 ( 421.119 421.119 421.119 421.119 421.119 421.119 )
2289.595: I:0 (   0.000   0.000   0.000 ) T:1 ( 421.119 421.119 421.119 421.119 421.119 421.119 )
2299.592: I:0 (   0.000   0.000   0.000 ) T:1 ( 421.119 421.119 421.119 421.119 421.119 421.119 )
2309.592: I:0 (   0.000   0.000   0.000 ) T:1 ( 421.119 421.119 421.119 421.119 421.119 421.119 )
2319.595: I:0 (   0.000   0.000   0.000 ) T:1 ( 421.119 421.119 421.119 421.119 421.119 421.119 )
2329.594: I:0 (   0.000   0.000   0.000 ) T:1 ( 421.119 421.119 421.119 421.119 421.119 421.119 )
2339.594: I:0 (   0.000   0.000   0.000 ) T:1 ( 421.119 421.119 421.119 421.119 421.119 421.119 )
2349.594: I:0 (   0.000   0.000   0.000 ) T:1 ( 421.119 421.119 421.119 421.119 421.119 421.119 )
2359.592: I:0 (   0.000   0.000   0.000 ) T:1 ( 421.119 421.119 421.119 421.119 421.119 421.119 )
2369.592: I:0 (   0.000   0.000   0.000 ) T:1 ( 421.119 421.119 421.119 421.119 421.119 421.119 )
2379.595: I:0 (   0.000   0.000   0.000 ) T:1 ( 421.119 421.119 421.119 421.119 421.119 421.119 )
2389.594: I:0 (   0.000   0.000   0.000 ) T:1 ( 421.119 421.119 421.119 421.119 421.119 421.119 )
2399.594: I:0 (   0.000   0.000   0.000 ) T:1 ( 421.119 421.119 421.119 421.119 421.119 421.119 )
2409.592: I:0 (   0.000   0.000   0.000 ) T:1 ( 421.119 421.119 421.119 421.119 421.119 421.119 )
2419.594: I:0 (   0.000   0.000   0.000 ) T:1 ( 421.119 421.119 421.119 421.119 421.119 421.119 )
2429.593: I:0 (   0.000   0.000   0.000 ) T:1 ( 421.119 421.119 421.119 421.119 421.119 421.119 )
2439.593: I:0 (   0.000   0.000   0.000 ) T:1 ( 421.119 421.119 421.119 421.119 421.119 421.119 )
2449.593: I:0 (   0.000   0.000   0.000 ) T:1 ( 421.119 421.119 421.119 421.119 421.119 421.119 )
2459.595: I:0 (   0.000   0.000   0.000 ) T:1 ( 421.119 421.119 421.119 421.119 421.119 421.119 )
2469.594: I:0 (   0.000   0.000   0.000 ) T:1 ( 421.119 421.119 421.119 421.119 421.119 421.119 )
2479.590: I:0 (   0.000   0.000   0.000 ) T:1 ( 421.119 421.119 421.119 421.119 421.119 421.119 )
2489.589: I:0 (   0.000   0.000   0.000 ) T:1 ( 421.119 421.119 421.119 421.119 421.119 421.119 )
2499.593: I:0 (   0.000   0.000   0.000 ) T:1 ( 421.119 421.119 421.119 421.119 421.119 421.119 )
2509.594: I:0 (   0.000   0.000   0.000 ) T:1 ( 421.119 421.119 421.119 421.119 421.119 421.119 )
2519.591: I:0 (   0.000   0.000   0.000 ) T:1 ( 421.119 421.119 421.119 421.119 421.119 421.119 )
2529.593: I:0 (   0.000   0.000   0.000 ) T:1 ( 421.119 421.119 421.119 421.119 421.119 421.119 )
2539.606: I:0 (   0.000   0.000   0.000 ) T:1 ( 421.119 421.119 421.119 421.119 421.119 421.119 )
2549.593: I:0 (   0.000   0.000   0.000 ) T:1 ( 421.119 421.119 421.119 421.119 421.119 421.119 )
2559.595: I:0 (   0.000   0.000   0.000 ) T:1 ( 421.119 421.119 421.119 421.119 421.119 421.119 )
2569.588: I:0 (   0.000   0.000   0.000 ) T:1 ( 421.119 421.119 421.119 421.119 421.119 421.119 )
2579.587: I:0 (   0.000   0.000   0.000 ) T:1 ( 421.119 421.119 421.119 421.119 421.119 421.119 )
2589.593: I:0 (   0.000   0.000   0.000 ) T:1 ( 421.119 421.119 421.119 421.119 421.119 421.119 )
2599.589: I:0 (   0.000   0.000   0.000 ) T:1 ( 421.119 421.119 421.119 421.119 421.119 421.119 )
2609.588: I:0 (   0.000   0.000   0.000 ) T:1 ( 421.119 421.119 421.119 421.119 421.119 421.119 )
2619.588: I:0 (   0.000   0.000   0.000 ) T:1 ( 421.119 421.119 421.119 421.119 421.119 421.119 )
2629.591: I:0 (   0.000   0.000   0.000 ) T:1 ( 421.119 421.119 421.119 421.119 421.119 421.119 )
2639.592: I:0 (   0.000   0.000   0.000 ) T:1 ( 421.119 421.119 421.119 421.119 421.119 421.119 )
2649.594: I:0 (   0.000   0.000   0.000 ) T:1 ( 421.119 421.119 421.119 421.119 421.119 421.119 )
2659.594: I:0 (   0.000   0.000   0.000 ) T:1 ( 421.119 421.119 421.119 421.119 421.119 421.119 )
2669.594: I:0 (   0.000   0.000   0.000 ) T:1 ( 421.119 421.119 421.119 421.119 421.119 421.119 )
2679.594: I:0 (   0.000   0.000   0.000 ) T:1 ( 421.119 421.119 421.119 421.119 421.119 421.119 )
2689.588: I:0 (   0.000   0.000   0.000 ) T:1 ( 421.119 421.119 421.119 421.119 421.119 421.119 )
2699.596: I:0 (   0.000   0.000   0.000 ) T:1 ( 421.119 421.119 421.119 421.119 421.119 421.119 )
2709.592: I:0 (   0.000   0.000   0.000 ) T:1 ( 421.119 421.119 421.119 421.119 421.119 421.119 )
2719.586: I:0 (   0.000   0.000   0.000 ) T:1 ( 421.119 421.119 421.119 421.119 421.119 421.119 )
2729.594: I:0 (   0.000   0.000   0.000 ) T:1 ( 421.119 421.119 421.119 421.119 421.119 421.119 )
2739.594: I:0 (   0.000   0.000   0.000 ) T:1 ( 421.119 421.119 421.119 421.119 421.119 421.119 )
2749.593: I:0 (   0.000   0.000   0.000 ) T:1 ( 421.119 421.119 421.119 421.119 421.119 421.119 )
2759.593: I:0 (   0.000   0.000   0.000 ) T:1 ( 421.119 421.119 421.119 421.119 421.119 421.119 )
2769.591: I:0 (   0.000   0.000   0.000 ) T:1 ( 421.119 421.119 421.119 421.119 421.119 421.119 )
2779.594: I:0 (   0.000   0.000   0.000 ) T:1 ( 421.119 421.119 421.119 421.119 421.119 421.119 )
2789.593: I:0 (   0.000   0.000   0.000 ) T:1 ( 421.119 421.119 421.119 421.119 421.119 421.119 )
2799.595: I:0 (   0.000   0.000   0.000 ) T:1 ( 421.119 421.119 421.119 421.119 421.119 421.119 )
2809.592: I:0 (   0.000   0.000   0.000 ) T:1 ( 421.119 421.119 421.119 421.119 421.119 421.119 )
2819.592: I:0 (   0.000   0.000   0.000 ) T:1 ( 421.119 421.119 421.119 421.119 421.119 421.119 )
2829.590: I:0 (   0.000   0.000   0.000 ) T:1 ( 421.119 421.119 421.119 421.119 421.119 421.119 )
2839.592: I:0 (   0.000   0.000   0.000 ) T:1 ( 421.119 421.119 421.119 421.119 421.119 421.119 )
2849.589: I:0 (   0.000   0.000   0.000 ) T:1 ( 421.119 421.119 421.119 421.119 421.119 421.119 )
2859.592: I:0 (   0.000   0.000   0.000 ) T:1 ( 421.119 421.119 421.119 421.119 421.119 421.119 )
2869.592: I:0 (   0.000   0.000   0.000 ) T:1 ( 421.119 421.119 421.119 421.119 421.119 421.119 )
2879.592: I:0 (   0.000   0.000   0.000 ) T:1 ( 421.119 421.119 421.119 421.119 421.119 421.119 )
2889.594: I:0 (   0.000   0.000   0.000 ) T:1 ( 421.119 421.119 421.119 421.119 421.119 421.119 )
2899.594: I:0 (   0.000   0.000   0.000 ) T:1 ( 421.119 421.119 421.119 421.119 421.119 421.119 )
2909.592: I:0 (   0.000   0.000   0.000 ) T:1 ( 421.119 421.119 421.119 421.119 421.119 421.119 )
2919.594: I:0 (   0.000   0.000   0.000 ) T:1 ( 421.119 421.119 421.119 421.119 421.119 421.119 )
2929.593: I:0 (   0.000   0.000   0.000 ) T:1 ( 421.119 421.119 421.119 421.119 421.119 421.119 )
2939.592: I:0 (   0.000   0.000   0.000 ) T:1 ( 421.119 421.119 421.119 421.119 421.119 421.119 )
2949.594: I:0 (   0.000   0.000   0.000 ) T:1 ( 421.119 421.119 421.119 421.119 421.119 421.119 )
2959.595: I:0 (   0.000   0.000   0.000 ) T:1 ( 421.119 421.119 421.119 421.119 421.119 421.119 )
2969.594: I:0 (   0.000   0.000   0.000 ) T:1 ( 421.119 421.119 421.119 421.119 421.119 421.119 )
2979.594: I:0 (   0.000   0.000   0.000 ) T:1 ( 421.119 421.119 421.119 421.119 421.119 421.119 )
2989.594: I:0 (   0.000   0.000   0.000 ) T:1 ( 421.119 421.119 421.119 421.119 421.119 421.119 )
2999.594: I:0 (   0.000   0.000   0.000 ) T:1 ( 421.119 421.119 421.119 421.119 421.119 421.119 )
3009.594: I:0 (   0.000   0.000   0.000 ) T:1 ( 421.119 421.119 421.119 421.119 421.119 421.119 )
3019.593: I:0 (   0.000   0.000   0.000 ) T:1 ( 421.119 421.119 421.119 421.119 421.119 421.119 )
3029.592: I:0 (   0.000   0.000   0.000 ) T:1 ( 421.119 421.119 421.119 421.119 421.119 421.119 )
3039.593: I:0 (   0.000   0.000   0.000 ) T:1 ( 421.119 421.119 421.119 421.119 421.119 421.119 )
3049.592: I:0 (   0.000   0.000   0.000 ) T:1 ( 421.119 421.119 421.119 421.119 421.119 421.119 )
3059.595: I:0 (   0.000   0.000   0.000 ) T:1 ( 421.119 421.119 421.119 421.119 421.119 421.119 )
3069.592: I:0 (   0.000   0.000   0.000 ) T:1 ( 421.119 421.119 421.119 421.119 421.119 421.119 )
3079.595: I:0 (   0.000   0.000   0.000 ) T:1 ( 421.119 421.119 421.119 421.119 421.119 421.119 )
3089.595: I:0 (   0.000   0.000   0.000 ) T:1 ( 421.119 421.119 421.119 421.119 421.119 421.119 )
3099.594: I:0 (   0.000   0.000   0.000 ) T:1 ( 421.119 421.119 421.119 421.119 421.119 421.119 )
3109.592: I:0 (   0.000   0.000   0.000 ) T:1 ( 421.119 421.119 421.119 421.119 421.119 421.119 )
3119.589: I:0 (   0.000   0.000   0.000 ) T:1 ( 421.119 421.119 421.119 421.119 421.119 421.119 )
3129.592: I:0 (   0.000   0.000   0.000 ) T:1 ( 421.119 421.119 421.119 421.119 421.119 421.119 )
3139.593: I:0 (   0.000   0.000   0.000 ) T:1 ( 421.119 421.119 421.119 421.119 421.119 421.119 )
3149.596: I:0 (   0.000   0.000   0.000 ) T:1 ( 421.119 421.119 421.119 421.119 421.119 421.119 )
3159.593: I:0 (   0.000   0.000   0.000 ) T:1 ( 421.119 421.119 421.119 421.119 421.119 421.119 )
3169.594: I:0 (   0.000   0.000   0.000 ) T:1 ( 421.119 421.119 421.119 421.119 421.119 421.119 )
3179.595: I:0 (   0.000   0.000   0.000 ) T:1 ( 421.119 421.119 421.119 421.119 421.119 421.119 )
3189.596: I:0 (   0.000   0.000   0.000 ) T:1 ( 421.119 421.119 421.119 421.119 421.119 421.119 )
3199.588: I:0 (   0.000   0.000   0.000 ) T:1 ( 421.119 421.119 421.119 421.119 421.119 421.119 )
3209.594: I:0 (   0.000   0.000   0.000 ) T:1 ( 421.119 421.119 421.119 421.119 421.119 421.119 )
3219.594: I:0 (   0.000   0.000   0.000 ) T:1 ( 421.119 421.119 421.119 421.119 421.119 421.119 )
3229.594: I:0 (   0.000   0.000   0.000 ) T:1 ( 421.119 421.119 421.119 421.119 421.119 421.119 )
3239.594: I:0 (   0.000   0.000   0.000 ) T:1 ( 421.119 421.119 421.119 421.119 421.119 421.119 )
3249.594: I:0 (   0.000   0.000   0.000 ) T:1 ( 421.119 421.119 421.119 421.119 421.119 421.119 )
3259.594: I:0 (   0.000   0.000   0.000 ) T:1 ( 421.119 421.119 421.119 421.119 421.119 421.119 )
3269.592: I:0 (   0.000   0.000   0.000 ) T:1 ( 421.119 421.119 421.119 421.119 421.119 421.119 )
3279.594: I:0 (   0.000   0.000   0.000 ) T:1 ( 421.119 421.119 421.119 421.119 421.119 421.119 )
3289.592: I:0 (   0.000   0.000   0.000 ) T:1 ( 421.119 421.119 421.119 421.119 421.119 421.119 )
3299.592: I:0 (   0.000   0.000   0.000 ) T:1 ( 421.119 421.119 421.119 421.119 421.119 421.119 )
3309.592: I:0 (   0.000   0.000   0.000 ) T:1 ( 421.119 421.119 421.119 421.119 421.119 421.119 )
3319.594: I:0 (   0.000   0.000   0.000 ) T:1 ( 421.119 421.119 421.119 421.119 421.119 421.119 )
3329.595: I:0 (   0.000   0.000   0.000 ) T:1 ( 421.119 421.119 421.119 421.119 421.119 421.119 )
3339.592: I:0 (   0.000   0.000   0.000 ) T:1 ( 421.119 421.119 421.119 421.119 421.119 421.119 )
3349.592: I:0 (   0.000   0.000   0.000 ) T:1 ( 421.119 421.119 421.119 421.119 421.119 421.119 )
3359.595: I:0 (   0.000   0.000   0.000 ) T:1 ( 421.119 421.119 421.119 421.119 421.119 421.119 )
3369.596: I:0 (   0.000   0.000   0.000 ) T:1 ( 421.119 421.119 421.119 421.119 421.119 421.119 )
3379.593: I:0 (   0.000   0.000   0.000 ) T:1 ( 421.119 421.119 421.119 421.119 421.119 421.119 )
3389.587: I:0 (   0.000   0.000   0.000 ) T:1 ( 421.119 421.119 421.119 421.119 421.119 421.119 )
3399.593: I:0 (   0.000   0.000   0.000 ) T:1 ( 421.119 421.119 421.119 421.119 421.119 421.119 )
3409.592: I:0 (   0.000   0.000   0.000 ) T:1 ( 421.119 421.119 421.119 421.119 421.119 421.119 )
3419.592: I:0 (   0.000   0.000   0.000 ) T:1 ( 421.119 421.119 421.119 421.119 421.119 421.119 )
3429.593: I:0 (   0.000   0.000   0.000 ) T:1 ( 421.119 421.119 421.119 421.119 421.119 421.119 )
3439.593: I:0 (   0.000   0.000   0.000 ) T:1 ( 421.119 421.119 421.119 421.119 421.119 421.119 )
3449.592: I:0 (   0.000   0.000   0.000 ) T:1 ( 421.119 421.119 421.119 421.119 421.119 421.119 )
3459.591: I:0 (   0.000   0.000   0.000 ) T:1 ( 421.119 421.119 421.119 421.119 421.119 421.119 )
3469.591: I:0 (   0.000   0.000   0.000 ) T:1 ( 421.119 421.119 421.119 421.119 421.119 421.119 )
3479.594: I:0 (   0.000   0.000   0.000 ) T:1 ( 421.119 421.119 421.119 421.119 421.119 421.119 )
3489.588: I:0 (   0.000   0.000   0.000 ) T:1 ( 421.119 421.119 421.119 421.119 421.119 421.119 )
3499.591: I:0 (   0.000   0.000   0.000 ) T:1 ( 421.119 421.119 421.119 421.119 421.119 421.119 )
3509.590: I:0 (   0.000   0.000   0.000 ) T:1 ( 421.119 421.119 421.119 421.119 421.119 421.119 )
3519.592: I:0 (   0.000   0.000   0.000 ) T:1 ( 421.119 421.119 421.119 421.119 421.119 421.119 )
3529.592: I:0 (   0.000   0.000   0.000 ) T:1 ( 421.119 421.119 421.119 421.119 421.119 421.119 )
3539.594: I:0 (   0.000   0.000   0.000 ) T:1 ( 421.119 421.119 421.119 421.119 421.119 421.119 )
3549.594: I:0 (   0.000   0.000   0.000 ) T:1 ( 421.119 421.119 421.119 421.119 421.119 421.119 )
3559.591: I:0 (   0.000   0.000   0.000 ) T:1 ( 421.119 421.119 421.119 421.119 421.119 421.119 )
3569.588: I:0 (   0.000   0.000   0.000 ) T:1 ( 421.119 421.119 421.119 421.119 421.119 421.119 )
3579.592: I:0 (   0.000   0.000   0.000 ) T:1 ( 421.119 421.119 421.119 421.119 421.119 421.119 )
3589.592: I:0 (   0.000   0.000   0.000 ) T:1 ( 421.119 421.119 421.119 421.119 421.119 421.119 )
3599.593: I:0 (   0.000   0.000   0.000 ) T:1 ( 421.119 421.119 421.119 421.119 421.119 421.119 )
3609.593: I:0 (   0.000   0.000   0.000 ) T:1 ( 421.119 421.119 421.119 421.119 421.119 421.119 )
3619.592: I:0 (   0.000   0.000   0.000 ) T:1 ( 421.119 421.119 421.119 421.119 421.119 421.119 )
3629.592: I:0 (   0.000   0.000   0.000 ) T:1 ( 421.119 421.119 421.119 421.119 421.119 421.119 )
3639.592: I:0 (   0.000   0.000   0.000 ) T:1 ( 421.119 421.119 421.119 421.119 421.119 421.119 )
3649.592: I:0 (   0.000   0.000   0.000 ) T:1 ( 421.119 421.119 421.119 421.119 421.119 421.119 )
3659.594: I:0 (   0.000   0.000   0.000 ) T:1 ( 421.119 421.119 421.119 421.119 421.119 421.119 )
3669.591: I:0 (   0.000   0.000   0.000 ) T:1 ( 421.119 421.119 421.119 421.119 421.119 421.119 )
3679.593: I:0 (   0.000   0.000   0.000 ) T:1 ( 421.119 421.119 421.119 421.119 421.119 421.119 )
3689.596: I:0 (   0.000   0.000   0.000 ) T:1 ( 421.119 421.119 421.119 421.119 421.119 421.119 )
3699.593: I:0 (   0.000   0.000   0.000 ) T:1 ( 421.119 421.119 421.119 421.119 421.119 421.119 )
3709.588: I:0 (   0.000   0.000   0.000 ) T:1 ( 421.119 421.119 421.119 421.119 421.119 421.119 )
3719.594: I:0 (   0.000   0.000   0.000 ) T:1 ( 421.119 421.119 421.119 421.119 421.119 421.119 )
3729.591: I:0 (   0.000   0.000   0.000 ) T:1 ( 421.119 421.119 421.119 421.119 421.119 421.119 )
3739.592: I:0 (   0.000   0.000   0.000 ) T:1 ( 421.119 421.119 421.119 421.119 421.119 421.119 )
3749.591: I:0 (   0.000   0.000   0.000 ) T:1 ( 421.119 421.119 421.119 421.119 421.119 421.119 )
3759.595: I:0 (   0.000   0.000   0.000 ) T:1 ( 421.119 421.119 421.119 421.119 421.119 421.119 )
3769.592: I:0 (   0.000   0.000   0.000 ) T:1 ( 421.119 421.119 421.119 421.119 421.119 421.119 )
3779.595: I:0 (   0.000   0.000   0.000 ) T:1 ( 421.119 421.119 421.119 421.119 421.119 421.119 )
3789.591: I:0 (   0.000   0.000   0.000 ) T:1 ( 421.119 421.119 421.119 421.119 421.119 421.119 )
3799.595: I:0 (   0.000   0.000   0.000 ) T:1 ( 421.119 421.119 421.119 421.119 421.119 421.119 )
3809.587: I:0 (   0.000   0.000   0.000 ) T:1 ( 421.119 421.119 421.119 421.119 421.119 421.119 )
3819.594: I:0 (   0.000   0.000   0.000 ) T:1 ( 421.119 421.119 421.119 421.119 421.119 421.119 )
3829.592: I:0 (   0.000   0.000   0.000 ) T:1 ( 421.119 421.119 421.119 421.119 421.119 421.119 )
3839.593: I:0 (   0.000   0.000   0.000 ) T:1 ( 421.119 421.119 421.119 421.119 421.119 421.119 )
3849.591: I:0 (   0.000   0.000   0.000 ) T:1 ( 421.119 421.119 421.119 421.119 421.119 421.119 )
3859.597: I:0 (   0.000   0.000   0.000 ) T:1 ( 421.119 421.119 421.119 421.119 421.119 421.119 )
3869.593: I:0 (   0.000   0.000   0.000 ) T:1 ( 421.119 421.119 421.119 421.119 421.119 421.119 )
3879.592: I:0 (   0.000   0.000   0.000 ) T:1 ( 421.119 421.119 421.119 421.119 421.119 421.119 )
3889.594: I:0 (   0.000   0.000   0.000 ) T:1 ( 421.119 421.119 421.119 421.119 421.119 421.119 )
3899.593: I:0 (   0.000   0.000   0.000 ) T:1 ( 421.119 421.119 421.119 421.119 421.119 421.119 )
3909.590: I:0 (   0.000   0.000   0.000 ) T:1 ( 421.119 421.119 421.119 421.119 421.119 421.119 )
3919.591: I:0 (   0.000   0.000   0.000 ) T:1 ( 421.119 421.119 421.119 421.119 421.119 421.119 )
3929.593: I:0 (   0.000   0.000   0.000 ) T:1 ( 421.119 421.119 421.119 421.119 421.119 421.119 )
3939.586: I:0 (   0.000   0.000   0.000 ) T:1 ( 421.119 421.119 421.119 421.119 421.119 421.119 )
3949.592: I:0 (   0.000   0.000   0.000 ) T:1 ( 421.119 421.119 421.119 421.119 421.119 421.119 )
3959.595: I:0 (   0.000   0.000   0.000 ) T:1 ( 421.119 421.119 421.119 421.119 421.119 421.119 )
3969.595: I:0 (   0.000   0.000   0.000 ) T:1 ( 421.119 421.119 421.119 421.119 421.119 421.119 )
3979.592: I:0 (   0.000   0.000   0.000 ) T:1 ( 421.119 421.119 421.119 421.119 421.119 421.119 )
3989.592: I:0 (   0.000   0.000   0.000 ) T:1 ( 421.119 421.119 421.119 421.119 421.119 421.119 )
3999.594: I:0 (   0.000   0.000   0.000 ) T:1 ( 421.119 421.119 421.119 421.119 421.119 421.119 )
4009.594: I:0 (   0.000   0.000   0.000 ) T:1 ( 421.119 421.119 421.119 421.119 421.119 421.119 )
4019.594: I:0 (   0.000   0.000   0.000 ) T:1 ( 421.119 421.119 421.119 421.119 421.119 421.119 )
4029.593: I:0 (   0.000   0.000   0.000 ) T:1 ( 421.119 421.119 421.119 421.119 421.119 421.119 )
4039.592: I:0 (   0.000   0.000   0.000 ) T:1 ( 421.119 421.119 421.119 421.119 421.119 421.119 )
4049.593: I:0 (   0.000   0.000   0.000 ) T:1 ( 421.119 421.119 421.119 421.119 421.119 421.119 )
4059.594: I:0 (   0.000   0.000   0.000 ) T:1 ( 421.119 421.119 421.119 421.119 421.119 421.119 )
4069.590: I:0 (   0.000   0.000   0.000 ) T:1 ( 421.119 421.119 421.119 421.119 421.119 421.119 )
4079.593: I:0 (   0.000   0.000   0.000 ) T:1 ( 421.119 421.119 421.119 421.119 421.119 421.119 )
4089.594: I:0 (   0.000   0.000   0.000 ) T:1 ( 421.119 421.119 421.119 421.119 421.119 421.119 )
4099.597: I:0 (   0.000   0.000   0.000 ) T:1 ( 421.119 421.119 421.119 421.119 421.119 421.119 )
4109.593: I:0 (   0.000   0.000   0.000 ) T:1 ( 421.119 421.119 421.119 421.119 421.119 421.119 )
4119.594: I:0 (   0.000   0.000   0.000 ) T:1 ( 421.119 421.119 421.119 421.119 421.119 421.119 )
4129.591: I:0 (   0.000   0.000   0.000 ) T:1 ( 421.119 421.119 421.119 421.119 421.119 421.119 )
4139.597: I:0 (   0.000   0.000   0.000 ) T:1 ( 421.119 421.119 421.119 421.119 421.119 421.119 )
4149.593: I:0 (   0.000   0.000   0.000 ) T:1 ( 421.119 421.119 421.119 421.119 421.119 421.119 )
4159.594: I:0 (   0.000   0.000   0.000 ) T:1 ( 421.119 421.119 421.119 421.119 421.119 421.119 )
4169.594: I:0 (   0.000   0.000   0.000 ) T:1 ( 421.119 421.119 421.119 421.119 421.119 421.119 )
4179.594: I:0 (   0.000   0.000   0.000 ) T:1 ( 421.119 421.119 421.119 421.119 421.119 421.119 )
4189.595: I:0 (   0.000   0.000   0.000 ) T:1 ( 421.119 421.119 421.119 421.119 421.119 421.119 )
4199.595: I:0 (   0.000   0.000   0.000 ) T:1 ( 421.119 421.119 421.119 421.119 421.119 421.119 )
4209.595: I:0 (   0.000   0.000   0.000 ) T:1 ( 421.119 421.119 421.119 421.119 421.119 421.119 )
4219.594: I:0 (   0.000   0.000   0.000 ) T:1 ( 421.119 421.119 421.119 421.119 421.119 421.119 )
4229.594: I:0 (   0.000   0.000   0.000 ) T:1 ( 421.119 421.119 421.119 421.119 421.119 421.119 )
4239.594: I:0 (   0.000   0.000   0.000 ) T:1 ( 421.119 421.119 421.119 421.119 421.119 421.119 )
4249.590: I:0 (   0.000   0.000   0.000 ) T:1 ( 421.119 421.119 421.119 421.119 421.119 421.119 )
4259.586: I:0 (   0.000   0.000   0.000 ) T:1 ( 421.119 421.119 421.119 421.119 421.119 421.119 )
4269.592: I:0 (   0.000   0.000   0.000 ) T:1 ( 421.119 421.119 421.119 421.119 421.119 421.119 )
4279.593: I:0 (   0.000   0.000   0.000 ) T:1 ( 421.119 421.119 421.119 421.119 421.119 421.119 )
4289.593: I:0 (   0.000   0.000   0.000 ) T:1 ( 421.119 421.119 421.119 421.119 421.119 421.119 )
4299.596: I:0 (   0.000   0.000   0.000 ) T:1 ( 421.119 421.119 421.119 421.119 421.119 421.119 )
4309.590: I:0 (   0.000   0.000   0.000 ) T:1 ( 421.119 421.119 421.119 421.119 421.119 421.119 )
4319.595: I:0 (   0.000   0.000   0.000 ) T:1 ( 421.119 421.119 421.119 421.119 421.119 421.119 )
4329.595: I:0 (   0.000   0.000   0.000 ) T:1 ( 421.119 421.119 421.119 421.119 421.119 421.119 )
4339.594: I:0 (   0.000   0.000   0.000 ) T:1 ( 421.119 421.119 421.119 421.119 421.119 421.119 )
4349.595: I:0 (   0.000   0.000   0.000 ) T:1 ( 421.119 421.119 421.119 421.119 421.119 421.119 )
4359.594: I:0 (   0.000   0.000   0.000 ) T:1 ( 421.119 421.119 421.119 421.119 421.119 421.119 )
4369.595: I:0 (   0.000   0.000   0.000 ) T:1 ( 421.119 421.119 421.119 421.119 421.119 421.119 )
4379.594: I:0 (   0.000   0.000   0.000 ) T:1 ( 421.119 421.119 421.119 421.119 421.119 421.119 )
4389.592: I:0 (   0.000   0.000   0.000 ) T:1 ( 421.119 421.119 421.119 421.119 421.119 421.119 )
4399.595: I:0 (   0.000   0.000   0.000 ) T:1 ( 421.119 421.119 421.119 421.119 421.119 421.119 )
4409.594: I:0 (   0.000   0.000   0.000 ) T:1 ( 421.119 421.119 421.119 421.119 421.119 421.119 )
4419.596: I:0 (   0.000   0.000   0.000 ) T:1 ( 421.119 421.119 421.119 421.119 421.119 421.119 )
4429.592: I:0 (   0.000   0.000   0.000 ) T:1 ( 421.119 421.119 421.119 421.119 421.119 421.119 )
4439.595: I:0 (   0.000   0.000   0.000 ) T:1 ( 421.119 421.119 421.119 421.119 421.119 421.119 )
4449.588: I:0 (   0.000   0.000   0.000 ) T:1 ( 421.119 421.119 421.119 421.119 421.119 421.119 )
4459.594: I:0 (   0.000   0.000   0.000 ) T:1 ( 421.119 421.119 421.119 421.119 421.119 421.119 )
4469.587: I:0 (   0.000   0.000   0.000 ) T:1 ( 421.119 421.119 421.119 421.119 421.119 421.119 )
4479.587: I:0 (   0.000   0.000   0.000 ) T:1 ( 421.119 421.119 421.119 421.119 421.119 421.119 )
4489.595: I:0 (   0.000   0.000   0.000 ) T:1 ( 421.119 421.119 421.119 421.119 421.119 421.119 )
4499.594: I:0 (   0.000   0.000   0.000 ) T:1 ( 421.119 421.119 421.119 421.119 421.119 421.119 )
4509.594: I:0 (   0.000   0.000   0.000 ) T:1 ( 421.119 421.119 421.119 421.119 421.119 421.119 )
4519.587: I:0 (   0.000   0.000   0.000 ) T:1 ( 421.119 421.119 421.119 421.119 421.119 421.119 )
4529.590: I:0 (   0.000   0.000   0.000 ) T:1 ( 421.119 421.119 421.119 421.119 421.119 421.119 )
4539.588: I:0 (   0.000   0.000   0.000 ) T:1 ( 421.119 421.119 421.119 421.119 421.119 421.119 )
4549.591: I:0 (   0.000   0.000   0.000 ) T:1 ( 421.119 421.119 421.119 421.119 421.119 421.119 )
4559.595: I:0 (   0.000   0.000   0.000 ) T:1 ( 421.119 421.119 421.119 421.119 421.119 421.119 )
4569.588: I:0 (   0.000   0.000   0.000 ) T:1 ( 421.119 421.119 421.119 421.119 421.119 421.119 )
4579.593: I:0 (   0.000   0.000   0.000 ) T:1 ( 421.119 421.119 421.119 421.119 421.119 421.119 )
4589.592: I:0 (   0.000   0.000   0.000 ) T:1 ( 421.119 421.119 421.119 421.119 421.119 421.119 )
4599.595: I:0 (   0.000   0.000   0.000 ) T:1 ( 421.119 421.119 421.119 421.119 421.119 421.119 )
4609.591: I:0 (   0.000   0.000   0.000 ) T:1 ( 421.119 421.119 421.119 421.119 421.119 421.119 )
4619.593: I:0 (   0.000   0.000   0.000 ) T:1 ( 421.119 421.119 421.119 421.119 421.119 421.119 )
4629.592: I:0 (   0.000   0.000   0.000 ) T:1 ( 421.119 421.119 421.119 421.119 421.119 421.119 )
4639.592: I:0 (   0.000   0.000   0.000 ) T:1 ( 421.119 421.119 421.119 421.119 421.119 421.119 )
4649.592: I:0 (   0.000   0.000   0.000 ) T:1 ( 421.119 421.119 421.119 421.119 421.119 421.119 )
4659.594: I:0 (   0.000   0.000   0.000 ) T:1 ( 421.119 421.119 421.119 421.119 421.119 421.119 )
4669.588: I:0 (   0.000   0.000   0.000 ) T:1 ( 421.119 421.119 421.119 421.119 421.119 421.119 )
4679.596: I:0 (   0.000   0.000   0.000 ) T:1 ( 421.119 421.119 421.119 421.119 421.119 421.119 )
4689.593: I:0 (   0.000   0.000   0.000 ) T:1 ( 421.119 421.119 421.119 421.119 421.119 421.119 )
4699.593: I:0 (   0.000   0.000   0.000 ) T:1 ( 421.119 421.119 421.119 421.119 421.119 421.119 )
4709.593: I:0 (   0.000   0.000   0.000 ) T:1 ( 421.119 421.119 421.119 421.119 421.119 421.119 )
4719.596: I:0 (   0.000   0.000   0.000 ) T:1 ( 421.119 421.119 421.119 421.119 421.119 421.119 )
4729.588: I:0 (   0.000   0.000   0.000 ) T:1 ( 421.119 421.119 421.119 421.119 421.119 421.119 )
4739.591: I:0 (   0.000   0.000   0.000 ) T:1 ( 421.119 421.119 421.119 421.119 421.119 421.119 )
4749.591: I:0 (   0.000   0.000   0.000 ) T:1 ( 421.119 421.119 421.119 421.119 421.119 421.119 )
4759.596: I:0 (   0.000   0.000   0.000 ) T:1 ( 421.119 421.119 421.119 421.119 421.119 421.119 )
4769.592: I:0 (   0.000   0.000   0.000 ) T:1 ( 421.119 421.119 421.119 421.119 421.119 421.119 )
4779.594: I:0 (   0.000   0.000   0.000 ) T:1 ( 421.119 421.119 421.119 421.119 421.119 421.119 )
4789.592: I:0 (   0.000   0.000   0.000 ) T:1 ( 421.119 421.119 421.119 421.119 421.119 421.119 )
4799.595: I:0 (   0.000   0.000   0.000 ) T:1 ( 421.119 421.119 421.119 421.119 421.119 421.119 )
4809.592: I:0 (   0.000   0.000   0.000 ) T:1 ( 421.119 421.119 421.119 421.119 421.119 421.119 )
4819.594: I:0 (   0.000   0.000   0.000 ) T:1 ( 421.119 421.119 421.119 421.119 421.119 421.119 )
4829.588: I:0 (   0.000   0.000   0.000 ) T:1 ( 421.119 421.119 421.119 421.119 421.119 421.119 )
4839.593: I:0 (   0.000   0.000   0.000 ) T:1 ( 421.119 421.119 421.119 421.119 421.119 421.119 )
4849.593: I:0 (   0.000   0.000   0.000 ) T:1 ( 421.119 421.119 421.119 421.119 421.119 421.119 )
4859.595: I:0 (   0.000   0.000   0.000 ) T:1 ( 421.119 421.119 421.119 421.119 421.119 421.119 )
4869.595: I:0 (   0.000   0.000   0.000 ) T:1 ( 421.119 421.119 421.119 421.119 421.119 421.119 )
4879.592: I:0 (   0.000   0.000   0.000 ) T:1 ( 421.119 421.119 421.119 421.119 421.119 421.119 )
4889.592: I:0 (   0.000   0.000   0.000 ) T:1 ( 421.119 421.119 421.119 421.119 421.119 421.119 )
4899.593: I:0 (   0.000   0.000   0.000 ) T:1 ( 421.119 421.119 421.119 421.119 421.119 421.119 )
4909.588: I:0 (   0.000   0.000   0.000 ) T:1 ( 421.119 421.119 421.119 421.119 421.119 421.119 )
4919.595: I:0 (   0.000   0.000   0.000 ) T:1 ( 421.119 421.119 421.119 421.119 421.119 421.119 )
4929.594: I:0 (   0.000   0.000   0.000 ) T:1 ( 421.119 421.119 421.119 421.119 421.119 421.119 )
4939.589: I:0 (   0.000   0.000   0.000 ) T:1 ( 421.119 421.119 421.119 421.119 421.119 421.119 )
4949.592: I:0 (   0.000   0.000   0.000 ) T:1 ( 421.119 421.119 421.119 421.119 421.119 421.119 )
4959.593: I:0 (   0.000   0.000   0.000 ) T:1 ( 421.119 421.119 421.119 421.119 421.119 421.119 )
4969.594: I:0 (   0.000   0.000   0.000 ) T:1 ( 421.119 421.119 421.119 421.119 421.119 421.119 )
4979.595: I:0 (   0.000   0.000   0.000 ) T:1 ( 421.119 421.119 421.119 421.119 421.119 421.119 )
4989.594: I:0 (   0.000   0.000   0.000 ) T:1 ( 421.119 421.119 421.119 421.119 421.119 421.119 )
4999.595: I:0 (   0.000   0.000   0.000 ) T:1 ( 421.119 421.119 421.119 421.119 421.119 421.119 )
5009.592: I:0 (   0.000   0.000   0.000 ) T:1 ( 421.119 421.119 421.119 421.119 421.119 421.119 )
5019.594: I:0 (   0.000   0.000   0.000 ) T:1 ( 421.119 421.119 421.119 421.119 421.119 421.119 )
5029.594: I:0 (   0.000   0.000   0.000 ) T:1 ( 421.119 421.119 421.119 421.119 421.119 421.119 )
5039.594: I:0 (   0.000   0.000   0.000 ) T:1 ( 421.119 421.119 421.119 421.119 421.119 421.119 )
5049.594: I:0 (   0.000   0.000   0.000 ) T:1 ( 421.119 421.119 421.119 421.119 421.119 421.119 )
5059.594: I:0 (   0.000   0.000   0.000 ) T:1 ( 421.119 421.119 421.119 421.119 421.119 421.119 )
5069.595: I:0 (   0.000   0.000   0.000 ) T:1 ( 421.119 421.119 421.119 421.119 421.119 421.119 )
5079.594: I:0 (   0.000   0.000   0.000 ) T:1 ( 421.119 421.119 421.119 421.119 421.119 421.119 )
5089.594: I:0 (   0.000   0.000   0.000 ) T:1 ( 421.119 421.119 421.119 421.119 421.119 421.119 )
5099.595: I:0 (   0.000   0.000   0.000 ) T:1 ( 421.119 421.119 421.119 421.119 421.119 421.119 )
5109.594: I:0 (   0.000   0.000   0.000 ) T:1 ( 421.119 421.119 421.119 421.119 421.119 421.119 )
5119.588: I:0 (   0.000   0.000   0.000 ) T:1 ( 421.119 421.119 421.119 421.119 421.119 421.119 )
5129.590: I:0 (   0.000   0.000   0.000 ) T:1 ( 421.119 421.119 421.119 421.119 421.119 421.119 )
5139.587: I:0 (   0.000   0.000   0.000 ) T:1 ( 421.119 421.119 421.119 421.119 421.119 421.119 )
5149.594: I:0 (   0.000   0.000   0.000 ) T:1 ( 421.119 421.119 421.119 421.119 421.119 421.119 )
5159.588: I:0 (   0.000   0.000   0.000 ) T:1 ( 421.119 421.119 421.119 421.119 421.119 421.119 )
5169.594: I:0 (   0.000   0.000   0.000 ) T:1 ( 421.119 421.119 421.119 421.119 421.119 421.119 )
5179.594: I:0 (   0.000   0.000   0.000 ) T:1 ( 421.119 421.119 421.119 421.119 421.119 421.119 )
5189.593: I:0 (   0.000   0.000   0.000 ) T:1 ( 421.119 421.119 421.119 421.119 421.119 421.119 )
5199.592: I:0 (   0.000   0.000   0.000 ) T:1 ( 421.119 421.119 421.119 421.119 421.119 421.119 )
5209.593: I:0 (   0.000   0.000   0.000 ) T:1 ( 421.119 421.119 421.119 421.119 421.119 421.119 )
5219.594: I:0 (   0.000   0.000   0.000 ) T:1 ( 421.119 421.119 421.119 421.119 421.119 421.119 )
5229.592: I:0 (   0.000   0.000   0.000 ) T:1 ( 421.119 421.119 421.119 421.119 421.119 421.119 )
5239.592: I:0 (   0.000   0.000   0.000 ) T:1 ( 421.119 421.119 421.119 421.119 421.119 421.119 )
5249.593: I:0 (   0.000   0.000   0.000 ) T:1 ( 421.119 421.119 421.119 421.119 421.119 421.119 )
5259.594: I:0 (   0.000   0.000   0.000 ) T:1 ( 421.119 421.119 421.119 421.119 421.119 421.119 )
5269.594: I:0 (   0.000   0.000   0.000 ) T:1 ( 421.119 421.119 421.119 421.119 421.119 421.119 )
5279.594: I:0 (   0.000   0.000   0.000 ) T:1 ( 421.119 421.119 421.119 421.119 421.119 421.119 )
5289.593: I:0 (   0.000   0.000   0.000 ) T:1 ( 421.119 421.119 421.119 421.119 421.119 421.119 )
5299.586: I:0 (   0.000   0.000   0.000 ) T:1 ( 421.119 421.119 421.119 421.119 421.119 421.119 )
5309.592: I:0 (   0.000   0.000   0.000 ) T:1 ( 421.119 421.119 421.119 421.119 421.119 421.119 )
5319.593: I:0 (   0.000   0.000   0.000 ) T:1 ( 421.119 421.119 421.119 421.119 421.119 421.119 )
5329.594: I:0 (   0.000   0.000   0.000 ) T:1 ( 421.119 421.119 421.119 421.119 421.119 421.119 )
5339.595: I:0 (   0.000   0.000   0.000 ) T:1 ( 421.119 421.119 421.119 421.119 421.119 421.119 )
5349.592: I:0 (   0.000   0.000   0.000 ) T:1 ( 421.119 421.119 421.119 421.119 421.119 421.119 )
5359.593: I:0 (   0.000   0.000   0.000 ) T:1 ( 421.119 421.119 421.119 421.119 421.119 421.119 )
5369.592: I:0 (   0.000   0.000   0.000 ) T:1 ( 421.119 421.119 421.119 421.119 421.119 421.119 )
5379.594: I:0 (   0.000   0.000   0.000 ) T:1 ( 421.119 421.119 421.119 421.119 421.119 421.119 )
5389.592: I:0 (   0.000   0.000   0.000 ) T:1 ( 421.119 421.119 421.119 421.119 421.119 421.119 )
5399.592: I:0 (   0.000   0.000   0.000 ) T:1 ( 421.119 421.119 421.119 421.119 421.119 421.119 )
5409.593: I:0 (   0.000   0.000   0.000 ) T:1 ( 421.119 421.119 421.119 421.119 421.119 421.119 )
5419.592: I:0 (   0.000   0.000   0.000 ) T:1 ( 421.119 421.119 421.119 421.119 421.119 421.119 )
5429.592: I:0 (   0.000   0.000   0.000 ) T:1 ( 421.119 421.119 421.119 421.119 421.119 421.119 )
5439.593: I:0 (   0.000   0.000   0.000 ) T:1 ( 421.119 421.119 421.119 421.119 421.119 421.119 )
5449.593: I:0 (   0.000   0.000   0.000 ) T:1 ( 421.119 421.119 421.119 421.119 421.119 421.119 )
5459.593: I:0 (   0.000   0.000   0.000 ) T:1 ( 421.119 421.119 421.119 421.119 421.119 421.119 )
5469.595: I:0 (   0.000   0.000   0.000 ) T:1 ( 421.119 421.119 421.119 421.119 421.119 421.119 )
5479.592: I:0 (   0.000   0.000   0.000 ) T:1 ( 421.119 421.119 421.119 421.119 421.119 421.119 )
5489.595: I:0 (   0.000   0.000   0.000 ) T:1 ( 421.119 421.119 421.119 421.119 421.119 421.119 )
5499.594: I:0 (   0.000   0.000   0.000 ) T:1 ( 421.119 421.119 421.119 421.119 421.119 421.119 )
5509.595: I:0 (   0.000   0.000   0.000 ) T:1 ( 421.119 421.119 421.119 421.119 421.119 421.119 )
5519.595: I:0 (   0.000   0.000   0.000 ) T:1 ( 421.119 421.119 421.119 421.119 421.119 421.119 )
5529.594: I:0 (   0.000   0.000   0.000 ) T:1 ( 421.119 421.119 421.119 421.119 421.119 421.119 )
5539.594: I:0 (   0.000   0.000   0.000 ) T:1 ( 421.119 421.119 421.119 421.119 421.119 421.119 )
5549.594: I:0 (   0.000   0.000   0.000 ) T:1 ( 421.119 421.119 421.119 421.119 421.119 421.119 )
5559.594: I:0 (   0.000   0.000   0.000 ) T:1 ( 421.119 421.119 421.119 421.119 421.119 421.119 )
5569.592: I:0 (   0.000   0.000   0.000 ) T:1 ( 421.119 421.119 421.119 421.119 421.119 421.119 )
5579.592: I:0 (   0.000   0.000   0.000 ) T:1 ( 421.119 421.119 421.119 421.119 421.119 421.119 )
5589.589: I:0 (   0.000   0.000   0.000 ) T:1 ( 421.119 421.119 421.119 421.119 421.119 421.119 )
5599.596: I:0 (   0.000   0.000   0.000 ) T:1 ( 421.119 421.119 421.119 421.119 421.119 421.119 )
5609.592: I:0 (   0.000   0.000   0.000 ) T:1 ( 421.119 421.119 421.119 421.119 421.119 421.119 )
5619.595: I:0 (   0.000   0.000   0.000 ) T:1 ( 421.119 421.119 421.119 421.119 421.119 421.119 )
5629.592: I:0 (   0.000   0.000   0.000 ) T:1 ( 421.119 421.119 421.119 421.119 421.119 421.119 )
5639.586: I:0 (   0.000   0.000   0.000 ) T:1 ( 421.119 421.119 421.119 421.119 421.119 421.119 )
5649.592: I:0 (   0.000   0.000   0.000 ) T:1 ( 421.119 421.119 421.119 421.119 421.119 421.119 )
5659.594: I:0 (   0.000   0.000   0.000 ) T:1 ( 421.119 421.119 421.119 421.119 421.119 421.119 )
5669.593: I:0 (   0.000   0.000   0.000 ) T:1 ( 421.119 421.119 421.119 421.119 421.119 421.119 )
5679.592: I:0 (   0.000   0.000   0.000 ) T:1 ( 421.119 421.119 421.119 421.119 421.119 421.119 )
5689.592: I:0 (   0.000   0.000   0.000 ) T:1 ( 421.119 421.119 421.119 421.119 421.119 421.119 )
5699.589: I:0 (   0.000   0.000   0.000 ) T:1 ( 421.119 421.119 421.119 421.119 421.119 421.119 )
5709.592: I:0 (   0.000   0.000   0.000 ) T:1 ( 421.119 421.119 421.119 421.119 421.119 421.119 )
5719.592: I:0 (   0.000   0.000   0.000 ) T:1 ( 421.119 421.119 421.119 421.119 421.119 421.119 )
5729.592: I:0 (   0.000   0.000   0.000 ) T:1 ( 421.119 421.119 421.119 421.119 421.119 421.119 )
5739.588: I:0 (   0.000   0.000   0.000 ) T:1 ( 421.119 421.119 421.119 421.119 421.119 421.119 )
5749.591: I:0 (   0.000   0.000   0.000 ) T:1 ( 421.119 421.119 421.119 421.119 421.119 421.119 )
5759.594: I:0 (   0.000   0.000   0.000 ) T:1 ( 421.119 421.119 421.119 421.119 421.119 421.119 )
5769.594: I:0 (   0.000   0.000   0.000 ) T:1 ( 421.119 421.119 421.119 421.119 421.119 421.119 )
5779.595: I:0 (   0.000   0.000   0.000 ) T:1 ( 421.119 421.119 421.119 421.119 421.119 421.119 )
5789.592: I:0 (   0.000   0.000   0.000 ) T:1 ( 421.119 421.119 421.119 421.119 421.119 421.119 )
5799.593: I:0 (   0.000   0.000   0.000 ) T:1 ( 421.119 421.119 421.119 421.119 421.119 421.119 )
5809.594: I:0 (   0.000   0.000   0.000 ) T:1 ( 421.119 421.119 421.119 421.119 421.119 421.119 )
5819.592: I:0 (   0.000   0.000   0.000 ) T:1 ( 421.119 421.119 421.119 421.119 421.119 421.119 )
5829.592: I:0 (   0.000   0.000   0.000 ) T:1 ( 421.119 421.119 421.119 421.119 421.119 421.119 )
5839.592: I:0 (   0.000   0.000   0.000 ) T:1 ( 421.119 421.119 421.119 421.119 421.119 421.119 )
5849.591: I:0 (   0.000   0.000   0.000 ) T:1 ( 421.119 421.119 421.119 421.119 421.119 421.119 )
5859.594: I:0 (   0.000   0.000   0.000 ) T:1 ( 421.119 421.119 421.119 421.119 421.119 421.119 )
5869.594: I:0 (   0.000   0.000   0.000 ) T:1 ( 421.119 421.119 421.119 421.119 421.119 421.119 )
5879.589: I:0 (   0.000   0.000   0.000 ) T:1 ( 421.119 421.119 421.119 421.119 421.119 421.119 )
5889.594: I:0 (   0.000   0.000   0.000 ) T:1 ( 421.119 421.119 421.119 421.119 421.119 421.119 )
5898.613: I:0 (   0.000   0.000   0.000 ) T:1 ( 421.119 421.119 421.119 421.119 421.119 421.119 )
5898.665: I:0 (   0.000   0.000   0.000 ) T:1 ( 421.119 421.119 421.119 421.119 421.119 421.119 )
