#[Interval percentile log between 0.000 and <Infinite> seconds (relative to StartTime)]
#[StartTime: 1524385142.350 (seconds since epoch), Sun Apr 22 10:19:02 CEST 2018]
Time: IntervalPercentiles:count ( 50% 90% Max ) TotalPercentiles:count ( 50% 90% 99% 99.9% 99.99% Max )
9.990: I:1 (   0.015   0.015   0.015 ) T:1 (   0.015   0.015   0.015   0.015   0.015   0.015 )
19.974: I:1 (   0.021   0.021   0.021 ) T:2 (   0.015   0.021   0.021   0.021   0.021   0.021 )
29.974: I:1 (   0.047   0.047   0.047 ) T:3 (   0.021   0.047   0.047   0.047   0.047   0.047 )
39.973: I:1 (   0.079   0.079   0.079 ) T:4 (   0.021   0.079   0.079   0.079   0.079   0.079 )
49.972: I:1 (   0.089   0.089   0.089 ) T:5 (   0.047   0.089   0.089   0.089   0.089   0.089 )
59.971: I:1 (   0.104   0.104   0.104 ) T:6 (   0.047   0.104   0.104   0.104   0.104   0.104 )
69.971: I:1 (   0.030   0.030   0.030 ) T:7 (   0.047   0.104   0.104   0.104   0.104   0.104 )
79.971: I:1 (   0.055   0.055   0.055 ) T:8 (   0.047   0.104   0.104   0.104   0.104   0.104 )
89.971: I:1 (   0.093   0.093   0.093 ) T:9 (   0.055   0.104   0.104   0.104   0.104   0.104 )
99.970: I:1 (   0.043   0.043   0.043 ) T:10 (   0.047   0.093   0.104   0.104   0.104   0.104 )
109.971: I:1 (   0.093   0.093   0.093 ) T:11 (   0.055   0.093   0.104   0.104   0.104   0.104 )
119.970: I:1 (   0.055   0.055   0.055 ) T:12 (   0.055   0.093   0.104   0.104   0.104   0.104 )
129.970: I:1 (   0.027   0.027   0.027 ) T:13 (   0.055   0.093   0.104   0.104   0.104   0.104 )
139.971: I:1 (   0.083   0.083   0.083 ) T:14 (   0.055   0.093   0.104   0.104   0.104   0.104 )
149.971: I:1 (   0.063   0.063   0.063 ) T:15 (   0.055   0.093   0.104   0.104   0.104   0.104 )
159.971: I:1 (   0.064   0.064   0.064 ) T:16 (   0.055   0.093   0.104   0.104   0.104   0.104 )
169.970: I:1 (   0.051   0.051   0.051 ) T:17 (   0.055   0.093   0.104   0.104   0.104   0.104 )
179.971: I:1 (   0.064   0.064   0.064 ) T:18 (   0.055   0.093   0.104   0.104   0.104   0.104 )
189.969: I:1 (   0.082   0.082   0.082 ) T:19 (   0.063   0.093   0.104   0.104   0.104   0.104 )
199.970: I:1 (   0.038   0.038   0.038 ) T:20 (   0.055   0.093   0.104   0.104   0.104   0.104 )
209.970: I:1 (   0.058   0.058   0.058 ) T:21 (   0.058   0.093   0.104   0.104   0.104   0.104 )
219.971: I:1 (   0.026   0.026   0.026 ) T:22 (   0.055   0.093   0.104   0.104   0.104   0.104 )
229.970: I:1 (   0.066   0.066   0.066 ) T:23 (   0.058   0.093   0.104   0.104   0.104   0.104 )
239.970: I:1 (   0.059   0.059   0.059 ) T:24 (   0.058   0.093   0.104   0.104   0.104   0.104 )
249.970: I:1 (   0.056   0.056   0.056 ) T:25 (   0.058   0.093   0.104   0.104   0.104   0.104 )
259.970: I:1 (   0.057   0.057   0.057 ) T:26 (   0.057   0.093   0.104   0.104   0.104   0.104 )
269.972: I:1 (   0.027   0.027   0.027 ) T:27 (   0.057   0.093   0.104   0.104   0.104   0.104 )
279.970: I:1 (   0.053   0.053   0.053 ) T:28 (   0.056   0.093   0.104   0.104   0.104   0.104 )
289.970: I:1 (   0.037   0.037   0.037 ) T:29 (   0.056   0.093   0.104   0.104   0.104   0.104 )
299.970: I:1 (   0.036   0.036   0.036 ) T:30 (   0.055   0.089   0.104   0.104   0.104   0.104 )
309.970: I:1 (   0.036   0.036   0.036 ) T:31 (   0.055   0.089   0.104   0.104   0.104   0.104 )
319.970: I:1 (   0.049   0.049   0.049 ) T:32 (   0.055   0.089   0.104   0.104   0.104   0.104 )
329.970: I:1 (   0.040   0.040   0.040 ) T:33 (   0.055   0.089   0.104   0.104   0.104   0.104 )
339.970: I:1 (   0.028   0.028   0.028 ) T:34 (   0.053   0.089   0.104   0.104   0.104   0.104 )
349.971: I:1 (   0.055   0.055   0.055 ) T:35 (   0.055   0.089   0.104   0.104   0.104   0.104 )
359.969: I:1 (   0.059   0.059   0.059 ) T:36 (   0.055   0.089   0.104   0.104   0.104   0.104 )
369.970: I:1 (   0.058   0.058   0.058 ) T:37 (   0.055   0.089   0.104   0.104   0.104   0.104 )
379.970: I:1 (   0.055   0.055   0.055 ) T:38 (   0.055   0.089   0.104   0.104   0.104   0.104 )
389.970: I:1 (   0.047   0.047   0.047 ) T:39 (   0.055   0.089   0.104   0.104   0.104   0.104 )
399.970: I:1 (   0.054   0.054   0.054 ) T:40 (   0.055   0.083   0.104   0.104   0.104   0.104 )
409.970: I:1 (   0.062   0.062   0.062 ) T:41 (   0.055   0.083   0.104   0.104   0.104   0.104 )
419.970: I:1 (   0.033   0.033   0.033 ) T:42 (   0.055   0.083   0.104   0.104   0.104   0.104 )
429.970: I:1 (   0.046   0.046   0.046 ) T:43 (   0.055   0.083   0.104   0.104   0.104   0.104 )
439.970: I:1 (   0.051   0.051   0.051 ) T:44 (   0.054   0.083   0.104   0.104   0.104   0.104 )
449.970: I:1 (   0.036   0.036   0.036 ) T:45 (   0.054   0.083   0.104   0.104   0.104   0.104 )
459.970: I:1 (   0.048   0.048   0.048 ) T:46 (   0.053   0.083   0.104   0.104   0.104   0.104 )
469.970: I:1 (   0.041   0.041   0.041 ) T:47 (   0.053   0.083   0.104   0.104   0.104   0.104 )
479.970: I:1 (   0.062   0.062   0.062 ) T:48 (   0.053   0.083   0.104   0.104   0.104   0.104 )
489.970: I:1 (   0.047   0.047   0.047 ) T:49 (   0.053   0.083   0.104   0.104   0.104   0.104 )
499.970: I:1 (   0.050   0.050   0.050 ) T:50 (   0.051   0.082   0.104   0.104   0.104   0.104 )
509.970: I:1 (   0.057   0.057   0.057 ) T:51 (   0.053   0.082   0.104   0.104   0.104   0.104 )
519.970: I:1 (   0.052   0.052   0.052 ) T:52 (   0.052   0.082   0.104   0.104   0.104   0.104 )
529.970: I:1 (   0.056   0.056   0.056 ) T:53 (   0.053   0.082   0.104   0.104   0.104   0.104 )
539.970: I:1 (   0.046   0.046   0.046 ) T:54 (   0.052   0.082   0.104   0.104   0.104   0.104 )
549.970: I:1 (   0.058   0.058   0.058 ) T:55 (   0.053   0.082   0.104   0.104   0.104   0.104 )
559.970: I:1 (   0.068   0.068   0.068 ) T:56 (   0.053   0.082   0.104   0.104   0.104   0.104 )
569.970: I:1 (   0.061   0.061   0.061 ) T:57 (   0.054   0.082   0.104   0.104   0.104   0.104 )
579.970: I:1 (   0.053   0.053   0.053 ) T:58 (   0.053   0.082   0.104   0.104   0.104   0.104 )
589.970: I:1 (   0.039   0.039   0.039 ) T:59 (   0.053   0.082   0.104   0.104   0.104   0.104 )
599.970: I:1 (   0.050   0.050   0.050 ) T:60 (   0.053   0.079   0.104   0.104   0.104   0.104 )
609.970: I:1 (   0.069   0.069   0.069 ) T:61 (   0.053   0.079   0.104   0.104   0.104   0.104 )
619.970: I:1 (   0.070   0.070   0.070 ) T:62 (   0.053   0.079   0.104   0.104   0.104   0.104 )
629.970: I:1 (   0.062   0.062   0.062 ) T:63 (   0.054   0.079   0.104   0.104   0.104   0.104 )
639.970: I:1 (   0.068   0.068   0.068 ) T:64 (   0.054   0.079   0.104   0.104   0.104   0.104 )
649.970: I:1 (   0.066   0.066   0.066 ) T:65 (   0.055   0.079   0.104   0.104   0.104   0.104 )
659.970: I:1 (   0.057   0.057   0.057 ) T:66 (   0.055   0.079   0.104   0.104   0.104   0.104 )
669.970: I:1 (   0.068   0.068   0.068 ) T:67 (   0.055   0.079   0.104   0.104   0.104   0.104 )
679.970: I:1 (   0.055   0.055   0.055 ) T:68 (   0.055   0.079   0.104   0.104   0.104   0.104 )
689.970: I:1 (   0.053   0.053   0.053 ) T:69 (   0.055   0.079   0.104   0.104   0.104   0.104 )
699.970: I:1 (   0.073   0.073   0.073 ) T:70 (   0.055   0.073   0.104   0.104   0.104   0.104 )
709.970: I:1 (   0.070   0.070   0.070 ) T:71 (   0.055   0.073   0.104   0.104   0.104   0.104 )
719.970: I:1 (   0.058   0.058   0.058 ) T:72 (   0.055   0.073   0.104   0.104   0.104   0.104 )
729.970: I:1 (   0.050   0.050   0.050 ) T:73 (   0.055   0.073   0.104   0.104   0.104   0.104 )
739.970: I:1 (   0.043   0.043   0.043 ) T:74 (   0.055   0.073   0.104   0.104   0.104   0.104 )
749.970: I:1 (   0.076   0.076   0.076 ) T:75 (   0.055   0.076   0.104   0.104   0.104   0.104 )
759.970: I:1 (   0.067   0.067   0.067 ) T:76 (   0.055   0.076   0.104   0.104   0.104   0.104 )
769.970: I:1 (   0.072   0.072   0.072 ) T:77 (   0.055   0.076   0.104   0.104   0.104   0.104 )
779.970: I:1 (   0.079   0.079   0.079 ) T:78 (   0.055   0.079   0.104   0.104   0.104   0.104 )
789.970: I:1 (   0.050   0.050   0.050 ) T:79 (   0.055   0.079   0.104   0.104   0.104   0.104 )
799.970: I:1 (   0.076   0.076   0.076 ) T:80 (   0.055   0.076   0.104   0.104   0.104   0.104 )
809.970: I:1 (   0.059   0.059   0.059 ) T:81 (   0.055   0.076   0.104   0.104   0.104   0.104 )
819.970: I:1 (   0.072   0.072   0.072 ) T:82 (   0.055   0.076   0.104   0.104   0.104   0.104 )
829.970: I:1 (   0.051   0.051   0.051 ) T:83 (   0.055   0.076   0.104   0.104   0.104   0.104 )
839.970: I:1 (   0.070   0.070   0.070 ) T:84 (   0.055   0.076   0.104   0.104   0.104   0.104 )
849.970: I:1 (   0.047   0.047   0.047 ) T:85 (   0.055   0.076   0.104   0.104   0.104   0.104 )
859.970: I:1 (   0.073   0.073   0.073 ) T:86 (   0.055   0.076   0.104   0.104   0.104   0.104 )
869.970: I:1 (   0.057   0.057   0.057 ) T:87 (   0.056   0.076   0.104   0.104   0.104   0.104 )
879.970: I:1 (   0.084   0.084   0.084 ) T:88 (   0.056   0.079   0.104   0.104   0.104   0.104 )
889.970: I:1 (   0.068   0.068   0.068 ) T:89 (   0.056   0.079   0.104   0.104   0.104   0.104 )
899.970: I:1 (   0.076   0.076   0.076 ) T:90 (   0.056   0.076   0.104   0.104   0.104   0.104 )
909.970: I:1 (   0.081   0.081   0.081 ) T:91 (   0.057   0.079   0.104   0.104   0.104   0.104 )
919.970: I:1 (   0.077   0.077   0.077 ) T:92 (   0.057   0.079   0.104   0.104   0.104   0.104 )
929.970: I:1 (   0.073   0.073   0.073 ) T:93 (   0.057   0.079   0.104   0.104   0.104   0.104 )
939.970: I:1 (   0.066   0.066   0.066 ) T:94 (   0.057   0.079   0.104   0.104   0.104   0.104 )
949.974: I:1 (   0.069   0.069   0.069 ) T:95 (   0.057   0.079   0.104   0.104   0.104   0.104 )
959.970: I:1 (   0.066   0.066   0.066 ) T:96 (   0.057   0.079   0.104   0.104   0.104   0.104 )
969.970: I:1 (   0.094   0.094   0.094 ) T:97 (   0.057   0.079   0.104   0.104   0.104   0.104 )
979.970: I:1 (   0.093   0.093   0.093 ) T:98 (   0.057   0.081   0.104   0.104   0.104   0.104 )
989.970: I:1 (   0.136   0.136   0.136 ) T:99 (   0.058   0.082   0.136   0.136   0.136   0.136 )
999.970: I:1 (   0.086   0.086   0.086 ) T:100 (   0.058   0.082   0.104   0.136   0.136   0.136 )
1009.970: I:1 (   0.077   0.077   0.077 ) T:101 (   0.058   0.082   0.104   0.136   0.136   0.136 )
1019.970: I:1 (   0.099   0.099   0.099 ) T:102 (   0.058   0.083   0.104   0.136   0.136   0.136 )
1029.970: I:1 (   0.089   0.089   0.089 ) T:103 (   0.058   0.084   0.104   0.136   0.136   0.136 )
1039.970: I:1 (   0.127   0.127   0.127 ) T:104 (   0.058   0.086   0.127   0.136   0.136   0.136 )
1049.973: I:1 (   0.091   0.091   0.091 ) T:105 (   0.058   0.089   0.127   0.136   0.136   0.136 )
1059.970: I:1 (   0.076   0.076   0.076 ) T:106 (   0.058   0.089   0.127   0.136   0.136   0.136 )
1069.970: I:1 (   0.078   0.078   0.078 ) T:107 (   0.059   0.089   0.127   0.136   0.136   0.136 )
1079.970: I:1 (   0.105   0.105   0.105 ) T:108 (   0.059   0.089   0.127   0.136   0.136   0.136 )
1089.970: I:1 (   0.106   0.106   0.106 ) T:109 (   0.059   0.091   0.127   0.136   0.136   0.136 )
1099.970: I:1 (   0.091   0.091   0.091 ) T:110 (   0.059   0.091   0.127   0.136   0.136   0.136 )
1109.970: I:1 (   0.103   0.103   0.103 ) T:111 (   0.059   0.091   0.127   0.136   0.136   0.136 )
1119.970: I:1 (   0.111   0.111   0.111 ) T:112 (   0.059   0.093   0.127   0.136   0.136   0.136 )
1129.970: I:1 (   0.094   0.094   0.094 ) T:113 (   0.061   0.093   0.127   0.136   0.136   0.136 )
1139.970: I:1 (   0.101   0.101   0.101 ) T:114 (   0.061   0.093   0.127   0.136   0.136   0.136 )
1149.970: I:1 (   0.110   0.110   0.110 ) T:115 (   0.062   0.094   0.127   0.136   0.136   0.136 )
1159.970: I:1 (   0.091   0.091   0.091 ) T:116 (   0.062   0.094   0.127   0.136   0.136   0.136 )
1169.970: I:1 (   0.116   0.116   0.116 ) T:117 (   0.062   0.094   0.127   0.136   0.136   0.136 )
1179.970: I:1 (   0.100   0.100   0.100 ) T:118 (   0.062   0.099   0.127   0.136   0.136   0.136 )
1189.973: I:1 (   0.128   0.128   0.128 ) T:119 (   0.062   0.100   0.128   0.136   0.136   0.136 )
1199.970: I:1 (   0.100   0.100   0.100 ) T:120 (   0.062   0.100   0.128   0.136   0.136   0.136 )
1209.970: I:1 (   0.117   0.117   0.117 ) T:121 (   0.063   0.100   0.128   0.136   0.136   0.136 )
1219.970: I:1 (   0.125   0.125   0.125 ) T:122 (   0.063   0.101   0.128   0.136   0.136   0.136 )
1229.970: I:1 (   0.134   0.134   0.134 ) T:123 (   0.064   0.103   0.134   0.136   0.136   0.136 )
1239.970: I:1 (   0.124   0.124   0.124 ) T:124 (   0.064   0.104   0.134   0.136   0.136   0.136 )
1249.970: I:1 (   0.120   0.120   0.120 ) T:125 (   0.064   0.105   0.134   0.136   0.136   0.136 )
1259.970: I:1 (   0.132   0.132   0.132 ) T:126 (   0.064   0.106   0.134   0.136   0.136   0.136 )
1269.970: I:1 (   0.138   0.138   0.138 ) T:127 (   0.066   0.110   0.136   0.138   0.138   0.138 )
1279.970: I:1 (   0.129   0.129   0.129 ) T:128 (   0.066   0.111   0.136   0.138   0.138   0.138 )
1289.970: I:1 (   0.127   0.127   0.127 ) T:129 (   0.066   0.116   0.136   0.138   0.138   0.138 )
1299.970: I:1 (   0.136   0.136   0.136 ) T:130 (   0.066   0.116   0.136   0.138   0.138   0.138 )
1309.970: I:1 (   0.047   0.047   0.047 ) T:131 (   0.066   0.116   0.136   0.138   0.138   0.138 )
1319.970: I:1 (   0.054   0.054   0.054 ) T:132 (   0.066   0.116   0.136   0.138   0.138   0.138 )
1329.970: I:1 (   0.043   0.043   0.043 ) T:133 (   0.066   0.116   0.136   0.138   0.138   0.138 )
1339.970: I:1 (   0.062   0.062   0.062 ) T:134 (   0.064   0.116   0.136   0.138   0.138   0.138 )
1349.970: I:1 (   0.046   0.046   0.046 ) T:135 (   0.064   0.116   0.136   0.138   0.138   0.138 )
1359.970: I:1 (   0.046   0.046   0.046 ) T:136 (   0.064   0.116   0.136   0.138   0.138   0.138 )
1369.970: I:1 (   0.050   0.050   0.050 ) T:137 (   0.064   0.116   0.136   0.138   0.138   0.138 )
1379.970: I:1 (   0.067   0.067   0.067 ) T:138 (   0.064   0.116   0.136   0.138   0.138   0.138 )
1389.970: I:1 (   0.052   0.052   0.052 ) T:139 (   0.064   0.116   0.136   0.138   0.138   0.138 )
1399.970: I:1 (   0.059   0.059   0.059 ) T:140 (   0.063   0.111   0.136   0.138   0.138   0.138 )
1409.970: I:1 (   0.069   0.069   0.069 ) T:141 (   0.064   0.111   0.136   0.138   0.138   0.138 )
1419.970: I:1 (   0.066   0.066   0.066 ) T:142 (   0.064   0.111   0.136   0.138   0.138   0.138 )
1429.970: I:1 (   0.079   0.079   0.079 ) T:143 (   0.064   0.111   0.136   0.138   0.138   0.138 )
1439.970: I:1 (   0.059   0.059   0.059 ) T:144 (   0.064   0.111   0.136   0.138   0.138   0.138 )
1449.970: I:1 (   0.083   0.083   0.083 ) T:145 (   0.064   0.111   0.136   0.138   0.138   0.138 )
1459.970: I:1 (   0.074   0.074   0.074 ) T:146 (   0.064   0.111   0.136   0.138   0.138   0.138 )
1469.970: I:1 (   0.066   0.066   0.066 ) T:147 (   0.066   0.111   0.136   0.138   0.138   0.138 )
1479.970: I:1 (   0.068   0.068   0.068 ) T:148 (   0.066   0.111   0.136   0.138   0.138   0.138 )
1489.970: I:1 (   0.089   0.089   0.089 ) T:149 (   0.066   0.111   0.136   0.138   0.138   0.138 )
1499.970: I:1 (   0.085   0.085   0.085 ) T:150 (   0.066   0.110   0.136   0.138   0.138   0.138 )
1509.970: I:1 (   0.095   0.095   0.095 ) T:151 (   0.066   0.110   0.136   0.138   0.138   0.138 )
1519.970: I:1 (   0.096   0.096   0.096 ) T:152 (   0.066   0.110   0.136   0.138   0.138   0.138 )
1529.970: I:1 (   0.081   0.081   0.081 ) T:153 (   0.066   0.110   0.136   0.138   0.138   0.138 )
1539.970: I:1 (   0.085   0.085   0.085 ) T:154 (   0.066   0.110   0.136   0.138   0.138   0.138 )
1549.970: I:1 (   0.096   0.096   0.096 ) T:155 (   0.066   0.110   0.136   0.138   0.138   0.138 )
1559.970: I:1 (   0.107   0.107   0.107 ) T:156 (   0.066   0.110   0.136   0.138   0.138   0.138 )
1569.970: I:1 (   0.118   0.118   0.118 ) T:157 (   0.066   0.111   0.136   0.138   0.138   0.138 )
1579.970: I:1 (   0.096   0.096   0.096 ) T:158 (   0.066   0.111   0.136   0.138   0.138   0.138 )
1589.970: I:1 (   0.110   0.110   0.110 ) T:159 (   0.067   0.111   0.136   0.138   0.138   0.138 )
1599.970: I:1 (   0.120   0.120   0.120 ) T:160 (   0.067   0.111   0.136   0.138   0.138   0.138 )
1609.970: I:1 (   0.110   0.110   0.110 ) T:161 (   0.067   0.111   0.136   0.138   0.138   0.138 )
1619.970: I:1 (   0.114   0.114   0.114 ) T:162 (   0.067   0.114   0.136   0.138   0.138   0.138 )
1629.970: I:1 (   0.107   0.107   0.107 ) T:163 (   0.068   0.114   0.136   0.138   0.138   0.138 )
1639.970: I:1 (   0.134   0.134   0.134 ) T:164 (   0.068   0.116   0.136   0.138   0.138   0.138 )
1649.970: I:1 (   0.127   0.127   0.127 ) T:165 (   0.068   0.117   0.136   0.138   0.138   0.138 )
1659.970: I:1 (   0.116   0.116   0.116 ) T:166 (   0.068   0.117   0.136   0.138   0.138   0.138 )
1669.970: I:1 (   0.113   0.113   0.113 ) T:167 (   0.068   0.117   0.136   0.138   0.138   0.138 )
1679.970: I:1 (   0.127   0.127   0.127 ) T:168 (   0.068   0.118   0.136   0.138   0.138   0.138 )
1689.970: I:1 (   0.148   0.148   0.148 ) T:169 (   0.068   0.120   0.138   0.148   0.148   0.148 )
1699.970: I:1 (   0.133   0.133   0.133 ) T:170 (   0.068   0.120   0.138   0.148   0.148   0.148 )
1709.970: I:1 (   0.137   0.137   0.137 ) T:171 (   0.068   0.120   0.138   0.148   0.148   0.148 )
1719.970: I:1 (   0.143   0.143   0.143 ) T:172 (   0.068   0.124   0.143   0.148   0.148   0.148 )
1729.970: I:1 (   0.146   0.146   0.146 ) T:173 (   0.069   0.125   0.146   0.148   0.148   0.148 )
1739.970: I:1 (   0.045   0.045   0.045 ) T:174 (   0.068   0.125   0.146   0.148   0.148   0.148 )
1749.970: I:1 (   0.046   0.046   0.046 ) T:175 (   0.068   0.125   0.146   0.148   0.148   0.148 )
1759.970: I:1 (   0.049   0.049   0.049 ) T:176 (   0.068   0.125   0.146   0.148   0.148   0.148 )
1769.970: I:1 (   0.051   0.051   0.051 ) T:177 (   0.068   0.125   0.146   0.148   0.148   0.148 )
1779.970: I:1 (   0.079   0.079   0.079 ) T:178 (   0.068   0.125   0.146   0.148   0.148   0.148 )
1789.970: I:1 (   0.057   0.057   0.057 ) T:179 (   0.068   0.125   0.146   0.148   0.148   0.148 )
1799.970: I:1 (   0.079   0.079   0.079 ) T:180 (   0.068   0.124   0.146   0.148   0.148   0.148 )
1809.970: I:1 (   0.066   0.066   0.066 ) T:181 (   0.068   0.124   0.146   0.148   0.148   0.148 )
1819.970: I:1 (   0.067   0.067   0.067 ) T:182 (   0.068   0.124   0.146   0.148   0.148   0.148 )
1829.970: I:1 (   0.066   0.066   0.066 ) T:183 (   0.068   0.124   0.146   0.148   0.148   0.148 )
1839.970: I:1 (   0.102   0.102   0.102 ) T:184 (   0.068   0.124   0.146   0.148   0.148   0.148 )
1849.970: I:1 (   0.083   0.083   0.083 ) T:185 (   0.068   0.124   0.146   0.148   0.148   0.148 )
1859.970: I:1 (   0.105   0.105   0.105 ) T:186 (   0.068   0.124   0.146   0.148   0.148   0.148 )
1869.970: I:1 (   0.105   0.105   0.105 ) T:187 (   0.068   0.124   0.146   0.148   0.148   0.148 )
1879.970: I:1 (   0.115   0.115   0.115 ) T:188 (   0.068   0.124   0.146   0.148   0.148   0.148 )
1889.970: I:1 (   0.100   0.100   0.100 ) T:189 (   0.069   0.124   0.146   0.148   0.148   0.148 )
1899.970: I:1 (   0.102   0.102   0.102 ) T:190 (   0.069   0.120   0.146   0.148   0.148   0.148 )
1909.970: I:1 (   0.127   0.127   0.127 ) T:191 (   0.069   0.124   0.146   0.148   0.148   0.148 )
1919.970: I:1 (   0.111   0.111   0.111 ) T:192 (   0.069   0.124   0.146   0.148   0.148   0.148 )
1929.970: I:1 (   0.125   0.125   0.125 ) T:193 (   0.069   0.125   0.146   0.148   0.148   0.148 )
1939.970: I:1 (   0.148   0.148   0.148 ) T:194 (   0.069   0.125   0.148   0.148   0.148   0.148 )
1949.970: I:1 (   0.135   0.135   0.135 ) T:195 (   0.070   0.127   0.148   0.148   0.148   0.148 )
1959.970: I:1 (   0.138   0.138   0.138 ) T:196 (   0.070   0.127   0.148   0.148   0.148   0.148 )
1969.970: I:1 (   0.061   0.061   0.061 ) T:197 (   0.070   0.127   0.148   0.148   0.148   0.148 )
1979.970: I:1 (   0.052   0.052   0.052 ) T:198 (   0.069   0.127   0.148   0.148   0.148   0.148 )
1989.970: I:1 (   0.055   0.055   0.055 ) T:199 (   0.069   0.127   0.148   0.148   0.148   0.148 )
1999.970: I:1 (   0.075   0.075   0.075 ) T:200 (   0.069   0.127   0.146   0.148   0.148   0.148 )
2009.970: I:1 (   0.063   0.063   0.063 ) T:201 (   0.069   0.127   0.146   0.148   0.148   0.148 )
2019.970: I:1 (   0.077   0.077   0.077 ) T:202 (   0.069   0.127   0.146   0.148   0.148   0.148 )
2029.970: I:1 (   0.099   0.099   0.099 ) T:203 (   0.070   0.127   0.146   0.148   0.148   0.148 )
2031.676: I:2 (   0.094   0.101   0.101 ) T:205 (   0.070   0.127   0.146   0.148   0.148   0.148 )
2031.697: I:0 (   0.000   0.000   0.000 ) T:205 (   0.070   0.127   0.146   0.148   0.148   0.148 )
