#[Interval percentile log between 0.000 and <Infinite> seconds (relative to StartTime)]
#[StartTime: 1524636488.516 (seconds since epoch), Wed Apr 25 08:08:08 CEST 2018]
Time: IntervalPercentiles:count ( 50% 90% Max ) TotalPercentiles:count ( 50% 90% 99% 99.9% 99.99% Max )
6.742: I:3388 (   0.083   0.236 225.663 ) T:3388 (   0.083   0.236   0.728 162.303 225.663 225.663 )
16.713: I:13557 (   0.035   0.055 364.287 ) T:16945 (   0.037   0.088   0.369 132.735 283.391 364.287 )
26.706: I:26537 (   0.035   0.039 503.039 ) T:43482 (   0.036   0.062   0.220  11.783 283.391 503.039 )
36.710: I:31403 (   0.036   0.038 707.583 ) T:74885 (   0.036   0.050   0.160   0.731 314.879 707.583 )
46.702: I:35933 (   0.036   0.038 690.687 ) T:110818 (   0.036   0.041   0.126   0.570 364.287 707.583 )
56.701: I:39363 (   0.036   0.038 418.559 ) T:150181 (   0.036   0.039   0.106   0.458 297.983 707.583 )
66.708: I:32800 (   0.036   0.038 899.071 ) T:182981 (   0.036   0.039   0.099   0.424 325.375 899.071 )
76.706: I:29787 (   0.036   0.038 819.711 ) T:212768 (   0.036   0.038   0.094   0.391 320.511 899.071 )
86.707: I:34797 (   0.036   0.038 863.743 ) T:247565 (   0.036   0.038   0.088   0.362 320.511 899.071 )
96.707: I:30924 (   0.036   0.038 511.487 ) T:278489 (   0.036   0.038   0.086   0.338 320.511 899.071 )
106.708: I:28333 (   0.036   0.038 329.727 ) T:306822 (   0.036   0.038   0.085   0.321 314.879 899.071 )
116.701: I:28000 (   0.036   0.038 2035.711 ) T:334822 (   0.036   0.038   0.084   0.308 314.879 2035.711 )
126.708: I:20668 (   0.036   0.042 693.759 ) T:355490 (   0.036   0.038   0.084   0.306 320.511 2035.711 )
136.706: I:33557 (   0.036   0.038 498.943 ) T:389047 (   0.036   0.038   0.084   0.294 314.879 2035.711 )
146.762: I:24354 (   0.036   0.038 526.335 ) T:413401 (   0.036   0.038   0.083   0.289 320.511 2035.711 )
156.701: I:20605 (   0.037   0.040 1062.911 ) T:434006 (   0.036   0.038   0.083   0.287 324.095 2035.711 )
166.701: I:15753 (   0.037   0.048 237.823 ) T:449759 (   0.036   0.038   0.084   0.291 320.511 2035.711 )
176.711: I:10884 (   0.038   0.061 727.039 ) T:460643 (   0.036   0.039   0.086   0.299 320.511 2035.711 )
186.702: I:29982 (   0.037   0.039 866.303 ) T:490625 (   0.036   0.039   0.086   0.295 320.511 2035.711 )
196.701: I:36715 (   0.037   0.039 450.303 ) T:527340 (   0.036   0.039   0.084   0.281 314.879 2035.711 )
206.706: I:35564 (   0.037   0.039  16.799 ) T:562904 (   0.036   0.039   0.084   0.269 297.983 2035.711 )
216.703: I:34735 (   0.037   0.039 1013.247 ) T:597639 (   0.036   0.039   0.083   0.256 299.263 2035.711 )
226.704: I:31406 (   0.037   0.039 1613.823 ) T:629045 (   0.036   0.039   0.083   0.250 297.983 2035.711 )
236.705: I:16215 (   0.037   0.039 295.423 ) T:645260 (   0.037   0.039   0.082   0.250 295.423 2035.711 )
246.701: I:23525 (   0.037   0.040 604.671 ) T:668785 (   0.037   0.039   0.083   0.250 291.071 2035.711 )
256.704: I:19748 (   0.037   0.039 561.663 ) T:688533 (   0.037   0.039   0.082   0.248 297.983 2035.711 )
266.704: I:32024 (   0.037   0.039 596.991 ) T:720557 (   0.037   0.039   0.082   0.239 291.071 2035.711 )
276.706: I:34839 (   0.037   0.039 793.087 ) T:755396 (   0.037   0.039   0.082   0.231 282.623 2035.711 )
286.707: I:39817 (   0.037   0.039 667.647 ) T:795213 (   0.037   0.039   0.081   0.224 279.039 2035.711 )
296.710: I:28028 (   0.037   0.039 1469.439 ) T:823241 (   0.037   0.039   0.080   0.220 279.039 2035.711 )
306.706: I:17553 (   0.037   0.040 2988.031 ) T:840794 (   0.037   0.039   0.081   0.219 282.623 2988.031 )
316.709: I:11613 (   0.037   0.063 409.855 ) T:852407 (   0.037   0.039   0.082   0.224 283.391 2988.031 )
326.700: I:39145 (   0.037   0.039 681.471 ) T:891552 (   0.037   0.039   0.082   0.217 283.391 2988.031 )
336.702: I:34528 (   0.037   0.039 822.783 ) T:926080 (   0.037   0.039   0.082   0.211 283.391 2988.031 )
346.699: I:39413 (   0.037   0.039 230.015 ) T:965493 (   0.037   0.039   0.081   0.206 276.991 2988.031 )
356.700: I:32961 (   0.038   0.039 280.319 ) T:998454 (   0.037   0.039   0.081   0.202 273.407 2988.031 )
366.707: I:37409 (   0.038   0.039 767.487 ) T:1035863 (   0.037   0.039   0.080   0.198 272.383 2988.031 )
376.710: I:31328 (   0.038   0.039 594.943 ) T:1067191 (   0.037   0.039   0.080   0.195 272.383 2988.031 )
387.187: I:26877 (   0.038   0.039 487.679 ) T:1094068 (   0.037   0.039   0.080   0.193 273.407 2988.031 )
396.707: I:35982 (   0.037   0.039 751.615 ) T:1130050 (   0.037   0.039   0.079   0.190 272.383 2988.031 )
406.705: I:39002 (   0.038   0.039 632.831 ) T:1169052 (   0.037   0.039   0.079   0.186 272.383 2988.031 )
416.701: I:22107 (   0.037   0.040 632.831 ) T:1191159 (   0.037   0.039   0.079   0.187 268.799 2988.031 )
426.700: I:30700 (   0.037   0.039  27.823 ) T:1221859 (   0.037   0.039   0.079   0.184 265.727 2988.031 )
436.729: I:35367 (   0.037   0.039 325.887 ) T:1257226 (   0.037   0.039   0.078   0.182 265.471 2988.031 )
446.707: I:36684 (   0.037   0.039 281.855 ) T:1293910 (   0.037   0.039   0.078   0.180 258.047 2988.031 )
456.708: I:29718 (   0.037   0.039 952.319 ) T:1323628 (   0.037   0.039   0.077   0.178 262.655 2988.031 )
466.700: I:34225 (   0.037   0.039 421.119 ) T:1357853 (   0.037   0.039   0.077   0.174 257.919 2988.031 )
476.701: I:30945 (   0.037   0.039 570.367 ) T:1388798 (   0.037   0.039   0.077   0.172 260.351 2988.031 )
486.701: I:32257 (   0.037   0.039 218.623 ) T:1421055 (   0.037   0.039   0.076   0.171 257.407 2988.031 )
496.700: I:24916 (   0.037   0.039 753.663 ) T:1445971 (   0.037   0.039   0.076   0.170 257.919 2988.031 )
506.701: I:36586 (   0.037   0.039 569.343 ) T:1482557 (   0.037   0.039   0.076   0.168 257.919 2988.031 )
516.707: I:29314 (   0.038   0.040 381.695 ) T:1511871 (   0.037   0.039   0.076   0.167 257.919 2988.031 )
526.704: I:27668 (   0.038   0.040 2582.527 ) T:1539539 (   0.037   0.039   0.075   0.165 258.047 2988.031 )
536.709: I:21329 (   0.038   0.040 1108.991 ) T:1560868 (   0.037   0.039   0.075   0.165 260.223 2988.031 )
546.707: I:29325 (   0.038   0.040 713.215 ) T:1590193 (   0.037   0.039   0.075   0.165 262.655 2988.031 )
556.708: I:12196 (   0.039   0.056 385.023 ) T:1602389 (   0.037   0.039   0.076   0.165 263.935 2988.031 )
566.708: I:29070 (   0.038   0.040 303.871 ) T:1631459 (   0.037   0.039   0.076   0.164 263.423 2988.031 )
576.704: I:26990 (   0.038   0.039 620.543 ) T:1658449 (   0.037   0.039   0.076   0.163 262.655 2988.031 )
586.700: I:29263 (   0.038   0.040 563.711 ) T:1687712 (   0.037   0.039   0.075   0.163 263.423 2988.031 )
596.703: I:31965 (   0.038   0.040 1241.087 ) T:1719677 (   0.037   0.039   0.075   0.161 262.655 2988.031 )
606.700: I:30211 (   0.038   0.040 591.359 ) T:1749888 (   0.037   0.039   0.075   0.161 260.351 2988.031 )
616.704: I:31766 (   0.038   0.040 404.991 ) T:1781654 (   0.037   0.039   0.075   0.160 260.223 2988.031 )
626.708: I:33418 (   0.039   0.040 418.303 ) T:1815072 (   0.037   0.039   0.075   0.159 260.351 2988.031 )
636.700: I:36176 (   0.039   0.040 285.439 ) T:1851248 (   0.037   0.039   0.075   0.158 259.583 2988.031 )
646.706: I:29342 (   0.039   0.040 972.287 ) T:1880590 (   0.037   0.039   0.075   0.157 259.583 2988.031 )
656.701: I:26299 (   0.039   0.040 1286.143 ) T:1906889 (   0.037   0.039   0.074   0.156 259.583 2988.031 )
666.700: I:31167 (   0.039   0.041 383.231 ) T:1938056 (   0.037   0.039   0.074   0.155 258.687 2988.031 )
676.707: I:32884 (   0.039   0.041 208.767 ) T:1970940 (   0.037   0.040   0.075   0.154 257.151 2988.031 )
686.708: I:36348 (   0.039   0.041 292.095 ) T:2007288 (   0.037   0.040   0.074   0.153 255.871 2988.031 )
696.705: I:31564 (   0.039   0.041 460.543 ) T:2038852 (   0.037   0.040   0.074   0.152 255.103 2988.031 )
706.719: I:35136 (   0.039   0.041   0.384 ) T:2073988 (   0.038   0.040   0.074   0.150 253.823 2988.031 )
716.704: I:32279 (   0.039   0.041 545.791 ) T:2106267 (   0.038   0.040   0.074   0.150 253.439 2988.031 )
726.707: I:39875 (   0.039   0.041  35.231 ) T:2146142 (   0.038   0.040   0.074   0.149 250.367 2988.031 )
736.706: I:25892 (   0.039   0.041 404.479 ) T:2172034 (   0.038   0.040   0.074   0.148 249.727 2988.031 )
746.704: I:18204 (   0.039   0.041 672.255 ) T:2190238 (   0.038   0.040   0.074   0.148 250.367 2988.031 )
756.707: I:33920 (   0.039   0.041 762.879 ) T:2224158 (   0.038   0.040   0.074   0.147 250.367 2988.031 )
766.705: I:27824 (   0.039   0.041 475.903 ) T:2251982 (   0.038   0.040   0.073   0.147 249.727 2988.031 )
776.707: I:20656 (   0.039   0.040 626.687 ) T:2272638 (   0.038   0.040   0.073   0.146 249.727 2988.031 )
786.704: I:22990 (   0.039   0.040 803.839 ) T:2295628 (   0.038   0.040   0.073   0.146 253.055 2988.031 )
796.700: I:27769 (   0.039   0.040 753.663 ) T:2323397 (   0.038   0.040   0.073   0.145 252.031 2988.031 )
806.704: I:26003 (   0.038   0.040 1346.559 ) T:2349400 (   0.038   0.040   0.073   0.145 252.031 2988.031 )
816.700: I:35279 (   0.038   0.040 847.871 ) T:2384679 (   0.038   0.040   0.073   0.144 253.439 2988.031 )
826.707: I:32235 (   0.039   0.040 550.911 ) T:2416914 (   0.038   0.040   0.073   0.143 253.823 2988.031 )
836.708: I:27247 (   0.039   0.040 456.959 ) T:2444161 (   0.038   0.040   0.073   0.143 253.823 2988.031 )
846.707: I:29592 (   0.039   0.040 539.135 ) T:2473753 (   0.038   0.040   0.073   0.142 253.823 2988.031 )
856.701: I:11014 (   0.039   0.041 239.487 ) T:2484767 (   0.038   0.040   0.073   0.143 253.439 2988.031 )
866.706: I:39189 (   0.039   0.040 414.719 ) T:2523956 (   0.038   0.040   0.073   0.142 253.055 2988.031 )
876.704: I:32475 (   0.039   0.040 397.311 ) T:2556431 (   0.038   0.040   0.073   0.141 253.055 2988.031 )
886.710: I:33281 (   0.039   0.040 518.911 ) T:2589712 (   0.038   0.040   0.073   0.141 252.031 2988.031 )
896.700: I:35224 (   0.039   0.040 315.391 ) T:2624936 (   0.038   0.040   0.073   0.140 249.215 2988.031 )
906.704: I:35637 (   0.039   0.040 1036.287 ) T:2660573 (   0.038   0.040   0.073   0.140 247.807 2988.031 )
916.705: I:29812 (   0.039   0.041 550.399 ) T:2690385 (   0.038   0.040   0.073   0.139 247.935 2988.031 )
926.699: I:34430 (   0.039   0.041 367.615 ) T:2724815 (   0.038   0.040   0.073   0.139 247.551 2988.031 )
936.706: I:39540 (   0.039   0.041 735.743 ) T:2764355 (   0.038   0.040   0.073   0.138 245.503 2988.031 )
946.707: I:38647 (   0.039   0.041 196.223 ) T:2803002 (   0.038   0.040   0.073   0.138 241.151 2988.031 )
956.700: I:37958 (   0.039   0.041 614.911 ) T:2840960 (   0.038   0.040   0.073   0.137 239.871 2988.031 )
966.700: I:33385 (   0.039   0.041 904.191 ) T:2874345 (   0.038   0.040   0.073   0.137 239.999 2988.031 )
976.700: I:25650 (   0.039   0.041 289.023 ) T:2899995 (   0.038   0.040   0.073   0.137 239.871 2988.031 )
986.702: I:32393 (   0.039   0.040 359.679 ) T:2932388 (   0.038   0.040   0.072   0.137 239.871 2988.031 )
996.706: I:31045 (   0.039   0.040 626.687 ) T:2963433 (   0.038   0.040   0.072   0.136 239.487 2988.031 )
1006.708: I:16125 (   0.039   0.040 1301.503 ) T:2979558 (   0.038   0.040   0.072   0.137 239.871 2988.031 )
1016.706: I:29955 (   0.039   0.040 254.719 ) T:3009513 (   0.038   0.040   0.072   0.136 239.999 2988.031 )
1026.707: I:28514 (   0.039   0.040 285.695 ) T:3038027 (   0.038   0.040   0.072   0.136 239.871 2988.031 )
1036.701: I:15657 (   0.039   0.041 324.351 ) T:3053684 (   0.038   0.040   0.072   0.136 240.639 2988.031 )
1046.706: I:30930 (   0.039   0.040 1039.871 ) T:3084614 (   0.038   0.040   0.072   0.136 240.639 2988.031 )
1056.701: I:32026 (   0.039   0.040 558.079 ) T:3116640 (   0.038   0.040   0.072   0.135 240.639 2988.031 )
1066.715: I:37955 (   0.039   0.040 622.079 ) T:3154595 (   0.038   0.040   0.072   0.135 239.871 2988.031 )
1076.699: I:30594 (   0.039   0.040 285.951 ) T:3185189 (   0.038   0.040   0.072   0.134 237.823 2988.031 )
1086.705: I:32375 (   0.039   0.040 308.991 ) T:3217564 (   0.038   0.040   0.072   0.134 237.823 2988.031 )
1096.708: I:31829 (   0.039   0.040 561.151 ) T:3249393 (   0.038   0.040   0.072   0.134 237.823 2988.031 )
1106.705: I:14689 (   0.039   0.040 404.479 ) T:3264082 (   0.038   0.040   0.072   0.134 237.823 2988.031 )
1116.707: I:19982 (   0.039   0.040 391.935 ) T:3284064 (   0.038   0.040   0.071   0.134 237.823 2988.031 )
1126.707: I:33771 (   0.039   0.040 584.703 ) T:3317835 (   0.038   0.040   0.071   0.134 237.823 2988.031 )
1136.699: I:17138 (   0.039   0.040 680.959 ) T:3334973 (   0.038   0.040   0.071   0.133 239.871 2988.031 )
1146.706: I:31255 (   0.039   0.040 4648.959 ) T:3366228 (   0.038   0.040   0.071   0.133 240.639 4648.959 )
1156.708: I:29441 (   0.039   0.040 353.535 ) T:3395669 (   0.038   0.040   0.071   0.133 239.999 4648.959 )
1166.704: I:31965 (   0.039   0.040 517.375 ) T:3427634 (   0.038   0.040   0.071   0.133 240.639 4648.959 )
1176.708: I:13564 (   0.039   0.057 1470.463 ) T:3441198 (   0.038   0.040   0.072   0.133 239.999 4648.959 )
1186.707: I:32812 (   0.039   0.041 458.239 ) T:3474010 (   0.038   0.040   0.072   0.133 239.999 4648.959 )
1196.703: I:32440 (   0.039   0.040 310.527 ) T:3506450 (   0.038   0.040   0.072   0.132 240.639 4648.959 )
1206.701: I:29725 (   0.039   0.040 365.311 ) T:3536175 (   0.038   0.040   0.072   0.132 239.871 4648.959 )
1216.707: I:29000 (   0.039   0.040 356.351 ) T:3565175 (   0.038   0.040   0.072   0.132 239.487 4648.959 )
1226.701: I:29001 (   0.039   0.041 642.559 ) T:3594176 (   0.038   0.040   0.072   0.132 241.151 4648.959 )
1236.700: I:36835 (   0.039   0.041 259.583 ) T:3631011 (   0.038   0.040   0.072   0.132 239.871 4648.959 )
1246.706: I:39701 (   0.039   0.040 425.471 ) T:3670712 (   0.038   0.040   0.072   0.132 238.079 4648.959 )
1256.705: I:36892 (   0.039   0.040 586.751 ) T:3707604 (   0.038   0.040   0.072   0.131 239.487 4648.959 )
1266.707: I:27821 (   0.039   0.040 954.879 ) T:3735425 (   0.038   0.040   0.072   0.131 239.487 4648.959 )
1276.705: I:35692 (   0.039   0.040 117.375 ) T:3771117 (   0.038   0.040   0.072   0.131 237.695 4648.959 )
1286.725: I:27999 (   0.039   0.041 286.463 ) T:3799116 (   0.038   0.040   0.072   0.131 237.695 4648.959 )
1296.702: I:34655 (   0.039   0.040 218.367 ) T:3833771 (   0.038   0.040   0.071   0.131 236.031 4648.959 )
1306.701: I:15557 (   0.039   0.041 2488.319 ) T:3849328 (   0.038   0.040   0.071   0.131 237.439 4648.959 )
1316.708: I:24151 (   0.039   0.040 2889.727 ) T:3873479 (   0.038   0.040   0.071   0.130 237.439 4648.959 )
1326.701: I:35446 (   0.039   0.040 381.439 ) T:3908925 (   0.038   0.040   0.071   0.130 236.415 4648.959 )
1336.701: I:22993 (   0.039   0.040 1038.847 ) T:3931918 (   0.038   0.040   0.071   0.130 237.439 4648.959 )
1346.700: I:37698 (   0.039   0.041 472.319 ) T:3969616 (   0.038   0.040   0.071   0.130 236.415 4648.959 )
1356.706: I:39948 (   0.039   0.041 450.047 ) T:4009564 (   0.038   0.040   0.071   0.129 235.519 4648.959 )
1366.706: I:36546 (   0.039   0.041 608.255 ) T:4046110 (   0.038   0.040   0.071   0.129 234.239 4648.959 )
1376.700: I:29516 (   0.039   0.041 1308.671 ) T:4075626 (   0.038   0.040   0.071   0.129 233.855 4648.959 )
1386.700: I:36953 (   0.039   0.041 555.519 ) T:4112579 (   0.038   0.040   0.071   0.129 233.855 4648.959 )
1396.707: I:32978 (   0.039   0.041 856.063 ) T:4145557 (   0.038   0.040   0.071   0.129 234.239 4648.959 )
1406.707: I:26866 (   0.039   0.041 1021.951 ) T:4172423 (   0.038   0.040   0.071   0.128 233.855 4648.959 )
1416.700: I:35258 (   0.039   0.040 323.071 ) T:4207681 (   0.038   0.040   0.071   0.128 233.855 4648.959 )
1426.708: I:30738 (   0.039   0.041 413.951 ) T:4238419 (   0.038   0.040   0.071   0.128 232.703 4648.959 )
1436.708: I:32203 (   0.039   0.041 345.087 ) T:4270622 (   0.038   0.040   0.071   0.128 232.191 4648.959 )
1446.702: I:21106 (   0.039   0.040 2949.119 ) T:4291728 (   0.038   0.040   0.071   0.128 233.855 4648.959 )
1456.707: I:22538 (   0.039   0.041 780.287 ) T:4314266 (   0.038   0.040   0.071   0.128 235.903 4648.959 )
1466.708: I:16005 (   0.039   0.050 295.935 ) T:4330271 (   0.038   0.040   0.071   0.128 236.031 4648.959 )
1476.817: I:28141 (   0.039   0.040 380.927 ) T:4358412 (   0.038   0.040   0.071   0.128 236.031 4648.959 )
1486.707: I:20519 (   0.039   0.041 414.463 ) T:4378931 (   0.038   0.040   0.071   0.128 237.695 4648.959 )
1496.701: I:33777 (   0.039   0.040 649.727 ) T:4412708 (   0.038   0.040   0.071   0.128 237.695 4648.959 )
1506.708: I:29663 (   0.039   0.040 435.199 ) T:4442371 (   0.038   0.040   0.071   0.128 237.695 4648.959 )
1516.707: I:20959 (   0.039   0.046 1011.199 ) T:4463330 (   0.038   0.040   0.071   0.128 237.823 4648.959 )
1526.707: I:26470 (   0.039   0.041 601.087 ) T:4489800 (   0.038   0.040   0.071   0.128 239.487 4648.959 )
1536.754: I:36420 (   0.039   0.040 431.871 ) T:4526220 (   0.038   0.040   0.071   0.128 237.823 4648.959 )
1546.707: I:37847 (   0.039   0.040 182.399 ) T:4564067 (   0.038   0.040   0.071   0.127 237.439 4648.959 )
1556.701: I:35045 (   0.039   0.040 1286.143 ) T:4599112 (   0.038   0.040   0.071   0.127 236.671 4648.959 )
1566.700: I:32994 (   0.039   0.041 772.095 ) T:4632106 (   0.038   0.040   0.071   0.127 236.671 4648.959 )
1576.705: I:39389 (   0.039   0.040 795.135 ) T:4671495 (   0.038   0.040   0.071   0.127 236.031 4648.959 )
1586.708: I:34020 (   0.039   0.040 651.263 ) T:4705515 (   0.038   0.040   0.071   0.127 236.671 4648.959 )
1596.702: I:37438 (   0.039   0.040 1075.199 ) T:4742953 (   0.038   0.040   0.071   0.127 236.415 4648.959 )
1606.700: I:19295 (   0.039   0.056 319.999 ) T:4762248 (   0.038   0.040   0.072   0.127 237.439 4648.959 )
1616.707: I:35170 (   0.039   0.040 1074.175 ) T:4797418 (   0.038   0.040   0.071   0.127 237.823 4648.959 )
1626.700: I:30781 (   0.039   0.040 730.623 ) T:4828199 (   0.038   0.040   0.071   0.126 239.871 4648.959 )
1636.700: I:46775 (   0.039   0.040 538.623 ) T:4874974 (   0.038   0.040   0.071   0.126 237.823 4648.959 )
1646.700: I:38871 (   0.039   0.040 487.167 ) T:4913845 (   0.038   0.040   0.071   0.126 237.823 4648.959 )
1656.700: I:51197 (   0.039   0.041 660.479 ) T:4965042 (   0.038   0.040   0.071   0.126 237.567 4648.959 )
1666.704: I:54219 (   0.039   0.041 762.879 ) T:5019261 (   0.038   0.040   0.071   0.126 236.671 4648.959 )
1676.700: I:49115 (   0.039   0.041 1330.175 ) T:5068376 (   0.038   0.040   0.071   0.125 236.671 4648.959 )
1686.701: I:27773 (   0.039   0.048 295.679 ) T:5096149 (   0.038   0.040   0.071   0.126 236.031 4648.959 )
1696.708: I:39780 (   0.039   0.041 401.151 ) T:5135929 (   0.038   0.040   0.071   0.125 236.031 4648.959 )
1706.707: I:14675 (   0.039   0.040 809.983 ) T:5150604 (   0.038   0.040   0.071   0.125 237.439 4648.959 )
1716.701: I:13073 (   0.039   0.041 745.471 ) T:5163677 (   0.038   0.040   0.071   0.126 237.823 4648.959 )
1726.701: I:21102 (   0.039   0.056 421.119 ) T:5184779 (   0.038   0.040   0.071   0.126 237.695 4648.959 )
1736.704: I:41780 (   0.039   0.041 523.519 ) T:5226559 (   0.038   0.040   0.071   0.126 236.671 4648.959 )
1746.700: I:21882 (   0.039   0.041 326.143 ) T:5248441 (   0.038   0.040   0.071   0.126 237.439 4648.959 )
1756.704: I:35844 (   0.039   0.041 543.231 ) T:5284285 (   0.038   0.040   0.072   0.126 237.567 4648.959 )
1766.707: I:28423 (   0.039   0.041 569.855 ) T:5312708 (   0.038   0.040   0.072   0.125 237.823 4648.959 )
1776.706: I:27227 (   0.039   0.040 611.327 ) T:5339935 (   0.038   0.040   0.072   0.125 237.823 4648.959 )
1786.700: I:44271 (   0.039   0.040 666.623 ) T:5384206 (   0.038   0.040   0.071   0.125 237.823 4648.959 )
1796.700: I:50449 (   0.039   0.041 240.255 ) T:5434655 (   0.038   0.040   0.071   0.125 236.671 4648.959 )
1806.707: I:28610 (   0.039   0.041 354.303 ) T:5463265 (   0.038   0.040   0.072   0.125 236.671 4648.959 )
1816.702: I:32168 (   0.039   0.041 252.927 ) T:5495433 (   0.038   0.040   0.072   0.125 236.031 4648.959 )
1826.707: I:45896 (   0.039   0.041 848.383 ) T:5541329 (   0.039   0.040   0.072   0.125 233.855 4648.959 )
1836.701: I:45037 (   0.039   0.041 354.559 ) T:5586366 (   0.039   0.040   0.072   0.125 233.855 4648.959 )
1846.707: I:19112 (   0.039   0.057 611.327 ) T:5605478 (   0.039   0.040   0.072   0.125 235.519 4648.959 )
1856.707: I:15111 (   0.039   0.058 296.447 ) T:5620589 (   0.039   0.040   0.072   0.125 235.519 4648.959 )
1866.705: I:37130 (   0.039   0.041 438.783 ) T:5657719 (   0.039   0.040   0.072   0.125 235.519 4648.959 )
1876.708: I:33843 (   0.039   0.041 1259.519 ) T:5691562 (   0.039   0.040   0.072   0.125 234.239 4648.959 )
1886.700: I:43189 (   0.039   0.041 568.831 ) T:5734751 (   0.039   0.040   0.072   0.125 232.703 4648.959 )
1896.708: I:32509 (   0.039   0.041 815.615 ) T:5767260 (   0.039   0.040   0.072   0.125 232.191 4648.959 )
1906.700: I:32404 (   0.039   0.041 1358.847 ) T:5799664 (   0.039   0.040   0.072   0.124 231.423 4648.959 )
1916.701: I:34865 (   0.039   0.041 441.087 ) T:5834529 (   0.039   0.040   0.072   0.124 231.423 4648.959 )
1926.706: I:35359 (   0.039   0.041 451.327 ) T:5869888 (   0.039   0.040   0.072   0.124 232.191 4648.959 )
1936.704: I:30793 (   0.039   0.041 221.055 ) T:5900681 (   0.039   0.040   0.072   0.124 229.759 4648.959 )
1946.868: I:29109 (   0.039   0.041 390.399 ) T:5929790 (   0.039   0.040   0.072   0.124 230.655 4648.959 )
1956.708: I:31568 (   0.039   0.041 330.239 ) T:5961358 (   0.039   0.040   0.072   0.124 229.759 4648.959 )
1966.700: I:38266 (   0.039   0.040 593.919 ) T:5999624 (   0.039   0.040   0.072   0.124 228.863 4648.959 )
1976.705: I:27527 (   0.039   0.040 639.487 ) T:6027151 (   0.039   0.040   0.072   0.124 228.863 4648.959 )
1986.706: I:20852 (   0.039   0.045 430.079 ) T:6048003 (   0.039   0.040   0.072   0.124 230.655 4648.959 )
1996.706: I:35012 (   0.039   0.041 449.535 ) T:6083015 (   0.039   0.040   0.072   0.124 229.759 4648.959 )
2006.701: I:28543 (   0.039   0.042 262.911 ) T:6111558 (   0.039   0.040   0.072   0.124 229.759 4648.959 )
2016.707: I:30341 (   0.039   0.041 242.175 ) T:6141899 (   0.039   0.040   0.072   0.124 228.863 4648.959 )
2026.705: I:26813 (   0.039   0.041 3444.735 ) T:6168712 (   0.039   0.040   0.072   0.124 229.759 4648.959 )
2036.708: I:30736 (   0.039   0.041 502.271 ) T:6199448 (   0.039   0.040   0.072   0.124 229.759 4648.959 )
2046.700: I:29110 (   0.039   0.041 691.199 ) T:6228558 (   0.039   0.040   0.072   0.124 229.759 4648.959 )
2056.706: I:29072 (   0.039   0.041 415.231 ) T:6257630 (   0.039   0.040   0.072   0.124 231.039 4648.959 )
2066.704: I:32924 (   0.039   0.041 630.783 ) T:6290554 (   0.039   0.040   0.072   0.124 231.039 4648.959 )
2076.700: I:34979 (   0.039   0.041 1282.047 ) T:6325533 (   0.039   0.040   0.072   0.124 231.423 4648.959 )
2086.707: I:31200 (   0.039   0.041 898.047 ) T:6356733 (   0.039   0.040   0.072   0.124 232.191 4648.959 )
2096.708: I:32642 (   0.039   0.041 1207.295 ) T:6389375 (   0.039   0.040   0.072   0.124 232.191 4648.959 )
2106.702: I:26068 (   0.039   0.041 784.383 ) T:6415443 (   0.039   0.040   0.072   0.124 231.423 4648.959 )
2116.700: I:34346 (   0.039   0.041 510.975 ) T:6449789 (   0.039   0.040   0.072   0.124 231.039 4648.959 )
2126.707: I:36867 (   0.039   0.041 627.711 ) T:6486656 (   0.039   0.040   0.072   0.123 230.015 4648.959 )
2141.301: I:27255 (   0.039   0.041 417.023 ) T:6513911 (   0.039   0.040   0.072   0.123 229.759 4648.959 )
2146.708: I:11870 (   0.039   0.040 965.631 ) T:6525781 (   0.039   0.040   0.072   0.123 230.015 4648.959 )
2156.704: I:33201 (   0.039   0.040 718.335 ) T:6558982 (   0.039   0.040   0.072   0.123 230.655 4648.959 )
2166.710: I:27853 (   0.039   0.040 571.903 ) T:6586835 (   0.039   0.040   0.072   0.123 231.423 4648.959 )
2176.701: I:28692 (   0.039   0.040 1442.815 ) T:6615527 (   0.039   0.040   0.072   0.123 232.703 4648.959 )
2186.700: I:33842 (   0.039   0.041 419.583 ) T:6649369 (   0.039   0.040   0.072   0.123 232.703 4648.959 )
2196.700: I:33991 (   0.039   0.040 380.927 ) T:6683360 (   0.039   0.040   0.072   0.123 231.167 4648.959 )
2206.706: I:28323 (   0.039   0.041 698.367 ) T:6711683 (   0.039   0.040   0.072   0.123 231.167 4648.959 )
2216.703: I:27944 (   0.039   0.041 462.079 ) T:6739627 (   0.039   0.040   0.072   0.123 232.191 4648.959 )
2226.707: I:25902 (   0.039   0.041 641.535 ) T:6765529 (   0.039   0.040   0.072   0.123 232.703 4648.959 )
2236.705: I:27890 (   0.039   0.041 248.447 ) T:6793419 (   0.039   0.040   0.072   0.123 231.423 4648.959 )
2246.707: I:31370 (   0.039   0.041 634.879 ) T:6824789 (   0.039   0.040   0.072   0.123 232.191 4648.959 )
2256.701: I:34807 (   0.039   0.041 606.207 ) T:6859596 (   0.039   0.040   0.072   0.123 231.167 4648.959 )
2266.705: I:33796 (   0.039   0.041 208.383 ) T:6893392 (   0.039   0.040   0.072   0.123 230.015 4648.959 )
2276.706: I:19581 (   0.039   0.041 715.263 ) T:6912973 (   0.039   0.040   0.072   0.123 230.911 4648.959 )
2286.707: I:22360 (   0.039   0.041 394.239 ) T:6935333 (   0.039   0.040   0.072   0.123 232.191 4648.959 )
2296.707: I:36627 (   0.039   0.041 172.031 ) T:6971960 (   0.039   0.040   0.072   0.123 230.911 4648.959 )
2306.706: I:20695 (   0.039   0.041 4065.279 ) T:6992655 (   0.039   0.040   0.072   0.123 231.039 4648.959 )
2316.700: I:32056 (   0.039   0.041 373.247 ) T:7024711 (   0.039   0.040   0.072   0.123 231.167 4648.959 )
2326.708: I:27657 (   0.039   0.041 610.303 ) T:7052368 (   0.039   0.040   0.072   0.123 233.855 4648.959 )
2336.708: I:32690 (   0.039   0.041 865.279 ) T:7085058 (   0.039   0.040   0.072   0.123 232.703 4648.959 )
2346.700: I:30416 (   0.039   0.041 1456.127 ) T:7115474 (   0.039   0.040   0.072   0.123 233.855 4648.959 )
2356.704: I:32711 (   0.039   0.041 565.247 ) T:7148185 (   0.039   0.040   0.072   0.123 232.703 4648.959 )
2366.708: I:34763 (   0.039   0.040 353.791 ) T:7182948 (   0.039   0.040   0.072   0.123 231.167 4648.959 )
2376.708: I:14756 (   0.039   0.041 662.527 ) T:7197704 (   0.039   0.040   0.072   0.123 233.855 4648.959 )
2386.707: I:20777 (   0.039   0.040 472.063 ) T:7218481 (   0.039   0.040   0.072   0.123 234.239 4648.959 )
2396.700: I:38890 (   0.039   0.041 328.959 ) T:7257371 (   0.039   0.040   0.072   0.123 233.855 4648.959 )
2406.701: I:34323 (   0.039   0.041 416.511 ) T:7291694 (   0.039   0.040   0.072   0.123 235.007 4648.959 )
2416.704: I:24199 (   0.039   0.041 1172.479 ) T:7315893 (   0.039   0.040   0.072   0.123 236.031 4648.959 )
2426.704: I:24445 (   0.039   0.041 433.663 ) T:7340338 (   0.039   0.040   0.072   0.123 236.031 4648.959 )
2436.701: I:17790 (   0.039   0.040 306.431 ) T:7358128 (   0.039   0.040   0.072   0.123 236.415 4648.959 )
2446.705: I:25335 (   0.039   0.041 765.439 ) T:7383463 (   0.039   0.040   0.072   0.123 237.567 4648.959 )
2456.707: I:33609 (   0.039   0.040 158.207 ) T:7417072 (   0.039   0.040   0.072   0.123 236.415 4648.959 )
2466.701: I:18937 (   0.039   0.042 737.791 ) T:7436009 (   0.039   0.040   0.072   0.123 237.439 4648.959 )
2476.701: I:34381 (   0.039   0.041 213.887 ) T:7470390 (   0.039   0.040   0.072   0.123 235.903 4648.959 )
2486.701: I:29511 (   0.039   0.040 479.999 ) T:7499901 (   0.039   0.040   0.072   0.123 236.031 4648.959 )
2496.708: I:28598 (   0.039   0.041 1394.687 ) T:7528499 (   0.039   0.040   0.072   0.123 235.647 4648.959 )
2506.707: I:28480 (   0.039   0.040 237.823 ) T:7556979 (   0.039   0.040   0.072   0.123 235.519 4648.959 )
2516.705: I:37137 (   0.039   0.040 1352.703 ) T:7594116 (   0.039   0.040   0.072   0.123 235.519 4648.959 )
2526.701: I:25951 (   0.039   0.040 575.999 ) T:7620067 (   0.039   0.040   0.072   0.123 235.647 4648.959 )
2536.708: I:23529 (   0.039   0.040 305.919 ) T:7643596 (   0.039   0.040   0.072   0.123 235.903 4648.959 )
2546.704: I:34308 (   0.039   0.040 1699.839 ) T:7677904 (   0.039   0.040   0.072   0.123 236.031 4648.959 )
2556.703: I:27017 (   0.039   0.041 504.575 ) T:7704921 (   0.039   0.040   0.072   0.123 236.671 4648.959 )
2566.700: I:34196 (   0.039   0.041 251.775 ) T:7739117 (   0.039   0.040   0.072   0.123 236.031 4648.959 )
2576.705: I:33794 (   0.039   0.041 802.815 ) T:7772911 (   0.039   0.040   0.072   0.123 235.647 4648.959 )
2587.006: I:35102 (   0.039   0.041 945.663 ) T:7808013 (   0.039   0.040   0.072   0.123 235.519 4648.959 )
2596.701: I:34522 (   0.039   0.041 1163.263 ) T:7842535 (   0.039   0.040   0.072   0.123 235.519 4648.959 )
2606.705: I:27160 (   0.039   0.041 902.143 ) T:7869695 (   0.039   0.040   0.072   0.123 235.903 4648.959 )
2616.699: I:28208 (   0.039   0.041 514.815 ) T:7897903 (   0.039   0.040   0.072   0.123 236.031 4648.959 )
2626.707: I:25795 (   0.039   0.041 350.719 ) T:7923698 (   0.039   0.040   0.072   0.123 235.903 4648.959 )
2636.705: I:28614 (   0.039   0.041 478.207 ) T:7952312 (   0.039   0.040   0.071   0.123 235.647 4648.959 )
2646.704: I:38101 (   0.039   0.041 547.839 ) T:7990413 (   0.039   0.040   0.071   0.123 235.519 4648.959 )
2656.704: I:27485 (   0.039   0.041 427.775 ) T:8017898 (   0.039   0.040   0.071   0.123 235.519 4648.959 )
2666.749: I:25247 (   0.039   0.041 614.399 ) T:8043145 (   0.039   0.040   0.071   0.123 235.519 4648.959 )
2676.871: I:19661 (   0.039   0.041 2056.191 ) T:8062806 (   0.039   0.040   0.071   0.123 236.031 4648.959 )
2686.700: I:34793 (   0.039   0.041 499.455 ) T:8097599 (   0.039   0.040   0.071   0.123 235.647 4648.959 )
2696.708: I:32292 (   0.039   0.041 518.911 ) T:8129891 (   0.039   0.040   0.071   0.124 236.671 4648.959 )
2706.827: I:31557 (   0.039   0.040 1081.343 ) T:8161448 (   0.039   0.040   0.071   0.124 236.415 4648.959 )
2716.702: I:34446 (   0.039   0.041 930.815 ) T:8195894 (   0.039   0.040   0.071   0.124 236.671 4648.959 )
2726.706: I:28028 (   0.039   0.041 591.359 ) T:8223922 (   0.039   0.040   0.071   0.124 236.671 4648.959 )
2736.705: I:26477 (   0.039   0.041 742.399 ) T:8250399 (   0.039   0.040   0.071   0.124 237.695 4648.959 )
2746.707: I:28536 (   0.039   0.041 715.263 ) T:8278935 (   0.039   0.041   0.072   0.124 237.567 4648.959 )
2756.706: I:35904 (   0.039   0.041 509.439 ) T:8314839 (   0.039   0.041   0.072   0.124 236.671 4648.959 )
2766.707: I:25000 (   0.039   0.040 326.655 ) T:8339839 (   0.039   0.041   0.071   0.124 236.671 4648.959 )
2776.704: I:27935 (   0.039   0.041 377.343 ) T:8367774 (   0.039   0.041   0.071   0.124 237.311 4648.959 )
2786.707: I:35419 (   0.039   0.041 558.591 ) T:8403193 (   0.039   0.041   0.071   0.124 236.415 4648.959 )
2796.708: I:28306 (   0.039   0.041 406.271 ) T:8431499 (   0.039   0.041   0.071   0.124 236.031 4648.959 )
2806.700: I:33884 (   0.039   0.041 1520.639 ) T:8465383 (   0.039   0.041   0.071   0.124 236.415 4648.959 )
2816.708: I:35397 (   0.039   0.041 390.655 ) T:8500780 (   0.039   0.041   0.071   0.124 236.031 4648.959 )
2826.706: I:39846 (   0.040   0.041 289.791 ) T:8540626 (   0.039   0.041   0.071   0.124 235.647 4648.959 )
2836.706: I:25724 (   0.039   0.041 549.887 ) T:8566350 (   0.039   0.041   0.071   0.124 235.903 4648.959 )
2846.701: I:33232 (   0.039   0.041 1690.623 ) T:8599582 (   0.039   0.041   0.071   0.124 235.647 4648.959 )
2856.701: I:31273 (   0.039   0.041 980.991 ) T:8630855 (   0.039   0.041   0.071   0.124 235.519 4648.959 )
2866.707: I:27096 (   0.039   0.041 908.287 ) T:8657951 (   0.039   0.041   0.071   0.124 236.031 4648.959 )
2876.704: I:25658 (   0.039   0.041 686.079 ) T:8683609 (   0.039   0.041   0.071   0.124 236.671 4648.959 )
2886.700: I:32322 (   0.039   0.041 771.583 ) T:8715931 (   0.039   0.041   0.071   0.124 237.311 4648.959 )
2896.704: I:19922 (   0.040   0.041 750.079 ) T:8735853 (   0.039   0.041   0.071   0.124 237.695 4648.959 )
2906.705: I:36461 (   0.039   0.041 1353.727 ) T:8772314 (   0.039   0.041   0.071   0.124 237.311 4648.959 )
2916.699: I:27764 (   0.039   0.041 697.855 ) T:8800078 (   0.039   0.041   0.071   0.124 237.695 4648.959 )
2926.700: I:27375 (   0.039   0.041 257.151 ) T:8827453 (   0.039   0.041   0.071   0.124 237.567 4648.959 )
2936.707: I:28642 (   0.039   0.041 420.607 ) T:8856095 (   0.039   0.041   0.071   0.124 237.567 4648.959 )
2946.708: I:19440 (   0.039   0.041 2105.343 ) T:8875535 (   0.039   0.041   0.071   0.124 237.567 4648.959 )
2956.700: I:36443 (   0.039   0.041 260.351 ) T:8911978 (   0.039   0.041   0.071   0.124 236.671 4648.959 )
2966.702: I:34901 (   0.039   0.041 674.815 ) T:8946879 (   0.039   0.041   0.071   0.124 236.415 4648.959 )
2976.706: I:27151 (   0.039   0.041 590.335 ) T:8974030 (   0.039   0.041   0.071   0.124 236.415 4648.959 )
2986.782: I:29032 (   0.039   0.041 971.775 ) T:9003062 (   0.039   0.041   0.071   0.124 236.415 4648.959 )
2996.918: I:37240 (   0.039   0.041 447.999 ) T:9040302 (   0.039   0.041   0.071   0.124 236.031 4648.959 )
3006.704: I:15212 (   0.039   0.059 656.895 ) T:9055514 (   0.039   0.041   0.072   0.124 237.567 4648.959 )
3016.707: I:32178 (   0.039   0.041 1462.271 ) T:9087692 (   0.039   0.041   0.072   0.124 237.695 4648.959 )
3026.701: I:23589 (   0.039   0.041 3016.703 ) T:9111281 (   0.039   0.041   0.072   0.124 237.567 4648.959 )
3036.706: I:36596 (   0.039   0.041 610.303 ) T:9147877 (   0.039   0.041   0.072   0.124 237.567 4648.959 )
3046.701: I:27255 (   0.039   0.041 825.343 ) T:9175132 (   0.039   0.041   0.072   0.124 237.567 4648.959 )
3056.701: I:32329 (   0.039   0.041 315.903 ) T:9207461 (   0.039   0.041   0.072   0.124 237.567 4648.959 )
3066.705: I:34297 (   0.039   0.041 1203.199 ) T:9241758 (   0.039   0.041   0.072   0.124 237.567 4648.959 )
3076.706: I:30676 (   0.039   0.041 1378.303 ) T:9272434 (   0.039   0.041   0.072   0.124 237.823 4648.959 )
3086.707: I:29133 (   0.039   0.041 638.975 ) T:9301567 (   0.039   0.041   0.072   0.124 237.823 4648.959 )
3096.705: I:28657 (   0.039   0.041 1090.559 ) T:9330224 (   0.039   0.041   0.071   0.124 237.823 4648.959 )
3106.708: I:31997 (   0.039   0.041 709.631 ) T:9362221 (   0.039   0.041   0.072   0.124 238.079 4648.959 )
3116.707: I:15797 (   0.039   0.041 732.671 ) T:9378018 (   0.039   0.041   0.071   0.124 239.487 4648.959 )
3126.707: I:32409 (   0.039   0.041 536.063 ) T:9410427 (   0.039   0.041   0.071   0.124 239.871 4648.959 )
3136.708: I:29287 (   0.039   0.041 724.479 ) T:9439714 (   0.039   0.041   0.071   0.124 239.999 4648.959 )
3147.525: I:5041 (   0.039   0.041 442.879 ) T:9444755 (   0.039   0.041   0.071   0.124 239.999 4648.959 )
3156.706: I:30160 (   0.039   0.041 1033.727 ) T:9474915 (   0.039   0.041   0.071   0.124 239.999 4648.959 )
3166.708: I:27576 (   0.039   0.041 912.383 ) T:9502491 (   0.039   0.041   0.071   0.124 240.255 4648.959 )
3176.700: I:24559 (   0.039   0.041 596.991 ) T:9527050 (   0.039   0.041   0.071   0.124 240.639 4648.959 )
3186.707: I:25145 (   0.039   0.041 245.247 ) T:9552195 (   0.039   0.041   0.071   0.124 240.255 4648.959 )
3196.825: I:25986 (   0.039   0.041 838.655 ) T:9578181 (   0.039   0.041   0.071   0.124 240.255 4648.959 )
3206.707: I:25882 (   0.039   0.041 696.831 ) T:9604063 (   0.039   0.041   0.071   0.124 241.151 4648.959 )
3216.708: I:29274 (   0.039   0.041 567.295 ) T:9633337 (   0.039   0.041   0.071   0.124 240.639 4648.959 )
3226.700: I:29672 (   0.039   0.041 838.143 ) T:9663009 (   0.039   0.041   0.071   0.124 241.151 4648.959 )
3236.707: I:22642 (   0.039   0.041 777.727 ) T:9685651 (   0.039   0.041   0.071   0.124 241.151 4648.959 )
3246.706: I:34213 (   0.039   0.041 796.159 ) T:9719864 (   0.039   0.041   0.071   0.124 240.639 4648.959 )
3256.708: I:30232 (   0.039   0.041 619.007 ) T:9750096 (   0.039   0.041   0.071   0.124 240.255 4648.959 )
3266.733: I:31451 (   0.039   0.041 724.479 ) T:9781547 (   0.039   0.041   0.071   0.124 240.127 4648.959 )
3276.702: I:32474 (   0.039   0.041 317.439 ) T:9814021 (   0.039   0.041   0.071   0.124 239.999 4648.959 )
3286.959: I:27082 (   0.039   0.041  95.231 ) T:9841103 (   0.039   0.041   0.071   0.124 239.231 4648.959 )
3296.707: I:26294 (   0.039   0.041 562.175 ) T:9867397 (   0.039   0.041   0.071   0.124 239.231 4648.959 )
3306.700: I:16756 (   0.039   0.041 418.047 ) T:9884153 (   0.039   0.041   0.071   0.124 239.231 4648.959 )
3316.700: I:19203 (   0.039   0.041 325.375 ) T:9903356 (   0.039   0.041   0.071   0.124 239.871 4648.959 )
3326.701: I:27912 (   0.039   0.041 325.631 ) T:9931268 (   0.039   0.041   0.071   0.124 239.231 4648.959 )
3336.705: I:33489 (   0.039   0.041 813.055 ) T:9964757 (   0.039   0.041   0.071   0.124 239.231 4648.959 )
3346.708: I:30666 (   0.039   0.041 445.439 ) T:9995423 (   0.039   0.041   0.071   0.124 239.231 4648.959 )
3349.051: I:4577 (   0.039   0.041 152.959 ) T:10000000 (   0.039   0.041   0.071   0.124 238.847 4648.959 )
3349.092: I:0 (   0.000   0.000   0.000 ) T:10000000 (   0.039   0.041   0.071   0.124 238.847 4648.959 )
