#[Interval percentile log between 0.000 and <Infinite> seconds (relative to StartTime)]
#[StartTime: 1524417893.590 (seconds since epoch), Sun Apr 22 19:24:53 CEST 2018]
Time: IntervalPercentiles:count ( 50% 90% Max ) TotalPercentiles:count ( 50% 90% 99% 99.9% 99.99% Max )
9.565: I:1 ( 441.855 441.855 441.855 ) T:1 ( 441.855 441.855 441.855 441.855 441.855 441.855 )
19.561: I:0 (   0.000   0.000   0.000 ) T:1 ( 441.855 441.855 441.855 441.855 441.855 441.855 )
29.560: I:0 (   0.000   0.000   0.000 ) T:1 ( 441.855 441.855 441.855 441.855 441.855 441.855 )
39.559: I:0 (   0.000   0.000   0.000 ) T:1 ( 441.855 441.855 441.855 441.855 441.855 441.855 )
49.559: I:0 (   0.000   0.000   0.000 ) T:1 ( 441.855 441.855 441.855 441.855 441.855 441.855 )
59.562: I:0 (   0.000   0.000   0.000 ) T:1 ( 441.855 441.855 441.855 441.855 441.855 441.855 )
69.559: I:0 (   0.000   0.000   0.000 ) T:1 ( 441.855 441.855 441.855 441.855 441.855 441.855 )
79.559: I:0 (   0.000   0.000   0.000 ) T:1 ( 441.855 441.855 441.855 441.855 441.855 441.855 )
89.559: I:0 (   0.000   0.000   0.000 ) T:1 ( 441.855 441.855 441.855 441.855 441.855 441.855 )
99.559: I:0 (   0.000   0.000   0.000 ) T:1 ( 441.855 441.855 441.855 441.855 441.855 441.855 )
109.559: I:0 (   0.000   0.000   0.000 ) T:1 ( 441.855 441.855 441.855 441.855 441.855 441.855 )
119.559: I:0 (   0.000   0.000   0.000 ) T:1 ( 441.855 441.855 441.855 441.855 441.855 441.855 )
129.559: I:0 (   0.000   0.000   0.000 ) T:1 ( 441.855 441.855 441.855 441.855 441.855 441.855 )
139.559: I:0 (   0.000   0.000   0.000 ) T:1 ( 441.855 441.855 441.855 441.855 441.855 441.855 )
149.559: I:0 (   0.000   0.000   0.000 ) T:1 ( 441.855 441.855 441.855 441.855 441.855 441.855 )
159.559: I:0 (   0.000   0.000   0.000 ) T:1 ( 441.855 441.855 441.855 441.855 441.855 441.855 )
169.558: I:0 (   0.000   0.000   0.000 ) T:1 ( 441.855 441.855 441.855 441.855 441.855 441.855 )
179.559: I:0 (   0.000   0.000   0.000 ) T:1 ( 441.855 441.855 441.855 441.855 441.855 441.855 )
189.559: I:0 (   0.000   0.000   0.000 ) T:1 ( 441.855 441.855 441.855 441.855 441.855 441.855 )
199.559: I:0 (   0.000   0.000   0.000 ) T:1 ( 441.855 441.855 441.855 441.855 441.855 441.855 )
209.559: I:0 (   0.000   0.000   0.000 ) T:1 ( 441.855 441.855 441.855 441.855 441.855 441.855 )
219.559: I:0 (   0.000   0.000   0.000 ) T:1 ( 441.855 441.855 441.855 441.855 441.855 441.855 )
229.558: I:0 (   0.000   0.000   0.000 ) T:1 ( 441.855 441.855 441.855 441.855 441.855 441.855 )
239.558: I:0 (   0.000   0.000   0.000 ) T:1 ( 441.855 441.855 441.855 441.855 441.855 441.855 )
249.559: I:0 (   0.000   0.000   0.000 ) T:1 ( 441.855 441.855 441.855 441.855 441.855 441.855 )
259.558: I:0 (   0.000   0.000   0.000 ) T:1 ( 441.855 441.855 441.855 441.855 441.855 441.855 )
269.559: I:0 (   0.000   0.000   0.000 ) T:1 ( 441.855 441.855 441.855 441.855 441.855 441.855 )
279.559: I:0 (   0.000   0.000   0.000 ) T:1 ( 441.855 441.855 441.855 441.855 441.855 441.855 )
289.559: I:0 (   0.000   0.000   0.000 ) T:1 ( 441.855 441.855 441.855 441.855 441.855 441.855 )
299.559: I:0 (   0.000   0.000   0.000 ) T:1 ( 441.855 441.855 441.855 441.855 441.855 441.855 )
309.559: I:0 (   0.000   0.000   0.000 ) T:1 ( 441.855 441.855 441.855 441.855 441.855 441.855 )
319.559: I:0 (   0.000   0.000   0.000 ) T:1 ( 441.855 441.855 441.855 441.855 441.855 441.855 )
329.558: I:0 (   0.000   0.000   0.000 ) T:1 ( 441.855 441.855 441.855 441.855 441.855 441.855 )
339.558: I:0 (   0.000   0.000   0.000 ) T:1 ( 441.855 441.855 441.855 441.855 441.855 441.855 )
349.559: I:0 (   0.000   0.000   0.000 ) T:1 ( 441.855 441.855 441.855 441.855 441.855 441.855 )
359.558: I:0 (   0.000   0.000   0.000 ) T:1 ( 441.855 441.855 441.855 441.855 441.855 441.855 )
369.559: I:0 (   0.000   0.000   0.000 ) T:1 ( 441.855 441.855 441.855 441.855 441.855 441.855 )
379.558: I:0 (   0.000   0.000   0.000 ) T:1 ( 441.855 441.855 441.855 441.855 441.855 441.855 )
389.559: I:0 (   0.000   0.000   0.000 ) T:1 ( 441.855 441.855 441.855 441.855 441.855 441.855 )
399.558: I:0 (   0.000   0.000   0.000 ) T:1 ( 441.855 441.855 441.855 441.855 441.855 441.855 )
409.559: I:0 (   0.000   0.000   0.000 ) T:1 ( 441.855 441.855 441.855 441.855 441.855 441.855 )
419.559: I:0 (   0.000   0.000   0.000 ) T:1 ( 441.855 441.855 441.855 441.855 441.855 441.855 )
429.558: I:0 (   0.000   0.000   0.000 ) T:1 ( 441.855 441.855 441.855 441.855 441.855 441.855 )
439.558: I:0 (   0.000   0.000   0.000 ) T:1 ( 441.855 441.855 441.855 441.855 441.855 441.855 )
449.558: I:0 (   0.000   0.000   0.000 ) T:1 ( 441.855 441.855 441.855 441.855 441.855 441.855 )
459.558: I:0 (   0.000   0.000   0.000 ) T:1 ( 441.855 441.855 441.855 441.855 441.855 441.855 )
469.559: I:0 (   0.000   0.000   0.000 ) T:1 ( 441.855 441.855 441.855 441.855 441.855 441.855 )
479.558: I:0 (   0.000   0.000   0.000 ) T:1 ( 441.855 441.855 441.855 441.855 441.855 441.855 )
489.559: I:0 (   0.000   0.000   0.000 ) T:1 ( 441.855 441.855 441.855 441.855 441.855 441.855 )
499.559: I:0 (   0.000   0.000   0.000 ) T:1 ( 441.855 441.855 441.855 441.855 441.855 441.855 )
509.559: I:0 (   0.000   0.000   0.000 ) T:1 ( 441.855 441.855 441.855 441.855 441.855 441.855 )
519.558: I:0 (   0.000   0.000   0.000 ) T:1 ( 441.855 441.855 441.855 441.855 441.855 441.855 )
529.559: I:0 (   0.000   0.000   0.000 ) T:1 ( 441.855 441.855 441.855 441.855 441.855 441.855 )
539.558: I:0 (   0.000   0.000   0.000 ) T:1 ( 441.855 441.855 441.855 441.855 441.855 441.855 )
549.558: I:0 (   0.000   0.000   0.000 ) T:1 ( 441.855 441.855 441.855 441.855 441.855 441.855 )
559.558: I:0 (   0.000   0.000   0.000 ) T:1 ( 441.855 441.855 441.855 441.855 441.855 441.855 )
569.558: I:0 (   0.000   0.000   0.000 ) T:1 ( 441.855 441.855 441.855 441.855 441.855 441.855 )
579.558: I:0 (   0.000   0.000   0.000 ) T:1 ( 441.855 441.855 441.855 441.855 441.855 441.855 )
589.558: I:0 (   0.000   0.000   0.000 ) T:1 ( 441.855 441.855 441.855 441.855 441.855 441.855 )
599.559: I:0 (   0.000   0.000   0.000 ) T:1 ( 441.855 441.855 441.855 441.855 441.855 441.855 )
609.558: I:0 (   0.000   0.000   0.000 ) T:1 ( 441.855 441.855 441.855 441.855 441.855 441.855 )
619.558: I:0 (   0.000   0.000   0.000 ) T:1 ( 441.855 441.855 441.855 441.855 441.855 441.855 )
629.558: I:0 (   0.000   0.000   0.000 ) T:1 ( 441.855 441.855 441.855 441.855 441.855 441.855 )
639.558: I:0 (   0.000   0.000   0.000 ) T:1 ( 441.855 441.855 441.855 441.855 441.855 441.855 )
649.558: I:0 (   0.000   0.000   0.000 ) T:1 ( 441.855 441.855 441.855 441.855 441.855 441.855 )
659.559: I:0 (   0.000   0.000   0.000 ) T:1 ( 441.855 441.855 441.855 441.855 441.855 441.855 )
669.558: I:0 (   0.000   0.000   0.000 ) T:1 ( 441.855 441.855 441.855 441.855 441.855 441.855 )
679.558: I:0 (   0.000   0.000   0.000 ) T:1 ( 441.855 441.855 441.855 441.855 441.855 441.855 )
689.558: I:0 (   0.000   0.000   0.000 ) T:1 ( 441.855 441.855 441.855 441.855 441.855 441.855 )
699.559: I:0 (   0.000   0.000   0.000 ) T:1 ( 441.855 441.855 441.855 441.855 441.855 441.855 )
709.558: I:0 (   0.000   0.000   0.000 ) T:1 ( 441.855 441.855 441.855 441.855 441.855 441.855 )
719.558: I:0 (   0.000   0.000   0.000 ) T:1 ( 441.855 441.855 441.855 441.855 441.855 441.855 )
729.559: I:0 (   0.000   0.000   0.000 ) T:1 ( 441.855 441.855 441.855 441.855 441.855 441.855 )
739.558: I:0 (   0.000   0.000   0.000 ) T:1 ( 441.855 441.855 441.855 441.855 441.855 441.855 )
749.558: I:0 (   0.000   0.000   0.000 ) T:1 ( 441.855 441.855 441.855 441.855 441.855 441.855 )
759.559: I:0 (   0.000   0.000   0.000 ) T:1 ( 441.855 441.855 441.855 441.855 441.855 441.855 )
769.558: I:0 (   0.000   0.000   0.000 ) T:1 ( 441.855 441.855 441.855 441.855 441.855 441.855 )
779.558: I:0 (   0.000   0.000   0.000 ) T:1 ( 441.855 441.855 441.855 441.855 441.855 441.855 )
789.558: I:0 (   0.000   0.000   0.000 ) T:1 ( 441.855 441.855 441.855 441.855 441.855 441.855 )
799.558: I:0 (   0.000   0.000   0.000 ) T:1 ( 441.855 441.855 441.855 441.855 441.855 441.855 )
809.558: I:0 (   0.000   0.000   0.000 ) T:1 ( 441.855 441.855 441.855 441.855 441.855 441.855 )
819.558: I:0 (   0.000   0.000   0.000 ) T:1 ( 441.855 441.855 441.855 441.855 441.855 441.855 )
829.558: I:0 (   0.000   0.000   0.000 ) T:1 ( 441.855 441.855 441.855 441.855 441.855 441.855 )
839.558: I:0 (   0.000   0.000   0.000 ) T:1 ( 441.855 441.855 441.855 441.855 441.855 441.855 )
849.559: I:0 (   0.000   0.000   0.000 ) T:1 ( 441.855 441.855 441.855 441.855 441.855 441.855 )
859.558: I:0 (   0.000   0.000   0.000 ) T:1 ( 441.855 441.855 441.855 441.855 441.855 441.855 )
869.558: I:0 (   0.000   0.000   0.000 ) T:1 ( 441.855 441.855 441.855 441.855 441.855 441.855 )
879.558: I:0 (   0.000   0.000   0.000 ) T:1 ( 441.855 441.855 441.855 441.855 441.855 441.855 )
889.558: I:0 (   0.000   0.000   0.000 ) T:1 ( 441.855 441.855 441.855 441.855 441.855 441.855 )
899.558: I:0 (   0.000   0.000   0.000 ) T:1 ( 441.855 441.855 441.855 441.855 441.855 441.855 )
909.558: I:0 (   0.000   0.000   0.000 ) T:1 ( 441.855 441.855 441.855 441.855 441.855 441.855 )
919.558: I:0 (   0.000   0.000   0.000 ) T:1 ( 441.855 441.855 441.855 441.855 441.855 441.855 )
929.558: I:0 (   0.000   0.000   0.000 ) T:1 ( 441.855 441.855 441.855 441.855 441.855 441.855 )
939.558: I:0 (   0.000   0.000   0.000 ) T:1 ( 441.855 441.855 441.855 441.855 441.855 441.855 )
949.558: I:0 (   0.000   0.000   0.000 ) T:1 ( 441.855 441.855 441.855 441.855 441.855 441.855 )
959.559: I:0 (   0.000   0.000   0.000 ) T:1 ( 441.855 441.855 441.855 441.855 441.855 441.855 )
969.558: I:0 (   0.000   0.000   0.000 ) T:1 ( 441.855 441.855 441.855 441.855 441.855 441.855 )
979.558: I:0 (   0.000   0.000   0.000 ) T:1 ( 441.855 441.855 441.855 441.855 441.855 441.855 )
989.558: I:0 (   0.000   0.000   0.000 ) T:1 ( 441.855 441.855 441.855 441.855 441.855 441.855 )
999.558: I:0 (   0.000   0.000   0.000 ) T:1 ( 441.855 441.855 441.855 441.855 441.855 441.855 )
1009.558: I:0 (   0.000   0.000   0.000 ) T:1 ( 441.855 441.855 441.855 441.855 441.855 441.855 )
1019.558: I:0 (   0.000   0.000   0.000 ) T:1 ( 441.855 441.855 441.855 441.855 441.855 441.855 )
1029.558: I:0 (   0.000   0.000   0.000 ) T:1 ( 441.855 441.855 441.855 441.855 441.855 441.855 )
1039.558: I:0 (   0.000   0.000   0.000 ) T:1 ( 441.855 441.855 441.855 441.855 441.855 441.855 )
1049.558: I:0 (   0.000   0.000   0.000 ) T:1 ( 441.855 441.855 441.855 441.855 441.855 441.855 )
1059.559: I:0 (   0.000   0.000   0.000 ) T:1 ( 441.855 441.855 441.855 441.855 441.855 441.855 )
1069.558: I:0 (   0.000   0.000   0.000 ) T:1 ( 441.855 441.855 441.855 441.855 441.855 441.855 )
1079.558: I:0 (   0.000   0.000   0.000 ) T:1 ( 441.855 441.855 441.855 441.855 441.855 441.855 )
1089.558: I:0 (   0.000   0.000   0.000 ) T:1 ( 441.855 441.855 441.855 441.855 441.855 441.855 )
1099.558: I:0 (   0.000   0.000   0.000 ) T:1 ( 441.855 441.855 441.855 441.855 441.855 441.855 )
1109.558: I:0 (   0.000   0.000   0.000 ) T:1 ( 441.855 441.855 441.855 441.855 441.855 441.855 )
1119.559: I:0 (   0.000   0.000   0.000 ) T:1 ( 441.855 441.855 441.855 441.855 441.855 441.855 )
1129.558: I:0 (   0.000   0.000   0.000 ) T:1 ( 441.855 441.855 441.855 441.855 441.855 441.855 )
1139.558: I:0 (   0.000   0.000   0.000 ) T:1 ( 441.855 441.855 441.855 441.855 441.855 441.855 )
1149.558: I:0 (   0.000   0.000   0.000 ) T:1 ( 441.855 441.855 441.855 441.855 441.855 441.855 )
1159.558: I:0 (   0.000   0.000   0.000 ) T:1 ( 441.855 441.855 441.855 441.855 441.855 441.855 )
1169.561: I:0 (   0.000   0.000   0.000 ) T:1 ( 441.855 441.855 441.855 441.855 441.855 441.855 )
1179.558: I:0 (   0.000   0.000   0.000 ) T:1 ( 441.855 441.855 441.855 441.855 441.855 441.855 )
1189.558: I:0 (   0.000   0.000   0.000 ) T:1 ( 441.855 441.855 441.855 441.855 441.855 441.855 )
1199.558: I:0 (   0.000   0.000   0.000 ) T:1 ( 441.855 441.855 441.855 441.855 441.855 441.855 )
1209.558: I:0 (   0.000   0.000   0.000 ) T:1 ( 441.855 441.855 441.855 441.855 441.855 441.855 )
1219.558: I:0 (   0.000   0.000   0.000 ) T:1 ( 441.855 441.855 441.855 441.855 441.855 441.855 )
1229.558: I:0 (   0.000   0.000   0.000 ) T:1 ( 441.855 441.855 441.855 441.855 441.855 441.855 )
1239.558: I:0 (   0.000   0.000   0.000 ) T:1 ( 441.855 441.855 441.855 441.855 441.855 441.855 )
1249.558: I:0 (   0.000   0.000   0.000 ) T:1 ( 441.855 441.855 441.855 441.855 441.855 441.855 )
1259.558: I:0 (   0.000   0.000   0.000 ) T:1 ( 441.855 441.855 441.855 441.855 441.855 441.855 )
1269.558: I:0 (   0.000   0.000   0.000 ) T:1 ( 441.855 441.855 441.855 441.855 441.855 441.855 )
1279.558: I:0 (   0.000   0.000   0.000 ) T:1 ( 441.855 441.855 441.855 441.855 441.855 441.855 )
1289.558: I:0 (   0.000   0.000   0.000 ) T:1 ( 441.855 441.855 441.855 441.855 441.855 441.855 )
1299.558: I:0 (   0.000   0.000   0.000 ) T:1 ( 441.855 441.855 441.855 441.855 441.855 441.855 )
1309.558: I:0 (   0.000   0.000   0.000 ) T:1 ( 441.855 441.855 441.855 441.855 441.855 441.855 )
1319.558: I:0 (   0.000   0.000   0.000 ) T:1 ( 441.855 441.855 441.855 441.855 441.855 441.855 )
1329.558: I:0 (   0.000   0.000   0.000 ) T:1 ( 441.855 441.855 441.855 441.855 441.855 441.855 )
1339.558: I:0 (   0.000   0.000   0.000 ) T:1 ( 441.855 441.855 441.855 441.855 441.855 441.855 )
1349.558: I:0 (   0.000   0.000   0.000 ) T:1 ( 441.855 441.855 441.855 441.855 441.855 441.855 )
1359.558: I:0 (   0.000   0.000   0.000 ) T:1 ( 441.855 441.855 441.855 441.855 441.855 441.855 )
1369.558: I:0 (   0.000   0.000   0.000 ) T:1 ( 441.855 441.855 441.855 441.855 441.855 441.855 )
1379.558: I:0 (   0.000   0.000   0.000 ) T:1 ( 441.855 441.855 441.855 441.855 441.855 441.855 )
1389.558: I:0 (   0.000   0.000   0.000 ) T:1 ( 441.855 441.855 441.855 441.855 441.855 441.855 )
1399.558: I:0 (   0.000   0.000   0.000 ) T:1 ( 441.855 441.855 441.855 441.855 441.855 441.855 )
1409.558: I:0 (   0.000   0.000   0.000 ) T:1 ( 441.855 441.855 441.855 441.855 441.855 441.855 )
1419.558: I:0 (   0.000   0.000   0.000 ) T:1 ( 441.855 441.855 441.855 441.855 441.855 441.855 )
1429.558: I:0 (   0.000   0.000   0.000 ) T:1 ( 441.855 441.855 441.855 441.855 441.855 441.855 )
1439.558: I:0 (   0.000   0.000   0.000 ) T:1 ( 441.855 441.855 441.855 441.855 441.855 441.855 )
1449.558: I:0 (   0.000   0.000   0.000 ) T:1 ( 441.855 441.855 441.855 441.855 441.855 441.855 )
1459.558: I:0 (   0.000   0.000   0.000 ) T:1 ( 441.855 441.855 441.855 441.855 441.855 441.855 )
1469.558: I:0 (   0.000   0.000   0.000 ) T:1 ( 441.855 441.855 441.855 441.855 441.855 441.855 )
1479.558: I:0 (   0.000   0.000   0.000 ) T:1 ( 441.855 441.855 441.855 441.855 441.855 441.855 )
1489.558: I:0 (   0.000   0.000   0.000 ) T:1 ( 441.855 441.855 441.855 441.855 441.855 441.855 )
1499.558: I:0 (   0.000   0.000   0.000 ) T:1 ( 441.855 441.855 441.855 441.855 441.855 441.855 )
1509.558: I:0 (   0.000   0.000   0.000 ) T:1 ( 441.855 441.855 441.855 441.855 441.855 441.855 )
1519.558: I:0 (   0.000   0.000   0.000 ) T:1 ( 441.855 441.855 441.855 441.855 441.855 441.855 )
1529.558: I:0 (   0.000   0.000   0.000 ) T:1 ( 441.855 441.855 441.855 441.855 441.855 441.855 )
1539.558: I:0 (   0.000   0.000   0.000 ) T:1 ( 441.855 441.855 441.855 441.855 441.855 441.855 )
1549.558: I:0 (   0.000   0.000   0.000 ) T:1 ( 441.855 441.855 441.855 441.855 441.855 441.855 )
1559.558: I:0 (   0.000   0.000   0.000 ) T:1 ( 441.855 441.855 441.855 441.855 441.855 441.855 )
1569.558: I:0 (   0.000   0.000   0.000 ) T:1 ( 441.855 441.855 441.855 441.855 441.855 441.855 )
1579.558: I:0 (   0.000   0.000   0.000 ) T:1 ( 441.855 441.855 441.855 441.855 441.855 441.855 )
1589.558: I:0 (   0.000   0.000   0.000 ) T:1 ( 441.855 441.855 441.855 441.855 441.855 441.855 )
1599.558: I:0 (   0.000   0.000   0.000 ) T:1 ( 441.855 441.855 441.855 441.855 441.855 441.855 )
1609.558: I:0 (   0.000   0.000   0.000 ) T:1 ( 441.855 441.855 441.855 441.855 441.855 441.855 )
1619.558: I:0 (   0.000   0.000   0.000 ) T:1 ( 441.855 441.855 441.855 441.855 441.855 441.855 )
