#[Interval percentile log between 0.000 and <Infinite> seconds (relative to StartTime)]
#[StartTime: 1524606625.904 (seconds since epoch), Tue Apr 24 23:50:25 CEST 2018]
Time: IntervalPercentiles:count ( 50% 90% Max ) TotalPercentiles:count ( 50% 90% 99% 99.9% 99.99% Max )
10.013: I:1 (   0.000   0.000   0.000 ) T:1 (   0.000   0.000   0.000   0.000   0.000   0.000 )
19.995: I:1 (   0.050   0.050   0.050 ) T:2 (   0.000   0.050   0.050   0.050   0.050   0.050 )
29.992: I:1 (   0.016   0.016   0.016 ) T:3 (   0.016   0.050   0.050   0.050   0.050   0.050 )
39.990: I:1 (   0.015   0.015   0.015 ) T:4 (   0.015   0.050   0.050   0.050   0.050   0.050 )
49.991: I:1 (   0.012   0.012   0.012 ) T:5 (   0.015   0.050   0.050   0.050   0.050   0.050 )
59.988: I:1 (   0.017   0.017   0.017 ) T:6 (   0.015   0.050   0.050   0.050   0.050   0.050 )
69.991: I:1 (   0.016   0.016   0.016 ) T:7 (   0.016   0.050   0.050   0.050   0.050   0.050 )
79.990: I:1 (   0.015   0.015   0.015 ) T:8 (   0.015   0.050   0.050   0.050   0.050   0.050 )
89.991: I:1 (   0.025   0.025   0.025 ) T:9 (   0.016   0.050   0.050   0.050   0.050   0.050 )
99.990: I:1 (   0.022   0.022   0.022 ) T:10 (   0.016   0.025   0.050   0.050   0.050   0.050 )
109.991: I:1 (   0.024   0.024   0.024 ) T:11 (   0.016   0.025   0.050   0.050   0.050   0.050 )
119.991: I:1 (   0.028   0.028   0.028 ) T:12 (   0.016   0.028   0.050   0.050   0.050   0.050 )
129.993: I:1 (   0.034   0.034   0.034 ) T:13 (   0.017   0.034   0.050   0.050   0.050   0.050 )
139.989: I:1 (   0.031   0.031   0.031 ) T:14 (   0.017   0.034   0.050   0.050   0.050   0.050 )
149.991: I:1 (   0.044   0.044   0.044 ) T:15 (   0.022   0.044   0.050   0.050   0.050   0.050 )
159.989: I:1 (   0.053   0.053   0.053 ) T:16 (   0.022   0.050   0.053   0.053   0.053   0.053 )
169.991: I:1 (   0.053   0.053   0.053 ) T:17 (   0.024   0.053   0.053   0.053   0.053   0.053 )
179.990: I:1 (   0.036   0.036   0.036 ) T:18 (   0.024   0.053   0.053   0.053   0.053   0.053 )
189.990: I:1 (   0.054   0.054   0.054 ) T:19 (   0.025   0.053   0.054   0.054   0.054   0.054 )
199.989: I:1 (   0.074   0.074   0.074 ) T:20 (   0.025   0.053   0.074   0.074   0.074   0.074 )
209.991: I:1 (   0.028   0.028   0.028 ) T:21 (   0.028   0.053   0.074   0.074   0.074   0.074 )
219.990: I:1 (   0.025   0.025   0.025 ) T:22 (   0.025   0.053   0.074   0.074   0.074   0.074 )
229.989: I:1 (   0.028   0.028   0.028 ) T:23 (   0.028   0.053   0.074   0.074   0.074   0.074 )
239.990: I:1 (   0.030   0.030   0.030 ) T:24 (   0.028   0.053   0.074   0.074   0.074   0.074 )
249.989: I:1 (   0.024   0.024   0.024 ) T:25 (   0.028   0.053   0.074   0.074   0.074   0.074 )
259.993: I:1 (   0.030   0.030   0.030 ) T:26 (   0.028   0.053   0.074   0.074   0.074   0.074 )
269.991: I:1 (   0.035   0.035   0.035 ) T:27 (   0.028   0.053   0.074   0.074   0.074   0.074 )
279.994: I:1 (   0.021   0.021   0.021 ) T:28 (   0.028   0.053   0.074   0.074   0.074   0.074 )
289.991: I:1 (   0.019   0.019   0.019 ) T:29 (   0.028   0.053   0.074   0.074   0.074   0.074 )
299.992: I:1 (   0.024   0.024   0.024 ) T:30 (   0.025   0.053   0.074   0.074   0.074   0.074 )
309.989: I:1 (   0.021   0.021   0.021 ) T:31 (   0.025   0.053   0.074   0.074   0.074   0.074 )
319.989: I:1 (   0.034   0.034   0.034 ) T:32 (   0.025   0.053   0.074   0.074   0.074   0.074 )
329.990: I:1 (   0.029   0.029   0.029 ) T:33 (   0.028   0.053   0.074   0.074   0.074   0.074 )
339.990: I:1 (   0.027   0.027   0.027 ) T:34 (   0.027   0.053   0.074   0.074   0.074   0.074 )
349.991: I:1 (   0.028   0.028   0.028 ) T:35 (   0.028   0.053   0.074   0.074   0.074   0.074 )
359.990: I:1 (   0.034   0.034   0.034 ) T:36 (   0.028   0.053   0.074   0.074   0.074   0.074 )
369.992: I:1 (   0.024   0.024   0.024 ) T:37 (   0.028   0.053   0.074   0.074   0.074   0.074 )
379.990: I:1 (   0.021   0.021   0.021 ) T:38 (   0.027   0.053   0.074   0.074   0.074   0.074 )
389.990: I:1 (   0.034   0.034   0.034 ) T:39 (   0.028   0.053   0.074   0.074   0.074   0.074 )
399.993: I:1 (   0.031   0.031   0.031 ) T:40 (   0.028   0.050   0.074   0.074   0.074   0.074 )
409.990: I:1 (   0.032   0.032   0.032 ) T:41 (   0.028   0.050   0.074   0.074   0.074   0.074 )
419.985: I:1 (   0.021   0.021   0.021 ) T:42 (   0.028   0.050   0.074   0.074   0.074   0.074 )
429.989: I:1 (   0.035   0.035   0.035 ) T:43 (   0.028   0.050   0.074   0.074   0.074   0.074 )
439.989: I:1 (   0.027   0.027   0.027 ) T:44 (   0.028   0.050   0.074   0.074   0.074   0.074 )
449.988: I:1 (   0.028   0.028   0.028 ) T:45 (   0.028   0.050   0.074   0.074   0.074   0.074 )
459.990: I:1 (   0.031   0.031   0.031 ) T:46 (   0.028   0.050   0.074   0.074   0.074   0.074 )
469.990: I:1 (   0.030   0.030   0.030 ) T:47 (   0.028   0.050   0.074   0.074   0.074   0.074 )
479.990: I:1 (   0.028   0.028   0.028 ) T:48 (   0.028   0.050   0.074   0.074   0.074   0.074 )
489.989: I:1 (   0.030   0.030   0.030 ) T:49 (   0.028   0.050   0.074   0.074   0.074   0.074 )
499.990: I:1 (   0.025   0.025   0.025 ) T:50 (   0.028   0.044   0.074   0.074   0.074   0.074 )
509.991: I:1 (   0.031   0.031   0.031 ) T:51 (   0.028   0.044   0.074   0.074   0.074   0.074 )
519.990: I:1 (   0.035   0.035   0.035 ) T:52 (   0.028   0.044   0.074   0.074   0.074   0.074 )
529.990: I:1 (   0.026   0.026   0.026 ) T:53 (   0.028   0.044   0.074   0.074   0.074   0.074 )
540.283: I:1 (   0.028   0.028   0.028 ) T:54 (   0.028   0.044   0.074   0.074   0.074   0.074 )
549.984: I:1 (   0.026   0.026   0.026 ) T:55 (   0.028   0.044   0.074   0.074   0.074   0.074 )
559.991: I:1 (   0.033   0.033   0.033 ) T:56 (   0.028   0.044   0.074   0.074   0.074   0.074 )
569.990: I:1 (   0.026   0.026   0.026 ) T:57 (   0.028   0.044   0.074   0.074   0.074   0.074 )
579.986: I:1 (   0.117   0.117   0.117 ) T:58 (   0.028   0.050   0.117   0.117   0.117   0.117 )
589.987: I:1 (   0.041   0.041   0.041 ) T:59 (   0.028   0.050   0.117   0.117   0.117   0.117 )
599.991: I:1 (   0.038   0.038   0.038 ) T:60 (   0.028   0.044   0.117   0.117   0.117   0.117 )
609.990: I:1 (   0.042   0.042   0.042 ) T:61 (   0.028   0.044   0.117   0.117   0.117   0.117 )
619.987: I:1 (   0.043   0.043   0.043 ) T:62 (   0.028   0.044   0.117   0.117   0.117   0.117 )
629.989: I:1 (   0.040   0.040   0.040 ) T:63 (   0.028   0.044   0.117   0.117   0.117   0.117 )
639.989: I:1 (   0.029   0.029   0.029 ) T:64 (   0.028   0.044   0.117   0.117   0.117   0.117 )
649.988: I:1 (   0.040   0.040   0.040 ) T:65 (   0.029   0.044   0.117   0.117   0.117   0.117 )
659.988: I:1 (   0.041   0.041   0.041 ) T:66 (   0.029   0.044   0.117   0.117   0.117   0.117 )
669.989: I:1 (   0.046   0.046   0.046 ) T:67 (   0.029   0.046   0.117   0.117   0.117   0.117 )
679.990: I:1 (   0.039   0.039   0.039 ) T:68 (   0.029   0.046   0.117   0.117   0.117   0.117 )
689.988: I:1 (   0.043   0.043   0.043 ) T:69 (   0.030   0.046   0.117   0.117   0.117   0.117 )
699.992: I:1 (   0.031   0.031   0.031 ) T:70 (   0.030   0.044   0.117   0.117   0.117   0.117 )
709.988: I:1 (   0.041   0.041   0.041 ) T:71 (   0.030   0.044   0.117   0.117   0.117   0.117 )
719.989: I:1 (   0.038   0.038   0.038 ) T:72 (   0.030   0.044   0.117   0.117   0.117   0.117 )
729.990: I:1 (   0.039   0.039   0.039 ) T:73 (   0.030   0.044   0.117   0.117   0.117   0.117 )
739.991: I:1 (   0.041   0.041   0.041 ) T:74 (   0.030   0.044   0.117   0.117   0.117   0.117 )
749.987: I:1 (   0.044   0.044   0.044 ) T:75 (   0.030   0.044   0.117   0.117   0.117   0.117 )
759.988: I:1 (   0.028   0.028   0.028 ) T:76 (   0.030   0.044   0.117   0.117   0.117   0.117 )
769.987: I:1 (   0.044   0.044   0.044 ) T:77 (   0.030   0.044   0.117   0.117   0.117   0.117 )
779.987: I:1 (   0.065   0.065   0.065 ) T:78 (   0.030   0.046   0.117   0.117   0.117   0.117 )
789.987: I:1 (   0.037   0.037   0.037 ) T:79 (   0.031   0.046   0.117   0.117   0.117   0.117 )
799.988: I:1 (   0.026   0.026   0.026 ) T:80 (   0.030   0.044   0.117   0.117   0.117   0.117 )
809.995: I:1 (   0.037   0.037   0.037 ) T:81 (   0.031   0.044   0.117   0.117   0.117   0.117 )
819.988: I:1 (   0.035   0.035   0.035 ) T:82 (   0.031   0.044   0.117   0.117   0.117   0.117 )
829.991: I:1 (   0.039   0.039   0.039 ) T:83 (   0.031   0.044   0.117   0.117   0.117   0.117 )
839.991: I:1 (   0.038   0.038   0.038 ) T:84 (   0.031   0.044   0.117   0.117   0.117   0.117 )
849.991: I:1 (   0.030   0.030   0.030 ) T:85 (   0.031   0.044   0.117   0.117   0.117   0.117 )
859.990: I:1 (   0.024   0.024   0.024 ) T:86 (   0.031   0.044   0.117   0.117   0.117   0.117 )
869.989: I:1 (   0.036   0.036   0.036 ) T:87 (   0.031   0.044   0.117   0.117   0.117   0.117 )
879.990: I:1 (   0.031   0.031   0.031 ) T:88 (   0.031   0.044   0.117   0.117   0.117   0.117 )
889.986: I:1 (   0.027   0.027   0.027 ) T:89 (   0.031   0.044   0.117   0.117   0.117   0.117 )
899.985: I:1 (   0.044   0.044   0.044 ) T:90 (   0.031   0.044   0.117   0.117   0.117   0.117 )
909.985: I:1 (   0.039   0.039   0.039 ) T:91 (   0.031   0.044   0.117   0.117   0.117   0.117 )
919.990: I:1 (   0.035   0.035   0.035 ) T:92 (   0.031   0.044   0.117   0.117   0.117   0.117 )
929.990: I:1 (   0.038   0.038   0.038 ) T:93 (   0.031   0.044   0.117   0.117   0.117   0.117 )
939.990: I:1 (   0.024   0.024   0.024 ) T:94 (   0.031   0.044   0.117   0.117   0.117   0.117 )
949.991: I:1 (   0.022   0.022   0.022 ) T:95 (   0.031   0.044   0.117   0.117   0.117   0.117 )
959.990: I:1 (   0.062   0.062   0.062 ) T:96 (   0.031   0.044   0.117   0.117   0.117   0.117 )
970.127: I:1 (   0.029   0.029   0.029 ) T:97 (   0.031   0.044   0.117   0.117   0.117   0.117 )
979.987: I:1 (   0.037   0.037   0.037 ) T:98 (   0.031   0.044   0.117   0.117   0.117   0.117 )
989.987: I:1 (   0.028   0.028   0.028 ) T:99 (   0.031   0.044   0.117   0.117   0.117   0.117 )
999.984: I:1 (   0.036   0.036   0.036 ) T:100 (   0.031   0.044   0.074   0.117   0.117   0.117 )
1009.988: I:1 (   0.032   0.032   0.032 ) T:101 (   0.031   0.044   0.074   0.117   0.117   0.117 )
1019.988: I:1 (   0.024   0.024   0.024 ) T:102 (   0.031   0.044   0.074   0.117   0.117   0.117 )
1029.990: I:1 (   0.039   0.039   0.039 ) T:103 (   0.031   0.044   0.074   0.117   0.117   0.117 )
1039.988: I:1 (   0.043   0.043   0.043 ) T:104 (   0.031   0.044   0.074   0.117   0.117   0.117 )
1049.988: I:1 (   0.029   0.029   0.029 ) T:105 (   0.031   0.044   0.074   0.117   0.117   0.117 )
1059.991: I:1 (   0.033   0.033   0.033 ) T:106 (   0.031   0.044   0.074   0.117   0.117   0.117 )
1069.990: I:1 (   0.037   0.037   0.037 ) T:107 (   0.031   0.044   0.074   0.117   0.117   0.117 )
1079.991: I:1 (   0.042   0.042   0.042 ) T:108 (   0.031   0.044   0.074   0.117   0.117   0.117 )
1089.990: I:1 (   0.071   0.071   0.071 ) T:109 (   0.031   0.044   0.074   0.117   0.117   0.117 )
1099.988: I:1 (   0.036   0.036   0.036 ) T:110 (   0.031   0.044   0.074   0.117   0.117   0.117 )
1109.985: I:1 (   0.036   0.036   0.036 ) T:111 (   0.032   0.044   0.074   0.117   0.117   0.117 )
1119.991: I:1 (   0.044   0.044   0.044 ) T:112 (   0.032   0.044   0.074   0.117   0.117   0.117 )
1129.990: I:1 (   0.043   0.043   0.043 ) T:113 (   0.032   0.044   0.074   0.117   0.117   0.117 )
1139.990: I:1 (   0.041   0.041   0.041 ) T:114 (   0.032   0.044   0.074   0.117   0.117   0.117 )
1149.988: I:1 (   0.042   0.042   0.042 ) T:115 (   0.033   0.044   0.074   0.117   0.117   0.117 )
1159.984: I:1 (   0.035   0.035   0.035 ) T:116 (   0.033   0.044   0.074   0.117   0.117   0.117 )
1169.990: I:1 (   0.035   0.035   0.035 ) T:117 (   0.033   0.044   0.074   0.117   0.117   0.117 )
1179.990: I:1 (   0.043   0.043   0.043 ) T:118 (   0.033   0.044   0.074   0.117   0.117   0.117 )
1189.988: I:1 (   0.038   0.038   0.038 ) T:119 (   0.034   0.044   0.074   0.117   0.117   0.117 )
1199.988: I:1 (   0.040   0.040   0.040 ) T:120 (   0.034   0.044   0.074   0.117   0.117   0.117 )
1209.987: I:1 (   0.072   0.072   0.072 ) T:121 (   0.034   0.044   0.074   0.117   0.117   0.117 )
1219.988: I:1 (   0.040   0.040   0.040 ) T:122 (   0.034   0.044   0.074   0.117   0.117   0.117 )
1229.984: I:1 (   0.037   0.037   0.037 ) T:123 (   0.034   0.044   0.074   0.117   0.117   0.117 )
1239.985: I:1 (   0.032   0.032   0.032 ) T:124 (   0.034   0.044   0.074   0.117   0.117   0.117 )
1249.989: I:1 (   0.036   0.036   0.036 ) T:125 (   0.034   0.044   0.074   0.117   0.117   0.117 )
1259.988: I:1 (   0.032   0.032   0.032 ) T:126 (   0.034   0.044   0.074   0.117   0.117   0.117 )
1269.990: I:1 (   0.033   0.033   0.033 ) T:127 (   0.034   0.044   0.074   0.117   0.117   0.117 )
1279.988: I:1 (   0.047   0.047   0.047 ) T:128 (   0.034   0.044   0.074   0.117   0.117   0.117 )
1289.988: I:1 (   0.035   0.035   0.035 ) T:129 (   0.034   0.044   0.074   0.117   0.117   0.117 )
1299.988: I:1 (   0.036   0.036   0.036 ) T:130 (   0.034   0.044   0.074   0.117   0.117   0.117 )
1309.991: I:1 (   0.031   0.031   0.031 ) T:131 (   0.034   0.044   0.074   0.117   0.117   0.117 )
1319.987: I:1 (   0.045   0.045   0.045 ) T:132 (   0.034   0.044   0.074   0.117   0.117   0.117 )
1329.984: I:1 (   0.067   0.067   0.067 ) T:133 (   0.034   0.045   0.074   0.117   0.117   0.117 )
1339.987: I:1 (   0.045   0.045   0.045 ) T:134 (   0.034   0.045   0.074   0.117   0.117   0.117 )
1349.987: I:1 (   0.042   0.042   0.042 ) T:135 (   0.035   0.045   0.074   0.117   0.117   0.117 )
1359.991: I:1 (   0.029   0.029   0.029 ) T:136 (   0.034   0.045   0.074   0.117   0.117   0.117 )
1369.988: I:1 (   0.028   0.028   0.028 ) T:137 (   0.034   0.045   0.074   0.117   0.117   0.117 )
1379.990: I:1 (   0.032   0.032   0.032 ) T:138 (   0.034   0.045   0.074   0.117   0.117   0.117 )
1389.989: I:1 (   0.033   0.033   0.033 ) T:139 (   0.034   0.045   0.074   0.117   0.117   0.117 )
1399.990: I:1 (   0.038   0.038   0.038 ) T:140 (   0.034   0.045   0.074   0.117   0.117   0.117 )
1409.989: I:1 (   0.025   0.025   0.025 ) T:141 (   0.034   0.045   0.074   0.117   0.117   0.117 )
1419.999: I:1 (   0.036   0.036   0.036 ) T:142 (   0.034   0.045   0.074   0.117   0.117   0.117 )
1429.987: I:1 (   0.046   0.046   0.046 ) T:143 (   0.034   0.045   0.074   0.117   0.117   0.117 )
1439.990: I:1 (   0.033   0.033   0.033 ) T:144 (   0.034   0.045   0.074   0.117   0.117   0.117 )
1449.989: I:1 (   0.033   0.033   0.033 ) T:145 (   0.034   0.045   0.074   0.117   0.117   0.117 )
1459.990: I:1 (   0.044   0.044   0.044 ) T:146 (   0.034   0.045   0.074   0.117   0.117   0.117 )
1469.993: I:1 (   0.066   0.066   0.066 ) T:147 (   0.034   0.046   0.074   0.117   0.117   0.117 )
1479.985: I:1 (   0.027   0.027   0.027 ) T:148 (   0.034   0.046   0.074   0.117   0.117   0.117 )
1489.991: I:1 (   0.031   0.031   0.031 ) T:149 (   0.034   0.046   0.074   0.117   0.117   0.117 )
1499.991: I:1 (   0.035   0.035   0.035 ) T:150 (   0.034   0.045   0.074   0.117   0.117   0.117 )
1509.988: I:1 (   0.026   0.026   0.026 ) T:151 (   0.034   0.045   0.074   0.117   0.117   0.117 )
1519.989: I:1 (   0.034   0.034   0.034 ) T:152 (   0.034   0.045   0.074   0.117   0.117   0.117 )
1529.988: I:1 (   0.033   0.033   0.033 ) T:153 (   0.034   0.045   0.074   0.117   0.117   0.117 )
1539.989: I:1 (   0.022   0.022   0.022 ) T:154 (   0.034   0.045   0.074   0.117   0.117   0.117 )
1549.987: I:1 (   0.028   0.028   0.028 ) T:155 (   0.034   0.045   0.074   0.117   0.117   0.117 )
1559.988: I:1 (   0.040   0.040   0.040 ) T:156 (   0.034   0.045   0.074   0.117   0.117   0.117 )
1569.991: I:1 (   0.029   0.029   0.029 ) T:157 (   0.034   0.045   0.074   0.117   0.117   0.117 )
1579.989: I:1 (   0.028   0.028   0.028 ) T:158 (   0.034   0.045   0.074   0.117   0.117   0.117 )
1589.988: I:1 (   0.039   0.039   0.039 ) T:159 (   0.034   0.045   0.074   0.117   0.117   0.117 )
1599.990: I:1 (   0.061   0.061   0.061 ) T:160 (   0.034   0.045   0.074   0.117   0.117   0.117 )
1609.990: I:1 (   0.035   0.035   0.035 ) T:161 (   0.034   0.045   0.074   0.117   0.117   0.117 )
1619.989: I:1 (   0.038   0.038   0.038 ) T:162 (   0.034   0.045   0.074   0.117   0.117   0.117 )
1629.990: I:1 (   0.036   0.036   0.036 ) T:163 (   0.034   0.045   0.074   0.117   0.117   0.117 )
1639.990: I:1 (   0.023   0.023   0.023 ) T:164 (   0.034   0.045   0.074   0.117   0.117   0.117 )
1649.989: I:1 (   0.032   0.032   0.032 ) T:165 (   0.034   0.045   0.074   0.117   0.117   0.117 )
1659.989: I:1 (   0.035   0.035   0.035 ) T:166 (   0.034   0.045   0.074   0.117   0.117   0.117 )
1669.991: I:1 (   0.037   0.037   0.037 ) T:167 (   0.034   0.045   0.074   0.117   0.117   0.117 )
1679.984: I:1 (   0.039   0.039   0.039 ) T:168 (   0.034   0.045   0.074   0.117   0.117   0.117 )
1689.989: I:1 (   0.025   0.025   0.025 ) T:169 (   0.034   0.045   0.074   0.117   0.117   0.117 )
1699.993: I:1 (   0.034   0.034   0.034 ) T:170 (   0.034   0.045   0.074   0.117   0.117   0.117 )
1709.990: I:1 (   0.032   0.032   0.032 ) T:171 (   0.034   0.045   0.074   0.117   0.117   0.117 )
1719.984: I:1 (   0.035   0.035   0.035 ) T:172 (   0.034   0.045   0.074   0.117   0.117   0.117 )
1729.990: I:1 (   0.069   0.069   0.069 ) T:173 (   0.034   0.045   0.074   0.117   0.117   0.117 )
1739.990: I:1 (   0.035   0.035   0.035 ) T:174 (   0.034   0.045   0.074   0.117   0.117   0.117 )
1749.987: I:1 (   0.037   0.037   0.037 ) T:175 (   0.034   0.045   0.074   0.117   0.117   0.117 )
1759.990: I:1 (   0.038   0.038   0.038 ) T:176 (   0.034   0.045   0.074   0.117   0.117   0.117 )
1769.990: I:1 (   0.026   0.026   0.026 ) T:177 (   0.034   0.045   0.074   0.117   0.117   0.117 )
1779.991: I:1 (   0.032   0.032   0.032 ) T:178 (   0.034   0.045   0.074   0.117   0.117   0.117 )
1789.990: I:1 (   0.031   0.031   0.031 ) T:179 (   0.034   0.045   0.074   0.117   0.117   0.117 )
1799.990: I:1 (   0.047   0.047   0.047 ) T:180 (   0.034   0.045   0.074   0.117   0.117   0.117 )
1810.361: I:1 (   0.054   0.054   0.054 ) T:181 (   0.034   0.046   0.074   0.117   0.117   0.117 )
1819.990: I:1 (   0.062   0.062   0.062 ) T:182 (   0.034   0.046   0.074   0.117   0.117   0.117 )
1829.989: I:1 (   0.021   0.021   0.021 ) T:183 (   0.034   0.046   0.074   0.117   0.117   0.117 )
1839.989: I:1 (   0.034   0.034   0.034 ) T:184 (   0.034   0.046   0.074   0.117   0.117   0.117 )
1849.988: I:1 (   0.034   0.034   0.034 ) T:185 (   0.034   0.046   0.074   0.117   0.117   0.117 )
1859.990: I:1 (   0.037   0.037   0.037 ) T:186 (   0.034   0.046   0.074   0.117   0.117   0.117 )
1869.988: I:1 (   0.052   0.052   0.052 ) T:187 (   0.034   0.047   0.074   0.117   0.117   0.117 )
1879.990: I:1 (   0.050   0.050   0.050 ) T:188 (   0.034   0.047   0.074   0.117   0.117   0.117 )
1889.987: I:1 (   0.042   0.042   0.042 ) T:189 (   0.035   0.047   0.074   0.117   0.117   0.117 )
1899.990: I:1 (   0.034   0.034   0.034 ) T:190 (   0.034   0.047   0.074   0.117   0.117   0.117 )
1909.987: I:1 (   0.032   0.032   0.032 ) T:191 (   0.034   0.047   0.074   0.117   0.117   0.117 )
1919.990: I:1 (   0.037   0.037   0.037 ) T:192 (   0.034   0.047   0.074   0.117   0.117   0.117 )
1929.990: I:1 (   0.040   0.040   0.040 ) T:193 (   0.035   0.047   0.074   0.117   0.117   0.117 )
1939.990: I:1 (   0.081   0.081   0.081 ) T:194 (   0.035   0.047   0.081   0.117   0.117   0.117 )
1949.990: I:1 (   0.049   0.049   0.049 ) T:195 (   0.035   0.049   0.081   0.117   0.117   0.117 )
1959.989: I:1 (   0.048   0.048   0.048 ) T:196 (   0.035   0.049   0.081   0.117   0.117   0.117 )
1969.989: I:1 (   0.046   0.046   0.046 ) T:197 (   0.035   0.049   0.081   0.117   0.117   0.117 )
1979.990: I:1 (   0.050   0.050   0.050 ) T:198 (   0.035   0.050   0.081   0.117   0.117   0.117 )
1989.989: I:1 (   0.082   0.082   0.082 ) T:199 (   0.035   0.050   0.082   0.117   0.117   0.117 )
1999.990: I:1 (   0.044   0.044   0.044 ) T:200 (   0.035   0.050   0.081   0.117   0.117   0.117 )
2009.990: I:1 (   0.039   0.039   0.039 ) T:201 (   0.035   0.050   0.081   0.117   0.117   0.117 )
2019.987: I:1 (   0.058   0.058   0.058 ) T:202 (   0.035   0.050   0.081   0.117   0.117   0.117 )
2029.988: I:1 (   0.036   0.036   0.036 ) T:203 (   0.035   0.050   0.081   0.117   0.117   0.117 )
2039.990: I:1 (   0.034   0.034   0.034 ) T:204 (   0.035   0.050   0.081   0.117   0.117   0.117 )
2049.988: I:1 (   0.034   0.034   0.034 ) T:205 (   0.035   0.050   0.081   0.117   0.117   0.117 )
2059.987: I:1 (   0.042   0.042   0.042 ) T:206 (   0.035   0.050   0.081   0.117   0.117   0.117 )
2069.989: I:1 (   0.043   0.043   0.043 ) T:207 (   0.035   0.050   0.081   0.117   0.117   0.117 )
2079.989: I:1 (   0.038   0.038   0.038 ) T:208 (   0.035   0.050   0.081   0.117   0.117   0.117 )
2089.988: I:1 (   0.048   0.048   0.048 ) T:209 (   0.035   0.050   0.081   0.117   0.117   0.117 )
2099.988: I:1 (   0.079   0.079   0.079 ) T:210 (   0.035   0.050   0.081   0.117   0.117   0.117 )
2109.991: I:1 (   0.047   0.047   0.047 ) T:211 (   0.035   0.050   0.081   0.117   0.117   0.117 )
2119.989: I:1 (   0.024   0.024   0.024 ) T:212 (   0.035   0.050   0.081   0.117   0.117   0.117 )
2129.989: I:1 (   0.019   0.019   0.019 ) T:213 (   0.035   0.050   0.081   0.117   0.117   0.117 )
2139.988: I:1 (   0.022   0.022   0.022 ) T:214 (   0.035   0.050   0.081   0.117   0.117   0.117 )
2149.987: I:1 (   0.018   0.018   0.018 ) T:215 (   0.035   0.050   0.081   0.117   0.117   0.117 )
2159.989: I:1 (   0.028   0.028   0.028 ) T:216 (   0.035   0.050   0.081   0.117   0.117   0.117 )
2169.990: I:1 (   0.020   0.020   0.020 ) T:217 (   0.035   0.050   0.081   0.117   0.117   0.117 )
2179.988: I:1 (   0.022   0.022   0.022 ) T:218 (   0.035   0.050   0.081   0.117   0.117   0.117 )
2189.984: I:1 (   0.068   0.068   0.068 ) T:219 (   0.035   0.050   0.081   0.117   0.117   0.117 )
2199.987: I:1 (   0.035   0.035   0.035 ) T:220 (   0.035   0.050   0.081   0.117   0.117   0.117 )
2209.988: I:1 (   0.045   0.045   0.045 ) T:221 (   0.035   0.050   0.081   0.117   0.117   0.117 )
2219.987: I:1 (   0.044   0.044   0.044 ) T:222 (   0.035   0.050   0.081   0.117   0.117   0.117 )
2229.987: I:1 (   0.046   0.046   0.046 ) T:223 (   0.035   0.050   0.081   0.117   0.117   0.117 )
2239.984: I:1 (   0.052   0.052   0.052 ) T:224 (   0.035   0.050   0.081   0.117   0.117   0.117 )
2249.990: I:1 (   0.081   0.081   0.081 ) T:225 (   0.035   0.052   0.081   0.117   0.117   0.117 )
2259.990: I:1 (   0.038   0.038   0.038 ) T:226 (   0.035   0.052   0.081   0.117   0.117   0.117 )
2269.992: I:1 (   0.032   0.032   0.032 ) T:227 (   0.035   0.052   0.081   0.117   0.117   0.117 )
2279.990: I:1 (   0.037   0.037   0.037 ) T:228 (   0.035   0.052   0.081   0.117   0.117   0.117 )
2289.991: I:1 (   0.033   0.033   0.033 ) T:229 (   0.035   0.052   0.081   0.117   0.117   0.117 )
2299.990: I:1 (   0.028   0.028   0.028 ) T:230 (   0.035   0.050   0.081   0.117   0.117   0.117 )
2309.990: I:1 (   0.033   0.033   0.033 ) T:231 (   0.035   0.050   0.081   0.117   0.117   0.117 )
2319.992: I:1 (   0.044   0.044   0.044 ) T:232 (   0.035   0.050   0.081   0.117   0.117   0.117 )
2329.988: I:1 (   0.039   0.039   0.039 ) T:233 (   0.035   0.050   0.081   0.117   0.117   0.117 )
2339.984: I:1 (   0.069   0.069   0.069 ) T:234 (   0.035   0.052   0.081   0.117   0.117   0.117 )
2349.990: I:1 (   0.036   0.036   0.036 ) T:235 (   0.035   0.052   0.081   0.117   0.117   0.117 )
2359.990: I:1 (   0.026   0.026   0.026 ) T:236 (   0.035   0.052   0.081   0.117   0.117   0.117 )
2369.990: I:1 (   0.030   0.030   0.030 ) T:237 (   0.035   0.052   0.081   0.117   0.117   0.117 )
2379.990: I:1 (   0.040   0.040   0.040 ) T:238 (   0.035   0.052   0.081   0.117   0.117   0.117 )
2389.990: I:1 (   0.029   0.029   0.029 ) T:239 (   0.035   0.052   0.081   0.117   0.117   0.117 )
2399.987: I:1 (   0.040   0.040   0.040 ) T:240 (   0.035   0.050   0.081   0.117   0.117   0.117 )
2409.990: I:1 (   0.031   0.031   0.031 ) T:241 (   0.035   0.050   0.081   0.117   0.117   0.117 )
2419.990: I:1 (   0.043   0.043   0.043 ) T:242 (   0.035   0.050   0.081   0.117   0.117   0.117 )
2429.990: I:1 (   0.072   0.072   0.072 ) T:243 (   0.035   0.052   0.081   0.117   0.117   0.117 )
2439.989: I:1 (   0.039   0.039   0.039 ) T:244 (   0.035   0.052   0.081   0.117   0.117   0.117 )
2449.990: I:1 (   0.052   0.052   0.052 ) T:245 (   0.035   0.052   0.081   0.117   0.117   0.117 )
2459.990: I:1 (   0.027   0.027   0.027 ) T:246 (   0.035   0.052   0.081   0.117   0.117   0.117 )
2469.990: I:1 (   0.029   0.029   0.029 ) T:247 (   0.035   0.052   0.081   0.117   0.117   0.117 )
2479.991: I:1 (   0.029   0.029   0.029 ) T:248 (   0.035   0.052   0.081   0.117   0.117   0.117 )
2489.989: I:1 (   0.046   0.046   0.046 ) T:249 (   0.035   0.052   0.081   0.117   0.117   0.117 )
2499.991: I:1 (   0.090   0.090   0.090 ) T:250 (   0.035   0.052   0.082   0.117   0.117   0.117 )
2509.989: I:1 (   0.021   0.021   0.021 ) T:251 (   0.035   0.052   0.082   0.117   0.117   0.117 )
2519.990: I:1 (   0.030   0.030   0.030 ) T:252 (   0.035   0.052   0.082   0.117   0.117   0.117 )
2529.991: I:1 (   0.025   0.025   0.025 ) T:253 (   0.035   0.052   0.082   0.117   0.117   0.117 )
2539.988: I:1 (   0.047   0.047   0.047 ) T:254 (   0.035   0.052   0.082   0.117   0.117   0.117 )
2549.990: I:1 (   0.036   0.036   0.036 ) T:255 (   0.035   0.052   0.082   0.117   0.117   0.117 )
2559.989: I:1 (   0.047   0.047   0.047 ) T:256 (   0.035   0.052   0.082   0.117   0.117   0.117 )
2569.989: I:1 (   0.026   0.026   0.026 ) T:257 (   0.035   0.052   0.082   0.117   0.117   0.117 )
2579.987: I:1 (   0.036   0.036   0.036 ) T:258 (   0.035   0.052   0.082   0.117   0.117   0.117 )
2589.990: I:1 (   0.034   0.034   0.034 ) T:259 (   0.035   0.052   0.082   0.117   0.117   0.117 )
2599.991: I:1 (   0.077   0.077   0.077 ) T:260 (   0.035   0.052   0.082   0.117   0.117   0.117 )
2609.988: I:1 (   0.046   0.046   0.046 ) T:261 (   0.035   0.052   0.082   0.117   0.117   0.117 )
2619.990: I:1 (   0.047   0.047   0.047 ) T:262 (   0.035   0.052   0.082   0.117   0.117   0.117 )
2629.988: I:1 (   0.042   0.042   0.042 ) T:263 (   0.035   0.052   0.082   0.117   0.117   0.117 )
2639.988: I:1 (   0.039   0.039   0.039 ) T:264 (   0.035   0.052   0.082   0.117   0.117   0.117 )
2649.990: I:1 (   0.026   0.026   0.026 ) T:265 (   0.035   0.052   0.082   0.117   0.117   0.117 )
2659.987: I:1 (   0.035   0.035   0.035 ) T:266 (   0.035   0.052   0.082   0.117   0.117   0.117 )
2669.988: I:1 (   0.073   0.073   0.073 ) T:267 (   0.035   0.052   0.082   0.117   0.117   0.117 )
2679.990: I:1 (   0.038   0.038   0.038 ) T:268 (   0.035   0.052   0.082   0.117   0.117   0.117 )
2689.990: I:1 (   0.054   0.054   0.054 ) T:269 (   0.035   0.053   0.082   0.117   0.117   0.117 )
2699.990: I:1 (   0.038   0.038   0.038 ) T:270 (   0.035   0.052   0.082   0.117   0.117   0.117 )
2709.989: I:1 (   0.036   0.036   0.036 ) T:271 (   0.035   0.052   0.082   0.117   0.117   0.117 )
2719.990: I:1 (   0.040   0.040   0.040 ) T:272 (   0.035   0.052   0.082   0.117   0.117   0.117 )
2729.988: I:1 (   0.053   0.053   0.053 ) T:273 (   0.035   0.053   0.082   0.117   0.117   0.117 )
2739.989: I:1 (   0.039   0.039   0.039 ) T:274 (   0.035   0.053   0.082   0.117   0.117   0.117 )
2749.991: I:1 (   0.073   0.073   0.073 ) T:275 (   0.036   0.053   0.082   0.117   0.117   0.117 )
2759.988: I:1 (   0.032   0.032   0.032 ) T:276 (   0.035   0.053   0.082   0.117   0.117   0.117 )
2769.989: I:1 (   0.042   0.042   0.042 ) T:277 (   0.036   0.053   0.082   0.117   0.117   0.117 )
2779.990: I:1 (   0.049   0.049   0.049 ) T:278 (   0.036   0.053   0.082   0.117   0.117   0.117 )
2789.991: I:1 (   0.036   0.036   0.036 ) T:279 (   0.036   0.053   0.082   0.117   0.117   0.117 )
2799.990: I:1 (   0.040   0.040   0.040 ) T:280 (   0.036   0.053   0.082   0.117   0.117   0.117 )
2809.987: I:1 (   0.090   0.090   0.090 ) T:281 (   0.036   0.053   0.090   0.117   0.117   0.117 )
2819.989: I:1 (   0.044   0.044   0.044 ) T:282 (   0.036   0.053   0.090   0.117   0.117   0.117 )
2829.990: I:1 (   0.042   0.042   0.042 ) T:283 (   0.036   0.053   0.090   0.117   0.117   0.117 )
2839.990: I:1 (   0.025   0.025   0.025 ) T:284 (   0.036   0.053   0.090   0.117   0.117   0.117 )
2849.990: I:1 (   0.033   0.033   0.033 ) T:285 (   0.036   0.053   0.090   0.117   0.117   0.117 )
2859.989: I:1 (   0.044   0.044   0.044 ) T:286 (   0.036   0.053   0.090   0.117   0.117   0.117 )
2869.990: I:1 (   0.062   0.062   0.062 ) T:287 (   0.036   0.053   0.090   0.117   0.117   0.117 )
2879.987: I:1 (   0.038   0.038   0.038 ) T:288 (   0.036   0.053   0.090   0.117   0.117   0.117 )
2889.990: I:1 (   0.048   0.048   0.048 ) T:289 (   0.036   0.053   0.090   0.117   0.117   0.117 )
2899.990: I:1 (   0.048   0.048   0.048 ) T:290 (   0.036   0.053   0.090   0.117   0.117   0.117 )
2909.990: I:1 (   0.053   0.053   0.053 ) T:291 (   0.036   0.053   0.090   0.117   0.117   0.117 )
2919.990: I:1 (   0.028   0.028   0.028 ) T:292 (   0.036   0.053   0.090   0.117   0.117   0.117 )
2929.988: I:1 (   0.035   0.035   0.035 ) T:293 (   0.036   0.053   0.090   0.117   0.117   0.117 )
2939.990: I:1 (   0.036   0.036   0.036 ) T:294 (   0.036   0.053   0.090   0.117   0.117   0.117 )
2949.991: I:1 (   0.046   0.046   0.046 ) T:295 (   0.036   0.053   0.090   0.117   0.117   0.117 )
2959.989: I:1 (   0.063   0.063   0.063 ) T:296 (   0.036   0.053   0.090   0.117   0.117   0.117 )
2969.990: I:1 (   0.042   0.042   0.042 ) T:297 (   0.036   0.053   0.090   0.117   0.117   0.117 )
2979.990: I:1 (   0.049   0.049   0.049 ) T:298 (   0.036   0.053   0.090   0.117   0.117   0.117 )
2989.991: I:1 (   0.036   0.036   0.036 ) T:299 (   0.036   0.053   0.090   0.117   0.117   0.117 )
2999.990: I:1 (   0.036   0.036   0.036 ) T:300 (   0.036   0.053   0.082   0.117   0.117   0.117 )
3009.990: I:1 (   0.035   0.035   0.035 ) T:301 (   0.036   0.053   0.082   0.117   0.117   0.117 )
3019.989: I:1 (   0.031   0.031   0.031 ) T:302 (   0.036   0.053   0.082   0.117   0.117   0.117 )
3029.990: I:1 (   0.065   0.065   0.065 ) T:303 (   0.036   0.053   0.082   0.117   0.117   0.117 )
3039.990: I:1 (   0.034   0.034   0.034 ) T:304 (   0.036   0.053   0.082   0.117   0.117   0.117 )
3049.991: I:1 (   0.043   0.043   0.043 ) T:305 (   0.036   0.053   0.082   0.117   0.117   0.117 )
3059.991: I:1 (   0.043   0.043   0.043 ) T:306 (   0.036   0.053   0.082   0.117   0.117   0.117 )
3069.987: I:1 (   0.047   0.047   0.047 ) T:307 (   0.036   0.053   0.082   0.117   0.117   0.117 )
3079.990: I:1 (   0.060   0.060   0.060 ) T:308 (   0.036   0.054   0.082   0.117   0.117   0.117 )
3089.990: I:1 (   0.078   0.078   0.078 ) T:309 (   0.036   0.054   0.082   0.117   0.117   0.117 )
3099.991: I:1 (   0.042   0.042   0.042 ) T:310 (   0.036   0.054   0.082   0.117   0.117   0.117 )
3110.031: I:1 (   0.049   0.049   0.049 ) T:311 (   0.036   0.054   0.082   0.117   0.117   0.117 )
3119.991: I:1 (   0.055   0.055   0.055 ) T:312 (   0.036   0.054   0.082   0.117   0.117   0.117 )
3129.991: I:1 (   0.036   0.036   0.036 ) T:313 (   0.036   0.054   0.082   0.117   0.117   0.117 )
3139.984: I:1 (   0.030   0.030   0.030 ) T:314 (   0.036   0.054   0.082   0.117   0.117   0.117 )
3149.988: I:1 (   0.064   0.064   0.064 ) T:315 (   0.036   0.054   0.082   0.117   0.117   0.117 )
3159.985: I:1 (   0.031   0.031   0.031 ) T:316 (   0.036   0.054   0.082   0.117   0.117   0.117 )
3169.988: I:1 (   0.036   0.036   0.036 ) T:317 (   0.036   0.054   0.082   0.117   0.117   0.117 )
3179.990: I:1 (   0.034   0.034   0.034 ) T:318 (   0.036   0.054   0.082   0.117   0.117   0.117 )
3189.987: I:1 (   0.033   0.033   0.033 ) T:319 (   0.036   0.054   0.082   0.117   0.117   0.117 )
3199.992: I:1 (   0.077   0.077   0.077 ) T:320 (   0.036   0.054   0.082   0.117   0.117   0.117 )
3209.990: I:1 (   0.051   0.051   0.051 ) T:321 (   0.036   0.054   0.082   0.117   0.117   0.117 )
3219.990: I:1 (   0.029   0.029   0.029 ) T:322 (   0.036   0.054   0.082   0.117   0.117   0.117 )
3229.985: I:1 (   0.037   0.037   0.037 ) T:323 (   0.036   0.054   0.082   0.117   0.117   0.117 )
3239.989: I:1 (   0.046   0.046   0.046 ) T:324 (   0.036   0.054   0.082   0.117   0.117   0.117 )
3249.986: I:1 (   0.037   0.037   0.037 ) T:325 (   0.036   0.054   0.082   0.117   0.117   0.117 )
3259.990: I:1 (   0.074   0.074   0.074 ) T:326 (   0.036   0.055   0.082   0.117   0.117   0.117 )
3269.988: I:1 (   0.030   0.030   0.030 ) T:327 (   0.036   0.055   0.082   0.117   0.117   0.117 )
3279.990: I:1 (   0.020   0.020   0.020 ) T:328 (   0.036   0.055   0.082   0.117   0.117   0.117 )
3289.988: I:1 (   0.026   0.026   0.026 ) T:329 (   0.036   0.055   0.082   0.117   0.117   0.117 )
3299.988: I:1 (   0.038   0.038   0.038 ) T:330 (   0.036   0.054   0.082   0.117   0.117   0.117 )
3309.990: I:1 (   0.039   0.039   0.039 ) T:331 (   0.036   0.054   0.082   0.117   0.117   0.117 )
3319.989: I:1 (   0.035   0.035   0.035 ) T:332 (   0.036   0.054   0.082   0.117   0.117   0.117 )
3329.989: I:1 (   0.080   0.080   0.080 ) T:333 (   0.036   0.055   0.082   0.117   0.117   0.117 )
3339.985: I:1 (   0.030   0.030   0.030 ) T:334 (   0.036   0.055   0.082   0.117   0.117   0.117 )
3349.987: I:1 (   0.047   0.047   0.047 ) T:335 (   0.036   0.055   0.082   0.117   0.117   0.117 )
3359.989: I:1 (   0.042   0.042   0.042 ) T:336 (   0.036   0.055   0.082   0.117   0.117   0.117 )
3369.984: I:1 (   0.045   0.045   0.045 ) T:337 (   0.036   0.055   0.082   0.117   0.117   0.117 )
3379.987: I:1 (   0.030   0.030   0.030 ) T:338 (   0.036   0.055   0.082   0.117   0.117   0.117 )
3389.990: I:1 (   0.031   0.031   0.031 ) T:339 (   0.036   0.055   0.082   0.117   0.117   0.117 )
3399.990: I:1 (   0.036   0.036   0.036 ) T:340 (   0.036   0.054   0.082   0.117   0.117   0.117 )
3409.990: I:1 (   0.018   0.018   0.018 ) T:341 (   0.036   0.054   0.082   0.117   0.117   0.117 )
3419.988: I:1 (   0.031   0.031   0.031 ) T:342 (   0.036   0.054   0.082   0.117   0.117   0.117 )
3429.989: I:1 (   0.072   0.072   0.072 ) T:343 (   0.036   0.055   0.082   0.117   0.117   0.117 )
3439.987: I:1 (   0.038   0.038   0.038 ) T:344 (   0.036   0.055   0.082   0.117   0.117   0.117 )
3449.990: I:1 (   0.040   0.040   0.040 ) T:345 (   0.036   0.055   0.082   0.117   0.117   0.117 )
3459.987: I:1 (   0.035   0.035   0.035 ) T:346 (   0.036   0.055   0.082   0.117   0.117   0.117 )
3469.986: I:1 (   0.091   0.091   0.091 ) T:347 (   0.036   0.058   0.090   0.117   0.117   0.117 )
3479.988: I:1 (   0.040   0.040   0.040 ) T:348 (   0.036   0.058   0.090   0.117   0.117   0.117 )
3489.988: I:1 (   0.025   0.025   0.025 ) T:349 (   0.036   0.058   0.090   0.117   0.117   0.117 )
3499.991: I:1 (   0.031   0.031   0.031 ) T:350 (   0.036   0.055   0.090   0.117   0.117   0.117 )
3509.985: I:1 (   0.039   0.039   0.039 ) T:351 (   0.036   0.055   0.090   0.117   0.117   0.117 )
3519.986: I:1 (   0.057   0.057   0.057 ) T:352 (   0.036   0.057   0.090   0.117   0.117   0.117 )
3529.990: I:1 (   0.090   0.090   0.090 ) T:353 (   0.036   0.058   0.090   0.117   0.117   0.117 )
3539.987: I:1 (   0.048   0.048   0.048 ) T:354 (   0.036   0.058   0.090   0.117   0.117   0.117 )
3549.984: I:1 (   0.041   0.041   0.041 ) T:355 (   0.036   0.058   0.090   0.117   0.117   0.117 )
3559.988: I:1 (   0.065   0.065   0.065 ) T:356 (   0.036   0.060   0.090   0.117   0.117   0.117 )
3569.990: I:1 (   0.044   0.044   0.044 ) T:357 (   0.036   0.060   0.090   0.117   0.117   0.117 )
3579.990: I:1 (   0.053   0.053   0.053 ) T:358 (   0.036   0.060   0.090   0.117   0.117   0.117 )
3589.994: I:1 (   0.046   0.046   0.046 ) T:359 (   0.036   0.060   0.090   0.117   0.117   0.117 )
3599.990: I:1 (   0.071   0.071   0.071 ) T:360 (   0.036   0.060   0.090   0.117   0.117   0.117 )
3609.989: I:1 (   0.048   0.048   0.048 ) T:361 (   0.036   0.060   0.090   0.117   0.117   0.117 )
3619.992: I:1 (   0.076   0.076   0.076 ) T:362 (   0.036   0.061   0.090   0.117   0.117   0.117 )
3629.990: I:1 (   0.029   0.029   0.029 ) T:363 (   0.036   0.061   0.090   0.117   0.117   0.117 )
3639.990: I:1 (   0.023   0.023   0.023 ) T:364 (   0.036   0.061   0.090   0.117   0.117   0.117 )
3649.988: I:1 (   0.040   0.040   0.040 ) T:365 (   0.036   0.061   0.090   0.117   0.117   0.117 )
3659.990: I:1 (   0.049   0.049   0.049 ) T:366 (   0.036   0.061   0.090   0.117   0.117   0.117 )
3669.990: I:1 (   0.020   0.020   0.020 ) T:367 (   0.036   0.061   0.090   0.117   0.117   0.117 )
3679.989: I:1 (   0.019   0.019   0.019 ) T:368 (   0.036   0.061   0.090   0.117   0.117   0.117 )
3689.987: I:1 (   0.070   0.070   0.070 ) T:369 (   0.036   0.062   0.090   0.117   0.117   0.117 )
3699.987: I:1 (   0.026   0.026   0.026 ) T:370 (   0.036   0.061   0.090   0.117   0.117   0.117 )
3709.984: I:1 (   0.054   0.054   0.054 ) T:371 (   0.036   0.061   0.090   0.117   0.117   0.117 )
3719.990: I:1 (   0.046   0.046   0.046 ) T:372 (   0.036   0.061   0.090   0.117   0.117   0.117 )
3729.988: I:1 (   0.055   0.055   0.055 ) T:373 (   0.036   0.061   0.090   0.117   0.117   0.117 )
3739.988: I:1 (   0.025   0.025   0.025 ) T:374 (   0.036   0.061   0.090   0.117   0.117   0.117 )
3749.989: I:1 (   0.057   0.057   0.057 ) T:375 (   0.036   0.061   0.090   0.117   0.117   0.117 )
3759.990: I:1 (   0.026   0.026   0.026 ) T:376 (   0.036   0.061   0.090   0.117   0.117   0.117 )
3769.991: I:1 (   0.031   0.031   0.031 ) T:377 (   0.036   0.061   0.090   0.117   0.117   0.117 )
3779.990: I:1 (   0.033   0.033   0.033 ) T:378 (   0.036   0.061   0.090   0.117   0.117   0.117 )
3789.989: I:1 (   0.036   0.036   0.036 ) T:379 (   0.036   0.061   0.090   0.117   0.117   0.117 )
3799.990: I:1 (   0.041   0.041   0.041 ) T:380 (   0.036   0.060   0.090   0.117   0.117   0.117 )
3809.991: I:1 (   0.034   0.034   0.034 ) T:381 (   0.036   0.060   0.090   0.117   0.117   0.117 )
3819.989: I:1 (   0.082   0.082   0.082 ) T:382 (   0.036   0.061   0.090   0.117   0.117   0.117 )
3829.990: I:1 (   0.059   0.059   0.059 ) T:383 (   0.036   0.061   0.090   0.117   0.117   0.117 )
3839.991: I:1 (   0.050   0.050   0.050 ) T:384 (   0.036   0.061   0.090   0.117   0.117   0.117 )
3849.990: I:1 (   0.079   0.079   0.079 ) T:385 (   0.036   0.062   0.090   0.117   0.117   0.117 )
3859.990: I:1 (   0.056   0.056   0.056 ) T:386 (   0.036   0.062   0.090   0.117   0.117   0.117 )
3869.991: I:1 (   0.060   0.060   0.060 ) T:387 (   0.036   0.062   0.090   0.117   0.117   0.117 )
3879.991: I:1 (   0.025   0.025   0.025 ) T:388 (   0.036   0.062   0.090   0.117   0.117   0.117 )
3889.990: I:1 (   0.068   0.068   0.068 ) T:389 (   0.036   0.062   0.090   0.117   0.117   0.117 )
3899.987: I:1 (   0.053   0.053   0.053 ) T:390 (   0.036   0.062   0.090   0.117   0.117   0.117 )
3909.991: I:1 (   0.036   0.036   0.036 ) T:391 (   0.036   0.062   0.090   0.117   0.117   0.117 )
3919.988: I:1 (   0.027   0.027   0.027 ) T:392 (   0.036   0.062   0.090   0.117   0.117   0.117 )
3929.990: I:1 (   0.050   0.050   0.050 ) T:393 (   0.036   0.062   0.090   0.117   0.117   0.117 )
3939.990: I:1 (   0.073   0.073   0.073 ) T:394 (   0.036   0.062   0.090   0.117   0.117   0.117 )
3949.989: I:1 (   0.053   0.053   0.053 ) T:395 (   0.037   0.062   0.090   0.117   0.117   0.117 )
3958.171: I:2 (   0.026   0.053   0.053 ) T:397 (   0.037   0.062   0.090   0.117   0.117   0.117 )
3958.205: I:0 (   0.000   0.000   0.000 ) T:397 (   0.037   0.062   0.090   0.117   0.117   0.117 )
