#[Interval percentile log between 0.000 and <Infinite> seconds (relative to StartTime)]
#[StartTime: 1524766884.341 (seconds since epoch), Thu Apr 26 20:21:24 CEST 2018]
Time: IntervalPercentiles:count ( 50% 90% Max ) TotalPercentiles:count ( 50% 90% 99% 99.9% 99.99% Max )
9.906: I:1 (   2.487   2.487   2.487 ) T:1 (   2.487   2.487   2.487   2.487   2.487   2.487 )
19.883: I:1 (   1.932   1.932   1.932 ) T:2 (   1.932   2.487   2.487   2.487   2.487   2.487 )
29.879: I:1 (   0.064   0.064   0.064 ) T:3 (   1.932   2.487   2.487   2.487   2.487   2.487 )
39.878: I:1 (   0.068   0.068   0.068 ) T:4 (   0.068   2.487   2.487   2.487   2.487   2.487 )
49.882: I:1 (   0.159   0.159   0.159 ) T:5 (   0.159   2.487   2.487   2.487   2.487   2.487 )
59.873: I:1 (   0.105   0.105   0.105 ) T:6 (   0.105   2.487   2.487   2.487   2.487   2.487 )
69.881: I:1 (   0.167   0.167   0.167 ) T:7 (   0.159   2.487   2.487   2.487   2.487   2.487 )
79.880: I:1 (   0.124   0.124   0.124 ) T:8 (   0.124   2.487   2.487   2.487   2.487   2.487 )
89.877: I:1 (   0.175   0.175   0.175 ) T:9 (   0.159   2.487   2.487   2.487   2.487   2.487 )
99.880: I:1 (   0.180   0.180   0.180 ) T:10 (   0.159   1.932   2.487   2.487   2.487   2.487 )
109.879: I:1 (   0.147   0.147   0.147 ) T:11 (   0.159   1.932   2.487   2.487   2.487   2.487 )
119.880: I:1 (   0.134   0.134   0.134 ) T:12 (   0.147   1.932   2.487   2.487   2.487   2.487 )
129.873: I:1 (   0.136   0.136   0.136 ) T:13 (   0.147   1.932   2.487   2.487   2.487   2.487 )
139.877: I:1 (   0.155   0.155   0.155 ) T:14 (   0.147   1.932   2.487   2.487   2.487   2.487 )
149.880: I:1 (   0.174   0.174   0.174 ) T:15 (   0.155   1.932   2.487   2.487   2.487   2.487 )
159.873: I:1 (   0.138   0.138   0.138 ) T:16 (   0.147   1.932   2.487   2.487   2.487   2.487 )
169.876: I:1 (   0.144   0.144   0.144 ) T:17 (   0.147   1.932   2.487   2.487   2.487   2.487 )
179.875: I:1 (   0.171   0.171   0.171 ) T:18 (   0.147   1.932   2.487   2.487   2.487   2.487 )
189.879: I:1 (   0.194   0.194   0.194 ) T:19 (   0.155   1.932   2.487   2.487   2.487   2.487 )
199.877: I:1 (   0.171   0.171   0.171 ) T:20 (   0.155   0.194   2.487   2.487   2.487   2.487 )
209.873: I:1 (   0.144   0.144   0.144 ) T:21 (   0.155   0.194   2.487   2.487   2.487   2.487 )
219.877: I:1 (   0.136   0.136   0.136 ) T:22 (   0.147   0.194   2.487   2.487   2.487   2.487 )
229.880: I:1 (   0.175   0.175   0.175 ) T:23 (   0.155   0.194   2.487   2.487   2.487   2.487 )
239.879: I:1 (   0.089   0.089   0.089 ) T:24 (   0.147   0.194   2.487   2.487   2.487   2.487 )
249.879: I:1 (   0.092   0.092   0.092 ) T:25 (   0.147   0.194   2.487   2.487   2.487   2.487 )
259.879: I:1 (   0.159   0.159   0.159 ) T:26 (   0.147   0.194   2.487   2.487   2.487   2.487 )
269.879: I:1 (   0.157   0.157   0.157 ) T:27 (   0.155   0.194   2.487   2.487   2.487   2.487 )
279.873: I:1 (   0.119   0.119   0.119 ) T:28 (   0.147   0.194   2.487   2.487   2.487   2.487 )
289.877: I:1 (   0.081   0.081   0.081 ) T:29 (   0.147   0.194   2.487   2.487   2.487   2.487 )
299.877: I:1 (   0.132   0.132   0.132 ) T:30 (   0.144   0.180   2.487   2.487   2.487   2.487 )
309.878: I:1 (   0.173   0.173   0.173 ) T:31 (   0.147   0.180   2.487   2.487   2.487   2.487 )
319.875: I:1 (   0.158   0.158   0.158 ) T:32 (   0.147   0.180   2.487   2.487   2.487   2.487 )
329.875: I:1 (   0.158   0.158   0.158 ) T:33 (   0.155   0.180   2.487   2.487   2.487   2.487 )
339.875: I:1 (   2.163   2.163   2.163 ) T:34 (   0.155   0.194   2.487   2.487   2.487   2.487 )
349.878: I:1 (   0.048   0.048   0.048 ) T:35 (   0.155   0.194   2.487   2.487   2.487   2.487 )
359.871: I:1 (   0.047   0.047   0.047 ) T:36 (   0.147   0.194   2.487   2.487   2.487   2.487 )
369.872: I:1 (   0.159   0.159   0.159 ) T:37 (   0.155   0.194   2.487   2.487   2.487   2.487 )
379.877: I:1 (   0.143   0.143   0.143 ) T:38 (   0.147   0.194   2.487   2.487   2.487   2.487 )
389.872: I:1 (   0.178   0.178   0.178 ) T:39 (   0.155   0.194   2.487   2.487   2.487   2.487 )
399.873: I:1 (   0.160   0.160   0.160 ) T:40 (   0.155   0.180   2.487   2.487   2.487   2.487 )
409.872: I:1 (   0.138   0.138   0.138 ) T:41 (   0.155   0.180   2.487   2.487   2.487   2.487 )
419.879: I:1 (   0.185   0.185   0.185 ) T:42 (   0.155   0.185   2.487   2.487   2.487   2.487 )
429.878: I:1 (   0.094   0.094   0.094 ) T:43 (   0.155   0.185   2.487   2.487   2.487   2.487 )
439.872: I:1 (   0.165   0.165   0.165 ) T:44 (   0.155   0.185   2.487   2.487   2.487   2.487 )
449.877: I:1 (   0.211   0.211   0.211 ) T:45 (   0.157   0.194   2.487   2.487   2.487   2.487 )
459.872: I:1 (   0.166   0.166   0.166 ) T:46 (   0.157   0.194   2.487   2.487   2.487   2.487 )
469.880: I:1 (   0.132   0.132   0.132 ) T:47 (   0.157   0.194   2.487   2.487   2.487   2.487 )
479.878: I:1 (   0.141   0.141   0.141 ) T:48 (   0.155   0.194   2.487   2.487   2.487   2.487 )
489.873: I:1 (   0.186   0.186   0.186 ) T:49 (   0.157   0.194   2.487   2.487   2.487   2.487 )
499.873: I:1 (   0.146   0.146   0.146 ) T:50 (   0.155   0.186   2.487   2.487   2.487   2.487 )
509.878: I:1 (   0.148   0.148   0.148 ) T:51 (   0.155   0.186   2.487   2.487   2.487   2.487 )
519.872: I:1 (   0.149   0.149   0.149 ) T:52 (   0.149   0.186   2.487   2.487   2.487   2.487 )
529.895: I:1 (   0.186   0.186   0.186 ) T:53 (   0.155   0.186   2.487   2.487   2.487   2.487 )
539.875: I:1 (   0.206   0.206   0.206 ) T:54 (   0.155   0.194   2.487   2.487   2.487   2.487 )
549.877: I:1 (   0.138   0.138   0.138 ) T:55 (   0.155   0.194   2.487   2.487   2.487   2.487 )
559.872: I:1 (   0.206   0.206   0.206 ) T:56 (   0.155   0.206   2.487   2.487   2.487   2.487 )
569.875: I:1 (   0.162   0.162   0.162 ) T:57 (   0.157   0.206   2.487   2.487   2.487   2.487 )
579.875: I:1 (   0.231   0.231   0.231 ) T:58 (   0.157   0.206   2.487   2.487   2.487   2.487 )
589.880: I:1 (   0.238   0.238   0.238 ) T:59 (   0.158   0.211   2.487   2.487   2.487   2.487 )
599.873: I:1 (   0.059   0.059   0.059 ) T:60 (   0.157   0.206   2.487   2.487   2.487   2.487 )
609.875: I:1 (   0.177   0.177   0.177 ) T:61 (   0.158   0.206   2.487   2.487   2.487   2.487 )
619.879: I:1 (   0.241   0.241   0.241 ) T:62 (   0.158   0.211   2.487   2.487   2.487   2.487 )
629.872: I:1 (   0.120   0.120   0.120 ) T:63 (   0.158   0.211   2.487   2.487   2.487   2.487 )
639.878: I:1 (   0.250   0.250   0.250 ) T:64 (   0.158   0.231   2.487   2.487   2.487   2.487 )
649.872: I:1 (   0.193   0.193   0.193 ) T:65 (   0.158   0.231   2.487   2.487   2.487   2.487 )
659.873: I:1 (   0.134   0.134   0.134 ) T:66 (   0.158   0.231   2.487   2.487   2.487   2.487 )
669.877: I:1 (   0.200   0.200   0.200 ) T:67 (   0.158   0.231   2.487   2.487   2.487   2.487 )
679.880: I:1 (   0.205   0.205   0.205 ) T:68 (   0.158   0.231   2.487   2.487   2.487   2.487 )
689.879: I:1 (   0.141   0.141   0.141 ) T:69 (   0.158   0.231   2.487   2.487   2.487   2.487 )
699.879: I:1 (   0.215   0.215   0.215 ) T:70 (   0.158   0.215   2.487   2.487   2.487   2.487 )
711.882: I:1 (   0.145   0.145   0.145 ) T:71 (   0.158   0.215   2.487   2.487   2.487   2.487 )
719.878: I:1 (   3.167   3.167   3.167 ) T:72 (   0.158   0.231   3.167   3.167   3.167   3.167 )
729.880: I:1 (   0.130   0.130   0.130 ) T:73 (   0.158   0.231   3.167   3.167   3.167   3.167 )
739.872: I:1 (   0.042   0.042   0.042 ) T:74 (   0.158   0.231   3.167   3.167   3.167   3.167 )
749.878: I:1 (   0.131   0.131   0.131 ) T:75 (   0.158   0.231   3.167   3.167   3.167   3.167 )
759.886: I:1 (   0.089   0.089   0.089 ) T:76 (   0.157   0.231   3.167   3.167   3.167   3.167 )
769.872: I:1 (   0.091   0.091   0.091 ) T:77 (   0.157   0.231   3.167   3.167   3.167   3.167 )
779.872: I:1 (   0.096   0.096   0.096 ) T:78 (   0.155   0.231   3.167   3.167   3.167   3.167 )
789.879: I:1 (   0.162   0.162   0.162 ) T:79 (   0.157   0.231   3.167   3.167   3.167   3.167 )
799.872: I:1 (   0.172   0.172   0.172 ) T:80 (   0.157   0.215   3.167   3.167   3.167   3.167 )
809.875: I:1 (   0.202   0.202   0.202 ) T:81 (   0.158   0.215   3.167   3.167   3.167   3.167 )
819.872: I:1 (   0.218   0.218   0.218 ) T:82 (   0.158   0.218   3.167   3.167   3.167   3.167 )
829.875: I:1 (   0.145   0.145   0.145 ) T:83 (   0.158   0.218   3.167   3.167   3.167   3.167 )
839.874: I:1 (   0.228   0.228   0.228 ) T:84 (   0.158   0.228   3.167   3.167   3.167   3.167 )
849.872: I:1 (   0.233   0.233   0.233 ) T:85 (   0.158   0.231   3.167   3.167   3.167   3.167 )
859.878: I:1 (   0.155   0.155   0.155 ) T:86 (   0.158   0.231   3.167   3.167   3.167   3.167 )
869.874: I:1 (   0.156   0.156   0.156 ) T:87 (   0.158   0.231   3.167   3.167   3.167   3.167 )
879.872: I:1 (   0.224   0.224   0.224 ) T:88 (   0.158   0.231   3.167   3.167   3.167   3.167 )
889.872: I:1 (   0.148   0.148   0.148 ) T:89 (   0.158   0.231   3.167   3.167   3.167   3.167 )
899.872: I:1 (   0.153   0.153   0.153 ) T:90 (   0.157   0.228   3.167   3.167   3.167   3.167 )
909.871: I:1 (   0.155   0.155   0.155 ) T:91 (   0.157   0.228   3.167   3.167   3.167   3.167 )
919.872: I:1 (   0.170   0.170   0.170 ) T:92 (   0.157   0.228   3.167   3.167   3.167   3.167 )
929.880: I:1 (   0.175   0.175   0.175 ) T:93 (   0.158   0.228   3.167   3.167   3.167   3.167 )
939.880: I:1 (   0.086   0.086   0.086 ) T:94 (   0.157   0.228   3.167   3.167   3.167   3.167 )
949.875: I:1 (   0.085   0.085   0.085 ) T:95 (   0.157   0.228   3.167   3.167   3.167   3.167 )
959.936: I:1 (   0.000   0.000   0.000 ) T:96 (   0.156   0.228   3.167   3.167   3.167   3.167 )
969.872: I:1 (   0.180   0.180   0.180 ) T:97 (   0.157   0.228   3.167   3.167   3.167   3.167 )
979.880: I:1 (   0.185   0.185   0.185 ) T:98 (   0.157   0.228   3.167   3.167   3.167   3.167 )
989.878: I:1 (   0.088   0.088   0.088 ) T:99 (   0.157   0.228   3.167   3.167   3.167   3.167 )
999.879: I:1 (   0.152   0.152   0.152 ) T:100 (   0.156   0.224   2.487   3.167   3.167   3.167 )
1009.878: I:1 (   0.129   0.129   0.129 ) T:101 (   0.156   0.224   2.487   3.167   3.167   3.167 )
1019.876: I:1 (   0.116   0.116   0.116 ) T:102 (   0.155   0.224   2.487   3.167   3.167   3.167 )
1029.880: I:1 (   0.059   0.059   0.059 ) T:103 (   0.155   0.224   2.487   3.167   3.167   3.167 )
1039.879: I:1 (   0.060   0.060   0.060 ) T:104 (   0.155   0.224   2.487   3.167   3.167   3.167 )
1049.876: I:1 (   0.063   0.063   0.063 ) T:105 (   0.155   0.224   2.487   3.167   3.167   3.167 )
1059.872: I:1 (   0.140   0.140   0.140 ) T:106 (   0.155   0.224   2.487   3.167   3.167   3.167 )
1069.872: I:1 (   0.155   0.155   0.155 ) T:107 (   0.155   0.224   2.487   3.167   3.167   3.167 )
1079.872: I:1 (   0.172   0.172   0.172 ) T:108 (   0.155   0.224   2.487   3.167   3.167   3.167 )
1089.872: I:1 (   0.086   0.086   0.086 ) T:109 (   0.155   0.224   2.487   3.167   3.167   3.167 )
1099.880: I:1 (   0.192   0.192   0.192 ) T:110 (   0.155   0.218   2.487   3.167   3.167   3.167 )
1109.874: I:1 (   0.105   0.105   0.105 ) T:111 (   0.155   0.218   2.487   3.167   3.167   3.167 )
1119.872: I:1 (   0.213   0.213   0.213 ) T:112 (   0.155   0.218   2.487   3.167   3.167   3.167 )
1129.872: I:1 (   0.207   0.207   0.207 ) T:113 (   0.155   0.218   2.487   3.167   3.167   3.167 )
1139.880: I:1 (   0.213   0.213   0.213 ) T:114 (   0.155   0.218   2.487   3.167   3.167   3.167 )
1149.872: I:1 (   0.108   0.108   0.108 ) T:115 (   0.155   0.218   2.487   3.167   3.167   3.167 )
1159.872: I:1 (   0.216   0.216   0.216 ) T:116 (   0.155   0.218   2.487   3.167   3.167   3.167 )
1169.884: I:1 (   0.225   0.225   0.225 ) T:117 (   0.155   0.224   2.487   3.167   3.167   3.167 )
1179.877: I:1 (   0.226   0.226   0.226 ) T:118 (   0.155   0.225   2.487   3.167   3.167   3.167 )
1189.879: I:1 (   0.110   0.110   0.110 ) T:119 (   0.155   0.225   2.487   3.167   3.167   3.167 )
1199.872: I:1 (   0.106   0.106   0.106 ) T:120 (   0.155   0.224   2.487   3.167   3.167   3.167 )
1209.872: I:1 (   0.229   0.229   0.229 ) T:121 (   0.155   0.225   2.487   3.167   3.167   3.167 )
1219.874: I:1 (   0.116   0.116   0.116 ) T:122 (   0.155   0.225   2.487   3.167   3.167   3.167 )
1229.872: I:1 (   0.233   0.233   0.233 ) T:123 (   0.155   0.226   2.487   3.167   3.167   3.167 )
1239.877: I:1 (   0.114   0.114   0.114 ) T:124 (   0.155   0.226   2.487   3.167   3.167   3.167 )
1249.872: I:1 (   0.244   0.244   0.244 ) T:125 (   0.155   0.228   2.487   3.167   3.167   3.167 )
1259.876: I:1 (   0.236   0.236   0.236 ) T:126 (   0.155   0.229   2.487   3.167   3.167   3.167 )
1269.880: I:1 (   0.120   0.120   0.120 ) T:127 (   0.155   0.229   2.487   3.167   3.167   3.167 )
1281.528: I:1 (   0.125   0.125   0.125 ) T:128 (   0.155   0.229   2.487   3.167   3.167   3.167 )
1289.872: I:1 (   3.431   3.431   3.431 ) T:129 (   0.155   0.231   3.167   3.431   3.431   3.431 )
1299.872: I:1 (   0.223   0.223   0.223 ) T:130 (   0.155   0.229   3.167   3.431   3.431   3.431 )
1309.875: I:1 (   0.063   0.063   0.063 ) T:131 (   0.155   0.229   3.167   3.431   3.431   3.431 )
1319.879: I:1 (   0.146   0.146   0.146 ) T:132 (   0.155   0.229   3.167   3.431   3.431   3.431 )
1329.872: I:1 (   0.175   0.175   0.175 ) T:133 (   0.155   0.229   3.167   3.431   3.431   3.431 )
1339.872: I:1 (   0.097   0.097   0.097 ) T:134 (   0.155   0.229   3.167   3.431   3.431   3.431 )
1349.872: I:1 (   0.205   0.205   0.205 ) T:135 (   0.155   0.229   3.167   3.431   3.431   3.431 )
1359.872: I:1 (   0.100   0.100   0.100 ) T:136 (   0.155   0.229   3.167   3.431   3.431   3.431 )
1369.872: I:1 (   0.112   0.112   0.112 ) T:137 (   0.155   0.229   3.167   3.431   3.431   3.431 )
1379.880: I:1 (   0.116   0.116   0.116 ) T:138 (   0.155   0.229   3.167   3.431   3.431   3.431 )
1389.872: I:1 (   0.245   0.245   0.245 ) T:139 (   0.155   0.231   3.167   3.431   3.431   3.431 )
1399.875: I:1 (   0.127   0.127   0.127 ) T:140 (   0.155   0.229   3.167   3.431   3.431   3.431 )
1409.880: I:1 (   0.135   0.135   0.135 ) T:141 (   0.155   0.229   3.167   3.431   3.431   3.431 )
1419.875: I:1 (   0.140   0.140   0.140 ) T:142 (   0.155   0.229   3.167   3.431   3.431   3.431 )
1429.878: I:1 (   0.138   0.138   0.138 ) T:143 (   0.155   0.229   3.167   3.431   3.431   3.431 )
1439.876: I:1 (   0.148   0.148   0.148 ) T:144 (   0.153   0.229   3.167   3.431   3.431   3.431 )
1449.877: I:1 (   0.293   0.293   0.293 ) T:145 (   0.155   0.231   3.167   3.431   3.431   3.431 )
1459.872: I:1 (   0.150   0.150   0.150 ) T:146 (   0.153   0.231   3.167   3.431   3.431   3.431 )
1469.879: I:1 (   0.135   0.135   0.135 ) T:147 (   0.153   0.231   3.167   3.431   3.431   3.431 )
1479.873: I:1 (   0.096   0.096   0.096 ) T:148 (   0.152   0.231   3.167   3.431   3.431   3.431 )
1489.875: I:1 (   0.101   0.101   0.101 ) T:149 (   0.152   0.231   3.167   3.431   3.431   3.431 )
1499.872: I:1 (   0.209   0.209   0.209 ) T:150 (   0.152   0.229   3.167   3.431   3.431   3.431 )
1509.877: I:1 (   0.101   0.101   0.101 ) T:151 (   0.152   0.229   3.167   3.431   3.431   3.431 )
1519.874: I:1 (   0.102   0.102   0.102 ) T:152 (   0.150   0.229   3.167   3.431   3.431   3.431 )
1529.878: I:1 (   0.101   0.101   0.101 ) T:153 (   0.150   0.229   3.167   3.431   3.431   3.431 )
1539.872: I:1 (   0.111   0.111   0.111 ) T:154 (   0.149   0.229   3.167   3.431   3.431   3.431 )
1549.878: I:1 (   0.113   0.113   0.113 ) T:155 (   0.149   0.229   3.167   3.431   3.431   3.431 )
1559.872: I:1 (   0.120   0.120   0.120 ) T:156 (   0.148   0.229   3.167   3.431   3.431   3.431 )
1569.872: I:1 (   0.154   0.154   0.154 ) T:157 (   0.149   0.229   3.167   3.431   3.431   3.431 )
1579.880: I:1 (   0.131   0.131   0.131 ) T:158 (   0.148   0.229   3.167   3.431   3.431   3.431 )
1589.872: I:1 (   0.120   0.120   0.120 ) T:159 (   0.148   0.229   3.167   3.431   3.431   3.431 )
1599.874: I:1 (   0.129   0.129   0.129 ) T:160 (   0.148   0.228   3.167   3.431   3.431   3.431 )
1609.880: I:1 (   0.131   0.131   0.131 ) T:161 (   0.148   0.228   3.167   3.431   3.431   3.431 )
1619.876: I:1 (   0.160   0.160   0.160 ) T:162 (   0.148   0.228   3.167   3.431   3.431   3.431 )
1629.876: I:1 (   0.174   0.174   0.174 ) T:163 (   0.148   0.228   3.167   3.431   3.431   3.431 )
1639.874: I:1 (   0.176   0.176   0.176 ) T:164 (   0.148   0.228   3.167   3.431   3.431   3.431 )
1649.878: I:1 (   0.174   0.174   0.174 ) T:165 (   0.149   0.228   3.167   3.431   3.431   3.431 )
1659.872: I:1 (   0.177   0.177   0.177 ) T:166 (   0.149   0.228   3.167   3.431   3.431   3.431 )
1669.872: I:1 (   0.000   0.000   0.000 ) T:167 (   0.149   0.228   3.167   3.431   3.431   3.431 )
1679.872: I:1 (   0.362   0.362   0.362 ) T:168 (   0.149   0.229   3.167   3.431   3.431   3.431 )
1689.880: I:1 (   0.178   0.178   0.178 ) T:169 (   0.150   0.229   3.167   3.431   3.431   3.431 )
1699.879: I:1 (   0.185   0.185   0.185 ) T:170 (   0.150   0.228   3.167   3.431   3.431   3.431 )
1709.878: I:1 (   0.000   0.000   0.000 ) T:171 (   0.150   0.228   3.167   3.431   3.431   3.431 )
1719.876: I:1 (   0.000   0.000   0.000 ) T:172 (   0.149   0.228   3.167   3.431   3.431   3.431 )
1730.057: I:1 (   0.183   0.183   0.183 ) T:173 (   0.150   0.228   3.167   3.431   3.431   3.431 )
1739.876: I:1 (   0.184   0.184   0.184 ) T:174 (   0.150   0.228   3.167   3.431   3.431   3.431 )
1749.879: I:1 (   0.000   0.000   0.000 ) T:175 (   0.150   0.228   3.167   3.431   3.431   3.431 )
1759.880: I:1 (   0.187   0.187   0.187 ) T:176 (   0.150   0.228   3.167   3.431   3.431   3.431 )
1769.880: I:1 (   0.000   0.000   0.000 ) T:177 (   0.150   0.228   3.167   3.431   3.431   3.431 )
1779.872: I:1 (   0.190   0.190   0.190 ) T:178 (   0.150   0.228   3.167   3.431   3.431   3.431 )
1789.874: I:1 (   0.191   0.191   0.191 ) T:179 (   0.152   0.228   3.167   3.431   3.431   3.431 )
1799.872: I:1 (   0.191   0.191   0.191 ) T:180 (   0.152   0.226   3.167   3.431   3.431   3.431 )
1809.872: I:1 (   0.000   0.000   0.000 ) T:181 (   0.152   0.226   3.167   3.431   3.431   3.431 )
1819.878: I:1 (   0.191   0.191   0.191 ) T:182 (   0.152   0.226   3.167   3.431   3.431   3.431 )
1829.875: I:1 (   0.194   0.194   0.194 ) T:183 (   0.153   0.226   3.167   3.431   3.431   3.431 )
1839.872: I:1 (   0.196   0.196   0.196 ) T:184 (   0.153   0.226   3.167   3.431   3.431   3.431 )
1849.872: I:1 (   0.206   0.206   0.206 ) T:185 (   0.154   0.226   3.167   3.431   3.431   3.431 )
1859.880: I:1 (   0.189   0.189   0.189 ) T:186 (   0.154   0.226   3.167   3.431   3.431   3.431 )
1869.872: I:1 (   0.183   0.183   0.183 ) T:187 (   0.155   0.226   3.167   3.431   3.431   3.431 )
1879.872: I:1 (   0.202   0.202   0.202 ) T:188 (   0.155   0.226   3.167   3.431   3.431   3.431 )
1889.879: I:1 (   0.209   0.209   0.209 ) T:189 (   0.155   0.226   3.167   3.431   3.431   3.431 )
1899.872: I:1 (   0.000   0.000   0.000 ) T:190 (   0.155   0.225   3.167   3.431   3.431   3.431 )
1909.879: I:1 (   0.204   0.204   0.204 ) T:191 (   0.155   0.225   3.167   3.431   3.431   3.431 )
1919.872: I:1 (   0.212   0.212   0.212 ) T:192 (   0.155   0.225   3.167   3.431   3.431   3.431 )
1929.874: I:1 (   0.212   0.212   0.212 ) T:193 (   0.155   0.225   3.167   3.431   3.431   3.431 )
1939.878: I:1 (   0.219   0.219   0.219 ) T:194 (   0.155   0.225   3.167   3.431   3.431   3.431 )
1949.880: I:1 (   0.215   0.215   0.215 ) T:195 (   0.155   0.225   3.167   3.431   3.431   3.431 )
1959.880: I:1 (   0.000   0.000   0.000 ) T:196 (   0.155   0.225   3.167   3.431   3.431   3.431 )
1969.877: I:1 (   0.220   0.220   0.220 ) T:197 (   0.155   0.225   3.167   3.431   3.431   3.431 )
1979.879: I:1 (   0.000   0.000   0.000 ) T:198 (   0.155   0.225   3.167   3.431   3.431   3.431 )
1989.876: I:1 (   0.211   0.211   0.211 ) T:199 (   0.155   0.225   3.167   3.431   3.431   3.431 )
1999.873: I:1 (   0.220   0.220   0.220 ) T:200 (   0.155   0.224   2.487   3.431   3.431   3.431 )
2009.875: I:1 (   0.000   0.000   0.000 ) T:201 (   0.155   0.224   2.487   3.431   3.431   3.431 )
2019.873: I:1 (   0.148   0.148   0.148 ) T:202 (   0.155   0.224   2.487   3.431   3.431   3.431 )
2029.873: I:1 (   0.144   0.144   0.144 ) T:203 (   0.155   0.224   2.487   3.431   3.431   3.431 )
2039.875: I:1 (   0.150   0.150   0.150 ) T:204 (   0.155   0.224   2.487   3.431   3.431   3.431 )
2049.872: I:1 (   0.000   0.000   0.000 ) T:205 (   0.155   0.224   2.487   3.431   3.431   3.431 )
2059.876: I:1 (   0.169   0.169   0.169 ) T:206 (   0.155   0.224   2.487   3.431   3.431   3.431 )
2069.879: I:1 (   0.171   0.171   0.171 ) T:207 (   0.155   0.224   2.487   3.431   3.431   3.431 )
2079.881: I:1 (   0.000   0.000   0.000 ) T:208 (   0.155   0.224   2.487   3.431   3.431   3.431 )
2089.881: I:1 (   0.000   0.000   0.000 ) T:209 (   0.155   0.224   2.487   3.431   3.431   3.431 )
2099.880: I:1 (   0.186   0.186   0.186 ) T:210 (   0.155   0.223   2.487   3.431   3.431   3.431 )
2109.879: I:1 (   0.000   0.000   0.000 ) T:211 (   0.155   0.223   2.487   3.431   3.431   3.431 )
2119.875: I:1 (   0.195   0.195   0.195 ) T:212 (   0.155   0.223   2.487   3.431   3.431   3.431 )
2129.879: I:1 (   0.213   0.213   0.213 ) T:213 (   0.155   0.223   2.487   3.431   3.431   3.431 )
2139.877: I:1 (   0.000   0.000   0.000 ) T:214 (   0.155   0.223   2.487   3.431   3.431   3.431 )
2149.874: I:1 (   4.935   4.935   4.935 ) T:215 (   0.155   0.224   3.167   4.935   4.935   4.935 )
2159.872: I:1 (   0.437   0.437   0.437 ) T:216 (   0.155   0.225   3.167   4.935   4.935   4.935 )
2169.877: I:1 (   0.000   0.000   0.000 ) T:217 (   0.155   0.225   3.167   4.935   4.935   4.935 )
2179.874: I:1 (   0.214   0.214   0.214 ) T:218 (   0.155   0.225   3.167   4.935   4.935   4.935 )
2189.876: I:1 (   0.222   0.222   0.222 ) T:219 (   0.155   0.225   3.167   4.935   4.935   4.935 )
2199.872: I:1 (   0.237   0.237   0.237 ) T:220 (   0.155   0.225   3.167   4.935   4.935   4.935 )
2209.871: I:1 (   0.233   0.233   0.233 ) T:221 (   0.156   0.226   3.167   4.935   4.935   4.935 )
2219.874: I:1 (   0.241   0.241   0.241 ) T:222 (   0.156   0.228   3.167   4.935   4.935   4.935 )
2229.872: I:1 (   0.225   0.225   0.225 ) T:223 (   0.157   0.228   3.167   4.935   4.935   4.935 )
2239.872: I:1 (   0.235   0.235   0.235 ) T:224 (   0.157   0.229   3.167   4.935   4.935   4.935 )
2249.879: I:1 (   0.241   0.241   0.241 ) T:225 (   0.158   0.231   3.167   4.935   4.935   4.935 )
2259.872: I:1 (   0.000   0.000   0.000 ) T:226 (   0.157   0.231   3.167   4.935   4.935   4.935 )
2269.872: I:1 (   0.245   0.245   0.245 ) T:227 (   0.158   0.233   3.167   4.935   4.935   4.935 )
2279.877: I:1 (   0.242   0.242   0.242 ) T:228 (   0.158   0.233   3.167   4.935   4.935   4.935 )
2289.875: I:1 (   0.243   0.243   0.243 ) T:229 (   0.158   0.233   3.167   4.935   4.935   4.935 )
2300.117: I:1 (   0.245   0.245   0.245 ) T:230 (   0.158   0.233   3.167   4.935   4.935   4.935 )
2309.881: I:1 (   0.244   0.244   0.244 ) T:231 (   0.159   0.235   3.167   4.935   4.935   4.935 )
2319.881: I:1 (   0.000   0.000   0.000 ) T:232 (   0.158   0.235   3.167   4.935   4.935   4.935 )
2329.880: I:1 (   0.000   0.000   0.000 ) T:233 (   0.158   0.235   3.167   4.935   4.935   4.935 )
2339.873: I:1 (   0.000   0.000   0.000 ) T:234 (   0.158   0.235   3.167   4.935   4.935   4.935 )
2349.873: I:1 (   0.246   0.246   0.246 ) T:235 (   0.158   0.236   3.167   4.935   4.935   4.935 )
2359.879: I:1 (   0.000   0.000   0.000 ) T:236 (   0.158   0.236   3.167   4.935   4.935   4.935 )
2370.426: I:1 (   0.247   0.247   0.247 ) T:237 (   0.158   0.237   3.167   4.935   4.935   4.935 )
2379.872: I:1 (   0.250   0.250   0.250 ) T:238 (   0.158   0.238   3.167   4.935   4.935   4.935 )
2389.878: I:1 (   0.262   0.262   0.262 ) T:239 (   0.159   0.241   3.167   4.935   4.935   4.935 )
2399.881: I:1 (   0.000   0.000   0.000 ) T:240 (   0.158   0.238   3.167   4.935   4.935   4.935 )
2409.875: I:1 (   0.246   0.246   0.246 ) T:241 (   0.159   0.241   3.167   4.935   4.935   4.935 )
2419.880: I:1 (   0.000   0.000   0.000 ) T:242 (   0.158   0.241   3.167   4.935   4.935   4.935 )
2429.872: I:1 (   0.255   0.255   0.255 ) T:243 (   0.159   0.241   3.167   4.935   4.935   4.935 )
2439.875: I:1 (   0.248   0.248   0.248 ) T:244 (   0.159   0.241   3.167   4.935   4.935   4.935 )
2449.879: I:1 (   0.000   0.000   0.000 ) T:245 (   0.159   0.241   3.167   4.935   4.935   4.935 )
2459.873: I:1 (   0.250   0.250   0.250 ) T:246 (   0.159   0.242   3.167   4.935   4.935   4.935 )
2469.872: I:1 (   0.253   0.253   0.253 ) T:247 (   0.159   0.243   3.167   4.935   4.935   4.935 )
2479.880: I:1 (   0.000   0.000   0.000 ) T:248 (   0.159   0.243   3.167   4.935   4.935   4.935 )
2489.872: I:1 (   0.254   0.254   0.254 ) T:249 (   0.159   0.244   3.167   4.935   4.935   4.935 )
2500.003: I:1 (   0.260   0.260   0.260 ) T:250 (   0.159   0.244   3.167   4.935   4.935   4.935 )
2509.879: I:1 (   0.250   0.250   0.250 ) T:251 (   0.159   0.244   3.167   4.935   4.935   4.935 )
2519.873: I:1 (   0.000   0.000   0.000 ) T:252 (   0.159   0.244   3.167   4.935   4.935   4.935 )
2529.874: I:1 (   0.256   0.256   0.256 ) T:253 (   0.159   0.245   3.167   4.935   4.935   4.935 )
2539.880: I:1 (   0.246   0.246   0.246 ) T:254 (   0.159   0.245   3.167   4.935   4.935   4.935 )
2549.876: I:1 (   0.000   0.000   0.000 ) T:255 (   0.159   0.245   3.167   4.935   4.935   4.935 )
2559.876: I:1 (   0.254   0.254   0.254 ) T:256 (   0.159   0.245   3.167   4.935   4.935   4.935 )
2569.880: I:1 (   0.263   0.263   0.263 ) T:257 (   0.160   0.246   3.167   4.935   4.935   4.935 )
2579.879: I:1 (   0.000   0.000   0.000 ) T:258 (   0.159   0.246   3.167   4.935   4.935   4.935 )
2589.872: I:1 (   0.250   0.250   0.250 ) T:259 (   0.160   0.246   3.167   4.935   4.935   4.935 )
2599.875: I:1 (   0.263   0.263   0.263 ) T:260 (   0.160   0.246   3.167   4.935   4.935   4.935 )
2609.880: I:1 (   0.253   0.253   0.253 ) T:261 (   0.160   0.246   3.167   4.935   4.935   4.935 )
2619.877: I:1 (   0.000   0.000   0.000 ) T:262 (   0.160   0.246   3.167   4.935   4.935   4.935 )
2629.874: I:1 (   0.261   0.261   0.261 ) T:263 (   0.160   0.247   3.167   4.935   4.935   4.935 )
2639.872: I:1 (   0.261   0.261   0.261 ) T:264 (   0.160   0.248   3.167   4.935   4.935   4.935 )
2649.872: I:1 (   0.278   0.278   0.278 ) T:265 (   0.162   0.250   3.167   4.935   4.935   4.935 )
2659.875: I:1 (   0.000   0.000   0.000 ) T:266 (   0.160   0.250   3.167   4.935   4.935   4.935 )
2669.872: I:1 (   0.261   0.261   0.261 ) T:267 (   0.162   0.250   3.167   4.935   4.935   4.935 )
2680.177: I:1 (   0.259   0.259   0.259 ) T:268 (   0.162   0.250   3.167   4.935   4.935   4.935 )
2689.880: I:1 (   0.253   0.253   0.253 ) T:269 (   0.162   0.250   3.167   4.935   4.935   4.935 )
2699.982: I:1 (   0.000   0.000   0.000 ) T:270 (   0.162   0.250   3.167   4.935   4.935   4.935 )
2709.872: I:1 (   0.255   0.255   0.255 ) T:271 (   0.162   0.250   3.167   4.935   4.935   4.935 )
2719.872: I:1 (   0.000   0.000   0.000 ) T:272 (   0.162   0.250   3.167   4.935   4.935   4.935 )
2729.878: I:1 (   0.262   0.262   0.262 ) T:273 (   0.162   0.250   3.167   4.935   4.935   4.935 )
2739.872: I:1 (   0.000   0.000   0.000 ) T:274 (   0.162   0.250   3.167   4.935   4.935   4.935 )
2749.872: I:1 (   0.247   0.247   0.247 ) T:275 (   0.162   0.250   3.167   4.935   4.935   4.935 )
2759.877: I:1 (   0.260   0.260   0.260 ) T:276 (   0.162   0.253   3.167   4.935   4.935   4.935 )
2769.879: I:1 (   0.259   0.259   0.259 ) T:277 (   0.165   0.253   3.167   4.935   4.935   4.935 )
2779.876: I:1 (   0.000   0.000   0.000 ) T:278 (   0.162   0.253   3.167   4.935   4.935   4.935 )
2789.874: I:1 (   0.256   0.256   0.256 ) T:279 (   0.165   0.253   3.167   4.935   4.935   4.935 )
2799.873: I:1 (   0.256   0.256   0.256 ) T:280 (   0.165   0.253   3.167   4.935   4.935   4.935 )
2809.872: I:1 (   0.000   0.000   0.000 ) T:281 (   0.165   0.253   3.167   4.935   4.935   4.935 )
2819.875: I:1 (   0.261   0.261   0.261 ) T:282 (   0.165   0.254   3.167   4.935   4.935   4.935 )
2829.874: I:1 (   0.266   0.266   0.266 ) T:283 (   0.166   0.254   3.167   4.935   4.935   4.935 )
2839.872: I:1 (   0.000   0.000   0.000 ) T:284 (   0.165   0.254   3.167   4.935   4.935   4.935 )
2849.880: I:1 (   0.258   0.258   0.258 ) T:285 (   0.166   0.255   3.167   4.935   4.935   4.935 )
2859.880: I:1 (   0.262   0.262   0.262 ) T:286 (   0.166   0.255   3.167   4.935   4.935   4.935 )
2869.872: I:1 (   0.255   0.255   0.255 ) T:287 (   0.167   0.255   3.167   4.935   4.935   4.935 )
2879.880: I:1 (   0.000   0.000   0.000 ) T:288 (   0.166   0.255   3.167   4.935   4.935   4.935 )
2889.872: I:1 (   0.259   0.259   0.259 ) T:289 (   0.167   0.256   3.167   4.935   4.935   4.935 )
2899.880: I:1 (   0.000   0.000   0.000 ) T:290 (   0.166   0.255   3.167   4.935   4.935   4.935 )
2909.875: I:1 (   0.249   0.249   0.249 ) T:291 (   0.167   0.255   3.167   4.935   4.935   4.935 )
2919.873: I:1 (   0.000   0.000   0.000 ) T:292 (   0.166   0.255   3.167   4.935   4.935   4.935 )
2929.875: I:1 (   0.264   0.264   0.264 ) T:293 (   0.167   0.256   3.167   4.935   4.935   4.935 )
2939.875: I:1 (   0.260   0.260   0.260 ) T:294 (   0.167   0.256   3.167   4.935   4.935   4.935 )
2949.875: I:1 (   0.263   0.263   0.263 ) T:295 (   0.169   0.256   3.167   4.935   4.935   4.935 )
2959.877: I:1 (   0.252   0.252   0.252 ) T:296 (   0.169   0.256   3.167   4.935   4.935   4.935 )
2969.872: I:1 (   0.261   0.261   0.261 ) T:297 (   0.170   0.258   3.167   4.935   4.935   4.935 )
2979.877: I:1 (   0.000   0.000   0.000 ) T:298 (   0.169   0.258   3.167   4.935   4.935   4.935 )
2989.877: I:1 (   0.242   0.242   0.242 ) T:299 (   0.170   0.258   3.167   4.935   4.935   4.935 )
3000.111: I:1 (   0.000   0.000   0.000 ) T:300 (   0.169   0.256   2.487   4.935   4.935   4.935 )
3009.879: I:1 (   0.254   0.254   0.254 ) T:301 (   0.170   0.256   2.487   4.935   4.935   4.935 )
3019.877: I:1 (   0.000   0.000   0.000 ) T:302 (   0.169   0.256   2.487   4.935   4.935   4.935 )
3029.873: I:1 (   0.261   0.261   0.261 ) T:303 (   0.170   0.258   2.487   4.935   4.935   4.935 )
3039.879: I:1 (   6.367   6.367   6.367 ) T:304 (   0.170   0.259   3.167   6.367   6.367   6.367 )
3049.877: I:1 (   0.000   0.000   0.000 ) T:305 (   0.170   0.259   3.167   6.367   6.367   6.367 )
3059.872: I:1 (   0.465   0.465   0.465 ) T:306 (   0.170   0.259   3.167   6.367   6.367   6.367 )
3069.877: I:1 (   0.157   0.157   0.157 ) T:307 (   0.170   0.259   3.167   6.367   6.367   6.367 )
3079.878: I:1 (   0.000   0.000   0.000 ) T:308 (   0.169   0.259   3.167   6.367   6.367   6.367 )
3089.875: I:1 (   0.160   0.160   0.160 ) T:309 (   0.169   0.259   3.167   6.367   6.367   6.367 )
3099.877: I:1 (   0.166   0.166   0.166 ) T:310 (   0.167   0.259   3.167   6.367   6.367   6.367 )
3109.878: I:1 (   0.170   0.170   0.170 ) T:311 (   0.169   0.259   3.167   6.367   6.367   6.367 )
3119.872: I:1 (   0.000   0.000   0.000 ) T:312 (   0.167   0.259   3.167   6.367   6.367   6.367 )
3129.872: I:1 (   0.170   0.170   0.170 ) T:313 (   0.169   0.259   3.167   6.367   6.367   6.367 )
3139.878: I:1 (   0.178   0.178   0.178 ) T:314 (   0.169   0.259   3.167   6.367   6.367   6.367 )
3149.876: I:1 (   0.177   0.177   0.177 ) T:315 (   0.170   0.259   3.167   6.367   6.367   6.367 )
3159.873: I:1 (   0.000   0.000   0.000 ) T:316 (   0.169   0.259   3.167   6.367   6.367   6.367 )
3169.872: I:1 (   0.184   0.184   0.184 ) T:317 (   0.170   0.259   3.167   6.367   6.367   6.367 )
3179.875: I:1 (   0.188   0.188   0.188 ) T:318 (   0.170   0.259   3.167   6.367   6.367   6.367 )
3189.879: I:1 (   0.191   0.191   0.191 ) T:319 (   0.170   0.259   3.167   6.367   6.367   6.367 )
3198.841: I:2 (   0.000   0.193   0.193 ) T:321 (   0.170   0.258   3.167   6.367   6.367   6.367 )
3198.876: I:0 (   0.000   0.000   0.000 ) T:321 (   0.170   0.258   3.167   6.367   6.367   6.367 )
