#[Interval percentile log between 0.000 and <Infinite> seconds (relative to StartTime)]
#[StartTime: 1524362367.343 (seconds since epoch), Sun Apr 22 03:59:27 CEST 2018]
Time: IntervalPercentiles:count ( 50% 90% Max ) TotalPercentiles:count ( 50% 90% 99% 99.9% 99.99% Max )
8.186: I:78 ( 101.119 151.679 242.559 ) T:78 ( 101.119 151.679 242.559 242.559 242.559 242.559 )
18.168: I:103 (  90.879 141.567 383.487 ) T:181 (  91.007 149.631 242.559 383.487 383.487 383.487 )
28.175: I:128 (  70.847 111.295 161.407 ) T:309 (  80.959 140.415 212.351 383.487 383.487 383.487 )
38.164: I:127 (  80.767 111.359 161.919 ) T:436 (  80.895 131.455 212.223 383.487 383.487 383.487 )
48.165: I:121 (  80.767 121.407 217.343 ) T:557 (  80.895 131.327 212.223 383.487 383.487 383.487 )
58.165: I:127 (  70.975 121.407 172.031 ) T:684 (  80.895 121.727 203.647 383.487 383.487 383.487 )
68.161: I:132 (  70.911 111.295 161.791 ) T:816 (  80.895 121.407 202.111 383.487 383.487 383.487 )
78.164: I:124 (  71.871 121.343 161.919 ) T:940 (  80.895 121.407 201.855 383.487 383.487 383.487 )
88.164: I:129 (  70.975 111.295 161.791 ) T:1069 (  80.831 121.343 192.127 242.559 383.487 383.487 )
98.164: I:120 (  70.847 121.407 383.999 ) T:1189 (  80.831 121.343 192.127 383.487 383.999 383.999 )
108.164: I:124 (  70.911 121.279 172.031 ) T:1313 (  80.767 121.343 172.031 383.487 383.999 383.999 )
118.161: I:127 (  71.103 111.295 252.799 ) T:1440 (  80.767 121.343 178.303 383.487 383.999 383.999 )
128.161: I:129 (  70.911 111.295 222.591 ) T:1569 (  80.511 121.279 178.303 383.487 383.999 383.999 )
138.164: I:127 (  70.975 111.359 151.679 ) T:1696 (  78.271 121.279 172.031 383.487 383.999 383.999 )
148.164: I:125 (  80.319 111.423 171.903 ) T:1821 (  80.255 117.567 172.031 383.487 383.999 383.999 )
158.161: I:121 (  81.023 121.343 235.007 ) T:1942 (  80.447 121.151 172.031 383.487 383.999 383.999 )
168.164: I:122 (  71.039 120.255 263.167 ) T:2064 (  80.383 121.151 172.031 263.167 383.999 383.999 )
178.163: I:128 (  80.959 111.295 131.711 ) T:2192 (  80.511 117.375 172.031 263.167 383.999 383.999 )
188.163: I:123 (  71.039 121.471 182.143 ) T:2315 (  80.447 120.255 172.031 263.167 383.999 383.999 )
198.162: I:124 (  70.975 121.471 333.567 ) T:2439 (  80.319 121.279 172.031 333.567 383.999 383.999 )
208.164: I:123 (  81.023 121.407 182.015 ) T:2562 (  80.383 121.279 172.031 333.567 383.999 383.999 )
218.161: I:123 (  81.023 111.359 323.583 ) T:2685 (  80.511 121.279 172.031 333.567 383.999 383.999 )
228.164: I:129 (  70.975 111.359 162.047 ) T:2814 (  80.383 120.255 172.031 333.567 383.999 383.999 )
238.164: I:122 (  71.103 111.487 202.239 ) T:2936 (  80.383 117.567 172.031 333.567 383.999 383.999 )
248.163: I:125 (  71.103 121.407 211.711 ) T:3061 (  80.319 117.567 172.031 323.583 383.999 383.999 )
258.163: I:121 (  71.935 121.471 333.823 ) T:3182 (  80.255 121.215 172.031 333.567 383.999 383.999 )
268.162: I:125 (  70.975 111.359 324.351 ) T:3307 (  71.999 121.215 172.031 333.567 383.999 383.999 )
278.162: I:127 (  71.039 111.423 237.567 ) T:3434 (  71.999 120.767 172.031 333.567 383.999 383.999 )
288.162: I:124 (  80.959 111.359 232.575 ) T:3558 (  72.063 117.567 172.031 333.567 383.999 383.999 )
298.162: I:123 (  80.959 121.407 222.591 ) T:3681 (  73.663 120.767 172.031 333.567 383.999 383.999 )
308.163: I:127 (  70.975 121.407 232.575 ) T:3808 (  71.999 121.215 172.031 333.567 383.999 383.999 )
318.162: I:127 (  70.975 111.423 152.063 ) T:3935 (  71.935 121.215 172.031 333.567 383.999 383.999 )
328.162: I:128 (  70.911 121.343 165.631 ) T:4063 (  71.935 121.215 172.031 324.351 383.999 383.999 )
338.163: I:132 (  60.927 111.359 151.935 ) T:4195 (  71.167 120.959 172.031 324.351 383.999 383.999 )
348.164: I:126 (  80.959 111.359 212.607 ) T:4321 (  71.807 120.255 171.903 324.351 383.999 383.999 )
358.164: I:123 (  80.959 121.343 242.303 ) T:4444 (  71.871 120.767 172.031 324.351 383.999 383.999 )
368.161: I:125 (  70.911 111.359 233.343 ) T:4569 (  71.807 117.567 172.031 324.351 383.999 383.999 )
378.161: I:132 (  60.991 111.295 162.047 ) T:4701 (  71.103 116.287 171.903 324.351 383.999 383.999 )
388.161: I:122 (  80.191 111.359 343.807 ) T:4823 (  71.103 114.623 172.031 333.567 383.999 383.999 )
398.164: I:126 (  70.975 121.407 172.031 ) T:4949 (  71.103 116.287 172.031 333.567 383.999 383.999 )
408.163: I:127 (  70.911 111.359 212.479 ) T:5076 (  71.103 112.703 172.031 324.351 383.999 383.999 )
418.162: I:128 (  70.975 111.423 192.383 ) T:5204 (  71.103 112.319 172.031 324.351 383.999 383.999 )
428.162: I:126 (  80.959 111.423 172.031 ) T:5330 (  71.103 112.191 172.031 324.351 383.999 383.999 )
438.162: I:132 (  70.975 111.295 161.919 ) T:5462 (  71.103 111.487 172.031 324.351 383.999 383.999 )
448.162: I:121 (  70.975 121.471 232.447 ) T:5583 (  71.039 112.191 172.031 324.351 383.999 383.999 )
458.163: I:125 (  70.975 112.447 242.687 ) T:5708 (  71.039 112.319 172.031 324.351 383.999 383.999 )
468.163: I:129 (  71.039 111.295 151.807 ) T:5837 (  71.039 111.487 172.031 324.351 383.999 383.999 )
478.163: I:127 (  70.911 121.471 171.903 ) T:5964 (  71.039 111.551 172.031 324.351 383.999 383.999 )
488.163: I:126 (  80.959 111.423 202.495 ) T:6090 (  71.039 111.487 172.031 323.583 383.999 383.999 )
498.163: I:128 (  80.959 111.359 131.711 ) T:6218 (  71.039 111.487 171.903 323.583 383.999 383.999 )
508.163: I:124 (  70.975 128.639 192.255 ) T:6342 (  71.039 111.487 172.031 323.583 383.999 383.999 )
518.163: I:129 (  70.911 120.831 283.391 ) T:6471 (  71.039 111.487 172.031 323.583 383.999 383.999 )
528.163: I:126 (  70.975 121.407 171.903 ) T:6597 (  71.039 111.487 172.031 323.583 383.999 383.999 )
538.163: I:121 (  80.831 121.471 222.463 ) T:6718 (  71.039 112.191 172.031 323.583 383.999 383.999 )
548.163: I:131 (  70.911 111.359 162.943 ) T:6849 (  71.039 112.191 172.031 323.583 383.999 383.999 )
558.162: I:132 (  70.911 111.359 202.367 ) T:6981 (  71.039 111.487 172.031 323.583 383.999 383.999 )
568.162: I:115 (  71.999 121.471 464.639 ) T:7096 (  71.039 111.487 172.031 324.351 464.639 464.639 )
578.163: I:29 ( 343.551 383.999 454.655 ) T:7125 (  71.039 120.255 202.111 383.487 464.639 464.639 )
588.164: I:29 ( 323.327 363.775 494.847 ) T:7154 (  71.039 121.343 242.687 383.743 494.847 494.847 )
598.163: I:114 (  70.975 121.535 413.951 ) T:7268 (  71.039 121.343 272.895 383.999 494.847 494.847 )
608.163: I:127 (  70.975 111.487 252.799 ) T:7395 (  71.039 121.343 263.167 383.999 494.847 494.847 )
618.162: I:127 (  72.063 121.407 182.143 ) T:7522 (  71.039 121.343 252.799 383.999 494.847 494.847 )
628.161: I:115 (  81.023 131.583 242.943 ) T:7637 (  71.039 121.343 252.799 383.999 494.847 494.847 )
638.162: I:130 (  70.975 121.343 183.167 ) T:7767 (  71.039 121.343 247.295 383.999 494.847 494.847 )
648.162: I:130 (  70.911 111.359 212.351 ) T:7897 (  71.039 121.343 242.943 383.999 494.847 494.847 )
658.162: I:123 (  81.023 121.343 262.911 ) T:8020 (  71.039 121.343 242.687 383.743 494.847 494.847 )
668.162: I:126 (  70.975 111.423 262.655 ) T:8146 (  71.039 121.343 242.687 383.743 494.847 494.847 )
678.162: I:123 (  70.911 111.423 424.703 ) T:8269 (  71.039 121.343 242.687 383.999 494.847 494.847 )
688.162: I:130 (  70.911 121.407 161.919 ) T:8399 (  71.039 121.343 242.559 383.999 494.847 494.847 )
698.162: I:123 (  71.039 121.471 212.351 ) T:8522 (  71.039 121.343 237.567 383.999 494.847 494.847 )
708.162: I:125 (  71.039 111.615 182.271 ) T:8647 (  71.039 121.343 235.007 383.999 494.847 494.847 )
718.164: I:123 (  70.975 121.471 202.495 ) T:8770 (  71.039 121.343 233.343 383.999 494.847 494.847 )
728.163: I:118 (  81.023 131.455 222.463 ) T:8888 (  71.039 121.343 232.575 383.999 494.847 494.847 )
738.163: I:119 (  81.023 121.471 182.143 ) T:9007 (  71.039 121.343 232.575 383.743 494.847 494.847 )
748.163: I:129 (  70.975 121.471 232.575 ) T:9136 (  71.039 121.407 232.575 383.743 494.847 494.847 )
758.163: I:125 (  70.975 121.407 222.591 ) T:9261 (  71.039 121.407 232.575 383.743 494.847 494.847 )
768.163: I:126 (  81.023 111.551 182.143 ) T:9387 (  71.039 121.407 232.447 383.743 494.847 494.847 )
778.163: I:121 (  81.023 121.663 172.159 ) T:9508 (  71.039 121.407 222.591 383.743 494.847 494.847 )
788.163: I:129 (  70.911 111.487 202.239 ) T:9637 (  71.039 121.407 222.591 383.743 494.847 494.847 )
798.163: I:128 (  71.103 111.359 201.599 ) T:9765 (  71.039 121.407 222.591 383.743 494.847 494.847 )
808.163: I:122 (  71.103 121.407 263.167 ) T:9887 (  71.039 121.407 222.591 383.743 494.847 494.847 )
818.163: I:113 (  71.167 121.407 243.967 ) T:10000 (  71.039 121.407 222.591 383.487 464.639 494.847 )
819.342: I:0 (   0.000   0.000   0.000 ) T:10000 (  71.039 121.407 222.591 383.487 464.639 494.847 )
819.362: I:0 (   0.000   0.000   0.000 ) T:10000 (  71.039 121.407 222.591 383.487 464.639 494.847 )
