#[Interval percentile log between 0.000 and <Infinite> seconds (relative to StartTime)]
#[StartTime: 1524362365.527 (seconds since epoch), Sun Apr 22 03:59:25 CEST 2018]
Time: IntervalPercentiles:count ( 50% 90% Max ) TotalPercentiles:count ( 50% 90% 99% 99.9% 99.99% Max )
9.977: I:1 (   0.003   0.003   0.003 ) T:1 (   0.003   0.003   0.003   0.003   0.003   0.003 )
19.977: I:1 (   0.011   0.011   0.011 ) T:2 (   0.003   0.011   0.011   0.011   0.011   0.011 )
29.984: I:1 (   0.011   0.011   0.011 ) T:3 (   0.011   0.011   0.011   0.011   0.011   0.011 )
39.977: I:1 (   0.011   0.011   0.011 ) T:4 (   0.011   0.011   0.011   0.011   0.011   0.011 )
49.977: I:1 (   0.011   0.011   0.011 ) T:5 (   0.011   0.011   0.011   0.011   0.011   0.011 )
59.977: I:1 (   0.011   0.011   0.011 ) T:6 (   0.011   0.011   0.011   0.011   0.011   0.011 )
69.977: I:1 (   0.011   0.011   0.011 ) T:7 (   0.011   0.011   0.011   0.011   0.011   0.011 )
79.977: I:1 (   0.010   0.010   0.010 ) T:8 (   0.011   0.011   0.011   0.011   0.011   0.011 )
89.977: I:1 (   0.010   0.010   0.010 ) T:9 (   0.011   0.011   0.011   0.011   0.011   0.011 )
99.977: I:1 (   0.010   0.010   0.010 ) T:10 (   0.011   0.011   0.011   0.011   0.011   0.011 )
109.977: I:1 (   0.010   0.010   0.010 ) T:11 (   0.011   0.011   0.011   0.011   0.011   0.011 )
119.977: I:1 (   0.010   0.010   0.010 ) T:12 (   0.010   0.011   0.011   0.011   0.011   0.011 )
129.977: I:1 (   0.010   0.010   0.010 ) T:13 (   0.010   0.011   0.011   0.011   0.011   0.011 )
139.977: I:1 (   0.010   0.010   0.010 ) T:14 (   0.010   0.011   0.011   0.011   0.011   0.011 )
149.977: I:1 (   0.010   0.010   0.010 ) T:15 (   0.010   0.011   0.011   0.011   0.011   0.011 )
159.977: I:1 (   0.010   0.010   0.010 ) T:16 (   0.010   0.011   0.011   0.011   0.011   0.011 )
169.977: I:1 (   0.010   0.010   0.010 ) T:17 (   0.010   0.011   0.011   0.011   0.011   0.011 )
179.977: I:1 (   0.010   0.010   0.010 ) T:18 (   0.010   0.011   0.011   0.011   0.011   0.011 )
189.977: I:1 (   0.010   0.010   0.010 ) T:19 (   0.010   0.011   0.011   0.011   0.011   0.011 )
199.977: I:1 (   0.010   0.010   0.010 ) T:20 (   0.010   0.011   0.011   0.011   0.011   0.011 )
209.977: I:1 (   0.010   0.010   0.010 ) T:21 (   0.010   0.011   0.011   0.011   0.011   0.011 )
219.977: I:1 (   0.010   0.010   0.010 ) T:22 (   0.010   0.011   0.011   0.011   0.011   0.011 )
229.977: I:1 (   0.010   0.010   0.010 ) T:23 (   0.010   0.011   0.011   0.011   0.011   0.011 )
239.977: I:1 (   0.010   0.010   0.010 ) T:24 (   0.010   0.011   0.011   0.011   0.011   0.011 )
249.977: I:1 (   0.010   0.010   0.010 ) T:25 (   0.010   0.011   0.011   0.011   0.011   0.011 )
259.977: I:1 (   0.010   0.010   0.010 ) T:26 (   0.010   0.011   0.011   0.011   0.011   0.011 )
269.977: I:1 (   0.010   0.010   0.010 ) T:27 (   0.010   0.011   0.011   0.011   0.011   0.011 )
279.977: I:1 (   0.010   0.010   0.010 ) T:28 (   0.010   0.011   0.011   0.011   0.011   0.011 )
289.977: I:1 (   0.010   0.010   0.010 ) T:29 (   0.010   0.011   0.011   0.011   0.011   0.011 )
299.977: I:1 (   0.010   0.010   0.010 ) T:30 (   0.010   0.011   0.011   0.011   0.011   0.011 )
309.977: I:1 (   0.010   0.010   0.010 ) T:31 (   0.010   0.011   0.011   0.011   0.011   0.011 )
319.977: I:1 (   0.010   0.010   0.010 ) T:32 (   0.010   0.011   0.011   0.011   0.011   0.011 )
329.977: I:1 (   0.010   0.010   0.010 ) T:33 (   0.010   0.011   0.011   0.011   0.011   0.011 )
339.977: I:1 (   0.010   0.010   0.010 ) T:34 (   0.010   0.011   0.011   0.011   0.011   0.011 )
349.977: I:1 (   0.010   0.010   0.010 ) T:35 (   0.010   0.011   0.011   0.011   0.011   0.011 )
359.977: I:1 (   0.010   0.010   0.010 ) T:36 (   0.010   0.011   0.011   0.011   0.011   0.011 )
369.977: I:1 (   0.010   0.010   0.010 ) T:37 (   0.010   0.011   0.011   0.011   0.011   0.011 )
379.977: I:1 (   0.010   0.010   0.010 ) T:38 (   0.010   0.011   0.011   0.011   0.011   0.011 )
389.977: I:1 (   0.010   0.010   0.010 ) T:39 (   0.010   0.011   0.011   0.011   0.011   0.011 )
399.977: I:1 (   0.010   0.010   0.010 ) T:40 (   0.010   0.011   0.011   0.011   0.011   0.011 )
409.977: I:1 (   0.010   0.010   0.010 ) T:41 (   0.010   0.011   0.011   0.011   0.011   0.011 )
419.977: I:1 (   0.010   0.010   0.010 ) T:42 (   0.010   0.011   0.011   0.011   0.011   0.011 )
429.977: I:1 (   0.010   0.010   0.010 ) T:43 (   0.010   0.011   0.011   0.011   0.011   0.011 )
439.977: I:1 (   0.010   0.010   0.010 ) T:44 (   0.010   0.011   0.011   0.011   0.011   0.011 )
449.977: I:1 (   0.010   0.010   0.010 ) T:45 (   0.010   0.011   0.011   0.011   0.011   0.011 )
459.977: I:1 (   0.010   0.010   0.010 ) T:46 (   0.010   0.011   0.011   0.011   0.011   0.011 )
469.977: I:1 (   0.010   0.010   0.010 ) T:47 (   0.010   0.011   0.011   0.011   0.011   0.011 )
479.977: I:1 (   0.010   0.010   0.010 ) T:48 (   0.010   0.011   0.011   0.011   0.011   0.011 )
489.977: I:1 (   0.010   0.010   0.010 ) T:49 (   0.010   0.011   0.011   0.011   0.011   0.011 )
499.977: I:1 (   0.010   0.010   0.010 ) T:50 (   0.010   0.011   0.011   0.011   0.011   0.011 )
509.977: I:1 (   0.010   0.010   0.010 ) T:51 (   0.010   0.011   0.011   0.011   0.011   0.011 )
519.977: I:1 (   0.010   0.010   0.010 ) T:52 (   0.010   0.011   0.011   0.011   0.011   0.011 )
529.977: I:1 (   0.010   0.010   0.010 ) T:53 (   0.010   0.011   0.011   0.011   0.011   0.011 )
539.977: I:1 (   0.010   0.010   0.010 ) T:54 (   0.010   0.011   0.011   0.011   0.011   0.011 )
549.977: I:1 (   0.010   0.010   0.010 ) T:55 (   0.010   0.011   0.011   0.011   0.011   0.011 )
559.977: I:1 (   0.010   0.010   0.010 ) T:56 (   0.010   0.011   0.011   0.011   0.011   0.011 )
569.977: I:1 (   0.010   0.010   0.010 ) T:57 (   0.010   0.011   0.011   0.011   0.011   0.011 )
579.977: I:1 (   0.010   0.010   0.010 ) T:58 (   0.010   0.011   0.011   0.011   0.011   0.011 )
589.977: I:1 (   0.010   0.010   0.010 ) T:59 (   0.010   0.011   0.011   0.011   0.011   0.011 )
599.977: I:1 (   0.010   0.010   0.010 ) T:60 (   0.010   0.010   0.011   0.011   0.011   0.011 )
609.977: I:1 (   0.010   0.010   0.010 ) T:61 (   0.010   0.010   0.011   0.011   0.011   0.011 )
619.977: I:1 (   0.010   0.010   0.010 ) T:62 (   0.010   0.010   0.011   0.011   0.011   0.011 )
629.977: I:1 (   0.010   0.010   0.010 ) T:63 (   0.010   0.010   0.011   0.011   0.011   0.011 )
639.977: I:1 (   0.010   0.010   0.010 ) T:64 (   0.010   0.010   0.011   0.011   0.011   0.011 )
649.977: I:1 (   0.010   0.010   0.010 ) T:65 (   0.010   0.010   0.011   0.011   0.011   0.011 )
659.977: I:1 (   0.010   0.010   0.010 ) T:66 (   0.010   0.010   0.011   0.011   0.011   0.011 )
669.977: I:1 (   0.010   0.010   0.010 ) T:67 (   0.010   0.010   0.011   0.011   0.011   0.011 )
679.977: I:1 (   0.010   0.010   0.010 ) T:68 (   0.010   0.010   0.011   0.011   0.011   0.011 )
689.977: I:1 (   0.010   0.010   0.010 ) T:69 (   0.010   0.010   0.011   0.011   0.011   0.011 )
699.977: I:1 (   0.010   0.010   0.010 ) T:70 (   0.010   0.010   0.011   0.011   0.011   0.011 )
709.977: I:1 (   0.010   0.010   0.010 ) T:71 (   0.010   0.010   0.011   0.011   0.011   0.011 )
719.977: I:1 (   0.010   0.010   0.010 ) T:72 (   0.010   0.010   0.011   0.011   0.011   0.011 )
729.977: I:1 (   0.010   0.010   0.010 ) T:73 (   0.010   0.010   0.011   0.011   0.011   0.011 )
739.977: I:1 (   0.010   0.010   0.010 ) T:74 (   0.010   0.010   0.011   0.011   0.011   0.011 )
749.977: I:1 (   0.010   0.010   0.010 ) T:75 (   0.010   0.010   0.011   0.011   0.011   0.011 )
759.977: I:1 (   0.010   0.010   0.010 ) T:76 (   0.010   0.010   0.011   0.011   0.011   0.011 )
769.977: I:1 (   0.010   0.010   0.010 ) T:77 (   0.010   0.010   0.011   0.011   0.011   0.011 )
779.977: I:1 (   0.010   0.010   0.010 ) T:78 (   0.010   0.010   0.011   0.011   0.011   0.011 )
789.977: I:1 (   0.010   0.010   0.010 ) T:79 (   0.010   0.010   0.011   0.011   0.011   0.011 )
799.977: I:1 (   0.010   0.010   0.010 ) T:80 (   0.010   0.010   0.011   0.011   0.011   0.011 )
809.977: I:1 (   0.010   0.010   0.010 ) T:81 (   0.010   0.010   0.011   0.011   0.011   0.011 )
819.977: I:1 (   0.010   0.010   0.010 ) T:82 (   0.010   0.010   0.011   0.011   0.011   0.011 )
821.155: I:2 (   0.003   0.007   0.007 ) T:84 (   0.010   0.010   0.011   0.011   0.011   0.011 )
821.172: I:0 (   0.000   0.000   0.000 ) T:84 (   0.010   0.010   0.011   0.011   0.011   0.011 )
