#[Interval percentile log between 0.000 and <Infinite> seconds (relative to StartTime)]
#[StartTime: 1524843182.554 (seconds since epoch), Fri Apr 27 17:33:02 CEST 2018]
Time: IntervalPercentiles:count ( 50% 90% Max ) TotalPercentiles:count ( 50% 90% 99% 99.9% 99.99% Max )
2.026: I:1 (   3.043   3.043   3.043 ) T:1 (   3.043   3.043   3.043   3.043   3.043   3.043 )
11.994: I:0 (   0.000   0.000   0.000 ) T:1 (   3.043   3.043   3.043   3.043   3.043   3.043 )
21.997: I:1 (   0.524   0.524   0.524 ) T:2 (   0.524   3.043   3.043   3.043   3.043   3.043 )
31.989: I:0 (   0.000   0.000   0.000 ) T:2 (   0.524   3.043   3.043   3.043   3.043   3.043 )
41.991: I:1 (   0.371   0.371   0.371 ) T:3 (   0.524   3.043   3.043   3.043   3.043   3.043 )
51.987: I:1 (   0.348   0.348   0.348 ) T:4 (   0.371   3.043   3.043   3.043   3.043   3.043 )
61.990: I:2 (   0.336   0.389   0.389 ) T:6 (   0.371   3.043   3.043   3.043   3.043   3.043 )
71.987: I:1 (   0.418   0.418   0.418 ) T:7 (   0.389   3.043   3.043   3.043   3.043   3.043 )
81.987: I:0 (   0.000   0.000   0.000 ) T:7 (   0.389   3.043   3.043   3.043   3.043   3.043 )
91.987: I:1 (   0.381   0.381   0.381 ) T:8 (   0.381   3.043   3.043   3.043   3.043   3.043 )
101.987: I:0 (   0.000   0.000   0.000 ) T:8 (   0.381   3.043   3.043   3.043   3.043   3.043 )
111.990: I:3 (   0.240   0.254   0.254 ) T:11 (   0.371   0.524   3.043   3.043   3.043   3.043 )
121.987: I:1 (   0.252   0.252   0.252 ) T:12 (   0.348   0.524   3.043   3.043   3.043   3.043 )
131.987: I:1 (   0.256   0.256   0.256 ) T:13 (   0.348   0.524   3.043   3.043   3.043   3.043 )
141.988: I:1 (   0.291   0.291   0.291 ) T:14 (   0.336   0.524   3.043   3.043   3.043   3.043 )
151.990: I:0 (   0.000   0.000   0.000 ) T:14 (   0.336   0.524   3.043   3.043   3.043   3.043 )
161.989: I:2 (   0.327   0.340   0.340 ) T:16 (   0.336   0.524   3.043   3.043   3.043   3.043 )
171.988: I:1 (   0.261   0.261   0.261 ) T:17 (   0.336   0.524   3.043   3.043   3.043   3.043 )
181.985: I:1 (   0.260   0.260   0.260 ) T:18 (   0.327   0.524   3.043   3.043   3.043   3.043 )
191.989: I:1 (   0.255   0.255   0.255 ) T:19 (   0.327   0.524   3.043   3.043   3.043   3.043 )
201.989: I:2 (   0.232   0.233   0.233 ) T:21 (   0.291   0.418   3.043   3.043   3.043   3.043 )
211.991: I:0 (   0.000   0.000   0.000 ) T:21 (   0.291   0.418   3.043   3.043   3.043   3.043 )
221.987: I:0 (   0.000   0.000   0.000 ) T:21 (   0.291   0.418   3.043   3.043   3.043   3.043 )
231.987: I:0 (   0.000   0.000   0.000 ) T:21 (   0.291   0.418   3.043   3.043   3.043   3.043 )
241.990: I:0 (   0.000   0.000   0.000 ) T:21 (   0.291   0.418   3.043   3.043   3.043   3.043 )
251.989: I:1 (   0.345   0.345   0.345 ) T:22 (   0.291   0.418   3.043   3.043   3.043   3.043 )
261.989: I:0 (   0.000   0.000   0.000 ) T:22 (   0.291   0.418   3.043   3.043   3.043   3.043 )
271.988: I:0 (   0.000   0.000   0.000 ) T:22 (   0.291   0.418   3.043   3.043   3.043   3.043 )
281.987: I:2 (   0.208   0.218   0.218 ) T:24 (   0.261   0.418   3.043   3.043   3.043   3.043 )
291.987: I:0 (   0.000   0.000   0.000 ) T:24 (   0.261   0.418   3.043   3.043   3.043   3.043 )
301.987: I:3 (   0.237   0.254   0.254 ) T:27 (   0.260   0.418   3.043   3.043   3.043   3.043 )
311.981: I:2 (   0.229   0.253   0.253 ) T:29 (   0.256   0.418   3.043   3.043   3.043   3.043 )
321.981: I:3 (   0.170   0.225   0.225 ) T:32 (   0.254   0.389   3.043   3.043   3.043   3.043 )
331.988: I:2 (   0.131   0.201   0.201 ) T:34 (   0.254   0.389   3.043   3.043   3.043   3.043 )
341.983: I:0 (   0.000   0.000   0.000 ) T:34 (   0.254   0.389   3.043   3.043   3.043   3.043 )
351.987: I:0 (   0.000   0.000   0.000 ) T:34 (   0.254   0.389   3.043   3.043   3.043   3.043 )
361.990: I:2 (   0.180   0.192   0.192 ) T:36 (   0.253   0.389   3.043   3.043   3.043   3.043 )
371.982: I:0 (   0.000   0.000   0.000 ) T:36 (   0.253   0.389   3.043   3.043   3.043   3.043 )
381.987: I:0 (   0.000   0.000   0.000 ) T:36 (   0.253   0.389   3.043   3.043   3.043   3.043 )
391.987: I:2 (   0.189   0.189   0.189 ) T:38 (   0.252   0.389   3.043   3.043   3.043   3.043 )
401.980: I:1 (   0.178   0.178   0.178 ) T:39 (   0.252   0.389   3.043   3.043   3.043   3.043 )
411.980: I:0 (   0.000   0.000   0.000 ) T:39 (   0.252   0.389   3.043   3.043   3.043   3.043 )
421.987: I:1 (   0.292   0.292   0.292 ) T:40 (   0.252   0.381   3.043   3.043   3.043   3.043 )
431.987: I:2 (   0.171   0.186   0.186 ) T:42 (   0.240   0.381   3.043   3.043   3.043   3.043 )
441.987: I:1 (   0.171   0.171   0.171 ) T:43 (   0.240   0.381   3.043   3.043   3.043   3.043 )
451.987: I:1 (   0.126   0.126   0.126 ) T:44 (   0.237   0.381   3.043   3.043   3.043   3.043 )
461.981: I:3 (   0.189   0.189   0.189 ) T:47 (   0.233   0.381   3.043   3.043   3.043   3.043 )
471.990: I:2 (   0.218   0.322   0.322 ) T:49 (   0.233   0.381   3.043   3.043   3.043   3.043 )
481.990: I:1 (   0.182   0.182   0.182 ) T:50 (   0.232   0.371   3.043   3.043   3.043   3.043 )
491.987: I:0 (   0.000   0.000   0.000 ) T:50 (   0.232   0.371   3.043   3.043   3.043   3.043 )
501.987: I:1 (   0.199   0.199   0.199 ) T:51 (   0.232   0.371   3.043   3.043   3.043   3.043 )
511.987: I:0 (   0.000   0.000   0.000 ) T:51 (   0.232   0.371   3.043   3.043   3.043   3.043 )
521.987: I:0 (   0.000   0.000   0.000 ) T:51 (   0.232   0.371   3.043   3.043   3.043   3.043 )
531.987: I:0 (   0.000   0.000   0.000 ) T:51 (   0.232   0.371   3.043   3.043   3.043   3.043 )
541.987: I:0 (   0.000   0.000   0.000 ) T:51 (   0.232   0.371   3.043   3.043   3.043   3.043 )
551.987: I:0 (   0.000   0.000   0.000 ) T:51 (   0.232   0.371   3.043   3.043   3.043   3.043 )
561.984: I:0 (   0.000   0.000   0.000 ) T:51 (   0.232   0.371   3.043   3.043   3.043   3.043 )
571.987: I:0 (   0.000   0.000   0.000 ) T:51 (   0.232   0.371   3.043   3.043   3.043   3.043 )
581.988: I:2 (   0.153   0.165   0.165 ) T:53 (   0.229   0.371   3.043   3.043   3.043   3.043 )
591.981: I:2 (   0.170   0.181   0.181 ) T:55 (   0.225   0.371   3.043   3.043   3.043   3.043 )
601.987: I:1 (   0.196   0.196   0.196 ) T:56 (   0.220   0.371   3.043   3.043   3.043   3.043 )
611.987: I:0 (   0.000   0.000   0.000 ) T:56 (   0.220   0.371   3.043   3.043   3.043   3.043 )
621.985: I:1 (   0.170   0.170   0.170 ) T:57 (   0.220   0.371   3.043   3.043   3.043   3.043 )
631.988: I:3 (   0.169   0.169   0.169 ) T:60 (   0.218   0.348   3.043   3.043   3.043   3.043 )
641.987: I:1 (   0.161   0.161   0.161 ) T:61 (   0.218   0.348   3.043   3.043   3.043   3.043 )
651.980: I:2 (   0.167   0.169   0.169 ) T:63 (   0.208   0.348   3.043   3.043   3.043   3.043 )
661.987: I:1 (   0.192   0.192   0.192 ) T:64 (   0.201   0.348   3.043   3.043   3.043   3.043 )
671.987: I:0 (   0.000   0.000   0.000 ) T:64 (   0.201   0.348   3.043   3.043   3.043   3.043 )
681.991: I:0 (   0.000   0.000   0.000 ) T:64 (   0.201   0.348   3.043   3.043   3.043   3.043 )
691.987: I:2 (   0.083   0.141   0.141 ) T:66 (   0.200   0.348   3.043   3.043   3.043   3.043 )
701.990: I:1 (   0.163   0.163   0.163 ) T:67 (   0.200   0.348   3.043   3.043   3.043   3.043 )
711.987: I:0 (   0.000   0.000   0.000 ) T:67 (   0.200   0.348   3.043   3.043   3.043   3.043 )
721.990: I:2 (   0.157   0.165   0.165 ) T:69 (   0.199   0.348   3.043   3.043   3.043   3.043 )
731.980: I:0 (   0.000   0.000   0.000 ) T:69 (   0.199   0.348   3.043   3.043   3.043   3.043 )
741.988: I:1 (   0.162   0.162   0.162 ) T:70 (   0.196   0.345   3.043   3.043   3.043   3.043 )
751.989: I:0 (   0.000   0.000   0.000 ) T:70 (   0.196   0.345   3.043   3.043   3.043   3.043 )
761.988: I:1 (   0.157   0.157   0.157 ) T:71 (   0.196   0.345   3.043   3.043   3.043   3.043 )
771.988: I:0 (   0.000   0.000   0.000 ) T:71 (   0.196   0.345   3.043   3.043   3.043   3.043 )
781.988: I:1 (   0.156   0.156   0.156 ) T:72 (   0.192   0.345   3.043   3.043   3.043   3.043 )
791.987: I:0 (   0.000   0.000   0.000 ) T:72 (   0.192   0.345   3.043   3.043   3.043   3.043 )
801.990: I:0 (   0.000   0.000   0.000 ) T:72 (   0.192   0.345   3.043   3.043   3.043   3.043 )
811.986: I:1 (   0.133   0.133   0.133 ) T:73 (   0.192   0.345   3.043   3.043   3.043   3.043 )
821.988: I:1 (   0.134   0.134   0.134 ) T:74 (   0.192   0.345   3.043   3.043   3.043   3.043 )
831.983: I:0 (   0.000   0.000   0.000 ) T:74 (   0.192   0.345   3.043   3.043   3.043   3.043 )
841.987: I:2 (   0.155   0.163   0.163 ) T:76 (   0.189   0.345   3.043   3.043   3.043   3.043 )
851.987: I:1 (   0.154   0.154   0.154 ) T:77 (   0.189   0.345   3.043   3.043   3.043   3.043 )
861.987: I:0 (   0.000   0.000   0.000 ) T:77 (   0.189   0.345   3.043   3.043   3.043   3.043 )
871.987: I:2 (   0.155   0.163   0.163 ) T:79 (   0.189   0.345   3.043   3.043   3.043   3.043 )
881.987: I:1 (   0.134   0.134   0.134 ) T:80 (   0.189   0.340   3.043   3.043   3.043   3.043 )
891.990: I:0 (   0.000   0.000   0.000 ) T:80 (   0.189   0.340   3.043   3.043   3.043   3.043 )
901.987: I:6 (   0.154   0.159   0.159 ) T:86 (   0.183   0.340   3.043   3.043   3.043   3.043 )
911.987: I:1 (   0.174   0.174   0.174 ) T:87 (   0.183   0.340   3.043   3.043   3.043   3.043 )
921.987: I:3 (   0.158   0.159   0.159 ) T:90 (   0.181   0.336   3.043   3.043   3.043   3.043 )
931.990: I:2 (   0.160   0.162   0.162 ) T:92 (   0.180   0.336   3.043   3.043   3.043   3.043 )
941.987: I:1 (   0.162   0.162   0.162 ) T:93 (   0.180   0.336   3.043   3.043   3.043   3.043 )
951.989: I:0 (   0.000   0.000   0.000 ) T:93 (   0.180   0.336   3.043   3.043   3.043   3.043 )
961.987: I:0 (   0.000   0.000   0.000 ) T:93 (   0.180   0.336   3.043   3.043   3.043   3.043 )
971.987: I:0 (   0.000   0.000   0.000 ) T:93 (   0.180   0.336   3.043   3.043   3.043   3.043 )
981.989: I:2 (   0.136   0.158   0.158 ) T:95 (   0.178   0.336   3.043   3.043   3.043   3.043 )
991.987: I:2 (   0.154   0.157   0.157 ) T:97 (   0.174   0.336   3.043   3.043   3.043   3.043 )
1001.980: I:0 (   0.000   0.000   0.000 ) T:97 (   0.174   0.336   3.043   3.043   3.043   3.043 )
1011.987: I:2 (   0.140   0.147   0.147 ) T:99 (   0.171   0.336   3.043   3.043   3.043   3.043 )
1021.986: I:0 (   0.000   0.000   0.000 ) T:99 (   0.171   0.336   3.043   3.043   3.043   3.043 )
1031.988: I:1 (   0.163   0.163   0.163 ) T:100 (   0.171   0.327   0.524   3.043   3.043   3.043 )
1041.987: I:0 (   0.000   0.000   0.000 ) T:100 (   0.171   0.327   0.524   3.043   3.043   3.043 )
1051.989: I:0 (   0.000   0.000   0.000 ) T:100 (   0.171   0.327   0.524   3.043   3.043   3.043 )
1061.990: I:1 (   0.154   0.154   0.154 ) T:101 (   0.171   0.327   0.524   3.043   3.043   3.043 )
1071.987: I:1 (   0.158   0.158   0.158 ) T:102 (   0.170   0.327   0.524   3.043   3.043   3.043 )
1081.981: I:0 (   0.000   0.000   0.000 ) T:102 (   0.170   0.327   0.524   3.043   3.043   3.043 )
1091.988: I:1 (   0.150   0.150   0.150 ) T:103 (   0.170   0.327   0.524   3.043   3.043   3.043 )
1101.987: I:1 (   0.152   0.152   0.152 ) T:104 (   0.170   0.327   0.524   3.043   3.043   3.043 )
1111.987: I:2 (   0.159   0.166   0.166 ) T:106 (   0.170   0.327   0.524   3.043   3.043   3.043 )
1121.987: I:1 (   0.168   0.168   0.168 ) T:107 (   0.170   0.327   0.524   3.043   3.043   3.043 )
1131.987: I:0 (   0.000   0.000   0.000 ) T:107 (   0.170   0.327   0.524   3.043   3.043   3.043 )
1141.988: I:2 (   0.150   0.158   0.158 ) T:109 (   0.169   0.327   0.524   3.043   3.043   3.043 )
1151.988: I:1 (   0.164   0.164   0.164 ) T:110 (   0.169   0.322   0.524   3.043   3.043   3.043 )
1161.987: I:0 (   0.000   0.000   0.000 ) T:110 (   0.169   0.322   0.524   3.043   3.043   3.043 )
1171.989: I:3 (   0.161   0.168   0.168 ) T:113 (   0.169   0.322   0.524   3.043   3.043   3.043 )
1181.990: I:0 (   0.000   0.000   0.000 ) T:113 (   0.169   0.322   0.524   3.043   3.043   3.043 )
1191.989: I:0 (   0.000   0.000   0.000 ) T:113 (   0.169   0.322   0.524   3.043   3.043   3.043 )
1201.987: I:1 (   0.166   0.166   0.166 ) T:114 (   0.168   0.322   0.524   3.043   3.043   3.043 )
1211.983: I:1 (   0.161   0.161   0.161 ) T:115 (   0.168   0.322   0.524   3.043   3.043   3.043 )
1221.987: I:0 (   0.000   0.000   0.000 ) T:115 (   0.168   0.322   0.524   3.043   3.043   3.043 )
1231.987: I:0 (   0.000   0.000   0.000 ) T:115 (   0.168   0.322   0.524   3.043   3.043   3.043 )
1241.991: I:1 (   0.190   0.190   0.190 ) T:116 (   0.168   0.322   0.524   3.043   3.043   3.043 )
1251.989: I:1 (   0.179   0.179   0.179 ) T:117 (   0.169   0.322   0.524   3.043   3.043   3.043 )
1261.987: I:2 (   0.159   0.222   0.222 ) T:119 (   0.169   0.322   0.524   3.043   3.043   3.043 )
1271.987: I:0 (   0.000   0.000   0.000 ) T:119 (   0.169   0.322   0.524   3.043   3.043   3.043 )
1281.990: I:1 (   0.164   0.164   0.164 ) T:120 (   0.168   0.292   0.524   3.043   3.043   3.043 )
1291.987: I:3 (   0.175   0.188   0.188 ) T:123 (   0.169   0.292   0.524   3.043   3.043   3.043 )
1301.987: I:1 (   0.151   0.151   0.151 ) T:124 (   0.169   0.292   0.524   3.043   3.043   3.043 )
1311.987: I:0 (   0.000   0.000   0.000 ) T:124 (   0.169   0.292   0.524   3.043   3.043   3.043 )
1321.987: I:0 (   0.000   0.000   0.000 ) T:124 (   0.169   0.292   0.524   3.043   3.043   3.043 )
1331.990: I:0 (   0.000   0.000   0.000 ) T:124 (   0.169   0.292   0.524   3.043   3.043   3.043 )
1341.987: I:0 (   0.000   0.000   0.000 ) T:124 (   0.169   0.292   0.524   3.043   3.043   3.043 )
1351.985: I:1 (   0.156   0.156   0.156 ) T:125 (   0.169   0.292   0.524   3.043   3.043   3.043 )
1361.988: I:0 (   0.000   0.000   0.000 ) T:125 (   0.169   0.292   0.524   3.043   3.043   3.043 )
1371.987: I:0 (   0.000   0.000   0.000 ) T:125 (   0.169   0.292   0.524   3.043   3.043   3.043 )
1381.987: I:1 (   0.145   0.145   0.145 ) T:126 (   0.168   0.292   0.524   3.043   3.043   3.043 )
1391.995: I:1 (   0.159   0.159   0.159 ) T:127 (   0.168   0.292   0.524   3.043   3.043   3.043 )
1401.987: I:0 (   0.000   0.000   0.000 ) T:127 (   0.168   0.292   0.524   3.043   3.043   3.043 )
1411.987: I:0 (   0.000   0.000   0.000 ) T:127 (   0.168   0.292   0.524   3.043   3.043   3.043 )
1421.988: I:0 (   0.000   0.000   0.000 ) T:127 (   0.168   0.292   0.524   3.043   3.043   3.043 )
1431.988: I:0 (   0.000   0.000   0.000 ) T:127 (   0.168   0.292   0.524   3.043   3.043   3.043 )
1441.987: I:2 (   0.174   0.182   0.182 ) T:129 (   0.169   0.292   0.524   3.043   3.043   3.043 )
1451.989: I:6 (   0.165   0.198   0.198 ) T:135 (   0.168   0.291   0.524   3.043   3.043   3.043 )
1461.986: I:2 (   0.162   0.171   0.171 ) T:137 (   0.168   0.291   0.524   3.043   3.043   3.043 )
1471.989: I:1 (   0.196   0.196   0.196 ) T:138 (   0.168   0.291   0.524   3.043   3.043   3.043 )
1481.991: I:1 (   0.169   0.169   0.169 ) T:139 (   0.168   0.291   0.524   3.043   3.043   3.043 )
1491.987: I:0 (   0.000   0.000   0.000 ) T:139 (   0.168   0.291   0.524   3.043   3.043   3.043 )
1501.985: I:1 (   0.161   0.161   0.161 ) T:140 (   0.168   0.261   0.524   3.043   3.043   3.043 )
1511.987: I:0 (   0.000   0.000   0.000 ) T:140 (   0.168   0.261   0.524   3.043   3.043   3.043 )
1521.989: I:3 (   0.150   0.168   0.168 ) T:143 (   0.168   0.261   0.524   3.043   3.043   3.043 )
1531.988: I:1 (   0.212   0.212   0.212 ) T:144 (   0.168   0.261   0.524   3.043   3.043   3.043 )
1541.987: I:0 (   0.000   0.000   0.000 ) T:144 (   0.168   0.261   0.524   3.043   3.043   3.043 )
1551.987: I:0 (   0.000   0.000   0.000 ) T:144 (   0.168   0.261   0.524   3.043   3.043   3.043 )
1561.987: I:1 (   0.173   0.173   0.173 ) T:145 (   0.168   0.261   0.524   3.043   3.043   3.043 )
1571.987: I:1 (   0.193   0.193   0.193 ) T:146 (   0.168   0.261   0.524   3.043   3.043   3.043 )
1581.987: I:0 (   0.000   0.000   0.000 ) T:146 (   0.168   0.261   0.524   3.043   3.043   3.043 )
1591.990: I:0 (   0.000   0.000   0.000 ) T:146 (   0.168   0.261   0.524   3.043   3.043   3.043 )
1601.987: I:0 (   0.000   0.000   0.000 ) T:146 (   0.168   0.261   0.524   3.043   3.043   3.043 )
1611.987: I:0 (   0.000   0.000   0.000 ) T:146 (   0.168   0.261   0.524   3.043   3.043   3.043 )
1621.983: I:3 (   0.172   0.180   0.180 ) T:149 (   0.168   0.261   0.524   3.043   3.043   3.043 )
1631.987: I:1 (   0.163   0.163   0.163 ) T:150 (   0.168   0.260   0.524   3.043   3.043   3.043 )
1641.987: I:1 (   0.141   0.141   0.141 ) T:151 (   0.168   0.260   0.524   3.043   3.043   3.043 )
1651.987: I:2 (   0.164   0.178   0.178 ) T:153 (   0.168   0.260   0.524   3.043   3.043   3.043 )
1661.987: I:0 (   0.000   0.000   0.000 ) T:153 (   0.168   0.260   0.524   3.043   3.043   3.043 )
1671.989: I:1 (   0.156   0.156   0.156 ) T:154 (   0.168   0.260   0.524   3.043   3.043   3.043 )
1681.987: I:2 (   0.144   0.162   0.162 ) T:156 (   0.167   0.260   0.524   3.043   3.043   3.043 )
1691.990: I:0 (   0.000   0.000   0.000 ) T:156 (   0.167   0.260   0.524   3.043   3.043   3.043 )
1701.987: I:0 (   0.000   0.000   0.000 ) T:156 (   0.167   0.260   0.524   3.043   3.043   3.043 )
1711.990: I:0 (   0.000   0.000   0.000 ) T:156 (   0.167   0.260   0.524   3.043   3.043   3.043 )
1721.985: I:0 (   0.000   0.000   0.000 ) T:156 (   0.167   0.260   0.524   3.043   3.043   3.043 )
1731.987: I:1 (   0.165   0.165   0.165 ) T:157 (   0.167   0.260   0.524   3.043   3.043   3.043 )
1741.980: I:0 (   0.000   0.000   0.000 ) T:157 (   0.167   0.260   0.524   3.043   3.043   3.043 )
1751.987: I:2 (   0.145   0.160   0.160 ) T:159 (   0.167   0.260   0.524   3.043   3.043   3.043 )
1761.980: I:0 (   0.000   0.000   0.000 ) T:159 (   0.167   0.260   0.524   3.043   3.043   3.043 )
1771.987: I:1 (   0.160   0.160   0.160 ) T:160 (   0.166   0.256   0.524   3.043   3.043   3.043 )
1781.987: I:2 (   0.159   0.163   0.163 ) T:162 (   0.166   0.256   0.524   3.043   3.043   3.043 )
1791.987: I:0 (   0.000   0.000   0.000 ) T:162 (   0.166   0.256   0.524   3.043   3.043   3.043 )
1801.987: I:1 (   0.167   0.167   0.167 ) T:163 (   0.166   0.256   0.524   3.043   3.043   3.043 )
1811.987: I:0 (   0.000   0.000   0.000 ) T:163 (   0.166   0.256   0.524   3.043   3.043   3.043 )
1821.988: I:1 (   0.162   0.162   0.162 ) T:164 (   0.166   0.256   0.524   3.043   3.043   3.043 )
1831.987: I:0 (   0.000   0.000   0.000 ) T:164 (   0.166   0.256   0.524   3.043   3.043   3.043 )
1841.987: I:1 (   0.152   0.152   0.152 ) T:165 (   0.166   0.256   0.524   3.043   3.043   3.043 )
1851.987: I:0 (   0.000   0.000   0.000 ) T:165 (   0.166   0.256   0.524   3.043   3.043   3.043 )
1861.987: I:1 (   0.170   0.170   0.170 ) T:166 (   0.166   0.256   0.524   3.043   3.043   3.043 )
1871.987: I:0 (   0.000   0.000   0.000 ) T:166 (   0.166   0.256   0.524   3.043   3.043   3.043 )
1881.987: I:0 (   0.000   0.000   0.000 ) T:166 (   0.166   0.256   0.524   3.043   3.043   3.043 )
1891.990: I:3 (   0.165   0.168   0.168 ) T:169 (   0.166   0.256   0.524   3.043   3.043   3.043 )
1901.990: I:1 (   0.155   0.155   0.155 ) T:170 (   0.166   0.255   0.524   3.043   3.043   3.043 )
1911.989: I:2 (   0.159   0.207   0.207 ) T:172 (   0.166   0.255   0.524   3.043   3.043   3.043 )
1921.981: I:0 (   0.000   0.000   0.000 ) T:172 (   0.166   0.255   0.524   3.043   3.043   3.043 )
1931.983: I:1 (   0.159   0.159   0.159 ) T:173 (   0.166   0.255   0.524   3.043   3.043   3.043 )
1941.987: I:1 (   0.156   0.156   0.156 ) T:174 (   0.165   0.255   0.524   3.043   3.043   3.043 )
1951.990: I:1 (   0.168   0.168   0.168 ) T:175 (   0.166   0.255   0.524   3.043   3.043   3.043 )
1961.987: I:1 (   0.143   0.143   0.143 ) T:176 (   0.165   0.255   0.524   3.043   3.043   3.043 )
1971.991: I:1 (   0.161   0.161   0.161 ) T:177 (   0.165   0.255   0.524   3.043   3.043   3.043 )
1981.991: I:1 (   0.163   0.163   0.163 ) T:178 (   0.165   0.255   0.524   3.043   3.043   3.043 )
1991.987: I:0 (   0.000   0.000   0.000 ) T:178 (   0.165   0.255   0.524   3.043   3.043   3.043 )
2001.987: I:0 (   0.000   0.000   0.000 ) T:178 (   0.165   0.255   0.524   3.043   3.043   3.043 )
2011.988: I:0 (   0.000   0.000   0.000 ) T:178 (   0.165   0.255   0.524   3.043   3.043   3.043 )
2021.987: I:0 (   0.000   0.000   0.000 ) T:178 (   0.165   0.255   0.524   3.043   3.043   3.043 )
2031.989: I:0 (   0.000   0.000   0.000 ) T:178 (   0.165   0.255   0.524   3.043   3.043   3.043 )
2041.990: I:1 (   0.193   0.193   0.193 ) T:179 (   0.165   0.255   0.524   3.043   3.043   3.043 )
2051.987: I:2 (   0.163   0.176   0.176 ) T:181 (   0.165   0.254   0.524   3.043   3.043   3.043 )
2061.987: I:0 (   0.000   0.000   0.000 ) T:181 (   0.165   0.254   0.524   3.043   3.043   3.043 )
2071.987: I:0 (   0.000   0.000   0.000 ) T:181 (   0.165   0.254   0.524   3.043   3.043   3.043 )
2081.987: I:0 (   0.000   0.000   0.000 ) T:181 (   0.165   0.254   0.524   3.043   3.043   3.043 )
2091.987: I:1 (   0.156   0.156   0.156 ) T:182 (   0.165   0.254   0.524   3.043   3.043   3.043 )
2101.987: I:1 (   0.161   0.161   0.161 ) T:183 (   0.165   0.254   0.524   3.043   3.043   3.043 )
2111.986: I:1 (   0.165   0.165   0.165 ) T:184 (   0.165   0.254   0.524   3.043   3.043   3.043 )
2121.988: I:0 (   0.000   0.000   0.000 ) T:184 (   0.165   0.254   0.524   3.043   3.043   3.043 )
2131.987: I:0 (   0.000   0.000   0.000 ) T:184 (   0.165   0.254   0.524   3.043   3.043   3.043 )
2141.987: I:0 (   0.000   0.000   0.000 ) T:184 (   0.165   0.254   0.524   3.043   3.043   3.043 )
2151.987: I:0 (   0.000   0.000   0.000 ) T:184 (   0.165   0.254   0.524   3.043   3.043   3.043 )
2161.987: I:1 (   0.236   0.236   0.236 ) T:185 (   0.165   0.254   0.524   3.043   3.043   3.043 )
2171.987: I:0 (   0.000   0.000   0.000 ) T:185 (   0.165   0.254   0.524   3.043   3.043   3.043 )
2181.987: I:0 (   0.000   0.000   0.000 ) T:185 (   0.165   0.254   0.524   3.043   3.043   3.043 )
2191.987: I:0 (   0.000   0.000   0.000 ) T:185 (   0.165   0.254   0.524   3.043   3.043   3.043 )
2201.987: I:0 (   0.000   0.000   0.000 ) T:185 (   0.165   0.254   0.524   3.043   3.043   3.043 )
2211.987: I:0 (   0.000   0.000   0.000 ) T:185 (   0.165   0.254   0.524   3.043   3.043   3.043 )
2221.988: I:1 (   0.162   0.162   0.162 ) T:186 (   0.165   0.254   0.524   3.043   3.043   3.043 )
2231.987: I:2 (   0.160   0.162   0.162 ) T:188 (   0.165   0.254   0.524   3.043   3.043   3.043 )
2241.987: I:2 (   0.165   0.165   0.165 ) T:190 (   0.165   0.254   0.524   3.043   3.043   3.043 )
2251.987: I:1 (   0.168   0.168   0.168 ) T:191 (   0.165   0.254   0.524   3.043   3.043   3.043 )
2261.989: I:0 (   0.000   0.000   0.000 ) T:191 (   0.165   0.254   0.524   3.043   3.043   3.043 )
2271.989: I:1 (   0.161   0.161   0.161 ) T:192 (   0.165   0.254   0.524   3.043   3.043   3.043 )
2281.990: I:1 (   0.153   0.153   0.153 ) T:193 (   0.165   0.254   0.524   3.043   3.043   3.043 )
2291.987: I:2 (   0.165   0.170   0.170 ) T:195 (   0.165   0.254   0.524   3.043   3.043   3.043 )
2301.990: I:2 (   0.161   0.161   0.161 ) T:197 (   0.165   0.254   0.524   3.043   3.043   3.043 )
2311.990: I:5 (   0.161   0.286   0.286 ) T:202 (   0.165   0.254   0.418   3.043   3.043   3.043 )
2321.989: I:1 (   0.156   0.156   0.156 ) T:203 (   0.165   0.254   0.418   3.043   3.043   3.043 )
2331.989: I:0 (   0.000   0.000   0.000 ) T:203 (   0.165   0.254   0.418   3.043   3.043   3.043 )
2341.989: I:3 (   0.155   0.156   0.156 ) T:206 (   0.165   0.254   0.418   3.043   3.043   3.043 )
2351.989: I:0 (   0.000   0.000   0.000 ) T:206 (   0.165   0.254   0.418   3.043   3.043   3.043 )
2361.991: I:1 (   0.153   0.153   0.153 ) T:207 (   0.165   0.254   0.418   3.043   3.043   3.043 )
2371.987: I:1 (   0.157   0.157   0.157 ) T:208 (   0.164   0.254   0.418   3.043   3.043   3.043 )
2381.988: I:0 (   0.000   0.000   0.000 ) T:208 (   0.164   0.254   0.418   3.043   3.043   3.043 )
2391.983: I:0 (   0.000   0.000   0.000 ) T:208 (   0.164   0.254   0.418   3.043   3.043   3.043 )
2401.988: I:2 (   0.197   0.220   0.220 ) T:210 (   0.165   0.253   0.418   3.043   3.043   3.043 )
2411.990: I:1 (   0.156   0.156   0.156 ) T:211 (   0.165   0.253   0.418   3.043   3.043   3.043 )
2421.984: I:0 (   0.000   0.000   0.000 ) T:211 (   0.165   0.253   0.418   3.043   3.043   3.043 )
2431.987: I:0 (   0.000   0.000   0.000 ) T:211 (   0.165   0.253   0.418   3.043   3.043   3.043 )
2441.988: I:3 (   0.157   0.174   0.174 ) T:214 (   0.164   0.253   0.418   3.043   3.043   3.043 )
2451.983: I:1 (   0.242   0.242   0.242 ) T:215 (   0.165   0.253   0.418   3.043   3.043   3.043 )
2461.988: I:0 (   0.000   0.000   0.000 ) T:215 (   0.165   0.253   0.418   3.043   3.043   3.043 )
2471.988: I:1 (   0.160   0.160   0.160 ) T:216 (   0.164   0.253   0.418   3.043   3.043   3.043 )
2481.982: I:1 (   0.150   0.150   0.150 ) T:217 (   0.164   0.253   0.418   3.043   3.043   3.043 )
2491.990: I:0 (   0.000   0.000   0.000 ) T:217 (   0.164   0.253   0.418   3.043   3.043   3.043 )
2501.983: I:3 (   0.136   0.163   0.163 ) T:220 (   0.164   0.252   0.418   3.043   3.043   3.043 )
2511.992: I:0 (   0.000   0.000   0.000 ) T:220 (   0.164   0.252   0.418   3.043   3.043   3.043 )
2521.988: I:0 (   0.000   0.000   0.000 ) T:220 (   0.164   0.252   0.418   3.043   3.043   3.043 )
2531.987: I:0 (   0.000   0.000   0.000 ) T:220 (   0.164   0.252   0.418   3.043   3.043   3.043 )
2541.990: I:2 (   0.160   0.202   0.202 ) T:222 (   0.164   0.252   0.418   3.043   3.043   3.043 )
2551.987: I:2 (   0.132   0.157   0.157 ) T:224 (   0.164   0.252   0.418   3.043   3.043   3.043 )
2561.987: I:2 (   0.153   0.160   0.160 ) T:226 (   0.163   0.252   0.418   3.043   3.043   3.043 )
2571.987: I:2 (   0.157   0.184   0.184 ) T:228 (   0.163   0.252   0.418   3.043   3.043   3.043 )
2581.988: I:1 (   0.163   0.163   0.163 ) T:229 (   0.163   0.252   0.418   3.043   3.043   3.043 )
2591.987: I:0 (   0.000   0.000   0.000 ) T:229 (   0.163   0.252   0.418   3.043   3.043   3.043 )
2601.987: I:0 (   0.000   0.000   0.000 ) T:229 (   0.163   0.252   0.418   3.043   3.043   3.043 )
2611.988: I:0 (   0.000   0.000   0.000 ) T:229 (   0.163   0.252   0.418   3.043   3.043   3.043 )
2621.986: I:1 (   0.181   0.181   0.181 ) T:230 (   0.163   0.242   0.418   3.043   3.043   3.043 )
2631.987: I:1 (   0.157   0.157   0.157 ) T:231 (   0.163   0.242   0.418   3.043   3.043   3.043 )
2641.987: I:0 (   0.000   0.000   0.000 ) T:231 (   0.163   0.242   0.418   3.043   3.043   3.043 )
2651.985: I:0 (   0.000   0.000   0.000 ) T:231 (   0.163   0.242   0.418   3.043   3.043   3.043 )
2661.990: I:0 (   0.000   0.000   0.000 ) T:231 (   0.163   0.242   0.418   3.043   3.043   3.043 )
2671.987: I:1 (   0.158   0.158   0.158 ) T:232 (   0.163   0.242   0.418   3.043   3.043   3.043 )
2681.990: I:3 (   0.160   0.183   0.183 ) T:235 (   0.163   0.242   0.418   3.043   3.043   3.043 )
2691.989: I:1 (   0.158   0.158   0.158 ) T:236 (   0.163   0.242   0.418   3.043   3.043   3.043 )
2701.990: I:0 (   0.000   0.000   0.000 ) T:236 (   0.163   0.242   0.418   3.043   3.043   3.043 )
2711.987: I:1 (   0.161   0.161   0.161 ) T:237 (   0.163   0.242   0.418   3.043   3.043   3.043 )
2721.990: I:0 (   0.000   0.000   0.000 ) T:237 (   0.163   0.242   0.418   3.043   3.043   3.043 )
2731.987: I:2 (   0.145   0.176   0.176 ) T:239 (   0.163   0.242   0.418   3.043   3.043   3.043 )
2741.982: I:0 (   0.000   0.000   0.000 ) T:239 (   0.163   0.242   0.418   3.043   3.043   3.043 )
2751.990: I:0 (   0.000   0.000   0.000 ) T:239 (   0.163   0.242   0.418   3.043   3.043   3.043 )
2761.990: I:4 (   0.155   0.191   0.191 ) T:243 (   0.163   0.240   0.418   3.043   3.043   3.043 )
2771.988: I:1 (   0.164   0.164   0.164 ) T:244 (   0.163   0.240   0.418   3.043   3.043   3.043 )
2781.988: I:0 (   0.000   0.000   0.000 ) T:244 (   0.163   0.240   0.418   3.043   3.043   3.043 )
2791.987: I:0 (   0.000   0.000   0.000 ) T:244 (   0.163   0.240   0.418   3.043   3.043   3.043 )
2801.988: I:0 (   0.000   0.000   0.000 ) T:244 (   0.163   0.240   0.418   3.043   3.043   3.043 )
2806.410: I:0 (   0.000   0.000   0.000 ) T:244 (   0.163   0.240   0.418   3.043   3.043   3.043 )
2806.443: I:0 (   0.000   0.000   0.000 ) T:244 (   0.163   0.240   0.418   3.043   3.043   3.043 )
