#[Interval percentile log between 0.000 and <Infinite> seconds (relative to StartTime)]
#[StartTime: 1524896644.708 (seconds since epoch), Sat Apr 28 08:24:04 CEST 2018]
Time: IntervalPercentiles:count ( 50% 90% Max ) TotalPercentiles:count ( 50% 90% 99% 99.9% 99.99% Max )
9.822: I:1 ( 225.151 225.151 225.151 ) T:1 ( 225.151 225.151 225.151 225.151 225.151 225.151 )
19.799: I:0 (   0.000   0.000   0.000 ) T:1 ( 225.151 225.151 225.151 225.151 225.151 225.151 )
29.789: I:0 (   0.000   0.000   0.000 ) T:1 ( 225.151 225.151 225.151 225.151 225.151 225.151 )
39.786: I:0 (   0.000   0.000   0.000 ) T:1 ( 225.151 225.151 225.151 225.151 225.151 225.151 )
49.786: I:0 (   0.000   0.000   0.000 ) T:1 ( 225.151 225.151 225.151 225.151 225.151 225.151 )
59.780: I:0 (   0.000   0.000   0.000 ) T:1 ( 225.151 225.151 225.151 225.151 225.151 225.151 )
69.780: I:0 (   0.000   0.000   0.000 ) T:1 ( 225.151 225.151 225.151 225.151 225.151 225.151 )
79.778: I:0 (   0.000   0.000   0.000 ) T:1 ( 225.151 225.151 225.151 225.151 225.151 225.151 )
89.779: I:0 (   0.000   0.000   0.000 ) T:1 ( 225.151 225.151 225.151 225.151 225.151 225.151 )
99.778: I:0 (   0.000   0.000   0.000 ) T:1 ( 225.151 225.151 225.151 225.151 225.151 225.151 )
109.778: I:0 (   0.000   0.000   0.000 ) T:1 ( 225.151 225.151 225.151 225.151 225.151 225.151 )
119.780: I:0 (   0.000   0.000   0.000 ) T:1 ( 225.151 225.151 225.151 225.151 225.151 225.151 )
129.779: I:0 (   0.000   0.000   0.000 ) T:1 ( 225.151 225.151 225.151 225.151 225.151 225.151 )
139.781: I:0 (   0.000   0.000   0.000 ) T:1 ( 225.151 225.151 225.151 225.151 225.151 225.151 )
149.780: I:0 (   0.000   0.000   0.000 ) T:1 ( 225.151 225.151 225.151 225.151 225.151 225.151 )
159.777: I:0 (   0.000   0.000   0.000 ) T:1 ( 225.151 225.151 225.151 225.151 225.151 225.151 )
169.777: I:0 (   0.000   0.000   0.000 ) T:1 ( 225.151 225.151 225.151 225.151 225.151 225.151 )
179.778: I:0 (   0.000   0.000   0.000 ) T:1 ( 225.151 225.151 225.151 225.151 225.151 225.151 )
189.785: I:0 (   0.000   0.000   0.000 ) T:1 ( 225.151 225.151 225.151 225.151 225.151 225.151 )
199.779: I:0 (   0.000   0.000   0.000 ) T:1 ( 225.151 225.151 225.151 225.151 225.151 225.151 )
209.778: I:0 (   0.000   0.000   0.000 ) T:1 ( 225.151 225.151 225.151 225.151 225.151 225.151 )
219.778: I:0 (   0.000   0.000   0.000 ) T:1 ( 225.151 225.151 225.151 225.151 225.151 225.151 )
229.778: I:0 (   0.000   0.000   0.000 ) T:1 ( 225.151 225.151 225.151 225.151 225.151 225.151 )
239.777: I:0 (   0.000   0.000   0.000 ) T:1 ( 225.151 225.151 225.151 225.151 225.151 225.151 )
249.777: I:0 (   0.000   0.000   0.000 ) T:1 ( 225.151 225.151 225.151 225.151 225.151 225.151 )
259.777: I:0 (   0.000   0.000   0.000 ) T:1 ( 225.151 225.151 225.151 225.151 225.151 225.151 )
269.777: I:0 (   0.000   0.000   0.000 ) T:1 ( 225.151 225.151 225.151 225.151 225.151 225.151 )
279.779: I:0 (   0.000   0.000   0.000 ) T:1 ( 225.151 225.151 225.151 225.151 225.151 225.151 )
289.777: I:0 (   0.000   0.000   0.000 ) T:1 ( 225.151 225.151 225.151 225.151 225.151 225.151 )
299.777: I:0 (   0.000   0.000   0.000 ) T:1 ( 225.151 225.151 225.151 225.151 225.151 225.151 )
309.777: I:0 (   0.000   0.000   0.000 ) T:1 ( 225.151 225.151 225.151 225.151 225.151 225.151 )
319.777: I:0 (   0.000   0.000   0.000 ) T:1 ( 225.151 225.151 225.151 225.151 225.151 225.151 )
329.777: I:0 (   0.000   0.000   0.000 ) T:1 ( 225.151 225.151 225.151 225.151 225.151 225.151 )
339.780: I:0 (   0.000   0.000   0.000 ) T:1 ( 225.151 225.151 225.151 225.151 225.151 225.151 )
349.777: I:0 (   0.000   0.000   0.000 ) T:1 ( 225.151 225.151 225.151 225.151 225.151 225.151 )
359.777: I:0 (   0.000   0.000   0.000 ) T:1 ( 225.151 225.151 225.151 225.151 225.151 225.151 )
369.777: I:0 (   0.000   0.000   0.000 ) T:1 ( 225.151 225.151 225.151 225.151 225.151 225.151 )
379.777: I:0 (   0.000   0.000   0.000 ) T:1 ( 225.151 225.151 225.151 225.151 225.151 225.151 )
389.776: I:0 (   0.000   0.000   0.000 ) T:1 ( 225.151 225.151 225.151 225.151 225.151 225.151 )
399.777: I:0 (   0.000   0.000   0.000 ) T:1 ( 225.151 225.151 225.151 225.151 225.151 225.151 )
409.777: I:0 (   0.000   0.000   0.000 ) T:1 ( 225.151 225.151 225.151 225.151 225.151 225.151 )
419.778: I:0 (   0.000   0.000   0.000 ) T:1 ( 225.151 225.151 225.151 225.151 225.151 225.151 )
429.777: I:0 (   0.000   0.000   0.000 ) T:1 ( 225.151 225.151 225.151 225.151 225.151 225.151 )
439.777: I:0 (   0.000   0.000   0.000 ) T:1 ( 225.151 225.151 225.151 225.151 225.151 225.151 )
449.777: I:0 (   0.000   0.000   0.000 ) T:1 ( 225.151 225.151 225.151 225.151 225.151 225.151 )
459.777: I:0 (   0.000   0.000   0.000 ) T:1 ( 225.151 225.151 225.151 225.151 225.151 225.151 )
469.777: I:0 (   0.000   0.000   0.000 ) T:1 ( 225.151 225.151 225.151 225.151 225.151 225.151 )
479.780: I:0 (   0.000   0.000   0.000 ) T:1 ( 225.151 225.151 225.151 225.151 225.151 225.151 )
489.777: I:0 (   0.000   0.000   0.000 ) T:1 ( 225.151 225.151 225.151 225.151 225.151 225.151 )
499.777: I:0 (   0.000   0.000   0.000 ) T:1 ( 225.151 225.151 225.151 225.151 225.151 225.151 )
509.777: I:0 (   0.000   0.000   0.000 ) T:1 ( 225.151 225.151 225.151 225.151 225.151 225.151 )
519.777: I:0 (   0.000   0.000   0.000 ) T:1 ( 225.151 225.151 225.151 225.151 225.151 225.151 )
529.777: I:0 (   0.000   0.000   0.000 ) T:1 ( 225.151 225.151 225.151 225.151 225.151 225.151 )
539.777: I:0 (   0.000   0.000   0.000 ) T:1 ( 225.151 225.151 225.151 225.151 225.151 225.151 )
549.777: I:0 (   0.000   0.000   0.000 ) T:1 ( 225.151 225.151 225.151 225.151 225.151 225.151 )
559.777: I:0 (   0.000   0.000   0.000 ) T:1 ( 225.151 225.151 225.151 225.151 225.151 225.151 )
569.777: I:0 (   0.000   0.000   0.000 ) T:1 ( 225.151 225.151 225.151 225.151 225.151 225.151 )
579.777: I:0 (   0.000   0.000   0.000 ) T:1 ( 225.151 225.151 225.151 225.151 225.151 225.151 )
589.776: I:0 (   0.000   0.000   0.000 ) T:1 ( 225.151 225.151 225.151 225.151 225.151 225.151 )
599.778: I:0 (   0.000   0.000   0.000 ) T:1 ( 225.151 225.151 225.151 225.151 225.151 225.151 )
609.779: I:0 (   0.000   0.000   0.000 ) T:1 ( 225.151 225.151 225.151 225.151 225.151 225.151 )
619.777: I:0 (   0.000   0.000   0.000 ) T:1 ( 225.151 225.151 225.151 225.151 225.151 225.151 )
629.777: I:0 (   0.000   0.000   0.000 ) T:1 ( 225.151 225.151 225.151 225.151 225.151 225.151 )
639.778: I:0 (   0.000   0.000   0.000 ) T:1 ( 225.151 225.151 225.151 225.151 225.151 225.151 )
649.777: I:0 (   0.000   0.000   0.000 ) T:1 ( 225.151 225.151 225.151 225.151 225.151 225.151 )
659.777: I:0 (   0.000   0.000   0.000 ) T:1 ( 225.151 225.151 225.151 225.151 225.151 225.151 )
669.779: I:0 (   0.000   0.000   0.000 ) T:1 ( 225.151 225.151 225.151 225.151 225.151 225.151 )
679.780: I:0 (   0.000   0.000   0.000 ) T:1 ( 225.151 225.151 225.151 225.151 225.151 225.151 )
689.777: I:0 (   0.000   0.000   0.000 ) T:1 ( 225.151 225.151 225.151 225.151 225.151 225.151 )
699.778: I:0 (   0.000   0.000   0.000 ) T:1 ( 225.151 225.151 225.151 225.151 225.151 225.151 )
709.777: I:0 (   0.000   0.000   0.000 ) T:1 ( 225.151 225.151 225.151 225.151 225.151 225.151 )
719.779: I:0 (   0.000   0.000   0.000 ) T:1 ( 225.151 225.151 225.151 225.151 225.151 225.151 )
729.785: I:0 (   0.000   0.000   0.000 ) T:1 ( 225.151 225.151 225.151 225.151 225.151 225.151 )
739.780: I:0 (   0.000   0.000   0.000 ) T:1 ( 225.151 225.151 225.151 225.151 225.151 225.151 )
749.777: I:0 (   0.000   0.000   0.000 ) T:1 ( 225.151 225.151 225.151 225.151 225.151 225.151 )
759.777: I:0 (   0.000   0.000   0.000 ) T:1 ( 225.151 225.151 225.151 225.151 225.151 225.151 )
769.777: I:0 (   0.000   0.000   0.000 ) T:1 ( 225.151 225.151 225.151 225.151 225.151 225.151 )
779.779: I:0 (   0.000   0.000   0.000 ) T:1 ( 225.151 225.151 225.151 225.151 225.151 225.151 )
789.776: I:0 (   0.000   0.000   0.000 ) T:1 ( 225.151 225.151 225.151 225.151 225.151 225.151 )
799.778: I:0 (   0.000   0.000   0.000 ) T:1 ( 225.151 225.151 225.151 225.151 225.151 225.151 )
809.778: I:0 (   0.000   0.000   0.000 ) T:1 ( 225.151 225.151 225.151 225.151 225.151 225.151 )
819.778: I:0 (   0.000   0.000   0.000 ) T:1 ( 225.151 225.151 225.151 225.151 225.151 225.151 )
829.777: I:0 (   0.000   0.000   0.000 ) T:1 ( 225.151 225.151 225.151 225.151 225.151 225.151 )
839.777: I:0 (   0.000   0.000   0.000 ) T:1 ( 225.151 225.151 225.151 225.151 225.151 225.151 )
849.777: I:0 (   0.000   0.000   0.000 ) T:1 ( 225.151 225.151 225.151 225.151 225.151 225.151 )
859.787: I:0 (   0.000   0.000   0.000 ) T:1 ( 225.151 225.151 225.151 225.151 225.151 225.151 )
869.778: I:0 (   0.000   0.000   0.000 ) T:1 ( 225.151 225.151 225.151 225.151 225.151 225.151 )
879.778: I:0 (   0.000   0.000   0.000 ) T:1 ( 225.151 225.151 225.151 225.151 225.151 225.151 )
889.777: I:0 (   0.000   0.000   0.000 ) T:1 ( 225.151 225.151 225.151 225.151 225.151 225.151 )
899.777: I:0 (   0.000   0.000   0.000 ) T:1 ( 225.151 225.151 225.151 225.151 225.151 225.151 )
909.779: I:0 (   0.000   0.000   0.000 ) T:1 ( 225.151 225.151 225.151 225.151 225.151 225.151 )
919.777: I:0 (   0.000   0.000   0.000 ) T:1 ( 225.151 225.151 225.151 225.151 225.151 225.151 )
929.777: I:0 (   0.000   0.000   0.000 ) T:1 ( 225.151 225.151 225.151 225.151 225.151 225.151 )
939.777: I:0 (   0.000   0.000   0.000 ) T:1 ( 225.151 225.151 225.151 225.151 225.151 225.151 )
949.777: I:0 (   0.000   0.000   0.000 ) T:1 ( 225.151 225.151 225.151 225.151 225.151 225.151 )
959.777: I:0 (   0.000   0.000   0.000 ) T:1 ( 225.151 225.151 225.151 225.151 225.151 225.151 )
969.777: I:0 (   0.000   0.000   0.000 ) T:1 ( 225.151 225.151 225.151 225.151 225.151 225.151 )
979.777: I:0 (   0.000   0.000   0.000 ) T:1 ( 225.151 225.151 225.151 225.151 225.151 225.151 )
989.783: I:0 (   0.000   0.000   0.000 ) T:1 ( 225.151 225.151 225.151 225.151 225.151 225.151 )
999.777: I:0 (   0.000   0.000   0.000 ) T:1 ( 225.151 225.151 225.151 225.151 225.151 225.151 )
1009.777: I:0 (   0.000   0.000   0.000 ) T:1 ( 225.151 225.151 225.151 225.151 225.151 225.151 )
1019.777: I:0 (   0.000   0.000   0.000 ) T:1 ( 225.151 225.151 225.151 225.151 225.151 225.151 )
1029.777: I:0 (   0.000   0.000   0.000 ) T:1 ( 225.151 225.151 225.151 225.151 225.151 225.151 )
1039.777: I:0 (   0.000   0.000   0.000 ) T:1 ( 225.151 225.151 225.151 225.151 225.151 225.151 )
1049.777: I:0 (   0.000   0.000   0.000 ) T:1 ( 225.151 225.151 225.151 225.151 225.151 225.151 )
1059.777: I:0 (   0.000   0.000   0.000 ) T:1 ( 225.151 225.151 225.151 225.151 225.151 225.151 )
1069.777: I:0 (   0.000   0.000   0.000 ) T:1 ( 225.151 225.151 225.151 225.151 225.151 225.151 )
1079.777: I:0 (   0.000   0.000   0.000 ) T:1 ( 225.151 225.151 225.151 225.151 225.151 225.151 )
1089.777: I:0 (   0.000   0.000   0.000 ) T:1 ( 225.151 225.151 225.151 225.151 225.151 225.151 )
1099.777: I:0 (   0.000   0.000   0.000 ) T:1 ( 225.151 225.151 225.151 225.151 225.151 225.151 )
1109.777: I:0 (   0.000   0.000   0.000 ) T:1 ( 225.151 225.151 225.151 225.151 225.151 225.151 )
1119.782: I:0 (   0.000   0.000   0.000 ) T:1 ( 225.151 225.151 225.151 225.151 225.151 225.151 )
1129.777: I:0 (   0.000   0.000   0.000 ) T:1 ( 225.151 225.151 225.151 225.151 225.151 225.151 )
1139.777: I:0 (   0.000   0.000   0.000 ) T:1 ( 225.151 225.151 225.151 225.151 225.151 225.151 )
1149.777: I:0 (   0.000   0.000   0.000 ) T:1 ( 225.151 225.151 225.151 225.151 225.151 225.151 )
1159.777: I:0 (   0.000   0.000   0.000 ) T:1 ( 225.151 225.151 225.151 225.151 225.151 225.151 )
1169.777: I:0 (   0.000   0.000   0.000 ) T:1 ( 225.151 225.151 225.151 225.151 225.151 225.151 )
1179.777: I:0 (   0.000   0.000   0.000 ) T:1 ( 225.151 225.151 225.151 225.151 225.151 225.151 )
1189.777: I:0 (   0.000   0.000   0.000 ) T:1 ( 225.151 225.151 225.151 225.151 225.151 225.151 )
1199.777: I:0 (   0.000   0.000   0.000 ) T:1 ( 225.151 225.151 225.151 225.151 225.151 225.151 )
1209.777: I:0 (   0.000   0.000   0.000 ) T:1 ( 225.151 225.151 225.151 225.151 225.151 225.151 )
1219.777: I:0 (   0.000   0.000   0.000 ) T:1 ( 225.151 225.151 225.151 225.151 225.151 225.151 )
1229.777: I:0 (   0.000   0.000   0.000 ) T:1 ( 225.151 225.151 225.151 225.151 225.151 225.151 )
1239.779: I:0 (   0.000   0.000   0.000 ) T:1 ( 225.151 225.151 225.151 225.151 225.151 225.151 )
1249.777: I:0 (   0.000   0.000   0.000 ) T:1 ( 225.151 225.151 225.151 225.151 225.151 225.151 )
1259.777: I:0 (   0.000   0.000   0.000 ) T:1 ( 225.151 225.151 225.151 225.151 225.151 225.151 )
1269.777: I:0 (   0.000   0.000   0.000 ) T:1 ( 225.151 225.151 225.151 225.151 225.151 225.151 )
1279.777: I:0 (   0.000   0.000   0.000 ) T:1 ( 225.151 225.151 225.151 225.151 225.151 225.151 )
1289.777: I:0 (   0.000   0.000   0.000 ) T:1 ( 225.151 225.151 225.151 225.151 225.151 225.151 )
1299.777: I:0 (   0.000   0.000   0.000 ) T:1 ( 225.151 225.151 225.151 225.151 225.151 225.151 )
1309.777: I:0 (   0.000   0.000   0.000 ) T:1 ( 225.151 225.151 225.151 225.151 225.151 225.151 )
1319.789: I:0 (   0.000   0.000   0.000 ) T:1 ( 225.151 225.151 225.151 225.151 225.151 225.151 )
1329.779: I:0 (   0.000   0.000   0.000 ) T:1 ( 225.151 225.151 225.151 225.151 225.151 225.151 )
1339.777: I:0 (   0.000   0.000   0.000 ) T:1 ( 225.151 225.151 225.151 225.151 225.151 225.151 )
1349.777: I:0 (   0.000   0.000   0.000 ) T:1 ( 225.151 225.151 225.151 225.151 225.151 225.151 )
1359.776: I:0 (   0.000   0.000   0.000 ) T:1 ( 225.151 225.151 225.151 225.151 225.151 225.151 )
1369.777: I:0 (   0.000   0.000   0.000 ) T:1 ( 225.151 225.151 225.151 225.151 225.151 225.151 )
1379.777: I:0 (   0.000   0.000   0.000 ) T:1 ( 225.151 225.151 225.151 225.151 225.151 225.151 )
1389.777: I:0 (   0.000   0.000   0.000 ) T:1 ( 225.151 225.151 225.151 225.151 225.151 225.151 )
1399.777: I:0 (   0.000   0.000   0.000 ) T:1 ( 225.151 225.151 225.151 225.151 225.151 225.151 )
1409.777: I:0 (   0.000   0.000   0.000 ) T:1 ( 225.151 225.151 225.151 225.151 225.151 225.151 )
1419.777: I:0 (   0.000   0.000   0.000 ) T:1 ( 225.151 225.151 225.151 225.151 225.151 225.151 )
1429.777: I:0 (   0.000   0.000   0.000 ) T:1 ( 225.151 225.151 225.151 225.151 225.151 225.151 )
1439.777: I:0 (   0.000   0.000   0.000 ) T:1 ( 225.151 225.151 225.151 225.151 225.151 225.151 )
1449.777: I:0 (   0.000   0.000   0.000 ) T:1 ( 225.151 225.151 225.151 225.151 225.151 225.151 )
1459.778: I:0 (   0.000   0.000   0.000 ) T:1 ( 225.151 225.151 225.151 225.151 225.151 225.151 )
1469.778: I:0 (   0.000   0.000   0.000 ) T:1 ( 225.151 225.151 225.151 225.151 225.151 225.151 )
1479.777: I:0 (   0.000   0.000   0.000 ) T:1 ( 225.151 225.151 225.151 225.151 225.151 225.151 )
1489.777: I:0 (   0.000   0.000   0.000 ) T:1 ( 225.151 225.151 225.151 225.151 225.151 225.151 )
1499.777: I:0 (   0.000   0.000   0.000 ) T:1 ( 225.151 225.151 225.151 225.151 225.151 225.151 )
1509.777: I:0 (   0.000   0.000   0.000 ) T:1 ( 225.151 225.151 225.151 225.151 225.151 225.151 )
1519.789: I:0 (   0.000   0.000   0.000 ) T:1 ( 225.151 225.151 225.151 225.151 225.151 225.151 )
1529.779: I:0 (   0.000   0.000   0.000 ) T:1 ( 225.151 225.151 225.151 225.151 225.151 225.151 )
1539.777: I:0 (   0.000   0.000   0.000 ) T:1 ( 225.151 225.151 225.151 225.151 225.151 225.151 )
1549.777: I:0 (   0.000   0.000   0.000 ) T:1 ( 225.151 225.151 225.151 225.151 225.151 225.151 )
1559.777: I:0 (   0.000   0.000   0.000 ) T:1 ( 225.151 225.151 225.151 225.151 225.151 225.151 )
1569.777: I:0 (   0.000   0.000   0.000 ) T:1 ( 225.151 225.151 225.151 225.151 225.151 225.151 )
1579.777: I:0 (   0.000   0.000   0.000 ) T:1 ( 225.151 225.151 225.151 225.151 225.151 225.151 )
1589.777: I:0 (   0.000   0.000   0.000 ) T:1 ( 225.151 225.151 225.151 225.151 225.151 225.151 )
1599.777: I:0 (   0.000   0.000   0.000 ) T:1 ( 225.151 225.151 225.151 225.151 225.151 225.151 )
1609.777: I:0 (   0.000   0.000   0.000 ) T:1 ( 225.151 225.151 225.151 225.151 225.151 225.151 )
1619.777: I:0 (   0.000   0.000   0.000 ) T:1 ( 225.151 225.151 225.151 225.151 225.151 225.151 )
1629.777: I:0 (   0.000   0.000   0.000 ) T:1 ( 225.151 225.151 225.151 225.151 225.151 225.151 )
1639.777: I:0 (   0.000   0.000   0.000 ) T:1 ( 225.151 225.151 225.151 225.151 225.151 225.151 )
1649.777: I:0 (   0.000   0.000   0.000 ) T:1 ( 225.151 225.151 225.151 225.151 225.151 225.151 )
1659.777: I:0 (   0.000   0.000   0.000 ) T:1 ( 225.151 225.151 225.151 225.151 225.151 225.151 )
1669.777: I:0 (   0.000   0.000   0.000 ) T:1 ( 225.151 225.151 225.151 225.151 225.151 225.151 )
1679.777: I:0 (   0.000   0.000   0.000 ) T:1 ( 225.151 225.151 225.151 225.151 225.151 225.151 )
1689.777: I:0 (   0.000   0.000   0.000 ) T:1 ( 225.151 225.151 225.151 225.151 225.151 225.151 )
1699.777: I:0 (   0.000   0.000   0.000 ) T:1 ( 225.151 225.151 225.151 225.151 225.151 225.151 )
1709.777: I:0 (   0.000   0.000   0.000 ) T:1 ( 225.151 225.151 225.151 225.151 225.151 225.151 )
1719.776: I:0 (   0.000   0.000   0.000 ) T:1 ( 225.151 225.151 225.151 225.151 225.151 225.151 )
1729.779: I:0 (   0.000   0.000   0.000 ) T:1 ( 225.151 225.151 225.151 225.151 225.151 225.151 )
1739.777: I:0 (   0.000   0.000   0.000 ) T:1 ( 225.151 225.151 225.151 225.151 225.151 225.151 )
1749.777: I:0 (   0.000   0.000   0.000 ) T:1 ( 225.151 225.151 225.151 225.151 225.151 225.151 )
1759.778: I:0 (   0.000   0.000   0.000 ) T:1 ( 225.151 225.151 225.151 225.151 225.151 225.151 )
1769.777: I:0 (   0.000   0.000   0.000 ) T:1 ( 225.151 225.151 225.151 225.151 225.151 225.151 )
1779.777: I:0 (   0.000   0.000   0.000 ) T:1 ( 225.151 225.151 225.151 225.151 225.151 225.151 )
1789.777: I:0 (   0.000   0.000   0.000 ) T:1 ( 225.151 225.151 225.151 225.151 225.151 225.151 )
1799.777: I:0 (   0.000   0.000   0.000 ) T:1 ( 225.151 225.151 225.151 225.151 225.151 225.151 )
1809.777: I:0 (   0.000   0.000   0.000 ) T:1 ( 225.151 225.151 225.151 225.151 225.151 225.151 )
1819.777: I:0 (   0.000   0.000   0.000 ) T:1 ( 225.151 225.151 225.151 225.151 225.151 225.151 )
1829.777: I:0 (   0.000   0.000   0.000 ) T:1 ( 225.151 225.151 225.151 225.151 225.151 225.151 )
1839.777: I:0 (   0.000   0.000   0.000 ) T:1 ( 225.151 225.151 225.151 225.151 225.151 225.151 )
1849.778: I:0 (   0.000   0.000   0.000 ) T:1 ( 225.151 225.151 225.151 225.151 225.151 225.151 )
1859.783: I:0 (   0.000   0.000   0.000 ) T:1 ( 225.151 225.151 225.151 225.151 225.151 225.151 )
1869.777: I:0 (   0.000   0.000   0.000 ) T:1 ( 225.151 225.151 225.151 225.151 225.151 225.151 )
1879.777: I:0 (   0.000   0.000   0.000 ) T:1 ( 225.151 225.151 225.151 225.151 225.151 225.151 )
1889.777: I:0 (   0.000   0.000   0.000 ) T:1 ( 225.151 225.151 225.151 225.151 225.151 225.151 )
1899.777: I:0 (   0.000   0.000   0.000 ) T:1 ( 225.151 225.151 225.151 225.151 225.151 225.151 )
1909.777: I:0 (   0.000   0.000   0.000 ) T:1 ( 225.151 225.151 225.151 225.151 225.151 225.151 )
1919.774: I:0 (   0.000   0.000   0.000 ) T:1 ( 225.151 225.151 225.151 225.151 225.151 225.151 )
1929.778: I:0 (   0.000   0.000   0.000 ) T:1 ( 225.151 225.151 225.151 225.151 225.151 225.151 )
1939.778: I:0 (   0.000   0.000   0.000 ) T:1 ( 225.151 225.151 225.151 225.151 225.151 225.151 )
1949.778: I:0 (   0.000   0.000   0.000 ) T:1 ( 225.151 225.151 225.151 225.151 225.151 225.151 )
1959.777: I:0 (   0.000   0.000   0.000 ) T:1 ( 225.151 225.151 225.151 225.151 225.151 225.151 )
1969.777: I:0 (   0.000   0.000   0.000 ) T:1 ( 225.151 225.151 225.151 225.151 225.151 225.151 )
1979.777: I:0 (   0.000   0.000   0.000 ) T:1 ( 225.151 225.151 225.151 225.151 225.151 225.151 )
1989.777: I:0 (   0.000   0.000   0.000 ) T:1 ( 225.151 225.151 225.151 225.151 225.151 225.151 )
1999.777: I:0 (   0.000   0.000   0.000 ) T:1 ( 225.151 225.151 225.151 225.151 225.151 225.151 )
2009.777: I:0 (   0.000   0.000   0.000 ) T:1 ( 225.151 225.151 225.151 225.151 225.151 225.151 )
2019.777: I:0 (   0.000   0.000   0.000 ) T:1 ( 225.151 225.151 225.151 225.151 225.151 225.151 )
2029.777: I:0 (   0.000   0.000   0.000 ) T:1 ( 225.151 225.151 225.151 225.151 225.151 225.151 )
2039.778: I:0 (   0.000   0.000   0.000 ) T:1 ( 225.151 225.151 225.151 225.151 225.151 225.151 )
2049.777: I:0 (   0.000   0.000   0.000 ) T:1 ( 225.151 225.151 225.151 225.151 225.151 225.151 )
2059.777: I:0 (   0.000   0.000   0.000 ) T:1 ( 225.151 225.151 225.151 225.151 225.151 225.151 )
2069.777: I:0 (   0.000   0.000   0.000 ) T:1 ( 225.151 225.151 225.151 225.151 225.151 225.151 )
2079.778: I:0 (   0.000   0.000   0.000 ) T:1 ( 225.151 225.151 225.151 225.151 225.151 225.151 )
2089.777: I:0 (   0.000   0.000   0.000 ) T:1 ( 225.151 225.151 225.151 225.151 225.151 225.151 )
2099.777: I:0 (   0.000   0.000   0.000 ) T:1 ( 225.151 225.151 225.151 225.151 225.151 225.151 )
2109.777: I:0 (   0.000   0.000   0.000 ) T:1 ( 225.151 225.151 225.151 225.151 225.151 225.151 )
2119.778: I:0 (   0.000   0.000   0.000 ) T:1 ( 225.151 225.151 225.151 225.151 225.151 225.151 )
2129.778: I:0 (   0.000   0.000   0.000 ) T:1 ( 225.151 225.151 225.151 225.151 225.151 225.151 )
2139.778: I:0 (   0.000   0.000   0.000 ) T:1 ( 225.151 225.151 225.151 225.151 225.151 225.151 )
2149.778: I:0 (   0.000   0.000   0.000 ) T:1 ( 225.151 225.151 225.151 225.151 225.151 225.151 )
2159.778: I:0 (   0.000   0.000   0.000 ) T:1 ( 225.151 225.151 225.151 225.151 225.151 225.151 )
2169.777: I:0 (   0.000   0.000   0.000 ) T:1 ( 225.151 225.151 225.151 225.151 225.151 225.151 )
2179.777: I:0 (   0.000   0.000   0.000 ) T:1 ( 225.151 225.151 225.151 225.151 225.151 225.151 )
2189.777: I:0 (   0.000   0.000   0.000 ) T:1 ( 225.151 225.151 225.151 225.151 225.151 225.151 )
2199.777: I:0 (   0.000   0.000   0.000 ) T:1 ( 225.151 225.151 225.151 225.151 225.151 225.151 )
2209.778: I:0 (   0.000   0.000   0.000 ) T:1 ( 225.151 225.151 225.151 225.151 225.151 225.151 )
2219.777: I:0 (   0.000   0.000   0.000 ) T:1 ( 225.151 225.151 225.151 225.151 225.151 225.151 )
2229.777: I:0 (   0.000   0.000   0.000 ) T:1 ( 225.151 225.151 225.151 225.151 225.151 225.151 )
2239.777: I:0 (   0.000   0.000   0.000 ) T:1 ( 225.151 225.151 225.151 225.151 225.151 225.151 )
2249.778: I:0 (   0.000   0.000   0.000 ) T:1 ( 225.151 225.151 225.151 225.151 225.151 225.151 )
2259.778: I:0 (   0.000   0.000   0.000 ) T:1 ( 225.151 225.151 225.151 225.151 225.151 225.151 )
2269.779: I:0 (   0.000   0.000   0.000 ) T:1 ( 225.151 225.151 225.151 225.151 225.151 225.151 )
2279.776: I:0 (   0.000   0.000   0.000 ) T:1 ( 225.151 225.151 225.151 225.151 225.151 225.151 )
2289.778: I:0 (   0.000   0.000   0.000 ) T:1 ( 225.151 225.151 225.151 225.151 225.151 225.151 )
2299.777: I:0 (   0.000   0.000   0.000 ) T:1 ( 225.151 225.151 225.151 225.151 225.151 225.151 )
2309.777: I:0 (   0.000   0.000   0.000 ) T:1 ( 225.151 225.151 225.151 225.151 225.151 225.151 )
2319.777: I:0 (   0.000   0.000   0.000 ) T:1 ( 225.151 225.151 225.151 225.151 225.151 225.151 )
2329.777: I:0 (   0.000   0.000   0.000 ) T:1 ( 225.151 225.151 225.151 225.151 225.151 225.151 )
2339.777: I:0 (   0.000   0.000   0.000 ) T:1 ( 225.151 225.151 225.151 225.151 225.151 225.151 )
2349.778: I:0 (   0.000   0.000   0.000 ) T:1 ( 225.151 225.151 225.151 225.151 225.151 225.151 )
2359.778: I:0 (   0.000   0.000   0.000 ) T:1 ( 225.151 225.151 225.151 225.151 225.151 225.151 )
2369.777: I:0 (   0.000   0.000   0.000 ) T:1 ( 225.151 225.151 225.151 225.151 225.151 225.151 )
2379.777: I:0 (   0.000   0.000   0.000 ) T:1 ( 225.151 225.151 225.151 225.151 225.151 225.151 )
2389.777: I:0 (   0.000   0.000   0.000 ) T:1 ( 225.151 225.151 225.151 225.151 225.151 225.151 )
2399.778: I:0 (   0.000   0.000   0.000 ) T:1 ( 225.151 225.151 225.151 225.151 225.151 225.151 )
2409.778: I:0 (   0.000   0.000   0.000 ) T:1 ( 225.151 225.151 225.151 225.151 225.151 225.151 )
2419.778: I:0 (   0.000   0.000   0.000 ) T:1 ( 225.151 225.151 225.151 225.151 225.151 225.151 )
2429.777: I:0 (   0.000   0.000   0.000 ) T:1 ( 225.151 225.151 225.151 225.151 225.151 225.151 )
2439.777: I:0 (   0.000   0.000   0.000 ) T:1 ( 225.151 225.151 225.151 225.151 225.151 225.151 )
2449.782: I:0 (   0.000   0.000   0.000 ) T:1 ( 225.151 225.151 225.151 225.151 225.151 225.151 )
2459.777: I:0 (   0.000   0.000   0.000 ) T:1 ( 225.151 225.151 225.151 225.151 225.151 225.151 )
2469.777: I:0 (   0.000   0.000   0.000 ) T:1 ( 225.151 225.151 225.151 225.151 225.151 225.151 )
2479.778: I:0 (   0.000   0.000   0.000 ) T:1 ( 225.151 225.151 225.151 225.151 225.151 225.151 )
2489.778: I:0 (   0.000   0.000   0.000 ) T:1 ( 225.151 225.151 225.151 225.151 225.151 225.151 )
2499.777: I:0 (   0.000   0.000   0.000 ) T:1 ( 225.151 225.151 225.151 225.151 225.151 225.151 )
2509.780: I:0 (   0.000   0.000   0.000 ) T:1 ( 225.151 225.151 225.151 225.151 225.151 225.151 )
2519.777: I:0 (   0.000   0.000   0.000 ) T:1 ( 225.151 225.151 225.151 225.151 225.151 225.151 )
2529.777: I:0 (   0.000   0.000   0.000 ) T:1 ( 225.151 225.151 225.151 225.151 225.151 225.151 )
2539.777: I:0 (   0.000   0.000   0.000 ) T:1 ( 225.151 225.151 225.151 225.151 225.151 225.151 )
2549.777: I:0 (   0.000   0.000   0.000 ) T:1 ( 225.151 225.151 225.151 225.151 225.151 225.151 )
2559.777: I:0 (   0.000   0.000   0.000 ) T:1 ( 225.151 225.151 225.151 225.151 225.151 225.151 )
2569.777: I:0 (   0.000   0.000   0.000 ) T:1 ( 225.151 225.151 225.151 225.151 225.151 225.151 )
2579.777: I:0 (   0.000   0.000   0.000 ) T:1 ( 225.151 225.151 225.151 225.151 225.151 225.151 )
2589.777: I:0 (   0.000   0.000   0.000 ) T:1 ( 225.151 225.151 225.151 225.151 225.151 225.151 )
2599.778: I:0 (   0.000   0.000   0.000 ) T:1 ( 225.151 225.151 225.151 225.151 225.151 225.151 )
2609.778: I:0 (   0.000   0.000   0.000 ) T:1 ( 225.151 225.151 225.151 225.151 225.151 225.151 )
2619.777: I:0 (   0.000   0.000   0.000 ) T:1 ( 225.151 225.151 225.151 225.151 225.151 225.151 )
2629.777: I:0 (   0.000   0.000   0.000 ) T:1 ( 225.151 225.151 225.151 225.151 225.151 225.151 )
2639.777: I:0 (   0.000   0.000   0.000 ) T:1 ( 225.151 225.151 225.151 225.151 225.151 225.151 )
2649.777: I:0 (   0.000   0.000   0.000 ) T:1 ( 225.151 225.151 225.151 225.151 225.151 225.151 )
2659.777: I:0 (   0.000   0.000   0.000 ) T:1 ( 225.151 225.151 225.151 225.151 225.151 225.151 )
2669.777: I:0 (   0.000   0.000   0.000 ) T:1 ( 225.151 225.151 225.151 225.151 225.151 225.151 )
2679.777: I:0 (   0.000   0.000   0.000 ) T:1 ( 225.151 225.151 225.151 225.151 225.151 225.151 )
2689.777: I:0 (   0.000   0.000   0.000 ) T:1 ( 225.151 225.151 225.151 225.151 225.151 225.151 )
2699.779: I:0 (   0.000   0.000   0.000 ) T:1 ( 225.151 225.151 225.151 225.151 225.151 225.151 )
2709.777: I:0 (   0.000   0.000   0.000 ) T:1 ( 225.151 225.151 225.151 225.151 225.151 225.151 )
2719.779: I:0 (   0.000   0.000   0.000 ) T:1 ( 225.151 225.151 225.151 225.151 225.151 225.151 )
2729.778: I:0 (   0.000   0.000   0.000 ) T:1 ( 225.151 225.151 225.151 225.151 225.151 225.151 )
2739.778: I:0 (   0.000   0.000   0.000 ) T:1 ( 225.151 225.151 225.151 225.151 225.151 225.151 )
2749.778: I:0 (   0.000   0.000   0.000 ) T:1 ( 225.151 225.151 225.151 225.151 225.151 225.151 )
2759.781: I:0 (   0.000   0.000   0.000 ) T:1 ( 225.151 225.151 225.151 225.151 225.151 225.151 )
2769.775: I:0 (   0.000   0.000   0.000 ) T:1 ( 225.151 225.151 225.151 225.151 225.151 225.151 )
2779.778: I:0 (   0.000   0.000   0.000 ) T:1 ( 225.151 225.151 225.151 225.151 225.151 225.151 )
2789.778: I:0 (   0.000   0.000   0.000 ) T:1 ( 225.151 225.151 225.151 225.151 225.151 225.151 )
2799.778: I:0 (   0.000   0.000   0.000 ) T:1 ( 225.151 225.151 225.151 225.151 225.151 225.151 )
2809.777: I:0 (   0.000   0.000   0.000 ) T:1 ( 225.151 225.151 225.151 225.151 225.151 225.151 )
2819.777: I:0 (   0.000   0.000   0.000 ) T:1 ( 225.151 225.151 225.151 225.151 225.151 225.151 )
2829.777: I:0 (   0.000   0.000   0.000 ) T:1 ( 225.151 225.151 225.151 225.151 225.151 225.151 )
2839.777: I:0 (   0.000   0.000   0.000 ) T:1 ( 225.151 225.151 225.151 225.151 225.151 225.151 )
2849.777: I:0 (   0.000   0.000   0.000 ) T:1 ( 225.151 225.151 225.151 225.151 225.151 225.151 )
2859.777: I:0 (   0.000   0.000   0.000 ) T:1 ( 225.151 225.151 225.151 225.151 225.151 225.151 )
2869.777: I:0 (   0.000   0.000   0.000 ) T:1 ( 225.151 225.151 225.151 225.151 225.151 225.151 )
2879.779: I:0 (   0.000   0.000   0.000 ) T:1 ( 225.151 225.151 225.151 225.151 225.151 225.151 )
2889.778: I:0 (   0.000   0.000   0.000 ) T:1 ( 225.151 225.151 225.151 225.151 225.151 225.151 )
2899.777: I:0 (   0.000   0.000   0.000 ) T:1 ( 225.151 225.151 225.151 225.151 225.151 225.151 )
2909.777: I:0 (   0.000   0.000   0.000 ) T:1 ( 225.151 225.151 225.151 225.151 225.151 225.151 )
2919.777: I:0 (   0.000   0.000   0.000 ) T:1 ( 225.151 225.151 225.151 225.151 225.151 225.151 )
2929.777: I:0 (   0.000   0.000   0.000 ) T:1 ( 225.151 225.151 225.151 225.151 225.151 225.151 )
2939.782: I:0 (   0.000   0.000   0.000 ) T:1 ( 225.151 225.151 225.151 225.151 225.151 225.151 )
2949.782: I:0 (   0.000   0.000   0.000 ) T:1 ( 225.151 225.151 225.151 225.151 225.151 225.151 )
2959.782: I:0 (   0.000   0.000   0.000 ) T:1 ( 225.151 225.151 225.151 225.151 225.151 225.151 )
2969.783: I:0 (   0.000   0.000   0.000 ) T:1 ( 225.151 225.151 225.151 225.151 225.151 225.151 )
2979.780: I:0 (   0.000   0.000   0.000 ) T:1 ( 225.151 225.151 225.151 225.151 225.151 225.151 )
2989.786: I:0 (   0.000   0.000   0.000 ) T:1 ( 225.151 225.151 225.151 225.151 225.151 225.151 )
2999.782: I:0 (   0.000   0.000   0.000 ) T:1 ( 225.151 225.151 225.151 225.151 225.151 225.151 )
3009.781: I:0 (   0.000   0.000   0.000 ) T:1 ( 225.151 225.151 225.151 225.151 225.151 225.151 )
3019.783: I:0 (   0.000   0.000   0.000 ) T:1 ( 225.151 225.151 225.151 225.151 225.151 225.151 )
3029.777: I:0 (   0.000   0.000   0.000 ) T:1 ( 225.151 225.151 225.151 225.151 225.151 225.151 )
3039.777: I:0 (   0.000   0.000   0.000 ) T:1 ( 225.151 225.151 225.151 225.151 225.151 225.151 )
3049.777: I:0 (   0.000   0.000   0.000 ) T:1 ( 225.151 225.151 225.151 225.151 225.151 225.151 )
3059.777: I:0 (   0.000   0.000   0.000 ) T:1 ( 225.151 225.151 225.151 225.151 225.151 225.151 )
3069.777: I:0 (   0.000   0.000   0.000 ) T:1 ( 225.151 225.151 225.151 225.151 225.151 225.151 )
3079.777: I:0 (   0.000   0.000   0.000 ) T:1 ( 225.151 225.151 225.151 225.151 225.151 225.151 )
3089.777: I:0 (   0.000   0.000   0.000 ) T:1 ( 225.151 225.151 225.151 225.151 225.151 225.151 )
3099.777: I:0 (   0.000   0.000   0.000 ) T:1 ( 225.151 225.151 225.151 225.151 225.151 225.151 )
3109.778: I:0 (   0.000   0.000   0.000 ) T:1 ( 225.151 225.151 225.151 225.151 225.151 225.151 )
3119.778: I:0 (   0.000   0.000   0.000 ) T:1 ( 225.151 225.151 225.151 225.151 225.151 225.151 )
3129.777: I:0 (   0.000   0.000   0.000 ) T:1 ( 225.151 225.151 225.151 225.151 225.151 225.151 )
3139.777: I:0 (   0.000   0.000   0.000 ) T:1 ( 225.151 225.151 225.151 225.151 225.151 225.151 )
3149.776: I:0 (   0.000   0.000   0.000 ) T:1 ( 225.151 225.151 225.151 225.151 225.151 225.151 )
3159.778: I:0 (   0.000   0.000   0.000 ) T:1 ( 225.151 225.151 225.151 225.151 225.151 225.151 )
3169.778: I:0 (   0.000   0.000   0.000 ) T:1 ( 225.151 225.151 225.151 225.151 225.151 225.151 )
3179.777: I:0 (   0.000   0.000   0.000 ) T:1 ( 225.151 225.151 225.151 225.151 225.151 225.151 )
3189.777: I:0 (   0.000   0.000   0.000 ) T:1 ( 225.151 225.151 225.151 225.151 225.151 225.151 )
3199.777: I:0 (   0.000   0.000   0.000 ) T:1 ( 225.151 225.151 225.151 225.151 225.151 225.151 )
3209.777: I:0 (   0.000   0.000   0.000 ) T:1 ( 225.151 225.151 225.151 225.151 225.151 225.151 )
3219.777: I:0 (   0.000   0.000   0.000 ) T:1 ( 225.151 225.151 225.151 225.151 225.151 225.151 )
3229.778: I:0 (   0.000   0.000   0.000 ) T:1 ( 225.151 225.151 225.151 225.151 225.151 225.151 )
3239.778: I:0 (   0.000   0.000   0.000 ) T:1 ( 225.151 225.151 225.151 225.151 225.151 225.151 )
3249.777: I:0 (   0.000   0.000   0.000 ) T:1 ( 225.151 225.151 225.151 225.151 225.151 225.151 )
3259.777: I:0 (   0.000   0.000   0.000 ) T:1 ( 225.151 225.151 225.151 225.151 225.151 225.151 )
3269.777: I:0 (   0.000   0.000   0.000 ) T:1 ( 225.151 225.151 225.151 225.151 225.151 225.151 )
3275.296: I:0 (   0.000   0.000   0.000 ) T:1 ( 225.151 225.151 225.151 225.151 225.151 225.151 )
3275.346: I:0 (   0.000   0.000   0.000 ) T:1 ( 225.151 225.151 225.151 225.151 225.151 225.151 )
