#[Interval percentile log between 0.000 and <Infinite> seconds (relative to StartTime)]
#[StartTime: 1524673965.912 (seconds since epoch), Wed Apr 25 18:32:45 CEST 2018]
Time: IntervalPercentiles:count ( 50% 90% Max ) TotalPercentiles:count ( 50% 90% 99% 99.9% 99.99% Max )
9.980: I:1 (   0.000   0.000   0.000 ) T:1 (   0.000   0.000   0.000   0.000   0.000   0.000 )
19.967: I:1 (   0.001   0.001   0.001 ) T:2 (   0.000   0.001   0.001   0.001   0.001   0.001 )
29.967: I:1 (   0.001   0.001   0.001 ) T:3 (   0.001   0.001   0.001   0.001   0.001   0.001 )
39.980: I:1 (   0.000   0.000   0.000 ) T:4 (   0.000   0.001   0.001   0.001   0.001   0.001 )
49.967: I:1 (   0.001   0.001   0.001 ) T:5 (   0.001   0.001   0.001   0.001   0.001   0.001 )
59.966: I:1 (   0.000   0.000   0.000 ) T:6 (   0.000   0.001   0.001   0.001   0.001   0.001 )
69.966: I:1 (   0.000   0.000   0.000 ) T:7 (   0.000   0.001   0.001   0.001   0.001   0.001 )
79.966: I:1 (   0.000   0.000   0.000 ) T:8 (   0.000   0.001   0.001   0.001   0.001   0.001 )
89.966: I:1 (   0.001   0.001   0.001 ) T:9 (   0.000   0.001   0.001   0.001   0.001   0.001 )
99.966: I:1 (   0.000   0.000   0.000 ) T:10 (   0.000   0.001   0.001   0.001   0.001   0.001 )
109.966: I:1 (   0.000   0.000   0.000 ) T:11 (   0.000   0.001   0.001   0.001   0.001   0.001 )
119.966: I:1 (   0.000   0.000   0.000 ) T:12 (   0.000   0.001   0.001   0.001   0.001   0.001 )
129.966: I:1 (   0.001   0.001   0.001 ) T:13 (   0.000   0.001   0.001   0.001   0.001   0.001 )
139.966: I:1 (   0.000   0.000   0.000 ) T:14 (   0.000   0.001   0.001   0.001   0.001   0.001 )
149.966: I:1 (   0.000   0.000   0.000 ) T:15 (   0.000   0.001   0.001   0.001   0.001   0.001 )
159.966: I:1 (   0.000   0.000   0.000 ) T:16 (   0.000   0.001   0.001   0.001   0.001   0.001 )
169.966: I:1 (   0.000   0.000   0.000 ) T:17 (   0.000   0.001   0.001   0.001   0.001   0.001 )
179.966: I:1 (   0.001   0.001   0.001 ) T:18 (   0.000   0.001   0.001   0.001   0.001   0.001 )
189.966: I:1 (   0.000   0.000   0.000 ) T:19 (   0.000   0.001   0.001   0.001   0.001   0.001 )
199.966: I:1 (   0.000   0.000   0.000 ) T:20 (   0.000   0.001   0.001   0.001   0.001   0.001 )
209.966: I:1 (   0.000   0.000   0.000 ) T:21 (   0.000   0.001   0.001   0.001   0.001   0.001 )
219.966: I:1 (   0.000   0.000   0.000 ) T:22 (   0.000   0.001   0.001   0.001   0.001   0.001 )
229.966: I:1 (   0.000   0.000   0.000 ) T:23 (   0.000   0.001   0.001   0.001   0.001   0.001 )
239.966: I:1 (   0.001   0.001   0.001 ) T:24 (   0.000   0.001   0.001   0.001   0.001   0.001 )
249.966: I:1 (   0.000   0.000   0.000 ) T:25 (   0.000   0.001   0.001   0.001   0.001   0.001 )
259.966: I:1 (   0.000   0.000   0.000 ) T:26 (   0.000   0.001   0.001   0.001   0.001   0.001 )
269.966: I:1 (   0.000   0.000   0.000 ) T:27 (   0.000   0.001   0.001   0.001   0.001   0.001 )
279.966: I:1 (   0.000   0.000   0.000 ) T:28 (   0.000   0.001   0.001   0.001   0.001   0.001 )
289.966: I:1 (   0.000   0.000   0.000 ) T:29 (   0.000   0.001   0.001   0.001   0.001   0.001 )
299.966: I:1 (   0.001   0.001   0.001 ) T:30 (   0.000   0.001   0.001   0.001   0.001   0.001 )
309.966: I:1 (   0.000   0.000   0.000 ) T:31 (   0.000   0.001   0.001   0.001   0.001   0.001 )
319.966: I:1 (   0.000   0.000   0.000 ) T:32 (   0.000   0.001   0.001   0.001   0.001   0.001 )
329.966: I:1 (   0.000   0.000   0.000 ) T:33 (   0.000   0.001   0.001   0.001   0.001   0.001 )
339.966: I:1 (   0.000   0.000   0.000 ) T:34 (   0.000   0.001   0.001   0.001   0.001   0.001 )
349.966: I:1 (   0.000   0.000   0.000 ) T:35 (   0.000   0.001   0.001   0.001   0.001   0.001 )
359.966: I:1 (   0.000   0.000   0.000 ) T:36 (   0.000   0.001   0.001   0.001   0.001   0.001 )
369.966: I:1 (   0.001   0.001   0.001 ) T:37 (   0.000   0.001   0.001   0.001   0.001   0.001 )
379.966: I:1 (   0.000   0.000   0.000 ) T:38 (   0.000   0.001   0.001   0.001   0.001   0.001 )
389.966: I:1 (   0.000   0.000   0.000 ) T:39 (   0.000   0.001   0.001   0.001   0.001   0.001 )
399.966: I:1 (   0.000   0.000   0.000 ) T:40 (   0.000   0.001   0.001   0.001   0.001   0.001 )
409.966: I:1 (   0.000   0.000   0.000 ) T:41 (   0.000   0.001   0.001   0.001   0.001   0.001 )
419.966: I:1 (   0.000   0.000   0.000 ) T:42 (   0.000   0.001   0.001   0.001   0.001   0.001 )
429.966: I:1 (   0.000   0.000   0.000 ) T:43 (   0.000   0.001   0.001   0.001   0.001   0.001 )
439.966: I:1 (   0.001   0.001   0.001 ) T:44 (   0.000   0.001   0.001   0.001   0.001   0.001 )
449.966: I:1 (   0.000   0.000   0.000 ) T:45 (   0.000   0.001   0.001   0.001   0.001   0.001 )
459.966: I:1 (   0.000   0.000   0.000 ) T:46 (   0.000   0.001   0.001   0.001   0.001   0.001 )
469.966: I:1 (   0.000   0.000   0.000 ) T:47 (   0.000   0.001   0.001   0.001   0.001   0.001 )
479.966: I:1 (   0.000   0.000   0.000 ) T:48 (   0.000   0.001   0.001   0.001   0.001   0.001 )
489.966: I:1 (   0.000   0.000   0.000 ) T:49 (   0.000   0.001   0.001   0.001   0.001   0.001 )
499.966: I:1 (   0.000   0.000   0.000 ) T:50 (   0.000   0.001   0.001   0.001   0.001   0.001 )
509.966: I:1 (   0.000   0.000   0.000 ) T:51 (   0.000   0.001   0.001   0.001   0.001   0.001 )
519.966: I:1 (   0.001   0.001   0.001 ) T:52 (   0.000   0.001   0.001   0.001   0.001   0.001 )
529.966: I:1 (   0.000   0.000   0.000 ) T:53 (   0.000   0.001   0.001   0.001   0.001   0.001 )
539.966: I:1 (   0.000   0.000   0.000 ) T:54 (   0.000   0.001   0.001   0.001   0.001   0.001 )
549.966: I:1 (   0.000   0.000   0.000 ) T:55 (   0.000   0.001   0.001   0.001   0.001   0.001 )
559.966: I:1 (   0.000   0.000   0.000 ) T:56 (   0.000   0.001   0.001   0.001   0.001   0.001 )
569.966: I:1 (   0.000   0.000   0.000 ) T:57 (   0.000   0.001   0.001   0.001   0.001   0.001 )
579.966: I:1 (   0.000   0.000   0.000 ) T:58 (   0.000   0.001   0.001   0.001   0.001   0.001 )
589.966: I:1 (   0.000   0.000   0.000 ) T:59 (   0.000   0.001   0.001   0.001   0.001   0.001 )
599.966: I:1 (   0.001   0.001   0.001 ) T:60 (   0.000   0.001   0.001   0.001   0.001   0.001 )
609.966: I:1 (   0.000   0.000   0.000 ) T:61 (   0.000   0.001   0.001   0.001   0.001   0.001 )
619.966: I:1 (   0.000   0.000   0.000 ) T:62 (   0.000   0.001   0.001   0.001   0.001   0.001 )
629.966: I:1 (   0.000   0.000   0.000 ) T:63 (   0.000   0.001   0.001   0.001   0.001   0.001 )
639.966: I:1 (   0.000   0.000   0.000 ) T:64 (   0.000   0.001   0.001   0.001   0.001   0.001 )
649.966: I:1 (   0.000   0.000   0.000 ) T:65 (   0.000   0.001   0.001   0.001   0.001   0.001 )
659.966: I:1 (   0.000   0.000   0.000 ) T:66 (   0.000   0.001   0.001   0.001   0.001   0.001 )
669.975: I:1 (   0.000   0.000   0.000 ) T:67 (   0.000   0.001   0.001   0.001   0.001   0.001 )
679.965: I:1 (   0.001   0.001   0.001 ) T:68 (   0.000   0.001   0.001   0.001   0.001   0.001 )
689.966: I:1 (   0.000   0.000   0.000 ) T:69 (   0.000   0.001   0.001   0.001   0.001   0.001 )
699.966: I:1 (   0.000   0.000   0.000 ) T:70 (   0.000   0.001   0.001   0.001   0.001   0.001 )
709.966: I:1 (   0.000   0.000   0.000 ) T:71 (   0.000   0.001   0.001   0.001   0.001   0.001 )
719.966: I:1 (   0.000   0.000   0.000 ) T:72 (   0.000   0.001   0.001   0.001   0.001   0.001 )
729.966: I:1 (   0.000   0.000   0.000 ) T:73 (   0.000   0.001   0.001   0.001   0.001   0.001 )
739.966: I:1 (   0.000   0.000   0.000 ) T:74 (   0.000   0.001   0.001   0.001   0.001   0.001 )
749.966: I:1 (   0.000   0.000   0.000 ) T:75 (   0.000   0.001   0.001   0.001   0.001   0.001 )
759.966: I:1 (   0.000   0.000   0.000 ) T:76 (   0.000   0.001   0.001   0.001   0.001   0.001 )
769.966: I:1 (   0.001   0.001   0.001 ) T:77 (   0.000   0.001   0.001   0.001   0.001   0.001 )
779.966: I:1 (   0.000   0.000   0.000 ) T:78 (   0.000   0.001   0.001   0.001   0.001   0.001 )
789.966: I:1 (   0.000   0.000   0.000 ) T:79 (   0.000   0.001   0.001   0.001   0.001   0.001 )
799.966: I:1 (   0.000   0.000   0.000 ) T:80 (   0.000   0.001   0.001   0.001   0.001   0.001 )
809.966: I:1 (   0.000   0.000   0.000 ) T:81 (   0.000   0.001   0.001   0.001   0.001   0.001 )
819.966: I:1 (   0.000   0.000   0.000 ) T:82 (   0.000   0.001   0.001   0.001   0.001   0.001 )
829.966: I:1 (   0.000   0.000   0.000 ) T:83 (   0.000   0.001   0.001   0.001   0.001   0.001 )
839.966: I:1 (   0.000   0.000   0.000 ) T:84 (   0.000   0.001   0.001   0.001   0.001   0.001 )
849.966: I:1 (   0.000   0.000   0.000 ) T:85 (   0.000   0.001   0.001   0.001   0.001   0.001 )
859.966: I:1 (   0.001   0.001   0.001 ) T:86 (   0.000   0.001   0.001   0.001   0.001   0.001 )
869.966: I:1 (   0.000   0.000   0.000 ) T:87 (   0.000   0.001   0.001   0.001   0.001   0.001 )
879.966: I:1 (   0.000   0.000   0.000 ) T:88 (   0.000   0.001   0.001   0.001   0.001   0.001 )
889.966: I:1 (   0.000   0.000   0.000 ) T:89 (   0.000   0.001   0.001   0.001   0.001   0.001 )
899.966: I:1 (   0.000   0.000   0.000 ) T:90 (   0.000   0.001   0.001   0.001   0.001   0.001 )
909.966: I:1 (   0.000   0.000   0.000 ) T:91 (   0.000   0.001   0.001   0.001   0.001   0.001 )
919.966: I:1 (   0.000   0.000   0.000 ) T:92 (   0.000   0.001   0.001   0.001   0.001   0.001 )
929.966: I:1 (   0.000   0.000   0.000 ) T:93 (   0.000   0.001   0.001   0.001   0.001   0.001 )
939.966: I:1 (   0.001   0.001   0.001 ) T:94 (   0.000   0.001   0.001   0.001   0.001   0.001 )
949.966: I:1 (   0.000   0.000   0.000 ) T:95 (   0.000   0.001   0.001   0.001   0.001   0.001 )
959.966: I:1 (   0.000   0.000   0.000 ) T:96 (   0.000   0.001   0.001   0.001   0.001   0.001 )
969.966: I:1 (   0.000   0.000   0.000 ) T:97 (   0.000   0.001   0.001   0.001   0.001   0.001 )
979.966: I:1 (   0.000   0.000   0.000 ) T:98 (   0.000   0.001   0.001   0.001   0.001   0.001 )
989.966: I:1 (   0.000   0.000   0.000 ) T:99 (   0.000   0.001   0.001   0.001   0.001   0.001 )
999.966: I:1 (   0.000   0.000   0.000 ) T:100 (   0.000   0.001   0.001   0.001   0.001   0.001 )
1009.966: I:1 (   0.000   0.000   0.000 ) T:101 (   0.000   0.001   0.001   0.001   0.001   0.001 )
1019.966: I:1 (   0.000   0.000   0.000 ) T:102 (   0.000   0.001   0.001   0.001   0.001   0.001 )
1029.966: I:1 (   0.001   0.001   0.001 ) T:103 (   0.000   0.001   0.001   0.001   0.001   0.001 )
1039.966: I:1 (   0.000   0.000   0.000 ) T:104 (   0.000   0.001   0.001   0.001   0.001   0.001 )
1049.966: I:1 (   0.000   0.000   0.000 ) T:105 (   0.000   0.001   0.001   0.001   0.001   0.001 )
1059.966: I:1 (   0.000   0.000   0.000 ) T:106 (   0.000   0.001   0.001   0.001   0.001   0.001 )
1069.966: I:1 (   0.000   0.000   0.000 ) T:107 (   0.000   0.001   0.001   0.001   0.001   0.001 )
1079.966: I:1 (   0.000   0.000   0.000 ) T:108 (   0.000   0.001   0.001   0.001   0.001   0.001 )
1089.966: I:1 (   0.000   0.000   0.000 ) T:109 (   0.000   0.001   0.001   0.001   0.001   0.001 )
1099.966: I:1 (   0.000   0.000   0.000 ) T:110 (   0.000   0.001   0.001   0.001   0.001   0.001 )
1109.966: I:1 (   0.000   0.000   0.000 ) T:111 (   0.000   0.001   0.001   0.001   0.001   0.001 )
1119.966: I:1 (   0.001   0.001   0.001 ) T:112 (   0.000   0.001   0.001   0.001   0.001   0.001 )
1129.966: I:1 (   0.000   0.000   0.000 ) T:113 (   0.000   0.001   0.001   0.001   0.001   0.001 )
1139.966: I:1 (   0.000   0.000   0.000 ) T:114 (   0.000   0.001   0.001   0.001   0.001   0.001 )
1149.966: I:1 (   0.000   0.000   0.000 ) T:115 (   0.000   0.001   0.001   0.001   0.001   0.001 )
1159.966: I:1 (   0.000   0.000   0.000 ) T:116 (   0.000   0.001   0.001   0.001   0.001   0.001 )
1169.966: I:1 (   0.000   0.000   0.000 ) T:117 (   0.000   0.001   0.001   0.001   0.001   0.001 )
1179.966: I:1 (   0.000   0.000   0.000 ) T:118 (   0.000   0.001   0.001   0.001   0.001   0.001 )
1189.966: I:1 (   0.000   0.000   0.000 ) T:119 (   0.000   0.001   0.001   0.001   0.001   0.001 )
1199.966: I:1 (   0.000   0.000   0.000 ) T:120 (   0.000   0.001   0.001   0.001   0.001   0.001 )
1209.966: I:1 (   0.001   0.001   0.001 ) T:121 (   0.000   0.001   0.001   0.001   0.001   0.001 )
1219.966: I:1 (   0.000   0.000   0.000 ) T:122 (   0.000   0.001   0.001   0.001   0.001   0.001 )
1229.966: I:1 (   0.000   0.000   0.000 ) T:123 (   0.000   0.001   0.001   0.001   0.001   0.001 )
1239.966: I:1 (   0.000   0.000   0.000 ) T:124 (   0.000   0.001   0.001   0.001   0.001   0.001 )
1249.966: I:1 (   0.000   0.000   0.000 ) T:125 (   0.000   0.001   0.001   0.001   0.001   0.001 )
1259.966: I:1 (   0.000   0.000   0.000 ) T:126 (   0.000   0.001   0.001   0.001   0.001   0.001 )
1269.966: I:1 (   0.000   0.000   0.000 ) T:127 (   0.000   0.001   0.001   0.001   0.001   0.001 )
1279.966: I:1 (   0.000   0.000   0.000 ) T:128 (   0.000   0.001   0.001   0.001   0.001   0.001 )
1289.966: I:1 (   0.000   0.000   0.000 ) T:129 (   0.000   0.001   0.001   0.001   0.001   0.001 )
1299.966: I:1 (   0.000   0.000   0.000 ) T:130 (   0.000   0.001   0.001   0.001   0.001   0.001 )
1309.966: I:1 (   0.001   0.001   0.001 ) T:131 (   0.000   0.001   0.001   0.001   0.001   0.001 )
1319.966: I:1 (   0.000   0.000   0.000 ) T:132 (   0.000   0.001   0.001   0.001   0.001   0.001 )
1329.966: I:1 (   0.000   0.000   0.000 ) T:133 (   0.000   0.001   0.001   0.001   0.001   0.001 )
1339.966: I:1 (   0.000   0.000   0.000 ) T:134 (   0.000   0.001   0.001   0.001   0.001   0.001 )
1349.966: I:1 (   0.000   0.000   0.000 ) T:135 (   0.000   0.001   0.001   0.001   0.001   0.001 )
1359.966: I:1 (   0.000   0.000   0.000 ) T:136 (   0.000   0.001   0.001   0.001   0.001   0.001 )
1369.966: I:1 (   0.000   0.000   0.000 ) T:137 (   0.000   0.001   0.001   0.001   0.001   0.001 )
1379.966: I:1 (   0.000   0.000   0.000 ) T:138 (   0.000   0.001   0.001   0.001   0.001   0.001 )
1389.966: I:1 (   0.000   0.000   0.000 ) T:139 (   0.000   0.001   0.001   0.001   0.001   0.001 )
1399.966: I:1 (   0.001   0.001   0.001 ) T:140 (   0.000   0.001   0.001   0.001   0.001   0.001 )
1409.966: I:1 (   0.000   0.000   0.000 ) T:141 (   0.000   0.001   0.001   0.001   0.001   0.001 )
1419.966: I:1 (   0.000   0.000   0.000 ) T:142 (   0.000   0.001   0.001   0.001   0.001   0.001 )
1429.966: I:1 (   0.000   0.000   0.000 ) T:143 (   0.000   0.001   0.001   0.001   0.001   0.001 )
1439.966: I:1 (   0.000   0.000   0.000 ) T:144 (   0.000   0.001   0.001   0.001   0.001   0.001 )
1449.966: I:1 (   0.000   0.000   0.000 ) T:145 (   0.000   0.001   0.001   0.001   0.001   0.001 )
1459.966: I:1 (   0.000   0.000   0.000 ) T:146 (   0.000   0.001   0.001   0.001   0.001   0.001 )
1469.966: I:1 (   0.000   0.000   0.000 ) T:147 (   0.000   0.001   0.001   0.001   0.001   0.001 )
1479.966: I:1 (   0.000   0.000   0.000 ) T:148 (   0.000   0.001   0.001   0.001   0.001   0.001 )
1489.966: I:1 (   0.001   0.001   0.001 ) T:149 (   0.000   0.001   0.001   0.001   0.001   0.001 )
1499.966: I:1 (   0.000   0.000   0.000 ) T:150 (   0.000   0.001   0.001   0.001   0.001   0.001 )
1509.966: I:1 (   0.000   0.000   0.000 ) T:151 (   0.000   0.001   0.001   0.001   0.001   0.001 )
1519.966: I:1 (   0.000   0.000   0.000 ) T:152 (   0.000   0.001   0.001   0.001   0.001   0.001 )
1529.966: I:1 (   0.000   0.000   0.000 ) T:153 (   0.000   0.001   0.001   0.001   0.001   0.001 )
1539.966: I:1 (   0.000   0.000   0.000 ) T:154 (   0.000   0.001   0.001   0.001   0.001   0.001 )
1549.966: I:1 (   0.000   0.000   0.000 ) T:155 (   0.000   0.001   0.001   0.001   0.001   0.001 )
1559.966: I:1 (   0.000   0.000   0.000 ) T:156 (   0.000   0.001   0.001   0.001   0.001   0.001 )
1569.966: I:1 (   0.000   0.000   0.000 ) T:157 (   0.000   0.001   0.001   0.001   0.001   0.001 )
1579.966: I:1 (   0.000   0.000   0.000 ) T:158 (   0.000   0.001   0.001   0.001   0.001   0.001 )
1589.966: I:1 (   0.001   0.001   0.001 ) T:159 (   0.000   0.001   0.001   0.001   0.001   0.001 )
1599.966: I:1 (   0.000   0.000   0.000 ) T:160 (   0.000   0.001   0.001   0.001   0.001   0.001 )
1609.966: I:1 (   0.000   0.000   0.000 ) T:161 (   0.000   0.001   0.001   0.001   0.001   0.001 )
1619.966: I:1 (   0.000   0.000   0.000 ) T:162 (   0.000   0.001   0.001   0.001   0.001   0.001 )
1629.966: I:1 (   0.000   0.000   0.000 ) T:163 (   0.000   0.001   0.001   0.001   0.001   0.001 )
1639.966: I:1 (   0.000   0.000   0.000 ) T:164 (   0.000   0.001   0.001   0.001   0.001   0.001 )
1649.966: I:1 (   0.000   0.000   0.000 ) T:165 (   0.000   0.001   0.001   0.001   0.001   0.001 )
1659.966: I:1 (   0.000   0.000   0.000 ) T:166 (   0.000   0.001   0.001   0.001   0.001   0.001 )
1669.966: I:1 (   0.000   0.000   0.000 ) T:167 (   0.000   0.001   0.001   0.001   0.001   0.001 )
1679.966: I:1 (   0.000   0.000   0.000 ) T:168 (   0.000   0.001   0.001   0.001   0.001   0.001 )
1689.966: I:1 (   0.001   0.001   0.001 ) T:169 (   0.000   0.001   0.001   0.001   0.001   0.001 )
1699.966: I:1 (   0.000   0.000   0.000 ) T:170 (   0.000   0.001   0.001   0.001   0.001   0.001 )
1709.966: I:1 (   0.000   0.000   0.000 ) T:171 (   0.000   0.001   0.001   0.001   0.001   0.001 )
1719.966: I:1 (   0.000   0.000   0.000 ) T:172 (   0.000   0.001   0.001   0.001   0.001   0.001 )
1729.966: I:1 (   0.000   0.000   0.000 ) T:173 (   0.000   0.001   0.001   0.001   0.001   0.001 )
1739.966: I:1 (   0.000   0.000   0.000 ) T:174 (   0.000   0.001   0.001   0.001   0.001   0.001 )
1749.966: I:1 (   0.000   0.000   0.000 ) T:175 (   0.000   0.001   0.001   0.001   0.001   0.001 )
1759.966: I:1 (   0.000   0.000   0.000 ) T:176 (   0.000   0.001   0.001   0.001   0.001   0.001 )
1769.966: I:1 (   0.000   0.000   0.000 ) T:177 (   0.000   0.001   0.001   0.001   0.001   0.001 )
1779.966: I:1 (   0.000   0.000   0.000 ) T:178 (   0.000   0.001   0.001   0.001   0.001   0.001 )
1789.966: I:1 (   0.001   0.001   0.001 ) T:179 (   0.000   0.001   0.001   0.001   0.001   0.001 )
1799.966: I:1 (   0.000   0.000   0.000 ) T:180 (   0.000   0.001   0.001   0.001   0.001   0.001 )
1809.966: I:1 (   0.000   0.000   0.000 ) T:181 (   0.000   0.001   0.001   0.001   0.001   0.001 )
1819.966: I:1 (   0.000   0.000   0.000 ) T:182 (   0.000   0.001   0.001   0.001   0.001   0.001 )
1829.966: I:1 (   0.000   0.000   0.000 ) T:183 (   0.000   0.001   0.001   0.001   0.001   0.001 )
1839.966: I:1 (   0.000   0.000   0.000 ) T:184 (   0.000   0.001   0.001   0.001   0.001   0.001 )
1849.966: I:1 (   0.000   0.000   0.000 ) T:185 (   0.000   0.001   0.001   0.001   0.001   0.001 )
1859.966: I:1 (   0.000   0.000   0.000 ) T:186 (   0.000   0.001   0.001   0.001   0.001   0.001 )
1869.971: I:1 (   0.000   0.000   0.000 ) T:187 (   0.000   0.001   0.001   0.001   0.001   0.001 )
1879.965: I:1 (   0.001   0.001   0.001 ) T:188 (   0.000   0.001   0.001   0.001   0.001   0.001 )
1889.966: I:1 (   0.000   0.000   0.000 ) T:189 (   0.000   0.001   0.001   0.001   0.001   0.001 )
1899.966: I:1 (   0.000   0.000   0.000 ) T:190 (   0.000   0.001   0.001   0.001   0.001   0.001 )
1909.966: I:1 (   0.000   0.000   0.000 ) T:191 (   0.000   0.001   0.001   0.001   0.001   0.001 )
1919.966: I:1 (   0.000   0.000   0.000 ) T:192 (   0.000   0.001   0.001   0.001   0.001   0.001 )
1929.966: I:1 (   0.000   0.000   0.000 ) T:193 (   0.000   0.001   0.001   0.001   0.001   0.001 )
1939.966: I:1 (   0.000   0.000   0.000 ) T:194 (   0.000   0.001   0.001   0.001   0.001   0.001 )
1949.966: I:1 (   0.000   0.000   0.000 ) T:195 (   0.000   0.001   0.001   0.001   0.001   0.001 )
1959.966: I:1 (   0.000   0.000   0.000 ) T:196 (   0.000   0.001   0.001   0.001   0.001   0.001 )
1969.966: I:1 (   0.000   0.000   0.000 ) T:197 (   0.000   0.001   0.001   0.001   0.001   0.001 )
1979.966: I:1 (   0.001   0.001   0.001 ) T:198 (   0.000   0.001   0.001   0.001   0.001   0.001 )
1989.966: I:1 (   0.000   0.000   0.000 ) T:199 (   0.000   0.001   0.001   0.001   0.001   0.001 )
1999.966: I:1 (   0.000   0.000   0.000 ) T:200 (   0.000   0.001   0.001   0.001   0.001   0.001 )
2009.966: I:1 (   0.000   0.000   0.000 ) T:201 (   0.000   0.001   0.001   0.001   0.001   0.001 )
2019.966: I:1 (   0.000   0.000   0.000 ) T:202 (   0.000   0.001   0.001   0.001   0.001   0.001 )
2029.966: I:1 (   0.000   0.000   0.000 ) T:203 (   0.000   0.001   0.001   0.001   0.001   0.001 )
2039.966: I:1 (   0.000   0.000   0.000 ) T:204 (   0.000   0.001   0.001   0.001   0.001   0.001 )
2049.966: I:1 (   0.000   0.000   0.000 ) T:205 (   0.000   0.001   0.001   0.001   0.001   0.001 )
2059.966: I:1 (   0.000   0.000   0.000 ) T:206 (   0.000   0.001   0.001   0.001   0.001   0.001 )
2069.966: I:1 (   0.000   0.000   0.000 ) T:207 (   0.000   0.001   0.001   0.001   0.001   0.001 )
2079.966: I:1 (   0.001   0.001   0.001 ) T:208 (   0.000   0.001   0.001   0.001   0.001   0.001 )
2089.966: I:1 (   0.000   0.000   0.000 ) T:209 (   0.000   0.001   0.001   0.001   0.001   0.001 )
2099.966: I:1 (   0.000   0.000   0.000 ) T:210 (   0.000   0.001   0.001   0.001   0.001   0.001 )
2109.966: I:1 (   0.000   0.000   0.000 ) T:211 (   0.000   0.001   0.001   0.001   0.001   0.001 )
2119.966: I:1 (   0.000   0.000   0.000 ) T:212 (   0.000   0.001   0.001   0.001   0.001   0.001 )
2129.966: I:1 (   0.000   0.000   0.000 ) T:213 (   0.000   0.001   0.001   0.001   0.001   0.001 )
2139.966: I:1 (   0.000   0.000   0.000 ) T:214 (   0.000   0.001   0.001   0.001   0.001   0.001 )
2149.966: I:1 (   0.000   0.000   0.000 ) T:215 (   0.000   0.001   0.001   0.001   0.001   0.001 )
2159.966: I:1 (   0.000   0.000   0.000 ) T:216 (   0.000   0.001   0.001   0.001   0.001   0.001 )
2169.966: I:1 (   0.000   0.000   0.000 ) T:217 (   0.000   0.001   0.001   0.001   0.001   0.001 )
2179.966: I:1 (   0.001   0.001   0.001 ) T:218 (   0.000   0.001   0.001   0.001   0.001   0.001 )
2189.966: I:1 (   0.000   0.000   0.000 ) T:219 (   0.000   0.001   0.001   0.001   0.001   0.001 )
2199.966: I:1 (   0.000   0.000   0.000 ) T:220 (   0.000   0.001   0.001   0.001   0.001   0.001 )
2209.966: I:1 (   0.000   0.000   0.000 ) T:221 (   0.000   0.001   0.001   0.001   0.001   0.001 )
2219.966: I:1 (   0.000   0.000   0.000 ) T:222 (   0.000   0.001   0.001   0.001   0.001   0.001 )
2229.966: I:1 (   0.000   0.000   0.000 ) T:223 (   0.000   0.001   0.001   0.001   0.001   0.001 )
2239.966: I:1 (   0.000   0.000   0.000 ) T:224 (   0.000   0.001   0.001   0.001   0.001   0.001 )
2249.966: I:1 (   0.000   0.000   0.000 ) T:225 (   0.000   0.001   0.001   0.001   0.001   0.001 )
2259.966: I:1 (   0.000   0.000   0.000 ) T:226 (   0.000   0.001   0.001   0.001   0.001   0.001 )
2269.966: I:1 (   0.000   0.000   0.000 ) T:227 (   0.000   0.001   0.001   0.001   0.001   0.001 )
2279.966: I:1 (   0.001   0.001   0.001 ) T:228 (   0.000   0.001   0.001   0.001   0.001   0.001 )
2289.966: I:1 (   0.000   0.000   0.000 ) T:229 (   0.000   0.001   0.001   0.001   0.001   0.001 )
2299.966: I:1 (   0.000   0.000   0.000 ) T:230 (   0.000   0.001   0.001   0.001   0.001   0.001 )
2309.966: I:1 (   0.000   0.000   0.000 ) T:231 (   0.000   0.001   0.001   0.001   0.001   0.001 )
2319.966: I:1 (   0.000   0.000   0.000 ) T:232 (   0.000   0.001   0.001   0.001   0.001   0.001 )
2329.966: I:1 (   0.000   0.000   0.000 ) T:233 (   0.000   0.001   0.001   0.001   0.001   0.001 )
2339.966: I:1 (   0.000   0.000   0.000 ) T:234 (   0.000   0.001   0.001   0.001   0.001   0.001 )
2349.966: I:1 (   0.000   0.000   0.000 ) T:235 (   0.000   0.001   0.001   0.001   0.001   0.001 )
2359.966: I:1 (   0.000   0.000   0.000 ) T:236 (   0.000   0.001   0.001   0.001   0.001   0.001 )
2369.966: I:1 (   0.000   0.000   0.000 ) T:237 (   0.000   0.001   0.001   0.001   0.001   0.001 )
2379.966: I:1 (   0.001   0.001   0.001 ) T:238 (   0.000   0.001   0.001   0.001   0.001   0.001 )
2389.966: I:1 (   0.000   0.000   0.000 ) T:239 (   0.000   0.001   0.001   0.001   0.001   0.001 )
2399.966: I:1 (   0.000   0.000   0.000 ) T:240 (   0.000   0.001   0.001   0.001   0.001   0.001 )
2409.966: I:1 (   0.000   0.000   0.000 ) T:241 (   0.000   0.001   0.001   0.001   0.001   0.001 )
2419.966: I:1 (   0.000   0.000   0.000 ) T:242 (   0.000   0.001   0.001   0.001   0.001   0.001 )
2429.966: I:1 (   0.000   0.000   0.000 ) T:243 (   0.000   0.001   0.001   0.001   0.001   0.001 )
2439.966: I:1 (   0.000   0.000   0.000 ) T:244 (   0.000   0.001   0.001   0.001   0.001   0.001 )
2449.966: I:1 (   0.000   0.000   0.000 ) T:245 (   0.000   0.001   0.001   0.001   0.001   0.001 )
2459.966: I:1 (   0.000   0.000   0.000 ) T:246 (   0.000   0.001   0.001   0.001   0.001   0.001 )
2469.966: I:1 (   0.000   0.000   0.000 ) T:247 (   0.000   0.001   0.001   0.001   0.001   0.001 )
2479.966: I:1 (   0.001   0.001   0.001 ) T:248 (   0.000   0.001   0.001   0.001   0.001   0.001 )
2489.966: I:1 (   0.000   0.000   0.000 ) T:249 (   0.000   0.001   0.001   0.001   0.001   0.001 )
2499.966: I:1 (   0.000   0.000   0.000 ) T:250 (   0.000   0.001   0.001   0.001   0.001   0.001 )
2509.966: I:1 (   0.000   0.000   0.000 ) T:251 (   0.000   0.001   0.001   0.001   0.001   0.001 )
2519.966: I:1 (   0.000   0.000   0.000 ) T:252 (   0.000   0.001   0.001   0.001   0.001   0.001 )
2529.966: I:1 (   0.000   0.000   0.000 ) T:253 (   0.000   0.001   0.001   0.001   0.001   0.001 )
2539.966: I:1 (   0.000   0.000   0.000 ) T:254 (   0.000   0.001   0.001   0.001   0.001   0.001 )
2549.966: I:1 (   0.000   0.000   0.000 ) T:255 (   0.000   0.001   0.001   0.001   0.001   0.001 )
2559.966: I:1 (   0.000   0.000   0.000 ) T:256 (   0.000   0.001   0.001   0.001   0.001   0.001 )
2569.966: I:1 (   0.000   0.000   0.000 ) T:257 (   0.000   0.001   0.001   0.001   0.001   0.001 )
2579.966: I:1 (   0.001   0.001   0.001 ) T:258 (   0.000   0.001   0.001   0.001   0.001   0.001 )
2589.966: I:1 (   0.000   0.000   0.000 ) T:259 (   0.000   0.001   0.001   0.001   0.001   0.001 )
2599.966: I:1 (   0.000   0.000   0.000 ) T:260 (   0.000   0.001   0.001   0.001   0.001   0.001 )
2609.966: I:1 (   0.000   0.000   0.000 ) T:261 (   0.000   0.001   0.001   0.001   0.001   0.001 )
2619.966: I:1 (   0.000   0.000   0.000 ) T:262 (   0.000   0.001   0.001   0.001   0.001   0.001 )
2629.966: I:1 (   0.000   0.000   0.000 ) T:263 (   0.000   0.001   0.001   0.001   0.001   0.001 )
2639.966: I:1 (   0.000   0.000   0.000 ) T:264 (   0.000   0.001   0.001   0.001   0.001   0.001 )
2649.966: I:1 (   0.000   0.000   0.000 ) T:265 (   0.000   0.001   0.001   0.001   0.001   0.001 )
2659.966: I:1 (   0.000   0.000   0.000 ) T:266 (   0.000   0.001   0.001   0.001   0.001   0.001 )
2669.966: I:1 (   0.000   0.000   0.000 ) T:267 (   0.000   0.001   0.001   0.001   0.001   0.001 )
2679.966: I:1 (   0.001   0.001   0.001 ) T:268 (   0.000   0.001   0.001   0.001   0.001   0.001 )
2689.966: I:1 (   0.000   0.000   0.000 ) T:269 (   0.000   0.001   0.001   0.001   0.001   0.001 )
2699.966: I:1 (   0.000   0.000   0.000 ) T:270 (   0.000   0.001   0.001   0.001   0.001   0.001 )
2709.966: I:1 (   0.000   0.000   0.000 ) T:271 (   0.000   0.001   0.001   0.001   0.001   0.001 )
2719.966: I:1 (   0.000   0.000   0.000 ) T:272 (   0.000   0.001   0.001   0.001   0.001   0.001 )
2729.966: I:1 (   0.000   0.000   0.000 ) T:273 (   0.000   0.001   0.001   0.001   0.001   0.001 )
2739.966: I:1 (   0.000   0.000   0.000 ) T:274 (   0.000   0.001   0.001   0.001   0.001   0.001 )
2749.966: I:1 (   0.000   0.000   0.000 ) T:275 (   0.000   0.001   0.001   0.001   0.001   0.001 )
2759.966: I:1 (   0.000   0.000   0.000 ) T:276 (   0.000   0.001   0.001   0.001   0.001   0.001 )
2769.966: I:1 (   0.000   0.000   0.000 ) T:277 (   0.000   0.001   0.001   0.001   0.001   0.001 )
2779.966: I:1 (   0.001   0.001   0.001 ) T:278 (   0.000   0.001   0.001   0.001   0.001   0.001 )
2789.966: I:1 (   0.000   0.000   0.000 ) T:279 (   0.000   0.001   0.001   0.001   0.001   0.001 )
2799.966: I:1 (   0.000   0.000   0.000 ) T:280 (   0.000   0.001   0.001   0.001   0.001   0.001 )
2809.966: I:1 (   0.000   0.000   0.000 ) T:281 (   0.000   0.001   0.001   0.001   0.001   0.001 )
2819.966: I:1 (   0.000   0.000   0.000 ) T:282 (   0.000   0.001   0.001   0.001   0.001   0.001 )
2829.966: I:1 (   0.000   0.000   0.000 ) T:283 (   0.000   0.001   0.001   0.001   0.001   0.001 )
2839.966: I:1 (   0.000   0.000   0.000 ) T:284 (   0.000   0.001   0.001   0.001   0.001   0.001 )
2849.966: I:1 (   0.000   0.000   0.000 ) T:285 (   0.000   0.001   0.001   0.001   0.001   0.001 )
2859.966: I:1 (   0.000   0.000   0.000 ) T:286 (   0.000   0.001   0.001   0.001   0.001   0.001 )
2869.966: I:1 (   0.000   0.000   0.000 ) T:287 (   0.000   0.001   0.001   0.001   0.001   0.001 )
2879.966: I:1 (   0.001   0.001   0.001 ) T:288 (   0.000   0.001   0.001   0.001   0.001   0.001 )
2889.966: I:1 (   0.000   0.000   0.000 ) T:289 (   0.000   0.001   0.001   0.001   0.001   0.001 )
2899.966: I:1 (   0.000   0.000   0.000 ) T:290 (   0.000   0.001   0.001   0.001   0.001   0.001 )
2909.966: I:1 (   0.000   0.000   0.000 ) T:291 (   0.000   0.001   0.001   0.001   0.001   0.001 )
2919.966: I:1 (   0.000   0.000   0.000 ) T:292 (   0.000   0.001   0.001   0.001   0.001   0.001 )
2929.966: I:1 (   0.000   0.000   0.000 ) T:293 (   0.000   0.001   0.001   0.001   0.001   0.001 )
2939.966: I:1 (   0.000   0.000   0.000 ) T:294 (   0.000   0.001   0.001   0.001   0.001   0.001 )
2949.966: I:1 (   0.000   0.000   0.000 ) T:295 (   0.000   0.001   0.001   0.001   0.001   0.001 )
2959.966: I:1 (   0.000   0.000   0.000 ) T:296 (   0.000   0.001   0.001   0.001   0.001   0.001 )
2969.966: I:1 (   0.000   0.000   0.000 ) T:297 (   0.000   0.001   0.001   0.001   0.001   0.001 )
2979.966: I:1 (   0.001   0.001   0.001 ) T:298 (   0.000   0.001   0.001   0.001   0.001   0.001 )
2989.966: I:1 (   0.000   0.000   0.000 ) T:299 (   0.000   0.001   0.001   0.001   0.001   0.001 )
2999.966: I:1 (   0.000   0.000   0.000 ) T:300 (   0.000   0.001   0.001   0.001   0.001   0.001 )
3009.966: I:1 (   0.000   0.000   0.000 ) T:301 (   0.000   0.001   0.001   0.001   0.001   0.001 )
3019.966: I:1 (   0.000   0.000   0.000 ) T:302 (   0.000   0.001   0.001   0.001   0.001   0.001 )
3029.966: I:1 (   0.000   0.000   0.000 ) T:303 (   0.000   0.001   0.001   0.001   0.001   0.001 )
3039.966: I:1 (   0.000   0.000   0.000 ) T:304 (   0.000   0.001   0.001   0.001   0.001   0.001 )
3049.966: I:1 (   0.000   0.000   0.000 ) T:305 (   0.000   0.001   0.001   0.001   0.001   0.001 )
3059.966: I:1 (   0.000   0.000   0.000 ) T:306 (   0.000   0.001   0.001   0.001   0.001   0.001 )
3069.966: I:1 (   0.001   0.001   0.001 ) T:307 (   0.000   0.001   0.001   0.001   0.001   0.001 )
3079.966: I:1 (   0.000   0.000   0.000 ) T:308 (   0.000   0.001   0.001   0.001   0.001   0.001 )
3089.966: I:1 (   0.000   0.000   0.000 ) T:309 (   0.000   0.001   0.001   0.001   0.001   0.001 )
3099.966: I:1 (   0.000   0.000   0.000 ) T:310 (   0.000   0.001   0.001   0.001   0.001   0.001 )
3109.966: I:1 (   0.000   0.000   0.000 ) T:311 (   0.000   0.001   0.001   0.001   0.001   0.001 )
3119.966: I:1 (   0.000   0.000   0.000 ) T:312 (   0.000   0.001   0.001   0.001   0.001   0.001 )
3129.966: I:1 (   0.000   0.000   0.000 ) T:313 (   0.000   0.001   0.001   0.001   0.001   0.001 )
3139.966: I:1 (   0.000   0.000   0.000 ) T:314 (   0.000   0.001   0.001   0.001   0.001   0.001 )
3149.966: I:1 (   0.000   0.000   0.000 ) T:315 (   0.000   0.001   0.001   0.001   0.001   0.001 )
3159.966: I:1 (   0.000   0.000   0.000 ) T:316 (   0.000   0.001   0.001   0.001   0.001   0.001 )
3169.966: I:1 (   0.001   0.001   0.001 ) T:317 (   0.000   0.001   0.001   0.001   0.001   0.001 )
3179.966: I:1 (   0.000   0.000   0.000 ) T:318 (   0.000   0.001   0.001   0.001   0.001   0.001 )
3189.966: I:1 (   0.000   0.000   0.000 ) T:319 (   0.000   0.001   0.001   0.001   0.001   0.001 )
3199.966: I:1 (   0.000   0.000   0.000 ) T:320 (   0.000   0.001   0.001   0.001   0.001   0.001 )
3209.966: I:1 (   0.000   0.000   0.000 ) T:321 (   0.000   0.001   0.001   0.001   0.001   0.001 )
3219.966: I:1 (   0.000   0.000   0.000 ) T:322 (   0.000   0.001   0.001   0.001   0.001   0.001 )
3229.966: I:1 (   0.000   0.000   0.000 ) T:323 (   0.000   0.001   0.001   0.001   0.001   0.001 )
3239.966: I:1 (   0.000   0.000   0.000 ) T:324 (   0.000   0.001   0.001   0.001   0.001   0.001 )
3249.966: I:1 (   0.000   0.000   0.000 ) T:325 (   0.000   0.001   0.001   0.001   0.001   0.001 )
3259.966: I:1 (   0.000   0.000   0.000 ) T:326 (   0.000   0.001   0.001   0.001   0.001   0.001 )
3269.966: I:1 (   0.001   0.001   0.001 ) T:327 (   0.000   0.001   0.001   0.001   0.001   0.001 )
3279.966: I:1 (   0.000   0.000   0.000 ) T:328 (   0.000   0.001   0.001   0.001   0.001   0.001 )
3289.966: I:1 (   0.000   0.000   0.000 ) T:329 (   0.000   0.001   0.001   0.001   0.001   0.001 )
3299.966: I:1 (   0.000   0.000   0.000 ) T:330 (   0.000   0.001   0.001   0.001   0.001   0.001 )
3309.966: I:1 (   0.000   0.000   0.000 ) T:331 (   0.000   0.001   0.001   0.001   0.001   0.001 )
3319.966: I:1 (   0.000   0.000   0.000 ) T:332 (   0.000   0.001   0.001   0.001   0.001   0.001 )
3329.966: I:1 (   0.000   0.000   0.000 ) T:333 (   0.000   0.001   0.001   0.001   0.001   0.001 )
3339.966: I:1 (   0.000   0.000   0.000 ) T:334 (   0.000   0.001   0.001   0.001   0.001   0.001 )
3349.970: I:1 (   0.000   0.000   0.000 ) T:335 (   0.000   0.001   0.001   0.001   0.001   0.001 )
3359.966: I:1 (   0.001   0.001   0.001 ) T:336 (   0.000   0.001   0.001   0.001   0.001   0.001 )
3369.966: I:1 (   0.000   0.000   0.000 ) T:337 (   0.000   0.001   0.001   0.001   0.001   0.001 )
3379.966: I:1 (   0.000   0.000   0.000 ) T:338 (   0.000   0.001   0.001   0.001   0.001   0.001 )
3389.966: I:1 (   0.000   0.000   0.000 ) T:339 (   0.000   0.001   0.001   0.001   0.001   0.001 )
3399.966: I:1 (   0.000   0.000   0.000 ) T:340 (   0.000   0.001   0.001   0.001   0.001   0.001 )
3409.966: I:1 (   0.000   0.000   0.000 ) T:341 (   0.000   0.001   0.001   0.001   0.001   0.001 )
3419.966: I:1 (   0.000   0.000   0.000 ) T:342 (   0.000   0.001   0.001   0.001   0.001   0.001 )
3429.966: I:1 (   0.000   0.000   0.000 ) T:343 (   0.000   0.001   0.001   0.001   0.001   0.001 )
3439.966: I:1 (   0.000   0.000   0.000 ) T:344 (   0.000   0.001   0.001   0.001   0.001   0.001 )
3449.966: I:1 (   0.000   0.000   0.000 ) T:345 (   0.000   0.001   0.001   0.001   0.001   0.001 )
3459.966: I:1 (   0.001   0.001   0.001 ) T:346 (   0.000   0.001   0.001   0.001   0.001   0.001 )
3469.966: I:1 (   0.000   0.000   0.000 ) T:347 (   0.000   0.001   0.001   0.001   0.001   0.001 )
3479.966: I:1 (   0.000   0.000   0.000 ) T:348 (   0.000   0.001   0.001   0.001   0.001   0.001 )
3489.966: I:1 (   0.000   0.000   0.000 ) T:349 (   0.000   0.001   0.001   0.001   0.001   0.001 )
3499.966: I:1 (   0.000   0.000   0.000 ) T:350 (   0.000   0.001   0.001   0.001   0.001   0.001 )
3509.966: I:1 (   0.000   0.000   0.000 ) T:351 (   0.000   0.001   0.001   0.001   0.001   0.001 )
3519.966: I:1 (   0.000   0.000   0.000 ) T:352 (   0.000   0.001   0.001   0.001   0.001   0.001 )
3529.966: I:1 (   0.000   0.000   0.000 ) T:353 (   0.000   0.001   0.001   0.001   0.001   0.001 )
3539.966: I:1 (   0.001   0.001   0.001 ) T:354 (   0.000   0.001   0.001   0.001   0.001   0.001 )
3549.966: I:1 (   0.000   0.000   0.000 ) T:355 (   0.000   0.001   0.001   0.001   0.001   0.001 )
3559.966: I:1 (   0.000   0.000   0.000 ) T:356 (   0.000   0.001   0.001   0.001   0.001   0.001 )
3569.966: I:1 (   0.000   0.000   0.000 ) T:357 (   0.000   0.001   0.001   0.001   0.001   0.001 )
3579.966: I:1 (   0.000   0.000   0.000 ) T:358 (   0.000   0.001   0.001   0.001   0.001   0.001 )
3589.966: I:1 (   0.000   0.000   0.000 ) T:359 (   0.000   0.001   0.001   0.001   0.001   0.001 )
3599.966: I:1 (   0.000   0.000   0.000 ) T:360 (   0.000   0.001   0.001   0.001   0.001   0.001 )
3603.566: I:2 (   0.000   0.000   0.000 ) T:362 (   0.000   0.001   0.001   0.001   0.001   0.001 )
3603.588: I:0 (   0.000   0.000   0.000 ) T:362 (   0.000   0.001   0.001   0.001   0.001   0.001 )
