#[Interval percentile log between 0.000 and <Infinite> seconds (relative to StartTime)]
#[StartTime: 1524361533.351 (seconds since epoch), Sun Apr 22 03:45:33 CEST 2018]
Time: IntervalPercentiles:count ( 50% 90% Max ) TotalPercentiles:count ( 50% 90% 99% 99.9% 99.99% Max )
9.990: I:1 (   0.015   0.015   0.015 ) T:1 (   0.015   0.015   0.015   0.015   0.015   0.015 )
19.975: I:1 (   0.061   0.061   0.061 ) T:2 (   0.015   0.061   0.061   0.061   0.061   0.061 )
29.977: I:1 (   0.069   0.069   0.069 ) T:3 (   0.061   0.069   0.069   0.069   0.069   0.069 )
39.972: I:1 (   0.028   0.028   0.028 ) T:4 (   0.028   0.069   0.069   0.069   0.069   0.069 )
49.973: I:1 (   0.039   0.039   0.039 ) T:5 (   0.039   0.069   0.069   0.069   0.069   0.069 )
59.972: I:1 (   0.051   0.051   0.051 ) T:6 (   0.039   0.069   0.069   0.069   0.069   0.069 )
69.972: I:1 (   0.064   0.064   0.064 ) T:7 (   0.051   0.069   0.069   0.069   0.069   0.069 )
79.972: I:1 (   0.078   0.078   0.078 ) T:8 (   0.051   0.078   0.078   0.078   0.078   0.078 )
89.971: I:1 (   0.027   0.027   0.027 ) T:9 (   0.051   0.078   0.078   0.078   0.078   0.078 )
99.972: I:1 (   0.045   0.045   0.045 ) T:10 (   0.045   0.069   0.078   0.078   0.078   0.078 )
109.971: I:1 (   0.062   0.062   0.062 ) T:11 (   0.051   0.069   0.078   0.078   0.078   0.078 )
119.970: I:1 (   0.081   0.081   0.081 ) T:12 (   0.051   0.078   0.081   0.081   0.081   0.081 )
129.971: I:1 (   0.039   0.039   0.039 ) T:13 (   0.051   0.078   0.081   0.081   0.081   0.081 )
139.972: I:1 (   0.061   0.061   0.061 ) T:14 (   0.051   0.078   0.081   0.081   0.081   0.081 )
149.971: I:1 (   0.023   0.023   0.023 ) T:15 (   0.051   0.078   0.081   0.081   0.081   0.081 )
159.971: I:1 (   0.048   0.048   0.048 ) T:16 (   0.048   0.078   0.081   0.081   0.081   0.081 )
169.971: I:1 (   0.073   0.073   0.073 ) T:17 (   0.051   0.078   0.081   0.081   0.081   0.081 )
179.971: I:1 (   0.039   0.039   0.039 ) T:18 (   0.048   0.078   0.081   0.081   0.081   0.081 )
189.971: I:1 (   0.067   0.067   0.067 ) T:19 (   0.051   0.078   0.081   0.081   0.081   0.081 )
199.971: I:1 (   0.036   0.036   0.036 ) T:20 (   0.048   0.073   0.081   0.081   0.081   0.081 )
209.971: I:1 (   0.066   0.066   0.066 ) T:21 (   0.051   0.073   0.081   0.081   0.081   0.081 )
219.971: I:1 (   0.037   0.037   0.037 ) T:22 (   0.048   0.073   0.081   0.081   0.081   0.081 )
229.971: I:1 (   0.070   0.070   0.070 ) T:23 (   0.051   0.073   0.081   0.081   0.081   0.081 )
239.971: I:1 (   0.023   0.023   0.023 ) T:24 (   0.048   0.073   0.081   0.081   0.081   0.081 )
249.971: I:1 (   0.032   0.032   0.032 ) T:25 (   0.048   0.073   0.081   0.081   0.081   0.081 )
259.971: I:1 (   0.065   0.065   0.065 ) T:26 (   0.048   0.073   0.081   0.081   0.081   0.081 )
269.975: I:1 (   0.040   0.040   0.040 ) T:27 (   0.048   0.073   0.081   0.081   0.081   0.081 )
279.971: I:1 (   0.022   0.022   0.022 ) T:28 (   0.045   0.073   0.081   0.081   0.081   0.081 )
289.971: I:1 (   0.062   0.062   0.062 ) T:29 (   0.048   0.073   0.081   0.081   0.081   0.081 )
299.971: I:1 (   0.047   0.047   0.047 ) T:30 (   0.047   0.070   0.081   0.081   0.081   0.081 )
309.971: I:1 (   0.035   0.035   0.035 ) T:31 (   0.047   0.070   0.081   0.081   0.081   0.081 )
319.971: I:1 (   0.026   0.026   0.026 ) T:32 (   0.045   0.070   0.081   0.081   0.081   0.081 )
329.971: I:1 (   0.068   0.068   0.068 ) T:33 (   0.047   0.070   0.081   0.081   0.081   0.081 )
339.971: I:1 (   0.058   0.058   0.058 ) T:34 (   0.047   0.070   0.081   0.081   0.081   0.081 )
349.971: I:1 (   0.049   0.049   0.049 ) T:35 (   0.048   0.070   0.081   0.081   0.081   0.081 )
359.971: I:1 (   0.043   0.043   0.043 ) T:36 (   0.047   0.070   0.081   0.081   0.081   0.081 )
369.971: I:1 (   0.039   0.039   0.039 ) T:37 (   0.047   0.070   0.081   0.081   0.081   0.081 )
379.971: I:1 (   0.035   0.035   0.035 ) T:38 (   0.045   0.070   0.081   0.081   0.081   0.081 )
389.971: I:1 (   0.032   0.032   0.032 ) T:39 (   0.045   0.070   0.081   0.081   0.081   0.081 )
399.971: I:1 (   0.032   0.032   0.032 ) T:40 (   0.043   0.069   0.081   0.081   0.081   0.081 )
409.971: I:1 (   0.030   0.030   0.030 ) T:41 (   0.043   0.069   0.081   0.081   0.081   0.081 )
419.971: I:1 (   0.033   0.033   0.033 ) T:42 (   0.040   0.069   0.081   0.081   0.081   0.081 )
429.971: I:1 (   0.035   0.035   0.035 ) T:43 (   0.040   0.069   0.081   0.081   0.081   0.081 )
439.971: I:1 (   0.042   0.042   0.042 ) T:44 (   0.040   0.069   0.081   0.081   0.081   0.081 )
449.971: I:1 (   0.049   0.049   0.049 ) T:45 (   0.042   0.069   0.081   0.081   0.081   0.081 )
459.971: I:1 (   0.058   0.058   0.058 ) T:46 (   0.042   0.069   0.081   0.081   0.081   0.081 )
469.971: I:1 (   0.068   0.068   0.068 ) T:47 (   0.043   0.069   0.081   0.081   0.081   0.081 )
479.970: I:1 (   0.030   0.030   0.030 ) T:48 (   0.042   0.069   0.081   0.081   0.081   0.081 )
489.971: I:1 (   0.039   0.039   0.039 ) T:49 (   0.042   0.069   0.081   0.081   0.081   0.081 )
499.971: I:1 (   0.053   0.053   0.053 ) T:50 (   0.042   0.068   0.081   0.081   0.081   0.081 )
509.971: I:1 (   0.067   0.067   0.067 ) T:51 (   0.043   0.068   0.081   0.081   0.081   0.081 )
519.971: I:1 (   0.043   0.043   0.043 ) T:52 (   0.043   0.068   0.081   0.081   0.081   0.081 )
529.971: I:1 (   0.027   0.027   0.027 ) T:53 (   0.043   0.068   0.081   0.081   0.081   0.081 )
539.971: I:1 (   0.054   0.054   0.054 ) T:54 (   0.043   0.068   0.081   0.081   0.081   0.081 )
549.971: I:1 (   0.042   0.042   0.042 ) T:55 (   0.043   0.068   0.081   0.081   0.081   0.081 )
559.969: I:1 (   0.035   0.035   0.035 ) T:56 (   0.042   0.068   0.081   0.081   0.081   0.081 )
569.970: I:1 (   0.028   0.028   0.028 ) T:57 (   0.042   0.068   0.081   0.081   0.081   0.081 )
579.971: I:1 (   0.026   0.026   0.026 ) T:58 (   0.042   0.068   0.081   0.081   0.081   0.081 )
589.971: I:1 (   0.063   0.063   0.063 ) T:59 (   0.042   0.068   0.081   0.081   0.081   0.081 )
599.971: I:1 (   0.029   0.029   0.029 ) T:60 (   0.042   0.068   0.081   0.081   0.081   0.081 )
609.971: I:1 (   0.033   0.033   0.033 ) T:61 (   0.042   0.068   0.081   0.081   0.081   0.081 )
619.969: I:1 (   0.038   0.038   0.038 ) T:62 (   0.040   0.068   0.081   0.081   0.081   0.081 )
629.971: I:1 (   0.043   0.043   0.043 ) T:63 (   0.042   0.068   0.081   0.081   0.081   0.081 )
639.971: I:1 (   0.052   0.052   0.052 ) T:64 (   0.042   0.068   0.081   0.081   0.081   0.081 )
649.974: I:1 (   0.058   0.058   0.058 ) T:65 (   0.042   0.068   0.081   0.081   0.081   0.081 )
659.969: I:1 (   0.028   0.028   0.028 ) T:66 (   0.042   0.068   0.081   0.081   0.081   0.081 )
669.970: I:1 (   0.038   0.038   0.038 ) T:67 (   0.042   0.068   0.081   0.081   0.081   0.081 )
679.971: I:1 (   0.049   0.049   0.049 ) T:68 (   0.042   0.068   0.081   0.081   0.081   0.081 )
689.971: I:1 (   0.057   0.057   0.057 ) T:69 (   0.042   0.068   0.081   0.081   0.081   0.081 )
699.971: I:1 (   0.028   0.028   0.028 ) T:70 (   0.042   0.067   0.081   0.081   0.081   0.081 )
709.971: I:1 (   0.042   0.042   0.042 ) T:71 (   0.042   0.067   0.081   0.081   0.081   0.081 )
719.969: I:1 (   0.053   0.053   0.053 ) T:72 (   0.042   0.067   0.081   0.081   0.081   0.081 )
729.970: I:1 (   0.034   0.034   0.034 ) T:73 (   0.042   0.067   0.081   0.081   0.081   0.081 )
739.972: I:1 (   0.050   0.050   0.050 ) T:74 (   0.042   0.067   0.081   0.081   0.081   0.081 )
749.969: I:1 (   0.029   0.029   0.029 ) T:75 (   0.042   0.067   0.081   0.081   0.081   0.081 )
759.970: I:1 (   0.042   0.042   0.042 ) T:76 (   0.042   0.067   0.081   0.081   0.081   0.081 )
769.970: I:1 (   0.060   0.060   0.060 ) T:77 (   0.042   0.067   0.081   0.081   0.081   0.081 )
779.969: I:1 (   0.042   0.042   0.042 ) T:78 (   0.042   0.067   0.081   0.081   0.081   0.081 )
789.971: I:1 (   0.062   0.062   0.062 ) T:79 (   0.042   0.067   0.081   0.081   0.081   0.081 )
799.971: I:1 (   0.043   0.043   0.043 ) T:80 (   0.042   0.067   0.081   0.081   0.081   0.081 )
809.970: I:1 (   0.060   0.060   0.060 ) T:81 (   0.042   0.067   0.081   0.081   0.081   0.081 )
819.970: I:1 (   0.046   0.046   0.046 ) T:82 (   0.042   0.067   0.081   0.081   0.081   0.081 )
822.056: I:2 (   0.033   0.062   0.062 ) T:84 (   0.042   0.067   0.081   0.081   0.081   0.081 )
822.069: I:0 (   0.000   0.000   0.000 ) T:84 (   0.042   0.067   0.081   0.081   0.081   0.081 )
