#[Interval percentile log between 0.000 and <Infinite> seconds (relative to StartTime)]
#[StartTime: 1524853029.362 (seconds since epoch), Fri Apr 27 20:17:09 CEST 2018]
Time: IntervalPercentiles:count ( 50% 90% Max ) TotalPercentiles:count ( 50% 90% 99% 99.9% 99.99% Max )
9.573: I:1 ( 434.175 434.175 434.175 ) T:1 ( 434.175 434.175 434.175 434.175 434.175 434.175 )
19.567: I:0 (   0.000   0.000   0.000 ) T:1 ( 434.175 434.175 434.175 434.175 434.175 434.175 )
29.567: I:0 (   0.000   0.000   0.000 ) T:1 ( 434.175 434.175 434.175 434.175 434.175 434.175 )
39.567: I:0 (   0.000   0.000   0.000 ) T:1 ( 434.175 434.175 434.175 434.175 434.175 434.175 )
49.566: I:0 (   0.000   0.000   0.000 ) T:1 ( 434.175 434.175 434.175 434.175 434.175 434.175 )
59.566: I:0 (   0.000   0.000   0.000 ) T:1 ( 434.175 434.175 434.175 434.175 434.175 434.175 )
69.566: I:0 (   0.000   0.000   0.000 ) T:1 ( 434.175 434.175 434.175 434.175 434.175 434.175 )
79.566: I:0 (   0.000   0.000   0.000 ) T:1 ( 434.175 434.175 434.175 434.175 434.175 434.175 )
89.566: I:0 (   0.000   0.000   0.000 ) T:1 ( 434.175 434.175 434.175 434.175 434.175 434.175 )
99.566: I:0 (   0.000   0.000   0.000 ) T:1 ( 434.175 434.175 434.175 434.175 434.175 434.175 )
109.566: I:0 (   0.000   0.000   0.000 ) T:1 ( 434.175 434.175 434.175 434.175 434.175 434.175 )
119.566: I:0 (   0.000   0.000   0.000 ) T:1 ( 434.175 434.175 434.175 434.175 434.175 434.175 )
129.566: I:0 (   0.000   0.000   0.000 ) T:1 ( 434.175 434.175 434.175 434.175 434.175 434.175 )
139.566: I:0 (   0.000   0.000   0.000 ) T:1 ( 434.175 434.175 434.175 434.175 434.175 434.175 )
149.566: I:0 (   0.000   0.000   0.000 ) T:1 ( 434.175 434.175 434.175 434.175 434.175 434.175 )
159.566: I:0 (   0.000   0.000   0.000 ) T:1 ( 434.175 434.175 434.175 434.175 434.175 434.175 )
169.566: I:0 (   0.000   0.000   0.000 ) T:1 ( 434.175 434.175 434.175 434.175 434.175 434.175 )
179.566: I:0 (   0.000   0.000   0.000 ) T:1 ( 434.175 434.175 434.175 434.175 434.175 434.175 )
189.566: I:0 (   0.000   0.000   0.000 ) T:1 ( 434.175 434.175 434.175 434.175 434.175 434.175 )
199.566: I:0 (   0.000   0.000   0.000 ) T:1 ( 434.175 434.175 434.175 434.175 434.175 434.175 )
209.566: I:0 (   0.000   0.000   0.000 ) T:1 ( 434.175 434.175 434.175 434.175 434.175 434.175 )
219.566: I:0 (   0.000   0.000   0.000 ) T:1 ( 434.175 434.175 434.175 434.175 434.175 434.175 )
229.565: I:0 (   0.000   0.000   0.000 ) T:1 ( 434.175 434.175 434.175 434.175 434.175 434.175 )
239.565: I:0 (   0.000   0.000   0.000 ) T:1 ( 434.175 434.175 434.175 434.175 434.175 434.175 )
249.566: I:0 (   0.000   0.000   0.000 ) T:1 ( 434.175 434.175 434.175 434.175 434.175 434.175 )
259.566: I:0 (   0.000   0.000   0.000 ) T:1 ( 434.175 434.175 434.175 434.175 434.175 434.175 )
269.566: I:0 (   0.000   0.000   0.000 ) T:1 ( 434.175 434.175 434.175 434.175 434.175 434.175 )
279.566: I:0 (   0.000   0.000   0.000 ) T:1 ( 434.175 434.175 434.175 434.175 434.175 434.175 )
289.565: I:0 (   0.000   0.000   0.000 ) T:1 ( 434.175 434.175 434.175 434.175 434.175 434.175 )
299.566: I:0 (   0.000   0.000   0.000 ) T:1 ( 434.175 434.175 434.175 434.175 434.175 434.175 )
309.566: I:0 (   0.000   0.000   0.000 ) T:1 ( 434.175 434.175 434.175 434.175 434.175 434.175 )
319.566: I:0 (   0.000   0.000   0.000 ) T:1 ( 434.175 434.175 434.175 434.175 434.175 434.175 )
329.566: I:0 (   0.000   0.000   0.000 ) T:1 ( 434.175 434.175 434.175 434.175 434.175 434.175 )
339.566: I:0 (   0.000   0.000   0.000 ) T:1 ( 434.175 434.175 434.175 434.175 434.175 434.175 )
349.566: I:0 (   0.000   0.000   0.000 ) T:1 ( 434.175 434.175 434.175 434.175 434.175 434.175 )
359.568: I:0 (   0.000   0.000   0.000 ) T:1 ( 434.175 434.175 434.175 434.175 434.175 434.175 )
369.566: I:0 (   0.000   0.000   0.000 ) T:1 ( 434.175 434.175 434.175 434.175 434.175 434.175 )
379.566: I:0 (   0.000   0.000   0.000 ) T:1 ( 434.175 434.175 434.175 434.175 434.175 434.175 )
389.566: I:0 (   0.000   0.000   0.000 ) T:1 ( 434.175 434.175 434.175 434.175 434.175 434.175 )
399.566: I:0 (   0.000   0.000   0.000 ) T:1 ( 434.175 434.175 434.175 434.175 434.175 434.175 )
409.566: I:0 (   0.000   0.000   0.000 ) T:1 ( 434.175 434.175 434.175 434.175 434.175 434.175 )
419.566: I:0 (   0.000   0.000   0.000 ) T:1 ( 434.175 434.175 434.175 434.175 434.175 434.175 )
429.566: I:0 (   0.000   0.000   0.000 ) T:1 ( 434.175 434.175 434.175 434.175 434.175 434.175 )
439.566: I:0 (   0.000   0.000   0.000 ) T:1 ( 434.175 434.175 434.175 434.175 434.175 434.175 )
449.566: I:0 (   0.000   0.000   0.000 ) T:1 ( 434.175 434.175 434.175 434.175 434.175 434.175 )
459.566: I:0 (   0.000   0.000   0.000 ) T:1 ( 434.175 434.175 434.175 434.175 434.175 434.175 )
469.566: I:0 (   0.000   0.000   0.000 ) T:1 ( 434.175 434.175 434.175 434.175 434.175 434.175 )
479.566: I:0 (   0.000   0.000   0.000 ) T:1 ( 434.175 434.175 434.175 434.175 434.175 434.175 )
489.566: I:0 (   0.000   0.000   0.000 ) T:1 ( 434.175 434.175 434.175 434.175 434.175 434.175 )
499.566: I:0 (   0.000   0.000   0.000 ) T:1 ( 434.175 434.175 434.175 434.175 434.175 434.175 )
509.566: I:0 (   0.000   0.000   0.000 ) T:1 ( 434.175 434.175 434.175 434.175 434.175 434.175 )
519.566: I:0 (   0.000   0.000   0.000 ) T:1 ( 434.175 434.175 434.175 434.175 434.175 434.175 )
529.566: I:0 (   0.000   0.000   0.000 ) T:1 ( 434.175 434.175 434.175 434.175 434.175 434.175 )
539.566: I:0 (   0.000   0.000   0.000 ) T:1 ( 434.175 434.175 434.175 434.175 434.175 434.175 )
549.566: I:0 (   0.000   0.000   0.000 ) T:1 ( 434.175 434.175 434.175 434.175 434.175 434.175 )
559.566: I:0 (   0.000   0.000   0.000 ) T:1 ( 434.175 434.175 434.175 434.175 434.175 434.175 )
569.566: I:0 (   0.000   0.000   0.000 ) T:1 ( 434.175 434.175 434.175 434.175 434.175 434.175 )
579.566: I:0 (   0.000   0.000   0.000 ) T:1 ( 434.175 434.175 434.175 434.175 434.175 434.175 )
589.566: I:0 (   0.000   0.000   0.000 ) T:1 ( 434.175 434.175 434.175 434.175 434.175 434.175 )
599.566: I:0 (   0.000   0.000   0.000 ) T:1 ( 434.175 434.175 434.175 434.175 434.175 434.175 )
609.566: I:0 (   0.000   0.000   0.000 ) T:1 ( 434.175 434.175 434.175 434.175 434.175 434.175 )
619.566: I:0 (   0.000   0.000   0.000 ) T:1 ( 434.175 434.175 434.175 434.175 434.175 434.175 )
629.566: I:0 (   0.000   0.000   0.000 ) T:1 ( 434.175 434.175 434.175 434.175 434.175 434.175 )
639.566: I:0 (   0.000   0.000   0.000 ) T:1 ( 434.175 434.175 434.175 434.175 434.175 434.175 )
649.566: I:0 (   0.000   0.000   0.000 ) T:1 ( 434.175 434.175 434.175 434.175 434.175 434.175 )
659.565: I:0 (   0.000   0.000   0.000 ) T:1 ( 434.175 434.175 434.175 434.175 434.175 434.175 )
669.566: I:0 (   0.000   0.000   0.000 ) T:1 ( 434.175 434.175 434.175 434.175 434.175 434.175 )
679.566: I:0 (   0.000   0.000   0.000 ) T:1 ( 434.175 434.175 434.175 434.175 434.175 434.175 )
689.566: I:0 (   0.000   0.000   0.000 ) T:1 ( 434.175 434.175 434.175 434.175 434.175 434.175 )
699.566: I:0 (   0.000   0.000   0.000 ) T:1 ( 434.175 434.175 434.175 434.175 434.175 434.175 )
709.566: I:0 (   0.000   0.000   0.000 ) T:1 ( 434.175 434.175 434.175 434.175 434.175 434.175 )
719.566: I:0 (   0.000   0.000   0.000 ) T:1 ( 434.175 434.175 434.175 434.175 434.175 434.175 )
729.566: I:0 (   0.000   0.000   0.000 ) T:1 ( 434.175 434.175 434.175 434.175 434.175 434.175 )
739.566: I:0 (   0.000   0.000   0.000 ) T:1 ( 434.175 434.175 434.175 434.175 434.175 434.175 )
749.566: I:0 (   0.000   0.000   0.000 ) T:1 ( 434.175 434.175 434.175 434.175 434.175 434.175 )
759.566: I:0 (   0.000   0.000   0.000 ) T:1 ( 434.175 434.175 434.175 434.175 434.175 434.175 )
769.566: I:0 (   0.000   0.000   0.000 ) T:1 ( 434.175 434.175 434.175 434.175 434.175 434.175 )
779.566: I:0 (   0.000   0.000   0.000 ) T:1 ( 434.175 434.175 434.175 434.175 434.175 434.175 )
789.565: I:0 (   0.000   0.000   0.000 ) T:1 ( 434.175 434.175 434.175 434.175 434.175 434.175 )
799.566: I:0 (   0.000   0.000   0.000 ) T:1 ( 434.175 434.175 434.175 434.175 434.175 434.175 )
809.565: I:0 (   0.000   0.000   0.000 ) T:1 ( 434.175 434.175 434.175 434.175 434.175 434.175 )
819.565: I:0 (   0.000   0.000   0.000 ) T:1 ( 434.175 434.175 434.175 434.175 434.175 434.175 )
829.566: I:0 (   0.000   0.000   0.000 ) T:1 ( 434.175 434.175 434.175 434.175 434.175 434.175 )
839.566: I:0 (   0.000   0.000   0.000 ) T:1 ( 434.175 434.175 434.175 434.175 434.175 434.175 )
849.566: I:0 (   0.000   0.000   0.000 ) T:1 ( 434.175 434.175 434.175 434.175 434.175 434.175 )
859.566: I:0 (   0.000   0.000   0.000 ) T:1 ( 434.175 434.175 434.175 434.175 434.175 434.175 )
869.566: I:0 (   0.000   0.000   0.000 ) T:1 ( 434.175 434.175 434.175 434.175 434.175 434.175 )
879.566: I:0 (   0.000   0.000   0.000 ) T:1 ( 434.175 434.175 434.175 434.175 434.175 434.175 )
889.565: I:0 (   0.000   0.000   0.000 ) T:1 ( 434.175 434.175 434.175 434.175 434.175 434.175 )
899.566: I:0 (   0.000   0.000   0.000 ) T:1 ( 434.175 434.175 434.175 434.175 434.175 434.175 )
909.566: I:0 (   0.000   0.000   0.000 ) T:1 ( 434.175 434.175 434.175 434.175 434.175 434.175 )
919.566: I:0 (   0.000   0.000   0.000 ) T:1 ( 434.175 434.175 434.175 434.175 434.175 434.175 )
929.566: I:0 (   0.000   0.000   0.000 ) T:1 ( 434.175 434.175 434.175 434.175 434.175 434.175 )
939.566: I:0 (   0.000   0.000   0.000 ) T:1 ( 434.175 434.175 434.175 434.175 434.175 434.175 )
949.566: I:0 (   0.000   0.000   0.000 ) T:1 ( 434.175 434.175 434.175 434.175 434.175 434.175 )
959.566: I:0 (   0.000   0.000   0.000 ) T:1 ( 434.175 434.175 434.175 434.175 434.175 434.175 )
969.566: I:0 (   0.000   0.000   0.000 ) T:1 ( 434.175 434.175 434.175 434.175 434.175 434.175 )
979.566: I:0 (   0.000   0.000   0.000 ) T:1 ( 434.175 434.175 434.175 434.175 434.175 434.175 )
989.566: I:0 (   0.000   0.000   0.000 ) T:1 ( 434.175 434.175 434.175 434.175 434.175 434.175 )
999.566: I:0 (   0.000   0.000   0.000 ) T:1 ( 434.175 434.175 434.175 434.175 434.175 434.175 )
1009.566: I:0 (   0.000   0.000   0.000 ) T:1 ( 434.175 434.175 434.175 434.175 434.175 434.175 )
1019.566: I:0 (   0.000   0.000   0.000 ) T:1 ( 434.175 434.175 434.175 434.175 434.175 434.175 )
1029.566: I:0 (   0.000   0.000   0.000 ) T:1 ( 434.175 434.175 434.175 434.175 434.175 434.175 )
1039.566: I:0 (   0.000   0.000   0.000 ) T:1 ( 434.175 434.175 434.175 434.175 434.175 434.175 )
1049.566: I:0 (   0.000   0.000   0.000 ) T:1 ( 434.175 434.175 434.175 434.175 434.175 434.175 )
1059.566: I:0 (   0.000   0.000   0.000 ) T:1 ( 434.175 434.175 434.175 434.175 434.175 434.175 )
1069.566: I:0 (   0.000   0.000   0.000 ) T:1 ( 434.175 434.175 434.175 434.175 434.175 434.175 )
1079.566: I:0 (   0.000   0.000   0.000 ) T:1 ( 434.175 434.175 434.175 434.175 434.175 434.175 )
1089.566: I:0 (   0.000   0.000   0.000 ) T:1 ( 434.175 434.175 434.175 434.175 434.175 434.175 )
1099.566: I:0 (   0.000   0.000   0.000 ) T:1 ( 434.175 434.175 434.175 434.175 434.175 434.175 )
1109.566: I:0 (   0.000   0.000   0.000 ) T:1 ( 434.175 434.175 434.175 434.175 434.175 434.175 )
1119.566: I:0 (   0.000   0.000   0.000 ) T:1 ( 434.175 434.175 434.175 434.175 434.175 434.175 )
1129.566: I:0 (   0.000   0.000   0.000 ) T:1 ( 434.175 434.175 434.175 434.175 434.175 434.175 )
1139.566: I:0 (   0.000   0.000   0.000 ) T:1 ( 434.175 434.175 434.175 434.175 434.175 434.175 )
1149.566: I:0 (   0.000   0.000   0.000 ) T:1 ( 434.175 434.175 434.175 434.175 434.175 434.175 )
1159.566: I:0 (   0.000   0.000   0.000 ) T:1 ( 434.175 434.175 434.175 434.175 434.175 434.175 )
1169.566: I:0 (   0.000   0.000   0.000 ) T:1 ( 434.175 434.175 434.175 434.175 434.175 434.175 )
1179.566: I:0 (   0.000   0.000   0.000 ) T:1 ( 434.175 434.175 434.175 434.175 434.175 434.175 )
1189.566: I:0 (   0.000   0.000   0.000 ) T:1 ( 434.175 434.175 434.175 434.175 434.175 434.175 )
1199.565: I:0 (   0.000   0.000   0.000 ) T:1 ( 434.175 434.175 434.175 434.175 434.175 434.175 )
1209.566: I:0 (   0.000   0.000   0.000 ) T:1 ( 434.175 434.175 434.175 434.175 434.175 434.175 )
1219.566: I:0 (   0.000   0.000   0.000 ) T:1 ( 434.175 434.175 434.175 434.175 434.175 434.175 )
1229.565: I:0 (   0.000   0.000   0.000 ) T:1 ( 434.175 434.175 434.175 434.175 434.175 434.175 )
1239.566: I:0 (   0.000   0.000   0.000 ) T:1 ( 434.175 434.175 434.175 434.175 434.175 434.175 )
1249.566: I:0 (   0.000   0.000   0.000 ) T:1 ( 434.175 434.175 434.175 434.175 434.175 434.175 )
1259.566: I:0 (   0.000   0.000   0.000 ) T:1 ( 434.175 434.175 434.175 434.175 434.175 434.175 )
1269.566: I:0 (   0.000   0.000   0.000 ) T:1 ( 434.175 434.175 434.175 434.175 434.175 434.175 )
1279.566: I:0 (   0.000   0.000   0.000 ) T:1 ( 434.175 434.175 434.175 434.175 434.175 434.175 )
1289.566: I:0 (   0.000   0.000   0.000 ) T:1 ( 434.175 434.175 434.175 434.175 434.175 434.175 )
1299.566: I:0 (   0.000   0.000   0.000 ) T:1 ( 434.175 434.175 434.175 434.175 434.175 434.175 )
1309.566: I:0 (   0.000   0.000   0.000 ) T:1 ( 434.175 434.175 434.175 434.175 434.175 434.175 )
1319.566: I:0 (   0.000   0.000   0.000 ) T:1 ( 434.175 434.175 434.175 434.175 434.175 434.175 )
1329.566: I:0 (   0.000   0.000   0.000 ) T:1 ( 434.175 434.175 434.175 434.175 434.175 434.175 )
1339.566: I:0 (   0.000   0.000   0.000 ) T:1 ( 434.175 434.175 434.175 434.175 434.175 434.175 )
1349.566: I:0 (   0.000   0.000   0.000 ) T:1 ( 434.175 434.175 434.175 434.175 434.175 434.175 )
1359.568: I:0 (   0.000   0.000   0.000 ) T:1 ( 434.175 434.175 434.175 434.175 434.175 434.175 )
1369.566: I:0 (   0.000   0.000   0.000 ) T:1 ( 434.175 434.175 434.175 434.175 434.175 434.175 )
1379.565: I:0 (   0.000   0.000   0.000 ) T:1 ( 434.175 434.175 434.175 434.175 434.175 434.175 )
1389.566: I:0 (   0.000   0.000   0.000 ) T:1 ( 434.175 434.175 434.175 434.175 434.175 434.175 )
1399.565: I:0 (   0.000   0.000   0.000 ) T:1 ( 434.175 434.175 434.175 434.175 434.175 434.175 )
1409.565: I:0 (   0.000   0.000   0.000 ) T:1 ( 434.175 434.175 434.175 434.175 434.175 434.175 )
1419.566: I:0 (   0.000   0.000   0.000 ) T:1 ( 434.175 434.175 434.175 434.175 434.175 434.175 )
1429.566: I:0 (   0.000   0.000   0.000 ) T:1 ( 434.175 434.175 434.175 434.175 434.175 434.175 )
1439.566: I:0 (   0.000   0.000   0.000 ) T:1 ( 434.175 434.175 434.175 434.175 434.175 434.175 )
1449.566: I:0 (   0.000   0.000   0.000 ) T:1 ( 434.175 434.175 434.175 434.175 434.175 434.175 )
1459.566: I:0 (   0.000   0.000   0.000 ) T:1 ( 434.175 434.175 434.175 434.175 434.175 434.175 )
1469.565: I:0 (   0.000   0.000   0.000 ) T:1 ( 434.175 434.175 434.175 434.175 434.175 434.175 )
1479.565: I:0 (   0.000   0.000   0.000 ) T:1 ( 434.175 434.175 434.175 434.175 434.175 434.175 )
1489.565: I:0 (   0.000   0.000   0.000 ) T:1 ( 434.175 434.175 434.175 434.175 434.175 434.175 )
1499.565: I:0 (   0.000   0.000   0.000 ) T:1 ( 434.175 434.175 434.175 434.175 434.175 434.175 )
1509.566: I:0 (   0.000   0.000   0.000 ) T:1 ( 434.175 434.175 434.175 434.175 434.175 434.175 )
1519.566: I:0 (   0.000   0.000   0.000 ) T:1 ( 434.175 434.175 434.175 434.175 434.175 434.175 )
1529.566: I:0 (   0.000   0.000   0.000 ) T:1 ( 434.175 434.175 434.175 434.175 434.175 434.175 )
1539.568: I:0 (   0.000   0.000   0.000 ) T:1 ( 434.175 434.175 434.175 434.175 434.175 434.175 )
1549.566: I:0 (   0.000   0.000   0.000 ) T:1 ( 434.175 434.175 434.175 434.175 434.175 434.175 )
1559.565: I:0 (   0.000   0.000   0.000 ) T:1 ( 434.175 434.175 434.175 434.175 434.175 434.175 )
1569.566: I:0 (   0.000   0.000   0.000 ) T:1 ( 434.175 434.175 434.175 434.175 434.175 434.175 )
1579.565: I:0 (   0.000   0.000   0.000 ) T:1 ( 434.175 434.175 434.175 434.175 434.175 434.175 )
1589.566: I:0 (   0.000   0.000   0.000 ) T:1 ( 434.175 434.175 434.175 434.175 434.175 434.175 )
1599.565: I:0 (   0.000   0.000   0.000 ) T:1 ( 434.175 434.175 434.175 434.175 434.175 434.175 )
1609.566: I:0 (   0.000   0.000   0.000 ) T:1 ( 434.175 434.175 434.175 434.175 434.175 434.175 )
1619.566: I:0 (   0.000   0.000   0.000 ) T:1 ( 434.175 434.175 434.175 434.175 434.175 434.175 )
1629.565: I:0 (   0.000   0.000   0.000 ) T:1 ( 434.175 434.175 434.175 434.175 434.175 434.175 )
1639.565: I:0 (   0.000   0.000   0.000 ) T:1 ( 434.175 434.175 434.175 434.175 434.175 434.175 )
1649.565: I:0 (   0.000   0.000   0.000 ) T:1 ( 434.175 434.175 434.175 434.175 434.175 434.175 )
1659.566: I:0 (   0.000   0.000   0.000 ) T:1 ( 434.175 434.175 434.175 434.175 434.175 434.175 )
1669.566: I:0 (   0.000   0.000   0.000 ) T:1 ( 434.175 434.175 434.175 434.175 434.175 434.175 )
1679.566: I:0 (   0.000   0.000   0.000 ) T:1 ( 434.175 434.175 434.175 434.175 434.175 434.175 )
1689.566: I:0 (   0.000   0.000   0.000 ) T:1 ( 434.175 434.175 434.175 434.175 434.175 434.175 )
1699.565: I:0 (   0.000   0.000   0.000 ) T:1 ( 434.175 434.175 434.175 434.175 434.175 434.175 )
1709.566: I:0 (   0.000   0.000   0.000 ) T:1 ( 434.175 434.175 434.175 434.175 434.175 434.175 )
1719.566: I:0 (   0.000   0.000   0.000 ) T:1 ( 434.175 434.175 434.175 434.175 434.175 434.175 )
1729.565: I:0 (   0.000   0.000   0.000 ) T:1 ( 434.175 434.175 434.175 434.175 434.175 434.175 )
1739.566: I:0 (   0.000   0.000   0.000 ) T:1 ( 434.175 434.175 434.175 434.175 434.175 434.175 )
1749.566: I:0 (   0.000   0.000   0.000 ) T:1 ( 434.175 434.175 434.175 434.175 434.175 434.175 )
1759.566: I:0 (   0.000   0.000   0.000 ) T:1 ( 434.175 434.175 434.175 434.175 434.175 434.175 )
1769.566: I:0 (   0.000   0.000   0.000 ) T:1 ( 434.175 434.175 434.175 434.175 434.175 434.175 )
1779.565: I:0 (   0.000   0.000   0.000 ) T:1 ( 434.175 434.175 434.175 434.175 434.175 434.175 )
1789.565: I:0 (   0.000   0.000   0.000 ) T:1 ( 434.175 434.175 434.175 434.175 434.175 434.175 )
1799.566: I:0 (   0.000   0.000   0.000 ) T:1 ( 434.175 434.175 434.175 434.175 434.175 434.175 )
1809.565: I:0 (   0.000   0.000   0.000 ) T:1 ( 434.175 434.175 434.175 434.175 434.175 434.175 )
1819.566: I:0 (   0.000   0.000   0.000 ) T:1 ( 434.175 434.175 434.175 434.175 434.175 434.175 )
1829.565: I:0 (   0.000   0.000   0.000 ) T:1 ( 434.175 434.175 434.175 434.175 434.175 434.175 )
1839.566: I:0 (   0.000   0.000   0.000 ) T:1 ( 434.175 434.175 434.175 434.175 434.175 434.175 )
1849.566: I:0 (   0.000   0.000   0.000 ) T:1 ( 434.175 434.175 434.175 434.175 434.175 434.175 )
1859.566: I:0 (   0.000   0.000   0.000 ) T:1 ( 434.175 434.175 434.175 434.175 434.175 434.175 )
1869.566: I:0 (   0.000   0.000   0.000 ) T:1 ( 434.175 434.175 434.175 434.175 434.175 434.175 )
1879.566: I:0 (   0.000   0.000   0.000 ) T:1 ( 434.175 434.175 434.175 434.175 434.175 434.175 )
1889.566: I:0 (   0.000   0.000   0.000 ) T:1 ( 434.175 434.175 434.175 434.175 434.175 434.175 )
1899.566: I:0 (   0.000   0.000   0.000 ) T:1 ( 434.175 434.175 434.175 434.175 434.175 434.175 )
1909.565: I:0 (   0.000   0.000   0.000 ) T:1 ( 434.175 434.175 434.175 434.175 434.175 434.175 )
1919.566: I:0 (   0.000   0.000   0.000 ) T:1 ( 434.175 434.175 434.175 434.175 434.175 434.175 )
1929.565: I:0 (   0.000   0.000   0.000 ) T:1 ( 434.175 434.175 434.175 434.175 434.175 434.175 )
1939.566: I:0 (   0.000   0.000   0.000 ) T:1 ( 434.175 434.175 434.175 434.175 434.175 434.175 )
1949.566: I:0 (   0.000   0.000   0.000 ) T:1 ( 434.175 434.175 434.175 434.175 434.175 434.175 )
1959.565: I:0 (   0.000   0.000   0.000 ) T:1 ( 434.175 434.175 434.175 434.175 434.175 434.175 )
1969.565: I:0 (   0.000   0.000   0.000 ) T:1 ( 434.175 434.175 434.175 434.175 434.175 434.175 )
1979.565: I:0 (   0.000   0.000   0.000 ) T:1 ( 434.175 434.175 434.175 434.175 434.175 434.175 )
1989.566: I:0 (   0.000   0.000   0.000 ) T:1 ( 434.175 434.175 434.175 434.175 434.175 434.175 )
1999.565: I:0 (   0.000   0.000   0.000 ) T:1 ( 434.175 434.175 434.175 434.175 434.175 434.175 )
2009.565: I:0 (   0.000   0.000   0.000 ) T:1 ( 434.175 434.175 434.175 434.175 434.175 434.175 )
2019.565: I:0 (   0.000   0.000   0.000 ) T:1 ( 434.175 434.175 434.175 434.175 434.175 434.175 )
2029.566: I:0 (   0.000   0.000   0.000 ) T:1 ( 434.175 434.175 434.175 434.175 434.175 434.175 )
2039.566: I:0 (   0.000   0.000   0.000 ) T:1 ( 434.175 434.175 434.175 434.175 434.175 434.175 )
2049.566: I:0 (   0.000   0.000   0.000 ) T:1 ( 434.175 434.175 434.175 434.175 434.175 434.175 )
2059.566: I:0 (   0.000   0.000   0.000 ) T:1 ( 434.175 434.175 434.175 434.175 434.175 434.175 )
2069.565: I:0 (   0.000   0.000   0.000 ) T:1 ( 434.175 434.175 434.175 434.175 434.175 434.175 )
2079.565: I:0 (   0.000   0.000   0.000 ) T:1 ( 434.175 434.175 434.175 434.175 434.175 434.175 )
2089.565: I:0 (   0.000   0.000   0.000 ) T:1 ( 434.175 434.175 434.175 434.175 434.175 434.175 )
2099.566: I:0 (   0.000   0.000   0.000 ) T:1 ( 434.175 434.175 434.175 434.175 434.175 434.175 )
2109.565: I:0 (   0.000   0.000   0.000 ) T:1 ( 434.175 434.175 434.175 434.175 434.175 434.175 )
2119.565: I:0 (   0.000   0.000   0.000 ) T:1 ( 434.175 434.175 434.175 434.175 434.175 434.175 )
2129.566: I:0 (   0.000   0.000   0.000 ) T:1 ( 434.175 434.175 434.175 434.175 434.175 434.175 )
2139.566: I:0 (   0.000   0.000   0.000 ) T:1 ( 434.175 434.175 434.175 434.175 434.175 434.175 )
2149.565: I:0 (   0.000   0.000   0.000 ) T:1 ( 434.175 434.175 434.175 434.175 434.175 434.175 )
2159.566: I:0 (   0.000   0.000   0.000 ) T:1 ( 434.175 434.175 434.175 434.175 434.175 434.175 )
2169.566: I:0 (   0.000   0.000   0.000 ) T:1 ( 434.175 434.175 434.175 434.175 434.175 434.175 )
2179.565: I:0 (   0.000   0.000   0.000 ) T:1 ( 434.175 434.175 434.175 434.175 434.175 434.175 )
2189.566: I:0 (   0.000   0.000   0.000 ) T:1 ( 434.175 434.175 434.175 434.175 434.175 434.175 )
2199.566: I:0 (   0.000   0.000   0.000 ) T:1 ( 434.175 434.175 434.175 434.175 434.175 434.175 )
2209.565: I:0 (   0.000   0.000   0.000 ) T:1 ( 434.175 434.175 434.175 434.175 434.175 434.175 )
2219.566: I:0 (   0.000   0.000   0.000 ) T:1 ( 434.175 434.175 434.175 434.175 434.175 434.175 )
2229.566: I:0 (   0.000   0.000   0.000 ) T:1 ( 434.175 434.175 434.175 434.175 434.175 434.175 )
2239.566: I:0 (   0.000   0.000   0.000 ) T:1 ( 434.175 434.175 434.175 434.175 434.175 434.175 )
2249.566: I:0 (   0.000   0.000   0.000 ) T:1 ( 434.175 434.175 434.175 434.175 434.175 434.175 )
2259.566: I:0 (   0.000   0.000   0.000 ) T:1 ( 434.175 434.175 434.175 434.175 434.175 434.175 )
2269.566: I:0 (   0.000   0.000   0.000 ) T:1 ( 434.175 434.175 434.175 434.175 434.175 434.175 )
2279.566: I:0 (   0.000   0.000   0.000 ) T:1 ( 434.175 434.175 434.175 434.175 434.175 434.175 )
2289.565: I:0 (   0.000   0.000   0.000 ) T:1 ( 434.175 434.175 434.175 434.175 434.175 434.175 )
2299.565: I:0 (   0.000   0.000   0.000 ) T:1 ( 434.175 434.175 434.175 434.175 434.175 434.175 )
2309.566: I:0 (   0.000   0.000   0.000 ) T:1 ( 434.175 434.175 434.175 434.175 434.175 434.175 )
2319.566: I:0 (   0.000   0.000   0.000 ) T:1 ( 434.175 434.175 434.175 434.175 434.175 434.175 )
2329.566: I:0 (   0.000   0.000   0.000 ) T:1 ( 434.175 434.175 434.175 434.175 434.175 434.175 )
2339.565: I:0 (   0.000   0.000   0.000 ) T:1 ( 434.175 434.175 434.175 434.175 434.175 434.175 )
2349.565: I:0 (   0.000   0.000   0.000 ) T:1 ( 434.175 434.175 434.175 434.175 434.175 434.175 )
2359.565: I:0 (   0.000   0.000   0.000 ) T:1 ( 434.175 434.175 434.175 434.175 434.175 434.175 )
2369.566: I:0 (   0.000   0.000   0.000 ) T:1 ( 434.175 434.175 434.175 434.175 434.175 434.175 )
2379.566: I:0 (   0.000   0.000   0.000 ) T:1 ( 434.175 434.175 434.175 434.175 434.175 434.175 )
2389.566: I:0 (   0.000   0.000   0.000 ) T:1 ( 434.175 434.175 434.175 434.175 434.175 434.175 )
2399.566: I:0 (   0.000   0.000   0.000 ) T:1 ( 434.175 434.175 434.175 434.175 434.175 434.175 )
2409.566: I:0 (   0.000   0.000   0.000 ) T:1 ( 434.175 434.175 434.175 434.175 434.175 434.175 )
2419.565: I:0 (   0.000   0.000   0.000 ) T:1 ( 434.175 434.175 434.175 434.175 434.175 434.175 )
2429.566: I:0 (   0.000   0.000   0.000 ) T:1 ( 434.175 434.175 434.175 434.175 434.175 434.175 )
2439.566: I:0 (   0.000   0.000   0.000 ) T:1 ( 434.175 434.175 434.175 434.175 434.175 434.175 )
2449.566: I:0 (   0.000   0.000   0.000 ) T:1 ( 434.175 434.175 434.175 434.175 434.175 434.175 )
2459.566: I:0 (   0.000   0.000   0.000 ) T:1 ( 434.175 434.175 434.175 434.175 434.175 434.175 )
2469.566: I:0 (   0.000   0.000   0.000 ) T:1 ( 434.175 434.175 434.175 434.175 434.175 434.175 )
2479.566: I:0 (   0.000   0.000   0.000 ) T:1 ( 434.175 434.175 434.175 434.175 434.175 434.175 )
2489.566: I:0 (   0.000   0.000   0.000 ) T:1 ( 434.175 434.175 434.175 434.175 434.175 434.175 )
2499.566: I:0 (   0.000   0.000   0.000 ) T:1 ( 434.175 434.175 434.175 434.175 434.175 434.175 )
2509.565: I:0 (   0.000   0.000   0.000 ) T:1 ( 434.175 434.175 434.175 434.175 434.175 434.175 )
2519.566: I:0 (   0.000   0.000   0.000 ) T:1 ( 434.175 434.175 434.175 434.175 434.175 434.175 )
2529.566: I:0 (   0.000   0.000   0.000 ) T:1 ( 434.175 434.175 434.175 434.175 434.175 434.175 )
2539.566: I:0 (   0.000   0.000   0.000 ) T:1 ( 434.175 434.175 434.175 434.175 434.175 434.175 )
2549.565: I:0 (   0.000   0.000   0.000 ) T:1 ( 434.175 434.175 434.175 434.175 434.175 434.175 )
2559.566: I:0 (   0.000   0.000   0.000 ) T:1 ( 434.175 434.175 434.175 434.175 434.175 434.175 )
2569.566: I:0 (   0.000   0.000   0.000 ) T:1 ( 434.175 434.175 434.175 434.175 434.175 434.175 )
2579.566: I:0 (   0.000   0.000   0.000 ) T:1 ( 434.175 434.175 434.175 434.175 434.175 434.175 )
2589.565: I:0 (   0.000   0.000   0.000 ) T:1 ( 434.175 434.175 434.175 434.175 434.175 434.175 )
2599.566: I:0 (   0.000   0.000   0.000 ) T:1 ( 434.175 434.175 434.175 434.175 434.175 434.175 )
2609.566: I:0 (   0.000   0.000   0.000 ) T:1 ( 434.175 434.175 434.175 434.175 434.175 434.175 )
2619.566: I:0 (   0.000   0.000   0.000 ) T:1 ( 434.175 434.175 434.175 434.175 434.175 434.175 )
2629.566: I:0 (   0.000   0.000   0.000 ) T:1 ( 434.175 434.175 434.175 434.175 434.175 434.175 )
2639.566: I:0 (   0.000   0.000   0.000 ) T:1 ( 434.175 434.175 434.175 434.175 434.175 434.175 )
2649.566: I:0 (   0.000   0.000   0.000 ) T:1 ( 434.175 434.175 434.175 434.175 434.175 434.175 )
2659.566: I:0 (   0.000   0.000   0.000 ) T:1 ( 434.175 434.175 434.175 434.175 434.175 434.175 )
2669.566: I:0 (   0.000   0.000   0.000 ) T:1 ( 434.175 434.175 434.175 434.175 434.175 434.175 )
2679.566: I:0 (   0.000   0.000   0.000 ) T:1 ( 434.175 434.175 434.175 434.175 434.175 434.175 )
2689.565: I:0 (   0.000   0.000   0.000 ) T:1 ( 434.175 434.175 434.175 434.175 434.175 434.175 )
2699.566: I:0 (   0.000   0.000   0.000 ) T:1 ( 434.175 434.175 434.175 434.175 434.175 434.175 )
2709.566: I:0 (   0.000   0.000   0.000 ) T:1 ( 434.175 434.175 434.175 434.175 434.175 434.175 )
2719.566: I:0 (   0.000   0.000   0.000 ) T:1 ( 434.175 434.175 434.175 434.175 434.175 434.175 )
2729.566: I:0 (   0.000   0.000   0.000 ) T:1 ( 434.175 434.175 434.175 434.175 434.175 434.175 )
2739.565: I:0 (   0.000   0.000   0.000 ) T:1 ( 434.175 434.175 434.175 434.175 434.175 434.175 )
2749.565: I:0 (   0.000   0.000   0.000 ) T:1 ( 434.175 434.175 434.175 434.175 434.175 434.175 )
2759.566: I:0 (   0.000   0.000   0.000 ) T:1 ( 434.175 434.175 434.175 434.175 434.175 434.175 )
2769.566: I:0 (   0.000   0.000   0.000 ) T:1 ( 434.175 434.175 434.175 434.175 434.175 434.175 )
2779.566: I:0 (   0.000   0.000   0.000 ) T:1 ( 434.175 434.175 434.175 434.175 434.175 434.175 )
2789.566: I:0 (   0.000   0.000   0.000 ) T:1 ( 434.175 434.175 434.175 434.175 434.175 434.175 )
2799.566: I:0 (   0.000   0.000   0.000 ) T:1 ( 434.175 434.175 434.175 434.175 434.175 434.175 )
2809.566: I:0 (   0.000   0.000   0.000 ) T:1 ( 434.175 434.175 434.175 434.175 434.175 434.175 )
2819.566: I:0 (   0.000   0.000   0.000 ) T:1 ( 434.175 434.175 434.175 434.175 434.175 434.175 )
2829.566: I:0 (   0.000   0.000   0.000 ) T:1 ( 434.175 434.175 434.175 434.175 434.175 434.175 )
2839.566: I:0 (   0.000   0.000   0.000 ) T:1 ( 434.175 434.175 434.175 434.175 434.175 434.175 )
2849.566: I:0 (   0.000   0.000   0.000 ) T:1 ( 434.175 434.175 434.175 434.175 434.175 434.175 )
2859.566: I:0 (   0.000   0.000   0.000 ) T:1 ( 434.175 434.175 434.175 434.175 434.175 434.175 )
2869.566: I:0 (   0.000   0.000   0.000 ) T:1 ( 434.175 434.175 434.175 434.175 434.175 434.175 )
2879.566: I:0 (   0.000   0.000   0.000 ) T:1 ( 434.175 434.175 434.175 434.175 434.175 434.175 )
2889.566: I:0 (   0.000   0.000   0.000 ) T:1 ( 434.175 434.175 434.175 434.175 434.175 434.175 )
2899.565: I:0 (   0.000   0.000   0.000 ) T:1 ( 434.175 434.175 434.175 434.175 434.175 434.175 )
2909.566: I:0 (   0.000   0.000   0.000 ) T:1 ( 434.175 434.175 434.175 434.175 434.175 434.175 )
2919.565: I:0 (   0.000   0.000   0.000 ) T:1 ( 434.175 434.175 434.175 434.175 434.175 434.175 )
2929.565: I:0 (   0.000   0.000   0.000 ) T:1 ( 434.175 434.175 434.175 434.175 434.175 434.175 )
2939.565: I:0 (   0.000   0.000   0.000 ) T:1 ( 434.175 434.175 434.175 434.175 434.175 434.175 )
2949.566: I:0 (   0.000   0.000   0.000 ) T:1 ( 434.175 434.175 434.175 434.175 434.175 434.175 )
2959.565: I:0 (   0.000   0.000   0.000 ) T:1 ( 434.175 434.175 434.175 434.175 434.175 434.175 )
2969.566: I:0 (   0.000   0.000   0.000 ) T:1 ( 434.175 434.175 434.175 434.175 434.175 434.175 )
2979.566: I:0 (   0.000   0.000   0.000 ) T:1 ( 434.175 434.175 434.175 434.175 434.175 434.175 )
2989.565: I:0 (   0.000   0.000   0.000 ) T:1 ( 434.175 434.175 434.175 434.175 434.175 434.175 )
2999.565: I:0 (   0.000   0.000   0.000 ) T:1 ( 434.175 434.175 434.175 434.175 434.175 434.175 )
3009.566: I:0 (   0.000   0.000   0.000 ) T:1 ( 434.175 434.175 434.175 434.175 434.175 434.175 )
3019.566: I:0 (   0.000   0.000   0.000 ) T:1 ( 434.175 434.175 434.175 434.175 434.175 434.175 )
3029.566: I:0 (   0.000   0.000   0.000 ) T:1 ( 434.175 434.175 434.175 434.175 434.175 434.175 )
3039.566: I:0 (   0.000   0.000   0.000 ) T:1 ( 434.175 434.175 434.175 434.175 434.175 434.175 )
3049.566: I:0 (   0.000   0.000   0.000 ) T:1 ( 434.175 434.175 434.175 434.175 434.175 434.175 )
3059.566: I:0 (   0.000   0.000   0.000 ) T:1 ( 434.175 434.175 434.175 434.175 434.175 434.175 )
3069.565: I:0 (   0.000   0.000   0.000 ) T:1 ( 434.175 434.175 434.175 434.175 434.175 434.175 )
3079.566: I:0 (   0.000   0.000   0.000 ) T:1 ( 434.175 434.175 434.175 434.175 434.175 434.175 )
3089.566: I:0 (   0.000   0.000   0.000 ) T:1 ( 434.175 434.175 434.175 434.175 434.175 434.175 )
3099.565: I:0 (   0.000   0.000   0.000 ) T:1 ( 434.175 434.175 434.175 434.175 434.175 434.175 )
3109.565: I:0 (   0.000   0.000   0.000 ) T:1 ( 434.175 434.175 434.175 434.175 434.175 434.175 )
3119.565: I:0 (   0.000   0.000   0.000 ) T:1 ( 434.175 434.175 434.175 434.175 434.175 434.175 )
3129.566: I:0 (   0.000   0.000   0.000 ) T:1 ( 434.175 434.175 434.175 434.175 434.175 434.175 )
3139.566: I:0 (   0.000   0.000   0.000 ) T:1 ( 434.175 434.175 434.175 434.175 434.175 434.175 )
3149.566: I:0 (   0.000   0.000   0.000 ) T:1 ( 434.175 434.175 434.175 434.175 434.175 434.175 )
3159.566: I:0 (   0.000   0.000   0.000 ) T:1 ( 434.175 434.175 434.175 434.175 434.175 434.175 )
3169.566: I:0 (   0.000   0.000   0.000 ) T:1 ( 434.175 434.175 434.175 434.175 434.175 434.175 )
3179.566: I:0 (   0.000   0.000   0.000 ) T:1 ( 434.175 434.175 434.175 434.175 434.175 434.175 )
3189.566: I:0 (   0.000   0.000   0.000 ) T:1 ( 434.175 434.175 434.175 434.175 434.175 434.175 )
3199.565: I:0 (   0.000   0.000   0.000 ) T:1 ( 434.175 434.175 434.175 434.175 434.175 434.175 )
3209.568: I:0 (   0.000   0.000   0.000 ) T:1 ( 434.175 434.175 434.175 434.175 434.175 434.175 )
3219.565: I:0 (   0.000   0.000   0.000 ) T:1 ( 434.175 434.175 434.175 434.175 434.175 434.175 )
3229.565: I:0 (   0.000   0.000   0.000 ) T:1 ( 434.175 434.175 434.175 434.175 434.175 434.175 )
3239.565: I:0 (   0.000   0.000   0.000 ) T:1 ( 434.175 434.175 434.175 434.175 434.175 434.175 )
3249.565: I:0 (   0.000   0.000   0.000 ) T:1 ( 434.175 434.175 434.175 434.175 434.175 434.175 )
3259.566: I:0 (   0.000   0.000   0.000 ) T:1 ( 434.175 434.175 434.175 434.175 434.175 434.175 )
3269.566: I:0 (   0.000   0.000   0.000 ) T:1 ( 434.175 434.175 434.175 434.175 434.175 434.175 )
3279.566: I:0 (   0.000   0.000   0.000 ) T:1 ( 434.175 434.175 434.175 434.175 434.175 434.175 )
3289.565: I:0 (   0.000   0.000   0.000 ) T:1 ( 434.175 434.175 434.175 434.175 434.175 434.175 )
3299.566: I:0 (   0.000   0.000   0.000 ) T:1 ( 434.175 434.175 434.175 434.175 434.175 434.175 )
3309.566: I:0 (   0.000   0.000   0.000 ) T:1 ( 434.175 434.175 434.175 434.175 434.175 434.175 )
3319.565: I:0 (   0.000   0.000   0.000 ) T:1 ( 434.175 434.175 434.175 434.175 434.175 434.175 )
3329.565: I:0 (   0.000   0.000   0.000 ) T:1 ( 434.175 434.175 434.175 434.175 434.175 434.175 )
3339.566: I:0 (   0.000   0.000   0.000 ) T:1 ( 434.175 434.175 434.175 434.175 434.175 434.175 )
3349.566: I:0 (   0.000   0.000   0.000 ) T:1 ( 434.175 434.175 434.175 434.175 434.175 434.175 )
3359.565: I:0 (   0.000   0.000   0.000 ) T:1 ( 434.175 434.175 434.175 434.175 434.175 434.175 )
3369.565: I:0 (   0.000   0.000   0.000 ) T:1 ( 434.175 434.175 434.175 434.175 434.175 434.175 )
3379.565: I:0 (   0.000   0.000   0.000 ) T:1 ( 434.175 434.175 434.175 434.175 434.175 434.175 )
3389.566: I:0 (   0.000   0.000   0.000 ) T:1 ( 434.175 434.175 434.175 434.175 434.175 434.175 )
3399.172: I:0 (   0.000   0.000   0.000 ) T:1 ( 434.175 434.175 434.175 434.175 434.175 434.175 )
3399.212: I:0 (   0.000   0.000   0.000 ) T:1 ( 434.175 434.175 434.175 434.175 434.175 434.175 )
