#[Interval percentile log between 0.000 and <Infinite> seconds (relative to StartTime)]
#[StartTime: 1524853036.827 (seconds since epoch), Fri Apr 27 20:17:16 CEST 2018]
Time: IntervalPercentiles:count ( 50% 90% Max ) TotalPercentiles:count ( 50% 90% 99% 99.9% 99.99% Max )
2.166: I:1 (   2.837   2.837   2.837 ) T:1 (   2.837   2.837   2.837   2.837   2.837   2.837 )
12.138: I:1 (   2.741   2.741   2.741 ) T:2 (   2.741   2.837   2.837   2.837   2.837   2.837 )
22.141: I:2 (   1.914  84.735  84.735 ) T:4 (   2.741  84.735  84.735  84.735  84.735  84.735 )
32.131: I:2 (   1.489   1.998   1.998 ) T:6 (   1.998  84.735  84.735  84.735  84.735  84.735 )
42.128: I:1 (   1.904   1.904   1.904 ) T:7 (   1.998  84.735  84.735  84.735  84.735  84.735 )
52.131: I:0 (   0.000   0.000   0.000 ) T:7 (   1.998  84.735  84.735  84.735  84.735  84.735 )
62.131: I:1 (   0.847   0.847   0.847 ) T:8 (   1.914  84.735  84.735  84.735  84.735  84.735 )
72.129: I:0 (   0.000   0.000   0.000 ) T:8 (   1.914  84.735  84.735  84.735  84.735  84.735 )
82.132: I:0 (   0.000   0.000   0.000 ) T:8 (   1.914  84.735  84.735  84.735  84.735  84.735 )
92.139: I:1 ( 223.615 223.615 223.615 ) T:9 (   1.998 223.615 223.615 223.615 223.615 223.615 )
102.129: I:0 (   0.000   0.000   0.000 ) T:9 (   1.998 223.615 223.615 223.615 223.615 223.615 )
112.129: I:1 (   1.749   1.749   1.749 ) T:10 (   1.914  84.735 223.615 223.615 223.615 223.615 )
122.126: I:0 (   0.000   0.000   0.000 ) T:10 (   1.914  84.735 223.615 223.615 223.615 223.615 )
132.131: I:0 (   0.000   0.000   0.000 ) T:10 (   1.914  84.735 223.615 223.615 223.615 223.615 )
142.130: I:1 (   1.393   1.393   1.393 ) T:11 (   1.914  84.735 223.615 223.615 223.615 223.615 )
152.138: I:1 ( 161.279 161.279 161.279 ) T:12 (   1.914 161.279 223.615 223.615 223.615 223.615 )
162.128: I:1 (   1.472   1.472   1.472 ) T:13 (   1.914 161.279 223.615 223.615 223.615 223.615 )
172.129: I:0 (   0.000   0.000   0.000 ) T:13 (   1.914 161.279 223.615 223.615 223.615 223.615 )
182.132: I:1 (   1.221   1.221   1.221 ) T:14 (   1.904 161.279 223.615 223.615 223.615 223.615 )
192.138: I:1 (   1.452   1.452   1.452 ) T:15 (   1.904 161.279 223.615 223.615 223.615 223.615 )
202.128: I:0 (   0.000   0.000   0.000 ) T:15 (   1.904 161.279 223.615 223.615 223.615 223.615 )
212.131: I:0 (   0.000   0.000   0.000 ) T:15 (   1.904 161.279 223.615 223.615 223.615 223.615 )
222.123: I:2 (   0.745   1.186   1.186 ) T:17 (   1.749 161.279 223.615 223.615 223.615 223.615 )
232.123: I:0 (   0.000   0.000   0.000 ) T:17 (   1.749 161.279 223.615 223.615 223.615 223.615 )
242.130: I:1 (   1.494   1.494   1.494 ) T:18 (   1.494 161.279 223.615 223.615 223.615 223.615 )
252.128: I:0 (   0.000   0.000   0.000 ) T:18 (   1.494 161.279 223.615 223.615 223.615 223.615 )
262.143: I:0 (   0.000   0.000   0.000 ) T:18 (   1.494 161.279 223.615 223.615 223.615 223.615 )
272.128: I:1 (   1.377   1.377   1.377 ) T:19 (   1.494 161.279 223.615 223.615 223.615 223.615 )
282.122: I:0 (   0.000   0.000   0.000 ) T:19 (   1.494 161.279 223.615 223.615 223.615 223.615 )
292.130: I:0 (   0.000   0.000   0.000 ) T:19 (   1.494 161.279 223.615 223.615 223.615 223.615 )
302.130: I:1 (   1.557   1.557   1.557 ) T:20 (   1.494  84.735 223.615 223.615 223.615 223.615 )
312.131: I:0 (   0.000   0.000   0.000 ) T:20 (   1.494  84.735 223.615 223.615 223.615 223.615 )
322.130: I:0 (   0.000   0.000   0.000 ) T:20 (   1.494  84.735 223.615 223.615 223.615 223.615 )
332.131: I:0 (   0.000   0.000   0.000 ) T:20 (   1.494  84.735 223.615 223.615 223.615 223.615 )
342.128: I:0 (   0.000   0.000   0.000 ) T:20 (   1.494  84.735 223.615 223.615 223.615 223.615 )
352.128: I:0 (   0.000   0.000   0.000 ) T:20 (   1.494  84.735 223.615 223.615 223.615 223.615 )
362.131: I:1 (   1.377   1.377   1.377 ) T:21 (   1.494  84.735 223.615 223.615 223.615 223.615 )
372.128: I:0 (   0.000   0.000   0.000 ) T:21 (   1.494  84.735 223.615 223.615 223.615 223.615 )
382.128: I:1 (   1.140   1.140   1.140 ) T:22 (   1.489  84.735 223.615 223.615 223.615 223.615 )
392.127: I:0 (   0.000   0.000   0.000 ) T:22 (   1.489  84.735 223.615 223.615 223.615 223.615 )
402.129: I:0 (   0.000   0.000   0.000 ) T:22 (   1.489  84.735 223.615 223.615 223.615 223.615 )
412.131: I:1 (   1.300   1.300   1.300 ) T:23 (   1.489  84.735 223.615 223.615 223.615 223.615 )
422.131: I:0 (   0.000   0.000   0.000 ) T:23 (   1.489  84.735 223.615 223.615 223.615 223.615 )
432.128: I:1 (   1.344   1.344   1.344 ) T:24 (   1.472  84.735 223.615 223.615 223.615 223.615 )
442.128: I:0 (   0.000   0.000   0.000 ) T:24 (   1.472  84.735 223.615 223.615 223.615 223.615 )
452.128: I:0 (   0.000   0.000   0.000 ) T:24 (   1.472  84.735 223.615 223.615 223.615 223.615 )
462.128: I:0 (   0.000   0.000   0.000 ) T:24 (   1.472  84.735 223.615 223.615 223.615 223.615 )
472.128: I:1 (   1.316   1.316   1.316 ) T:25 (   1.472  84.735 223.615 223.615 223.615 223.615 )
482.129: I:1 (   1.407   1.407   1.407 ) T:26 (   1.452  84.735 223.615 223.615 223.615 223.615 )
492.127: I:0 (   0.000   0.000   0.000 ) T:26 (   1.452  84.735 223.615 223.615 223.615 223.615 )
502.129: I:0 (   0.000   0.000   0.000 ) T:26 (   1.452  84.735 223.615 223.615 223.615 223.615 )
512.141: I:2 (   0.666   1.229   1.229 ) T:28 (   1.407  84.735 223.615 223.615 223.615 223.615 )
522.128: I:0 (   0.000   0.000   0.000 ) T:28 (   1.407  84.735 223.615 223.615 223.615 223.615 )
532.132: I:1 (   2.153   2.153   2.153 ) T:29 (   1.452  84.735 223.615 223.615 223.615 223.615 )
542.127: I:0 (   0.000   0.000   0.000 ) T:29 (   1.452  84.735 223.615 223.615 223.615 223.615 )
552.130: I:0 (   0.000   0.000   0.000 ) T:29 (   1.452  84.735 223.615 223.615 223.615 223.615 )
562.131: I:0 (   0.000   0.000   0.000 ) T:29 (   1.452  84.735 223.615 223.615 223.615 223.615 )
572.131: I:0 (   0.000   0.000   0.000 ) T:29 (   1.452  84.735 223.615 223.615 223.615 223.615 )
582.128: I:1 (   0.586   0.586   0.586 ) T:30 (   1.407   2.837 223.615 223.615 223.615 223.615 )
592.125: I:1 (   1.189   1.189   1.189 ) T:31 (   1.407   2.837 223.615 223.615 223.615 223.615 )
602.128: I:0 (   0.000   0.000   0.000 ) T:31 (   1.407   2.837 223.615 223.615 223.615 223.615 )
612.131: I:0 (   0.000   0.000   0.000 ) T:31 (   1.407   2.837 223.615 223.615 223.615 223.615 )
622.127: I:2 (   1.103   1.252   1.252 ) T:33 (   1.393   2.837 223.615 223.615 223.615 223.615 )
632.130: I:0 (   0.000   0.000   0.000 ) T:33 (   1.393   2.837 223.615 223.615 223.615 223.615 )
642.132: I:3 (   1.123   1.306   1.306 ) T:36 (   1.377   2.837 223.615 223.615 223.615 223.615 )
652.124: I:1 (   1.163   1.163   1.163 ) T:37 (   1.377   2.837 223.615 223.615 223.615 223.615 )
662.128: I:1 (   1.214   1.214   1.214 ) T:38 (   1.344   2.837 223.615 223.615 223.615 223.615 )
672.137: I:1 ( 215.423 215.423 215.423 ) T:39 (   1.377  84.735 223.615 223.615 223.615 223.615 )
682.129: I:0 (   0.000   0.000   0.000 ) T:39 (   1.377  84.735 223.615 223.615 223.615 223.615 )
692.131: I:1 (   1.424   1.424   1.424 ) T:40 (   1.377   2.837 223.615 223.615 223.615 223.615 )
702.128: I:0 (   0.000   0.000   0.000 ) T:40 (   1.377   2.837 223.615 223.615 223.615 223.615 )
712.127: I:3 (   1.121   1.189   1.189 ) T:43 (   1.344   2.837 223.615 223.615 223.615 223.615 )
722.128: I:0 (   0.000   0.000   0.000 ) T:43 (   1.344   2.837 223.615 223.615 223.615 223.615 )
732.128: I:0 (   0.000   0.000   0.000 ) T:43 (   1.344   2.837 223.615 223.615 223.615 223.615 )
742.128: I:1 (   1.039   1.039   1.039 ) T:44 (   1.316   2.837 223.615 223.615 223.615 223.615 )
752.128: I:0 (   0.000   0.000   0.000 ) T:44 (   1.316   2.837 223.615 223.615 223.615 223.615 )
762.138: I:4 (   0.990 163.455 163.455 ) T:48 (   1.306  84.735 223.615 223.615 223.615 223.615 )
772.127: I:0 (   0.000   0.000   0.000 ) T:48 (   1.306  84.735 223.615 223.615 223.615 223.615 )
782.123: I:1 (   0.687   0.687   0.687 ) T:49 (   1.306  84.735 223.615 223.615 223.615 223.615 )
792.128: I:0 (   0.000   0.000   0.000 ) T:49 (   1.306  84.735 223.615 223.615 223.615 223.615 )
802.125: I:0 (   0.000   0.000   0.000 ) T:49 (   1.306  84.735 223.615 223.615 223.615 223.615 )
812.122: I:0 (   0.000   0.000   0.000 ) T:49 (   1.306  84.735 223.615 223.615 223.615 223.615 )
822.128: I:1 (   0.931   0.931   0.931 ) T:50 (   1.300   2.837 223.615 223.615 223.615 223.615 )
832.128: I:0 (   0.000   0.000   0.000 ) T:50 (   1.300   2.837 223.615 223.615 223.615 223.615 )
842.127: I:1 (   0.522   0.522   0.522 ) T:51 (   1.300   2.837 223.615 223.615 223.615 223.615 )
852.128: I:1 (   1.009   1.009   1.009 ) T:52 (   1.252   2.837 223.615 223.615 223.615 223.615 )
862.128: I:0 (   0.000   0.000   0.000 ) T:52 (   1.252   2.837 223.615 223.615 223.615 223.615 )
872.128: I:1 (   0.876   0.876   0.876 ) T:53 (   1.252   2.837 223.615 223.615 223.615 223.615 )
882.122: I:0 (   0.000   0.000   0.000 ) T:53 (   1.252   2.837 223.615 223.615 223.615 223.615 )
892.129: I:1 (   0.943   0.943   0.943 ) T:54 (   1.229   2.837 223.615 223.615 223.615 223.615 )
902.130: I:1 (   0.938   0.938   0.938 ) T:55 (   1.229   2.837 223.615 223.615 223.615 223.615 )
912.137: I:3 (   0.844   1.197   1.197 ) T:58 (   1.214   2.837 223.615 223.615 223.615 223.615 )
922.129: I:1 (   0.856   0.856   0.856 ) T:59 (   1.214   2.837 223.615 223.615 223.615 223.615 )
932.129: I:1 (   1.002   1.002   1.002 ) T:60 (   1.197   2.741 223.615 223.615 223.615 223.615 )
942.130: I:0 (   0.000   0.000   0.000 ) T:60 (   1.197   2.741 223.615 223.615 223.615 223.615 )
952.132: I:2 (   0.893   0.928   0.928 ) T:62 (   1.189   2.741 223.615 223.615 223.615 223.615 )
962.131: I:2 (   0.860   0.927   0.927 ) T:64 (   1.189   2.741 223.615 223.615 223.615 223.615 )
972.131: I:2 (   0.442   0.910   0.910 ) T:66 (   1.186   2.741 223.615 223.615 223.615 223.615 )
982.132: I:0 (   0.000   0.000   0.000 ) T:66 (   1.186   2.741 223.615 223.615 223.615 223.615 )
992.130: I:0 (   0.000   0.000   0.000 ) T:66 (   1.186   2.741 223.615 223.615 223.615 223.615 )
1002.138: I:1 ( 232.447 232.447 232.447 ) T:67 (   1.189   2.837 232.447 232.447 232.447 232.447 )
1012.138: I:1 ( 104.703 104.703 104.703 ) T:68 (   1.189  84.735 232.447 232.447 232.447 232.447 )
1022.131: I:1 (   0.796   0.796   0.796 ) T:69 (   1.189  84.735 232.447 232.447 232.447 232.447 )
1032.131: I:0 (   0.000   0.000   0.000 ) T:69 (   1.189  84.735 232.447 232.447 232.447 232.447 )
1042.131: I:0 (   0.000   0.000   0.000 ) T:69 (   1.189  84.735 232.447 232.447 232.447 232.447 )
1052.130: I:0 (   0.000   0.000   0.000 ) T:69 (   1.189  84.735 232.447 232.447 232.447 232.447 )
1062.126: I:1 (   0.454   0.454   0.454 ) T:70 (   1.186   2.837 232.447 232.447 232.447 232.447 )
1072.128: I:0 (   0.000   0.000   0.000 ) T:70 (   1.186   2.837 232.447 232.447 232.447 232.447 )
1082.138: I:0 (   0.000   0.000   0.000 ) T:70 (   1.186   2.837 232.447 232.447 232.447 232.447 )
1092.128: I:0 (   0.000   0.000   0.000 ) T:70 (   1.186   2.837 232.447 232.447 232.447 232.447 )
1102.128: I:1 (   0.881   0.881   0.881 ) T:71 (   1.186   2.837 232.447 232.447 232.447 232.447 )
1112.140: I:0 (   0.000   0.000   0.000 ) T:71 (   1.186   2.837 232.447 232.447 232.447 232.447 )
1122.136: I:0 (   0.000   0.000   0.000 ) T:71 (   1.186   2.837 232.447 232.447 232.447 232.447 )
1132.135: I:1 ( 250.751 250.751 250.751 ) T:72 (   1.186  84.735 250.751 250.751 250.751 250.751 )
1142.129: I:1 (   0.842   0.842   0.842 ) T:73 (   1.186  84.735 250.751 250.751 250.751 250.751 )
1152.127: I:1 (   0.801   0.801   0.801 ) T:74 (   1.163  84.735 250.751 250.751 250.751 250.751 )
1162.126: I:2 (   0.344   0.874   0.874 ) T:76 (   1.140  84.735 250.751 250.751 250.751 250.751 )
1172.128: I:0 (   0.000   0.000   0.000 ) T:76 (   1.140  84.735 250.751 250.751 250.751 250.751 )
1182.131: I:0 (   0.000   0.000   0.000 ) T:76 (   1.140  84.735 250.751 250.751 250.751 250.751 )
1192.137: I:0 (   0.000   0.000   0.000 ) T:76 (   1.140  84.735 250.751 250.751 250.751 250.751 )
1202.129: I:2 (   0.838   0.842   0.842 ) T:78 (   1.123  84.735 250.751 250.751 250.751 250.751 )
1212.126: I:1 (   0.833   0.833   0.833 ) T:79 (   1.123  84.735 250.751 250.751 250.751 250.751 )
1222.122: I:0 (   0.000   0.000   0.000 ) T:79 (   1.123  84.735 250.751 250.751 250.751 250.751 )
1232.128: I:1 (   0.424   0.424   0.424 ) T:80 (   1.121   2.837 250.751 250.751 250.751 250.751 )
1242.126: I:0 (   0.000   0.000   0.000 ) T:80 (   1.121   2.837 250.751 250.751 250.751 250.751 )
1252.128: I:2 (   0.802   0.901   0.901 ) T:82 (   1.103   2.837 250.751 250.751 250.751 250.751 )
1262.125: I:1 (   0.430   0.430   0.430 ) T:83 (   1.103   2.837 250.751 250.751 250.751 250.751 )
1272.128: I:2 (   0.753   0.882   0.882 ) T:85 (   1.062   2.837 250.751 250.751 250.751 250.751 )
1282.128: I:1 (   1.060   1.060   1.060 ) T:86 (   1.060   2.837 250.751 250.751 250.751 250.751 )
1292.128: I:1 (   0.387   0.387   0.387 ) T:87 (   1.060   2.837 250.751 250.751 250.751 250.751 )
1302.129: I:1 (   0.802   0.802   0.802 ) T:88 (   1.045   2.837 250.751 250.751 250.751 250.751 )
1312.129: I:1 (   0.816   0.816   0.816 ) T:89 (   1.045   2.837 250.751 250.751 250.751 250.751 )
1322.128: I:0 (   0.000   0.000   0.000 ) T:89 (   1.045   2.837 250.751 250.751 250.751 250.751 )
1332.127: I:1 (   0.773   0.773   0.773 ) T:90 (   1.039   2.741 250.751 250.751 250.751 250.751 )
1342.131: I:0 (   0.000   0.000   0.000 ) T:90 (   1.039   2.741 250.751 250.751 250.751 250.751 )
1352.128: I:0 (   0.000   0.000   0.000 ) T:90 (   1.039   2.741 250.751 250.751 250.751 250.751 )
1362.131: I:0 (   0.000   0.000   0.000 ) T:90 (   1.039   2.741 250.751 250.751 250.751 250.751 )
1372.122: I:0 (   0.000   0.000   0.000 ) T:90 (   1.039   2.741 250.751 250.751 250.751 250.751 )
1382.129: I:3 (   0.771   1.038   1.038 ) T:93 (   1.038   2.741 250.751 250.751 250.751 250.751 )
1392.123: I:0 (   0.000   0.000   0.000 ) T:93 (   1.038   2.741 250.751 250.751 250.751 250.751 )
1402.126: I:0 (   0.000   0.000   0.000 ) T:93 (   1.038   2.741 250.751 250.751 250.751 250.751 )
1412.128: I:1 (   0.600   0.600   0.600 ) T:94 (   1.009   2.741 250.751 250.751 250.751 250.751 )
1422.128: I:1 (   0.775   0.775   0.775 ) T:95 (   1.009   2.741 250.751 250.751 250.751 250.751 )
1432.128: I:1 (   0.776   0.776   0.776 ) T:96 (   1.002   2.741 250.751 250.751 250.751 250.751 )
1442.135: I:1 ( 259.839 259.839 259.839 ) T:97 (   1.009   2.837 259.839 259.839 259.839 259.839 )
1452.128: I:1 (   0.796   0.796   0.796 ) T:98 (   1.002   2.837 259.839 259.839 259.839 259.839 )
1462.131: I:5 (   0.711 169.471 169.471 ) T:103 (   0.990   2.837 250.751 259.839 259.839 259.839 )
1472.130: I:1 (   0.768   0.768   0.768 ) T:104 (   0.943   2.837 250.751 259.839 259.839 259.839 )
1482.122: I:1 (   0.785   0.785   0.785 ) T:105 (   0.943   2.837 250.751 259.839 259.839 259.839 )
1492.127: I:1 (   0.926   0.926   0.926 ) T:106 (   0.939   2.837 250.751 259.839 259.839 259.839 )
1502.137: I:0 (   0.000   0.000   0.000 ) T:106 (   0.939   2.837 250.751 259.839 259.839 259.839 )
1512.128: I:0 (   0.000   0.000   0.000 ) T:106 (   0.939   2.837 250.751 259.839 259.839 259.839 )
1522.125: I:0 (   0.000   0.000   0.000 ) T:106 (   0.939   2.837 250.751 259.839 259.839 259.839 )
1532.128: I:0 (   0.000   0.000   0.000 ) T:106 (   0.939   2.837 250.751 259.839 259.839 259.839 )
1542.128: I:1 (   0.664   0.664   0.664 ) T:107 (   0.939   2.837 250.751 259.839 259.839 259.839 )
1552.138: I:1 (   0.582   0.582   0.582 ) T:108 (   0.938   2.837 250.751 259.839 259.839 259.839 )
1562.128: I:0 (   0.000   0.000   0.000 ) T:108 (   0.938   2.837 250.751 259.839 259.839 259.839 )
1572.125: I:0 (   0.000   0.000   0.000 ) T:108 (   0.938   2.837 250.751 259.839 259.839 259.839 )
1582.128: I:0 (   0.000   0.000   0.000 ) T:108 (   0.938   2.837 250.751 259.839 259.839 259.839 )
1592.125: I:0 (   0.000   0.000   0.000 ) T:108 (   0.938   2.837 250.751 259.839 259.839 259.839 )
1602.128: I:2 (   0.320   0.597   0.597 ) T:110 (   0.931   2.741 250.751 259.839 259.839 259.839 )
1612.122: I:1 (   0.496   0.496   0.496 ) T:111 (   0.931   2.741 250.751 259.839 259.839 259.839 )
1622.128: I:0 (   0.000   0.000   0.000 ) T:111 (   0.931   2.741 250.751 259.839 259.839 259.839 )
1632.125: I:0 (   0.000   0.000   0.000 ) T:111 (   0.931   2.741 250.751 259.839 259.839 259.839 )
1642.128: I:0 (   0.000   0.000   0.000 ) T:111 (   0.931   2.741 250.751 259.839 259.839 259.839 )
1652.128: I:0 (   0.000   0.000   0.000 ) T:111 (   0.931   2.741 250.751 259.839 259.839 259.839 )
1662.126: I:1 (   0.637   0.637   0.637 ) T:112 (   0.928   2.741 250.751 259.839 259.839 259.839 )
1672.136: I:1 ( 107.263 107.263 107.263 ) T:113 (   0.931   2.837 250.751 259.839 259.839 259.839 )
1682.130: I:0 (   0.000   0.000   0.000 ) T:113 (   0.931   2.837 250.751 259.839 259.839 259.839 )
1692.131: I:0 (   0.000   0.000   0.000 ) T:113 (   0.931   2.837 250.751 259.839 259.839 259.839 )
1702.128: I:2 (   0.555   0.654   0.654 ) T:115 (   0.928   2.837 250.751 259.839 259.839 259.839 )
1712.127: I:1 (   0.664   0.664   0.664 ) T:116 (   0.927   2.837 250.751 259.839 259.839 259.839 )
1722.126: I:1 (   0.626   0.626   0.626 ) T:117 (   0.927   2.837 250.751 259.839 259.839 259.839 )
1732.136: I:0 (   0.000   0.000   0.000 ) T:117 (   0.927   2.837 250.751 259.839 259.839 259.839 )
1742.139: I:1 (   0.612   0.612   0.612 ) T:118 (   0.926   2.837 250.751 259.839 259.839 259.839 )
1752.135: I:1 ( 139.647 139.647 139.647 ) T:119 (   0.927  84.735 250.751 259.839 259.839 259.839 )
1762.141: I:0 (   0.000   0.000   0.000 ) T:119 (   0.927  84.735 250.751 259.839 259.839 259.839 )
1772.124: I:1 (   0.521   0.521   0.521 ) T:120 (   0.926   2.837 250.751 259.839 259.839 259.839 )
1782.125: I:2 (   0.393   0.718   0.718 ) T:122 (   0.916   2.837 250.751 259.839 259.839 259.839 )
1792.130: I:0 (   0.000   0.000   0.000 ) T:122 (   0.916   2.837 250.751 259.839 259.839 259.839 )
1802.125: I:0 (   0.000   0.000   0.000 ) T:122 (   0.916   2.837 250.751 259.839 259.839 259.839 )
1812.128: I:0 (   0.000   0.000   0.000 ) T:122 (   0.916   2.837 250.751 259.839 259.839 259.839 )
1822.125: I:1 (   0.900   0.900   0.900 ) T:123 (   0.916   2.837 250.751 259.839 259.839 259.839 )
1832.128: I:2 (   0.251   0.716   0.716 ) T:125 (   0.910   2.837 250.751 259.839 259.839 259.839 )
1842.128: I:2 (   0.331   0.389   0.389 ) T:127 (   0.901   2.837 250.751 259.839 259.839 259.839 )
1852.128: I:0 (   0.000   0.000   0.000 ) T:127 (   0.901   2.837 250.751 259.839 259.839 259.839 )
1862.131: I:0 (   0.000   0.000   0.000 ) T:127 (   0.901   2.837 250.751 259.839 259.839 259.839 )
1872.128: I:1 (   0.746   0.746   0.746 ) T:128 (   0.900   2.837 250.751 259.839 259.839 259.839 )
1882.128: I:0 (   0.000   0.000   0.000 ) T:128 (   0.900   2.837 250.751 259.839 259.839 259.839 )
1892.128: I:0 (   0.000   0.000   0.000 ) T:128 (   0.900   2.837 250.751 259.839 259.839 259.839 )
1902.122: I:0 (   0.000   0.000   0.000 ) T:128 (   0.900   2.837 250.751 259.839 259.839 259.839 )
1912.127: I:1 (   0.679   0.679   0.679 ) T:129 (   0.900   2.837 250.751 259.839 259.839 259.839 )
1922.126: I:0 (   0.000   0.000   0.000 ) T:129 (   0.900   2.837 250.751 259.839 259.839 259.839 )
1932.129: I:0 (   0.000   0.000   0.000 ) T:129 (   0.900   2.837 250.751 259.839 259.839 259.839 )
1942.128: I:0 (   0.000   0.000   0.000 ) T:129 (   0.900   2.837 250.751 259.839 259.839 259.839 )
1952.128: I:0 (   0.000   0.000   0.000 ) T:129 (   0.900   2.837 250.751 259.839 259.839 259.839 )
1962.122: I:2 (   0.454   0.576   0.576 ) T:131 (   0.893   2.741 250.751 259.839 259.839 259.839 )
1972.125: I:1 (   0.614   0.614   0.614 ) T:132 (   0.882   2.741 250.751 259.839 259.839 259.839 )
1982.128: I:0 (   0.000   0.000   0.000 ) T:132 (   0.882   2.741 250.751 259.839 259.839 259.839 )
1992.125: I:0 (   0.000   0.000   0.000 ) T:132 (   0.882   2.741 250.751 259.839 259.839 259.839 )
2002.128: I:0 (   0.000   0.000   0.000 ) T:132 (   0.882   2.741 250.751 259.839 259.839 259.839 )
2012.128: I:0 (   0.000   0.000   0.000 ) T:132 (   0.882   2.741 250.751 259.839 259.839 259.839 )
2022.131: I:0 (   0.000   0.000   0.000 ) T:132 (   0.882   2.741 250.751 259.839 259.839 259.839 )
2032.131: I:2 (   0.323   0.656   0.656 ) T:134 (   0.881   2.741 250.751 259.839 259.839 259.839 )
2042.131: I:1 (   0.716   0.716   0.716 ) T:135 (   0.881   2.741 250.751 259.839 259.839 259.839 )
2052.128: I:1 (   0.711   0.711   0.711 ) T:136 (   0.876   2.741 250.751 259.839 259.839 259.839 )
2062.128: I:0 (   0.000   0.000   0.000 ) T:136 (   0.876   2.741 250.751 259.839 259.839 259.839 )
2072.128: I:3 (   0.659   0.711   0.711 ) T:139 (   0.874   2.741 250.751 259.839 259.839 259.839 )
2082.128: I:1 (   0.843   0.843   0.843 ) T:140 (   0.860   2.153 250.751 259.839 259.839 259.839 )
2092.128: I:0 (   0.000   0.000   0.000 ) T:140 (   0.860   2.153 250.751 259.839 259.839 259.839 )
2102.126: I:1 (   0.675   0.675   0.675 ) T:141 (   0.860   2.153 250.751 259.839 259.839 259.839 )
2112.127: I:0 (   0.000   0.000   0.000 ) T:141 (   0.860   2.153 250.751 259.839 259.839 259.839 )
2122.130: I:0 (   0.000   0.000   0.000 ) T:141 (   0.860   2.153 250.751 259.839 259.839 259.839 )
2132.128: I:0 (   0.000   0.000   0.000 ) T:141 (   0.860   2.153 250.751 259.839 259.839 259.839 )
2142.128: I:0 (   0.000   0.000   0.000 ) T:141 (   0.860   2.153 250.751 259.839 259.839 259.839 )
2152.128: I:0 (   0.000   0.000   0.000 ) T:141 (   0.860   2.153 250.751 259.839 259.839 259.839 )
2162.128: I:0 (   0.000   0.000   0.000 ) T:141 (   0.860   2.153 250.751 259.839 259.839 259.839 )
2172.125: I:0 (   0.000   0.000   0.000 ) T:141 (   0.860   2.153 250.751 259.839 259.839 259.839 )
2182.128: I:0 (   0.000   0.000   0.000 ) T:141 (   0.860   2.153 250.751 259.839 259.839 259.839 )
2192.135: I:2 (   0.657 167.807 167.807 ) T:143 (   0.860   2.741 250.751 259.839 259.839 259.839 )
2202.135: I:1 ( 306.175 306.175 306.175 ) T:144 (   0.860   2.837 259.839 306.175 306.175 306.175 )
2212.128: I:0 (   0.000   0.000   0.000 ) T:144 (   0.860   2.837 259.839 306.175 306.175 306.175 )
2222.125: I:0 (   0.000   0.000   0.000 ) T:144 (   0.860   2.837 259.839 306.175 306.175 306.175 )
2232.129: I:1 (   0.632   0.632   0.632 ) T:145 (   0.860   2.837 259.839 306.175 306.175 306.175 )
2242.131: I:0 (   0.000   0.000   0.000 ) T:145 (   0.860   2.837 259.839 306.175 306.175 306.175 )
2252.128: I:0 (   0.000   0.000   0.000 ) T:145 (   0.860   2.837 259.839 306.175 306.175 306.175 )
2262.126: I:1 (   0.623   0.623   0.623 ) T:146 (   0.856   2.837 259.839 306.175 306.175 306.175 )
2272.130: I:1 (   0.564   0.564   0.564 ) T:147 (   0.856   2.837 259.839 306.175 306.175 306.175 )
2282.127: I:2 (   0.640   0.677   0.677 ) T:149 (   0.847   2.837 259.839 306.175 306.175 306.175 )
2292.142: I:0 (   0.000   0.000   0.000 ) T:149 (   0.847   2.837 259.839 306.175 306.175 306.175 )
2302.126: I:0 (   0.000   0.000   0.000 ) T:149 (   0.847   2.837 259.839 306.175 306.175 306.175 )
2312.127: I:1 (   0.658   0.658   0.658 ) T:150 (   0.844   2.741 259.839 306.175 306.175 306.175 )
2322.129: I:0 (   0.000   0.000   0.000 ) T:150 (   0.844   2.741 259.839 306.175 306.175 306.175 )
2332.126: I:0 (   0.000   0.000   0.000 ) T:150 (   0.844   2.741 259.839 306.175 306.175 306.175 )
2342.127: I:1 (   0.669   0.669   0.669 ) T:151 (   0.844   2.741 259.839 306.175 306.175 306.175 )
2352.139: I:0 (   0.000   0.000   0.000 ) T:151 (   0.844   2.741 259.839 306.175 306.175 306.175 )
2362.125: I:0 (   0.000   0.000   0.000 ) T:151 (   0.844   2.741 259.839 306.175 306.175 306.175 )
2372.140: I:2 (   0.627 428.031 428.031 ) T:153 (   0.844   2.837 306.175 428.031 428.031 428.031 )
2382.128: I:0 (   0.000   0.000   0.000 ) T:153 (   0.844   2.837 306.175 428.031 428.031 428.031 )
2392.127: I:3 (   0.618   0.681   0.681 ) T:156 (   0.842   2.837 306.175 428.031 428.031 428.031 )
2402.127: I:1 (   0.618   0.618   0.618 ) T:157 (   0.842   2.837 306.175 428.031 428.031 428.031 )
2412.129: I:0 (   0.000   0.000   0.000 ) T:157 (   0.842   2.837 306.175 428.031 428.031 428.031 )
2422.128: I:0 (   0.000   0.000   0.000 ) T:157 (   0.842   2.837 306.175 428.031 428.031 428.031 )
2432.128: I:1 (   0.641   0.641   0.641 ) T:158 (   0.842   2.837 306.175 428.031 428.031 428.031 )
2442.128: I:0 (   0.000   0.000   0.000 ) T:158 (   0.842   2.837 306.175 428.031 428.031 428.031 )
2452.128: I:2 (   0.482   0.667   0.667 ) T:160 (   0.838   2.741 306.175 428.031 428.031 428.031 )
2462.128: I:0 (   0.000   0.000   0.000 ) T:160 (   0.838   2.741 306.175 428.031 428.031 428.031 )
2472.128: I:1 (   0.683   0.683   0.683 ) T:161 (   0.838   2.741 306.175 428.031 428.031 428.031 )
2482.128: I:0 (   0.000   0.000   0.000 ) T:161 (   0.838   2.741 306.175 428.031 428.031 428.031 )
2492.129: I:2 (   0.601   0.662   0.662 ) T:163 (   0.833   2.741 306.175 428.031 428.031 428.031 )
2502.128: I:1 (   0.664   0.664   0.664 ) T:164 (   0.816   2.741 306.175 428.031 428.031 428.031 )
2512.128: I:0 (   0.000   0.000   0.000 ) T:164 (   0.816   2.741 306.175 428.031 428.031 428.031 )
2522.128: I:0 (   0.000   0.000   0.000 ) T:164 (   0.816   2.741 306.175 428.031 428.031 428.031 )
2532.128: I:0 (   0.000   0.000   0.000 ) T:164 (   0.816   2.741 306.175 428.031 428.031 428.031 )
2542.124: I:0 (   0.000   0.000   0.000 ) T:164 (   0.816   2.741 306.175 428.031 428.031 428.031 )
2552.129: I:0 (   0.000   0.000   0.000 ) T:164 (   0.816   2.741 306.175 428.031 428.031 428.031 )
2562.128: I:2 (   0.550   0.598   0.598 ) T:166 (   0.802   2.741 306.175 428.031 428.031 428.031 )
2572.128: I:1 (   0.420   0.420   0.420 ) T:167 (   0.802   2.741 306.175 428.031 428.031 428.031 )
2582.128: I:0 (   0.000   0.000   0.000 ) T:167 (   0.802   2.741 306.175 428.031 428.031 428.031 )
2592.128: I:0 (   0.000   0.000   0.000 ) T:167 (   0.802   2.741 306.175 428.031 428.031 428.031 )
2602.128: I:1 (   0.624   0.624   0.624 ) T:168 (   0.802   2.741 306.175 428.031 428.031 428.031 )
2612.128: I:0 (   0.000   0.000   0.000 ) T:168 (   0.802   2.741 306.175 428.031 428.031 428.031 )
2622.128: I:0 (   0.000   0.000   0.000 ) T:168 (   0.802   2.741 306.175 428.031 428.031 428.031 )
2632.129: I:0 (   0.000   0.000   0.000 ) T:168 (   0.802   2.741 306.175 428.031 428.031 428.031 )
2642.129: I:1 (   0.633   0.633   0.633 ) T:169 (   0.802   2.741 306.175 428.031 428.031 428.031 )
2652.128: I:1 (   0.612   0.612   0.612 ) T:170 (   0.801   2.153 306.175 428.031 428.031 428.031 )
2662.128: I:0 (   0.000   0.000   0.000 ) T:170 (   0.801   2.153 306.175 428.031 428.031 428.031 )
2672.128: I:1 (   0.548   0.548   0.548 ) T:171 (   0.801   2.153 306.175 428.031 428.031 428.031 )
2682.135: I:0 (   0.000   0.000   0.000 ) T:171 (   0.801   2.153 306.175 428.031 428.031 428.031 )
2692.141: I:1 ( 257.151 257.151 257.151 ) T:172 (   0.801   2.741 306.175 428.031 428.031 428.031 )
2702.125: I:1 (   0.637   0.637   0.637 ) T:173 (   0.801   2.741 306.175 428.031 428.031 428.031 )
2712.128: I:2 (   0.598   0.637   0.637 ) T:175 (   0.796   2.741 306.175 428.031 428.031 428.031 )
2722.130: I:3 (   0.675   0.776   0.776 ) T:178 (   0.791   2.741 306.175 428.031 428.031 428.031 )
2732.122: I:1 (   0.678   0.678   0.678 ) T:179 (   0.791   2.741 306.175 428.031 428.031 428.031 )
2742.129: I:2 (   0.590   0.615   0.615 ) T:181 (   0.785   2.153 306.175 428.031 428.031 428.031 )
2752.129: I:0 (   0.000   0.000   0.000 ) T:181 (   0.785   2.153 306.175 428.031 428.031 428.031 )
2762.128: I:0 (   0.000   0.000   0.000 ) T:181 (   0.785   2.153 306.175 428.031 428.031 428.031 )
2772.128: I:2 (   0.615   0.688   0.688 ) T:183 (   0.776   2.153 306.175 428.031 428.031 428.031 )
2782.128: I:0 (   0.000   0.000   0.000 ) T:183 (   0.776   2.153 306.175 428.031 428.031 428.031 )
2792.131: I:2 (   0.582   0.720   0.720 ) T:185 (   0.776   2.153 306.175 428.031 428.031 428.031 )
2802.128: I:1 (   0.529   0.529   0.529 ) T:186 (   0.775   2.153 306.175 428.031 428.031 428.031 )
2812.131: I:1 (   0.639   0.639   0.639 ) T:187 (   0.775   2.153 306.175 428.031 428.031 428.031 )
2822.138: I:1 (   0.602   0.602   0.602 ) T:188 (   0.773   2.153 306.175 428.031 428.031 428.031 )
2832.141: I:2 (   0.684 289.023 289.023 ) T:190 (   0.773   2.153 306.175 428.031 428.031 428.031 )
2842.128: I:1 (   0.639   0.639   0.639 ) T:191 (   0.773   2.153 306.175 428.031 428.031 428.031 )
2852.128: I:1 (   0.629   0.629   0.629 ) T:192 (   0.771   2.153 306.175 428.031 428.031 428.031 )
2862.128: I:0 (   0.000   0.000   0.000 ) T:192 (   0.771   2.153 306.175 428.031 428.031 428.031 )
2872.125: I:4 (   0.508   0.599   0.599 ) T:196 (   0.753   2.153 306.175 428.031 428.031 428.031 )
2882.130: I:0 (   0.000   0.000   0.000 ) T:196 (   0.753   2.153 306.175 428.031 428.031 428.031 )
2892.127: I:0 (   0.000   0.000   0.000 ) T:196 (   0.753   2.153 306.175 428.031 428.031 428.031 )
2902.131: I:0 (   0.000   0.000   0.000 ) T:196 (   0.753   2.153 306.175 428.031 428.031 428.031 )
2912.128: I:1 (   0.535   0.535   0.535 ) T:197 (   0.753   2.153 306.175 428.031 428.031 428.031 )
2922.128: I:0 (   0.000   0.000   0.000 ) T:197 (   0.753   2.153 306.175 428.031 428.031 428.031 )
2932.128: I:1 (   0.518   0.518   0.518 ) T:198 (   0.746   2.153 306.175 428.031 428.031 428.031 )
2942.138: I:2 (   0.588   0.610   0.610 ) T:200 (   0.745   1.998 289.023 428.031 428.031 428.031 )
2952.128: I:0 (   0.000   0.000   0.000 ) T:200 (   0.745   1.998 289.023 428.031 428.031 428.031 )
2962.128: I:0 (   0.000   0.000   0.000 ) T:200 (   0.745   1.998 289.023 428.031 428.031 428.031 )
2972.129: I:0 (   0.000   0.000   0.000 ) T:200 (   0.745   1.998 289.023 428.031 428.031 428.031 )
2982.126: I:1 (   0.654   0.654   0.654 ) T:201 (   0.745   1.998 289.023 428.031 428.031 428.031 )
2992.126: I:1 (   0.619   0.619   0.619 ) T:202 (   0.736   1.998 289.023 428.031 428.031 428.031 )
3002.128: I:1 (   0.609   0.609   0.609 ) T:203 (   0.736   1.998 289.023 428.031 428.031 428.031 )
3012.128: I:0 (   0.000   0.000   0.000 ) T:203 (   0.736   1.998 289.023 428.031 428.031 428.031 )
3022.128: I:2 (   0.556   0.636   0.636 ) T:205 (   0.720   1.998 289.023 428.031 428.031 428.031 )
3032.128: I:2 (   0.558   0.575   0.575 ) T:207 (   0.718   1.998 289.023 428.031 428.031 428.031 )
3042.129: I:2 (   0.477   0.630   0.630 ) T:209 (   0.716   1.998 289.023 428.031 428.031 428.031 )
3052.128: I:1 (   0.617   0.617   0.617 ) T:210 (   0.716   1.914 289.023 428.031 428.031 428.031 )
3062.127: I:0 (   0.000   0.000   0.000 ) T:210 (   0.716   1.914 289.023 428.031 428.031 428.031 )
3072.127: I:3 (   0.300   0.600   0.600 ) T:213 (   0.711   1.914 289.023 428.031 428.031 428.031 )
3082.128: I:0 (   0.000   0.000   0.000 ) T:213 (   0.711   1.914 289.023 428.031 428.031 428.031 )
3092.128: I:0 (   0.000   0.000   0.000 ) T:213 (   0.711   1.914 289.023 428.031 428.031 428.031 )
3102.122: I:1 (   0.595   0.595   0.595 ) T:214 (   0.711   1.914 289.023 428.031 428.031 428.031 )
3112.128: I:0 (   0.000   0.000   0.000 ) T:214 (   0.711   1.914 289.023 428.031 428.031 428.031 )
3122.128: I:1 (   0.579   0.579   0.579 ) T:215 (   0.711   1.914 289.023 428.031 428.031 428.031 )
3132.127: I:0 (   0.000   0.000   0.000 ) T:215 (   0.711   1.914 289.023 428.031 428.031 428.031 )
3142.136: I:1 ( 294.911 294.911 294.911 ) T:216 (   0.711   1.998 294.911 428.031 428.031 428.031 )
3152.126: I:1 (   0.575   0.575   0.575 ) T:217 (   0.711   1.998 294.911 428.031 428.031 428.031 )
3162.128: I:0 (   0.000   0.000   0.000 ) T:217 (   0.711   1.998 294.911 428.031 428.031 428.031 )
3172.127: I:0 (   0.000   0.000   0.000 ) T:217 (   0.711   1.998 294.911 428.031 428.031 428.031 )
3182.135: I:1 ( 192.127 192.127 192.127 ) T:218 (   0.711   2.153 294.911 428.031 428.031 428.031 )
3192.127: I:0 (   0.000   0.000   0.000 ) T:218 (   0.711   2.153 294.911 428.031 428.031 428.031 )
3202.129: I:1 (   0.769   0.769   0.769 ) T:219 (   0.711   2.153 294.911 428.031 428.031 428.031 )
3212.126: I:1 (   0.651   0.651   0.651 ) T:220 (   0.711   1.998 294.911 428.031 428.031 428.031 )
3222.127: I:0 (   0.000   0.000   0.000 ) T:220 (   0.711   1.998 294.911 428.031 428.031 428.031 )
3232.128: I:0 (   0.000   0.000   0.000 ) T:220 (   0.711   1.998 294.911 428.031 428.031 428.031 )
3242.138: I:1 (   0.523   0.523   0.523 ) T:221 (   0.711   1.998 294.911 428.031 428.031 428.031 )
3252.130: I:3 (   0.164   0.648   0.648 ) T:224 (   0.688   1.998 294.911 428.031 428.031 428.031 )
3262.128: I:1 (   0.307   0.307   0.307 ) T:225 (   0.688   1.998 294.911 428.031 428.031 428.031 )
3272.138: I:0 (   0.000   0.000   0.000 ) T:225 (   0.688   1.998 294.911 428.031 428.031 428.031 )
3282.122: I:1 (   0.610   0.610   0.610 ) T:226 (   0.687   1.998 294.911 428.031 428.031 428.031 )
3292.128: I:0 (   0.000   0.000   0.000 ) T:226 (   0.687   1.998 294.911 428.031 428.031 428.031 )
3302.126: I:0 (   0.000   0.000   0.000 ) T:226 (   0.687   1.998 294.911 428.031 428.031 428.031 )
3312.121: I:1 (   0.810   0.810   0.810 ) T:227 (   0.688   1.998 294.911 428.031 428.031 428.031 )
3322.130: I:1 (   0.572   0.572   0.572 ) T:228 (   0.687   1.998 294.911 428.031 428.031 428.031 )
3332.129: I:1 (   0.510   0.510   0.510 ) T:229 (   0.687   1.998 294.911 428.031 428.031 428.031 )
3342.128: I:1 (   0.521   0.521   0.521 ) T:230 (   0.684   1.914 294.911 428.031 428.031 428.031 )
3352.131: I:3 (   0.569 418.047 418.047 ) T:233 (   0.684   1.998 306.175 428.031 428.031 428.031 )
3362.136: I:1 ( 207.231 207.231 207.231 ) T:234 (   0.684   2.153 306.175 428.031 428.031 428.031 )
3372.128: I:0 (   0.000   0.000   0.000 ) T:234 (   0.684   2.153 306.175 428.031 428.031 428.031 )
3382.130: I:1 (   0.558   0.558   0.558 ) T:235 (   0.684   2.153 306.175 428.031 428.031 428.031 )
3391.740: I:2 (   0.491   0.498   0.498 ) T:237 (   0.683   2.153 306.175 428.031 428.031 428.031 )
3391.802: I:0 (   0.000   0.000   0.000 ) T:237 (   0.683   2.153 306.175 428.031 428.031 428.031 )
