#[Interval percentile log between 0.000 and <Infinite> seconds (relative to StartTime)]
#[StartTime: 1524853028.969 (seconds since epoch), Fri Apr 27 20:17:08 CEST 2018]
Time: IntervalPercentiles:count ( 50% 90% Max ) TotalPercentiles:count ( 50% 90% 99% 99.9% 99.99% Max )
9.983: I:1 (   0.016   0.016   0.016 ) T:1 (   0.016   0.016   0.016   0.016   0.016   0.016 )
19.965: I:1 (   0.033   0.033   0.033 ) T:2 (   0.016   0.033   0.033   0.033   0.033   0.033 )
29.962: I:1 (   0.053   0.053   0.053 ) T:3 (   0.033   0.053   0.053   0.053   0.053   0.053 )
39.962: I:1 (   0.075   0.075   0.075 ) T:4 (   0.033   0.075   0.075   0.075   0.075   0.075 )
49.960: I:1 (   0.039   0.039   0.039 ) T:5 (   0.039   0.075   0.075   0.075   0.075   0.075 )
59.961: I:1 (   0.061   0.061   0.061 ) T:6 (   0.039   0.075   0.075   0.075   0.075   0.075 )
69.963: I:1 (   0.021   0.021   0.021 ) T:7 (   0.039   0.075   0.075   0.075   0.075   0.075 )
79.962: I:1 (   0.046   0.046   0.046 ) T:8 (   0.039   0.075   0.075   0.075   0.075   0.075 )
89.962: I:1 (   0.070   0.070   0.070 ) T:9 (   0.046   0.075   0.075   0.075   0.075   0.075 )
99.962: I:1 (   0.031   0.031   0.031 ) T:10 (   0.039   0.070   0.075   0.075   0.075   0.075 )
109.960: I:1 (   0.056   0.056   0.056 ) T:11 (   0.046   0.070   0.075   0.075   0.075   0.075 )
119.962: I:1 (   0.081   0.081   0.081 ) T:12 (   0.046   0.075   0.081   0.081   0.081   0.081 )
129.960: I:1 (   0.043   0.043   0.043 ) T:13 (   0.046   0.075   0.081   0.081   0.081   0.081 )
139.962: I:1 (   0.067   0.067   0.067 ) T:14 (   0.046   0.075   0.081   0.081   0.081   0.081 )
149.962: I:1 (   0.029   0.029   0.029 ) T:15 (   0.046   0.075   0.081   0.081   0.081   0.081 )
159.962: I:1 (   0.053   0.053   0.053 ) T:16 (   0.046   0.075   0.081   0.081   0.081   0.081 )
169.961: I:1 (   0.077   0.077   0.077 ) T:17 (   0.053   0.077   0.081   0.081   0.081   0.081 )
179.962: I:1 (   0.041   0.041   0.041 ) T:18 (   0.046   0.077   0.081   0.081   0.081   0.081 )
189.962: I:1 (   0.067   0.067   0.067 ) T:19 (   0.053   0.077   0.081   0.081   0.081   0.081 )
199.966: I:1 (   0.031   0.031   0.031 ) T:20 (   0.046   0.075   0.081   0.081   0.081   0.081 )
209.962: I:1 (   0.056   0.056   0.056 ) T:21 (   0.053   0.075   0.081   0.081   0.081   0.081 )
219.962: I:1 (   0.023   0.023   0.023 ) T:22 (   0.046   0.075   0.081   0.081   0.081   0.081 )
229.960: I:1 (   0.046   0.046   0.046 ) T:23 (   0.046   0.075   0.081   0.081   0.081   0.081 )
239.959: I:1 (   0.068   0.068   0.068 ) T:24 (   0.046   0.075   0.081   0.081   0.081   0.081 )
249.962: I:1 (   0.032   0.032   0.032 ) T:25 (   0.046   0.075   0.081   0.081   0.081   0.081 )
259.960: I:1 (   0.052   0.052   0.052 ) T:26 (   0.046   0.075   0.081   0.081   0.081   0.081 )
269.966: I:1 (   0.073   0.073   0.073 ) T:27 (   0.052   0.075   0.081   0.081   0.081   0.081 )
279.962: I:1 (   0.040   0.040   0.040 ) T:28 (   0.046   0.075   0.081   0.081   0.081   0.081 )
289.959: I:1 (   0.061   0.061   0.061 ) T:29 (   0.052   0.075   0.081   0.081   0.081   0.081 )
299.961: I:1 (   0.028   0.028   0.028 ) T:30 (   0.046   0.073   0.081   0.081   0.081   0.081 )
309.962: I:1 (   0.049   0.049   0.049 ) T:31 (   0.049   0.073   0.081   0.081   0.081   0.081 )
319.961: I:1 (   0.071   0.071   0.071 ) T:32 (   0.049   0.073   0.081   0.081   0.081   0.081 )
329.962: I:1 (   0.039   0.039   0.039 ) T:33 (   0.049   0.073   0.081   0.081   0.081   0.081 )
339.962: I:1 (   0.060   0.060   0.060 ) T:34 (   0.049   0.073   0.081   0.081   0.081   0.081 )
349.961: I:1 (   0.029   0.029   0.029 ) T:35 (   0.049   0.073   0.081   0.081   0.081   0.081 )
359.964: I:1 (   0.051   0.051   0.051 ) T:36 (   0.049   0.073   0.081   0.081   0.081   0.081 )
369.962: I:1 (   0.020   0.020   0.020 ) T:37 (   0.049   0.073   0.081   0.081   0.081   0.081 )
379.961: I:1 (   0.043   0.043   0.043 ) T:38 (   0.046   0.073   0.081   0.081   0.081   0.081 )
389.961: I:1 (   0.063   0.063   0.063 ) T:39 (   0.049   0.073   0.081   0.081   0.081   0.081 )
399.962: I:1 (   0.034   0.034   0.034 ) T:40 (   0.046   0.071   0.081   0.081   0.081   0.081 )
409.961: I:1 (   0.054   0.054   0.054 ) T:41 (   0.049   0.071   0.081   0.081   0.081   0.081 )
419.961: I:1 (   0.024   0.024   0.024 ) T:42 (   0.046   0.071   0.081   0.081   0.081   0.081 )
429.961: I:1 (   0.047   0.047   0.047 ) T:43 (   0.047   0.071   0.081   0.081   0.081   0.081 )
439.961: I:1 (   0.021   0.021   0.021 ) T:44 (   0.046   0.071   0.081   0.081   0.081   0.081 )
449.961: I:1 (   0.043   0.043   0.043 ) T:45 (   0.046   0.071   0.081   0.081   0.081   0.081 )
459.961: I:1 (   0.064   0.064   0.064 ) T:46 (   0.046   0.071   0.081   0.081   0.081   0.081 )
469.961: I:1 (   0.037   0.037   0.037 ) T:47 (   0.046   0.071   0.081   0.081   0.081   0.081 )
479.961: I:1 (   0.058   0.058   0.058 ) T:48 (   0.046   0.071   0.081   0.081   0.081   0.081 )
489.961: I:1 (   0.032   0.032   0.032 ) T:49 (   0.046   0.071   0.081   0.081   0.081   0.081 )
499.961: I:1 (   0.054   0.054   0.054 ) T:50 (   0.046   0.070   0.081   0.081   0.081   0.081 )
509.961: I:1 (   0.029   0.029   0.029 ) T:51 (   0.046   0.070   0.081   0.081   0.081   0.081 )
519.967: I:1 (   0.050   0.050   0.050 ) T:52 (   0.046   0.070   0.081   0.081   0.081   0.081 )
529.961: I:1 (   0.028   0.028   0.028 ) T:53 (   0.046   0.070   0.081   0.081   0.081   0.081 )
539.961: I:1 (   0.048   0.048   0.048 ) T:54 (   0.046   0.070   0.081   0.081   0.081   0.081 )
549.961: I:1 (   0.023   0.023   0.023 ) T:55 (   0.046   0.070   0.081   0.081   0.081   0.081 )
559.961: I:1 (   0.043   0.043   0.043 ) T:56 (   0.046   0.070   0.081   0.081   0.081   0.081 )
569.961: I:1 (   0.063   0.063   0.063 ) T:57 (   0.046   0.070   0.081   0.081   0.081   0.081 )
579.961: I:1 (   0.040   0.040   0.040 ) T:58 (   0.046   0.070   0.081   0.081   0.081   0.081 )
589.961: I:1 (   0.062   0.062   0.062 ) T:59 (   0.046   0.070   0.081   0.081   0.081   0.081 )
599.960: I:1 (   0.040   0.040   0.040 ) T:60 (   0.046   0.068   0.081   0.081   0.081   0.081 )
609.961: I:1 (   0.059   0.059   0.059 ) T:61 (   0.046   0.068   0.081   0.081   0.081   0.081 )
619.961: I:1 (   0.038   0.038   0.038 ) T:62 (   0.046   0.068   0.081   0.081   0.081   0.081 )
629.960: I:1 (   0.059   0.059   0.059 ) T:63 (   0.046   0.068   0.081   0.081   0.081   0.081 )
639.961: I:1 (   0.037   0.037   0.037 ) T:64 (   0.046   0.068   0.081   0.081   0.081   0.081 )
649.961: I:1 (   0.059   0.059   0.059 ) T:65 (   0.046   0.068   0.081   0.081   0.081   0.081 )
659.959: I:1 (   0.038   0.038   0.038 ) T:66 (   0.046   0.068   0.081   0.081   0.081   0.081 )
669.960: I:1 (   0.060   0.060   0.060 ) T:67 (   0.046   0.068   0.081   0.081   0.081   0.081 )
679.962: I:1 (   0.038   0.038   0.038 ) T:68 (   0.046   0.068   0.081   0.081   0.081   0.081 )
689.961: I:1 (   0.060   0.060   0.060 ) T:69 (   0.046   0.068   0.081   0.081   0.081   0.081 )
699.961: I:1 (   0.040   0.040   0.040 ) T:70 (   0.046   0.067   0.081   0.081   0.081   0.081 )
709.961: I:1 (   0.061   0.061   0.061 ) T:71 (   0.046   0.067   0.081   0.081   0.081   0.081 )
719.960: I:1 (   0.040   0.040   0.040 ) T:72 (   0.046   0.067   0.081   0.081   0.081   0.081 )
729.960: I:1 (   0.022   0.022   0.022 ) T:73 (   0.046   0.067   0.081   0.081   0.081   0.081 )
739.961: I:1 (   0.043   0.043   0.043 ) T:74 (   0.043   0.067   0.081   0.081   0.081   0.081 )
749.961: I:1 (   0.027   0.027   0.027 ) T:75 (   0.043   0.067   0.081   0.081   0.081   0.081 )
759.961: I:1 (   0.048   0.048   0.048 ) T:76 (   0.043   0.067   0.081   0.081   0.081   0.081 )
769.961: I:1 (   0.030   0.030   0.030 ) T:77 (   0.043   0.067   0.081   0.081   0.081   0.081 )
779.961: I:1 (   0.053   0.053   0.053 ) T:78 (   0.043   0.067   0.081   0.081   0.081   0.081 )
789.959: I:1 (   0.035   0.035   0.035 ) T:79 (   0.043   0.067   0.081   0.081   0.081   0.081 )
799.961: I:1 (   0.056   0.056   0.056 ) T:80 (   0.043   0.067   0.081   0.081   0.081   0.081 )
809.959: I:1 (   0.039   0.039   0.039 ) T:81 (   0.043   0.067   0.081   0.081   0.081   0.081 )
819.959: I:1 (   0.060   0.060   0.060 ) T:82 (   0.043   0.067   0.081   0.081   0.081   0.081 )
829.961: I:1 (   0.041   0.041   0.041 ) T:83 (   0.043   0.067   0.081   0.081   0.081   0.081 )
839.960: I:1 (   0.025   0.025   0.025 ) T:84 (   0.043   0.067   0.081   0.081   0.081   0.081 )
849.961: I:1 (   0.048   0.048   0.048 ) T:85 (   0.043   0.067   0.081   0.081   0.081   0.081 )
859.960: I:1 (   0.033   0.033   0.033 ) T:86 (   0.043   0.067   0.081   0.081   0.081   0.081 )
869.961: I:1 (   0.055   0.055   0.055 ) T:87 (   0.043   0.067   0.081   0.081   0.081   0.081 )
879.963: I:1 (   0.039   0.039   0.039 ) T:88 (   0.043   0.067   0.081   0.081   0.081   0.081 )
889.959: I:1 (   0.027   0.027   0.027 ) T:89 (   0.043   0.067   0.081   0.081   0.081   0.081 )
899.961: I:1 (   0.049   0.049   0.049 ) T:90 (   0.043   0.064   0.081   0.081   0.081   0.081 )
909.961: I:1 (   0.035   0.035   0.035 ) T:91 (   0.043   0.064   0.081   0.081   0.081   0.081 )
919.966: I:1 (   0.056   0.056   0.056 ) T:92 (   0.043   0.064   0.081   0.081   0.081   0.081 )
929.961: I:1 (   0.046   0.046   0.046 ) T:93 (   0.043   0.064   0.081   0.081   0.081   0.081 )
939.961: I:1 (   0.032   0.032   0.032 ) T:94 (   0.043   0.064   0.081   0.081   0.081   0.081 )
949.961: I:1 (   0.053   0.053   0.053 ) T:95 (   0.043   0.064   0.081   0.081   0.081   0.081 )
959.961: I:1 (   0.043   0.043   0.043 ) T:96 (   0.043   0.064   0.081   0.081   0.081   0.081 )
969.960: I:1 (   0.031   0.031   0.031 ) T:97 (   0.043   0.064   0.081   0.081   0.081   0.081 )
979.961: I:1 (   0.052   0.052   0.052 ) T:98 (   0.043   0.064   0.081   0.081   0.081   0.081 )
989.961: I:1 (   0.043   0.043   0.043 ) T:99 (   0.043   0.064   0.081   0.081   0.081   0.081 )
999.961: I:1 (   0.033   0.033   0.033 ) T:100 (   0.043   0.063   0.077   0.081   0.081   0.081 )
1009.961: I:1 (   0.053   0.053   0.053 ) T:101 (   0.043   0.063   0.077   0.081   0.081   0.081 )
1019.961: I:1 (   0.045   0.045   0.045 ) T:102 (   0.043   0.063   0.077   0.081   0.081   0.081 )
1029.961: I:1 (   0.038   0.038   0.038 ) T:103 (   0.043   0.063   0.077   0.081   0.081   0.081 )
1039.961: I:1 (   0.060   0.060   0.060 ) T:104 (   0.043   0.063   0.077   0.081   0.081   0.081 )
1049.961: I:1 (   0.052   0.052   0.052 ) T:105 (   0.043   0.063   0.077   0.081   0.081   0.081 )
1059.961: I:1 (   0.044   0.044   0.044 ) T:106 (   0.043   0.063   0.077   0.081   0.081   0.081 )
1069.961: I:1 (   0.066   0.066   0.066 ) T:107 (   0.044   0.064   0.077   0.081   0.081   0.081 )
1079.961: I:1 (   0.057   0.057   0.057 ) T:108 (   0.044   0.064   0.077   0.081   0.081   0.081 )
1089.967: I:1 (   0.041   0.041   0.041 ) T:109 (   0.044   0.064   0.077   0.081   0.081   0.081 )
1099.961: I:1 (   0.052   0.052   0.052 ) T:110 (   0.044   0.063   0.077   0.081   0.081   0.081 )
1109.961: I:1 (   0.064   0.064   0.064 ) T:111 (   0.045   0.064   0.077   0.081   0.081   0.081 )
1119.967: I:1 (   0.051   0.051   0.051 ) T:112 (   0.045   0.064   0.077   0.081   0.081   0.081 )
1129.964: I:1 (   0.045   0.045   0.045 ) T:113 (   0.045   0.064   0.077   0.081   0.081   0.081 )
1139.961: I:1 (   0.068   0.068   0.068 ) T:114 (   0.045   0.064   0.077   0.081   0.081   0.081 )
1149.960: I:1 (   0.060   0.060   0.060 ) T:115 (   0.046   0.064   0.077   0.081   0.081   0.081 )
1159.960: I:1 (   0.051   0.051   0.051 ) T:116 (   0.046   0.064   0.077   0.081   0.081   0.081 )
1169.961: I:1 (   0.071   0.071   0.071 ) T:117 (   0.046   0.066   0.077   0.081   0.081   0.081 )
1179.961: I:1 (   0.066   0.066   0.066 ) T:118 (   0.046   0.066   0.077   0.081   0.081   0.081 )
1189.963: I:1 (   0.057   0.057   0.057 ) T:119 (   0.046   0.066   0.077   0.081   0.081   0.081 )
1199.965: I:1 (   0.051   0.051   0.051 ) T:120 (   0.046   0.066   0.077   0.081   0.081   0.081 )
1209.961: I:1 (   0.074   0.074   0.074 ) T:121 (   0.047   0.066   0.077   0.081   0.081   0.081 )
1219.960: I:1 (   0.066   0.066   0.066 ) T:122 (   0.047   0.066   0.077   0.081   0.081   0.081 )
1229.959: I:1 (   0.057   0.057   0.057 ) T:123 (   0.048   0.066   0.077   0.081   0.081   0.081 )
1239.961: I:1 (   0.080   0.080   0.080 ) T:124 (   0.048   0.067   0.080   0.081   0.081   0.081 )
1249.961: I:1 (   0.069   0.069   0.069 ) T:125 (   0.048   0.067   0.080   0.081   0.081   0.081 )
1259.961: I:1 (   0.061   0.061   0.061 ) T:126 (   0.048   0.067   0.080   0.081   0.081   0.081 )
1269.961: I:1 (   0.083   0.083   0.083 ) T:127 (   0.048   0.068   0.081   0.083   0.083   0.083 )
1279.961: I:1 (   0.075   0.075   0.075 ) T:128 (   0.048   0.068   0.081   0.083   0.083   0.083 )
1289.961: I:1 (   0.066   0.066   0.066 ) T:129 (   0.049   0.068   0.081   0.083   0.083   0.083 )
1299.961: I:1 (   0.059   0.059   0.059 ) T:130 (   0.049   0.068   0.081   0.083   0.083   0.083 )
1309.961: I:1 (   0.082   0.082   0.082 ) T:131 (   0.049   0.068   0.082   0.083   0.083   0.083 )
1319.961: I:1 (   0.075   0.075   0.075 ) T:132 (   0.049   0.069   0.082   0.083   0.083   0.083 )
1329.961: I:1 (   0.067   0.067   0.067 ) T:133 (   0.050   0.069   0.082   0.083   0.083   0.083 )
1339.960: I:1 (   0.089   0.089   0.089 ) T:134 (   0.050   0.070   0.083   0.089   0.089   0.089 )
1349.961: I:1 (   0.081   0.081   0.081 ) T:135 (   0.051   0.071   0.083   0.089   0.089   0.089 )
1359.962: I:1 (   0.072   0.072   0.072 ) T:136 (   0.051   0.071   0.083   0.089   0.089   0.089 )
1369.961: I:1 (   0.064   0.064   0.064 ) T:137 (   0.051   0.071   0.083   0.089   0.089   0.089 )
1379.959: I:1 (   0.087   0.087   0.087 ) T:138 (   0.051   0.072   0.087   0.089   0.089   0.089 )
1389.960: I:1 (   0.081   0.081   0.081 ) T:139 (   0.051   0.073   0.087   0.089   0.089   0.089 )
1399.959: I:1 (   0.073   0.073   0.073 ) T:140 (   0.051   0.073   0.087   0.089   0.089   0.089 )
1409.960: I:1 (   0.095   0.095   0.095 ) T:141 (   0.051   0.073   0.089   0.095   0.095   0.095 )
1419.960: I:1 (   0.089   0.089   0.089 ) T:142 (   0.051   0.074   0.089   0.095   0.095   0.095 )
1429.961: I:1 (   0.080   0.080   0.080 ) T:143 (   0.052   0.075   0.089   0.095   0.095   0.095 )
1439.961: I:1 (   0.075   0.075   0.075 ) T:144 (   0.052   0.075   0.089   0.095   0.095   0.095 )
1449.960: I:1 (   0.096   0.096   0.096 ) T:145 (   0.052   0.075   0.095   0.096   0.096   0.096 )
1459.961: I:1 (   0.091   0.091   0.091 ) T:146 (   0.052   0.075   0.095   0.096   0.096   0.096 )
1469.959: I:1 (   0.084   0.084   0.084 ) T:147 (   0.052   0.077   0.095   0.096   0.096   0.096 )
1479.960: I:1 (   0.078   0.078   0.078 ) T:148 (   0.052   0.078   0.095   0.096   0.096   0.096 )
1489.959: I:1 (   0.099   0.099   0.099 ) T:149 (   0.052   0.080   0.096   0.099   0.099   0.099 )
1499.960: I:1 (   0.091   0.091   0.091 ) T:150 (   0.052   0.080   0.096   0.099   0.099   0.099 )
1509.966: I:1 (   0.083   0.083   0.083 ) T:151 (   0.053   0.080   0.096   0.099   0.099   0.099 )
1519.960: I:1 (   0.107   0.107   0.107 ) T:152 (   0.053   0.081   0.099   0.107   0.107   0.107 )
1529.960: I:1 (   0.098   0.098   0.098 ) T:153 (   0.053   0.081   0.099   0.107   0.107   0.107 )
1539.962: I:1 (   0.090   0.090   0.090 ) T:154 (   0.053   0.081   0.099   0.107   0.107   0.107 )
1549.961: I:1 (   0.084   0.084   0.084 ) T:155 (   0.053   0.082   0.099   0.107   0.107   0.107 )
1559.965: I:1 (   0.105   0.105   0.105 ) T:156 (   0.053   0.083   0.105   0.107   0.107   0.107 )
1569.961: I:1 (   0.097   0.097   0.097 ) T:157 (   0.053   0.083   0.105   0.107   0.107   0.107 )
1579.959: I:1 (   0.089   0.089   0.089 ) T:158 (   0.053   0.084   0.105   0.107   0.107   0.107 )
1589.961: I:1 (   0.111   0.111   0.111 ) T:159 (   0.053   0.084   0.107   0.111   0.111   0.111 )
1599.959: I:1 (   0.105   0.105   0.105 ) T:160 (   0.053   0.084   0.107   0.111   0.111   0.111 )
1609.961: I:1 (   0.096   0.096   0.096 ) T:161 (   0.054   0.087   0.107   0.111   0.111   0.111 )
1619.960: I:1 (   0.090   0.090   0.090 ) T:162 (   0.054   0.089   0.107   0.111   0.111   0.111 )
1629.960: I:1 (   0.111   0.111   0.111 ) T:163 (   0.054   0.089   0.111   0.111   0.111   0.111 )
1639.960: I:1 (   0.105   0.105   0.105 ) T:164 (   0.054   0.089   0.111   0.111   0.111   0.111 )
1649.960: I:1 (   0.096   0.096   0.096 ) T:165 (   0.055   0.090   0.111   0.111   0.111   0.111 )
1659.961: I:1 (   0.118   0.118   0.118 ) T:166 (   0.055   0.090   0.111   0.118   0.118   0.118 )
1669.960: I:1 (   0.112   0.112   0.112 ) T:167 (   0.056   0.091   0.112   0.118   0.118   0.118 )
1679.961: I:1 (   0.103   0.103   0.103 ) T:168 (   0.056   0.091   0.112   0.118   0.118   0.118 )
1689.960: I:1 (   0.097   0.097   0.097 ) T:169 (   0.056   0.095   0.112   0.118   0.118   0.118 )
1699.960: I:1 (   0.120   0.120   0.120 ) T:170 (   0.056   0.095   0.118   0.120   0.120   0.120 )
1709.961: I:1 (   0.113   0.113   0.113 ) T:171 (   0.056   0.096   0.118   0.120   0.120   0.120 )
1719.961: I:1 (   0.105   0.105   0.105 ) T:172 (   0.056   0.096   0.118   0.120   0.120   0.120 )
1729.959: I:1 (   0.127   0.127   0.127 ) T:173 (   0.056   0.096   0.120   0.127   0.127   0.127 )
1739.966: I:1 (   0.120   0.120   0.120 ) T:174 (   0.056   0.097   0.120   0.127   0.127   0.127 )
1749.966: I:1 (   0.111   0.111   0.111 ) T:175 (   0.057   0.097   0.120   0.127   0.127   0.127 )
1759.961: I:1 (   0.107   0.107   0.107 ) T:176 (   0.057   0.098   0.120   0.127   0.127   0.127 )
1769.966: I:1 (   0.131   0.131   0.131 ) T:177 (   0.057   0.099   0.127   0.131   0.131   0.131 )
1779.959: I:1 (   0.124   0.124   0.124 ) T:178 (   0.057   0.103   0.127   0.131   0.131   0.131 )
1789.959: I:1 (   0.118   0.118   0.118 ) T:179 (   0.057   0.105   0.127   0.131   0.131   0.131 )
1799.961: I:1 (   0.111   0.111   0.111 ) T:180 (   0.057   0.105   0.127   0.131   0.131   0.131 )
1809.959: I:1 (   0.131   0.131   0.131 ) T:181 (   0.058   0.105   0.131   0.131   0.131   0.131 )
1819.961: I:1 (   0.124   0.124   0.124 ) T:182 (   0.058   0.105   0.131   0.131   0.131   0.131 )
1829.959: I:1 (   0.115   0.115   0.115 ) T:183 (   0.059   0.105   0.131   0.131   0.131   0.131 )
1839.961: I:1 (   0.137   0.137   0.137 ) T:184 (   0.059   0.107   0.131   0.137   0.137   0.137 )
1849.961: I:1 (   0.130   0.130   0.130 ) T:185 (   0.059   0.107   0.131   0.137   0.137   0.137 )
1859.961: I:1 (   0.123   0.123   0.123 ) T:186 (   0.059   0.111   0.131   0.137   0.137   0.137 )
1869.961: I:1 (   0.115   0.115   0.115 ) T:187 (   0.059   0.111   0.131   0.137   0.137   0.137 )
1879.961: I:1 (   0.137   0.137   0.137 ) T:188 (   0.059   0.111   0.137   0.137   0.137   0.137 )
1889.960: I:1 (   0.130   0.130   0.130 ) T:189 (   0.059   0.111   0.137   0.137   0.137   0.137 )
1899.961: I:1 (   0.123   0.123   0.123 ) T:190 (   0.059   0.111   0.137   0.137   0.137   0.137 )
1909.959: I:1 (   0.145   0.145   0.145 ) T:191 (   0.060   0.112   0.137   0.145   0.145   0.145 )
1919.960: I:1 (   0.138   0.138   0.138 ) T:192 (   0.060   0.113   0.138   0.145   0.145   0.145 )
1929.959: I:1 (   0.129   0.129   0.129 ) T:193 (   0.060   0.115   0.138   0.145   0.145   0.145 )
1939.961: I:1 (   0.121   0.121   0.121 ) T:194 (   0.060   0.115   0.138   0.145   0.145   0.145 )
1949.961: I:1 (   0.143   0.143   0.143 ) T:195 (   0.060   0.118   0.143   0.145   0.145   0.145 )
1959.960: I:1 (   0.135   0.135   0.135 ) T:196 (   0.060   0.118   0.143   0.145   0.145   0.145 )
1969.959: I:1 (   0.126   0.126   0.126 ) T:197 (   0.060   0.120   0.143   0.145   0.145   0.145 )
1979.960: I:1 (   0.148   0.148   0.148 ) T:198 (   0.060   0.120   0.145   0.148   0.148   0.148 )
1989.961: I:1 (   0.142   0.142   0.142 ) T:199 (   0.060   0.121   0.145   0.148   0.148   0.148 )
1999.960: I:1 (   0.135   0.135   0.135 ) T:200 (   0.060   0.121   0.143   0.148   0.148   0.148 )
2009.960: I:1 (   0.128   0.128   0.128 ) T:201 (   0.060   0.123   0.143   0.148   0.148   0.148 )
2019.960: I:1 (   0.151   0.151   0.151 ) T:202 (   0.060   0.123   0.145   0.151   0.151   0.151 )
2029.960: I:1 (   0.144   0.144   0.144 ) T:203 (   0.061   0.124   0.145   0.151   0.151   0.151 )
2039.961: I:1 (   0.135   0.135   0.135 ) T:204 (   0.061   0.124   0.145   0.151   0.151   0.151 )
2049.961: I:1 (   0.158   0.158   0.158 ) T:205 (   0.061   0.126   0.148   0.158   0.158   0.158 )
2059.961: I:1 (   0.151   0.151   0.151 ) T:206 (   0.061   0.127   0.151   0.158   0.158   0.158 )
2069.960: I:1 (   0.144   0.144   0.144 ) T:207 (   0.061   0.128   0.151   0.158   0.158   0.158 )
2079.960: I:1 (   0.138   0.138   0.138 ) T:208 (   0.061   0.129   0.151   0.158   0.158   0.158 )
2089.960: I:1 (   0.160   0.160   0.160 ) T:209 (   0.061   0.130   0.151   0.160   0.160   0.160 )
2099.961: I:1 (   0.153   0.153   0.153 ) T:210 (   0.061   0.130   0.153   0.160   0.160   0.160 )
2109.960: I:1 (   0.145   0.145   0.145 ) T:211 (   0.062   0.130   0.153   0.160   0.160   0.160 )
2119.960: I:1 (   0.139   0.139   0.139 ) T:212 (   0.062   0.131   0.153   0.160   0.160   0.160 )
2129.961: I:1 (   0.161   0.161   0.161 ) T:213 (   0.063   0.131   0.158   0.161   0.161   0.161 )
2139.960: I:1 (   0.155   0.155   0.155 ) T:214 (   0.063   0.135   0.158   0.161   0.161   0.161 )
2149.960: I:1 (   0.146   0.146   0.146 ) T:215 (   0.063   0.135   0.158   0.161   0.161   0.161 )
2159.960: I:1 (   0.167   0.167   0.167 ) T:216 (   0.063   0.135   0.160   0.167   0.167   0.167 )
2169.961: I:1 (   0.159   0.159   0.159 ) T:217 (   0.064   0.137   0.160   0.167   0.167   0.167 )
2179.959: I:1 (   0.152   0.152   0.152 ) T:218 (   0.064   0.137   0.160   0.167   0.167   0.167 )
2189.961: I:1 (   0.146   0.146   0.146 ) T:219 (   0.064   0.138   0.160   0.167   0.167   0.167 )
2199.961: I:1 (   0.168   0.168   0.168 ) T:220 (   0.064   0.138   0.161   0.168   0.168   0.168 )
2209.960: I:1 (   0.163   0.163   0.163 ) T:221 (   0.064   0.138   0.163   0.168   0.168   0.168 )
2219.961: I:1 (   0.158   0.158   0.158 ) T:222 (   0.064   0.139   0.163   0.168   0.168   0.168 )
2229.960: I:1 (   0.154   0.154   0.154 ) T:223 (   0.066   0.142   0.163   0.168   0.168   0.168 )
2239.961: I:1 (   0.176   0.176   0.176 ) T:224 (   0.066   0.143   0.167   0.176   0.176   0.176 )
2249.961: I:1 (   0.169   0.169   0.169 ) T:225 (   0.066   0.144   0.168   0.176   0.176   0.176 )
2259.961: I:1 (   0.162   0.162   0.162 ) T:226 (   0.066   0.144   0.168   0.176   0.176   0.176 )
2269.961: I:1 (   0.156   0.156   0.156 ) T:227 (   0.066   0.145   0.168   0.176   0.176   0.176 )
2279.961: I:1 (   0.177   0.177   0.177 ) T:228 (   0.066   0.145   0.169   0.177   0.177   0.177 )
2289.960: I:1 (   0.170   0.170   0.170 ) T:229 (   0.066   0.146   0.170   0.177   0.177   0.177 )
2299.965: I:1 (   0.162   0.162   0.162 ) T:230 (   0.066   0.146   0.170   0.177   0.177   0.177 )
2309.961: I:1 (   0.158   0.158   0.158 ) T:231 (   0.067   0.146   0.170   0.177   0.177   0.177 )
2319.961: I:1 (   0.181   0.181   0.181 ) T:232 (   0.067   0.148   0.176   0.181   0.181   0.181 )
2329.961: I:1 (   0.173   0.173   0.173 ) T:233 (   0.067   0.151   0.176   0.181   0.181   0.181 )
2339.960: I:1 (   0.167   0.167   0.167 ) T:234 (   0.067   0.151   0.176   0.181   0.181   0.181 )
2349.960: I:1 (   0.187   0.187   0.187 ) T:235 (   0.067   0.152   0.177   0.187   0.187   0.187 )
2359.965: I:1 (   0.183   0.183   0.183 ) T:236 (   0.067   0.153   0.181   0.187   0.187   0.187 )
2369.961: I:1 (   0.176   0.176   0.176 ) T:237 (   0.068   0.154   0.181   0.187   0.187   0.187 )
2379.961: I:1 (   0.172   0.172   0.172 ) T:238 (   0.068   0.155   0.181   0.187   0.187   0.187 )
2389.961: I:1 (   0.168   0.168   0.168 ) T:239 (   0.068   0.156   0.181   0.187   0.187   0.187 )
2399.961: I:1 (   0.190   0.190   0.190 ) T:240 (   0.068   0.156   0.183   0.190   0.190   0.190 )
2409.960: I:1 (   0.182   0.182   0.182 ) T:241 (   0.069   0.158   0.183   0.190   0.190   0.190 )
2419.961: I:1 (   0.029   0.029   0.029 ) T:242 (   0.068   0.158   0.183   0.190   0.190   0.190 )
2429.961: I:1 (   0.052   0.052   0.052 ) T:243 (   0.068   0.158   0.183   0.190   0.190   0.190 )
2439.961: I:1 (   0.047   0.047   0.047 ) T:244 (   0.068   0.158   0.183   0.190   0.190   0.190 )
2449.961: I:1 (   0.039   0.039   0.039 ) T:245 (   0.068   0.158   0.183   0.190   0.190   0.190 )
2459.961: I:1 (   0.034   0.034   0.034 ) T:246 (   0.067   0.158   0.183   0.190   0.190   0.190 )
2469.961: I:1 (   0.056   0.056   0.056 ) T:247 (   0.067   0.158   0.183   0.190   0.190   0.190 )
2479.960: I:1 (   0.048   0.048   0.048 ) T:248 (   0.067   0.158   0.183   0.190   0.190   0.190 )
2489.961: I:1 (   0.040   0.040   0.040 ) T:249 (   0.067   0.158   0.183   0.190   0.190   0.190 )
2499.961: I:1 (   0.061   0.061   0.061 ) T:250 (   0.067   0.156   0.183   0.190   0.190   0.190 )
2509.960: I:1 (   0.054   0.054   0.054 ) T:251 (   0.067   0.156   0.183   0.190   0.190   0.190 )
2519.961: I:1 (   0.044   0.044   0.044 ) T:252 (   0.066   0.156   0.183   0.190   0.190   0.190 )
2529.961: I:1 (   0.040   0.040   0.040 ) T:253 (   0.066   0.156   0.183   0.190   0.190   0.190 )
2539.961: I:1 (   0.061   0.061   0.061 ) T:254 (   0.066   0.156   0.183   0.190   0.190   0.190 )
2549.959: I:1 (   0.055   0.055   0.055 ) T:255 (   0.066   0.156   0.183   0.190   0.190   0.190 )
2559.961: I:1 (   0.048   0.048   0.048 ) T:256 (   0.066   0.156   0.183   0.190   0.190   0.190 )
2569.961: I:1 (   0.042   0.042   0.042 ) T:257 (   0.066   0.156   0.183   0.190   0.190   0.190 )
2579.961: I:1 (   0.064   0.064   0.064 ) T:258 (   0.066   0.156   0.183   0.190   0.190   0.190 )
2589.960: I:1 (   0.056   0.056   0.056 ) T:259 (   0.066   0.156   0.183   0.190   0.190   0.190 )
2599.961: I:1 (   0.049   0.049   0.049 ) T:260 (   0.064   0.155   0.183   0.190   0.190   0.190 )
2609.961: I:1 (   0.069   0.069   0.069 ) T:261 (   0.066   0.155   0.183   0.190   0.190   0.190 )
2619.961: I:1 (   0.063   0.063   0.063 ) T:262 (   0.064   0.155   0.183   0.190   0.190   0.190 )
2629.960: I:1 (   0.056   0.056   0.056 ) T:263 (   0.064   0.155   0.183   0.190   0.190   0.190 )
2639.961: I:1 (   0.049   0.049   0.049 ) T:264 (   0.064   0.155   0.183   0.190   0.190   0.190 )
2649.960: I:1 (   0.071   0.071   0.071 ) T:265 (   0.064   0.155   0.183   0.190   0.190   0.190 )
2659.961: I:1 (   0.064   0.064   0.064 ) T:266 (   0.064   0.155   0.183   0.190   0.190   0.190 )
2669.961: I:1 (   0.056   0.056   0.056 ) T:267 (   0.064   0.155   0.183   0.190   0.190   0.190 )
2679.961: I:1 (   0.078   0.078   0.078 ) T:268 (   0.064   0.155   0.183   0.190   0.190   0.190 )
2689.964: I:1 (   0.071   0.071   0.071 ) T:269 (   0.064   0.155   0.183   0.190   0.190   0.190 )
2699.968: I:1 (   0.065   0.065   0.065 ) T:270 (   0.064   0.154   0.183   0.190   0.190   0.190 )
2709.960: I:1 (   0.061   0.061   0.061 ) T:271 (   0.064   0.154   0.183   0.190   0.190   0.190 )
2719.960: I:1 (   0.083   0.083   0.083 ) T:272 (   0.064   0.154   0.183   0.190   0.190   0.190 )
2729.961: I:1 (   0.077   0.077   0.077 ) T:273 (   0.065   0.154   0.183   0.190   0.190   0.190 )
2739.959: I:1 (   0.070   0.070   0.070 ) T:274 (   0.065   0.154   0.183   0.190   0.190   0.190 )
2749.960: I:1 (   0.064   0.064   0.064 ) T:275 (   0.065   0.154   0.183   0.190   0.190   0.190 )
2759.961: I:1 (   0.086   0.086   0.086 ) T:276 (   0.065   0.154   0.183   0.190   0.190   0.190 )
2769.961: I:1 (   0.078   0.078   0.078 ) T:277 (   0.066   0.154   0.183   0.190   0.190   0.190 )
2779.960: I:1 (   0.071   0.071   0.071 ) T:278 (   0.066   0.154   0.183   0.190   0.190   0.190 )
2789.960: I:1 (   0.067   0.067   0.067 ) T:279 (   0.066   0.154   0.183   0.190   0.190   0.190 )
2799.961: I:1 (   0.089   0.089   0.089 ) T:280 (   0.066   0.153   0.183   0.190   0.190   0.190 )
2809.961: I:1 (   0.083   0.083   0.083 ) T:281 (   0.066   0.153   0.183   0.190   0.190   0.190 )
2819.960: I:1 (   0.073   0.073   0.073 ) T:282 (   0.066   0.153   0.183   0.190   0.190   0.190 )
2829.967: I:1 (   0.068   0.068   0.068 ) T:283 (   0.066   0.153   0.183   0.190   0.190   0.190 )
2839.967: I:1 (   0.091   0.091   0.091 ) T:284 (   0.066   0.153   0.183   0.190   0.190   0.190 )
2849.961: I:1 (   0.088   0.088   0.088 ) T:285 (   0.067   0.153   0.183   0.190   0.190   0.190 )
2859.960: I:1 (   0.083   0.083   0.083 ) T:286 (   0.067   0.153   0.183   0.190   0.190   0.190 )
2869.961: I:1 (   0.079   0.079   0.079 ) T:287 (   0.067   0.153   0.183   0.190   0.190   0.190 )
2879.960: I:1 (   0.099   0.099   0.099 ) T:288 (   0.067   0.153   0.183   0.190   0.190   0.190 )
2889.961: I:1 (   0.094   0.094   0.094 ) T:289 (   0.067   0.153   0.183   0.190   0.190   0.190 )
2899.960: I:1 (   0.089   0.089   0.089 ) T:290 (   0.067   0.152   0.183   0.190   0.190   0.190 )
2909.960: I:1 (   0.081   0.081   0.081 ) T:291 (   0.067   0.152   0.183   0.190   0.190   0.190 )
2919.960: I:1 (   0.103   0.103   0.103 ) T:292 (   0.067   0.152   0.183   0.190   0.190   0.190 )
2929.960: I:1 (   0.098   0.098   0.098 ) T:293 (   0.068   0.152   0.183   0.190   0.190   0.190 )
2939.960: I:1 (   0.091   0.091   0.091 ) T:294 (   0.068   0.152   0.183   0.190   0.190   0.190 )
2949.967: I:1 (   0.087   0.087   0.087 ) T:295 (   0.068   0.152   0.183   0.190   0.190   0.190 )
2959.960: I:1 (   0.084   0.084   0.084 ) T:296 (   0.068   0.152   0.183   0.190   0.190   0.190 )
2969.960: I:1 (   0.106   0.106   0.106 ) T:297 (   0.068   0.152   0.183   0.190   0.190   0.190 )
2979.961: I:1 (   0.097   0.097   0.097 ) T:298 (   0.068   0.152   0.183   0.190   0.190   0.190 )
2989.960: I:1 (   0.094   0.094   0.094 ) T:299 (   0.069   0.152   0.183   0.190   0.190   0.190 )
2999.959: I:1 (   0.115   0.115   0.115 ) T:300 (   0.069   0.151   0.182   0.190   0.190   0.190 )
3009.961: I:1 (   0.108   0.108   0.108 ) T:301 (   0.069   0.151   0.182   0.190   0.190   0.190 )
3019.960: I:1 (   0.036   0.036   0.036 ) T:302 (   0.069   0.151   0.182   0.190   0.190   0.190 )
3029.961: I:1 (   0.033   0.033   0.033 ) T:303 (   0.069   0.151   0.182   0.190   0.190   0.190 )
3039.961: I:1 (   0.029   0.029   0.029 ) T:304 (   0.068   0.151   0.182   0.190   0.190   0.190 )
3049.961: I:1 (   0.050   0.050   0.050 ) T:305 (   0.068   0.151   0.182   0.190   0.190   0.190 )
3059.961: I:1 (   0.046   0.046   0.046 ) T:306 (   0.068   0.151   0.182   0.190   0.190   0.190 )
3069.960: I:1 (   0.040   0.040   0.040 ) T:307 (   0.068   0.151   0.182   0.190   0.190   0.190 )
3079.959: I:1 (   0.037   0.037   0.037 ) T:308 (   0.068   0.151   0.182   0.190   0.190   0.190 )
3089.960: I:1 (   0.059   0.059   0.059 ) T:309 (   0.068   0.151   0.182   0.190   0.190   0.190 )
3099.960: I:1 (   0.054   0.054   0.054 ) T:310 (   0.067   0.151   0.182   0.190   0.190   0.190 )
3109.959: I:1 (   0.048   0.048   0.048 ) T:311 (   0.067   0.151   0.182   0.190   0.190   0.190 )
3119.960: I:1 (   0.043   0.043   0.043 ) T:312 (   0.067   0.151   0.182   0.190   0.190   0.190 )
3129.960: I:1 (   0.039   0.039   0.039 ) T:313 (   0.067   0.151   0.182   0.190   0.190   0.190 )
3139.961: I:1 (   0.060   0.060   0.060 ) T:314 (   0.067   0.151   0.182   0.190   0.190   0.190 )
3149.961: I:1 (   0.055   0.055   0.055 ) T:315 (   0.067   0.151   0.182   0.190   0.190   0.190 )
3159.961: I:1 (   0.052   0.052   0.052 ) T:316 (   0.067   0.151   0.182   0.190   0.190   0.190 )
3169.960: I:1 (   0.048   0.048   0.048 ) T:317 (   0.067   0.151   0.182   0.190   0.190   0.190 )
3179.960: I:1 (   0.070   0.070   0.070 ) T:318 (   0.067   0.151   0.182   0.190   0.190   0.190 )
3189.961: I:1 (   0.066   0.066   0.066 ) T:319 (   0.067   0.151   0.182   0.190   0.190   0.190 )
3199.960: I:1 (   0.060   0.060   0.060 ) T:320 (   0.066   0.148   0.182   0.190   0.190   0.190 )
3209.962: I:1 (   0.057   0.057   0.057 ) T:321 (   0.066   0.148   0.182   0.190   0.190   0.190 )
3219.960: I:1 (   0.053   0.053   0.053 ) T:322 (   0.066   0.148   0.182   0.190   0.190   0.190 )
3229.960: I:1 (   0.075   0.075   0.075 ) T:323 (   0.066   0.148   0.182   0.190   0.190   0.190 )
3239.960: I:1 (   0.069   0.069   0.069 ) T:324 (   0.066   0.148   0.182   0.190   0.190   0.190 )
3249.963: I:1 (   0.064   0.064   0.064 ) T:325 (   0.066   0.148   0.182   0.190   0.190   0.190 )
3259.962: I:1 (   0.062   0.062   0.062 ) T:326 (   0.066   0.148   0.182   0.190   0.190   0.190 )
3269.961: I:1 (   0.059   0.059   0.059 ) T:327 (   0.066   0.148   0.182   0.190   0.190   0.190 )
3279.967: I:1 (   0.081   0.081   0.081 ) T:328 (   0.066   0.148   0.182   0.190   0.190   0.190 )
3289.959: I:1 (   0.078   0.078   0.078 ) T:329 (   0.066   0.148   0.182   0.190   0.190   0.190 )
3299.961: I:1 (   0.070   0.070   0.070 ) T:330 (   0.066   0.146   0.182   0.190   0.190   0.190 )
3309.960: I:1 (   0.065   0.065   0.065 ) T:331 (   0.066   0.146   0.182   0.190   0.190   0.190 )
3319.959: I:1 (   0.087   0.087   0.087 ) T:332 (   0.066   0.146   0.182   0.190   0.190   0.190 )
3329.960: I:1 (   0.083   0.083   0.083 ) T:333 (   0.067   0.146   0.182   0.190   0.190   0.190 )
3339.960: I:1 (   0.078   0.078   0.078 ) T:334 (   0.067   0.146   0.182   0.190   0.190   0.190 )
3349.960: I:1 (   0.074   0.074   0.074 ) T:335 (   0.067   0.146   0.182   0.190   0.190   0.190 )
3359.959: I:1 (   0.071   0.071   0.071 ) T:336 (   0.067   0.146   0.182   0.190   0.190   0.190 )
3369.961: I:1 (   0.093   0.093   0.093 ) T:337 (   0.067   0.146   0.182   0.190   0.190   0.190 )
3379.959: I:1 (   0.089   0.089   0.089 ) T:338 (   0.067   0.146   0.182   0.190   0.190   0.190 )
3389.961: I:1 (   0.084   0.084   0.084 ) T:339 (   0.067   0.146   0.182   0.190   0.190   0.190 )
3399.567: I:2 (   0.077   0.097   0.097 ) T:341 (   0.068   0.146   0.182   0.190   0.190   0.190 )
3399.616: I:0 (   0.000   0.000   0.000 ) T:341 (   0.068   0.146   0.182   0.190   0.190   0.190 )
