#[Interval percentile log between 0.000 and <Infinite> seconds (relative to StartTime)]
#[StartTime: 1524872490.572 (seconds since epoch), Sat Apr 28 01:41:30 CEST 2018]
Time: IntervalPercentiles:count ( 50% 90% Max ) TotalPercentiles:count ( 50% 90% 99% 99.9% 99.99% Max )
7.414: I:1 (  35.103  35.103  35.103 ) T:1 (  35.103  35.103  35.103  35.103  35.103  35.103 )
17.397: I:2 (  15.279  48.543  48.543 ) T:3 (  35.103  48.543  48.543  48.543  48.543  48.543 )
27.399: I:0 (   0.000   0.000   0.000 ) T:3 (  35.103  48.543  48.543  48.543  48.543  48.543 )
37.400: I:3 (   4.875  24.431  24.431 ) T:6 (  15.279  48.543  48.543  48.543  48.543  48.543 )
47.395: I:2 (   0.321   2.499   2.499 ) T:8 (   4.875  48.543  48.543  48.543  48.543  48.543 )
57.390: I:2 (   1.499   1.623   1.623 ) T:10 (   2.499  35.103  48.543  48.543  48.543  48.543 )
67.395: I:0 (   0.000   0.000   0.000 ) T:10 (   2.499  35.103  48.543  48.543  48.543  48.543 )
77.403: I:3 (   2.431 204.543 204.543 ) T:13 (   2.499  48.543 204.543 204.543 204.543 204.543 )
87.396: I:3 (   1.536   2.319   2.319 ) T:16 (   2.319  48.543 204.543 204.543 204.543 204.543 )
97.396: I:1 ( 171.263 171.263 171.263 ) T:17 (   2.431 171.263 204.543 204.543 204.543 204.543 )
107.395: I:3 (   1.983  24.111  24.111 ) T:20 (   2.319  48.543 204.543 204.543 204.543 204.543 )
117.391: I:1 (  16.847  16.847  16.847 ) T:21 (   2.431  48.543 204.543 204.543 204.543 204.543 )
127.396: I:4 (   1.071 315.135 315.135 ) T:25 (   2.431 204.543 315.135 315.135 315.135 315.135 )
137.386: I:1 (  13.615  13.615  13.615 ) T:26 (   2.431 204.543 315.135 315.135 315.135 315.135 )
147.395: I:4 (  10.983 183.679 183.679 ) T:30 (   2.499 183.679 315.135 315.135 315.135 315.135 )
157.392: I:3 (   1.509  16.055  16.055 ) T:33 (   2.499 183.679 315.135 315.135 315.135 315.135 )
167.396: I:2 (   1.203 270.591 270.591 ) T:35 (   2.499 204.543 315.135 315.135 315.135 315.135 )
177.386: I:1 (   0.721   0.721   0.721 ) T:36 (   2.431 204.543 315.135 315.135 315.135 315.135 )
187.392: I:1 (   0.323   0.323   0.323 ) T:37 (   2.431 204.543 315.135 315.135 315.135 315.135 )
197.386: I:1 (   0.483   0.483   0.483 ) T:38 (   2.319 204.543 315.135 315.135 315.135 315.135 )
207.393: I:1 (   0.910   0.910   0.910 ) T:39 (   2.319 204.543 315.135 315.135 315.135 315.135 )
217.391: I:1 (   0.543   0.543   0.543 ) T:40 (   1.983 183.679 315.135 315.135 315.135 315.135 )
227.392: I:1 (   0.465   0.465   0.465 ) T:41 (   1.983 183.679 315.135 315.135 315.135 315.135 )
237.386: I:1 (   0.823   0.823   0.823 ) T:42 (   1.877 183.679 315.135 315.135 315.135 315.135 )
247.385: I:1 (   0.321   0.321   0.321 ) T:43 (   1.877 183.679 315.135 315.135 315.135 315.135 )
257.386: I:0 (   0.000   0.000   0.000 ) T:43 (   1.877 183.679 315.135 315.135 315.135 315.135 )
267.393: I:2 (   0.396 316.159 316.159 ) T:45 (   1.877 204.543 316.159 316.159 316.159 316.159 )
277.392: I:1 (   1.168   1.168   1.168 ) T:46 (   1.759 204.543 316.159 316.159 316.159 316.159 )
287.392: I:2 (   0.674   1.752   1.752 ) T:48 (   1.752 204.543 316.159 316.159 316.159 316.159 )
297.391: I:0 (   0.000   0.000   0.000 ) T:48 (   1.752 204.543 316.159 316.159 316.159 316.159 )
307.391: I:2 (   0.726   0.982   0.982 ) T:50 (   1.623 183.679 316.159 316.159 316.159 316.159 )
317.392: I:1 (   0.947   0.947   0.947 ) T:51 (   1.623 183.679 316.159 316.159 316.159 316.159 )
327.391: I:3 (   1.813  14.631  14.631 ) T:54 (   1.623 183.679 316.159 316.159 316.159 316.159 )
337.395: I:0 (   0.000   0.000   0.000 ) T:54 (   1.623 183.679 316.159 316.159 316.159 316.159 )
347.393: I:1 ( 144.767 144.767 144.767 ) T:55 (   1.752 183.679 316.159 316.159 316.159 316.159 )
357.389: I:4 (   0.682 202.623 202.623 ) T:59 (   1.752 202.623 316.159 316.159 316.159 316.159 )
367.392: I:2 (   0.457   1.058   1.058 ) T:61 (   1.623 183.679 316.159 316.159 316.159 316.159 )
377.391: I:3 (   0.848   0.916   0.916 ) T:64 (   1.509 183.679 316.159 316.159 316.159 316.159 )
387.391: I:1 (   0.458   0.458   0.458 ) T:65 (   1.509 183.679 316.159 316.159 316.159 316.159 )
397.387: I:1 (   1.045   1.045   1.045 ) T:66 (   1.499 183.679 316.159 316.159 316.159 316.159 )
407.387: I:6 (   1.090  12.623  12.623 ) T:72 (   1.309 171.263 316.159 316.159 316.159 316.159 )
417.391: I:0 (   0.000   0.000   0.000 ) T:72 (   1.309 171.263 316.159 316.159 316.159 316.159 )
427.391: I:2 (   0.797   0.810   0.810 ) T:74 (   1.217 171.263 316.159 316.159 316.159 316.159 )
437.394: I:2 (   0.480  12.223  12.223 ) T:76 (   1.217 171.263 316.159 316.159 316.159 316.159 )
447.391: I:2 (   0.350   0.801   0.801 ) T:78 (   1.203 171.263 316.159 316.159 316.159 316.159 )
457.391: I:1 (   0.549   0.549   0.549 ) T:79 (   1.203 171.263 316.159 316.159 316.159 316.159 )
467.386: I:2 (   0.860   0.861   0.861 ) T:81 (   1.168 144.767 316.159 316.159 316.159 316.159 )
477.392: I:0 (   0.000   0.000   0.000 ) T:81 (   1.168 144.767 316.159 316.159 316.159 316.159 )
487.393: I:2 (   0.537   0.772   0.772 ) T:83 (   1.119 144.767 316.159 316.159 316.159 316.159 )
497.392: I:1 (   0.764   0.764   0.764 ) T:84 (   1.112 144.767 316.159 316.159 316.159 316.159 )
507.393: I:2 (   0.503   0.749   0.749 ) T:86 (   1.090 144.767 316.159 316.159 316.159 316.159 )
517.390: I:1 (   0.694   0.694   0.694 ) T:87 (   1.090 144.767 316.159 316.159 316.159 316.159 )
527.393: I:3 (   0.670   0.911   0.911 ) T:90 (   1.058  48.543 316.159 316.159 316.159 316.159 )
537.393: I:2 (   0.336   0.768   0.768 ) T:92 (   1.045  48.543 316.159 316.159 316.159 316.159 )
547.390: I:0 (   0.000   0.000   0.000 ) T:92 (   1.045  48.543 316.159 316.159 316.159 316.159 )
557.393: I:0 (   0.000   0.000   0.000 ) T:92 (   1.045  48.543 316.159 316.159 316.159 316.159 )
567.393: I:2 (   0.301   0.410   0.410 ) T:94 (   0.982  48.543 316.159 316.159 316.159 316.159 )
577.391: I:2 (   0.474   0.637   0.637 ) T:96 (   0.947  48.543 316.159 316.159 316.159 316.159 )
587.386: I:0 (   0.000   0.000   0.000 ) T:96 (   0.947  48.543 316.159 316.159 316.159 316.159 )
597.386: I:1 (   0.574   0.574   0.574 ) T:97 (   0.947  48.543 316.159 316.159 316.159 316.159 )
607.387: I:2 (   0.711  13.503  13.503 ) T:99 (   0.947  48.543 316.159 316.159 316.159 316.159 )
617.392: I:2 (   0.348   0.422   0.422 ) T:101 (   0.916  35.103 315.135 316.159 316.159 316.159 )
627.392: I:0 (   0.000   0.000   0.000 ) T:101 (   0.916  35.103 315.135 316.159 316.159 316.159 )
637.390: I:0 (   0.000   0.000   0.000 ) T:101 (   0.916  35.103 315.135 316.159 316.159 316.159 )
647.391: I:1 (   0.521   0.521   0.521 ) T:102 (   0.911  35.103 315.135 316.159 316.159 316.159 )
657.392: I:4 (   0.430   0.950   0.950 ) T:106 (   0.910  35.103 315.135 316.159 316.159 316.159 )
667.390: I:0 (   0.000   0.000   0.000 ) T:106 (   0.910  35.103 315.135 316.159 316.159 316.159 )
677.393: I:0 (   0.000   0.000   0.000 ) T:106 (   0.910  35.103 315.135 316.159 316.159 316.159 )
687.393: I:0 (   0.000   0.000   0.000 ) T:106 (   0.910  35.103 315.135 316.159 316.159 316.159 )
697.393: I:0 (   0.000   0.000   0.000 ) T:106 (   0.910  35.103 315.135 316.159 316.159 316.159 )
707.392: I:2 (   0.932   0.936   0.936 ) T:108 (   0.911  35.103 315.135 316.159 316.159 316.159 )
717.392: I:2 (   0.684   0.946   0.946 ) T:110 (   0.911  24.431 315.135 316.159 316.159 316.159 )
727.393: I:1 (   0.375   0.375   0.375 ) T:111 (   0.911  24.431 315.135 316.159 316.159 316.159 )
737.393: I:3 (   0.590 262.655 262.655 ) T:114 (   0.910  35.103 315.135 316.159 316.159 316.159 )
747.392: I:0 (   0.000   0.000   0.000 ) T:114 (   0.910  35.103 315.135 316.159 316.159 316.159 )
757.390: I:1 (   0.554   0.554   0.554 ) T:115 (   0.910  35.103 315.135 316.159 316.159 316.159 )
767.387: I:4 (   0.601  18.271  18.271 ) T:119 (   0.910  35.103 315.135 316.159 316.159 316.159 )
777.391: I:1 (   0.361   0.361   0.361 ) T:120 (   0.861  24.431 315.135 316.159 316.159 316.159 )
787.390: I:1 (   0.995   0.995   0.995 ) T:121 (   0.910  24.431 315.135 316.159 316.159 316.159 )
797.392: I:1 (  18.751  18.751  18.751 ) T:122 (   0.910  24.431 315.135 316.159 316.159 316.159 )
807.393: I:2 (   0.914 216.191 216.191 ) T:124 (   0.911  35.103 315.135 316.159 316.159 316.159 )
817.393: I:1 (   0.352   0.352   0.352 ) T:125 (   0.911  35.103 315.135 316.159 316.159 316.159 )
827.392: I:0 (   0.000   0.000   0.000 ) T:125 (   0.911  35.103 315.135 316.159 316.159 316.159 )
837.388: I:1 (   0.791   0.791   0.791 ) T:126 (   0.910  35.103 315.135 316.159 316.159 316.159 )
847.387: I:1 (   0.783   0.783   0.783 ) T:127 (   0.910  35.103 315.135 316.159 316.159 316.159 )
857.385: I:2 (   0.408   0.511   0.511 ) T:129 (   0.861  35.103 315.135 316.159 316.159 316.159 )
867.391: I:1 (   0.808   0.808   0.808 ) T:130 (   0.860  24.431 315.135 316.159 316.159 316.159 )
877.389: I:1 (   0.356   0.356   0.356 ) T:131 (   0.860  24.431 315.135 316.159 316.159 316.159 )
887.391: I:0 (   0.000   0.000   0.000 ) T:131 (   0.860  24.431 315.135 316.159 316.159 316.159 )
897.393: I:1 ( 141.311 141.311 141.311 ) T:132 (   0.860  35.103 315.135 316.159 316.159 316.159 )
907.386: I:4 (   0.536 213.119 213.119 ) T:136 (   0.848  48.543 315.135 316.159 316.159 316.159 )
917.391: I:3 (   0.414   0.848   0.848 ) T:139 (   0.848  48.543 315.135 316.159 316.159 316.159 )
927.392: I:1 (   0.523   0.523   0.523 ) T:140 (   0.823  35.103 315.135 316.159 316.159 316.159 )
937.389: I:2 ( 125.951 186.367 186.367 ) T:142 (   0.848 125.951 315.135 316.159 316.159 316.159 )
947.391: I:2 (   0.520  15.439  15.439 ) T:144 (   0.848 125.951 315.135 316.159 316.159 316.159 )
957.392: I:2 (   0.345   0.546   0.546 ) T:146 (   0.823 125.951 315.135 316.159 316.159 316.159 )
967.392: I:0 (   0.000   0.000   0.000 ) T:146 (   0.823 125.951 315.135 316.159 316.159 316.159 )
977.392: I:3 (   0.424   0.475   0.475 ) T:149 (   0.810 125.951 315.135 316.159 316.159 316.159 )
987.393: I:1 (   6.939   6.939   6.939 ) T:150 (   0.810  48.543 315.135 316.159 316.159 316.159 )
997.393: I:3 (   0.484  12.607  12.607 ) T:153 (   0.810  48.543 315.135 316.159 316.159 316.159 )
1007.390: I:0 (   0.000   0.000   0.000 ) T:153 (   0.810  48.543 315.135 316.159 316.159 316.159 )
1017.422: I:0 (   0.000   0.000   0.000 ) T:153 (   0.810  48.543 315.135 316.159 316.159 316.159 )
1027.391: I:1 (   0.433   0.433   0.433 ) T:154 (   0.808  48.543 315.135 316.159 316.159 316.159 )
1037.392: I:0 (   0.000   0.000   0.000 ) T:154 (   0.808  48.543 315.135 316.159 316.159 316.159 )
1047.391: I:1 (   0.231   0.231   0.231 ) T:155 (   0.808  48.543 315.135 316.159 316.159 316.159 )
1057.388: I:0 (   0.000   0.000   0.000 ) T:155 (   0.808  48.543 315.135 316.159 316.159 316.159 )
1067.392: I:4 (   0.475 154.623 154.623 ) T:159 (   0.801 125.951 315.135 316.159 316.159 316.159 )
1077.390: I:0 (   0.000   0.000   0.000 ) T:159 (   0.801 125.951 315.135 316.159 316.159 316.159 )
1087.391: I:3 (   0.562   0.825   0.825 ) T:162 (   0.797  48.543 315.135 316.159 316.159 316.159 )
1097.392: I:0 (   0.000   0.000   0.000 ) T:162 (   0.797  48.543 315.135 316.159 316.159 316.159 )
1107.388: I:2 (   0.437  15.863  15.863 ) T:164 (   0.797  48.543 315.135 316.159 316.159 316.159 )
1117.389: I:1 (   0.345   0.345   0.345 ) T:165 (   0.797  48.543 315.135 316.159 316.159 316.159 )
1127.391: I:1 (   0.347   0.347   0.347 ) T:166 (   0.791  48.543 315.135 316.159 316.159 316.159 )
1137.387: I:2 (   0.624 178.943 178.943 ) T:168 (   0.791 125.951 315.135 316.159 316.159 316.159 )
1147.386: I:0 (   0.000   0.000   0.000 ) T:168 (   0.791 125.951 315.135 316.159 316.159 316.159 )
1157.391: I:1 (   0.327   0.327   0.327 ) T:169 (   0.791 125.951 315.135 316.159 316.159 316.159 )
1167.392: I:1 (   0.340   0.340   0.340 ) T:170 (   0.783  48.543 315.135 316.159 316.159 316.159 )
1177.394: I:2 (   0.773 326.911 326.911 ) T:172 (   0.783 125.951 316.159 326.911 326.911 326.911 )
1187.387: I:0 (   0.000   0.000   0.000 ) T:172 (   0.783 125.951 316.159 326.911 326.911 326.911 )
1197.391: I:1 (   0.276   0.276   0.276 ) T:173 (   0.783 125.951 316.159 326.911 326.911 326.911 )
1207.392: I:1 (   0.338   0.338   0.338 ) T:174 (   0.773 125.951 316.159 326.911 326.911 326.911 )
1217.386: I:2 (   0.316   0.748   0.748 ) T:176 (   0.772 125.951 316.159 326.911 326.911 326.911 )
1227.393: I:2 (   0.701  16.879  16.879 ) T:178 (   0.772 125.951 316.159 326.911 326.911 326.911 )
1237.392: I:2 (   0.556  16.783  16.783 ) T:180 (   0.772  48.543 316.159 326.911 326.911 326.911 )
1247.392: I:0 (   0.000   0.000   0.000 ) T:180 (   0.772  48.543 316.159 326.911 326.911 326.911 )
1257.386: I:1 (   0.710   0.710   0.710 ) T:181 (   0.772  48.543 316.159 326.911 326.911 326.911 )
1267.389: I:1 (   0.670   0.670   0.670 ) T:182 (   0.768  48.543 316.159 326.911 326.911 326.911 )
1277.393: I:1 (   0.537   0.537   0.537 ) T:183 (   0.768  48.543 316.159 326.911 326.911 326.911 )
1287.393: I:4 (   0.329   7.879   7.879 ) T:187 (   0.767  48.543 316.159 326.911 326.911 326.911 )
1297.390: I:2 (   0.292   0.373   0.373 ) T:189 (   0.764  48.543 316.159 326.911 326.911 326.911 )
1307.394: I:2 ( 153.215 266.495 266.495 ) T:191 (   0.767 125.951 316.159 326.911 326.911 326.911 )
1317.391: I:1 (   0.769   0.769   0.769 ) T:192 (   0.767 125.951 316.159 326.911 326.911 326.911 )
1327.391: I:2 (   0.326   0.684   0.684 ) T:194 (   0.764 125.951 316.159 326.911 326.911 326.911 )
1337.392: I:1 (   0.797   0.797   0.797 ) T:195 (   0.767 125.951 316.159 326.911 326.911 326.911 )
1347.388: I:2 (   0.337   0.741   0.741 ) T:197 (   0.764 125.951 316.159 326.911 326.911 326.911 )
1357.391: I:3 (   0.694  17.087  17.087 ) T:200 (   0.753  48.543 315.135 326.911 326.911 326.911 )
1367.393: I:2 (   0.183 203.263 203.263 ) T:202 (   0.753 125.951 315.135 326.911 326.911 326.911 )
1377.385: I:2 (   0.522   0.526   0.526 ) T:204 (   0.749 125.951 315.135 326.911 326.911 326.911 )
1387.391: I:7 (   0.336   0.791   0.791 ) T:211 (   0.741  48.543 315.135 326.911 326.911 326.911 )
1397.393: I:2 (   0.516  25.135  25.135 ) T:213 (   0.741  48.543 315.135 326.911 326.911 326.911 )
1407.390: I:3 (   0.305   0.425   0.425 ) T:216 (   0.721  48.543 315.135 326.911 326.911 326.911 )
1417.392: I:1 (   0.254   0.254   0.254 ) T:217 (   0.721  48.543 315.135 326.911 326.911 326.911 )
1427.393: I:4 (   0.356  21.759  21.759 ) T:221 (   0.711  35.103 315.135 326.911 326.911 326.911 )
1437.393: I:2 (   0.439 133.247 133.247 ) T:223 (   0.711  48.543 315.135 326.911 326.911 326.911 )
1447.392: I:3 (   0.539  22.591  22.591 ) T:226 (   0.710  48.543 315.135 326.911 326.911 326.911 )
1457.393: I:0 (   0.000   0.000   0.000 ) T:226 (   0.710  48.543 315.135 326.911 326.911 326.911 )
1467.390: I:2 (   0.575   0.747   0.747 ) T:228 (   0.710  48.543 315.135 326.911 326.911 326.911 )
1477.393: I:2 (   0.856  22.431  22.431 ) T:230 (   0.711  35.103 315.135 326.911 326.911 326.911 )
1487.393: I:0 (   0.000   0.000   0.000 ) T:230 (   0.711  35.103 315.135 326.911 326.911 326.911 )
1497.391: I:2 (   0.322   0.583   0.583 ) T:232 (   0.710  35.103 315.135 326.911 326.911 326.911 )
1507.393: I:3 (   0.512   0.840   0.840 ) T:235 (   0.710  35.103 315.135 326.911 326.911 326.911 )
1517.393: I:1 (   0.496   0.496   0.496 ) T:236 (   0.701  35.103 315.135 326.911 326.911 326.911 )
1527.387: I:2 (   0.734   0.866   0.866 ) T:238 (   0.710  35.103 315.135 326.911 326.911 326.911 )
1537.392: I:4 (   0.716   0.774   0.774 ) T:242 (   0.711  25.135 315.135 326.911 326.911 326.911 )
1547.391: I:0 (   0.000   0.000   0.000 ) T:242 (   0.711  25.135 315.135 326.911 326.911 326.911 )
1557.386: I:0 (   0.000   0.000   0.000 ) T:242 (   0.711  25.135 315.135 326.911 326.911 326.911 )
1567.391: I:1 (   0.279   0.279   0.279 ) T:243 (   0.711  25.135 315.135 326.911 326.911 326.911 )
1577.385: I:2 (   0.203   0.448   0.448 ) T:245 (   0.710  25.135 315.135 326.911 326.911 326.911 )
1587.394: I:2 (   0.835 257.407 257.407 ) T:247 (   0.711  35.103 315.135 326.911 326.911 326.911 )
1597.393: I:2 (   0.699  17.039  17.039 ) T:249 (   0.711  35.103 315.135 326.911 326.911 326.911 )
1607.390: I:0 (   0.000   0.000   0.000 ) T:249 (   0.711  35.103 315.135 326.911 326.911 326.911 )
1617.392: I:0 (   0.000   0.000   0.000 ) T:249 (   0.711  35.103 315.135 326.911 326.911 326.911 )
1627.390: I:2 (   0.492 153.855 153.855 ) T:251 (   0.711  35.103 315.135 326.911 326.911 326.911 )
1637.390: I:1 (   0.477   0.477   0.477 ) T:252 (   0.710  35.103 315.135 326.911 326.911 326.911 )
1647.393: I:3 (   0.442  18.687  18.687 ) T:255 (   0.710  35.103 315.135 326.911 326.911 326.911 )
1657.393: I:3 (   0.728   0.738   0.738 ) T:258 (   0.710  35.103 315.135 326.911 326.911 326.911 )
1667.391: I:3 (   0.774   0.950   0.950 ) T:261 (   0.711  25.135 315.135 326.911 326.911 326.911 )
1677.388: I:0 (   0.000   0.000   0.000 ) T:261 (   0.711  25.135 315.135 326.911 326.911 326.911 )
1687.392: I:4 (   0.772  34.271  34.271 ) T:265 (   0.716  34.271 315.135 326.911 326.911 326.911 )
1697.386: I:1 (   0.356   0.356   0.356 ) T:266 (   0.711  34.271 315.135 326.911 326.911 326.911 )
1707.393: I:2 (   0.589   0.756   0.756 ) T:268 (   0.711  34.271 315.135 326.911 326.911 326.911 )
1717.393: I:5 (   0.753 158.463 158.463 ) T:273 (   0.716  34.271 315.135 326.911 326.911 326.911 )
1727.390: I:0 (   0.000   0.000   0.000 ) T:273 (   0.716  34.271 315.135 326.911 326.911 326.911 )
1737.391: I:1 (   0.445   0.445   0.445 ) T:274 (   0.711  34.271 315.135 326.911 326.911 326.911 )
1747.394: I:1 (  25.951  25.951  25.951 ) T:275 (   0.716  34.271 315.135 326.911 326.911 326.911 )
1757.392: I:1 (  26.047  26.047  26.047 ) T:276 (   0.716  34.271 315.135 326.911 326.911 326.911 )
1767.395: I:2 (   0.356  10.063  10.063 ) T:278 (   0.716  34.271 315.135 326.911 326.911 326.911 )
1777.391: I:3 (   0.324   0.825   0.825 ) T:281 (   0.716  26.047 315.135 326.911 326.911 326.911 )
1787.393: I:3 (   0.547  19.055  19.055 ) T:284 (   0.711  26.047 315.135 326.911 326.911 326.911 )
1797.393: I:3 (   0.770 125.247 125.247 ) T:287 (   0.716  34.271 315.135 326.911 326.911 326.911 )
1807.386: I:2 (   0.278   0.713   0.713 ) T:289 (   0.713  34.271 315.135 326.911 326.911 326.911 )
1817.392: I:1 (   0.526   0.526   0.526 ) T:290 (   0.711  26.047 315.135 326.911 326.911 326.911 )
1827.391: I:0 (   0.000   0.000   0.000 ) T:290 (   0.711  26.047 315.135 326.911 326.911 326.911 )
1837.393: I:2 (  10.199  14.951  14.951 ) T:292 (   0.713  26.047 315.135 326.911 326.911 326.911 )
1847.390: I:2 (   0.495   0.787   0.787 ) T:294 (   0.713  26.047 315.135 326.911 326.911 326.911 )
1857.393: I:1 ( 264.447 264.447 264.447 ) T:295 (   0.716  34.271 315.135 326.911 326.911 326.911 )
1867.392: I:4 (   0.711  24.399  24.399 ) T:299 (   0.716  34.271 315.135 326.911 326.911 326.911 )
1877.395: I:3 (  20.095 259.199 259.199 ) T:302 (   0.717  34.271 270.591 326.911 326.911 326.911 )
1887.392: I:3 (   0.483   0.817   0.817 ) T:305 (   0.717  34.271 270.591 326.911 326.911 326.911 )
1897.386: I:4 (   0.535  19.391  19.391 ) T:309 (   0.717  34.271 270.591 326.911 326.911 326.911 )
1907.391: I:3 (   0.810  18.847  18.847 ) T:312 (   0.717  26.047 270.591 326.911 326.911 326.911 )
1917.393: I:2 (   0.577  19.535  19.535 ) T:314 (   0.717  26.047 270.591 326.911 326.911 326.911 )
1927.393: I:2 (   0.975  29.983  29.983 ) T:316 (   0.721  29.983 270.591 326.911 326.911 326.911 )
1937.392: I:2 (   0.342   0.763   0.763 ) T:318 (   0.721  29.983 270.591 326.911 326.911 326.911 )
1947.395: I:2 (   0.670  25.919  25.919 ) T:320 (   0.721  26.047 270.591 326.911 326.911 326.911 )
1957.392: I:3 (   0.405   0.542   0.542 ) T:323 (   0.717  26.047 270.591 326.911 326.911 326.911 )
1967.392: I:1 (   0.856   0.856   0.856 ) T:324 (   0.717  26.047 270.591 326.911 326.911 326.911 )
1977.392: I:0 (   0.000   0.000   0.000 ) T:324 (   0.717  26.047 270.591 326.911 326.911 326.911 )
1987.392: I:0 (   0.000   0.000   0.000 ) T:324 (   0.717  26.047 270.591 326.911 326.911 326.911 )
1997.391: I:1 (   0.367   0.367   0.367 ) T:325 (   0.717  26.047 270.591 326.911 326.911 326.911 )
2007.394: I:4 (   0.746 250.111 250.111 ) T:329 (   0.721  29.983 270.591 326.911 326.911 326.911 )
2017.394: I:2 (   0.892  10.895  10.895 ) T:331 (   0.726  26.047 270.591 326.911 326.911 326.911 )
2027.391: I:1 (   0.840   0.840   0.840 ) T:332 (   0.726  26.047 270.591 326.911 326.911 326.911 )
2037.394: I:0 (   0.000   0.000   0.000 ) T:332 (   0.726  26.047 270.591 326.911 326.911 326.911 )
2047.393: I:1 ( 184.703 184.703 184.703 ) T:333 (   0.728  29.983 270.591 326.911 326.911 326.911 )
2057.392: I:0 (   0.000   0.000   0.000 ) T:333 (   0.728  29.983 270.591 326.911 326.911 326.911 )
2067.393: I:0 (   0.000   0.000   0.000 ) T:333 (   0.728  29.983 270.591 326.911 326.911 326.911 )
2077.393: I:1 (   0.498   0.498   0.498 ) T:334 (   0.726  29.983 270.591 326.911 326.911 326.911 )
2087.390: I:3 (   0.772   0.845   0.845 ) T:337 (   0.728  29.983 270.591 326.911 326.911 326.911 )
2097.387: I:2 (   0.525   0.721   0.721 ) T:339 (   0.726  29.983 270.591 326.911 326.911 326.911 )
2107.393: I:0 (   0.000   0.000   0.000 ) T:339 (   0.726  29.983 270.591 326.911 326.911 326.911 )
2117.390: I:2 (   0.339   0.452   0.452 ) T:341 (   0.721  26.047 270.591 326.911 326.911 326.911 )
2127.386: I:0 (   0.000   0.000   0.000 ) T:341 (   0.721  26.047 270.591 326.911 326.911 326.911 )
2137.393: I:2 (   0.894 120.191 120.191 ) T:343 (   0.726  29.983 270.591 326.911 326.911 326.911 )
2147.392: I:2 (   0.298  19.423  19.423 ) T:345 (   0.726  29.983 270.591 326.911 326.911 326.911 )
2157.392: I:0 (   0.000   0.000   0.000 ) T:345 (   0.726  29.983 270.591 326.911 326.911 326.911 )
2167.393: I:1 (   0.781   0.781   0.781 ) T:346 (   0.726  29.983 270.591 326.911 326.911 326.911 )
2177.390: I:1 (   0.807   0.807   0.807 ) T:347 (   0.728  29.983 270.591 326.911 326.911 326.911 )
2187.392: I:4 (   0.464 306.175 306.175 ) T:351 (   0.728  29.983 306.175 326.911 326.911 326.911 )
2197.393: I:2 (   0.684  30.047  30.047 ) T:353 (   0.728  30.047 306.175 326.911 326.911 326.911 )
2207.392: I:0 (   0.000   0.000   0.000 ) T:353 (   0.728  30.047 306.175 326.911 326.911 326.911 )
2217.389: I:1 (   0.591   0.591   0.591 ) T:354 (   0.726  30.047 306.175 326.911 326.911 326.911 )
2227.390: I:1 (   0.337   0.337   0.337 ) T:355 (   0.726  30.047 306.175 326.911 326.911 326.911 )
2237.391: I:2 (   0.170   0.765   0.765 ) T:357 (   0.726  30.047 306.175 326.911 326.911 326.911 )
2247.387: I:2 (   0.581   0.750   0.750 ) T:359 (   0.726  30.047 306.175 326.911 326.911 326.911 )
2257.392: I:3 (   0.355   0.464   0.464 ) T:362 (   0.721  29.983 306.175 326.911 326.911 326.911 )
2267.392: I:0 (   0.000   0.000   0.000 ) T:362 (   0.721  29.983 306.175 326.911 326.911 326.911 )
2277.392: I:1 ( 150.527 150.527 150.527 ) T:363 (   0.721  30.047 306.175 326.911 326.911 326.911 )
2287.392: I:2 (   0.047   0.371   0.371 ) T:365 (   0.721  30.047 306.175 326.911 326.911 326.911 )
2297.392: I:3 (   0.611 144.895 144.895 ) T:368 (   0.717  34.271 306.175 326.911 326.911 326.911 )
2307.392: I:1 (   0.876   0.876   0.876 ) T:369 (   0.721  34.271 306.175 326.911 326.911 326.911 )
2317.392: I:1 (   0.762   0.762   0.762 ) T:370 (   0.721  30.047 306.175 326.911 326.911 326.911 )
2327.396: I:2 (   0.886  28.255  28.255 ) T:372 (   0.721  30.047 306.175 326.911 326.911 326.911 )
2337.392: I:2 (   0.286  33.887  33.887 ) T:374 (   0.721  33.887 306.175 326.911 326.911 326.911 )
2347.392: I:0 (   0.000   0.000   0.000 ) T:374 (   0.721  33.887 306.175 326.911 326.911 326.911 )
2357.391: I:1 (   0.508   0.508   0.508 ) T:375 (   0.721  33.887 306.175 326.911 326.911 326.911 )
2367.391: I:3 (   0.438   0.719   0.719 ) T:378 (   0.719  33.887 306.175 326.911 326.911 326.911 )
2377.387: I:0 (   0.000   0.000   0.000 ) T:378 (   0.719  33.887 306.175 326.911 326.911 326.911 )
2387.395: I:3 (   0.500   1.139   1.139 ) T:381 (   0.719  30.047 306.175 326.911 326.911 326.911 )
2397.391: I:5 (   0.501   0.703   0.703 ) T:386 (   0.713  30.047 306.175 326.911 326.911 326.911 )
2407.392: I:1 (   0.587   0.587   0.587 ) T:387 (   0.713  30.047 306.175 326.911 326.911 326.911 )
2417.386: I:0 (   0.000   0.000   0.000 ) T:387 (   0.713  30.047 306.175 326.911 326.911 326.911 )
2427.393: I:3 (   0.531  12.535  12.535 ) T:390 (   0.711  29.983 306.175 326.911 326.911 326.911 )
2437.390: I:0 (   0.000   0.000   0.000 ) T:390 (   0.711  29.983 306.175 326.911 326.911 326.911 )
2447.387: I:1 (   0.258   0.258   0.258 ) T:391 (   0.711  29.983 306.175 326.911 326.911 326.911 )
2457.393: I:2 (   0.765   0.810   0.810 ) T:393 (   0.713  29.983 306.175 326.911 326.911 326.911 )
2467.393: I:1 (  22.783  22.783  22.783 ) T:394 (   0.713  29.983 306.175 326.911 326.911 326.911 )
2477.395: I:3 ( 230.527 362.751 362.751 ) T:397 (   0.717  34.271 315.135 362.751 362.751 362.751 )
2487.390: I:2 (   0.752  33.503  33.503 ) T:399 (   0.719  34.271 315.135 362.751 362.751 362.751 )
2497.392: I:4 (   0.545   0.704   0.704 ) T:403 (   0.716  33.887 306.175 362.751 362.751 362.751 )
2507.390: I:2 (   0.353   0.391   0.391 ) T:405 (   0.713  33.887 306.175 362.751 362.751 362.751 )
2517.397: I:4 (   0.756  25.471  25.471 ) T:409 (   0.716  33.887 306.175 362.751 362.751 362.751 )
2527.392: I:3 (   0.480   0.787   0.787 ) T:412 (   0.713  33.503 306.175 362.751 362.751 362.751 )
2537.391: I:1 (   0.494   0.494   0.494 ) T:413 (   0.713  33.503 306.175 362.751 362.751 362.751 )
2547.388: I:3 (  23.103 122.623 122.623 ) T:416 (   0.716  33.887 306.175 362.751 362.751 362.751 )
2557.391: I:1 (  23.151  23.151  23.151 ) T:417 (   0.717  33.887 306.175 362.751 362.751 362.751 )
2567.392: I:1 (   0.316   0.316   0.316 ) T:418 (   0.716  33.887 306.175 362.751 362.751 362.751 )
2577.390: I:4 (   0.636   0.728   0.728 ) T:422 (   0.713  33.503 306.175 362.751 362.751 362.751 )
2587.393: I:1 (  23.359  23.359  23.359 ) T:423 (   0.716  33.503 306.175 362.751 362.751 362.751 )
2597.393: I:3 ( 191.999 370.175 370.175 ) T:426 (   0.716  34.271 315.135 370.175 370.175 370.175 )
2607.392: I:3 (   0.359   1.000   1.000 ) T:429 (   0.716  34.271 315.135 370.175 370.175 370.175 )
2617.392: I:1 (  24.319  24.319  24.319 ) T:430 (   0.716  33.887 315.135 370.175 370.175 370.175 )
2627.392: I:1 (   0.492   0.492   0.492 ) T:431 (   0.716  33.887 315.135 370.175 370.175 370.175 )
2637.398: I:3 (  22.239 139.903 139.903 ) T:434 (   0.716  34.271 315.135 370.175 370.175 370.175 )
2647.393: I:2 (   0.724  23.503  23.503 ) T:436 (   0.717  34.271 315.135 370.175 370.175 370.175 )
2657.386: I:0 (   0.000   0.000   0.000 ) T:436 (   0.717  34.271 315.135 370.175 370.175 370.175 )
2667.386: I:1 (   0.828   0.828   0.828 ) T:437 (   0.719  34.271 315.135 370.175 370.175 370.175 )
2677.392: I:2 (   0.532   0.583   0.583 ) T:439 (   0.717  34.271 315.135 370.175 370.175 370.175 )
2687.385: I:1 (   0.504   0.504   0.504 ) T:440 (   0.716  33.887 315.135 370.175 370.175 370.175 )
2697.388: I:4 (   0.332 347.391 347.391 ) T:444 (   0.716  34.271 316.159 370.175 370.175 370.175 )
2707.386: I:0 (   0.000   0.000   0.000 ) T:444 (   0.716  34.271 316.159 370.175 370.175 370.175 )
2717.392: I:1 (  16.495  16.495  16.495 ) T:445 (   0.717  34.271 316.159 370.175 370.175 370.175 )
2727.392: I:1 (   0.369   0.369   0.369 ) T:446 (   0.716  34.271 316.159 370.175 370.175 370.175 )
2737.390: I:2 (   0.744   0.769   0.769 ) T:448 (   0.717  34.271 316.159 370.175 370.175 370.175 )
2747.392: I:1 (   0.364   0.364   0.364 ) T:449 (   0.717  34.271 316.159 370.175 370.175 370.175 )
2757.390: I:0 (   0.000   0.000   0.000 ) T:449 (   0.717  34.271 316.159 370.175 370.175 370.175 )
2767.386: I:1 (  35.135  35.135  35.135 ) T:450 (   0.717  34.271 316.159 370.175 370.175 370.175 )
2777.391: I:2 (   0.672 196.991 196.991 ) T:452 (   0.717  35.103 316.159 370.175 370.175 370.175 )
2787.394: I:5 (   0.781 276.991 276.991 ) T:457 (   0.721  35.135 316.159 370.175 370.175 370.175 )
2797.392: I:3 (   0.214   0.380   0.380 ) T:460 (   0.717  35.103 316.159 370.175 370.175 370.175 )
2807.386: I:3 (   0.372   0.466   0.466 ) T:463 (   0.716  35.103 316.159 370.175 370.175 370.175 )
2817.393: I:0 (   0.000   0.000   0.000 ) T:463 (   0.716  35.103 316.159 370.175 370.175 370.175 )
2827.392: I:2 (   0.493 221.695 221.695 ) T:465 (   0.716  35.135 316.159 370.175 370.175 370.175 )
2837.388: I:0 (   0.000   0.000   0.000 ) T:465 (   0.716  35.135 316.159 370.175 370.175 370.175 )
2847.392: I:2 (   0.457   0.548   0.548 ) T:467 (   0.713  35.135 316.159 370.175 370.175 370.175 )
2857.391: I:3 (   0.463   0.466   0.466 ) T:470 (   0.711  35.103 316.159 370.175 370.175 370.175 )
2867.391: I:4 (   0.719  39.103  39.103 ) T:474 (   0.711  35.135 316.159 370.175 370.175 370.175 )
2877.387: I:2 (   0.667   0.762   0.762 ) T:476 (   0.711  35.135 316.159 370.175 370.175 370.175 )
2887.393: I:1 (   0.798   0.798   0.798 ) T:477 (   0.713  35.135 316.159 370.175 370.175 370.175 )
2897.390: I:1 (   0.479   0.479   0.479 ) T:478 (   0.711  35.135 316.159 370.175 370.175 370.175 )
2907.389: I:3 (   0.640   0.684   0.684 ) T:481 (   0.711  35.103 316.159 370.175 370.175 370.175 )
2917.390: I:1 (   0.741   0.741   0.741 ) T:482 (   0.711  35.103 316.159 370.175 370.175 370.175 )
2927.391: I:1 (   0.758   0.758   0.758 ) T:483 (   0.711  35.103 316.159 370.175 370.175 370.175 )
2937.392: I:0 (   0.000   0.000   0.000 ) T:483 (   0.711  35.103 316.159 370.175 370.175 370.175 )
2947.392: I:0 (   0.000   0.000   0.000 ) T:483 (   0.711  35.103 316.159 370.175 370.175 370.175 )
2957.393: I:2 (   0.511  24.671  24.671 ) T:485 (   0.711  35.103 316.159 370.175 370.175 370.175 )
2967.392: I:3 (  23.727  25.199  25.199 ) T:488 (   0.711  35.103 316.159 370.175 370.175 370.175 )
2977.396: I:2 (   0.168   0.352   0.352 ) T:490 (   0.711  34.271 316.159 370.175 370.175 370.175 )
2987.395: I:1 ( 269.311 269.311 269.311 ) T:491 (   0.711  35.103 316.159 370.175 370.175 370.175 )
2997.392: I:0 (   0.000   0.000   0.000 ) T:491 (   0.711  35.103 316.159 370.175 370.175 370.175 )
3007.392: I:4 (   0.540  23.295  23.295 ) T:495 (   0.711  35.103 316.159 370.175 370.175 370.175 )
3017.392: I:1 (   0.569   0.569   0.569 ) T:496 (   0.711  35.103 316.159 370.175 370.175 370.175 )
3027.391: I:1 (   0.684   0.684   0.684 ) T:497 (   0.711  35.103 316.159 370.175 370.175 370.175 )
3037.392: I:1 (  24.239  24.239  24.239 ) T:498 (   0.711  35.103 316.159 370.175 370.175 370.175 )
3047.392: I:1 (   0.326   0.326   0.326 ) T:499 (   0.711  35.103 316.159 370.175 370.175 370.175 )
3057.391: I:0 (   0.000   0.000   0.000 ) T:499 (   0.711  35.103 316.159 370.175 370.175 370.175 )
3067.393: I:2 (   0.426   0.556   0.556 ) T:501 (   0.710  34.271 315.135 370.175 370.175 370.175 )
3077.393: I:1 (   0.801   0.801   0.801 ) T:502 (   0.710  34.271 315.135 370.175 370.175 370.175 )
3087.393: I:3 (   0.368  24.847  24.847 ) T:505 (   0.710  34.271 315.135 370.175 370.175 370.175 )
3090.051: I:1 (   0.398   0.398   0.398 ) T:506 (   0.708  34.271 315.135 370.175 370.175 370.175 )
3090.089: I:0 (   0.000   0.000   0.000 ) T:506 (   0.708  34.271 315.135 370.175 370.175 370.175 )
