#[Interval percentile log between 0.000 and <Infinite> seconds (relative to StartTime)]
#[StartTime: 1524889784.382 (seconds since epoch), Sat Apr 28 06:29:44 CEST 2018]
Time: IntervalPercentiles:count ( 50% 90% Max ) TotalPercentiles:count ( 50% 90% 99% 99.9% 99.99% Max )
9.997: I:1 (   0.000   0.000   0.000 ) T:1 (   0.000   0.000   0.000   0.000   0.000   0.000 )
19.977: I:1 (   0.001   0.001   0.001 ) T:2 (   0.000   0.001   0.001   0.001   0.001   0.001 )
29.974: I:1 (   0.000   0.000   0.000 ) T:3 (   0.000   0.001   0.001   0.001   0.001   0.001 )
39.972: I:1 (   0.001   0.001   0.001 ) T:4 (   0.000   0.001   0.001   0.001   0.001   0.001 )
49.974: I:1 (   0.000   0.000   0.000 ) T:5 (   0.000   0.001   0.001   0.001   0.001   0.001 )
59.973: I:1 (   0.000   0.000   0.000 ) T:6 (   0.000   0.001   0.001   0.001   0.001   0.001 )
69.972: I:1 (   0.001   0.001   0.001 ) T:7 (   0.000   0.001   0.001   0.001   0.001   0.001 )
79.974: I:1 (   0.000   0.000   0.000 ) T:8 (   0.000   0.001   0.001   0.001   0.001   0.001 )
89.970: I:1 (   0.001   0.001   0.001 ) T:9 (   0.000   0.001   0.001   0.001   0.001   0.001 )
99.978: I:1 (   0.000   0.000   0.000 ) T:10 (   0.000   0.001   0.001   0.001   0.001   0.001 )
109.970: I:1 (   0.001   0.001   0.001 ) T:11 (   0.000   0.001   0.001   0.001   0.001   0.001 )
119.976: I:1 (   0.000   0.000   0.000 ) T:12 (   0.000   0.001   0.001   0.001   0.001   0.001 )
129.973: I:1 (   0.001   0.001   0.001 ) T:13 (   0.000   0.001   0.001   0.001   0.001   0.001 )
139.978: I:1 (   0.000   0.000   0.000 ) T:14 (   0.000   0.001   0.001   0.001   0.001   0.001 )
149.971: I:1 (   0.001   0.001   0.001 ) T:15 (   0.000   0.001   0.001   0.001   0.001   0.001 )
159.971: I:1 (   0.000   0.000   0.000 ) T:16 (   0.000   0.001   0.001   0.001   0.001   0.001 )
169.970: I:1 (   0.001   0.001   0.001 ) T:17 (   0.000   0.001   0.001   0.001   0.001   0.001 )
179.977: I:1 (   0.000   0.000   0.000 ) T:18 (   0.000   0.001   0.001   0.001   0.001   0.001 )
189.970: I:1 (   0.001   0.001   0.001 ) T:19 (   0.000   0.001   0.001   0.001   0.001   0.001 )
199.971: I:1 (   0.000   0.000   0.000 ) T:20 (   0.000   0.001   0.001   0.001   0.001   0.001 )
209.971: I:1 (   0.000   0.000   0.000 ) T:21 (   0.000   0.001   0.001   0.001   0.001   0.001 )
219.978: I:1 (   0.001   0.001   0.001 ) T:22 (   0.000   0.001   0.001   0.001   0.001   0.001 )
229.968: I:1 (   0.000   0.000   0.000 ) T:23 (   0.000   0.001   0.001   0.001   0.001   0.001 )
239.977: I:1 (   0.001   0.001   0.001 ) T:24 (   0.000   0.001   0.001   0.001   0.001   0.001 )
249.971: I:1 (   0.000   0.000   0.000 ) T:25 (   0.000   0.001   0.001   0.001   0.001   0.001 )
259.968: I:1 (   0.001   0.001   0.001 ) T:26 (   0.000   0.001   0.001   0.001   0.001   0.001 )
269.968: I:1 (   0.000   0.000   0.000 ) T:27 (   0.000   0.001   0.001   0.001   0.001   0.001 )
279.971: I:1 (   0.001   0.001   0.001 ) T:28 (   0.000   0.001   0.001   0.001   0.001   0.001 )
289.973: I:1 (   0.000   0.000   0.000 ) T:29 (   0.000   0.001   0.001   0.001   0.001   0.001 )
299.971: I:1 (   0.001   0.001   0.001 ) T:30 (   0.000   0.001   0.001   0.001   0.001   0.001 )
309.971: I:1 (   0.000   0.000   0.000 ) T:31 (   0.000   0.001   0.001   0.001   0.001   0.001 )
319.971: I:1 (   0.001   0.001   0.001 ) T:32 (   0.000   0.001   0.001   0.001   0.001   0.001 )
329.971: I:1 (   0.000   0.000   0.000 ) T:33 (   0.000   0.001   0.001   0.001   0.001   0.001 )
339.971: I:1 (   0.001   0.001   0.001 ) T:34 (   0.000   0.001   0.001   0.001   0.001   0.001 )
349.971: I:1 (   0.000   0.000   0.000 ) T:35 (   0.000   0.001   0.001   0.001   0.001   0.001 )
359.970: I:1 (   0.000   0.000   0.000 ) T:36 (   0.000   0.001   0.001   0.001   0.001   0.001 )
369.971: I:1 (   0.001   0.001   0.001 ) T:37 (   0.000   0.001   0.001   0.001   0.001   0.001 )
379.973: I:1 (   0.000   0.000   0.000 ) T:38 (   0.000   0.001   0.001   0.001   0.001   0.001 )
389.970: I:1 (   0.001   0.001   0.001 ) T:39 (   0.000   0.001   0.001   0.001   0.001   0.001 )
399.975: I:1 (   0.000   0.000   0.000 ) T:40 (   0.000   0.001   0.001   0.001   0.001   0.001 )
409.969: I:1 (   0.001   0.001   0.001 ) T:41 (   0.000   0.001   0.001   0.001   0.001   0.001 )
419.970: I:1 (   0.001   0.001   0.001 ) T:42 (   0.000   0.001   0.001   0.001   0.001   0.001 )
429.970: I:1 (   0.000   0.000   0.000 ) T:43 (   0.000   0.001   0.001   0.001   0.001   0.001 )
439.970: I:1 (   0.001   0.001   0.001 ) T:44 (   0.000   0.001   0.001   0.001   0.001   0.001 )
449.970: I:1 (   0.000   0.000   0.000 ) T:45 (   0.000   0.001   0.001   0.001   0.001   0.001 )
459.971: I:1 (   0.001   0.001   0.001 ) T:46 (   0.000   0.001   0.001   0.001   0.001   0.001 )
469.974: I:1 (   0.000   0.000   0.000 ) T:47 (   0.000   0.001   0.001   0.001   0.001   0.001 )
479.969: I:1 (   0.001   0.001   0.001 ) T:48 (   0.000   0.001   0.001   0.001   0.001   0.001 )
489.969: I:1 (   0.000   0.000   0.000 ) T:49 (   0.000   0.001   0.001   0.001   0.001   0.001 )
499.994: I:1 (   0.001   0.001   0.001 ) T:50 (   0.000   0.001   0.001   0.001   0.001   0.001 )
509.968: I:1 (   0.000   0.000   0.000 ) T:51 (   0.000   0.001   0.001   0.001   0.001   0.001 )
519.974: I:1 (   0.001   0.001   0.001 ) T:52 (   0.000   0.001   0.001   0.001   0.001   0.001 )
529.970: I:1 (   0.000   0.000   0.000 ) T:53 (   0.000   0.001   0.001   0.001   0.001   0.001 )
539.968: I:1 (   0.001   0.001   0.001 ) T:54 (   0.000   0.001   0.001   0.001   0.001   0.001 )
549.971: I:1 (   0.001   0.001   0.001 ) T:55 (   0.000   0.001   0.001   0.001   0.001   0.001 )
559.976: I:1 (   0.000   0.000   0.000 ) T:56 (   0.000   0.001   0.001   0.001   0.001   0.001 )
569.971: I:1 (   0.001   0.001   0.001 ) T:57 (   0.000   0.001   0.001   0.001   0.001   0.001 )
579.970: I:1 (   0.000   0.000   0.000 ) T:58 (   0.000   0.001   0.001   0.001   0.001   0.001 )
589.972: I:1 (   0.001   0.001   0.001 ) T:59 (   0.000   0.001   0.001   0.001   0.001   0.001 )
599.968: I:1 (   0.001   0.001   0.001 ) T:60 (   0.000   0.001   0.001   0.001   0.001   0.001 )
609.968: I:1 (   0.000   0.000   0.000 ) T:61 (   0.000   0.001   0.001   0.001   0.001   0.001 )
619.971: I:1 (   0.001   0.001   0.001 ) T:62 (   0.000   0.001   0.001   0.001   0.001   0.001 )
629.968: I:1 (   0.000   0.000   0.000 ) T:63 (   0.000   0.001   0.001   0.001   0.001   0.001 )
639.969: I:1 (   0.001   0.001   0.001 ) T:64 (   0.000   0.001   0.001   0.001   0.001   0.001 )
649.970: I:1 (   0.001   0.001   0.001 ) T:65 (   0.001   0.001   0.001   0.001   0.001   0.001 )
659.970: I:1 (   0.000   0.000   0.000 ) T:66 (   0.000   0.001   0.001   0.001   0.001   0.001 )
669.968: I:1 (   0.001   0.001   0.001 ) T:67 (   0.001   0.001   0.001   0.001   0.001   0.001 )
679.968: I:1 (   0.001   0.001   0.001 ) T:68 (   0.001   0.001   0.001   0.001   0.001   0.001 )
689.974: I:1 (   0.000   0.000   0.000 ) T:69 (   0.001   0.001   0.001   0.001   0.001   0.001 )
699.974: I:1 (   0.001   0.001   0.001 ) T:70 (   0.001   0.001   0.001   0.001   0.001   0.001 )
709.968: I:1 (   0.001   0.001   0.001 ) T:71 (   0.001   0.001   0.001   0.001   0.001   0.001 )
719.971: I:1 (   0.000   0.000   0.000 ) T:72 (   0.001   0.001   0.001   0.001   0.001   0.001 )
729.971: I:1 (   0.001   0.001   0.001 ) T:73 (   0.001   0.001   0.001   0.001   0.001   0.001 )
739.966: I:1 (   0.001   0.001   0.001 ) T:74 (   0.001   0.001   0.001   0.001   0.001   0.001 )
749.970: I:1 (   0.000   0.000   0.000 ) T:75 (   0.001   0.001   0.001   0.001   0.001   0.001 )
759.969: I:1 (   0.001   0.001   0.001 ) T:76 (   0.001   0.001   0.001   0.001   0.001   0.001 )
769.970: I:1 (   0.001   0.001   0.001 ) T:77 (   0.001   0.001   0.001   0.001   0.001   0.001 )
779.970: I:1 (   0.000   0.000   0.000 ) T:78 (   0.001   0.001   0.001   0.001   0.001   0.001 )
789.970: I:1 (   0.001   0.001   0.001 ) T:79 (   0.001   0.001   0.001   0.001   0.001   0.001 )
799.973: I:1 (   0.001   0.001   0.001 ) T:80 (   0.001   0.001   0.001   0.001   0.001   0.001 )
809.975: I:1 (   0.001   0.001   0.001 ) T:81 (   0.001   0.001   0.001   0.001   0.001   0.001 )
819.972: I:1 (   0.000   0.000   0.000 ) T:82 (   0.001   0.001   0.001   0.001   0.001   0.001 )
829.975: I:1 (   0.001   0.001   0.001 ) T:83 (   0.001   0.001   0.001   0.001   0.001   0.001 )
839.969: I:1 (   0.001   0.001   0.001 ) T:84 (   0.001   0.001   0.001   0.001   0.001   0.001 )
849.969: I:1 (   0.001   0.001   0.001 ) T:85 (   0.001   0.001   0.001   0.001   0.001   0.001 )
859.977: I:1 (   0.001   0.001   0.001 ) T:86 (   0.001   0.001   0.001   0.001   0.001   0.001 )
869.967: I:1 (   0.001   0.001   0.001 ) T:87 (   0.001   0.001   0.001   0.001   0.001   0.001 )
879.971: I:1 (   0.000   0.000   0.000 ) T:88 (   0.001   0.001   0.001   0.001   0.001   0.001 )
889.970: I:1 (   0.001   0.001   0.001 ) T:89 (   0.001   0.001   0.001   0.001   0.001   0.001 )
899.970: I:1 (   0.001   0.001   0.001 ) T:90 (   0.001   0.001   0.001   0.001   0.001   0.001 )
909.974: I:1 (   0.001   0.001   0.001 ) T:91 (   0.001   0.001   0.001   0.001   0.001   0.001 )
919.971: I:1 (   0.001   0.001   0.001 ) T:92 (   0.001   0.001   0.001   0.001   0.001   0.001 )
929.969: I:1 (   0.001   0.001   0.001 ) T:93 (   0.001   0.001   0.001   0.001   0.001   0.001 )
939.970: I:1 (   0.000   0.000   0.000 ) T:94 (   0.001   0.001   0.001   0.001   0.001   0.001 )
949.970: I:1 (   0.001   0.001   0.001 ) T:95 (   0.001   0.001   0.001   0.001   0.001   0.001 )
959.969: I:1 (   0.001   0.001   0.001 ) T:96 (   0.001   0.001   0.001   0.001   0.001   0.001 )
969.969: I:1 (   0.001   0.001   0.001 ) T:97 (   0.001   0.001   0.001   0.001   0.001   0.001 )
979.970: I:1 (   0.000   0.000   0.000 ) T:98 (   0.001   0.001   0.001   0.001   0.001   0.001 )
989.970: I:1 (   0.001   0.001   0.001 ) T:99 (   0.001   0.001   0.001   0.001   0.001   0.001 )
999.968: I:1 (   0.000   0.000   0.000 ) T:100 (   0.001   0.001   0.001   0.001   0.001   0.001 )
1009.968: I:1 (   0.001   0.001   0.001 ) T:101 (   0.001   0.001   0.001   0.001   0.001   0.001 )
1019.968: I:1 (   0.001   0.001   0.001 ) T:102 (   0.001   0.001   0.001   0.001   0.001   0.001 )
1029.973: I:1 (   0.000   0.000   0.000 ) T:103 (   0.001   0.001   0.001   0.001   0.001   0.001 )
1039.973: I:1 (   0.001   0.001   0.001 ) T:104 (   0.001   0.001   0.001   0.001   0.001   0.001 )
1049.970: I:1 (   0.001   0.001   0.001 ) T:105 (   0.001   0.001   0.001   0.001   0.001   0.001 )
1059.969: I:1 (   0.001   0.001   0.001 ) T:106 (   0.001   0.001   0.001   0.001   0.001   0.001 )
1069.973: I:1 (   0.001   0.001   0.001 ) T:107 (   0.001   0.001   0.001   0.001   0.001   0.001 )
1079.970: I:1 (   0.001   0.001   0.001 ) T:108 (   0.001   0.001   0.001   0.001   0.001   0.001 )
1089.968: I:1 (   0.001   0.001   0.001 ) T:109 (   0.001   0.001   0.001   0.001   0.001   0.001 )
1099.970: I:1 (   0.000   0.000   0.000 ) T:110 (   0.001   0.001   0.001   0.001   0.001   0.001 )
1109.970: I:1 (   0.001   0.001   0.001 ) T:111 (   0.001   0.001   0.001   0.001   0.001   0.001 )
1119.970: I:1 (   0.001   0.001   0.001 ) T:112 (   0.001   0.001   0.001   0.001   0.001   0.001 )
1129.970: I:1 (   0.001   0.001   0.001 ) T:113 (   0.001   0.001   0.001   0.001   0.001   0.001 )
1139.970: I:1 (   0.001   0.001   0.001 ) T:114 (   0.001   0.001   0.001   0.001   0.001   0.001 )
1149.971: I:1 (   0.001   0.001   0.001 ) T:115 (   0.001   0.001   0.001   0.001   0.001   0.001 )
1159.970: I:1 (   0.001   0.001   0.001 ) T:116 (   0.001   0.001   0.001   0.001   0.001   0.001 )
1169.970: I:1 (   0.000   0.000   0.000 ) T:117 (   0.001   0.001   0.001   0.001   0.001   0.001 )
1179.971: I:1 (   0.001   0.001   0.001 ) T:118 (   0.001   0.001   0.001   0.001   0.001   0.001 )
1189.968: I:1 (   0.001   0.001   0.001 ) T:119 (   0.001   0.001   0.001   0.001   0.001   0.001 )
1199.974: I:1 (   0.001   0.001   0.001 ) T:120 (   0.001   0.001   0.001   0.001   0.001   0.001 )
1209.978: I:1 (   0.001   0.001   0.001 ) T:121 (   0.001   0.001   0.001   0.001   0.001   0.001 )
1219.970: I:1 (   0.001   0.001   0.001 ) T:122 (   0.001   0.001   0.001   0.001   0.001   0.001 )
1229.970: I:1 (   0.000   0.000   0.000 ) T:123 (   0.001   0.001   0.001   0.001   0.001   0.001 )
1239.969: I:1 (   0.001   0.001   0.001 ) T:124 (   0.001   0.001   0.001   0.001   0.001   0.001 )
1249.970: I:1 (   0.001   0.001   0.001 ) T:125 (   0.001   0.001   0.001   0.001   0.001   0.001 )
1259.975: I:1 (   0.001   0.001   0.001 ) T:126 (   0.001   0.001   0.001   0.001   0.001   0.001 )
1269.971: I:1 (   0.001   0.001   0.001 ) T:127 (   0.001   0.001   0.001   0.001   0.001   0.001 )
1279.973: I:1 (   0.000   0.000   0.000 ) T:128 (   0.001   0.001   0.001   0.001   0.001   0.001 )
1289.971: I:1 (   0.002   0.002   0.002 ) T:129 (   0.001   0.001   0.001   0.002   0.002   0.002 )
1299.970: I:1 (   0.000   0.000   0.000 ) T:130 (   0.001   0.001   0.001   0.002   0.002   0.002 )
1309.974: I:1 (   0.001   0.001   0.001 ) T:131 (   0.001   0.001   0.001   0.002   0.002   0.002 )
1319.973: I:1 (   0.001   0.001   0.001 ) T:132 (   0.001   0.001   0.001   0.002   0.002   0.002 )
1329.970: I:1 (   0.001   0.001   0.001 ) T:133 (   0.001   0.001   0.001   0.002   0.002   0.002 )
1339.969: I:1 (   0.001   0.001   0.001 ) T:134 (   0.001   0.001   0.001   0.002   0.002   0.002 )
1349.971: I:1 (   0.001   0.001   0.001 ) T:135 (   0.001   0.001   0.001   0.002   0.002   0.002 )
1359.974: I:1 (   0.001   0.001   0.001 ) T:136 (   0.001   0.001   0.001   0.002   0.002   0.002 )
1369.978: I:1 (   0.001   0.001   0.001 ) T:137 (   0.001   0.001   0.001   0.002   0.002   0.002 )
1379.968: I:1 (   0.001   0.001   0.001 ) T:138 (   0.001   0.001   0.001   0.002   0.002   0.002 )
1389.970: I:1 (   0.001   0.001   0.001 ) T:139 (   0.001   0.001   0.001   0.002   0.002   0.002 )
1399.968: I:1 (   0.001   0.001   0.001 ) T:140 (   0.001   0.001   0.001   0.002   0.002   0.002 )
1409.971: I:1 (   0.001   0.001   0.001 ) T:141 (   0.001   0.001   0.001   0.002   0.002   0.002 )
1419.971: I:1 (   0.001   0.001   0.001 ) T:142 (   0.001   0.001   0.001   0.002   0.002   0.002 )
1429.969: I:1 (   0.001   0.001   0.001 ) T:143 (   0.001   0.001   0.001   0.002   0.002   0.002 )
1439.967: I:1 (   0.001   0.001   0.001 ) T:144 (   0.001   0.001   0.001   0.002   0.002   0.002 )
1449.968: I:1 (   0.000   0.000   0.000 ) T:145 (   0.001   0.001   0.001   0.002   0.002   0.002 )
1459.973: I:1 (   0.001   0.001   0.001 ) T:146 (   0.001   0.001   0.001   0.002   0.002   0.002 )
1469.970: I:1 (   0.001   0.001   0.001 ) T:147 (   0.001   0.001   0.001   0.002   0.002   0.002 )
1479.970: I:1 (   0.002   0.002   0.002 ) T:148 (   0.001   0.001   0.002   0.002   0.002   0.002 )
1489.970: I:1 (   0.000   0.000   0.000 ) T:149 (   0.001   0.001   0.002   0.002   0.002   0.002 )
1499.969: I:1 (   0.001   0.001   0.001 ) T:150 (   0.001   0.001   0.002   0.002   0.002   0.002 )
1509.969: I:1 (   0.001   0.001   0.001 ) T:151 (   0.001   0.001   0.002   0.002   0.002   0.002 )
1519.970: I:1 (   0.001   0.001   0.001 ) T:152 (   0.001   0.001   0.002   0.002   0.002   0.002 )
1529.969: I:1 (   0.001   0.001   0.001 ) T:153 (   0.001   0.001   0.002   0.002   0.002   0.002 )
1539.970: I:1 (   0.001   0.001   0.001 ) T:154 (   0.001   0.001   0.002   0.002   0.002   0.002 )
1549.973: I:1 (   0.000   0.000   0.000 ) T:155 (   0.001   0.001   0.002   0.002   0.002   0.002 )
1559.970: I:1 (   0.002   0.002   0.002 ) T:156 (   0.001   0.001   0.002   0.002   0.002   0.002 )
1569.970: I:1 (   0.000   0.000   0.000 ) T:157 (   0.001   0.001   0.002   0.002   0.002   0.002 )
1579.969: I:1 (   0.001   0.001   0.001 ) T:158 (   0.001   0.001   0.002   0.002   0.002   0.002 )
1589.974: I:1 (   0.001   0.001   0.001 ) T:159 (   0.001   0.001   0.002   0.002   0.002   0.002 )
1599.971: I:1 (   0.002   0.002   0.002 ) T:160 (   0.001   0.001   0.002   0.002   0.002   0.002 )
1609.966: I:1 (   0.001   0.001   0.001 ) T:161 (   0.001   0.001   0.002   0.002   0.002   0.002 )
1619.967: I:1 (   0.001   0.001   0.001 ) T:162 (   0.001   0.001   0.002   0.002   0.002   0.002 )
1629.970: I:1 (   0.001   0.001   0.001 ) T:163 (   0.001   0.001   0.002   0.002   0.002   0.002 )
1639.972: I:1 (   0.001   0.001   0.001 ) T:164 (   0.001   0.001   0.002   0.002   0.002   0.002 )
1649.969: I:1 (   0.001   0.001   0.001 ) T:165 (   0.001   0.001   0.002   0.002   0.002   0.002 )
1659.974: I:1 (   0.001   0.001   0.001 ) T:166 (   0.001   0.001   0.002   0.002   0.002   0.002 )
1669.968: I:1 (   0.001   0.001   0.001 ) T:167 (   0.001   0.001   0.002   0.002   0.002   0.002 )
1679.974: I:1 (   0.001   0.001   0.001 ) T:168 (   0.001   0.001   0.002   0.002   0.002   0.002 )
1689.974: I:1 (   0.001   0.001   0.001 ) T:169 (   0.001   0.001   0.002   0.002   0.002   0.002 )
1699.968: I:1 (   0.001   0.001   0.001 ) T:170 (   0.001   0.001   0.002   0.002   0.002   0.002 )
1709.970: I:1 (   0.001   0.001   0.001 ) T:171 (   0.001   0.001   0.002   0.002   0.002   0.002 )
1719.967: I:1 (   0.001   0.001   0.001 ) T:172 (   0.001   0.001   0.002   0.002   0.002   0.002 )
1729.974: I:1 (   0.000   0.000   0.000 ) T:173 (   0.001   0.001   0.002   0.002   0.002   0.002 )
1739.969: I:1 (   0.001   0.001   0.001 ) T:174 (   0.001   0.001   0.002   0.002   0.002   0.002 )
1749.969: I:1 (   0.001   0.001   0.001 ) T:175 (   0.001   0.001   0.002   0.002   0.002   0.002 )
1759.969: I:1 (   0.001   0.001   0.001 ) T:176 (   0.001   0.001   0.002   0.002   0.002   0.002 )
1769.969: I:1 (   0.001   0.001   0.001 ) T:177 (   0.001   0.001   0.002   0.002   0.002   0.002 )
1779.975: I:1 (   0.001   0.001   0.001 ) T:178 (   0.001   0.001   0.002   0.002   0.002   0.002 )
1789.971: I:1 (   0.001   0.001   0.001 ) T:179 (   0.001   0.001   0.002   0.002   0.002   0.002 )
1799.971: I:1 (   0.001   0.001   0.001 ) T:180 (   0.001   0.001   0.002   0.002   0.002   0.002 )
1809.969: I:1 (   0.001   0.001   0.001 ) T:181 (   0.001   0.001   0.002   0.002   0.002   0.002 )
1819.970: I:1 (   0.000   0.000   0.000 ) T:182 (   0.001   0.001   0.002   0.002   0.002   0.002 )
1829.970: I:1 (   0.001   0.001   0.001 ) T:183 (   0.001   0.001   0.002   0.002   0.002   0.002 )
1839.969: I:1 (   0.001   0.001   0.001 ) T:184 (   0.001   0.001   0.002   0.002   0.002   0.002 )
1849.975: I:1 (   0.001   0.001   0.001 ) T:185 (   0.001   0.001   0.002   0.002   0.002   0.002 )
1859.971: I:1 (   0.001   0.001   0.001 ) T:186 (   0.001   0.001   0.002   0.002   0.002   0.002 )
1869.974: I:1 (   0.001   0.001   0.001 ) T:187 (   0.001   0.001   0.002   0.002   0.002   0.002 )
1879.976: I:1 (   0.001   0.001   0.001 ) T:188 (   0.001   0.001   0.002   0.002   0.002   0.002 )
1889.974: I:1 (   0.001   0.001   0.001 ) T:189 (   0.001   0.001   0.002   0.002   0.002   0.002 )
1899.970: I:1 (   0.001   0.001   0.001 ) T:190 (   0.001   0.001   0.002   0.002   0.002   0.002 )
1909.975: I:1 (   0.002   0.002   0.002 ) T:191 (   0.001   0.001   0.002   0.002   0.002   0.002 )
1919.969: I:1 (   0.001   0.001   0.001 ) T:192 (   0.001   0.001   0.002   0.002   0.002   0.002 )
1929.972: I:1 (   0.001   0.001   0.001 ) T:193 (   0.001   0.001   0.002   0.002   0.002   0.002 )
1939.968: I:1 (   0.001   0.001   0.001 ) T:194 (   0.001   0.001   0.002   0.002   0.002   0.002 )
1949.972: I:1 (   0.001   0.001   0.001 ) T:195 (   0.001   0.001   0.002   0.002   0.002   0.002 )
1959.968: I:1 (   0.001   0.001   0.001 ) T:196 (   0.001   0.001   0.002   0.002   0.002   0.002 )
1969.967: I:1 (   0.001   0.001   0.001 ) T:197 (   0.001   0.001   0.002   0.002   0.002   0.002 )
1979.974: I:1 (   0.001   0.001   0.001 ) T:198 (   0.001   0.001   0.002   0.002   0.002   0.002 )
1989.967: I:1 (   0.001   0.001   0.001 ) T:199 (   0.001   0.001   0.002   0.002   0.002   0.002 )
1999.972: I:1 (   0.001   0.001   0.001 ) T:200 (   0.001   0.001   0.002   0.002   0.002   0.002 )
2009.968: I:1 (   0.001   0.001   0.001 ) T:201 (   0.001   0.001   0.002   0.002   0.002   0.002 )
2019.973: I:1 (   0.001   0.001   0.001 ) T:202 (   0.001   0.001   0.002   0.002   0.002   0.002 )
2029.970: I:1 (   0.001   0.001   0.001 ) T:203 (   0.001   0.001   0.002   0.002   0.002   0.002 )
2039.968: I:1 (   0.001   0.001   0.001 ) T:204 (   0.001   0.001   0.002   0.002   0.002   0.002 )
2049.968: I:1 (   0.001   0.001   0.001 ) T:205 (   0.001   0.001   0.002   0.002   0.002   0.002 )
2059.969: I:1 (   0.001   0.001   0.001 ) T:206 (   0.001   0.001   0.002   0.002   0.002   0.002 )
2069.970: I:1 (   0.001   0.001   0.001 ) T:207 (   0.001   0.001   0.002   0.002   0.002   0.002 )
2079.969: I:1 (   0.000   0.000   0.000 ) T:208 (   0.001   0.001   0.002   0.002   0.002   0.002 )
2089.973: I:1 (   0.001   0.001   0.001 ) T:209 (   0.001   0.001   0.002   0.002   0.002   0.002 )
2099.969: I:1 (   0.002   0.002   0.002 ) T:210 (   0.001   0.001   0.002   0.002   0.002   0.002 )
2109.973: I:1 (   0.001   0.001   0.001 ) T:211 (   0.001   0.001   0.002   0.002   0.002   0.002 )
2119.974: I:1 (   0.001   0.001   0.001 ) T:212 (   0.001   0.001   0.002   0.002   0.002   0.002 )
2129.970: I:1 (   0.001   0.001   0.001 ) T:213 (   0.001   0.001   0.002   0.002   0.002   0.002 )
2139.969: I:1 (   0.001   0.001   0.001 ) T:214 (   0.001   0.001   0.002   0.002   0.002   0.002 )
2149.972: I:1 (   0.001   0.001   0.001 ) T:215 (   0.001   0.001   0.002   0.002   0.002   0.002 )
2159.971: I:1 (   0.001   0.001   0.001 ) T:216 (   0.001   0.001   0.002   0.002   0.002   0.002 )
2169.972: I:1 (   0.001   0.001   0.001 ) T:217 (   0.001   0.001   0.002   0.002   0.002   0.002 )
2179.968: I:1 (   0.001   0.001   0.001 ) T:218 (   0.001   0.001   0.002   0.002   0.002   0.002 )
2189.971: I:1 (   0.001   0.001   0.001 ) T:219 (   0.001   0.001   0.002   0.002   0.002   0.002 )
2199.970: I:1 (   0.002   0.002   0.002 ) T:220 (   0.001   0.001   0.002   0.002   0.002   0.002 )
2209.969: I:1 (   0.001   0.001   0.001 ) T:221 (   0.001   0.001   0.002   0.002   0.002   0.002 )
2219.969: I:1 (   0.002   0.002   0.002 ) T:222 (   0.001   0.001   0.002   0.002   0.002   0.002 )
2229.969: I:1 (   0.001   0.001   0.001 ) T:223 (   0.001   0.001   0.002   0.002   0.002   0.002 )
2239.970: I:1 (   0.001   0.001   0.001 ) T:224 (   0.001   0.001   0.002   0.002   0.002   0.002 )
2249.972: I:1 (   0.001   0.001   0.001 ) T:225 (   0.001   0.001   0.002   0.002   0.002   0.002 )
2259.969: I:1 (   0.002   0.002   0.002 ) T:226 (   0.001   0.001   0.002   0.002   0.002   0.002 )
2269.969: I:1 (   0.001   0.001   0.001 ) T:227 (   0.001   0.001   0.002   0.002   0.002   0.002 )
2279.970: I:1 (   0.000   0.000   0.000 ) T:228 (   0.001   0.001   0.002   0.002   0.002   0.002 )
2289.973: I:1 (   0.001   0.001   0.001 ) T:229 (   0.001   0.001   0.002   0.002   0.002   0.002 )
2299.973: I:1 (   0.002   0.002   0.002 ) T:230 (   0.001   0.001   0.002   0.002   0.002   0.002 )
2309.967: I:1 (   0.001   0.001   0.001 ) T:231 (   0.001   0.001   0.002   0.002   0.002   0.002 )
2319.973: I:1 (   0.001   0.001   0.001 ) T:232 (   0.001   0.001   0.002   0.002   0.002   0.002 )
2329.972: I:1 (   0.001   0.001   0.001 ) T:233 (   0.001   0.001   0.002   0.002   0.002   0.002 )
2339.968: I:1 (   0.001   0.001   0.001 ) T:234 (   0.001   0.001   0.002   0.002   0.002   0.002 )
2349.970: I:1 (   0.001   0.001   0.001 ) T:235 (   0.001   0.001   0.002   0.002   0.002   0.002 )
2359.971: I:1 (   0.001   0.001   0.001 ) T:236 (   0.001   0.001   0.002   0.002   0.002   0.002 )
2369.970: I:1 (   0.001   0.001   0.001 ) T:237 (   0.001   0.001   0.002   0.002   0.002   0.002 )
2379.973: I:1 (   0.001   0.001   0.001 ) T:238 (   0.001   0.001   0.002   0.002   0.002   0.002 )
2389.973: I:1 (   0.001   0.001   0.001 ) T:239 (   0.001   0.001   0.002   0.002   0.002   0.002 )
2399.971: I:1 (   0.001   0.001   0.001 ) T:240 (   0.001   0.001   0.002   0.002   0.002   0.002 )
2409.968: I:1 (   0.001   0.001   0.001 ) T:241 (   0.001   0.001   0.002   0.002   0.002   0.002 )
2419.973: I:1 (   0.002   0.002   0.002 ) T:242 (   0.001   0.001   0.002   0.002   0.002   0.002 )
2429.969: I:1 (   0.001   0.001   0.001 ) T:243 (   0.001   0.001   0.002   0.002   0.002   0.002 )
2439.969: I:1 (   0.001   0.001   0.001 ) T:244 (   0.001   0.001   0.002   0.002   0.002   0.002 )
2449.971: I:1 (   0.001   0.001   0.001 ) T:245 (   0.001   0.001   0.002   0.002   0.002   0.002 )
2459.968: I:1 (   0.001   0.001   0.001 ) T:246 (   0.001   0.001   0.002   0.002   0.002   0.002 )
2469.969: I:1 (   0.001   0.001   0.001 ) T:247 (   0.001   0.001   0.002   0.002   0.002   0.002 )
2479.970: I:1 (   0.002   0.002   0.002 ) T:248 (   0.001   0.001   0.002   0.002   0.002   0.002 )
2489.970: I:1 (   0.001   0.001   0.001 ) T:249 (   0.001   0.001   0.002   0.002   0.002   0.002 )
2499.970: I:1 (   0.001   0.001   0.001 ) T:250 (   0.001   0.001   0.002   0.002   0.002   0.002 )
2509.967: I:1 (   0.000   0.000   0.000 ) T:251 (   0.001   0.001   0.002   0.002   0.002   0.002 )
2519.967: I:1 (   0.001   0.001   0.001 ) T:252 (   0.001   0.001   0.002   0.002   0.002   0.002 )
2529.977: I:1 (   0.001   0.001   0.001 ) T:253 (   0.001   0.001   0.002   0.002   0.002   0.002 )
2539.970: I:1 (   0.002   0.002   0.002 ) T:254 (   0.001   0.001   0.002   0.002   0.002   0.002 )
2549.970: I:1 (   0.000   0.000   0.000 ) T:255 (   0.001   0.001   0.002   0.002   0.002   0.002 )
2559.970: I:1 (   0.001   0.001   0.001 ) T:256 (   0.001   0.001   0.002   0.002   0.002   0.002 )
2569.968: I:1 (   0.001   0.001   0.001 ) T:257 (   0.001   0.001   0.002   0.002   0.002   0.002 )
2579.974: I:1 (   0.001   0.001   0.001 ) T:258 (   0.001   0.001   0.002   0.002   0.002   0.002 )
2589.970: I:1 (   0.002   0.002   0.002 ) T:259 (   0.001   0.001   0.002   0.002   0.002   0.002 )
2599.974: I:1 (   0.001   0.001   0.001 ) T:260 (   0.001   0.001   0.002   0.002   0.002   0.002 )
2609.970: I:1 (   0.001   0.001   0.001 ) T:261 (   0.001   0.001   0.002   0.002   0.002   0.002 )
2619.973: I:1 (   0.001   0.001   0.001 ) T:262 (   0.001   0.001   0.002   0.002   0.002   0.002 )
2629.974: I:1 (   0.001   0.001   0.001 ) T:263 (   0.001   0.001   0.002   0.002   0.002   0.002 )
2639.973: I:1 (   0.001   0.001   0.001 ) T:264 (   0.001   0.001   0.002   0.002   0.002   0.002 )
2649.967: I:1 (   0.001   0.001   0.001 ) T:265 (   0.001   0.001   0.002   0.002   0.002   0.002 )
2659.970: I:1 (   0.001   0.001   0.001 ) T:266 (   0.001   0.001   0.002   0.002   0.002   0.002 )
2669.969: I:1 (   0.001   0.001   0.001 ) T:267 (   0.001   0.001   0.002   0.002   0.002   0.002 )
2679.969: I:1 (   0.001   0.001   0.001 ) T:268 (   0.001   0.001   0.002   0.002   0.002   0.002 )
2689.969: I:1 (   0.001   0.001   0.001 ) T:269 (   0.001   0.001   0.002   0.002   0.002   0.002 )
2699.979: I:1 (   0.001   0.001   0.001 ) T:270 (   0.001   0.001   0.002   0.002   0.002   0.002 )
2709.970: I:1 (   0.001   0.001   0.001 ) T:271 (   0.001   0.001   0.002   0.002   0.002   0.002 )
2719.970: I:1 (   0.001   0.001   0.001 ) T:272 (   0.001   0.001   0.002   0.002   0.002   0.002 )
2729.973: I:1 (   0.001   0.001   0.001 ) T:273 (   0.001   0.001   0.002   0.002   0.002   0.002 )
2739.972: I:1 (   0.002   0.002   0.002 ) T:274 (   0.001   0.001   0.002   0.002   0.002   0.002 )
2749.969: I:1 (   0.001   0.001   0.001 ) T:275 (   0.001   0.001   0.002   0.002   0.002   0.002 )
2759.968: I:1 (   0.002   0.002   0.002 ) T:276 (   0.001   0.001   0.002   0.002   0.002   0.002 )
2769.970: I:1 (   0.001   0.001   0.001 ) T:277 (   0.001   0.001   0.002   0.002   0.002   0.002 )
2779.969: I:1 (   0.001   0.001   0.001 ) T:278 (   0.001   0.001   0.002   0.002   0.002   0.002 )
2789.976: I:1 (   0.001   0.001   0.001 ) T:279 (   0.001   0.001   0.002   0.002   0.002   0.002 )
2799.967: I:1 (   0.001   0.001   0.001 ) T:280 (   0.001   0.001   0.002   0.002   0.002   0.002 )
2809.967: I:1 (   0.000   0.000   0.000 ) T:281 (   0.001   0.001   0.002   0.002   0.002   0.002 )
2819.970: I:1 (   0.001   0.001   0.001 ) T:282 (   0.001   0.001   0.002   0.002   0.002   0.002 )
2829.970: I:1 (   0.001   0.001   0.001 ) T:283 (   0.001   0.001   0.002   0.002   0.002   0.002 )
2839.970: I:1 (   0.001   0.001   0.001 ) T:284 (   0.001   0.001   0.002   0.002   0.002   0.002 )
2849.969: I:1 (   0.001   0.001   0.001 ) T:285 (   0.001   0.001   0.002   0.002   0.002   0.002 )
2859.967: I:1 (   0.001   0.001   0.001 ) T:286 (   0.001   0.001   0.002   0.002   0.002   0.002 )
2869.969: I:1 (   0.001   0.001   0.001 ) T:287 (   0.001   0.001   0.002   0.002   0.002   0.002 )
2879.969: I:1 (   0.001   0.001   0.001 ) T:288 (   0.001   0.001   0.002   0.002   0.002   0.002 )
2889.971: I:1 (   0.001   0.001   0.001 ) T:289 (   0.001   0.001   0.002   0.002   0.002   0.002 )
2899.967: I:1 (   0.001   0.001   0.001 ) T:290 (   0.001   0.001   0.002   0.002   0.002   0.002 )
2909.969: I:1 (   0.001   0.001   0.001 ) T:291 (   0.001   0.001   0.002   0.002   0.002   0.002 )
2919.973: I:1 (   0.001   0.001   0.001 ) T:292 (   0.001   0.001   0.002   0.002   0.002   0.002 )
2929.975: I:1 (   0.001   0.001   0.001 ) T:293 (   0.001   0.001   0.002   0.002   0.002   0.002 )
2939.974: I:1 (   0.001   0.001   0.001 ) T:294 (   0.001   0.001   0.002   0.002   0.002   0.002 )
2949.968: I:1 (   0.002   0.002   0.002 ) T:295 (   0.001   0.001   0.002   0.002   0.002   0.002 )
2959.970: I:1 (   0.001   0.001   0.001 ) T:296 (   0.001   0.001   0.002   0.002   0.002   0.002 )
2969.973: I:1 (   0.001   0.001   0.001 ) T:297 (   0.001   0.001   0.002   0.002   0.002   0.002 )
2979.968: I:1 (   0.001   0.001   0.001 ) T:298 (   0.001   0.001   0.002   0.002   0.002   0.002 )
2985.168: I:2 (   0.001   0.001   0.001 ) T:300 (   0.001   0.001   0.002   0.002   0.002   0.002 )
2985.214: I:0 (   0.000   0.000   0.000 ) T:300 (   0.001   0.001   0.002   0.002   0.002   0.002 )
