#[Interval percentile log between 0.000 and <Infinite> seconds (relative to StartTime)]
#[StartTime: 1524359627.438 (seconds since epoch), Sun Apr 22 03:13:47 CEST 2018]
Time: IntervalPercentiles:count ( 50% 90% Max ) TotalPercentiles:count ( 50% 90% 99% 99.9% 99.99% Max )
9.991: I:1 (   0.000   0.000   0.000 ) T:1 (   0.000   0.000   0.000   0.000   0.000   0.000 )
19.980: I:1 (   0.008   0.008   0.008 ) T:2 (   0.000   0.008   0.008   0.008   0.008   0.008 )
29.977: I:1 (   0.000   0.000   0.000 ) T:3 (   0.000   0.008   0.008   0.008   0.008   0.008 )
39.967: I:1 (   0.004   0.004   0.004 ) T:4 (   0.000   0.008   0.008   0.008   0.008   0.008 )
49.970: I:1 (   0.000   0.000   0.000 ) T:5 (   0.000   0.008   0.008   0.008   0.008   0.008 )
59.976: I:1 (   0.000   0.000   0.000 ) T:6 (   0.000   0.008   0.008   0.008   0.008   0.008 )
69.972: I:1 (   0.004   0.004   0.004 ) T:7 (   0.000   0.008   0.008   0.008   0.008   0.008 )
79.971: I:1 (   0.000   0.000   0.000 ) T:8 (   0.000   0.008   0.008   0.008   0.008   0.008 )
89.973: I:1 (   0.005   0.005   0.005 ) T:9 (   0.000   0.008   0.008   0.008   0.008   0.008 )
99.967: I:1 (   0.000   0.000   0.000 ) T:10 (   0.000   0.005   0.008   0.008   0.008   0.008 )
109.972: I:1 (   0.000   0.000   0.000 ) T:11 (   0.000   0.005   0.008   0.008   0.008   0.008 )
119.974: I:1 (   0.004   0.004   0.004 ) T:12 (   0.000   0.005   0.008   0.008   0.008   0.008 )
129.975: I:1 (   0.000   0.000   0.000 ) T:13 (   0.000   0.005   0.008   0.008   0.008   0.008 )
139.975: I:1 (   0.004   0.004   0.004 ) T:14 (   0.000   0.005   0.008   0.008   0.008   0.008 )
149.971: I:1 (   0.000   0.000   0.000 ) T:15 (   0.000   0.005   0.008   0.008   0.008   0.008 )
159.971: I:1 (   0.005   0.005   0.005 ) T:16 (   0.000   0.005   0.008   0.008   0.008   0.008 )
169.974: I:1 (   0.000   0.000   0.000 ) T:17 (   0.000   0.005   0.008   0.008   0.008   0.008 )
179.971: I:1 (   0.002   0.002   0.002 ) T:18 (   0.000   0.005   0.008   0.008   0.008   0.008 )
189.972: I:1 (   0.000   0.000   0.000 ) T:19 (   0.000   0.005   0.008   0.008   0.008   0.008 )
199.973: I:1 (   0.000   0.000   0.000 ) T:20 (   0.000   0.005   0.008   0.008   0.008   0.008 )
209.976: I:1 (   0.001   0.001   0.001 ) T:21 (   0.000   0.005   0.008   0.008   0.008   0.008 )
219.975: I:1 (   0.000   0.000   0.000 ) T:22 (   0.000   0.005   0.008   0.008   0.008   0.008 )
229.968: I:1 (   0.002   0.002   0.002 ) T:23 (   0.000   0.005   0.008   0.008   0.008   0.008 )
239.973: I:1 (   0.000   0.000   0.000 ) T:24 (   0.000   0.005   0.008   0.008   0.008   0.008 )
249.974: I:1 (   0.001   0.001   0.001 ) T:25 (   0.000   0.005   0.008   0.008   0.008   0.008 )
259.974: I:1 (   0.000   0.000   0.000 ) T:26 (   0.000   0.005   0.008   0.008   0.008   0.008 )
269.974: I:1 (   0.002   0.002   0.002 ) T:27 (   0.000   0.005   0.008   0.008   0.008   0.008 )
279.969: I:1 (   0.000   0.000   0.000 ) T:28 (   0.000   0.005   0.008   0.008   0.008   0.008 )
289.966: I:1 (   0.001   0.001   0.001 ) T:29 (   0.000   0.005   0.008   0.008   0.008   0.008 )
299.973: I:1 (   0.000   0.000   0.000 ) T:30 (   0.000   0.004   0.008   0.008   0.008   0.008 )
309.975: I:1 (   0.001   0.001   0.001 ) T:31 (   0.000   0.004   0.008   0.008   0.008   0.008 )
319.974: I:1 (   0.002   0.002   0.002 ) T:32 (   0.000   0.004   0.008   0.008   0.008   0.008 )
329.965: I:1 (   0.000   0.000   0.000 ) T:33 (   0.000   0.004   0.008   0.008   0.008   0.008 )
339.971: I:1 (   0.001   0.001   0.001 ) T:34 (   0.000   0.004   0.008   0.008   0.008   0.008 )
349.971: I:1 (   0.000   0.000   0.000 ) T:35 (   0.000   0.004   0.008   0.008   0.008   0.008 )
359.974: I:1 (   0.002   0.002   0.002 ) T:36 (   0.000   0.004   0.008   0.008   0.008   0.008 )
369.971: I:1 (   0.000   0.000   0.000 ) T:37 (   0.000   0.004   0.008   0.008   0.008   0.008 )
379.975: I:1 (   0.002   0.002   0.002 ) T:38 (   0.000   0.004   0.008   0.008   0.008   0.008 )
389.970: I:1 (   0.001   0.001   0.001 ) T:39 (   0.000   0.004   0.008   0.008   0.008   0.008 )
399.974: I:1 (   0.000   0.000   0.000 ) T:40 (   0.000   0.004   0.008   0.008   0.008   0.008 )
409.974: I:1 (   0.002   0.002   0.002 ) T:41 (   0.000   0.004   0.008   0.008   0.008   0.008 )
419.968: I:1 (   0.000   0.000   0.000 ) T:42 (   0.000   0.004   0.008   0.008   0.008   0.008 )
429.974: I:1 (   0.001   0.001   0.001 ) T:43 (   0.000   0.004   0.008   0.008   0.008   0.008 )
439.984: I:1 (   0.002   0.002   0.002 ) T:44 (   0.000   0.004   0.008   0.008   0.008   0.008 )
449.970: I:1 (   0.000   0.000   0.000 ) T:45 (   0.000   0.004   0.008   0.008   0.008   0.008 )
459.966: I:1 (   0.001   0.001   0.001 ) T:46 (   0.000   0.004   0.008   0.008   0.008   0.008 )
469.975: I:1 (   0.002   0.002   0.002 ) T:47 (   0.001   0.004   0.008   0.008   0.008   0.008 )
479.967: I:1 (   0.000   0.000   0.000 ) T:48 (   0.000   0.004   0.008   0.008   0.008   0.008 )
489.974: I:1 (   0.002   0.002   0.002 ) T:49 (   0.001   0.004   0.008   0.008   0.008   0.008 )
499.974: I:1 (   0.002   0.002   0.002 ) T:50 (   0.001   0.004   0.008   0.008   0.008   0.008 )
509.975: I:1 (   0.000   0.000   0.000 ) T:51 (   0.001   0.004   0.008   0.008   0.008   0.008 )
519.970: I:1 (   0.001   0.001   0.001 ) T:52 (   0.001   0.004   0.008   0.008   0.008   0.008 )
529.974: I:1 (   0.000   0.000   0.000 ) T:53 (   0.001   0.004   0.008   0.008   0.008   0.008 )
539.974: I:1 (   0.002   0.002   0.002 ) T:54 (   0.001   0.004   0.008   0.008   0.008   0.008 )
549.973: I:1 (   0.001   0.001   0.001 ) T:55 (   0.001   0.004   0.008   0.008   0.008   0.008 )
559.974: I:1 (   0.000   0.000   0.000 ) T:56 (   0.001   0.004   0.008   0.008   0.008   0.008 )
569.971: I:1 (   0.002   0.002   0.002 ) T:57 (   0.001   0.004   0.008   0.008   0.008   0.008 )
579.974: I:1 (   0.001   0.001   0.001 ) T:58 (   0.001   0.004   0.008   0.008   0.008   0.008 )
589.968: I:1 (   0.000   0.000   0.000 ) T:59 (   0.001   0.004   0.008   0.008   0.008   0.008 )
599.967: I:1 (   0.002   0.002   0.002 ) T:60 (   0.001   0.004   0.008   0.008   0.008   0.008 )
609.971: I:1 (   0.001   0.001   0.001 ) T:61 (   0.001   0.004   0.008   0.008   0.008   0.008 )
619.965: I:1 (   0.001   0.001   0.001 ) T:62 (   0.001   0.004   0.008   0.008   0.008   0.008 )
629.975: I:1 (   0.000   0.000   0.000 ) T:63 (   0.001   0.004   0.008   0.008   0.008   0.008 )
639.974: I:1 (   0.002   0.002   0.002 ) T:64 (   0.001   0.004   0.008   0.008   0.008   0.008 )
649.972: I:1 (   0.001   0.001   0.001 ) T:65 (   0.001   0.004   0.008   0.008   0.008   0.008 )
659.974: I:1 (   0.000   0.000   0.000 ) T:66 (   0.001   0.004   0.008   0.008   0.008   0.008 )
669.973: I:1 (   0.002   0.002   0.002 ) T:67 (   0.001   0.004   0.008   0.008   0.008   0.008 )
679.973: I:1 (   0.002   0.002   0.002 ) T:68 (   0.001   0.004   0.008   0.008   0.008   0.008 )
689.977: I:1 (   0.001   0.001   0.001 ) T:69 (   0.001   0.004   0.008   0.008   0.008   0.008 )
699.967: I:1 (   0.002   0.002   0.002 ) T:70 (   0.001   0.002   0.008   0.008   0.008   0.008 )
709.974: I:1 (   0.000   0.000   0.000 ) T:71 (   0.001   0.002   0.008   0.008   0.008   0.008 )
719.974: I:1 (   0.001   0.001   0.001 ) T:72 (   0.001   0.002   0.008   0.008   0.008   0.008 )
729.971: I:1 (   0.002   0.002   0.002 ) T:73 (   0.001   0.002   0.008   0.008   0.008   0.008 )
739.971: I:1 (   0.002   0.002   0.002 ) T:74 (   0.001   0.002   0.008   0.008   0.008   0.008 )
749.965: I:1 (   0.000   0.000   0.000 ) T:75 (   0.001   0.002   0.008   0.008   0.008   0.008 )
759.972: I:1 (   0.001   0.001   0.001 ) T:76 (   0.001   0.002   0.008   0.008   0.008   0.008 )
769.971: I:1 (   0.001   0.001   0.001 ) T:77 (   0.001   0.002   0.008   0.008   0.008   0.008 )
779.974: I:1 (   0.002   0.002   0.002 ) T:78 (   0.001   0.002   0.008   0.008   0.008   0.008 )
789.974: I:1 (   0.002   0.002   0.002 ) T:79 (   0.001   0.002   0.008   0.008   0.008   0.008 )
799.974: I:1 (   0.001   0.001   0.001 ) T:80 (   0.001   0.002   0.008   0.008   0.008   0.008 )
809.974: I:1 (   0.002   0.002   0.002 ) T:81 (   0.001   0.002   0.008   0.008   0.008   0.008 )
819.971: I:1 (   0.000   0.000   0.000 ) T:82 (   0.001   0.002   0.008   0.008   0.008   0.008 )
829.974: I:1 (   0.001   0.001   0.001 ) T:83 (   0.001   0.002   0.008   0.008   0.008   0.008 )
839.974: I:1 (   0.000   0.000   0.000 ) T:84 (   0.001   0.002   0.008   0.008   0.008   0.008 )
849.974: I:1 (   0.001   0.001   0.001 ) T:85 (   0.001   0.002   0.008   0.008   0.008   0.008 )
859.974: I:1 (   0.000   0.000   0.000 ) T:86 (   0.001   0.002   0.008   0.008   0.008   0.008 )
869.974: I:1 (   0.002   0.002   0.002 ) T:87 (   0.001   0.002   0.008   0.008   0.008   0.008 )
879.972: I:1 (   0.000   0.000   0.000 ) T:88 (   0.001   0.002   0.008   0.008   0.008   0.008 )
889.974: I:1 (   0.002   0.002   0.002 ) T:89 (   0.001   0.002   0.008   0.008   0.008   0.008 )
899.974: I:1 (   0.000   0.000   0.000 ) T:90 (   0.001   0.002   0.008   0.008   0.008   0.008 )
909.974: I:1 (   0.001   0.001   0.001 ) T:91 (   0.001   0.002   0.008   0.008   0.008   0.008 )
919.974: I:1 (   0.000   0.000   0.000 ) T:92 (   0.001   0.002   0.008   0.008   0.008   0.008 )
929.974: I:1 (   0.001   0.001   0.001 ) T:93 (   0.001   0.002   0.008   0.008   0.008   0.008 )
939.974: I:1 (   0.002   0.002   0.002 ) T:94 (   0.001   0.002   0.008   0.008   0.008   0.008 )
949.974: I:1 (   0.000   0.000   0.000 ) T:95 (   0.001   0.002   0.008   0.008   0.008   0.008 )
959.974: I:1 (   0.001   0.001   0.001 ) T:96 (   0.001   0.002   0.008   0.008   0.008   0.008 )
969.971: I:1 (   0.000   0.000   0.000 ) T:97 (   0.001   0.002   0.008   0.008   0.008   0.008 )
979.974: I:1 (   0.002   0.002   0.002 ) T:98 (   0.001   0.002   0.008   0.008   0.008   0.008 )
989.973: I:1 (   0.001   0.001   0.001 ) T:99 (   0.001   0.002   0.008   0.008   0.008   0.008 )
999.975: I:1 (   0.002   0.002   0.002 ) T:100 (   0.001   0.002   0.005   0.008   0.008   0.008 )
1009.974: I:1 (   0.000   0.000   0.000 ) T:101 (   0.001   0.002   0.005   0.008   0.008   0.008 )
1019.974: I:1 (   0.002   0.002   0.002 ) T:102 (   0.001   0.002   0.005   0.008   0.008   0.008 )
1029.967: I:1 (   0.001   0.001   0.001 ) T:103 (   0.001   0.002   0.005   0.008   0.008   0.008 )
1039.967: I:1 (   0.001   0.001   0.001 ) T:104 (   0.001   0.002   0.005   0.008   0.008   0.008 )
1049.967: I:1 (   0.001   0.001   0.001 ) T:105 (   0.001   0.002   0.005   0.008   0.008   0.008 )
1050.454: I:2 (   0.000   0.002   0.002 ) T:107 (   0.001   0.002   0.005   0.008   0.008   0.008 )
1050.486: I:0 (   0.000   0.000   0.000 ) T:107 (   0.001   0.002   0.005   0.008   0.008   0.008 )
