#[Interval percentile log between 0.000 and <Infinite> seconds (relative to StartTime)]
#[StartTime: 1524359628.077 (seconds since epoch), Sun Apr 22 03:13:48 CEST 2018]
Time: IntervalPercentiles:count ( 50% 90% Max ) TotalPercentiles:count ( 50% 90% 99% 99.9% 99.99% Max )
9.346: I:78 (  91.007 191.999 624.127 ) T:78 (  91.007 191.999 624.127 624.127 624.127 624.127 )
19.333: I:102 (  80.959 141.695 534.527 ) T:180 (  81.023 183.807 534.527 624.127 624.127 624.127 )
29.333: I:97 (  81.023 141.695 385.279 ) T:277 (  81.023 183.039 385.279 624.127 624.127 624.127 )
39.323: I:98 (  91.071 175.231 262.911 ) T:375 (  81.087 182.399 380.415 624.127 624.127 624.127 )
49.326: I:96 (  91.071 151.807 231.167 ) T:471 (  82.111 174.463 316.159 624.127 624.127 624.127 )
59.332: I:96 (  81.151 154.751 316.415 ) T:567 (  82.111 174.463 316.159 624.127 624.127 624.127 )
69.328: I:103 (  81.087 157.567 293.375 ) T:670 (  81.151 173.567 293.375 624.127 624.127 624.127 )
79.325: I:98 (  81.087 210.559 271.615 ) T:768 (  81.151 173.695 282.111 624.127 624.127 624.127 )
89.329: I:100 (  91.071 141.695 299.263 ) T:868 (  81.215 171.775 282.111 624.127 624.127 624.127 )
99.323: I:99 (  81.151 151.807 430.847 ) T:967 (  81.151 171.775 282.111 624.127 624.127 624.127 )
109.329: I:100 (  81.087 141.695 350.207 ) T:1067 (  81.151 161.919 299.263 534.527 624.127 624.127 )
119.332: I:98 (  81.087 142.847 291.327 ) T:1165 (  81.151 161.791 295.423 534.527 624.127 624.127 )
129.332: I:102 (  81.087 152.447 304.895 ) T:1267 (  81.151 157.567 295.423 534.527 624.127 624.127 )
139.332: I:100 (  81.087 169.727 284.927 ) T:1367 (  81.087 161.919 293.375 534.527 624.127 624.127 )
149.328: I:103 (  81.087 176.895 253.311 ) T:1470 (  81.087 161.919 291.327 534.527 624.127 624.127 )
159.327: I:100 (  83.775 151.807 395.519 ) T:1570 (  81.087 159.103 291.327 534.527 624.127 624.127 )
169.329: I:97 (  81.151 176.767 374.015 ) T:1667 (  81.151 161.791 291.583 534.527 624.127 624.127 )
179.329: I:98 (  81.151 172.159 282.879 ) T:1765 (  81.151 161.791 291.327 534.527 624.127 624.127 )
189.329: I:102 (  81.087 151.807 310.783 ) T:1867 (  81.087 157.951 291.327 534.527 624.127 624.127 )
199.329: I:103 (  78.463 172.031 391.167 ) T:1970 (  81.087 159.103 291.327 534.527 624.127 624.127 )
209.332: I:97 (  81.087 152.831 401.407 ) T:2067 (  81.087 157.951 293.375 430.847 624.127 624.127 )
219.332: I:106 (  71.039 152.191 359.679 ) T:2173 (  81.087 157.567 295.423 430.847 624.127 624.127 )
229.325: I:104 (  81.087 166.271 246.783 ) T:2277 (  81.087 159.103 293.375 430.847 624.127 624.127 )
239.327: I:104 (  81.087 138.879 396.799 ) T:2381 (  81.087 157.567 295.423 430.847 624.127 624.127 )
249.330: I:104 (  81.087 131.711 396.543 ) T:2485 (  81.087 154.495 295.423 430.847 624.127 624.127 )
259.332: I:105 (  76.991 141.823 268.031 ) T:2590 (  81.087 154.111 293.375 430.847 624.127 624.127 )
269.332: I:102 (  81.151 151.807 321.791 ) T:2692 (  81.087 153.855 295.423 430.847 624.127 624.127 )
279.326: I:106 (  71.103 148.351 305.151 ) T:2798 (  81.087 153.855 295.423 430.847 624.127 624.127 )
289.322: I:107 (  75.775 148.735 277.503 ) T:2905 (  81.087 153.727 291.583 430.847 624.127 624.127 )
299.328: I:104 (  81.087 131.711 345.343 ) T:3009 (  81.087 153.599 293.375 401.407 624.127 624.127 )
309.331: I:111 (  71.039 131.711 277.503 ) T:3120 (  81.087 152.831 291.583 401.407 624.127 624.127 )
319.332: I:103 (  81.087 146.303 337.663 ) T:3223 (  81.087 152.831 293.375 401.407 624.127 624.127 )
329.324: I:107 (  81.023 131.711 323.583 ) T:3330 (  81.087 152.831 293.375 401.407 624.127 624.127 )
339.327: I:104 (  78.911 132.351 300.031 ) T:3434 (  81.087 152.831 293.375 401.407 624.127 624.127 )
349.329: I:101 (  72.447 151.679 340.735 ) T:3535 (  81.087 152.831 294.911 401.407 624.127 624.127 )
359.331: I:102 (  81.087 141.951 372.991 ) T:3637 (  81.087 152.831 294.911 401.407 624.127 624.127 )
369.327: I:105 (  75.775 131.711 305.151 ) T:3742 (  81.087 152.319 295.679 401.407 624.127 624.127 )
379.332: I:101 (  81.151 177.407 545.279 ) T:3843 (  81.087 152.447 299.263 430.847 624.127 624.127 )
389.328: I:107 (  71.103 131.711 324.863 ) T:3950 (  81.087 151.935 299.775 430.847 624.127 624.127 )
399.331: I:103 (  81.151 131.711 364.287 ) T:4053 (  81.087 151.807 299.775 401.407 624.127 624.127 )
409.331: I:106 (  72.063 161.663 307.199 ) T:4159 (  81.087 151.935 299.775 401.407 624.127 624.127 )
419.324: I:107 (  74.111 131.711 345.599 ) T:4266 (  81.087 151.807 300.031 401.407 624.127 624.127 )
429.330: I:106 (  72.319 140.287 339.455 ) T:4372 (  81.087 151.807 300.031 401.407 624.127 624.127 )
439.338: I:105 (  74.303 131.711 398.335 ) T:4477 (  81.087 151.807 300.031 401.407 624.127 624.127 )
449.327: I:107 (  81.087 131.839 279.807 ) T:4584 (  81.087 151.807 299.775 401.407 624.127 624.127 )
459.322: I:103 (  71.231 172.031 293.119 ) T:4687 (  81.087 151.807 299.263 401.407 624.127 624.127 )
469.330: I:102 (  74.239 141.695 424.703 ) T:4789 (  81.087 151.807 299.263 424.703 624.127 624.127 )
479.324: I:109 (  80.767 141.823 340.223 ) T:4898 (  81.087 151.807 299.263 424.703 624.127 624.127 )
489.331: I:106 (  71.871 155.775 446.207 ) T:5004 (  81.087 151.807 299.007 424.703 624.127 624.127 )
499.331: I:99 (  81.151 141.823 313.599 ) T:5103 (  81.087 151.807 299.007 424.703 624.127 624.127 )
509.332: I:110 (  71.103 131.711 388.863 ) T:5213 (  81.087 151.807 299.007 424.703 624.127 624.127 )
519.325: I:104 (  71.999 160.127 296.447 ) T:5317 (  81.087 151.807 296.447 424.703 624.127 624.127 )
529.331: I:103 (  81.087 151.807 346.367 ) T:5420 (  81.087 151.807 299.007 424.703 624.127 624.127 )
539.331: I:97 (  71.615 197.887 394.751 ) T:5517 (  81.087 151.807 299.007 424.703 624.127 624.127 )
549.329: I:104 (  76.671 149.503 323.327 ) T:5621 (  81.087 151.807 299.007 424.703 624.127 624.127 )
559.331: I:102 (  81.151 172.159 326.143 ) T:5723 (  81.087 151.807 299.007 424.703 624.127 624.127 )
569.329: I:106 (  71.167 146.943 312.831 ) T:5829 (  81.087 151.807 299.263 424.703 624.127 624.127 )
579.331: I:106 (  81.151 155.647 267.775 ) T:5935 (  81.087 151.807 299.007 424.703 624.127 624.127 )
589.324: I:105 (  81.151 131.711 275.967 ) T:6040 (  81.087 151.807 296.447 401.407 624.127 624.127 )
599.323: I:104 (  72.127 151.935 339.711 ) T:6144 (  81.087 151.807 299.263 401.407 624.127 624.127 )
609.326: I:103 (  81.215 132.735 319.743 ) T:6247 (  81.087 151.807 299.263 401.407 624.127 624.127 )
619.323: I:99 (  81.151 164.863 361.471 ) T:6346 (  81.087 151.807 299.263 401.407 624.127 624.127 )
629.331: I:103 (  71.295 131.711 409.343 ) T:6449 (  81.087 151.807 299.775 409.343 624.127 624.127 )
639.331: I:104 (  81.151 141.695 313.599 ) T:6553 (  81.087 151.807 299.775 409.343 624.127 624.127 )
649.330: I:102 (  81.151 151.935 292.863 ) T:6655 (  81.087 151.807 299.263 409.343 624.127 624.127 )
659.330: I:104 (  79.423 151.935 405.503 ) T:6759 (  81.087 151.807 299.263 409.343 624.127 624.127 )
669.329: I:103 (  81.087 141.439 376.319 ) T:6862 (  81.087 151.807 300.031 409.343 624.127 624.127 )
679.328: I:106 (  81.151 131.839 347.647 ) T:6968 (  81.087 151.807 300.031 409.343 624.127 624.127 )
689.332: I:102 (  71.103 147.967 376.575 ) T:7070 (  81.087 151.807 302.591 405.503 624.127 624.127 )
699.324: I:98 (  71.103 183.551 393.727 ) T:7168 (  81.087 151.807 305.151 405.503 624.127 624.127 )
709.330: I:102 (  71.167 131.711 329.471 ) T:7270 (  81.087 151.807 305.151 405.503 624.127 624.127 )
719.331: I:103 (  81.151 172.031 365.823 ) T:7373 (  81.087 151.807 307.199 405.503 624.127 624.127 )
729.328: I:106 (  72.063 131.711 312.831 ) T:7479 (  81.087 151.807 307.199 405.503 624.127 624.127 )
739.328: I:108 (  71.103 151.807 314.879 ) T:7587 (  81.087 151.807 307.199 405.503 624.127 624.127 )
749.322: I:102 (  71.103 182.143 316.671 ) T:7689 (  81.087 151.807 307.199 405.503 624.127 624.127 )
759.328: I:97 (  81.023 152.319 411.135 ) T:7786 (  81.087 151.807 307.199 409.343 624.127 624.127 )
769.326: I:100 (  81.087 141.823 323.583 ) T:7886 (  81.087 151.807 307.199 409.343 624.127 624.127 )
779.329: I:102 (  81.151 153.215 288.767 ) T:7988 (  81.087 151.807 306.431 409.343 624.127 624.127 )
789.328: I:106 (  75.583 138.751 370.175 ) T:8094 (  81.087 151.807 307.199 405.503 624.127 624.127 )
799.331: I:100 (  81.151 131.711 330.495 ) T:8194 (  81.087 151.807 307.199 405.503 624.127 624.127 )
809.332: I:80 (  81.151 289.791 544.767 ) T:8274 (  81.087 151.807 312.831 411.135 624.127 624.127 )
819.328: I:28 ( 333.311 414.207 771.583 ) T:8302 (  81.087 153.215 322.303 424.703 771.583 771.583 )
829.331: I:46 ( 193.279 363.775 539.135 ) T:8348 (  81.087 157.567 333.311 446.207 771.583 771.583 )
839.329: I:101 (  81.087 188.671 331.007 ) T:8449 (  81.087 157.567 333.311 446.207 771.583 771.583 )
849.329: I:31 ( 343.551 364.287 453.887 ) T:8480 (  81.087 161.919 343.551 453.887 771.583 771.583 )
859.331: I:47 ( 182.271 363.775 734.207 ) T:8527 (  81.087 169.087 343.551 508.671 771.583 771.583 )
869.331: I:71 (  71.167 343.551 589.823 ) T:8598 (  81.087 172.031 343.551 534.527 771.583 771.583 )
879.328: I:102 (  71.103 166.783 378.623 ) T:8700 (  81.087 172.031 343.551 534.527 771.583 771.583 )
889.330: I:27 ( 343.551 452.095 642.047 ) T:8727 (  81.087 172.671 344.575 544.767 771.583 771.583 )
899.329: I:47 ( 163.199 383.999 766.975 ) T:8774 (  81.087 175.359 353.535 558.079 771.583 771.583 )
909.332: I:54 (  91.199 353.535 851.967 ) T:8828 (  81.087 180.479 353.535 589.823 851.967 851.967 )
919.329: I:105 (  71.103 132.735 342.783 ) T:8933 (  81.087 179.583 353.535 589.823 851.967 851.967 )
929.329: I:45 ( 212.095 365.567 540.671 ) T:8978 (  81.087 182.143 359.679 589.823 851.967 851.967 )
939.330: I:52 ( 111.423 353.535 583.679 ) T:9030 (  81.087 182.783 361.471 583.679 851.967 851.967 )
949.330: I:32 ( 328.447 449.279 662.015 ) T:9062 (  81.087 186.751 363.775 589.823 851.967 851.967 )
959.332: I:33 ( 337.663 434.431 662.015 ) T:9095 (  81.087 189.567 365.567 632.831 851.967 851.967 )
969.329: I:100 (  81.151 141.823 352.767 ) T:9195 (  81.087 189.055 364.287 632.831 851.967 851.967 )
979.329: I:99 (  81.151 161.919 348.671 ) T:9294 (  81.087 188.927 364.287 632.831 851.967 851.967 )
989.329: I:99 (  81.087 172.031 346.623 ) T:9393 (  81.087 188.927 363.775 632.831 851.967 851.967 )
999.329: I:97 (  78.399 202.879 377.599 ) T:9490 (  81.087 188.927 363.775 632.831 851.967 851.967 )
1009.332: I:101 (  73.599 162.175 382.719 ) T:9591 (  81.087 188.927 363.775 632.831 851.967 851.967 )
1019.329: I:102 (  76.991 173.055 385.279 ) T:9693 (  81.087 188.671 363.775 632.831 851.967 851.967 )
1029.323: I:103 (  81.087 141.823 328.959 ) T:9796 (  81.087 188.415 363.775 632.831 851.967 851.967 )
1039.322: I:99 (  81.151 179.199 506.367 ) T:9895 (  81.087 188.415 363.775 632.831 851.967 851.967 )
1049.323: I:101 (  81.151 151.935 287.487 ) T:9996 (  81.087 188.415 363.775 632.831 851.967 851.967 )
1049.810: I:4 (  81.023 211.967 211.967 ) T:10000 (  81.087 188.415 363.775 624.127 771.583 851.967 )
1049.844: I:0 (   0.000   0.000   0.000 ) T:10000 (  81.087 188.415 363.775 624.127 771.583 851.967 )
