#[Interval percentile log between 0.000 and <Infinite> seconds (relative to StartTime)]
#[StartTime: 1524466649.319 (seconds since epoch), Mon Apr 23 08:57:29 CEST 2018]
Time: IntervalPercentiles:count ( 50% 90% Max ) TotalPercentiles:count ( 50% 90% 99% 99.9% 99.99% Max )
7.370: I:27 ( 136.191 230.143 295.167 ) T:27 ( 136.191 230.143 295.167 295.167 295.167 295.167 )
17.347: I:40 ( 135.935 163.071 339.967 ) T:67 ( 136.191 208.255 339.967 339.967 339.967 339.967 )
27.336: I:39 ( 135.295 195.711 388.351 ) T:106 ( 135.423 199.167 339.967 388.351 388.351 388.351 )
37.343: I:42 ( 114.687 156.543 196.735 ) T:148 ( 134.783 175.743 339.967 388.351 388.351 388.351 )
47.340: I:41 ( 115.391 156.031 286.975 ) T:189 ( 127.039 173.823 339.967 388.351 388.351 388.351 )
57.340: I:44 ( 114.047 147.583 166.271 ) T:233 ( 124.095 163.071 295.167 388.351 388.351 388.351 )
67.337: I:43 ( 115.007 145.535 204.927 ) T:276 ( 116.991 159.359 295.167 388.351 388.351 388.351 )
77.345: I:44 ( 114.047 146.431 187.007 ) T:320 ( 116.863 157.439 286.975 388.351 388.351 388.351 )
87.341: I:45 ( 114.047 144.639 184.703 ) T:365 ( 116.479 157.311 286.975 388.351 388.351 388.351 )
97.333: I:43 ( 123.519 154.751 314.623 ) T:408 ( 116.671 157.311 286.975 388.351 388.351 388.351 )
107.332: I:44 ( 103.871 146.303 356.863 ) T:452 ( 115.903 156.543 295.167 388.351 388.351 388.351 )
117.336: I:45 ( 103.551 154.239 194.815 ) T:497 ( 114.815 156.415 295.167 388.351 388.351 388.351 )
127.361: I:46 ( 104.191 153.599 194.815 ) T:543 ( 114.495 156.031 286.975 388.351 388.351 388.351 )
137.340: I:42 ( 113.663 153.343 464.383 ) T:585 ( 114.431 155.775 295.167 464.383 464.383 464.383 )
147.333: I:43 ( 105.791 154.367 224.767 ) T:628 ( 114.303 155.647 286.975 464.383 464.383 464.383 )
157.373: I:46 ( 103.615 154.239 387.071 ) T:674 ( 114.047 155.519 295.167 464.383 464.383 464.383 )
167.340: I:42 ( 114.303 154.111 245.119 ) T:716 ( 114.047 155.519 286.975 464.383 464.383 464.383 )
177.340: I:44 ( 103.487 154.111 295.423 ) T:760 ( 113.919 155.007 295.167 464.383 464.383 464.383 )
187.340: I:44 ( 115.391 146.303 165.375 ) T:804 ( 113.919 154.751 286.975 464.383 464.383 464.383 )
197.340: I:45 ( 113.663 156.031 204.671 ) T:849 ( 113.919 154.879 286.975 464.383 464.383 464.383 )
207.340: I:42 ( 113.535 164.479 477.439 ) T:891 ( 113.919 155.007 295.423 477.439 477.439 477.439 )
217.339: I:44 ( 105.407 153.343 194.559 ) T:935 ( 113.855 154.879 295.167 477.439 477.439 477.439 )
227.341: I:44 ( 104.511 154.751 176.511 ) T:979 ( 113.855 154.879 295.167 477.439 477.439 477.439 )
237.331: I:43 ( 113.727 153.983 347.391 ) T:1022 ( 113.855 154.751 295.167 464.383 477.439 477.439 )
247.339: I:45 ( 103.615 154.367 224.639 ) T:1067 ( 113.727 154.751 295.167 464.383 477.439 477.439 )
257.330: I:42 ( 114.239 145.919 305.663 ) T:1109 ( 113.727 154.623 295.167 464.383 477.439 477.439 )
267.340: I:44 ( 113.663 133.759 194.559 ) T:1153 ( 113.727 154.495 295.167 464.383 477.439 477.439 )
277.339: I:43 ( 113.663 154.111 326.143 ) T:1196 ( 113.727 154.495 295.423 464.383 477.439 477.439 )
287.335: I:44 ( 113.471 144.895 358.655 ) T:1240 ( 113.727 154.495 295.423 464.383 477.439 477.439 )
297.338: I:46 ( 106.495 154.111 164.223 ) T:1286 ( 113.727 154.495 295.423 464.383 477.439 477.439 )
307.340: I:44 ( 103.615 143.743 295.423 ) T:1330 ( 113.663 154.495 295.423 464.383 477.439 477.439 )
317.336: I:45 ( 103.487 145.663 305.919 ) T:1375 ( 113.599 154.367 295.423 464.383 477.439 477.439 )
327.340: I:42 ( 113.151 157.695 194.431 ) T:1417 ( 113.599 154.495 295.423 464.383 477.439 477.439 )
337.332: I:43 ( 113.855 156.287 183.807 ) T:1460 ( 113.599 154.495 295.423 464.383 477.439 477.439 )
347.339: I:41 ( 113.407 156.031 295.935 ) T:1501 ( 113.599 154.495 295.423 464.383 477.439 477.439 )
357.339: I:44 ( 113.471 143.743 158.079 ) T:1545 ( 113.599 154.367 295.423 464.383 477.439 477.439 )
367.338: I:44 ( 113.343 155.903 194.815 ) T:1589 ( 113.599 154.495 295.423 464.383 477.439 477.439 )
377.342: I:44 ( 103.935 154.239 407.295 ) T:1633 ( 113.599 154.367 295.423 464.383 477.439 477.439 )
387.329: I:44 ( 105.215 145.151 214.399 ) T:1677 ( 113.535 154.367 295.423 464.383 477.439 477.439 )
397.338: I:43 ( 115.135 154.623 313.599 ) T:1720 ( 113.599 154.367 295.423 464.383 477.439 477.439 )
407.338: I:42 ( 113.471 146.815 264.959 ) T:1762 ( 113.535 154.367 295.423 464.383 477.439 477.439 )
417.337: I:43 ( 115.519 143.871 334.079 ) T:1805 ( 113.599 154.239 295.423 464.383 477.439 477.439 )
427.339: I:44 ( 113.471 154.623 388.863 ) T:1849 ( 113.535 154.367 295.423 464.383 477.439 477.439 )
437.330: I:43 ( 113.087 155.007 333.055 ) T:1892 ( 113.535 154.367 295.935 464.383 477.439 477.439 )
447.337: I:38 ( 115.519 175.999 379.135 ) T:1930 ( 113.535 154.367 295.935 464.383 477.439 477.439 )
457.338: I:44 ( 113.663 143.871 244.991 ) T:1974 ( 113.599 154.367 295.935 464.383 477.439 477.439 )
467.341: I:45 ( 113.407 144.383 204.543 ) T:2019 ( 113.535 154.367 295.423 407.295 477.439 477.439 )
477.338: I:40 ( 114.495 154.239 550.911 ) T:2059 ( 113.599 154.367 295.935 464.383 550.911 550.911 )
487.338: I:42 ( 113.535 143.999 403.455 ) T:2101 ( 113.599 154.239 295.935 464.383 550.911 550.911 )
497.338: I:42 ( 113.663 174.207 417.791 ) T:2143 ( 113.599 154.367 305.663 464.383 550.911 550.911 )
507.337: I:44 ( 113.599 153.983 178.559 ) T:2187 ( 113.599 154.367 305.663 464.383 550.911 550.911 )
517.339: I:42 ( 123.519 145.023 203.519 ) T:2229 ( 113.599 154.239 296.447 464.383 550.911 550.911 )
527.338: I:45 ( 113.535 153.855 184.575 ) T:2274 ( 113.599 154.239 296.447 464.383 550.911 550.911 )
537.340: I:41 ( 113.407 184.191 438.527 ) T:2315 ( 113.599 154.239 296.447 464.383 550.911 550.911 )
547.339: I:42 ( 123.071 163.967 206.207 ) T:2357 ( 113.599 154.367 296.447 464.383 550.911 550.911 )
557.338: I:43 ( 114.111 184.191 214.399 ) T:2400 ( 113.599 154.495 295.935 464.383 550.911 550.911 )
567.338: I:42 ( 113.471 153.727 305.919 ) T:2442 ( 113.599 154.495 296.447 464.383 550.911 550.911 )
577.338: I:42 ( 113.343 165.631 367.103 ) T:2484 ( 113.599 154.495 305.663 464.383 550.911 550.911 )
587.339: I:42 ( 113.279 156.799 264.959 ) T:2526 ( 113.599 154.495 296.447 464.383 550.911 550.911 )
597.334: I:46 ( 103.231 154.751 186.239 ) T:2572 ( 113.535 154.495 296.447 464.383 550.911 550.911 )
607.339: I:40 ( 113.727 174.079 315.135 ) T:2612 ( 113.599 154.623 296.447 464.383 550.911 550.911 )
617.338: I:43 ( 113.599 154.879 204.671 ) T:2655 ( 113.599 154.623 296.447 464.383 550.911 550.911 )
627.339: I:44 ( 103.359 143.743 154.111 ) T:2699 ( 113.535 154.495 296.447 464.383 550.911 550.911 )
637.338: I:44 ( 113.791 164.095 295.935 ) T:2743 ( 113.535 154.495 295.935 464.383 550.911 550.911 )
647.338: I:43 ( 104.191 153.855 296.191 ) T:2786 ( 113.535 154.495 296.191 464.383 550.911 550.911 )
657.338: I:43 ( 113.471 153.855 286.719 ) T:2829 ( 113.535 154.495 295.935 464.383 550.911 550.911 )
667.338: I:45 ( 113.151 154.111 194.559 ) T:2874 ( 113.535 154.495 295.935 464.383 550.911 550.911 )
677.338: I:46 ( 103.551 153.855 256.127 ) T:2920 ( 113.535 154.367 295.935 464.383 550.911 550.911 )
687.337: I:45 ( 105.599 144.639 174.207 ) T:2965 ( 113.535 154.367 295.935 464.383 550.911 550.911 )
697.334: I:46 ( 104.383 133.759 205.695 ) T:3011 ( 113.535 154.239 295.423 438.527 550.911 550.911 )
707.337: I:40 ( 113.471 154.623 265.215 ) T:3051 ( 113.535 154.367 295.423 438.527 550.911 550.911 )
717.339: I:45 ( 113.407 143.743 184.447 ) T:3096 ( 113.535 154.239 295.423 438.527 550.911 550.911 )
727.340: I:43 ( 103.359 144.639 396.799 ) T:3139 ( 113.471 154.239 295.423 438.527 550.911 550.911 )
737.337: I:44 ( 113.471 153.983 355.839 ) T:3183 ( 113.471 154.239 295.935 438.527 550.911 550.911 )
747.337: I:45 ( 113.535 163.839 173.951 ) T:3228 ( 113.471 154.239 295.423 438.527 550.911 550.911 )
757.339: I:47 ( 103.359 134.783 154.879 ) T:3275 ( 113.471 154.239 295.423 438.527 550.911 550.911 )
767.339: I:45 ( 103.423 144.255 164.863 ) T:3320 ( 113.471 154.111 295.423 438.527 550.911 550.911 )
777.338: I:42 ( 113.599 155.903 267.519 ) T:3362 ( 113.471 154.239 295.423 438.527 550.911 550.911 )
787.339: I:46 ( 105.279 144.639 205.055 ) T:3408 ( 113.471 154.239 295.167 438.527 550.911 550.911 )
797.329: I:44 ( 105.407 146.047 275.967 ) T:3452 ( 113.471 154.111 295.167 438.527 550.911 550.911 )
807.340: I:45 ( 103.487 153.983 317.695 ) T:3497 ( 113.471 154.111 295.423 438.527 550.911 550.911 )
817.332: I:42 ( 103.423 153.983 275.199 ) T:3539 ( 113.471 154.111 295.167 438.527 550.911 550.911 )
827.338: I:45 ( 103.423 134.783 306.175 ) T:3584 ( 113.471 154.111 295.423 438.527 550.911 550.911 )
837.338: I:43 ( 113.407 155.519 435.455 ) T:3627 ( 113.471 154.111 295.423 438.527 550.911 550.911 )
847.338: I:43 ( 113.343 164.223 214.399 ) T:3670 ( 113.471 154.111 295.423 438.527 550.911 550.911 )
857.339: I:45 ( 103.423 135.679 175.999 ) T:3715 ( 113.471 154.111 295.167 438.527 550.911 550.911 )
867.330: I:44 ( 104.191 125.695 366.591 ) T:3759 ( 113.471 154.111 295.423 438.527 550.911 550.911 )
877.337: I:43 ( 113.407 153.855 304.895 ) T:3802 ( 113.471 154.111 295.423 438.527 550.911 550.911 )
887.338: I:43 ( 113.279 173.951 382.207 ) T:3845 ( 113.471 154.111 295.423 438.527 550.911 550.911 )
897.338: I:45 ( 104.063 134.399 333.823 ) T:3890 ( 113.471 154.111 295.935 438.527 550.911 550.911 )
907.338: I:44 ( 103.423 133.631 305.663 ) T:3934 ( 113.407 154.111 295.935 438.527 550.911 550.911 )
917.335: I:43 ( 113.535 143.999 312.831 ) T:3977 ( 113.407 154.111 295.935 438.527 550.911 550.911 )
927.339: I:46 ( 113.343 153.855 347.903 ) T:4023 ( 113.407 154.111 295.935 435.455 550.911 550.911 )
937.362: I:44 ( 103.295 134.655 224.639 ) T:4067 ( 113.407 154.111 295.935 435.455 550.911 550.911 )
947.338: I:41 ( 114.495 164.863 244.863 ) T:4108 ( 113.407 154.111 295.935 435.455 550.911 550.911 )
957.331: I:43 ( 113.343 154.623 194.943 ) T:4151 ( 113.407 154.111 295.935 435.455 550.911 550.911 )
967.338: I:43 ( 113.279 154.111 174.207 ) T:4194 ( 113.407 154.111 295.935 435.455 550.911 550.911 )
977.337: I:42 ( 104.127 140.799 244.735 ) T:4236 ( 113.407 154.111 295.423 435.455 550.911 550.911 )
987.330: I:43 ( 113.599 153.983 204.415 ) T:4279 ( 113.407 154.111 295.423 435.455 550.911 550.911 )
997.339: I:43 ( 113.471 153.087 224.639 ) T:4322 ( 113.407 154.111 295.423 435.455 550.911 550.911 )
1007.337: I:32 ( 133.631 364.543 447.743 ) T:4354 ( 113.407 154.111 296.191 438.527 550.911 550.911 )
1017.331: I:43 ( 123.647 153.855 186.367 ) T:4397 ( 113.471 154.111 296.191 438.527 550.911 550.911 )
1027.338: I:43 ( 114.431 154.239 528.383 ) T:4440 ( 113.471 154.111 296.191 447.743 550.911 550.911 )
1037.339: I:42 ( 113.663 184.063 472.063 ) T:4482 ( 113.471 154.111 296.447 464.383 550.911 550.911 )
1047.338: I:44 ( 123.583 164.607 397.055 ) T:4526 ( 113.471 154.111 296.447 464.383 550.911 550.911 )
1057.338: I:41 ( 113.535 164.223 416.511 ) T:4567 ( 113.471 154.111 304.895 464.383 550.911 550.911 )
1067.339: I:44 ( 105.535 143.999 184.319 ) T:4611 ( 113.471 154.111 302.591 464.383 550.911 550.911 )
1077.340: I:43 ( 103.423 164.223 391.679 ) T:4654 ( 113.471 154.111 304.895 464.383 550.911 550.911 )
1087.337: I:45 ( 103.743 167.423 438.015 ) T:4699 ( 113.471 154.111 305.663 464.383 550.911 550.911 )
1097.331: I:43 ( 113.407 154.623 214.527 ) T:4742 ( 113.471 154.111 304.895 464.383 550.911 550.911 )
1107.337: I:42 ( 105.407 174.207 272.895 ) T:4784 ( 113.471 154.239 304.895 464.383 550.911 550.911 )
1117.330: I:46 ( 113.343 153.983 184.319 ) T:4830 ( 113.471 154.239 302.591 464.383 550.911 550.911 )
1127.336: I:42 ( 113.407 154.111 367.359 ) T:4872 ( 113.471 154.239 304.895 464.383 550.911 550.911 )
1137.332: I:44 ( 113.215 155.135 306.175 ) T:4916 ( 113.471 154.239 304.895 464.383 550.911 550.911 )
1147.335: I:43 ( 123.199 164.095 356.607 ) T:4959 ( 113.471 154.239 305.663 464.383 550.911 550.911 )
1157.335: I:44 ( 113.599 144.255 416.767 ) T:5003 ( 113.471 154.239 305.663 447.743 550.911 550.911 )
1167.338: I:42 ( 115.839 155.007 205.567 ) T:5045 ( 113.471 154.239 305.663 447.743 550.911 550.911 )
1177.330: I:43 ( 113.663 153.855 196.863 ) T:5088 ( 113.471 154.239 305.663 447.743 550.911 550.911 )
1187.337: I:43 ( 103.359 134.911 154.239 ) T:5131 ( 113.471 154.111 304.895 447.743 550.911 550.911 )
1197.330: I:43 ( 113.663 153.855 386.815 ) T:5174 ( 113.471 154.111 305.663 447.743 550.911 550.911 )
1207.337: I:43 ( 113.535 153.983 174.335 ) T:5217 ( 113.471 154.111 304.895 447.743 550.911 550.911 )
1217.337: I:43 ( 114.751 144.895 356.607 ) T:5260 ( 113.471 154.111 305.663 447.743 550.911 550.911 )
1227.338: I:45 ( 105.471 143.999 154.623 ) T:5305 ( 113.471 154.111 304.895 447.743 550.911 550.911 )
1237.339: I:45 ( 104.703 125.695 164.095 ) T:5350 ( 113.471 154.111 304.895 447.743 550.911 550.911 )
1247.336: I:44 ( 114.367 147.071 184.575 ) T:5394 ( 113.471 154.111 304.895 447.743 550.911 550.911 )
1257.338: I:45 ( 104.319 146.175 167.423 ) T:5439 ( 113.471 154.111 302.591 447.743 550.911 550.911 )
1267.336: I:44 ( 103.423 154.495 184.191 ) T:5483 ( 113.471 154.111 302.591 447.743 550.911 550.911 )
1277.335: I:47 ( 103.807 144.895 204.287 ) T:5530 ( 113.471 154.111 296.447 447.743 550.911 550.911 )
1287.337: I:42 ( 105.599 154.879 224.511 ) T:5572 ( 113.471 154.111 296.447 447.743 550.911 550.911 )
1297.337: I:46 ( 103.615 153.983 185.087 ) T:5618 ( 113.407 154.111 296.191 447.743 550.911 550.911 )
1307.338: I:44 ( 103.487 153.855 201.727 ) T:5662 ( 113.407 154.111 296.191 447.743 550.911 550.911 )
1317.338: I:41 ( 104.191 153.983 288.255 ) T:5703 ( 113.407 154.111 295.935 447.743 550.911 550.911 )
1327.338: I:44 ( 105.919 163.967 196.095 ) T:5747 ( 113.407 154.111 295.935 447.743 550.911 550.911 )
1337.337: I:45 ( 103.295 143.743 153.855 ) T:5792 ( 113.407 154.111 295.935 447.743 550.911 550.911 )
1347.331: I:43 ( 105.471 154.239 387.327 ) T:5835 ( 113.407 154.111 295.935 447.743 550.911 550.911 )
1357.340: I:44 ( 103.295 143.871 170.623 ) T:5879 ( 113.407 154.111 295.935 447.743 550.911 550.911 )
1367.336: I:44 ( 105.471 143.743 174.335 ) T:5923 ( 113.407 154.111 295.935 447.743 550.911 550.911 )
1377.341: I:45 ( 113.023 146.559 185.215 ) T:5968 ( 113.407 154.111 295.935 447.743 550.911 550.911 )
1387.336: I:40 ( 123.071 153.983 353.279 ) T:6008 ( 113.407 154.111 295.935 438.527 550.911 550.911 )
1397.339: I:42 ( 114.559 174.335 298.495 ) T:6050 ( 113.407 154.111 295.935 438.527 550.911 550.911 )
1407.338: I:41 ( 113.343 153.855 245.631 ) T:6091 ( 113.407 154.111 295.935 438.527 550.911 550.911 )
1417.335: I:42 ( 113.663 163.967 216.575 ) T:6133 ( 113.407 154.111 295.935 438.527 550.911 550.911 )
1427.340: I:42 ( 113.855 156.031 255.359 ) T:6175 ( 113.407 154.111 295.935 438.527 550.911 550.911 )
1437.337: I:41 ( 115.583 163.967 194.303 ) T:6216 ( 113.407 154.111 295.423 438.527 550.911 550.911 )
1447.337: I:43 ( 113.471 146.303 375.807 ) T:6259 ( 113.407 154.111 295.935 438.527 550.911 550.911 )
1457.337: I:41 ( 123.519 153.983 190.591 ) T:6300 ( 113.407 154.111 295.423 438.527 550.911 550.911 )
1467.337: I:43 ( 113.407 143.999 156.031 ) T:6343 ( 113.407 154.111 295.423 438.527 550.911 550.911 )
1477.341: I:41 ( 123.455 163.967 366.591 ) T:6384 ( 113.407 154.111 295.935 438.527 550.911 550.911 )
1487.332: I:44 ( 113.279 137.471 174.207 ) T:6428 ( 113.407 154.111 295.423 438.527 550.911 550.911 )
1497.337: I:41 ( 108.607 144.895 174.591 ) T:6469 ( 113.407 154.111 295.423 438.527 550.911 550.911 )
1507.337: I:41 ( 116.799 163.327 166.143 ) T:6510 ( 113.407 154.111 295.423 438.527 550.911 550.911 )
1517.334: I:43 ( 113.535 145.919 186.495 ) T:6553 ( 113.407 154.111 295.423 438.527 550.911 550.911 )
1527.338: I:41 ( 113.535 163.839 204.799 ) T:6594 ( 113.407 154.111 295.423 438.527 550.911 550.911 )
1537.337: I:41 ( 114.111 154.111 386.303 ) T:6635 ( 113.407 154.111 295.423 438.527 550.911 550.911 )
1547.337: I:42 ( 115.647 153.983 286.975 ) T:6677 ( 113.471 154.111 295.423 438.527 550.911 550.911 )
1557.334: I:43 ( 113.535 154.239 164.095 ) T:6720 ( 113.471 154.111 295.167 438.527 550.911 550.911 )
1567.336: I:43 ( 105.535 153.855 220.671 ) T:6763 ( 113.471 154.111 295.167 438.527 550.911 550.911 )
1577.335: I:45 ( 103.615 154.751 195.199 ) T:6808 ( 113.407 154.111 288.255 438.527 550.911 550.911 )
1587.336: I:43 ( 113.471 143.743 163.839 ) T:6851 ( 113.471 154.111 288.255 438.527 550.911 550.911 )
1597.337: I:45 ( 103.679 153.727 184.319 ) T:6896 ( 113.407 154.111 288.255 438.527 550.911 550.911 )
1607.337: I:40 ( 113.599 164.223 376.063 ) T:6936 ( 113.471 154.111 295.167 438.527 550.911 550.911 )
1617.334: I:46 ( 103.743 143.999 174.335 ) T:6982 ( 113.407 154.111 295.167 438.527 550.911 550.911 )
1627.335: I:42 ( 104.063 143.871 225.535 ) T:7024 ( 113.407 154.111 288.255 438.015 550.911 550.911 )
1637.338: I:42 ( 113.535 153.983 287.999 ) T:7066 ( 113.407 154.111 288.255 438.015 550.911 550.911 )
1647.337: I:42 ( 123.647 166.271 204.415 ) T:7108 ( 113.471 154.111 287.999 438.015 550.911 550.911 )
1657.337: I:44 ( 113.407 146.175 175.231 ) T:7152 ( 113.471 154.111 287.999 438.015 550.911 550.911 )
1667.333: I:41 ( 113.919 146.303 250.879 ) T:7193 ( 113.471 154.111 287.999 438.015 550.911 550.911 )
1677.338: I:43 ( 113.599 156.031 215.423 ) T:7236 ( 113.471 154.111 286.975 438.015 550.911 550.911 )
1687.338: I:43 ( 112.959 143.743 343.039 ) T:7279 ( 113.471 154.111 287.999 438.015 550.911 550.911 )
1697.337: I:44 ( 113.599 148.991 184.319 ) T:7323 ( 113.471 154.111 286.975 438.015 550.911 550.911 )
1707.340: I:41 ( 113.727 153.983 355.327 ) T:7364 ( 113.471 154.111 287.999 438.015 550.911 550.911 )
1717.336: I:43 ( 113.407 143.871 225.535 ) T:7407 ( 113.471 154.111 286.975 438.015 550.911 550.911 )
1727.340: I:44 ( 113.471 144.255 184.319 ) T:7451 ( 113.471 154.111 286.975 438.015 550.911 550.911 )
1737.337: I:44 ( 113.663 143.871 315.903 ) T:7495 ( 113.471 154.111 287.999 438.015 550.911 550.911 )
1747.338: I:40 ( 123.583 145.919 288.767 ) T:7535 ( 113.471 154.111 287.999 438.015 550.911 550.911 )
1757.344: I:42 ( 113.599 166.015 366.591 ) T:7577 ( 113.471 154.111 288.255 438.015 550.911 550.911 )
1767.341: I:43 ( 113.471 153.599 384.511 ) T:7620 ( 113.471 154.111 288.255 438.015 550.911 550.911 )
1777.339: I:44 ( 113.471 146.047 207.103 ) T:7664 ( 113.471 154.111 288.255 438.015 550.911 550.911 )
1787.339: I:43 ( 114.111 135.295 184.063 ) T:7707 ( 113.471 154.111 287.999 438.015 550.911 550.911 )
1797.339: I:43 ( 103.487 144.511 337.663 ) T:7750 ( 113.471 154.111 288.255 438.015 550.911 550.911 )
1807.337: I:45 ( 103.615 143.871 156.031 ) T:7795 ( 113.471 153.983 288.255 438.015 550.911 550.911 )
1817.334: I:41 ( 113.407 153.983 377.599 ) T:7836 ( 113.471 153.983 288.255 438.015 550.911 550.911 )
1827.340: I:44 ( 104.319 146.047 206.719 ) T:7880 ( 113.471 153.983 288.255 438.015 550.911 550.911 )
1837.339: I:45 ( 113.343 140.799 153.983 ) T:7925 ( 113.471 153.983 287.999 438.015 550.911 550.911 )
1847.339: I:40 ( 105.663 173.951 545.279 ) T:7965 ( 113.471 153.983 295.167 438.527 550.911 550.911 )
1857.335: I:14 ( 382.207 417.791 425.983 ) T:7979 ( 113.471 154.111 305.663 438.527 550.911 550.911 )
1867.337: I:33 ( 133.759 315.647 598.015 ) T:8012 ( 113.471 154.111 306.175 438.527 598.015 598.015 )
1877.337: I:41 ( 113.663 153.983 358.655 ) T:8053 ( 113.471 154.111 306.175 438.527 598.015 598.015 )
1887.339: I:40 ( 113.599 164.351 406.527 ) T:8093 ( 113.471 154.111 313.599 438.527 598.015 598.015 )
1897.338: I:44 ( 113.535 152.959 174.207 ) T:8137 ( 113.471 154.111 312.831 438.527 598.015 598.015 )
1907.336: I:40 ( 113.855 165.119 243.711 ) T:8177 ( 113.471 154.111 312.831 438.527 598.015 598.015 )
1917.339: I:38 ( 120.959 215.295 353.791 ) T:8215 ( 113.471 154.111 312.831 438.527 598.015 598.015 )
1927.338: I:43 ( 110.847 153.855 315.903 ) T:8258 ( 113.471 154.111 313.599 438.527 598.015 598.015 )
1937.338: I:44 ( 113.535 151.039 397.311 ) T:8302 ( 113.471 154.111 313.599 438.527 598.015 598.015 )
1947.338: I:43 ( 113.279 165.119 265.215 ) T:8345 ( 113.471 154.111 313.599 438.527 598.015 598.015 )
1957.339: I:46 ( 104.959 146.047 165.247 ) T:8391 ( 113.471 154.111 313.599 438.527 598.015 598.015 )
1967.338: I:45 ( 104.255 146.047 175.487 ) T:8436 ( 113.471 154.111 312.831 438.527 598.015 598.015 )
1977.335: I:43 ( 113.343 154.751 174.079 ) T:8479 ( 113.471 154.111 312.831 438.527 598.015 598.015 )
1987.336: I:44 ( 111.039 145.023 164.095 ) T:8523 ( 113.471 154.111 306.175 438.527 598.015 598.015 )
1997.339: I:43 ( 114.687 155.903 267.007 ) T:8566 ( 113.471 154.111 306.175 438.527 598.015 598.015 )
2007.338: I:44 ( 103.487 135.807 204.415 ) T:8610 ( 113.471 154.111 306.175 438.527 598.015 598.015 )
2017.338: I:43 ( 113.535 153.855 186.239 ) T:8653 ( 113.471 154.111 306.175 438.527 598.015 598.015 )
2027.337: I:45 ( 106.815 143.999 163.711 ) T:8698 ( 113.471 154.111 306.175 438.527 598.015 598.015 )
2037.336: I:44 ( 113.599 156.287 327.935 ) T:8742 ( 113.471 154.111 306.175 438.527 598.015 598.015 )
2047.337: I:45 ( 103.615 146.047 255.231 ) T:8787 ( 113.471 154.111 306.175 438.527 598.015 598.015 )
2057.337: I:45 ( 112.383 145.919 183.935 ) T:8832 ( 113.471 154.111 305.919 438.527 598.015 598.015 )
2067.339: I:42 ( 113.599 174.335 265.215 ) T:8874 ( 113.471 154.111 305.919 438.527 598.015 598.015 )
2077.333: I:42 ( 104.127 144.127 279.039 ) T:8916 ( 113.471 154.111 305.919 438.527 598.015 598.015 )
2087.337: I:43 ( 113.599 154.111 186.239 ) T:8959 ( 113.471 154.111 305.919 438.527 598.015 598.015 )
2097.333: I:41 ( 123.711 163.199 205.183 ) T:9000 ( 113.471 154.111 305.663 438.015 598.015 598.015 )
2107.334: I:44 ( 113.471 154.111 194.431 ) T:9044 ( 113.471 154.111 305.663 438.015 598.015 598.015 )
2117.340: I:43 ( 114.367 155.647 236.927 ) T:9087 ( 113.471 154.111 305.663 438.015 598.015 598.015 )
2127.337: I:42 ( 103.487 148.863 350.463 ) T:9129 ( 113.471 154.111 305.663 438.015 598.015 598.015 )
2137.337: I:42 ( 113.535 154.751 194.815 ) T:9171 ( 113.471 154.111 305.663 438.015 598.015 598.015 )
2147.336: I:43 ( 113.919 153.983 206.591 ) T:9214 ( 113.471 154.111 305.663 438.015 598.015 598.015 )
2157.338: I:43 ( 105.727 156.159 194.431 ) T:9257 ( 113.471 154.111 305.663 438.015 598.015 598.015 )
2167.338: I:40 ( 113.535 164.095 293.887 ) T:9297 ( 113.471 154.111 305.663 438.015 598.015 598.015 )
2177.330: I:42 ( 113.471 153.855 387.071 ) T:9339 ( 113.471 154.111 305.663 438.015 598.015 598.015 )
2187.337: I:40 ( 123.775 156.031 192.511 ) T:9379 ( 113.471 154.111 305.663 438.015 598.015 598.015 )
2197.338: I:42 ( 114.431 153.983 236.159 ) T:9421 ( 113.471 154.111 305.663 438.015 598.015 598.015 )
2207.338: I:41 ( 123.647 153.983 174.335 ) T:9462 ( 113.471 154.111 305.663 438.015 598.015 598.015 )
2217.340: I:43 ( 123.583 157.311 224.639 ) T:9505 ( 113.471 154.111 304.895 438.015 598.015 598.015 )
2227.337: I:40 ( 123.583 158.591 234.879 ) T:9545 ( 113.471 154.111 304.895 438.015 598.015 598.015 )
2237.337: I:42 ( 115.583 154.111 224.767 ) T:9587 ( 113.471 154.111 304.895 438.015 598.015 598.015 )
2247.339: I:42 ( 115.775 184.319 376.319 ) T:9629 ( 113.471 154.111 304.895 438.015 598.015 598.015 )
2257.337: I:42 ( 114.239 155.007 214.527 ) T:9671 ( 113.471 154.111 304.895 438.015 598.015 598.015 )
2267.339: I:43 ( 115.327 154.623 214.271 ) T:9714 ( 113.471 154.111 302.591 438.015 598.015 598.015 )
2277.339: I:41 ( 113.279 153.855 184.447 ) T:9755 ( 113.471 154.111 302.591 438.015 598.015 598.015 )
2287.329: I:42 ( 113.535 158.847 204.543 ) T:9797 ( 113.471 154.111 302.591 438.015 598.015 598.015 )
2297.338: I:43 ( 104.255 145.023 174.975 ) T:9840 ( 113.471 154.111 299.775 438.015 598.015 598.015 )
2307.335: I:41 ( 113.407 153.727 335.871 ) T:9881 ( 113.471 154.111 302.591 438.015 598.015 598.015 )
2317.336: I:41 ( 112.895 177.407 335.871 ) T:9922 ( 113.471 154.111 302.591 438.015 598.015 598.015 )
2327.333: I:44 ( 113.407 153.983 174.207 ) T:9966 ( 113.471 154.111 302.591 438.015 598.015 598.015 )
2337.338: I:36 ( 103.615 183.551 377.855 ) T:10002 ( 113.471 154.111 302.591 435.455 550.911 598.015 )
2340.372: I:0 (   0.000   0.000   0.000 ) T:10002 ( 113.471 154.111 302.591 435.455 550.911 598.015 )
2340.403: I:0 (   0.000   0.000   0.000 ) T:10002 ( 113.471 154.111 302.591 435.455 550.911 598.015 )
