#[Interval percentile log between 0.000 and <Infinite> seconds (relative to StartTime)]
#[StartTime: 1524429222.569 (seconds since epoch), Sun Apr 22 22:33:42 CEST 2018]
Time: IntervalPercentiles:count ( 50% 90% Max ) TotalPercentiles:count ( 50% 90% 99% 99.9% 99.99% Max )
7.809: I:29 ( 112.191 208.127 384.511 ) T:29 ( 112.191 208.127 384.511 384.511 384.511 384.511 )
17.790: I:37 ( 101.375 141.823 161.663 ) T:66 ( 111.039 162.175 384.511 384.511 384.511 384.511 )
27.796: I:39 ( 101.183 141.567 216.703 ) T:105 ( 101.375 151.807 249.087 384.511 384.511 384.511 )
37.782: I:39 ( 101.247 141.695 161.919 ) T:144 ( 101.247 151.679 249.087 384.511 384.511 384.511 )
47.784: I:41 ( 101.247 131.455 151.679 ) T:185 ( 101.247 141.823 249.087 384.511 384.511 384.511 )
57.781: I:39 ( 111.359 141.567 161.919 ) T:224 ( 101.311 141.695 216.703 384.511 384.511 384.511 )
67.785: I:40 ( 101.247 131.583 171.903 ) T:264 ( 101.311 141.695 216.703 384.511 384.511 384.511 )
77.781: I:39 ( 101.375 151.807 172.031 ) T:303 ( 101.311 141.695 208.127 384.511 384.511 384.511 )
87.780: I:38 ( 101.247 141.695 151.935 ) T:341 ( 101.311 141.695 208.127 384.511 384.511 384.511 )
97.781: I:42 ( 101.183 121.535 182.143 ) T:383 ( 101.311 141.695 208.127 384.511 384.511 384.511 )
107.781: I:40 ( 101.311 131.711 192.127 ) T:423 ( 101.311 141.695 192.127 384.511 384.511 384.511 )
117.781: I:38 ( 101.247 141.823 434.687 ) T:461 ( 101.311 141.695 208.127 434.687 434.687 434.687 )
127.781: I:40 ( 101.375 131.583 173.055 ) T:501 ( 101.311 141.695 192.127 434.687 434.687 434.687 )
137.778: I:38 ( 101.375 141.439 182.015 ) T:539 ( 101.311 141.695 192.127 434.687 434.687 434.687 )
147.780: I:39 ( 101.247 141.695 172.031 ) T:578 ( 101.311 141.695 192.127 434.687 434.687 434.687 )
157.780: I:41 ( 101.247 121.535 141.823 ) T:619 ( 101.311 141.695 182.143 434.687 434.687 434.687 )
167.781: I:42 ( 101.247 151.807 170.111 ) T:661 ( 101.311 141.695 182.143 434.687 434.687 434.687 )
177.781: I:40 ( 101.439 141.695 252.927 ) T:701 ( 101.311 141.695 182.143 434.687 434.687 434.687 )
187.780: I:42 ( 101.311 121.663 141.951 ) T:743 ( 101.311 141.695 182.143 434.687 434.687 434.687 )
197.778: I:40 ( 101.375 141.695 203.903 ) T:783 ( 101.311 141.695 192.127 434.687 434.687 434.687 )
207.781: I:38 ( 101.247 151.935 313.599 ) T:821 ( 101.311 141.695 192.127 434.687 434.687 434.687 )
217.780: I:42 ( 101.183 141.695 151.935 ) T:863 ( 101.311 141.695 192.127 434.687 434.687 434.687 )
227.780: I:39 ( 111.423 141.823 162.047 ) T:902 ( 101.311 141.695 182.143 434.687 434.687 434.687 )
237.774: I:40 ( 101.311 131.711 182.271 ) T:942 ( 101.311 141.695 182.271 434.687 434.687 434.687 )
247.782: I:41 ( 101.183 141.951 187.263 ) T:983 ( 101.311 141.695 187.263 434.687 434.687 434.687 )
257.775: I:41 ( 111.295 141.183 171.903 ) T:1024 ( 101.311 141.695 182.271 384.511 434.687 434.687 )
267.773: I:16 ( 232.575 313.343 323.583 ) T:1040 ( 101.311 141.695 252.927 384.511 434.687 434.687 )
277.782: I:25 ( 131.583 444.671 525.311 ) T:1065 ( 101.311 141.695 303.359 495.359 525.311 525.311 )
287.785: I:39 ( 101.311 131.583 182.271 ) T:1104 ( 101.311 141.695 282.879 495.359 525.311 525.311 )
297.781: I:44 ( 101.183 121.471 261.375 ) T:1148 ( 101.311 141.695 282.879 495.359 525.311 525.311 )
307.780: I:42 ( 101.183 131.711 192.255 ) T:1190 ( 101.311 141.695 282.879 495.359 525.311 525.311 )
317.783: I:40 ( 111.359 141.695 196.223 ) T:1230 ( 101.311 141.695 264.191 495.359 525.311 525.311 )
327.779: I:40 ( 111.295 141.823 171.903 ) T:1270 ( 101.311 141.695 264.191 495.359 525.311 525.311 )
337.782: I:37 ( 101.247 141.567 344.831 ) T:1307 ( 101.311 141.695 264.191 495.359 525.311 525.311 )
347.783: I:42 ( 101.311 141.695 171.903 ) T:1349 ( 101.311 141.695 264.191 495.359 525.311 525.311 )
357.780: I:42 ( 101.183 131.583 161.919 ) T:1391 ( 101.311 141.695 264.191 495.359 525.311 525.311 )
367.783: I:41 ( 101.311 151.679 192.383 ) T:1432 ( 101.311 141.695 262.911 495.359 525.311 525.311 )
377.780: I:40 ( 101.311 141.695 162.047 ) T:1472 ( 101.311 141.695 262.911 495.359 525.311 525.311 )
387.774: I:28 ( 119.743 278.783 282.623 ) T:1500 ( 101.311 141.695 278.783 495.359 525.311 525.311 )
397.781: I:40 ( 111.231 141.695 273.151 ) T:1540 ( 101.311 141.695 278.783 495.359 525.311 525.311 )
407.781: I:36 ( 101.311 131.711 161.023 ) T:1576 ( 101.311 141.695 278.783 495.359 525.311 525.311 )
417.777: I:37 ( 102.271 151.679 531.967 ) T:1613 ( 101.311 141.695 279.039 525.311 531.967 531.967 )
427.780: I:42 ( 101.247 131.327 192.255 ) T:1655 ( 101.311 141.695 279.039 525.311 531.967 531.967 )
437.776: I:41 ( 111.359 131.711 162.047 ) T:1696 ( 101.311 141.695 279.039 525.311 531.967 531.967 )
447.780: I:40 ( 101.247 131.583 223.615 ) T:1736 ( 101.311 141.695 278.783 525.311 531.967 531.967 )
457.782: I:42 ( 101.247 141.695 202.367 ) T:1778 ( 101.311 141.695 278.783 525.311 531.967 531.967 )
467.781: I:38 ( 101.503 141.695 202.367 ) T:1816 ( 101.311 141.695 273.151 525.311 531.967 531.967 )
477.781: I:37 ( 101.375 172.031 262.911 ) T:1853 ( 101.311 141.695 273.151 525.311 531.967 531.967 )
487.781: I:42 ( 101.247 141.823 151.935 ) T:1895 ( 101.311 141.695 273.151 525.311 531.967 531.967 )
497.781: I:40 ( 101.247 131.583 276.479 ) T:1935 ( 101.311 141.695 273.151 525.311 531.967 531.967 )
507.773: I:41 ( 101.247 141.695 323.583 ) T:1976 ( 101.311 141.695 276.479 525.311 531.967 531.967 )
517.773: I:39 ( 101.247 161.919 222.463 ) T:2015 ( 101.311 141.695 273.151 495.359 531.967 531.967 )
527.782: I:42 ( 101.247 141.695 192.255 ) T:2057 ( 101.311 141.695 273.151 495.359 531.967 531.967 )
537.780: I:40 ( 101.247 141.823 222.591 ) T:2097 ( 101.311 141.695 273.151 495.359 531.967 531.967 )
547.781: I:40 ( 101.247 131.583 323.583 ) T:2137 ( 101.311 141.695 273.151 495.359 531.967 531.967 )
557.781: I:34 ( 101.247 131.583 605.183 ) T:2171 ( 101.311 141.695 276.479 525.311 605.183 605.183 )
567.780: I:33 ( 101.247 172.543 485.887 ) T:2204 ( 101.311 141.695 279.039 525.311 605.183 605.183 )
577.782: I:32 ( 101.375 212.479 779.775 ) T:2236 ( 101.311 141.695 282.623 531.967 779.775 779.775 )
587.780: I:37 ( 101.311 147.199 172.415 ) T:2273 ( 101.311 141.695 282.623 531.967 779.775 779.775 )
597.781: I:39 ( 101.247 141.695 222.591 ) T:2312 ( 101.311 141.695 279.039 531.967 779.775 779.775 )
607.781: I:41 ( 101.247 131.583 208.255 ) T:2353 ( 101.311 141.695 279.039 531.967 779.775 779.775 )
617.780: I:40 ( 101.247 141.823 192.127 ) T:2393 ( 101.311 141.695 279.039 531.967 779.775 779.775 )
627.774: I:41 ( 101.247 141.695 343.551 ) T:2434 ( 101.311 141.695 279.039 531.967 779.775 779.775 )
637.783: I:41 ( 101.247 141.695 182.015 ) T:2475 ( 101.311 141.695 279.039 531.967 779.775 779.775 )
647.780: I:41 ( 101.311 141.695 161.919 ) T:2516 ( 101.311 141.695 278.783 531.967 779.775 779.775 )
657.779: I:39 ( 101.247 141.695 464.895 ) T:2555 ( 101.311 141.695 279.039 531.967 779.775 779.775 )
667.780: I:39 ( 101.311 141.695 424.703 ) T:2594 ( 101.311 141.695 282.623 531.967 779.775 779.775 )
677.778: I:41 ( 101.247 141.823 192.255 ) T:2635 ( 101.311 141.695 279.039 531.967 779.775 779.775 )
687.779: I:40 ( 101.311 141.695 209.535 ) T:2675 ( 101.311 141.695 279.039 531.967 779.775 779.775 )
697.780: I:40 ( 101.311 141.567 151.807 ) T:2715 ( 101.311 141.695 278.783 531.967 779.775 779.775 )
707.777: I:39 ( 101.247 141.823 161.919 ) T:2754 ( 101.311 141.695 278.783 531.967 779.775 779.775 )
717.780: I:39 ( 101.247 131.583 222.463 ) T:2793 ( 101.311 141.695 278.783 531.967 779.775 779.775 )
727.774: I:41 ( 101.247 121.535 303.359 ) T:2834 ( 101.311 141.695 278.783 531.967 779.775 779.775 )
737.780: I:41 ( 101.311 141.823 192.383 ) T:2875 ( 101.311 141.695 278.783 531.967 779.775 779.775 )
747.780: I:40 ( 101.247 141.567 283.391 ) T:2915 ( 101.311 141.695 278.783 531.967 779.775 779.775 )
757.780: I:39 ( 101.247 141.567 141.823 ) T:2954 ( 101.311 141.695 278.783 531.967 779.775 779.775 )
767.776: I:39 ( 101.247 141.695 394.751 ) T:2993 ( 101.311 141.695 279.039 531.967 779.775 779.775 )
777.780: I:42 ( 101.247 121.727 151.807 ) T:3035 ( 101.311 141.695 278.783 525.311 779.775 779.775 )
787.780: I:40 ( 101.247 141.823 309.503 ) T:3075 ( 101.311 141.695 279.039 525.311 779.775 779.775 )
797.779: I:40 ( 101.247 141.695 182.143 ) T:3115 ( 101.311 141.695 278.783 525.311 779.775 779.775 )
807.780: I:40 ( 101.311 141.695 212.351 ) T:3155 ( 101.311 141.695 278.783 525.311 779.775 779.775 )
817.783: I:40 ( 101.247 141.695 262.911 ) T:3195 ( 101.311 141.695 278.783 525.311 779.775 779.775 )
827.780: I:39 ( 101.247 131.839 277.503 ) T:3234 ( 101.311 141.695 277.503 525.311 779.775 779.775 )
837.780: I:28 ( 155.391 232.447 242.687 ) T:3262 ( 101.311 141.695 277.503 525.311 779.775 779.775 )
847.779: I:19 ( 211.455 360.959 568.831 ) T:3281 ( 101.311 141.823 279.039 531.967 779.775 779.775 )
857.780: I:24 ( 182.015 273.151 656.895 ) T:3305 ( 101.311 141.823 282.623 568.831 779.775 779.775 )
867.780: I:16 ( 221.055 325.631 454.655 ) T:3321 ( 101.311 141.823 283.391 568.831 779.775 779.775 )
877.773: I:19 ( 238.591 303.359 303.359 ) T:3340 ( 101.311 143.103 303.359 568.831 779.775 779.775 )
887.780: I:18 ( 232.959 313.855 333.567 ) T:3358 ( 101.311 151.679 309.503 568.831 779.775 779.775 )
897.779: I:18 ( 247.423 314.623 449.535 ) T:3376 ( 101.311 151.807 313.599 568.831 779.775 779.775 )
907.781: I:22 ( 141.695 252.799 427.263 ) T:3398 ( 101.311 151.807 313.599 568.831 779.775 779.775 )
917.778: I:21 ( 212.351 303.359 549.375 ) T:3419 ( 101.311 151.807 313.599 568.831 779.775 779.775 )
927.780: I:38 ( 101.247 151.807 192.255 ) T:3457 ( 101.311 151.807 313.599 568.831 779.775 779.775 )
937.780: I:38 ( 101.311 141.695 553.471 ) T:3495 ( 101.311 151.807 313.855 568.831 779.775 779.775 )
947.780: I:39 ( 101.247 141.823 182.143 ) T:3534 ( 101.311 151.807 313.599 568.831 779.775 779.775 )
957.774: I:30 ( 101.183 197.887 556.031 ) T:3564 ( 101.311 151.807 313.855 568.831 779.775 779.775 )
967.780: I:41 ( 101.247 131.583 343.807 ) T:3605 ( 101.311 151.807 313.855 568.831 779.775 779.775 )
977.774: I:41 ( 101.247 141.695 242.687 ) T:3646 ( 101.311 151.807 313.855 568.831 779.775 779.775 )
987.774: I:38 ( 101.247 141.823 389.631 ) T:3684 ( 101.311 151.807 314.623 568.831 779.775 779.775 )
997.780: I:41 ( 101.247 141.695 331.519 ) T:3725 ( 101.311 151.807 314.623 568.831 779.775 779.775 )
1007.773: I:42 ( 101.247 121.471 151.807 ) T:3767 ( 101.311 151.807 314.623 568.831 779.775 779.775 )
1017.783: I:40 ( 101.247 131.711 303.615 ) T:3807 ( 101.311 151.807 313.855 568.831 779.775 779.775 )
1027.780: I:40 ( 101.247 131.583 232.831 ) T:3847 ( 101.311 151.807 313.855 568.831 779.775 779.775 )
1037.781: I:38 ( 101.247 121.471 182.143 ) T:3885 ( 101.311 151.807 313.855 568.831 779.775 779.775 )
1047.780: I:39 ( 101.183 111.359 151.935 ) T:3924 ( 101.311 151.807 313.599 568.831 779.775 779.775 )
1057.781: I:42 ( 101.247 131.583 151.807 ) T:3966 ( 101.311 151.807 313.599 568.831 779.775 779.775 )
1067.780: I:42 (  91.263 131.583 232.063 ) T:4008 ( 101.311 151.807 313.599 556.031 779.775 779.775 )
1077.780: I:39 ( 101.247 141.695 242.815 ) T:4047 ( 101.311 151.807 313.599 556.031 779.775 779.775 )
1087.781: I:37 ( 101.311 141.695 240.127 ) T:4084 ( 101.311 151.807 313.599 556.031 779.775 779.775 )
1097.781: I:38 ( 101.311 131.583 263.167 ) T:4122 ( 101.311 151.807 313.599 556.031 779.775 779.775 )
1107.780: I:41 ( 101.247 142.847 293.375 ) T:4163 ( 101.311 151.807 313.599 556.031 779.775 779.775 )
1117.780: I:42 ( 100.479 121.471 151.807 ) T:4205 ( 101.311 151.679 313.343 556.031 779.775 779.775 )
1127.780: I:40 ( 101.247 121.535 186.879 ) T:4245 ( 101.311 151.679 313.343 556.031 779.775 779.775 )
1137.773: I:40 ( 101.247 141.695 248.191 ) T:4285 ( 101.311 151.679 313.343 556.031 779.775 779.775 )
1147.780: I:40 ( 101.247 121.407 141.695 ) T:4325 ( 101.311 151.679 309.503 556.031 779.775 779.775 )
1157.780: I:39 ( 101.247 141.695 141.823 ) T:4364 ( 101.311 151.679 309.503 556.031 779.775 779.775 )
1167.780: I:39 ( 101.247 141.695 214.783 ) T:4403 ( 101.311 151.679 304.639 556.031 779.775 779.775 )
1177.779: I:41 ( 101.247 141.695 210.815 ) T:4444 ( 101.311 151.423 304.639 556.031 779.775 779.775 )
1187.780: I:40 ( 101.247 151.679 304.127 ) T:4484 ( 101.311 151.551 304.639 556.031 779.775 779.775 )
1197.780: I:39 ( 101.503 151.807 172.159 ) T:4523 ( 101.311 151.551 304.127 556.031 779.775 779.775 )
1207.780: I:39 ( 101.439 141.695 173.055 ) T:4562 ( 101.311 151.295 304.127 556.031 779.775 779.775 )
1217.780: I:36 ( 110.911 141.695 172.159 ) T:4598 ( 101.311 151.295 304.127 556.031 779.775 779.775 )
1227.779: I:39 ( 101.311 141.695 182.143 ) T:4637 ( 101.311 144.767 303.615 556.031 779.775 779.775 )
1237.773: I:39 ( 101.311 141.695 161.919 ) T:4676 ( 101.311 143.231 303.615 556.031 779.775 779.775 )
1247.780: I:41 ( 101.311 131.711 172.031 ) T:4717 ( 101.311 143.103 303.359 556.031 779.775 779.775 )
1257.780: I:38 ( 101.375 151.679 757.759 ) T:4755 ( 101.311 143.103 303.615 568.831 779.775 779.775 )
1267.780: I:41 ( 101.247 141.695 162.047 ) T:4796 ( 101.311 142.975 303.615 568.831 779.775 779.775 )
1277.778: I:37 ( 101.311 141.695 263.935 ) T:4833 ( 101.311 142.847 303.359 568.831 779.775 779.775 )
1287.780: I:37 ( 111.295 151.807 192.255 ) T:4870 ( 101.311 142.975 303.359 568.831 779.775 779.775 )
1297.777: I:37 ( 111.295 161.791 182.143 ) T:4907 ( 101.311 143.359 303.359 568.831 779.775 779.775 )
1307.780: I:41 ( 101.247 131.583 182.143 ) T:4948 ( 101.311 143.359 303.359 568.831 779.775 779.775 )
1317.781: I:37 ( 101.311 163.071 384.511 ) T:4985 ( 101.311 144.767 303.615 568.831 779.775 779.775 )
1327.775: I:36 ( 111.423 172.031 242.815 ) T:5021 ( 101.311 147.199 303.359 556.031 779.775 779.775 )
1337.780: I:38 ( 101.375 151.807 262.911 ) T:5059 ( 101.311 151.295 303.359 556.031 779.775 779.775 )
1347.780: I:37 ( 111.295 142.207 161.919 ) T:5096 ( 101.311 147.199 303.359 556.031 779.775 779.775 )
1357.778: I:38 ( 111.231 141.695 252.799 ) T:5134 ( 101.311 144.767 303.359 556.031 779.775 779.775 )
1367.780: I:39 ( 101.247 141.695 151.679 ) T:5173 ( 101.311 143.103 303.359 556.031 779.775 779.775 )
1377.781: I:39 ( 101.311 172.031 374.015 ) T:5212 ( 101.311 143.359 303.359 556.031 779.775 779.775 )
1387.778: I:38 ( 101.311 141.951 161.919 ) T:5250 ( 101.311 143.231 303.359 556.031 779.775 779.775 )
1397.780: I:39 ( 101.375 141.695 182.143 ) T:5289 ( 101.311 143.103 303.359 556.031 779.775 779.775 )
1407.780: I:37 ( 101.311 161.919 253.055 ) T:5326 ( 101.311 143.231 303.359 556.031 779.775 779.775 )
1417.781: I:39 ( 101.247 141.823 192.383 ) T:5365 ( 101.311 143.103 303.359 556.031 779.775 779.775 )
1427.774: I:40 ( 111.359 142.591 192.127 ) T:5405 ( 101.311 143.103 303.359 556.031 779.775 779.775 )
1437.781: I:35 ( 101.311 161.919 920.063 ) T:5440 ( 101.311 144.767 303.359 568.831 920.063 920.063 )
1447.780: I:37 ( 101.439 141.567 192.127 ) T:5477 ( 101.311 144.767 303.359 568.831 920.063 920.063 )
1457.777: I:41 ( 111.231 151.807 192.383 ) T:5518 ( 101.311 147.199 303.359 568.831 920.063 920.063 )
1467.780: I:40 ( 102.335 141.695 180.991 ) T:5558 ( 101.311 147.199 303.359 568.831 920.063 920.063 )
1477.781: I:37 ( 101.375 131.711 514.303 ) T:5595 ( 101.311 143.359 303.359 568.831 920.063 920.063 )
1487.780: I:41 ( 101.311 131.967 171.903 ) T:5636 ( 101.311 143.231 303.359 568.831 920.063 920.063 )
1497.777: I:39 ( 101.375 141.695 182.143 ) T:5675 ( 101.311 142.975 303.359 568.831 920.063 920.063 )
1507.776: I:39 ( 111.359 161.919 272.639 ) T:5714 ( 101.311 143.103 303.359 568.831 920.063 920.063 )
1517.780: I:39 ( 101.375 141.567 182.271 ) T:5753 ( 101.311 142.847 303.359 568.831 920.063 920.063 )
1527.779: I:39 ( 101.375 141.823 151.935 ) T:5792 ( 101.311 142.719 303.359 568.831 920.063 920.063 )
1537.774: I:37 ( 111.295 161.919 212.479 ) T:5829 ( 101.311 142.975 303.359 568.831 920.063 920.063 )
1547.778: I:40 ( 101.247 151.807 212.351 ) T:5869 ( 101.311 143.103 303.359 568.831 920.063 920.063 )
1557.780: I:38 ( 101.311 161.791 222.335 ) T:5907 ( 101.311 143.359 294.143 568.831 920.063 920.063 )
1567.774: I:36 ( 111.487 151.807 272.895 ) T:5943 ( 101.311 143.359 294.143 568.831 920.063 920.063 )
1577.780: I:37 ( 111.359 191.487 221.567 ) T:5980 ( 101.311 147.199 294.143 568.831 920.063 920.063 )
1587.780: I:37 ( 111.295 141.695 282.111 ) T:6017 ( 101.311 147.199 293.375 556.031 920.063 920.063 )
1597.773: I:38 ( 101.311 141.823 182.015 ) T:6055 ( 101.311 144.767 293.375 556.031 920.063 920.063 )
1607.780: I:37 ( 101.311 141.823 381.183 ) T:6092 ( 101.311 143.359 294.143 556.031 920.063 920.063 )
1617.783: I:39 ( 101.311 131.583 293.375 ) T:6131 ( 101.311 143.231 293.375 556.031 920.063 920.063 )
1627.780: I:38 ( 101.247 156.543 232.575 ) T:6169 ( 101.311 147.199 293.375 556.031 920.063 920.063 )
1637.780: I:40 ( 101.247 131.839 323.839 ) T:6209 ( 101.311 144.767 293.375 556.031 920.063 920.063 )
1647.780: I:39 ( 101.247 182.399 192.255 ) T:6248 ( 101.311 147.199 293.375 556.031 920.063 920.063 )
1657.776: I:39 ( 111.359 151.679 241.919 ) T:6287 ( 101.311 147.199 293.375 556.031 920.063 920.063 )
1667.785: I:36 ( 101.311 141.695 202.239 ) T:6323 ( 101.311 144.767 293.375 556.031 920.063 920.063 )
1677.781: I:38 ( 101.311 141.951 162.047 ) T:6361 ( 101.311 143.359 293.375 556.031 920.063 920.063 )
1687.781: I:36 ( 111.359 152.063 295.935 ) T:6397 ( 101.311 147.199 293.375 556.031 920.063 920.063 )
1697.781: I:39 ( 101.311 162.047 353.791 ) T:6436 ( 101.311 147.199 293.375 556.031 920.063 920.063 )
1707.781: I:38 ( 111.295 141.695 384.511 ) T:6474 ( 101.311 144.767 294.143 556.031 920.063 920.063 )
1717.781: I:39 ( 101.375 151.807 161.919 ) T:6513 ( 101.311 144.767 293.375 556.031 920.063 920.063 )
1727.775: I:40 ( 101.311 151.679 394.751 ) T:6553 ( 101.311 147.199 294.143 556.031 920.063 920.063 )
1737.782: I:39 ( 101.375 131.583 273.151 ) T:6592 ( 101.311 143.231 294.143 556.031 920.063 920.063 )
1747.782: I:37 ( 111.359 161.791 221.823 ) T:6629 ( 101.311 147.199 293.375 556.031 920.063 920.063 )
1757.783: I:36 ( 101.311 171.775 364.031 ) T:6665 ( 101.311 147.199 294.143 556.031 920.063 920.063 )
1767.781: I:37 ( 101.247 131.583 272.895 ) T:6702 ( 101.311 144.767 293.375 556.031 920.063 920.063 )
1777.773: I:40 ( 111.295 141.695 161.919 ) T:6742 ( 101.311 143.359 293.375 556.031 920.063 920.063 )
1787.774: I:38 ( 101.311 141.695 414.463 ) T:6780 ( 101.311 143.231 294.143 556.031 920.063 920.063 )
1797.781: I:40 ( 101.247 141.695 242.687 ) T:6820 ( 101.311 143.103 293.375 556.031 920.063 920.063 )
1807.783: I:37 ( 101.247 151.807 329.215 ) T:6857 ( 101.311 143.359 294.143 556.031 920.063 920.063 )
1817.781: I:32 ( 111.295 151.807 464.639 ) T:6889 ( 101.311 144.767 295.935 556.031 920.063 920.063 )
1827.777: I:13 ( 363.775 413.183 414.207 ) T:6902 ( 101.311 151.679 309.503 556.031 920.063 920.063 )
1837.779: I:13 ( 343.295 393.983 586.239 ) T:6915 ( 101.311 151.679 315.903 568.831 920.063 920.063 )
1847.780: I:14 ( 333.311 484.863 542.719 ) T:6929 ( 101.311 151.679 331.519 568.831 920.063 920.063 )
1857.777: I:10 ( 383.999 535.551 767.999 ) T:6939 ( 101.311 151.679 343.551 586.239 920.063 920.063 )
1867.780: I:12 ( 363.519 383.743 535.551 ) T:6951 ( 101.311 151.807 360.959 586.239 920.063 920.063 )
1877.779: I:14 ( 280.319 393.983 403.967 ) T:6965 ( 101.311 151.807 363.519 586.239 920.063 920.063 )
1887.780: I:30 ( 101.375 363.519 404.223 ) T:6995 ( 101.311 151.807 363.775 586.239 920.063 920.063 )
1897.780: I:39 ( 101.247 141.823 161.919 ) T:7034 ( 101.311 151.807 363.775 568.831 920.063 920.063 )
1907.780: I:35 ( 101.247 141.695 433.407 ) T:7069 ( 101.311 151.807 363.775 568.831 920.063 920.063 )
1917.780: I:37 ( 111.039 151.807 394.239 ) T:7106 ( 101.311 151.807 363.775 568.831 920.063 920.063 )
1927.777: I:37 ( 111.295 213.375 303.359 ) T:7143 ( 101.311 151.807 363.775 568.831 920.063 920.063 )
1937.777: I:38 ( 111.359 151.423 262.911 ) T:7181 ( 101.311 151.807 363.775 568.831 920.063 920.063 )
1947.780: I:38 ( 112.255 141.695 151.807 ) T:7219 ( 101.311 151.807 363.775 568.831 920.063 920.063 )
1957.773: I:40 ( 101.311 141.695 192.127 ) T:7259 ( 101.311 151.807 363.775 568.831 920.063 920.063 )
1967.780: I:38 ( 101.375 146.303 222.591 ) T:7297 ( 101.311 151.807 363.775 568.831 920.063 920.063 )
1977.781: I:38 ( 101.247 141.823 262.911 ) T:7335 ( 101.311 151.807 363.775 568.831 920.063 920.063 )
1987.780: I:40 ( 111.295 151.679 283.903 ) T:7375 ( 101.311 151.807 363.775 568.831 920.063 920.063 )
1997.780: I:40 ( 101.183 141.695 343.551 ) T:7415 ( 101.311 151.807 363.519 568.831 920.063 920.063 )
2007.782: I:42 ( 101.311 131.583 171.903 ) T:7457 ( 101.311 151.807 363.519 568.831 920.063 920.063 )
2017.780: I:40 ( 101.247 152.703 273.151 ) T:7497 ( 101.311 151.807 363.519 568.831 920.063 920.063 )
2027.777: I:38 ( 101.247 131.583 282.367 ) T:7535 ( 101.311 151.807 363.519 568.831 920.063 920.063 )
2037.780: I:38 ( 101.247 151.935 374.015 ) T:7573 ( 101.311 151.807 363.519 568.831 920.063 920.063 )
2047.781: I:37 ( 101.311 163.071 283.135 ) T:7610 ( 101.311 151.807 363.519 568.831 920.063 920.063 )
2057.773: I:38 ( 111.359 151.807 364.031 ) T:7648 ( 101.311 151.807 363.519 568.831 920.063 920.063 )
2067.784: I:36 ( 111.295 151.807 326.655 ) T:7684 ( 101.311 151.807 363.519 568.831 920.063 920.063 )
2077.776: I:37 ( 111.359 151.039 242.687 ) T:7721 ( 101.311 151.807 363.519 568.831 920.063 920.063 )
2087.773: I:42 ( 101.247 141.695 164.479 ) T:7763 ( 101.311 151.807 363.519 568.831 920.063 920.063 )
2097.779: I:42 ( 101.183 121.535 182.015 ) T:7805 ( 101.311 151.807 363.519 568.831 920.063 920.063 )
2107.780: I:39 ( 101.247 141.695 323.583 ) T:7844 ( 101.311 151.807 363.519 568.831 920.063 920.063 )
2117.780: I:40 ( 101.311 121.535 232.575 ) T:7884 ( 101.311 151.807 363.519 568.831 920.063 920.063 )
2127.774: I:40 ( 111.359 151.807 192.127 ) T:7924 ( 101.311 151.807 363.519 568.831 920.063 920.063 )
2137.779: I:41 (  91.327 141.695 161.919 ) T:7965 ( 101.311 151.807 363.519 568.831 920.063 920.063 )
2147.781: I:36 ( 111.487 192.255 292.351 ) T:8001 ( 101.311 151.807 360.959 556.031 920.063 920.063 )
2157.775: I:39 ( 101.311 141.695 343.551 ) T:8040 ( 101.311 151.807 360.959 556.031 920.063 920.063 )
2167.774: I:37 ( 101.247 161.919 262.911 ) T:8077 ( 101.311 151.807 360.959 556.031 920.063 920.063 )
2177.781: I:38 ( 101.247 172.159 353.791 ) T:8115 ( 101.311 151.807 358.655 556.031 920.063 920.063 )
2187.777: I:39 ( 101.247 141.695 252.927 ) T:8154 ( 101.311 151.807 358.655 556.031 920.063 920.063 )
2197.774: I:40 ( 102.271 141.567 213.119 ) T:8194 ( 101.311 151.807 358.655 556.031 920.063 920.063 )
2207.779: I:39 ( 111.295 161.919 247.679 ) T:8233 ( 101.311 151.807 358.399 556.031 920.063 920.063 )
2217.780: I:40 ( 101.247 131.583 262.911 ) T:8273 ( 101.311 151.807 358.399 556.031 920.063 920.063 )
2227.780: I:42 ( 101.247 121.471 162.303 ) T:8315 ( 101.311 151.807 356.351 556.031 920.063 920.063 )
2237.782: I:38 ( 111.295 141.695 434.687 ) T:8353 ( 101.311 151.807 358.399 556.031 920.063 920.063 )
2247.780: I:39 ( 101.311 151.935 262.911 ) T:8392 ( 101.311 151.807 358.399 556.031 920.063 920.063 )
2257.782: I:36 ( 111.359 151.807 222.463 ) T:8428 ( 101.311 151.807 356.351 556.031 920.063 920.063 )
2267.780: I:39 ( 101.439 131.711 172.031 ) T:8467 ( 101.311 151.807 356.351 556.031 920.063 920.063 )
2277.780: I:40 ( 101.247 141.695 262.911 ) T:8507 ( 101.311 151.807 354.047 556.031 920.063 920.063 )
2287.780: I:39 ( 111.359 141.695 232.703 ) T:8546 ( 101.311 151.807 354.047 556.031 920.063 920.063 )
2297.781: I:39 ( 110.911 161.791 381.951 ) T:8585 ( 101.311 151.807 356.351 556.031 920.063 920.063 )
2307.781: I:28 ( 101.311 274.175 572.415 ) T:8613 ( 101.311 151.807 358.399 568.831 920.063 920.063 )
2317.780: I:35 ( 101.247 163.711 262.911 ) T:8648 ( 101.311 151.807 358.399 568.831 920.063 920.063 )
2327.780: I:39 ( 101.247 141.695 667.135 ) T:8687 ( 101.311 151.807 358.655 572.415 920.063 920.063 )
2337.780: I:34 ( 101.247 161.791 608.767 ) T:8721 ( 101.311 151.807 358.655 586.239 920.063 920.063 )
2347.778: I:36 ( 111.295 141.823 161.919 ) T:8757 ( 101.311 151.807 358.655 586.239 920.063 920.063 )
2357.780: I:38 ( 101.119 141.695 406.527 ) T:8795 ( 101.311 151.807 363.519 586.239 920.063 920.063 )
2367.776: I:38 ( 101.247 152.703 232.575 ) T:8833 ( 101.311 151.807 360.959 586.239 920.063 920.063 )
2377.781: I:38 ( 101.247 181.887 353.791 ) T:8871 ( 101.311 151.807 360.959 586.239 920.063 920.063 )
2387.778: I:40 ( 111.359 131.583 151.935 ) T:8911 ( 101.311 151.807 358.655 586.239 920.063 920.063 )
2397.780: I:37 ( 101.247 131.455 231.807 ) T:8948 ( 101.311 151.807 358.655 586.239 920.063 920.063 )
2407.781: I:39 ( 110.655 161.919 364.031 ) T:8987 ( 101.311 151.807 360.959 586.239 920.063 920.063 )
2417.781: I:37 ( 101.247 161.919 273.151 ) T:9024 ( 101.311 151.807 358.655 572.415 920.063 920.063 )
2427.780: I:39 ( 101.311 131.583 172.031 ) T:9063 ( 101.311 151.807 358.655 572.415 920.063 920.063 )
2437.780: I:37 ( 111.359 151.807 273.151 ) T:9100 ( 101.311 151.807 358.399 572.415 920.063 920.063 )
2447.780: I:37 ( 101.247 162.175 252.799 ) T:9137 ( 101.311 151.807 358.399 572.415 920.063 920.063 )
2457.780: I:39 ( 101.311 131.967 273.151 ) T:9176 ( 101.311 151.807 358.399 572.415 920.063 920.063 )
2467.774: I:39 ( 111.359 151.807 252.671 ) T:9215 ( 101.311 151.807 356.351 572.415 920.063 920.063 )
2477.779: I:36 ( 111.359 151.807 222.463 ) T:9251 ( 101.311 151.807 356.351 572.415 920.063 920.063 )
2487.777: I:37 ( 111.359 151.679 171.903 ) T:9288 ( 101.311 151.807 356.351 572.415 920.063 920.063 )
2497.780: I:37 ( 101.375 151.807 262.911 ) T:9325 ( 101.311 151.807 354.047 572.415 920.063 920.063 )
2507.780: I:38 ( 101.311 151.807 212.351 ) T:9363 ( 101.311 151.807 354.047 572.415 920.063 920.063 )
2517.781: I:36 ( 111.359 182.015 283.135 ) T:9399 ( 101.311 151.807 354.047 572.415 920.063 920.063 )
2527.781: I:38 ( 101.759 141.695 182.143 ) T:9437 ( 101.311 151.807 353.791 572.415 920.063 920.063 )
2537.774: I:40 ( 111.423 141.823 172.031 ) T:9477 ( 101.311 151.807 353.791 572.415 920.063 920.063 )
2547.780: I:38 ( 101.311 151.807 221.439 ) T:9515 ( 101.311 151.807 353.791 572.415 920.063 920.063 )
2557.780: I:39 ( 111.295 151.807 172.159 ) T:9554 ( 101.311 151.807 353.791 572.415 920.063 920.063 )
2567.781: I:38 ( 101.375 161.919 323.839 ) T:9592 ( 101.311 151.807 353.791 572.415 920.063 920.063 )
2577.780: I:38 ( 111.359 162.047 343.807 ) T:9630 ( 101.311 151.807 353.791 572.415 920.063 920.063 )
2587.780: I:39 ( 111.359 151.935 364.031 ) T:9669 ( 101.311 151.807 353.791 572.415 920.063 920.063 )
2597.779: I:39 ( 101.311 131.583 182.655 ) T:9708 ( 101.311 151.807 353.791 572.415 920.063 920.063 )
2607.781: I:37 ( 111.359 151.807 180.223 ) T:9745 ( 101.311 151.807 353.791 572.415 920.063 920.063 )
2617.781: I:40 ( 101.183 141.695 226.175 ) T:9785 ( 101.311 151.807 353.791 572.415 920.063 920.063 )
2627.773: I:41 ( 102.335 141.695 151.807 ) T:9826 ( 101.311 151.807 353.535 572.415 920.063 920.063 )
2637.781: I:37 ( 101.247 131.583 273.151 ) T:9863 ( 101.311 151.807 353.535 572.415 920.063 920.063 )
2647.781: I:38 ( 101.247 141.695 211.583 ) T:9901 ( 101.311 151.807 353.535 572.415 920.063 920.063 )
2657.783: I:40 ( 101.247 141.311 172.159 ) T:9941 ( 101.311 151.807 353.535 572.415 920.063 920.063 )
2667.782: I:37 ( 111.359 151.807 182.143 ) T:9978 ( 101.311 151.807 353.535 572.415 920.063 920.063 )
2675.256: I:22 (  91.199 141.695 202.239 ) T:10000 ( 101.311 151.807 344.831 568.831 779.775 920.063 )
2675.284: I:0 (   0.000   0.000   0.000 ) T:10000 ( 101.311 151.807 344.831 568.831 779.775 920.063 )
