#[Interval percentile log between 0.000 and <Infinite> seconds (relative to StartTime)]
#[StartTime: 1524741224.902 (seconds since epoch), Thu Apr 26 13:13:44 CEST 2018]
Time: IntervalPercentiles:count ( 50% 90% Max ) TotalPercentiles:count ( 50% 90% 99% 99.9% 99.99% Max )
3.865: I:2022 (   0.129   0.342 123.903 ) T:2022 (   0.129   0.342   1.088  92.863 123.903 123.903 )
13.832: I:12823 (   0.045   0.077 392.191 ) T:14845 (   0.052   0.121   0.509 104.319 289.279 392.191 )
23.832: I:17872 (   0.040   0.067 299.263 ) T:32717 (   0.042   0.087   0.333 104.191 292.351 392.191 )
33.825: I:38945 (   0.040   0.053 209.919 ) T:71662 (   0.041   0.067   0.227  93.695 253.951 392.191 )
43.832: I:28066 (   0.040   0.057 274.687 ) T:99728 (   0.040   0.062   0.177  93.503 209.919 392.191 )
53.821: I:30005 (   0.040   0.045 917.503 ) T:129733 (   0.040   0.061   0.149  93.247 197.247 917.503 )
63.824: I:31348 (   0.040   0.043 268.287 ) T:161081 (   0.040   0.059   0.132  92.735 195.327 917.503 )
73.823: I:40604 (   0.040   0.043 272.639 ) T:201685 (   0.040   0.057   0.124  84.159 193.919 917.503 )
83.826: I:33642 (   0.040   0.056 1103.871 ) T:235327 (   0.040   0.057   0.119  83.711 195.327 1103.871 )
93.820: I:52560 (   0.040   0.043 341.247 ) T:287887 (   0.040   0.055   0.110  69.439 190.975 1103.871 )
103.828: I:36255 (   0.040   0.042 274.175 ) T:324142 (   0.040   0.053   0.106  44.479 190.975 1103.871 )
113.820: I:37308 (   0.041   0.047 215.551 ) T:361450 (   0.040   0.052   0.103  40.959 186.367 1103.871 )
123.822: I:48047 (   0.040   0.044 1374.207 ) T:409497 (   0.040   0.049   0.102  28.383 186.367 1374.207 )
133.823: I:73837 (   0.041   0.044 229.887 ) T:483334 (   0.040   0.046   0.099   1.986 183.935 1374.207 )
143.820: I:29861 (   0.042   0.050 256.127 ) T:513195 (   0.040   0.046   0.099   2.163 178.559 1374.207 )
153.820: I:57959 (   0.041   0.044 292.095 ) T:571154 (   0.040   0.045   0.098   1.399 178.431 1374.207 )
163.823: I:54927 (   0.042   0.045 814.591 ) T:626081 (   0.040   0.045   0.096   1.252 178.559 1374.207 )
173.820: I:45004 (   0.041   0.044 270.591 ) T:671085 (   0.041   0.045   0.095   1.220 178.559 1374.207 )
183.823: I:67937 (   0.041   0.045 340.735 ) T:739022 (   0.041   0.045   0.094   1.193 178.431 1374.207 )
193.820: I:66130 (   0.042   0.045 437.503 ) T:805152 (   0.041   0.045   0.093   1.175 174.847 1374.207 )
203.819: I:65614 (   0.041   0.045 352.255 ) T:870766 (   0.041   0.045   0.092   1.164 174.847 1374.207 )
213.820: I:31177 (   0.042   0.058 304.639 ) T:901943 (   0.041   0.045   0.093   1.168 173.823 1374.207 )
223.827: I:15823 (   0.044   0.066 1253.375 ) T:917766 (   0.041   0.045   0.094   1.177 173.823 1374.207 )
233.827: I:24324 (   0.042   0.060 356.607 ) T:942090 (   0.041   0.045   0.093   1.183 174.847 1374.207 )
243.820: I:19750 (   0.042   0.071 214.399 ) T:961840 (   0.041   0.045   0.095   1.198 174.847 1374.207 )
253.828: I:30352 (   0.041   0.045 200.575 ) T:992192 (   0.041   0.045   0.095   1.201 176.639 1374.207 )
263.819: I:50717 (   0.041   0.044 235.647 ) T:1042909 (   0.041   0.045   0.095   1.192 176.639 1374.207 )
273.824: I:21287 (   0.042   0.061 2363.391 ) T:1064196 (   0.041   0.045   0.095   1.193 176.639 2363.391 )
283.820: I:57765 (   0.041   0.044 737.279 ) T:1121961 (   0.041   0.045   0.094   1.180 174.847 2363.391 )
293.827: I:45928 (   0.041   0.044 268.543 ) T:1167889 (   0.041   0.045   0.094   1.174 174.847 2363.391 )
303.819: I:33626 (   0.041   0.044 371.199 ) T:1201515 (   0.041   0.045   0.093   1.171 174.975 2363.391 )
313.828: I:43660 (   0.041   0.044 245.631 ) T:1245175 (   0.041   0.045   0.092   1.167 176.511 2363.391 )
323.819: I:15104 (   0.041   0.045 283.903 ) T:1260279 (   0.041   0.045   0.092   1.171 183.935 2363.391 )
333.823: I:19223 (   0.042   0.063 559.103 ) T:1279502 (   0.041   0.045   0.094   1.171 189.311 2363.391 )
343.819: I:34262 (   0.041   0.044 989.695 ) T:1313764 (   0.041   0.045   0.093   1.167 190.335 2363.391 )
353.826: I:40712 (   0.041   0.044 389.375 ) T:1354476 (   0.041   0.045   0.093   1.160 190.975 2363.391 )
363.826: I:32235 (   0.041   0.045 562.175 ) T:1386711 (   0.041   0.045   0.092   1.158 194.303 2363.391 )
373.871: I:28826 (   0.041   0.045 284.927 ) T:1415537 (   0.041   0.045   0.092   1.156 194.303 2363.391 )
383.822: I:31151 (   0.041   0.044 1351.679 ) T:1446688 (   0.041   0.045   0.092   1.152 195.327 2363.391 )
393.824: I:30803 (   0.041   0.044 671.743 ) T:1477491 (   0.041   0.045   0.091   1.149 197.247 2363.391 )
403.820: I:37332 (   0.041   0.044 890.367 ) T:1514823 (   0.041   0.045   0.091   1.143 199.807 2363.391 )
413.819: I:17839 (   0.041   0.044 971.775 ) T:1532662 (   0.041   0.045   0.091   1.145 205.439 2363.391 )
423.824: I:35635 (   0.041   0.044 458.495 ) T:1568297 (   0.041   0.045   0.091   1.142 210.943 2363.391 )
433.823: I:20035 (   0.041   0.044 501.247 ) T:1588332 (   0.041   0.045   0.090   1.142 212.607 2363.391 )
443.826: I:31609 (   0.041   0.044 1080.319 ) T:1619941 (   0.041   0.045   0.090   1.139 212.735 2363.391 )
453.823: I:35214 (   0.041   0.044 371.455 ) T:1655155 (   0.041   0.045   0.090   1.136 213.631 2363.391 )
463.820: I:32508 (   0.041   0.044 636.415 ) T:1687663 (   0.041   0.045   0.090   1.133 215.167 2363.391 )
473.820: I:26514 (   0.042   0.044 575.999 ) T:1714177 (   0.041   0.045   0.090   1.130 215.807 2363.391 )
483.817: I:42827 (   0.041   0.044 1160.191 ) T:1757004 (   0.041   0.045   0.090   1.124 215.807 2363.391 )
493.820: I:47490 (   0.041   0.044 892.415 ) T:1804494 (   0.041   0.045   0.089   1.119 215.423 2363.391 )
503.820: I:39842 (   0.041   0.044 731.647 ) T:1844336 (   0.041   0.045   0.089   1.115 215.423 2363.391 )
513.819: I:38994 (   0.042   0.044 679.935 ) T:1883330 (   0.041   0.045   0.088   1.112 216.063 2363.391 )
523.823: I:28349 (   0.041   0.044 473.855 ) T:1911679 (   0.041   0.045   0.088   1.111 222.591 2363.391 )
533.825: I:22909 (   0.041   0.047 703.999 ) T:1934588 (   0.041   0.045   0.088   1.111 225.279 2363.391 )
543.822: I:13211 (   0.041   0.062 335.359 ) T:1947799 (   0.041   0.045   0.089   1.112 225.919 2363.391 )
553.819: I:23652 (   0.041   0.044 624.127 ) T:1971451 (   0.041   0.045   0.088   1.111 230.271 2363.391 )
563.819: I:19273 (   0.042   0.058 336.383 ) T:1990724 (   0.041   0.045   0.088   1.112 233.599 2363.391 )
573.819: I:31978 (   0.042   0.045 678.399 ) T:2022702 (   0.041   0.045   0.088   1.111 234.239 2363.391 )
583.819: I:40715 (   0.043   0.045 932.863 ) T:2063417 (   0.041   0.045   0.088   1.108 234.239 2363.391 )
593.826: I:36267 (   0.043   0.045 594.431 ) T:2099684 (   0.041   0.045   0.088   1.106 240.383 2363.391 )
603.823: I:34046 (   0.042   0.045 658.943 ) T:2133730 (   0.041   0.045   0.087   1.104 235.647 2363.391 )
613.819: I:32156 (   0.043   0.046 897.023 ) T:2165886 (   0.041   0.045   0.087   1.103 241.279 2363.391 )
623.821: I:41677 (   0.043   0.045 804.351 ) T:2207563 (   0.041   0.045   0.087   1.101 241.279 2363.391 )
633.819: I:29760 (   0.043   0.045 1150.975 ) T:2237323 (   0.041   0.045   0.087   1.100 245.503 2363.391 )
643.822: I:25174 (   0.043   0.045 522.751 ) T:2262497 (   0.041   0.045   0.087   1.100 251.775 2363.391 )
653.821: I:23827 (   0.043   0.046 339.967 ) T:2286324 (   0.041   0.045   0.087   1.099 253.311 2363.391 )
663.826: I:27514 (   0.043   0.046 606.719 ) T:2313838 (   0.041   0.045   0.086   1.097 253.951 2363.391 )
673.819: I:29437 (   0.042   0.045 543.743 ) T:2343275 (   0.041   0.045   0.086   1.096 254.463 2363.391 )
683.826: I:13823 (   0.042   0.045 486.655 ) T:2357098 (   0.041   0.045   0.086   1.097 259.199 2363.391 )
693.819: I:30021 (   0.043   0.045 542.719 ) T:2387119 (   0.041   0.045   0.086   1.096 264.959 2363.391 )
703.821: I:25656 (   0.043   0.045 287.743 ) T:2412775 (   0.041   0.045   0.086   1.096 260.991 2363.391 )
713.821: I:34458 (   0.043   0.045 613.887 ) T:2447233 (   0.041   0.045   0.086   1.094 266.239 2363.391 )
723.827: I:37088 (   0.043   0.046 512.767 ) T:2484321 (   0.041   0.045   0.085   1.092 265.983 2363.391 )
733.821: I:44681 (   0.043   0.046 775.167 ) T:2529002 (   0.041   0.045   0.085   1.089 265.727 2363.391 )
743.825: I:31150 (   0.044   0.046 1213.439 ) T:2560152 (   0.042   0.045   0.085   1.087 265.471 2363.391 )
753.819: I:37047 (   0.043   0.046 686.079 ) T:2597199 (   0.042   0.045   0.085   1.086 265.727 2363.391 )
763.826: I:28790 (   0.044   0.046 1026.047 ) T:2625989 (   0.042   0.045   0.085   1.085 266.239 2363.391 )
773.823: I:12258 (   0.043   0.046 1093.631 ) T:2638247 (   0.042   0.045   0.085   1.087 268.031 2363.391 )
783.826: I:17336 (   0.044   0.048 456.447 ) T:2655583 (   0.042   0.045   0.085   1.088 268.543 2363.391 )
793.826: I:23194 (   0.043   0.047 912.383 ) T:2678777 (   0.042   0.045   0.085   1.088 268.543 2363.391 )
803.825: I:29382 (   0.044   0.046 356.607 ) T:2708159 (   0.042   0.045   0.085   1.087 268.799 2363.391 )
813.826: I:18381 (   0.044   0.051 771.071 ) T:2726540 (   0.042   0.045   0.085   1.088 268.799 2363.391 )
823.820: I:32892 (   0.044   0.046 574.463 ) T:2759432 (   0.042   0.045   0.085   1.086 269.055 2363.391 )
833.824: I:22321 (   0.043   0.046 3885.055 ) T:2781753 (   0.042   0.045   0.085   1.085 268.799 3885.055 )
843.818: I:36969 (   0.044   0.046 987.647 ) T:2818722 (   0.042   0.045   0.085   1.084 270.079 3885.055 )
853.819: I:47818 (   0.043   0.046 506.367 ) T:2866540 (   0.042   0.045   0.085   1.082 269.055 3885.055 )
864.020: I:25589 (   0.044   0.047 571.903 ) T:2892129 (   0.042   0.045   0.084   1.081 270.079 3885.055 )
873.826: I:12858 (   0.044   0.065 363.263 ) T:2904987 (   0.042   0.045   0.085   1.082 270.591 3885.055 )
883.823: I:20798 (   0.043   0.049 482.047 ) T:2925785 (   0.042   0.045   0.085   1.082 270.591 3885.055 )
893.942: I:25564 (   0.043   0.047 441.855 ) T:2951349 (   0.042   0.046   0.086   1.082 270.847 3885.055 )
903.819: I:28456 (   0.043   0.046 616.959 ) T:2979805 (   0.042   0.046   0.085   1.082 271.871 3885.055 )
913.822: I:35194 (   0.043   0.046 526.335 ) T:3014999 (   0.042   0.046   0.085   1.081 271.871 3885.055 )
923.827: I:33012 (   0.042   0.045 593.919 ) T:3048011 (   0.042   0.046   0.085   1.080 271.615 3885.055 )
933.819: I:31047 (   0.043   0.046 648.191 ) T:3079058 (   0.042   0.046   0.085   1.079 271.615 3885.055 )
943.819: I:39498 (   0.043   0.046 934.399 ) T:3118556 (   0.042   0.046   0.085   1.078 271.871 3885.055 )
953.821: I:36904 (   0.042   0.045 1629.183 ) T:3155460 (   0.042   0.046   0.085   1.077 271.871 3885.055 )
963.819: I:39188 (   0.043   0.046 799.231 ) T:3194648 (   0.042   0.046   0.085   1.076 271.615 3885.055 )
973.820: I:31355 (   0.043   0.046 411.391 ) T:3226003 (   0.042   0.046   0.085   1.075 271.871 3885.055 )
983.820: I:34895 (   0.043   0.046 389.887 ) T:3260898 (   0.042   0.046   0.084   1.074 271.359 3885.055 )
993.826: I:28896 (   0.043   0.046 552.447 ) T:3289794 (   0.042   0.046   0.084   1.073 272.895 3885.055 )
1003.826: I:14868 (   0.043   0.046 384.511 ) T:3304662 (   0.042   0.046   0.084   1.074 274.175 3885.055 )
1013.820: I:15362 (   0.043   0.046 730.623 ) T:3320024 (   0.042   0.046   0.084   1.075 274.943 3885.055 )
1023.817: I:34390 (   0.043   0.045 641.535 ) T:3354414 (   0.042   0.046   0.084   1.074 274.943 3885.055 )
1033.821: I:36516 (   0.043   0.046 1168.383 ) T:3390930 (   0.042   0.046   0.084   1.073 275.455 3885.055 )
1043.819: I:34373 (   0.043   0.046 735.231 ) T:3425303 (   0.042   0.046   0.084   1.072 275.455 3885.055 )
1053.826: I:35730 (   0.043   0.046 566.783 ) T:3461033 (   0.042   0.046   0.084   1.071 274.943 3885.055 )
1063.825: I:43728 (   0.044   0.046 562.175 ) T:3504761 (   0.042   0.046   0.083   1.069 274.943 3885.055 )
1073.827: I:22714 (   0.043   0.046 575.999 ) T:3527475 (   0.042   0.046   0.083   1.069 274.943 3885.055 )
1083.820: I:20974 (   0.043   0.046 2258.943 ) T:3548449 (   0.042   0.046   0.083   1.069 275.455 3885.055 )
1093.819: I:34666 (   0.043   0.046 717.311 ) T:3583115 (   0.042   0.046   0.083   1.068 274.943 3885.055 )
1103.824: I:15623 (   0.044   0.047 447.999 ) T:3598738 (   0.042   0.046   0.083   1.069 275.967 3885.055 )
1113.826: I:18895 (   0.044   0.046 300.543 ) T:3617633 (   0.042   0.046   0.083   1.069 275.967 3885.055 )
1123.820: I:26952 (   0.043   0.046 414.975 ) T:3644585 (   0.042   0.046   0.083   1.069 276.223 3885.055 )
1133.819: I:33155 (   0.043   0.046 281.855 ) T:3677740 (   0.042   0.046   0.083   1.068 275.967 3885.055 )
1144.500: I:37195 (   0.044   0.046 794.111 ) T:3714935 (   0.042   0.046   0.083   1.067 276.223 3885.055 )
1153.819: I:12957 (   0.043   0.046 1242.111 ) T:3727892 (   0.042   0.046   0.083   1.068 276.735 3885.055 )
1163.819: I:38403 (   0.044   0.046 684.543 ) T:3766295 (   0.042   0.046   0.083   1.067 278.271 3885.055 )
1173.822: I:34228 (   0.044   0.047 656.383 ) T:3800523 (   0.042   0.046   0.083   1.066 278.271 3885.055 )
1183.826: I:19054 (   0.044   0.047 1383.423 ) T:3819577 (   0.042   0.046   0.083   1.067 279.807 3885.055 )
1193.823: I:31196 (   0.044   0.047 869.375 ) T:3850773 (   0.042   0.046   0.083   1.066 279.551 3885.055 )
1203.818: I:35952 (   0.043   0.046 450.303 ) T:3886725 (   0.042   0.046   0.083   1.065 279.807 3885.055 )
1213.819: I:26763 (   0.043   0.046 594.431 ) T:3913488 (   0.042   0.046   0.083   1.064 280.575 3885.055 )
1223.826: I:32155 (   0.042   0.045 755.711 ) T:3945643 (   0.042   0.046   0.083   1.063 280.831 3885.055 )
1233.823: I:38818 (   0.042   0.045 816.127 ) T:3984461 (   0.042   0.046   0.082   1.062 280.831 3885.055 )
1243.823: I:24326 (   0.043   0.045 1738.751 ) T:4008787 (   0.042   0.046   0.082   1.062 282.879 3885.055 )
1253.826: I:37732 (   0.043   0.045 672.767 ) T:4046519 (   0.042   0.046   0.082   1.060 281.855 3885.055 )
1263.820: I:32781 (   0.042   0.045 673.279 ) T:4079300 (   0.042   0.046   0.082   1.059 282.879 3885.055 )
1273.819: I:17047 (   0.042   0.045 616.447 ) T:4096347 (   0.042   0.046   0.082   1.060 284.927 3885.055 )
1283.823: I:27558 (   0.043   0.046 1009.663 ) T:4123905 (   0.042   0.046   0.082   1.059 284.415 3885.055 )
1293.822: I:41888 (   0.043   0.045 932.351 ) T:4165793 (   0.042   0.046   0.082   1.058 283.903 3885.055 )
1303.824: I:42201 (   0.043   0.046 339.967 ) T:4207994 (   0.042   0.046   0.082   1.057 282.623 3885.055 )
1313.824: I:34769 (   0.043   0.046 741.887 ) T:4242763 (   0.042   0.046   0.082   1.057 281.855 3885.055 )
1323.828: I:21539 (   0.043   0.046 351.743 ) T:4264302 (   0.042   0.046   0.082   1.056 282.879 3885.055 )
1333.821: I:24809 (   0.043   0.046 434.943 ) T:4289111 (   0.042   0.046   0.082   1.056 284.415 3885.055 )
1343.825: I:34108 (   0.042   0.045 586.751 ) T:4323219 (   0.042   0.046   0.082   1.055 284.927 3885.055 )
1353.827: I:24231 (   0.043   0.046 1633.279 ) T:4347450 (   0.042   0.046   0.082   1.055 285.183 3885.055 )
1363.821: I:43166 (   0.043   0.046 751.103 ) T:4390616 (   0.042   0.046   0.082   1.054 284.927 3885.055 )
1373.819: I:43756 (   0.043   0.046 901.119 ) T:4434372 (   0.042   0.046   0.082   1.053 284.927 3885.055 )
1383.819: I:34166 (   0.044   0.046 2123.775 ) T:4468538 (   0.042   0.046   0.082   1.052 284.415 3885.055 )
1393.826: I:25223 (   0.044   0.047 479.231 ) T:4493761 (   0.042   0.046   0.082   1.052 283.903 3885.055 )
1403.819: I:38295 (   0.044   0.046 678.911 ) T:4532056 (   0.042   0.046   0.082   1.050 284.415 3885.055 )
1413.819: I:37353 (   0.044   0.046 546.303 ) T:4569409 (   0.042   0.046   0.082   1.050 283.647 3885.055 )
1423.826: I:35924 (   0.044   0.046 583.167 ) T:4605333 (   0.042   0.046   0.082   1.049 281.855 3885.055 )
1433.818: I:40826 (   0.043   0.046 516.607 ) T:4646159 (   0.042   0.046   0.081   1.049 281.855 3885.055 )
1443.819: I:21472 (   0.044   0.046 422.143 ) T:4667631 (   0.042   0.046   0.081   1.049 282.879 3885.055 )
1453.826: I:22111 (   0.044   0.046 517.375 ) T:4689742 (   0.042   0.046   0.081   1.049 283.903 3885.055 )
1464.949: I:22819 (   0.043   0.046 412.927 ) T:4712561 (   0.042   0.046   0.081   1.049 283.647 3885.055 )
1473.819: I:35779 (   0.044   0.046 574.463 ) T:4748340 (   0.042   0.046   0.081   1.049 284.415 3885.055 )
1483.826: I:29495 (   0.043   0.046 364.799 ) T:4777835 (   0.042   0.046   0.081   1.048 283.647 3885.055 )
1493.823: I:13309 (   0.046   0.071 386.559 ) T:4791144 (   0.042   0.046   0.082   1.049 282.879 3885.055 )
1503.825: I:34692 (   0.044   0.046 823.295 ) T:4825836 (   0.042   0.046   0.082   1.049 282.623 3885.055 )
1513.826: I:36678 (   0.043   0.045 593.919 ) T:4862514 (   0.042   0.046   0.082   1.048 281.855 3885.055 )
1523.826: I:29663 (   0.043   0.047 2197.503 ) T:4892177 (   0.042   0.046   0.082   1.048 282.623 3885.055 )
1533.823: I:30870 (   0.043   0.047 638.463 ) T:4923047 (   0.042   0.046   0.082   1.048 282.623 3885.055 )
1543.822: I:41368 (   0.043   0.046 285.183 ) T:4964415 (   0.042   0.046   0.082   1.048 280.831 3885.055 )
1553.824: I:18925 (   0.042   0.045 1693.695 ) T:4983340 (   0.042   0.046   0.082   1.048 281.855 3885.055 )
1563.823: I:36921 (   0.043   0.045 568.831 ) T:5020261 (   0.042   0.046   0.082   1.047 280.831 3885.055 )
1573.825: I:39892 (   0.043   0.046 821.759 ) T:5060153 (   0.042   0.046   0.081   1.047 280.831 3885.055 )
1583.820: I:35174 (   0.043   0.045 624.639 ) T:5095327 (   0.042   0.046   0.081   1.046 280.575 3885.055 )
1593.819: I:38119 (   0.043   0.046 255.999 ) T:5133446 (   0.042   0.046   0.081   1.046 280.063 3885.055 )
1603.824: I:45932 (   0.043   0.045 685.055 ) T:5179378 (   0.042   0.046   0.081   1.045 280.063 3885.055 )
1613.818: I:33797 (   0.042   0.046 608.767 ) T:5213175 (   0.042   0.046   0.081   1.045 280.063 3885.055 )
1623.823: I:24410 (   0.043   0.045 1210.367 ) T:5237585 (   0.042   0.046   0.081   1.045 280.063 3885.055 )
1633.819: I:34383 (   0.043   0.045 467.199 ) T:5271968 (   0.042   0.046   0.081   1.045 280.831 3885.055 )
1643.826: I:20727 (   0.042   0.045 513.023 ) T:5292695 (   0.042   0.046   0.081   1.045 283.647 3885.055 )
1653.826: I:21359 (   0.043   0.046 388.863 ) T:5314054 (   0.042   0.046   0.081   1.045 283.647 3885.055 )
1663.826: I:35150 (   0.044   0.047 529.407 ) T:5349204 (   0.042   0.046   0.081   1.045 283.903 3885.055 )
1673.820: I:35766 (   0.043   0.046 678.911 ) T:5384970 (   0.042   0.046   0.081   1.044 284.415 3885.055 )
1683.819: I:28991 (   0.044   0.046 549.375 ) T:5413961 (   0.042   0.046   0.081   1.044 284.415 3885.055 )
1693.822: I:32958 (   0.043   0.046 410.367 ) T:5446919 (   0.042   0.046   0.081   1.044 284.415 3885.055 )
1703.819: I:39459 (   0.044   0.046 702.463 ) T:5486378 (   0.042   0.046   0.081   1.044 284.927 3885.055 )
1713.826: I:32675 (   0.043   0.046 379.135 ) T:5519053 (   0.042   0.046   0.081   1.043 284.927 3885.055 )
1723.825: I:32363 (   0.044   0.047 1018.367 ) T:5551416 (   0.042   0.046   0.081   1.043 284.415 3885.055 )
1733.825: I:38648 (   0.044   0.046 736.767 ) T:5590064 (   0.042   0.046   0.081   1.043 284.927 3885.055 )
1743.822: I:32876 (   0.044   0.046 772.095 ) T:5622940 (   0.042   0.046   0.081   1.043 285.183 3885.055 )
1754.098: I:34631 (   0.044   0.047 1290.239 ) T:5657571 (   0.042   0.046   0.081   1.043 285.183 3885.055 )
1763.824: I:25829 (   0.043   0.046 382.975 ) T:5683400 (   0.042   0.046   0.081   1.043 285.439 3885.055 )
1773.821: I:34300 (   0.044   0.046 490.239 ) T:5717700 (   0.042   0.046   0.081   1.043 285.439 3885.055 )
1783.827: I:17732 (   0.044   0.047 717.311 ) T:5735432 (   0.042   0.046   0.081   1.043 285.439 3885.055 )
1793.823: I:40464 (   0.043   0.046 388.095 ) T:5775896 (   0.042   0.046   0.080   1.042 285.183 3885.055 )
1803.825: I:43250 (   0.043   0.046 656.895 ) T:5819146 (   0.042   0.046   0.080   1.042 285.183 3885.055 )
1813.822: I:36382 (   0.043   0.046 826.367 ) T:5855528 (   0.042   0.046   0.080   1.042 284.927 3885.055 )
1823.819: I:33369 (   0.043   0.046 469.759 ) T:5888897 (   0.042   0.046   0.080   1.042 285.183 3885.055 )
1833.820: I:31236 (   0.043   0.046 428.287 ) T:5920133 (   0.042   0.046   0.080   1.042 285.183 3885.055 )
1843.819: I:21504 (   0.043   0.046 623.615 ) T:5941637 (   0.042   0.046   0.080   1.042 285.439 3885.055 )
1853.826: I:27350 (   0.043   0.045 304.383 ) T:5968987 (   0.042   0.046   0.080   1.042 285.439 3885.055 )
1863.823: I:29065 (   0.043   0.046 481.279 ) T:5998052 (   0.042   0.046   0.080   1.042 285.439 3885.055 )
1873.820: I:35196 (   0.043   0.046 624.127 ) T:6033248 (   0.043   0.046   0.080   1.042 285.439 3885.055 )
1883.826: I:37208 (   0.044   0.046 733.695 ) T:6070456 (   0.043   0.046   0.080   1.041 285.183 3885.055 )
1893.820: I:40814 (   0.043   0.047 869.375 ) T:6111270 (   0.043   0.046   0.080   1.041 285.695 3885.055 )
1903.819: I:35803 (   0.043   0.046 1288.191 ) T:6147073 (   0.043   0.046   0.080   1.041 285.695 3885.055 )
1913.822: I:43209 (   0.044   0.046 615.935 ) T:6190282 (   0.043   0.046   0.080   1.041 285.439 3885.055 )
1923.825: I:35893 (   0.044   0.046 748.031 ) T:6226175 (   0.043   0.046   0.080   1.041 285.695 3885.055 )
1933.826: I:43913 (   0.044   0.047 405.503 ) T:6270088 (   0.043   0.046   0.080   1.041 285.183 3885.055 )
1943.819: I:30681 (   0.044   0.047 670.207 ) T:6300769 (   0.043   0.046   0.080   1.040 285.183 3885.055 )
1953.825: I:38401 (   0.045   0.047 829.951 ) T:6339170 (   0.043   0.046   0.080   1.040 285.439 3885.055 )
1963.825: I:39119 (   0.044   0.047 513.023 ) T:6378289 (   0.043   0.046   0.080   1.040 285.183 3885.055 )
1973.826: I:40183 (   0.044   0.047 1333.247 ) T:6418472 (   0.043   0.046   0.080   1.040 285.183 3885.055 )
1983.819: I:33445 (   0.045   0.047 721.407 ) T:6451917 (   0.043   0.046   0.080   1.040 285.439 3885.055 )
1993.819: I:37086 (   0.044   0.047 378.623 ) T:6489003 (   0.043   0.046   0.080   1.040 285.695 3885.055 )
2003.822: I:34030 (   0.045   0.047 1262.591 ) T:6523033 (   0.043   0.046   0.080   1.040 285.951 3885.055 )
2013.827: I:41123 (   0.044   0.047 826.879 ) T:6564156 (   0.043   0.046   0.079   1.040 285.951 3885.055 )
2023.824: I:42220 (   0.044   0.047 1112.063 ) T:6606376 (   0.043   0.046   0.079   1.040 285.951 3885.055 )
2033.826: I:26372 (   0.045   0.047 1332.223 ) T:6632748 (   0.043   0.046   0.079   1.040 285.951 3885.055 )
2043.819: I:37192 (   0.044   0.047 753.663 ) T:6669940 (   0.043   0.046   0.079   1.039 286.207 3885.055 )
2053.824: I:36786 (   0.044   0.047 669.695 ) T:6706726 (   0.043   0.046   0.079   1.039 286.719 3885.055 )
2063.818: I:47197 (   0.044   0.047 997.887 ) T:6753923 (   0.043   0.046   0.079   1.039 286.207 3885.055 )
2073.980: I:37261 (   0.044   0.047 375.039 ) T:6791184 (   0.043   0.046   0.079   1.039 285.951 3885.055 )
2083.819: I:25912 (   0.044   0.047 3280.895 ) T:6817096 (   0.043   0.046   0.079   1.039 285.951 3885.055 )
2093.826: I:40668 (   0.044   0.046 412.671 ) T:6857764 (   0.043   0.046   0.079   1.039 285.951 3885.055 )
2103.819: I:35902 (   0.044   0.046 856.063 ) T:6893666 (   0.043   0.046   0.079   1.039 285.951 3885.055 )
2113.819: I:38051 (   0.044   0.047 914.431 ) T:6931717 (   0.043   0.046   0.079   1.039 285.695 3885.055 )
2123.987: I:35637 (   0.044   0.047 547.839 ) T:6967354 (   0.043   0.046   0.079   1.038 285.951 3885.055 )
2133.819: I:36297 (   0.044   0.047 798.719 ) T:7003651 (   0.043   0.046   0.079   1.038 285.439 3885.055 )
2143.819: I:37839 (   0.044   0.047 644.095 ) T:7041490 (   0.043   0.046   0.079   1.038 285.439 3885.055 )
2153.821: I:33692 (   0.044   0.047 540.671 ) T:7075182 (   0.043   0.046   0.079   1.038 285.951 3885.055 )
2164.126: I:26772 (   0.044   0.047 1265.663 ) T:7101954 (   0.043   0.046   0.079   1.038 285.951 3885.055 )
2173.820: I:36792 (   0.044   0.047 616.959 ) T:7138746 (   0.043   0.046   0.079   1.038 286.207 3885.055 )
2183.819: I:33904 (   0.044   0.047 814.591 ) T:7172650 (   0.043   0.046   0.079   1.038 285.951 3885.055 )
2193.819: I:33035 (   0.044   0.047 578.047 ) T:7205685 (   0.043   0.046   0.079   1.038 286.207 3885.055 )
2203.819: I:31597 (   0.044   0.047 1381.375 ) T:7237282 (   0.043   0.046   0.079   1.038 286.207 3885.055 )
2213.818: I:35670 (   0.045   0.048 987.647 ) T:7272952 (   0.043   0.046   0.079   1.038 286.207 3885.055 )
2223.819: I:44446 (   0.044   0.047 952.319 ) T:7317398 (   0.043   0.046   0.079   1.038 286.207 3885.055 )
2233.821: I:41907 (   0.045   0.047 349.183 ) T:7359305 (   0.043   0.046   0.079   1.038 285.951 3885.055 )
2243.823: I:35777 (   0.045   0.047 855.551 ) T:7395082 (   0.043   0.046   0.079   1.037 286.207 3885.055 )
2253.819: I:35397 (   0.044   0.047 485.375 ) T:7430479 (   0.043   0.046   0.079   1.037 286.207 3885.055 )
2263.826: I:37691 (   0.045   0.047 852.479 ) T:7468170 (   0.043   0.046   0.079   1.037 286.463 3885.055 )
2273.820: I:35006 (   0.044   0.047 591.871 ) T:7503176 (   0.043   0.046   0.079   1.037 286.463 3885.055 )
2283.826: I:33154 (   0.044   0.047 767.999 ) T:7536330 (   0.043   0.046   0.079   1.037 286.719 3885.055 )
2293.826: I:14556 (   0.045   0.047 353.023 ) T:7550886 (   0.043   0.046   0.079   1.037 286.719 3885.055 )
2308.954: I:18160 (   0.044   0.047 6414.335 ) T:7569046 (   0.043   0.046   0.079   1.037 286.719 6414.335 )
2313.822: I:18819 (   0.044   0.047 488.703 ) T:7587865 (   0.043   0.046   0.079   1.038 286.719 6414.335 )
2323.822: I:34719 (   0.044   0.047 620.543 ) T:7622584 (   0.043   0.046   0.079   1.037 286.719 6414.335 )
2333.826: I:25873 (   0.045   0.047 616.447 ) T:7648457 (   0.043   0.046   0.079   1.038 286.719 6414.335 )
2343.822: I:17188 (   0.044   0.078 627.711 ) T:7665645 (   0.043   0.046   0.079   1.038 286.719 6414.335 )
2353.827: I:29574 (   0.043   0.046 307.199 ) T:7695219 (   0.043   0.046   0.079   1.038 286.463 6414.335 )
2363.820: I:51066 (   0.044   0.047 436.479 ) T:7746285 (   0.043   0.046   0.079   1.037 285.951 6414.335 )
2373.827: I:33775 (   0.044   0.047 1282.047 ) T:7780060 (   0.043   0.046   0.079   1.037 285.951 6414.335 )
2383.824: I:46245 (   0.044   0.047 911.359 ) T:7826305 (   0.043   0.046   0.079   1.037 285.951 6414.335 )
2393.823: I:31854 (   0.044   0.047 552.959 ) T:7858159 (   0.043   0.046   0.079   1.037 285.951 6414.335 )
2403.820: I:37789 (   0.044   0.046 604.671 ) T:7895948 (   0.043   0.046   0.079   1.037 285.951 6414.335 )
2413.824: I:36970 (   0.044   0.047 1003.519 ) T:7932918 (   0.043   0.046   0.079   1.037 285.951 6414.335 )
2423.889: I:34798 (   0.044   0.047 809.471 ) T:7967716 (   0.043   0.046   0.079   1.036 285.951 6414.335 )
2433.823: I:30585 (   0.043   0.046 772.095 ) T:7998301 (   0.043   0.046   0.079   1.036 286.207 6414.335 )
2443.826: I:21728 (   0.044   0.047 456.191 ) T:8020029 (   0.043   0.046   0.079   1.037 286.207 6414.335 )
2453.826: I:33268 (   0.044   0.047 584.191 ) T:8053297 (   0.043   0.046   0.079   1.037 286.207 6414.335 )
2463.820: I:37108 (   0.044   0.046 641.023 ) T:8090405 (   0.043   0.046   0.079   1.036 286.719 6414.335 )
2473.820: I:32968 (   0.043   0.047 646.655 ) T:8123373 (   0.043   0.046   0.079   1.036 286.719 6414.335 )
2483.825: I:29974 (   0.044   0.047 624.127 ) T:8153347 (   0.043   0.046   0.079   1.036 287.487 6414.335 )
2493.822: I:31583 (   0.045   0.048 329.215 ) T:8184930 (   0.043   0.046   0.079   1.036 286.719 6414.335 )
2503.819: I:38692 (   0.045   0.047 442.879 ) T:8223622 (   0.043   0.046   0.079   1.036 287.487 6414.335 )
2513.826: I:17047 (   0.045   0.060 580.607 ) T:8240669 (   0.043   0.046   0.079   1.036 287.743 6414.335 )
2523.817: I:35046 (   0.044   0.047 1426.431 ) T:8275715 (   0.043   0.046   0.079   1.036 287.743 6414.335 )
2533.819: I:39574 (   0.044   0.047 530.431 ) T:8315289 (   0.043   0.046   0.079   1.036 287.487 6414.335 )
2543.826: I:48912 (   0.045   0.048 868.863 ) T:8364201 (   0.043   0.046   0.079   1.036 286.719 6414.335 )
2553.822: I:31498 (   0.045   0.047 1223.679 ) T:8395699 (   0.043   0.046   0.079   1.036 286.719 6414.335 )
2563.819: I:32894 (   0.044   0.048 724.991 ) T:8428593 (   0.043   0.046   0.079   1.036 286.719 6414.335 )
2573.819: I:20706 (   0.045   0.047 526.335 ) T:8449299 (   0.043   0.046   0.079   1.036 286.719 6414.335 )
2583.825: I:42137 (   0.045   0.047 794.111 ) T:8491436 (   0.043   0.046   0.079   1.036 286.463 6414.335 )
2593.819: I:28698 (   0.044   0.047 1174.527 ) T:8520134 (   0.043   0.046   0.079   1.036 286.463 6414.335 )
2603.823: I:38626 (   0.045   0.047 370.943 ) T:8558760 (   0.043   0.046   0.079   1.035 286.207 6414.335 )
2613.826: I:21882 (   0.045   0.048 621.567 ) T:8580642 (   0.043   0.046   0.079   1.036 286.463 6414.335 )
2623.828: I:12893 (   0.045   0.068 272.639 ) T:8593535 (   0.043   0.046   0.079   1.036 286.463 6414.335 )
2633.824: I:18920 (   0.044   0.046 544.767 ) T:8612455 (   0.043   0.046   0.079   1.036 286.463 6414.335 )
2643.826: I:28853 (   0.043   0.046 719.359 ) T:8641308 (   0.043   0.046   0.079   1.036 286.719 6414.335 )
2653.822: I:28977 (   0.044   0.047 398.847 ) T:8670285 (   0.043   0.046   0.079   1.036 286.719 6414.335 )
2663.992: I:35801 (   0.044   0.047 1166.335 ) T:8706086 (   0.043   0.046   0.079   1.036 287.487 6414.335 )
2673.819: I:44973 (   0.044   0.046 837.119 ) T:8751059 (   0.043   0.046   0.079   1.036 286.719 6414.335 )
2683.825: I:41461 (   0.044   0.047 322.303 ) T:8792520 (   0.043   0.046   0.079   1.036 286.719 6414.335 )
2693.819: I:32457 (   0.043   0.046 1178.623 ) T:8824977 (   0.043   0.046   0.079   1.036 286.719 6414.335 )
2703.821: I:35000 (   0.044   0.046 1039.871 ) T:8859977 (   0.043   0.046   0.079   1.036 287.743 6414.335 )
2713.822: I:38801 (   0.044   0.046 581.119 ) T:8898778 (   0.043   0.046   0.079   1.035 287.743 6414.335 )
2723.827: I:33818 (   0.044   0.046 460.543 ) T:8932596 (   0.043   0.046   0.079   1.035 287.487 6414.335 )
2733.819: I:27351 (   0.044   0.061 464.895 ) T:8959947 (   0.043   0.046   0.079   1.035 287.487 6414.335 )
2744.040: I:32017 (   0.044   0.047 1159.167 ) T:8991964 (   0.043   0.046   0.079   1.035 286.719 6414.335 )
2753.826: I:26598 (   0.044   0.047 502.527 ) T:9018562 (   0.043   0.046   0.079   1.035 287.231 6414.335 )
2763.826: I:24798 (   0.043   0.046 673.791 ) T:9043360 (   0.043   0.046   0.079   1.035 287.487 6414.335 )
2773.819: I:42903 (   0.045   0.047 655.871 ) T:9086263 (   0.043   0.046   0.079   1.035 287.743 6414.335 )
2783.819: I:36879 (   0.044   0.047 703.487 ) T:9123142 (   0.043   0.046   0.079   1.035 287.487 6414.335 )
2793.822: I:35404 (   0.044   0.047 403.967 ) T:9158546 (   0.043   0.046   0.079   1.035 287.743 6414.335 )
2803.819: I:38196 (   0.044   0.047 707.583 ) T:9196742 (   0.043   0.046   0.079   1.035 287.743 6414.335 )
2813.821: I:34794 (   0.045   0.047 858.623 ) T:9231536 (   0.043   0.046   0.079   1.035 287.743 6414.335 )
2823.825: I:32719 (   0.044   0.047 519.423 ) T:9264255 (   0.043   0.046   0.079   1.035 287.743 6414.335 )
2833.819: I:34281 (   0.045   0.047 2287.615 ) T:9298536 (   0.043   0.046   0.079   1.035 287.743 6414.335 )
2843.826: I:22883 (   0.044   0.048 346.879 ) T:9321419 (   0.043   0.046   0.079   1.035 287.743 6414.335 )
2853.824: I:37955 (   0.045   0.047 904.703 ) T:9359374 (   0.043   0.046   0.079   1.035 287.743 6414.335 )
2863.819: I:28666 (   0.044   0.047 545.279 ) T:9388040 (   0.043   0.046   0.079   1.035 287.999 6414.335 )
2873.820: I:38651 (   0.045   0.047 193.791 ) T:9426691 (   0.043   0.046   0.079   1.035 287.743 6414.335 )
2883.820: I:44302 (   0.044   0.047 1261.567 ) T:9470993 (   0.043   0.046   0.079   1.035 287.487 6414.335 )
2893.827: I:36874 (   0.045   0.047 383.743 ) T:9507867 (   0.043   0.046   0.079   1.035 287.743 6414.335 )
2903.819: I:26378 (   0.044   0.046 1660.927 ) T:9534245 (   0.043   0.046   0.079   1.034 287.743 6414.335 )
2913.819: I:39541 (   0.043   0.046 548.351 ) T:9573786 (   0.043   0.046   0.079   1.034 287.743 6414.335 )
2923.819: I:38373 (   0.044   0.047 625.663 ) T:9612159 (   0.043   0.046   0.079   1.034 287.487 6414.335 )
2933.826: I:24608 (   0.044   0.047 429.055 ) T:9636767 (   0.043   0.046   0.079   1.034 287.999 6414.335 )
2943.819: I:22015 (   0.043   0.046 598.527 ) T:9658782 (   0.043   0.046   0.079   1.034 287.999 6414.335 )
2953.826: I:32006 (   0.044   0.047 1333.247 ) T:9690788 (   0.043   0.046   0.079   1.034 287.743 6414.335 )
2963.820: I:37091 (   0.044   0.046 1498.111 ) T:9727879 (   0.043   0.046   0.079   1.034 287.743 6414.335 )
2973.825: I:35662 (   0.044   0.046 435.199 ) T:9763541 (   0.043   0.046   0.079   1.034 287.743 6414.335 )
2983.925: I:35184 (   0.044   0.047 574.463 ) T:9798725 (   0.043   0.046   0.079   1.034 287.743 6414.335 )
2993.819: I:39530 (   0.044   0.046 805.375 ) T:9838255 (   0.043   0.046   0.079   1.034 287.743 6414.335 )
3003.819: I:38810 (   0.044   0.047 1349.631 ) T:9877065 (   0.043   0.046   0.079   1.034 287.487 6414.335 )
3013.819: I:32777 (   0.043   0.046 574.975 ) T:9909842 (   0.043   0.046   0.079   1.034 287.743 6414.335 )
3023.872: I:24112 (   0.044   0.047 482.559 ) T:9933954 (   0.043   0.046   0.078   1.034 287.999 6414.335 )
3033.827: I:4343 (   0.043   0.088 3981.311 ) T:9938297 (   0.043   0.046   0.079   1.034 288.511 6414.335 )
3043.819: I:10017 (   0.044   0.048 470.271 ) T:9948314 (   0.043   0.046   0.079   1.034 289.279 6414.335 )
3053.820: I:33833 (   0.044   0.047 869.375 ) T:9982147 (   0.043   0.046   0.079   1.034 289.535 6414.335 )
3063.819: I:30073 (   0.044   0.047 595.967 ) T:10012220 (   0.043   0.046   0.079   1.034 289.791 6414.335 )
3073.824: I:30547 (   0.044   0.047 596.991 ) T:10042767 (   0.043   0.046   0.079   1.034 289.791 6414.335 )
3083.826: I:38921 (   0.043   0.046 368.383 ) T:10081688 (   0.043   0.046   0.079   1.034 289.791 6414.335 )
3093.819: I:38450 (   0.044   0.046 426.751 ) T:10120138 (   0.043   0.046   0.079   1.033 289.535 6414.335 )
3103.821: I:27734 (   0.044   0.046 1367.039 ) T:10147872 (   0.043   0.046   0.079   1.033 289.791 6414.335 )
3113.824: I:37322 (   0.043   0.046 688.639 ) T:10185194 (   0.043   0.046   0.079   1.033 289.791 6414.335 )
3123.818: I:37602 (   0.044   0.046 524.799 ) T:10222796 (   0.043   0.046   0.079   1.033 289.791 6414.335 )
3133.821: I:42214 (   0.044   0.046 1435.647 ) T:10265010 (   0.043   0.046   0.079   1.033 289.791 6414.335 )
3143.819: I:37813 (   0.043   0.046 599.039 ) T:10302823 (   0.043   0.046   0.079   1.033 289.791 6414.335 )
3153.828: I:23763 (   0.044   0.048 596.991 ) T:10326586 (   0.043   0.046   0.079   1.033 290.047 6414.335 )
3163.824: I:20998 (   0.044   0.064 275.967 ) T:10347584 (   0.043   0.046   0.079   1.033 289.791 6414.335 )
3173.826: I:33665 (   0.043   0.046 1361.919 ) T:10381249 (   0.043   0.046   0.079   1.033 289.791 6414.335 )
3183.819: I:35259 (   0.044   0.046 958.975 ) T:10416508 (   0.043   0.046   0.079   1.032 290.047 6414.335 )
3193.826: I:40967 (   0.043   0.046 644.607 ) T:10457475 (   0.043   0.046   0.079   1.032 290.303 6414.335 )
3203.820: I:37235 (   0.044   0.046 745.471 ) T:10494710 (   0.043   0.046   0.079   1.032 290.303 6414.335 )
3213.820: I:36763 (   0.045   0.047 1075.199 ) T:10531473 (   0.043   0.046   0.079   1.032 290.303 6414.335 )
3223.819: I:37211 (   0.045   0.047 441.087 ) T:10568684 (   0.043   0.046   0.079   1.032 290.303 6414.335 )
3233.826: I:32443 (   0.044   0.047 875.007 ) T:10601127 (   0.043   0.046   0.079   1.031 290.303 6414.335 )
3243.824: I:35665 (   0.044   0.047 961.535 ) T:10636792 (   0.043   0.047   0.079   1.031 290.303 6414.335 )
3253.824: I:22799 (   0.044   0.047 652.799 ) T:10659591 (   0.043   0.047   0.079   1.031 290.559 6414.335 )
3263.826: I:35302 (   0.044   0.047 601.087 ) T:10694893 (   0.043   0.047   0.079   1.031 290.559 6414.335 )
3273.826: I:19974 (   0.045   0.048 600.575 ) T:10714867 (   0.043   0.047   0.079   1.031 291.327 6414.335 )
3283.821: I:35752 (   0.044   0.047 653.311 ) T:10750619 (   0.043   0.047   0.079   1.031 291.327 6414.335 )
3293.871: I:42344 (   0.044   0.047 563.199 ) T:10792963 (   0.043   0.047   0.079   1.031 290.815 6414.335 )
3303.882: I:31441 (   0.044   0.047 792.063 ) T:10824404 (   0.043   0.047   0.079   1.030 291.327 6414.335 )
3313.822: I:25014 (   0.044   0.047 1161.215 ) T:10849418 (   0.043   0.047   0.079   1.030 291.327 6414.335 )
3324.177: I:48610 (   0.044   0.047 696.831 ) T:10898028 (   0.043   0.047   0.079   1.030 291.327 6414.335 )
3333.824: I:42497 (   0.044   0.046 524.799 ) T:10940525 (   0.043   0.047   0.079   1.030 290.303 6414.335 )
3343.824: I:35433 (   0.044   0.047 473.343 ) T:10975958 (   0.043   0.047   0.079   1.029 290.815 6414.335 )
3353.823: I:28865 (   0.044   0.046 652.799 ) T:11004823 (   0.043   0.047   0.079   1.029 291.327 6414.335 )
3363.826: I:26711 (   0.044   0.047 330.239 ) T:11031534 (   0.043   0.047   0.079   1.029 290.815 6414.335 )
3373.818: I:37620 (   0.043   0.046 565.759 ) T:11069154 (   0.043   0.047   0.079   1.029 291.327 6414.335 )
3383.820: I:44049 (   0.044   0.046 527.871 ) T:11113203 (   0.043   0.047   0.079   1.029 291.327 6414.335 )
3393.819: I:43902 (   0.044   0.046 710.655 ) T:11157105 (   0.043   0.047   0.079   1.029 290.559 6414.335 )
3403.819: I:31875 (   0.044   0.046 412.159 ) T:11188980 (   0.043   0.047   0.079   1.029 291.327 6414.335 )
3413.819: I:42940 (   0.044   0.046 776.703 ) T:11231920 (   0.043   0.047   0.079   1.028 291.327 6414.335 )
3424.072: I:33597 (   0.044   0.047 1945.599 ) T:11265517 (   0.043   0.047   0.079   1.028 291.327 6414.335 )
3433.822: I:37346 (   0.044   0.047 501.247 ) T:11302863 (   0.043   0.047   0.079   1.028 291.327 6414.335 )
3443.819: I:33844 (   0.044   0.047 905.215 ) T:11336707 (   0.043   0.047   0.079   1.028 291.327 6414.335 )
3454.091: I:32445 (   0.044   0.047 509.951 ) T:11369152 (   0.043   0.047   0.079   1.028 291.327 6414.335 )
3464.025: I:36008 (   0.044   0.047 783.871 ) T:11405160 (   0.043   0.047   0.079   1.027 291.327 6414.335 )
3473.819: I:37722 (   0.045   0.047 658.431 ) T:11442882 (   0.043   0.047   0.078   1.027 291.327 6414.335 )
3483.823: I:34676 (   0.044   0.047 388.863 ) T:11477558 (   0.043   0.047   0.078   1.027 291.327 6414.335 )
3493.820: I:27395 (   0.044   0.047 2059.263 ) T:11504953 (   0.043   0.047   0.078   1.027 291.327 6414.335 )
3503.820: I:35443 (   0.044   0.047 668.159 ) T:11540396 (   0.043   0.047   0.078   1.027 291.839 6414.335 )
3513.822: I:37307 (   0.045   0.047 422.911 ) T:11577703 (   0.043   0.047   0.078   1.027 291.839 6414.335 )
3523.826: I:34356 (   0.044   0.047 392.447 ) T:11612059 (   0.043   0.047   0.078   1.026 291.839 6414.335 )
3533.825: I:28251 (   0.044   0.047 407.295 ) T:11640310 (   0.043   0.047   0.079   1.026 291.839 6414.335 )
3543.917: I:23374 (   0.045   0.061 329.983 ) T:11663684 (   0.043   0.047   0.079   1.026 291.839 6414.335 )
3553.825: I:23890 (   0.044   0.047 395.775 ) T:11687574 (   0.043   0.047   0.079   1.026 292.095 6414.335 )
3563.819: I:42356 (   0.044   0.046 1003.007 ) T:11729930 (   0.043   0.047   0.079   1.026 291.839 6414.335 )
3573.826: I:14825 (   0.045   0.095 485.375 ) T:11744755 (   0.043   0.047   0.079   1.026 292.351 6414.335 )
3583.826: I:16256 (   0.044   0.061 311.039 ) T:11761011 (   0.043   0.047   0.079   1.026 292.351 6414.335 )
3593.826: I:18873 (   0.044   0.046 839.167 ) T:11779884 (   0.043   0.047   0.079   1.026 292.607 6414.335 )
3603.824: I:35038 (   0.044   0.046 657.919 ) T:11814922 (   0.043   0.047   0.079   1.026 292.351 6414.335 )
3621.384: I:24648 (   0.044   0.046 277.247 ) T:11839570 (   0.043   0.047   0.079   1.026 292.095 6414.335 )
3623.827: I:4639 (   0.042   0.044 8065.023 ) T:11844209 (   0.043   0.047   0.079   1.026 292.095 8065.023 )
3633.819: I:26384 (   0.044   0.046 558.079 ) T:11870593 (   0.043   0.047   0.079   1.026 292.095 8065.023 )
3643.825: I:39252 (   0.044   0.047 469.503 ) T:11909845 (   0.043   0.047   0.079   1.026 292.095 8065.023 )
3653.819: I:38427 (   0.044   0.047 614.911 ) T:11948272 (   0.043   0.047   0.079   1.026 292.607 8065.023 )
3663.819: I:30091 (   0.044   0.047 630.271 ) T:11978363 (   0.043   0.047   0.079   1.026 292.607 8065.023 )
3673.821: I:18124 (   0.044   0.046 415.231 ) T:11996487 (   0.043   0.047   0.079   1.026 292.607 8065.023 )
3683.827: I:35924 (   0.043   0.046 672.767 ) T:12032411 (   0.043   0.047   0.079   1.026 292.863 8065.023 )
3693.820: I:26615 (   0.044   0.046 1485.823 ) T:12059026 (   0.043   0.047   0.079   1.026 293.375 8065.023 )
3703.823: I:22066 (   0.044   0.047 376.575 ) T:12081092 (   0.043   0.047   0.079   1.026 293.119 8065.023 )
3713.819: I:47800 (   0.044   0.047 640.511 ) T:12128892 (   0.043   0.047   0.079   1.025 293.119 8065.023 )
3723.826: I:37829 (   0.045   0.048 983.039 ) T:12166721 (   0.043   0.047   0.079   1.025 293.119 8065.023 )
3733.932: I:37200 (   0.045   0.048 1616.895 ) T:12203921 (   0.043   0.047   0.079   1.025 292.607 8065.023 )
3743.825: I:37181 (   0.045   0.047 723.967 ) T:12241102 (   0.043   0.047   0.079   1.025 292.863 8065.023 )
3753.825: I:49959 (   0.045   0.047 265.471 ) T:12291061 (   0.043   0.047   0.079   1.024 292.095 8065.023 )
3763.818: I:44845 (   0.045   0.047 973.823 ) T:12335906 (   0.043   0.047   0.079   1.024 292.095 8065.023 )
3773.820: I:36804 (   0.045   0.047 1030.143 ) T:12372710 (   0.043   0.047   0.079   1.024 291.839 8065.023 )
3783.819: I:37704 (   0.045   0.047 587.775 ) T:12410414 (   0.043   0.047   0.079   1.024 291.583 8065.023 )
3793.821: I:31690 (   0.045   0.048 471.295 ) T:12442104 (   0.043   0.047   0.079   1.024 291.327 8065.023 )
3803.823: I:15059 (   0.045   0.047 2310.143 ) T:12457163 (   0.043   0.047   0.079   1.024 291.839 8065.023 )
3813.826: I:15578 (   0.045   0.052 624.127 ) T:12472741 (   0.043   0.047   0.079   1.024 292.095 8065.023 )
3823.893: I:22002 (   0.044   0.047 453.887 ) T:12494743 (   0.043   0.047   0.079   1.024 292.095 8065.023 )
3833.827: I:13979 (   0.045   0.050 332.799 ) T:12508722 (   0.043   0.047   0.079   1.024 292.095 8065.023 )
3843.823: I:35709 (   0.044   0.046 761.343 ) T:12544431 (   0.043   0.047   0.079   1.024 292.095 8065.023 )
3853.826: I:41398 (   0.044   0.046 1117.183 ) T:12585829 (   0.043   0.047   0.079   1.024 292.095 8065.023 )
3863.884: I:41556 (   0.043   0.046 783.359 ) T:12627385 (   0.043   0.047   0.079   1.023 291.839 8065.023 )
3873.823: I:41757 (   0.044   0.046 925.695 ) T:12669142 (   0.043   0.047   0.079   1.023 291.583 8065.023 )
3883.820: I:46244 (   0.043   0.046 725.503 ) T:12715386 (   0.043   0.047   0.079   1.023 291.327 8065.023 )
3893.819: I:32388 (   0.044   0.046 2478.079 ) T:12747774 (   0.043   0.047   0.079   1.022 291.327 8065.023 )
3903.824: I:45372 (   0.043   0.046 666.111 ) T:12793146 (   0.043   0.047   0.079   1.022 291.327 8065.023 )
3913.818: I:35336 (   0.044   0.046 574.975 ) T:12828482 (   0.043   0.047   0.079   1.022 290.815 8065.023 )
3923.826: I:38111 (   0.043   0.046 699.391 ) T:12866593 (   0.043   0.047   0.079   1.022 290.815 8065.023 )
3933.823: I:34951 (   0.044   0.046 1012.223 ) T:12901544 (   0.043   0.047   0.079   1.021 290.303 8065.023 )
3943.826: I:35233 (   0.043   0.046 476.671 ) T:12936777 (   0.043   0.047   0.079   1.021 290.559 8065.023 )
3953.826: I:17901 (   0.043   0.046 2996.223 ) T:12954678 (   0.043   0.047   0.079   1.021 290.303 8065.023 )
3963.823: I:28209 (   0.044   0.047 612.351 ) T:12982887 (   0.043   0.047   0.079   1.021 290.815 8065.023 )
3973.826: I:44668 (   0.044   0.047 706.559 ) T:13027555 (   0.043   0.047   0.079   1.021 290.559 8065.023 )
3983.826: I:41797 (   0.044   0.047 489.471 ) T:13069352 (   0.043   0.047   0.079   1.021 290.303 8065.023 )
3993.826: I:20211 (   0.044   0.047 737.791 ) T:13089563 (   0.043   0.047   0.079   1.021 290.815 8065.023 )
4003.823: I:36940 (   0.045   0.047 740.863 ) T:13126503 (   0.043   0.047   0.079   1.020 291.327 8065.023 )
4013.824: I:36612 (   0.044   0.047 536.063 ) T:13163115 (   0.043   0.047   0.079   1.020 290.815 8065.023 )
4023.819: I:35380 (   0.044   0.047 557.567 ) T:13198495 (   0.043   0.047   0.079   1.020 290.815 8065.023 )
4033.819: I:45216 (   0.044   0.047 698.367 ) T:13243711 (   0.043   0.047   0.079   1.020 290.559 8065.023 )
4043.819: I:41762 (   0.045   0.047 487.423 ) T:13285473 (   0.043   0.047   0.079   1.019 290.303 8065.023 )
4053.819: I:29022 (   0.045   0.047 671.743 ) T:13314495 (   0.043   0.047   0.079   1.019 290.559 8065.023 )
4064.013: I:24238 (   0.044   0.047 379.647 ) T:13338733 (   0.043   0.047   0.079   1.019 290.559 8065.023 )
4073.819: I:33517 (   0.044   0.046 920.063 ) T:13372250 (   0.043   0.047   0.079   1.019 290.815 8065.023 )
4083.819: I:30842 (   0.044   0.046 917.503 ) T:13403092 (   0.043   0.047   0.079   1.019 290.559 8065.023 )
4093.819: I:32474 (   0.044   0.046 2187.263 ) T:13435566 (   0.043   0.047   0.079   1.019 290.815 8065.023 )
4104.085: I:40071 (   0.044   0.047 344.319 ) T:13475637 (   0.043   0.047   0.079   1.018 290.559 8065.023 )
4113.828: I:44261 (   0.044   0.046 1346.559 ) T:13519898 (   0.043   0.047   0.079   1.018 290.303 8065.023 )
4123.821: I:33102 (   0.044   0.046 721.919 ) T:13553000 (   0.043   0.047   0.079   1.018 290.303 8065.023 )
4133.826: I:34125 (   0.044   0.046 1410.047 ) T:13587125 (   0.043   0.047   0.079   1.018 290.815 8065.023 )
4143.822: I:28291 (   0.044   0.046 695.295 ) T:13615416 (   0.043   0.047   0.079   1.018 291.327 8065.023 )
4153.818: I:36451 (   0.044   0.046 369.407 ) T:13651867 (   0.043   0.047   0.079   1.018 291.327 8065.023 )
4163.826: I:25801 (   0.043   0.046 1319.935 ) T:13677668 (   0.043   0.047   0.079   1.018 291.327 8065.023 )
4173.819: I:34579 (   0.044   0.046 548.863 ) T:13712247 (   0.043   0.047   0.079   1.017 291.327 8065.023 )
4183.826: I:34455 (   0.043   0.047 526.335 ) T:13746702 (   0.043   0.047   0.079   1.017 290.815 8065.023 )
4193.819: I:37685 (   0.044   0.046 986.623 ) T:13784387 (   0.043   0.047   0.079   1.017 290.815 8065.023 )
4203.821: I:28225 (   0.044   0.046 706.047 ) T:13812612 (   0.043   0.047   0.079   1.017 291.327 8065.023 )
4213.821: I:43941 (   0.044   0.047 1129.471 ) T:13856553 (   0.043   0.047   0.079   1.017 291.327 8065.023 )
4223.959: I:19278 (   0.045   0.047 998.911 ) T:13875831 (   0.043   0.047   0.079   1.017 291.839 8065.023 )
4233.819: I:31477 (   0.044   0.047 1267.711 ) T:13907308 (   0.043   0.047   0.079   1.016 292.095 8065.023 )
4243.819: I:23334 (   0.044   0.047 767.487 ) T:13930642 (   0.043   0.047   0.079   1.016 292.095 8065.023 )
4253.826: I:38227 (   0.045   0.047 531.967 ) T:13968869 (   0.043   0.047   0.079   1.016 292.095 8065.023 )
4263.824: I:38498 (   0.045   0.047 671.231 ) T:14007367 (   0.043   0.047   0.079   1.016 292.607 8065.023 )
4273.823: I:30610 (   0.045   0.048 1149.951 ) T:14037977 (   0.043   0.047   0.079   1.016 292.607 8065.023 )
4283.823: I:44534 (   0.045   0.047 409.343 ) T:14082511 (   0.043   0.047   0.079   1.016 292.095 8065.023 )
4293.819: I:31505 (   0.044   0.047 1064.959 ) T:14114016 (   0.043   0.047   0.079   1.015 292.607 8065.023 )
4303.819: I:30577 (   0.045   0.047 386.815 ) T:14144593 (   0.043   0.047   0.079   1.015 292.863 8065.023 )
4313.825: I:31564 (   0.044   0.047 632.319 ) T:14176157 (   0.043   0.047   0.079   1.015 293.119 8065.023 )
4323.827: I:28727 (   0.044   0.047 879.615 ) T:14204884 (   0.043   0.047   0.079   1.015 292.863 8065.023 )
4333.821: I:38165 (   0.044   0.046 735.231 ) T:14243049 (   0.043   0.047   0.079   1.015 292.863 8065.023 )
4343.819: I:34482 (   0.044   0.046 467.199 ) T:14277531 (   0.043   0.047   0.078   1.015 293.119 8065.023 )
4353.816: I:38047 (   0.044   0.047 1513.471 ) T:14315578 (   0.043   0.047   0.078   1.015 293.119 8065.023 )
4363.819: I:45044 (   0.044   0.046 730.623 ) T:14360622 (   0.043   0.047   0.078   1.014 292.863 8065.023 )
4373.820: I:36293 (   0.044   0.046 863.743 ) T:14396915 (   0.043   0.047   0.078   1.014 293.119 8065.023 )
4383.899: I:34164 (   0.044   0.046 354.047 ) T:14431079 (   0.043   0.047   0.078   1.014 292.607 8065.023 )
4394.181: I:31498 (   0.044   0.046 370.943 ) T:14462577 (   0.043   0.047   0.078   1.014 292.607 8065.023 )
4403.826: I:34632 (   0.044   0.046 504.575 ) T:14497209 (   0.043   0.047   0.078   1.014 292.863 8065.023 )
4413.819: I:44365 (   0.044   0.046 520.703 ) T:14541574 (   0.043   0.047   0.078   1.014 292.351 8065.023 )
4423.826: I:26096 (   0.044   0.047 594.943 ) T:14567670 (   0.043   0.047   0.078   1.013 292.607 8065.023 )
4433.819: I:35673 (   0.044   0.046 614.399 ) T:14603343 (   0.043   0.047   0.078   1.013 292.095 8065.023 )
4443.820: I:20702 (   0.044   0.062 1021.951 ) T:14624045 (   0.043   0.047   0.078   1.013 292.351 8065.023 )
4454.041: I:23202 (   0.044   0.062 232.319 ) T:14647247 (   0.043   0.047   0.078   1.013 292.095 8065.023 )
4464.075: I:29194 (   0.044   0.047 2566.143 ) T:14676441 (   0.043   0.047   0.078   1.013 292.095 8065.023 )
4473.824: I:30779 (   0.044   0.047 804.351 ) T:14707220 (   0.043   0.047   0.078   1.013 292.351 8065.023 )
4483.824: I:10680 (   0.045   0.047 4052.991 ) T:14717900 (   0.043   0.047   0.078   1.013 292.607 8065.023 )
4493.819: I:14655 (   0.044   0.047 127.807 ) T:14732555 (   0.043   0.047   0.078   1.013 292.351 8065.023 )
4503.826: I:16514 (   0.045   0.047  98.303 ) T:14749069 (   0.043   0.047   0.078   1.013 292.095 8065.023 )
4514.352: I:5887 (   0.045   0.048   1.096 ) T:14754956 (   0.043   0.047   0.078   1.013 292.095 8065.023 )
4523.823: I:15471 (   0.044   0.047 3631.103 ) T:14770427 (   0.043   0.047   0.078   1.013 291.839 8065.023 )
4533.819: I:30733 (   0.045   0.047 988.671 ) T:14801160 (   0.043   0.047   0.078   1.013 292.095 8065.023 )
4543.819: I:39509 (   0.045   0.047 227.327 ) T:14840669 (   0.043   0.047   0.078   1.013 291.583 8065.023 )
4553.819: I:33962 (   0.045   0.047 762.367 ) T:14874631 (   0.043   0.047   0.078   1.012 291.839 8065.023 )
4563.822: I:34267 (   0.044   0.047 587.775 ) T:14908898 (   0.043   0.047   0.078   1.012 291.839 8065.023 )
4573.826: I:35309 (   0.045   0.047 503.039 ) T:14944207 (   0.043   0.047   0.078   1.012 291.839 8065.023 )
4584.002: I:22042 (   0.045   0.049 495.615 ) T:14966249 (   0.043   0.047   0.078   1.012 292.095 8065.023 )
4593.819: I:27639 (   0.044   0.047 378.623 ) T:14993888 (   0.043   0.047   0.078   1.012 292.351 8065.023 )
4603.824: I:38499 (   0.044   0.047 834.047 ) T:15032387 (   0.043   0.047   0.078   1.012 292.607 8065.023 )
4613.820: I:42378 (   0.044   0.047 859.647 ) T:15074765 (   0.043   0.047   0.078   1.012 292.607 8065.023 )
4623.843: I:38787 (   0.044   0.046 879.615 ) T:15113552 (   0.043   0.047   0.078   1.012 292.351 8065.023 )
4633.817: I:40657 (   0.044   0.046 809.983 ) T:15154209 (   0.043   0.047   0.078   1.011 292.351 8065.023 )
4643.818: I:40214 (   0.044   0.047 720.383 ) T:15194423 (   0.043   0.047   0.078   1.011 292.607 8065.023 )
4653.819: I:36194 (   0.044   0.046 485.375 ) T:15230617 (   0.043   0.047   0.078   1.011 292.607 8065.023 )
4663.976: I:32292 (   0.044   0.047 526.335 ) T:15262909 (   0.043   0.047   0.078   1.011 293.119 8065.023 )
4673.825: I:19193 (   0.044   0.047 349.695 ) T:15282102 (   0.043   0.047   0.078   1.011 293.119 8065.023 )
4683.819: I:27690 (   0.044   0.046 1050.623 ) T:15309792 (   0.043   0.047   0.078   1.011 293.119 8065.023 )
4693.826: I:22518 (   0.043   0.046 1108.991 ) T:15332310 (   0.043   0.047   0.078   1.011 293.119 8065.023 )
4703.820: I:35134 (   0.044   0.046 397.567 ) T:15367444 (   0.043   0.047   0.078   1.011 292.863 8065.023 )
4716.211: I:21574 (   0.044   0.047 7761.919 ) T:15389018 (   0.043   0.047   0.078   1.011 292.863 8065.023 )
4723.822: I:27283 (   0.044   0.046 979.455 ) T:15416301 (   0.043   0.047   0.078   1.011 292.863 8065.023 )
4733.818: I:35504 (   0.044   0.046 573.951 ) T:15451805 (   0.043   0.047   0.078   1.011 292.607 8065.023 )
4743.821: I:35541 (   0.044   0.046 432.639 ) T:15487346 (   0.043   0.047   0.078   1.011 292.351 8065.023 )
4753.823: I:39319 (   0.044   0.047 739.839 ) T:15526665 (   0.043   0.047   0.078   1.010 292.351 8065.023 )
4763.825: I:37845 (   0.045   0.047 1002.495 ) T:15564510 (   0.043   0.047   0.078   1.010 292.095 8065.023 )
4773.822: I:37395 (   0.045   0.047 494.335 ) T:15601905 (   0.043   0.047   0.078   1.010 292.095 8065.023 )
4783.826: I:33748 (   0.044   0.047 776.703 ) T:15635653 (   0.043   0.047   0.078   1.010 292.351 8065.023 )
4793.826: I:20927 (   0.044   0.047 764.927 ) T:15656580 (   0.043   0.047   0.078   1.010 292.351 8065.023 )
4803.826: I:17248 (   0.044   0.047 326.399 ) T:15673828 (   0.043   0.047   0.078   1.010 292.351 8065.023 )
4813.823: I:36178 (   0.045   0.047 502.015 ) T:15710006 (   0.043   0.047   0.078   1.010 292.095 8065.023 )
4823.825: I:31092 (   0.044   0.047 643.583 ) T:15741098 (   0.043   0.047   0.078   1.010 292.095 8065.023 )
4833.821: I:39419 (   0.045   0.047 493.055 ) T:15780517 (   0.043   0.047   0.078   1.010 291.839 8065.023 )
4844.059: I:22493 (   0.044   0.047 479.999 ) T:15803010 (   0.043   0.047   0.078   1.010 291.839 8065.023 )
4853.819: I:17912 (   0.045   0.065 506.623 ) T:15820922 (   0.043   0.047   0.078   1.010 291.839 8065.023 )
4863.819: I:36996 (   0.045   0.048 687.615 ) T:15857918 (   0.044   0.047   0.078   1.010 291.839 8065.023 )
4873.822: I:39203 (   0.044   0.047 790.015 ) T:15897121 (   0.044   0.047   0.078   1.010 291.839 8065.023 )
4883.819: I:32014 (   0.044   0.047 1045.503 ) T:15929135 (   0.044   0.047   0.078   1.010 291.839 8065.023 )
4893.824: I:34841 (   0.044   0.047 709.119 ) T:15963976 (   0.044   0.047   0.078   1.009 291.839 8065.023 )
4903.857: I:19821 (   0.044   0.046 488.447 ) T:15983797 (   0.044   0.047   0.078   1.009 292.095 8065.023 )
4913.819: I:22629 (   0.043   0.046 254.079 ) T:16006426 (   0.044   0.047   0.078   1.009 291.839 8065.023 )
4923.821: I:34666 (   0.044   0.046 545.279 ) T:16041092 (   0.044   0.047   0.078   1.009 291.583 8065.023 )
4933.822: I:45183 (   0.044   0.046 439.039 ) T:16086275 (   0.044   0.047   0.078   1.009 291.327 8065.023 )
4943.827: I:20743 (   0.044   0.046   1.112 ) T:16107018 (   0.044   0.047   0.078   1.009 291.327 8065.023 )
4953.824: I:28958 (   0.043   0.046 419.327 ) T:16135976 (   0.044   0.047   0.078   1.009 291.327 8065.023 )
4963.819: I:35620 (   0.044   0.046 502.783 ) T:16171596 (   0.044   0.047   0.078   1.009 291.327 8065.023 )
4973.819: I:46546 (   0.044   0.047 940.543 ) T:16218142 (   0.044   0.047   0.078   1.009 291.327 8065.023 )
4984.234: I:30533 (   0.044   0.047 1488.895 ) T:16248675 (   0.044   0.047   0.078   1.009 291.327 8065.023 )
4993.821: I:44649 (   0.044   0.047 794.623 ) T:16293324 (   0.044   0.047   0.078   1.009 291.327 8065.023 )
5003.827: I:23562 (   0.044   0.046 600.575 ) T:16316886 (   0.044   0.047   0.078   1.009 291.327 8065.023 )
5013.819: I:20223 (   0.044   0.047 1164.287 ) T:16337109 (   0.044   0.047   0.078   1.009 291.327 8065.023 )
5023.994: I:35254 (   0.044   0.047 588.287 ) T:16372363 (   0.044   0.047   0.078   1.009 291.839 8065.023 )
5033.825: I:44864 (   0.045   0.047 623.615 ) T:16417227 (   0.044   0.047   0.078   1.008 291.839 8065.023 )
5043.818: I:40179 (   0.045   0.047 1681.407 ) T:16457406 (   0.044   0.047   0.078   1.008 291.583 8065.023 )
5053.819: I:40852 (   0.045   0.047 860.159 ) T:16498258 (   0.044   0.047   0.078   1.008 291.583 8065.023 )
5063.898: I:41550 (   0.044   0.047 328.959 ) T:16539808 (   0.044   0.047   0.078   1.008 291.327 8065.023 )
5073.819: I:27660 (   0.044   0.047 687.103 ) T:16567468 (   0.044   0.047   0.078   1.008 291.839 8065.023 )
5083.819: I:39312 (   0.045   0.047 475.647 ) T:16606780 (   0.044   0.047   0.078   1.008 291.327 8065.023 )
5093.820: I:32911 (   0.044   0.047 399.871 ) T:16639691 (   0.044   0.047   0.078   1.008 291.327 8065.023 )
5103.991: I:17290 (   0.044   0.047 292.863 ) T:16656981 (   0.044   0.047   0.078   1.008 291.327 8065.023 )
5113.825: I:27625 (   0.044   0.047 391.423 ) T:16684606 (   0.044   0.047   0.078   1.008 291.327 8065.023 )
5123.822: I:37376 (   0.044   0.047 573.439 ) T:16721982 (   0.044   0.047   0.078   1.008 291.327 8065.023 )
5133.819: I:40346 (   0.044   0.046 667.647 ) T:16762328 (   0.044   0.047   0.077   1.008 291.327 8065.023 )
5143.825: I:36777 (   0.044   0.047 780.287 ) T:16799105 (   0.044   0.047   0.077   1.007 291.327 8065.023 )
5153.819: I:27240 (   0.044   0.046 623.615 ) T:16826345 (   0.044   0.047   0.077   1.007 291.327 8065.023 )
5163.826: I:35794 (   0.044   0.046 470.527 ) T:16862139 (   0.044   0.047   0.077   1.007 291.327 8065.023 )
5173.819: I:33803 (   0.044   0.046 414.719 ) T:16895942 (   0.044   0.047   0.077   1.007 291.327 8065.023 )
5183.895: I:33069 (   0.044   0.046 1239.039 ) T:16929011 (   0.044   0.047   0.077   1.007 291.327 8065.023 )
5193.819: I:29751 (   0.044   0.046 973.311 ) T:16958762 (   0.044   0.047   0.077   1.007 290.815 8065.023 )
5203.826: I:39062 (   0.044   0.046 815.615 ) T:16997824 (   0.044   0.047   0.077   1.007 290.559 8065.023 )
5214.193: I:33322 (   0.044   0.047 894.463 ) T:17031146 (   0.044   0.047   0.077   1.007 290.559 8065.023 )
5223.819: I:41371 (   0.044   0.047 869.375 ) T:17072517 (   0.044   0.047   0.077   1.007 290.815 8065.023 )
5233.822: I:35612 (   0.044   0.047 889.855 ) T:17108129 (   0.044   0.047   0.077   1.007 290.815 8065.023 )
5243.826: I:35223 (   0.044   0.047 824.831 ) T:17143352 (   0.044   0.047   0.077   1.007 290.815 8065.023 )
5253.818: I:40204 (   0.044   0.047 820.223 ) T:17183556 (   0.044   0.047   0.077   1.007 290.815 8065.023 )
5264.122: I:41515 (   0.045   0.047 846.335 ) T:17225071 (   0.044   0.047   0.077   1.006 290.559 8065.023 )
5273.820: I:41515 (   0.045   0.048 1249.279 ) T:17266586 (   0.044   0.047   0.077   1.006 290.559 8065.023 )
5283.823: I:35801 (   0.045   0.047 751.615 ) T:17302387 (   0.044   0.047   0.077   1.006 290.815 8065.023 )
5294.046: I:31253 (   0.045   0.047 914.943 ) T:17333640 (   0.044   0.047   0.077   1.006 291.327 8065.023 )
5303.826: I:30884 (   0.045   0.047 568.831 ) T:17364524 (   0.044   0.047   0.077   1.006 291.327 8065.023 )
5313.826: I:23695 (   0.045   0.047 1642.495 ) T:17388219 (   0.044   0.047   0.077   1.006 291.327 8065.023 )
5323.821: I:9740 (   0.045   0.047 1639.423 ) T:17397959 (   0.044   0.047   0.077   1.006 291.327 8065.023 )
5333.825: I:19812 (   0.045   0.047 1168.383 ) T:17417771 (   0.044   0.047   0.077   1.006 291.327 8065.023 )
5344.020: I:17461 (   0.045   0.048 1372.159 ) T:17435232 (   0.044   0.047   0.077   1.006 291.327 8065.023 )
5353.819: I:16600 (   0.045   0.048   1.134 ) T:17451832 (   0.044   0.047   0.077   1.006 291.327 8065.023 )
5363.825: I:15995 (   0.044   0.048 1199.103 ) T:17467827 (   0.044   0.047   0.077   1.006 291.327 8065.023 )
5373.911: I:18554 (   0.045   0.047 4759.551 ) T:17486381 (   0.044   0.047   0.077   1.006 291.327 8065.023 )
5383.821: I:43028 (   0.045   0.047 1804.287 ) T:17529409 (   0.044   0.047   0.077   1.006 291.327 8065.023 )
5393.823: I:38415 (   0.044   0.047 984.063 ) T:17567824 (   0.044   0.047   0.077   1.006 291.583 8065.023 )
5403.820: I:41504 (   0.044   0.046 1192.959 ) T:17609328 (   0.044   0.047   0.077   1.006 291.327 8065.023 )
5413.822: I:43438 (   0.044   0.047   1.107 ) T:17652766 (   0.044   0.047   0.077   1.005 291.327 8065.023 )
5423.827: I:30885 (   0.044   0.047 513.279 ) T:17683651 (   0.044   0.047   0.077   1.005 291.327 8065.023 )
5433.820: I:44894 (   0.044   0.047 1119.231 ) T:17728545 (   0.044   0.047   0.077   1.005 291.327 8065.023 )
5443.821: I:41134 (   0.044   0.047 1210.367 ) T:17769679 (   0.044   0.047   0.077   1.005 290.815 8065.023 )
5453.823: I:39951 (   0.044   0.047 738.815 ) T:17809630 (   0.044   0.047   0.077   1.005 290.815 8065.023 )
5464.129: I:27603 (   0.044   0.047 1310.719 ) T:17837233 (   0.044   0.047   0.077   1.005 291.327 8065.023 )
5473.825: I:26630 (   0.044   0.046 391.167 ) T:17863863 (   0.044   0.047   0.077   1.005 291.327 8065.023 )
5483.821: I:41153 (   0.044   0.046 504.831 ) T:17905016 (   0.044   0.047   0.077   1.005 290.815 8065.023 )
5493.819: I:32056 (   0.044   0.047 3018.751 ) T:17937072 (   0.044   0.047   0.077   1.005 290.815 8065.023 )
5503.820: I:26735 (   0.044   0.047 341.247 ) T:17963807 (   0.044   0.047   0.077   1.005 290.559 8065.023 )
5513.819: I:18885 (   0.044   0.066 286.463 ) T:17982692 (   0.044   0.047   0.077   1.005 290.559 8065.023 )
5523.826: I:23707 (   0.043   0.046 620.543 ) T:18006399 (   0.044   0.047   0.077   1.005 290.815 8065.023 )
5533.826: I:23453 (   0.045   0.047 356.095 ) T:18029852 (   0.044   0.047   0.077   1.005 290.815 8065.023 )
5544.057: I:30322 (   0.044   0.047 527.871 ) T:18060174 (   0.044   0.047   0.077   1.005 290.559 8065.023 )
5553.819: I:32070 (   0.044   0.047 638.975 ) T:18092244 (   0.044   0.047   0.077   1.005 290.815 8065.023 )
5563.826: I:27711 (   0.044   0.047 852.991 ) T:18119955 (   0.044   0.047   0.077   1.005 290.815 8065.023 )
5573.819: I:28212 (   0.045   0.047 504.575 ) T:18148167 (   0.044   0.047   0.077   1.005 290.815 8065.023 )
5583.820: I:34319 (   0.045   0.047 1510.399 ) T:18182486 (   0.044   0.047   0.077   1.005 290.815 8065.023 )
5593.819: I:32548 (   0.045   0.048 3540.991 ) T:18215034 (   0.044   0.047   0.077   1.005 290.815 8065.023 )
5603.821: I:41547 (   0.045   0.047 844.799 ) T:18256581 (   0.044   0.047   0.077   1.005 290.815 8065.023 )
5613.826: I:26986 (   0.045   0.048 503.039 ) T:18283567 (   0.044   0.047   0.077   1.005 291.071 8065.023 )
5623.931: I:35155 (   0.045   0.047 982.527 ) T:18318722 (   0.044   0.047   0.077   1.005 291.071 8065.023 )
5633.826: I:35746 (   0.044   0.047 1415.167 ) T:18354468 (   0.044   0.047   0.077   1.005 290.815 8065.023 )
5643.825: I:32351 (   0.044   0.047 399.871 ) T:18386819 (   0.044   0.047   0.077   1.005 290.815 8065.023 )
5653.819: I:40135 (   0.044   0.047 807.423 ) T:18426954 (   0.044   0.047   0.077   1.004 290.815 8065.023 )
5663.858: I:39147 (   0.044   0.046 556.031 ) T:18466101 (   0.044   0.047   0.077   1.004 290.815 8065.023 )
5673.821: I:44272 (   0.044   0.047 794.111 ) T:18510373 (   0.044   0.047   0.077   1.004 290.559 8065.023 )
5683.819: I:42713 (   0.044   0.047 827.903 ) T:18553086 (   0.044   0.047   0.077   1.004 290.559 8065.023 )
5693.819: I:39855 (   0.044   0.047 870.911 ) T:18592941 (   0.044   0.047   0.077   1.004 290.559 8065.023 )
5703.905: I:31374 (   0.044   0.047 625.663 ) T:18624315 (   0.044   0.047   0.077   1.004 290.559 8065.023 )
5713.820: I:33487 (   0.044   0.046 560.639 ) T:18657802 (   0.044   0.047   0.077   1.004 290.815 8065.023 )
5723.828: I:17353 (   0.045   0.062 814.079 ) T:18675155 (   0.044   0.047   0.077   1.004 290.815 8065.023 )
5733.822: I:19918 (   0.045   0.053 766.463 ) T:18695073 (   0.044   0.047   0.077   1.004 290.815 8065.023 )
5743.884: I:38328 (   0.044   0.047 700.927 ) T:18733401 (   0.044   0.047   0.077   1.004 290.815 8065.023 )
5753.826: I:24247 (   0.044   0.047 588.799 ) T:18757648 (   0.044   0.047   0.077   1.004 291.327 8065.023 )
5763.825: I:28446 (   0.044   0.047 286.975 ) T:18786094 (   0.044   0.047   0.077   1.004 290.815 8065.023 )
5773.819: I:42540 (   0.044   0.047 491.007 ) T:18828634 (   0.044   0.047   0.077   1.004 291.327 8065.023 )
5783.923: I:32626 (   0.044   0.047 949.759 ) T:18861260 (   0.044   0.047   0.077   1.004 291.327 8065.023 )
5793.821: I:26444 (   0.045   0.048 813.567 ) T:18887704 (   0.044   0.047   0.077   1.004 291.839 8065.023 )
5803.819: I:34183 (   0.044   0.047 530.943 ) T:18921887 (   0.044   0.047   0.077   1.004 291.839 8065.023 )
5813.818: I:40273 (   0.044   0.047 858.623 ) T:18962160 (   0.044   0.047   0.077   1.004 291.839 8065.023 )
5823.827: I:37128 (   0.044   0.047 630.783 ) T:18999288 (   0.044   0.047   0.077   1.004 291.839 8065.023 )
5833.819: I:35289 (   0.044   0.047 595.455 ) T:19034577 (   0.044   0.047   0.077   1.004 291.839 8065.023 )
5843.819: I:37187 (   0.044   0.047 445.951 ) T:19071764 (   0.044   0.047   0.077   1.004 291.839 8065.023 )
5853.819: I:32370 (   0.045   0.047 860.671 ) T:19104134 (   0.044   0.047   0.077   1.004 292.095 8065.023 )
5864.259: I:22504 (   0.044   0.047 4284.415 ) T:19126638 (   0.044   0.047   0.077   1.004 292.351 8065.023 )
5874.219: I:25221 (   0.045   0.048 629.759 ) T:19151859 (   0.044   0.047   0.077   1.004 292.607 8065.023 )
5883.827: I:33708 (   0.044   0.047 504.831 ) T:19185567 (   0.044   0.047   0.077   1.004 292.607 8065.023 )
5893.824: I:33769 (   0.044   0.047 406.015 ) T:19219336 (   0.044   0.047   0.077   1.004 292.607 8065.023 )
5903.825: I:35644 (   0.045   0.047 959.999 ) T:19254980 (   0.044   0.047   0.077   1.004 292.863 8065.023 )
5913.819: I:36459 (   0.045   0.047 857.087 ) T:19291439 (   0.044   0.047   0.077   1.004 292.607 8065.023 )
5923.826: I:23648 (   0.045   0.049 502.527 ) T:19315087 (   0.044   0.047   0.077   1.004 292.607 8065.023 )
5933.819: I:24725 (   0.044   0.047 959.999 ) T:19339812 (   0.044   0.047   0.077   1.004 292.351 8065.023 )
5943.862: I:34903 (   0.044   0.047 396.543 ) T:19374715 (   0.044   0.047   0.077   1.004 292.351 8065.023 )
5953.822: I:38370 (   0.045   0.047 403.711 ) T:19413085 (   0.044   0.047   0.077   1.004 291.839 8065.023 )
5963.829: I:32143 (   0.044   0.047 586.751 ) T:19445228 (   0.044   0.047   0.077   1.003 291.839 8065.023 )
5973.819: I:36052 (   0.044   0.047 396.031 ) T:19481280 (   0.044   0.047   0.077   1.003 292.095 8065.023 )
5983.921: I:40888 (   0.044   0.046 795.135 ) T:19522168 (   0.044   0.047   0.077   1.003 292.095 8065.023 )
5993.826: I:30367 (   0.044   0.047 1409.023 ) T:19552535 (   0.044   0.047   0.077   1.003 292.095 8065.023 )
6003.905: I:45102 (   0.044   0.046 404.223 ) T:19597637 (   0.044   0.047   0.077   1.003 292.095 8065.023 )
6014.050: I:43174 (   0.044   0.047 1093.631 ) T:19640811 (   0.044   0.047   0.077   1.003 292.095 8065.023 )
6023.826: I:40303 (   0.044   0.046 549.375 ) T:19681114 (   0.044   0.047   0.077   1.003 291.839 8065.023 )
6034.109: I:29423 (   0.044   0.047 3096.575 ) T:19710537 (   0.044   0.047   0.077   1.003 291.839 8065.023 )
6043.819: I:33920 (   0.044   0.046 751.103 ) T:19744457 (   0.044   0.047   0.077   1.003 292.095 8065.023 )
6053.826: I:32317 (   0.044   0.046 574.975 ) T:19776774 (   0.044   0.047   0.077   1.003 291.839 8065.023 )
6063.826: I:37424 (   0.044   0.046 756.223 ) T:19814198 (   0.044   0.047   0.077   1.003 292.095 8065.023 )
6073.820: I:30526 (   0.044   0.046 1839.103 ) T:19844724 (   0.044   0.047   0.077   1.003 291.839 8065.023 )
6083.819: I:29435 (   0.043   0.046 407.039 ) T:19874159 (   0.044   0.047   0.077   1.003 292.095 8065.023 )
6093.819: I:34397 (   0.044   0.046 736.767 ) T:19908556 (   0.044   0.047   0.077   1.003 291.839 8065.023 )
6104.066: I:28407 (   0.044   0.047 1103.871 ) T:19936963 (   0.044   0.047   0.077   1.003 291.839 8065.023 )
6113.819: I:36855 (   0.044   0.047 811.519 ) T:19973818 (   0.044   0.047   0.077   1.003 291.839 8065.023 )
6123.826: I:23992 (   0.044   0.047 1565.695 ) T:19997810 (   0.044   0.047   0.077   1.003 292.351 8065.023 )
6133.818: I:41175 (   0.044   0.047 727.039 ) T:20038985 (   0.044   0.047   0.077   1.003 292.351 8065.023 )
6143.826: I:38605 (   0.044   0.047 403.199 ) T:20077590 (   0.044   0.047   0.077   1.003 292.095 8065.023 )
6153.935: I:29437 (   0.045   0.047 396.031 ) T:20107027 (   0.044   0.047   0.077   1.003 292.095 8065.023 )
6163.823: I:37533 (   0.044   0.047 834.559 ) T:20144560 (   0.044   0.047   0.077   1.003 292.351 8065.023 )
6173.826: I:34059 (   0.045   0.047 589.823 ) T:20178619 (   0.044   0.047   0.077   1.003 292.095 8065.023 )
6184.099: I:17432 (   0.045   0.049 2379.775 ) T:20196051 (   0.044   0.047   0.077   1.003 292.351 8065.023 )
6193.826: I:23370 (   0.044   0.048 324.863 ) T:20219421 (   0.044   0.047   0.077   1.003 292.351 8065.023 )
6203.819: I:34787 (   0.045   0.047 620.031 ) T:20254208 (   0.044   0.047   0.077   1.003 292.351 8065.023 )
6213.826: I:26604 (   0.044   0.047 1992.703 ) T:20280812 (   0.044   0.047   0.077   1.003 292.351 8065.023 )
6223.826: I:26198 (   0.044   0.047 532.479 ) T:20307010 (   0.044   0.047   0.077   1.003 292.607 8065.023 )
6233.826: I:29114 (   0.044   0.047 685.567 ) T:20336124 (   0.044   0.047   0.077   1.003 292.863 8065.023 )
6244.056: I:43279 (   0.044   0.046 666.623 ) T:20379403 (   0.044   0.047   0.077   1.003 292.607 8065.023 )
6253.826: I:33549 (   0.044   0.046 724.479 ) T:20412952 (   0.044   0.047   0.077   1.002 292.351 8065.023 )
6263.824: I:42882 (   0.044   0.046 1733.631 ) T:20455834 (   0.044   0.047   0.077   1.002 292.095 8065.023 )
6273.819: I:39809 (   0.044   0.046 576.511 ) T:20495643 (   0.044   0.047   0.077   1.002 291.839 8065.023 )
6283.961: I:30758 (   0.043   0.046 1199.103 ) T:20526401 (   0.044   0.047   0.077   1.002 292.351 8065.023 )
6293.821: I:21395 (   0.044   0.046 1949.695 ) T:20547796 (   0.044   0.047   0.077   1.002 292.351 8065.023 )
6303.844: I:21471 (   0.044   0.047 727.551 ) T:20569267 (   0.044   0.047   0.077   1.002 292.607 8065.023 )
6313.824: I:27353 (   0.044   0.046 1233.919 ) T:20596620 (   0.044   0.047   0.077   1.002 292.863 8065.023 )
6323.837: I:19501 (   0.043   0.047 416.255 ) T:20616121 (   0.044   0.047   0.077   1.002 292.863 8065.023 )
6333.819: I:44162 (   0.044   0.046 567.295 ) T:20660283 (   0.044   0.047   0.077   1.002 292.607 8065.023 )
6344.417: I:40448 (   0.044   0.046 849.919 ) T:20700731 (   0.044   0.047   0.077   1.002 292.607 8065.023 )
6353.827: I:25561 (   0.044   0.046 946.687 ) T:20726292 (   0.044   0.047   0.077   1.002 292.863 8065.023 )
6363.827: I:32425 (   0.043   0.046 593.407 ) T:20758717 (   0.044   0.047   0.077   1.002 292.863 8065.023 )
6373.827: I:27281 (   0.044   0.046 499.455 ) T:20785998 (   0.044   0.047   0.077   1.002 292.863 8065.023 )
6383.889: I:39780 (   0.044   0.047 598.015 ) T:20825778 (   0.044   0.047   0.077   1.002 292.863 8065.023 )
6393.856: I:34560 (   0.044   0.047 1385.471 ) T:20860338 (   0.044   0.047   0.077   1.002 292.863 8065.023 )
6403.822: I:23012 (   0.044   0.048 403.967 ) T:20883350 (   0.044   0.047   0.078   1.002 292.863 8065.023 )
6413.823: I:32831 (   0.044   0.047 602.111 ) T:20916181 (   0.044   0.047   0.078   1.002 292.863 8065.023 )
6424.086: I:31625 (   0.045   0.047 1188.863 ) T:20947806 (   0.044   0.047   0.078   1.002 293.119 8065.023 )
6433.824: I:18998 (   0.045   0.064 873.983 ) T:20966804 (   0.044   0.047   0.078   1.002 293.119 8065.023 )
6440.828: I:7238 (   0.045   0.057 1482.751 ) T:20974042 (   0.044   0.047   0.078   1.002 293.375 8065.023 )
6441.913: I:0 (   0.000   0.000   0.000 ) T:20974042 (   0.044   0.047   0.078   1.002 293.375 8065.023 )
