#[Interval percentile log between 0.000 and <Infinite> seconds (relative to StartTime)]
#[StartTime: 1524660296.195 (seconds since epoch), Wed Apr 25 14:44:56 CEST 2018]
Time: IntervalPercentiles:count ( 50% 90% Max ) TotalPercentiles:count ( 50% 90% 99% 99.9% 99.99% Max )
6.737: I:9138 (   0.070   0.228 212.095 ) T:9138 (   0.070   0.228   0.710 164.351 212.095 212.095 )
16.701: I:28009 (   0.041   0.060 225.279 ) T:37147 (   0.046   0.086   0.405 157.567 210.047 225.279 )
26.702: I:31230 (   0.039   0.065 610.815 ) T:68377 (   0.042   0.075   0.296 134.399 235.263 610.815 )
36.700: I:56771 (   0.038   0.045 610.303 ) T:125148 (   0.039   0.065   0.216 102.271 235.263 610.815 )
46.697: I:90470 (   0.037   0.043 605.183 ) T:215618 (   0.038   0.056   0.145  10.207 226.175 610.815 )
56.699: I:83529 (   0.037   0.042 778.239 ) T:299147 (   0.038   0.052   0.121   1.483 224.127 778.239 )
66.698: I:47678 (   0.038   0.053 1532.927 ) T:346825 (   0.038   0.052   0.114   1.504 235.263 1532.927 )
76.699: I:73876 (   0.038   0.043 829.951 ) T:420701 (   0.038   0.050   0.106   1.197 237.311 1532.927 )
86.698: I:38486 (   0.038   0.043 579.583 ) T:459187 (   0.038   0.047   0.102   1.204 267.519 1532.927 )
96.698: I:35436 (   0.038   0.043 662.015 ) T:494623 (   0.038   0.045   0.099   1.269 270.847 1532.927 )
106.728: I:64718 (   0.038   0.043 605.183 ) T:559341 (   0.038   0.045   0.096   1.190 271.615 1532.927 )
116.695: I:42479 (   0.038   0.044 1132.543 ) T:601820 (   0.038   0.045   0.094   1.195 269.311 1532.927 )
126.695: I:53313 (   0.038   0.043 1044.479 ) T:655133 (   0.038   0.044   0.093   1.167 271.615 1532.927 )
136.699: I:68594 (   0.038   0.043 800.255 ) T:723727 (   0.038   0.044   0.091   1.135 265.983 1532.927 )
146.691: I:69988 (   0.038   0.043 656.895 ) T:793715 (   0.038   0.044   0.089   1.119 267.519 1532.927 )
156.691: I:41818 (   0.038   0.051 800.255 ) T:835533 (   0.038   0.044   0.089   1.120 271.615 1532.927 )
166.711: I:70675 (   0.038   0.043 655.871 ) T:906208 (   0.038   0.044   0.088   1.109 274.943 1532.927 )
176.699: I:76393 (   0.038   0.044 705.023 ) T:982601 (   0.038   0.044   0.087   1.098 274.943 1532.927 )
186.700: I:82101 (   0.039   0.044 1319.935 ) T:1064702 (   0.038   0.044   0.086   1.086 271.615 1532.927 )
196.692: I:77964 (   0.039   0.044 654.335 ) T:1142666 (   0.038   0.044   0.085   1.074 270.847 1532.927 )
206.698: I:87769 (   0.039   0.044 776.191 ) T:1230435 (   0.038   0.044   0.084   1.055 269.311 1532.927 )
216.697: I:53219 (   0.039   0.044 1203.199 ) T:1283654 (   0.038   0.044   0.084   1.052 274.943 1532.927 )
226.699: I:28826 (   0.042   0.073 492.543 ) T:1312480 (   0.038   0.044   0.087   1.073 274.943 1532.927 )
236.691: I:50109 (   0.039   0.047 518.655 ) T:1362589 (   0.038   0.044   0.088   1.076 270.847 1532.927 )
246.714: I:77800 (   0.039   0.044 490.751 ) T:1440389 (   0.038   0.044   0.087   1.063 270.847 1532.927 )
256.698: I:72679 (   0.039   0.044 697.343 ) T:1513068 (   0.038   0.044   0.086   1.043 270.847 1532.927 )
266.697: I:80711 (   0.039   0.044 664.575 ) T:1593779 (   0.038   0.044   0.086   0.799 268.031 1532.927 )
276.694: I:82921 (   0.039   0.044 596.479 ) T:1676700 (   0.039   0.044   0.085   0.660 267.519 1532.927 )
286.697: I:40827 (   0.039   0.044 2924.543 ) T:1717527 (   0.039   0.044   0.085   0.635 268.031 2924.543 )
296.691: I:55374 (   0.039   0.044 629.759 ) T:1772901 (   0.039   0.044   0.084   0.650 267.519 2924.543 )
306.691: I:64168 (   0.039   0.045 933.375 ) T:1837069 (   0.039   0.044   0.085   0.628 268.031 2924.543 )
316.694: I:74266 (   0.039   0.044 1216.511 ) T:1911335 (   0.039   0.044   0.084   0.574 267.519 2924.543 )
326.698: I:50326 (   0.040   0.045 649.727 ) T:1961661 (   0.039   0.044   0.084   0.569 270.847 2924.543 )
336.721: I:25909 (   0.040   0.060 511.487 ) T:1987570 (   0.039   0.044   0.085   0.647 270.847 2924.543 )
346.694: I:87416 (   0.039   0.044 676.351 ) T:2074986 (   0.039   0.044   0.084   0.599 269.823 2924.543 )
356.691: I:81779 (   0.039   0.044 1446.911 ) T:2156765 (   0.039   0.044   0.083   0.554 268.799 2924.543 )
366.726: I:45399 (   0.039   0.044 712.703 ) T:2202164 (   0.039   0.044   0.083   0.569 268.799 2924.543 )
376.690: I:94244 (   0.039   0.044 929.791 ) T:2296408 (   0.039   0.044   0.083   0.520 265.983 2924.543 )
386.689: I:102498 (   0.039   0.044 934.911 ) T:2398906 (   0.039   0.044   0.082   0.471 262.143 2924.543 )
396.694: I:91590 (   0.039   0.044 795.647 ) T:2490496 (   0.039   0.044   0.082   0.432 260.223 2924.543 )
406.691: I:37928 (   0.039   0.044 2036.735 ) T:2528424 (   0.039   0.044   0.082   0.433 260.351 2924.543 )
416.696: I:65561 (   0.039   0.044 896.511 ) T:2593985 (   0.039   0.044   0.082   0.429 256.895 2924.543 )
426.690: I:84400 (   0.039   0.044 669.695 ) T:2678385 (   0.039   0.044   0.081   0.405 256.639 2924.543 )
436.691: I:72905 (   0.039   0.044 817.663 ) T:2751290 (   0.039   0.044   0.081   0.385 256.639 2924.543 )
446.694: I:46042 (   0.039   0.044 675.839 ) T:2797332 (   0.039   0.044   0.081   0.398 256.639 2924.543 )
456.689: I:50865 (   0.039   0.043 500.223 ) T:2848197 (   0.039   0.044   0.081   0.406 259.583 2924.543 )
466.692: I:86703 (   0.039   0.043 707.583 ) T:2934900 (   0.039   0.044   0.080   0.376 256.767 2924.543 )
476.698: I:70552 (   0.039   0.044 681.471 ) T:3005452 (   0.039   0.044   0.080   0.364 256.767 2924.543 )
486.694: I:95762 (   0.039   0.044 584.703 ) T:3101214 (   0.039   0.044   0.080   0.348 256.127 2924.543 )
496.698: I:50972 (   0.039   0.044 1110.015 ) T:3152186 (   0.039   0.044   0.080   0.349 256.767 2924.543 )
506.692: I:28774 (   0.039   0.044 434.943 ) T:3180960 (   0.039   0.044   0.080   0.364 259.583 2924.543 )
516.698: I:43314 (   0.039   0.044 475.135 ) T:3224274 (   0.039   0.044   0.080   0.375 259.967 2924.543 )
526.690: I:75455 (   0.039   0.044 462.847 ) T:3299729 (   0.039   0.044   0.080   0.366 260.223 2924.543 )
536.695: I:83615 (   0.039   0.044 849.919 ) T:3383344 (   0.039   0.044   0.079   0.351 259.711 2924.543 )
546.694: I:71818 (   0.039   0.043 838.143 ) T:3455162 (   0.039   0.044   0.079   0.345 259.839 2924.543 )
556.690: I:90885 (   0.039   0.044 543.743 ) T:3546047 (   0.039   0.044   0.079   0.333 259.711 2924.543 )
566.691: I:76794 (   0.039   0.044 1255.423 ) T:3622841 (   0.039   0.044   0.078   0.323 259.583 2924.543 )
576.691: I:87299 (   0.039   0.044 910.847 ) T:3710140 (   0.039   0.044   0.078   0.315 256.767 2924.543 )
586.698: I:89695 (   0.039   0.044 682.495 ) T:3799835 (   0.039   0.044   0.078   0.305 256.639 2924.543 )
596.698: I:68617 (   0.039   0.044 567.807 ) T:3868452 (   0.039   0.044   0.078   0.302 256.767 2924.543 )
606.695: I:48860 (   0.039   0.044 770.047 ) T:3917312 (   0.039   0.044   0.078   0.301 256.895 2924.543 )
616.693: I:34392 (   0.041   0.073 3133.439 ) T:3951704 (   0.039   0.044   0.079   0.309 256.639 3133.439 )
626.690: I:82348 (   0.040   0.045 715.263 ) T:4034052 (   0.039   0.044   0.079   0.303 256.383 3133.439 )
636.695: I:69585 (   0.040   0.045 712.191 ) T:4103637 (   0.039   0.044   0.079   0.300 258.175 3133.439 )
646.698: I:79619 (   0.040   0.045 548.863 ) T:4183256 (   0.039   0.044   0.079   0.294 258.175 3133.439 )
656.690: I:72605 (   0.040   0.045 808.447 ) T:4255861 (   0.039   0.044   0.079   0.291 259.839 3133.439 )
666.697: I:67032 (   0.040   0.045 599.551 ) T:4322893 (   0.039   0.044   0.079   0.288 260.223 3133.439 )
676.690: I:71498 (   0.040   0.045 871.935 ) T:4394391 (   0.039   0.044   0.079   0.285 260.351 3133.439 )
686.698: I:96483 (   0.040   0.045 1349.631 ) T:4490874 (   0.039   0.044   0.078   0.279 257.023 3133.439 )
696.694: I:61257 (   0.040   0.045 842.751 ) T:4552131 (   0.039   0.044   0.078   0.278 257.023 3133.439 )
706.695: I:64097 (   0.040   0.045 727.039 ) T:4616228 (   0.039   0.044   0.078   0.277 256.895 3133.439 )
716.690: I:66383 (   0.040   0.045 852.991 ) T:4682611 (   0.039   0.044   0.078   0.275 259.583 3133.439 )
726.699: I:32116 (   0.040   0.045 547.327 ) T:4714727 (   0.039   0.044   0.078   0.278 260.351 3133.439 )
736.695: I:47329 (   0.040   0.045 642.047 ) T:4762056 (   0.039   0.044   0.078   0.280 260.991 3133.439 )
746.696: I:87550 (   0.040   0.045 816.639 ) T:4849606 (   0.039   0.044   0.078   0.276 260.735 3133.439 )
756.693: I:63646 (   0.040   0.045 1043.455 ) T:4913252 (   0.039   0.044   0.077   0.274 262.143 3133.439 )
766.690: I:66830 (   0.040   0.045 703.999 ) T:4980082 (   0.039   0.044   0.077   0.271 263.423 3133.439 )
776.696: I:62033 (   0.041   0.046 474.879 ) T:5042115 (   0.039   0.044   0.077   0.270 263.935 3133.439 )
786.692: I:74521 (   0.041   0.045 809.983 ) T:5116636 (   0.039   0.044   0.077   0.268 263.935 3133.439 )
796.697: I:73111 (   0.041   0.046 692.735 ) T:5189747 (   0.039   0.044   0.077   0.267 264.447 3133.439 )
806.699: I:29724 (   0.041   0.046 797.183 ) T:5219471 (   0.039   0.044   0.077   0.269 265.983 3133.439 )
816.694: I:43995 (   0.041   0.045 428.799 ) T:5263466 (   0.039   0.044   0.077   0.270 265.983 3133.439 )
826.698: I:54966 (   0.041   0.045 3178.495 ) T:5318432 (   0.039   0.044   0.077   0.269 267.007 3178.495 )
836.698: I:85497 (   0.041   0.046 1183.743 ) T:5403929 (   0.039   0.044   0.077   0.266 265.727 3178.495 )
846.690: I:76891 (   0.041   0.046 900.095 ) T:5480820 (   0.039   0.044   0.077   0.264 265.215 3178.495 )
856.690: I:85261 (   0.041   0.046 851.967 ) T:5566081 (   0.039   0.044   0.076   0.260 265.215 3178.495 )
866.698: I:58923 (   0.041   0.046 2906.111 ) T:5625004 (   0.039   0.045   0.077   0.258 264.959 3178.495 )
876.690: I:81603 (   0.041   0.046 847.871 ) T:5706607 (   0.039   0.045   0.076   0.256 264.447 3178.495 )
886.699: I:42545 (   0.041   0.046 1081.343 ) T:5749152 (   0.039   0.045   0.076   0.257 265.215 3178.495 )
896.689: I:56198 (   0.041   0.046 910.847 ) T:5805350 (   0.039   0.045   0.076   0.257 265.727 3178.495 )
906.690: I:53251 (   0.041   0.046 643.583 ) T:5858601 (   0.039   0.045   0.076   0.256 267.263 3178.495 )
916.697: I:49825 (   0.040   0.045 568.319 ) T:5908426 (   0.039   0.045   0.076   0.256 269.567 3178.495 )
926.690: I:60828 (   0.040   0.045 547.327 ) T:5969254 (   0.039   0.045   0.076   0.256 269.567 3178.495 )
936.693: I:54039 (   0.040   0.045 721.919 ) T:6023293 (   0.039   0.045   0.076   0.256 269.823 3178.495 )
946.690: I:90399 (   0.040   0.045 748.031 ) T:6113692 (   0.039   0.045   0.076   0.253 268.799 3178.495 )
956.695: I:75270 (   0.040   0.045 692.735 ) T:6188962 (   0.039   0.045   0.076   0.252 268.799 3178.495 )
966.688: I:88166 (   0.040   0.045 720.383 ) T:6277128 (   0.039   0.045   0.076   0.249 266.239 3178.495 )
976.698: I:81127 (   0.040   0.045 1060.863 ) T:6358255 (   0.039   0.045   0.076   0.246 265.727 3178.495 )
986.695: I:86651 (   0.040   0.045 712.191 ) T:6444906 (   0.039   0.045   0.076   0.244 265.215 3178.495 )
996.695: I:51640 (   0.040   0.045 632.831 ) T:6496546 (   0.039   0.045   0.076   0.245 265.215 3178.495 )
1006.697: I:66658 (   0.040   0.045 785.407 ) T:6563204 (   0.039   0.045   0.075   0.244 265.215 3178.495 )
1016.694: I:65048 (   0.040   0.045 1140.735 ) T:6628252 (   0.039   0.045   0.075   0.243 265.727 3178.495 )
1026.689: I:84593 (   0.040   0.045 663.551 ) T:6712845 (   0.039   0.045   0.075   0.241 265.727 3178.495 )
1036.690: I:80404 (   0.040   0.045 898.559 ) T:6793249 (   0.040   0.045   0.075   0.239 265.727 3178.495 )
1046.698: I:83786 (   0.041   0.045 761.855 ) T:6877035 (   0.040   0.045   0.075   0.237 265.215 3178.495 )
1056.690: I:82785 (   0.041   0.045 818.175 ) T:6959820 (   0.040   0.045   0.075   0.236 265.215 3178.495 )
1066.696: I:69625 (   0.041   0.046 563.711 ) T:7029445 (   0.040   0.045   0.075   0.235 265.983 3178.495 )
1076.690: I:63126 (   0.041   0.045 672.767 ) T:7092571 (   0.040   0.045   0.075   0.234 266.239 3178.495 )
1086.698: I:77662 (   0.041   0.045 774.143 ) T:7170233 (   0.040   0.045   0.075   0.232 266.239 3178.495 )
1096.690: I:61796 (   0.041   0.046 634.879 ) T:7232029 (   0.040   0.045   0.075   0.232 265.983 3178.495 )
1106.697: I:68807 (   0.041   0.046 729.087 ) T:7300836 (   0.040   0.045   0.075   0.231 265.983 3178.495 )
1116.690: I:75714 (   0.041   0.045 704.511 ) T:7376550 (   0.040   0.045   0.074   0.230 266.239 3178.495 )
1127.001: I:53054 (   0.041   0.047 799.231 ) T:7429604 (   0.040   0.045   0.075   0.230 268.031 3178.495 )
1136.695: I:59882 (   0.041   0.046 626.175 ) T:7489486 (   0.040   0.045   0.075   0.230 268.799 3178.495 )
1146.690: I:68161 (   0.041   0.046 664.063 ) T:7557647 (   0.040   0.045   0.075   0.229 269.311 3178.495 )
1156.699: I:36224 (   0.041   0.046 855.551 ) T:7593871 (   0.040   0.045   0.075   0.230 270.335 3178.495 )
1166.691: I:34079 (   0.041   0.059 529.919 ) T:7627950 (   0.040   0.045   0.075   0.231 270.591 3178.495 )
1176.694: I:76486 (   0.041   0.045 572.415 ) T:7704436 (   0.040   0.045   0.075   0.230 270.591 3178.495 )
1186.698: I:74723 (   0.041   0.046 620.031 ) T:7779159 (   0.040   0.045   0.075   0.230 270.847 3178.495 )
1196.694: I:72403 (   0.040   0.045 701.951 ) T:7851562 (   0.040   0.045   0.075   0.228 270.847 3178.495 )
1206.698: I:62590 (   0.040   0.045 563.711 ) T:7914152 (   0.040   0.045   0.075   0.228 270.847 3178.495 )
1216.698: I:58066 (   0.040   0.045 2363.391 ) T:7972218 (   0.040   0.045   0.075   0.228 271.359 3178.495 )
1226.690: I:78656 (   0.040   0.045 838.655 ) T:8050874 (   0.040   0.045   0.075   0.227 271.103 3178.495 )
1236.696: I:79793 (   0.040   0.045 715.263 ) T:8130667 (   0.040   0.045   0.075   0.225 271.103 3178.495 )
1246.698: I:45272 (   0.040   0.045 756.735 ) T:8175939 (   0.040   0.045   0.075   0.225 271.615 3178.495 )
1256.695: I:37863 (   0.040   0.045 691.711 ) T:8213802 (   0.040   0.045   0.075   0.226 271.871 3178.495 )
1266.693: I:80098 (   0.040   0.045 653.823 ) T:8293900 (   0.040   0.045   0.075   0.225 271.871 3178.495 )
1276.696: I:83312 (   0.040   0.045 483.071 ) T:8377212 (   0.040   0.045   0.074   0.224 271.871 3178.495 )
1286.698: I:77998 (   0.040   0.045 767.999 ) T:8455210 (   0.040   0.045   0.074   0.223 271.871 3178.495 )
1296.697: I:27071 (   0.042   0.068 848.383 ) T:8482281 (   0.040   0.045   0.075   0.224 272.127 3178.495 )
1306.698: I:50785 (   0.040   0.046 599.551 ) T:8533066 (   0.040   0.045   0.075   0.225 272.127 3178.495 )
1316.694: I:42814 (   0.040   0.045 361.983 ) T:8575880 (   0.040   0.045   0.075   0.226 272.383 3178.495 )
1326.692: I:38640 (   0.040   0.046 627.711 ) T:8614520 (   0.040   0.045   0.075   0.227 272.895 3178.495 )
1336.698: I:29981 (   0.041   0.059 484.863 ) T:8644501 (   0.040   0.045   0.075   0.228 273.151 3178.495 )
1346.691: I:27534 (   0.040   0.045 381.183 ) T:8672035 (   0.040   0.045   0.075   0.230 274.943 3178.495 )
1356.698: I:59760 (   0.040   0.045 758.271 ) T:8731795 (   0.040   0.045   0.075   0.229 274.943 3178.495 )
1366.689: I:80851 (   0.041   0.046 654.335 ) T:8812646 (   0.040   0.045   0.075   0.228 274.943 3178.495 )
1376.692: I:85761 (   0.041   0.046 528.383 ) T:8898407 (   0.040   0.045   0.075   0.227 274.943 3178.495 )
1386.695: I:67331 (   0.041   0.046 1017.343 ) T:8965738 (   0.040   0.045   0.075   0.227 274.943 3178.495 )
1396.690: I:83135 (   0.041   0.046 1193.983 ) T:9048873 (   0.040   0.045   0.075   0.225 274.687 3178.495 )
1406.691: I:75066 (   0.041   0.046 577.535 ) T:9123939 (   0.040   0.045   0.075   0.225 274.943 3178.495 )
1416.694: I:70383 (   0.041   0.045 671.231 ) T:9194322 (   0.040   0.045   0.075   0.224 274.943 3178.495 )
1426.698: I:73623 (   0.041   0.046 2051.071 ) T:9267945 (   0.040   0.045   0.075   0.223 274.431 3178.495 )
1436.691: I:68284 (   0.041   0.046 642.559 ) T:9336229 (   0.040   0.045   0.075   0.223 274.431 3178.495 )
1446.698: I:77151 (   0.041   0.046 616.959 ) T:9413380 (   0.040   0.045   0.075   0.222 274.175 3178.495 )
1456.694: I:69338 (   0.041   0.046 776.191 ) T:9482718 (   0.040   0.045   0.075   0.221 274.431 3178.495 )
1466.698: I:72327 (   0.041   0.046 687.615 ) T:9555045 (   0.040   0.045   0.075   0.221 274.943 3178.495 )
1476.694: I:74091 (   0.041   0.046 885.759 ) T:9629136 (   0.040   0.045   0.075   0.220 274.943 3178.495 )
1486.689: I:70921 (   0.040   0.046 1183.743 ) T:9700057 (   0.040   0.045   0.075   0.219 274.431 3178.495 )
1496.691: I:60217 (   0.040   0.045 2115.583 ) T:9760274 (   0.040   0.045   0.074   0.218 274.687 3178.495 )
1506.691: I:90902 (   0.041   0.046 613.887 ) T:9851176 (   0.040   0.045   0.074   0.217 273.407 3178.495 )
1516.691: I:71870 (   0.041   0.045 737.279 ) T:9923046 (   0.040   0.045   0.074   0.215 273.407 3178.495 )
1526.690: I:71243 (   0.040   0.045 617.983 ) T:9994289 (   0.040   0.045   0.074   0.215 274.943 3178.495 )
1536.698: I:69460 (   0.040   0.045 641.535 ) T:10063749 (   0.040   0.045   0.074   0.214 275.199 3178.495 )
1546.698: I:68410 (   0.040   0.045 742.911 ) T:10132159 (   0.040   0.045   0.074   0.213 275.455 3178.495 )
1556.691: I:70547 (   0.040   0.045 1101.823 ) T:10202706 (   0.040   0.045   0.074   0.213 275.455 3178.495 )
1566.698: I:72776 (   0.040   0.045 646.655 ) T:10275482 (   0.040   0.045   0.074   0.212 275.711 3178.495 )
1576.697: I:78925 (   0.040   0.045 787.967 ) T:10354407 (   0.040   0.045   0.074   0.211 275.967 3178.495 )
1586.698: I:69320 (   0.040   0.045 1139.711 ) T:10423727 (   0.040   0.045   0.074   0.211 275.967 3178.495 )
1596.690: I:66833 (   0.040   0.045 987.135 ) T:10490560 (   0.040   0.045   0.074   0.210 275.967 3178.495 )
1606.697: I:55513 (   0.041   0.046 464.639 ) T:10546073 (   0.040   0.045   0.075   0.211 276.223 3178.495 )
1616.699: I:43454 (   0.040   0.045 807.423 ) T:10589527 (   0.040   0.045   0.074   0.212 276.479 3178.495 )
1626.698: I:37942 (   0.041   0.045 703.999 ) T:10627469 (   0.040   0.045   0.075   0.212 276.479 3178.495 )
1636.690: I:81166 (   0.041   0.046 651.263 ) T:10708635 (   0.040   0.045   0.074   0.211 276.223 3178.495 )
1646.698: I:77343 (   0.041   0.046 763.391 ) T:10785978 (   0.040   0.045   0.074   0.210 275.967 3178.495 )
1656.694: I:75660 (   0.041   0.046 660.479 ) T:10861638 (   0.040   0.045   0.074   0.210 275.967 3178.495 )
1666.698: I:79368 (   0.041   0.046 740.863 ) T:10941006 (   0.040   0.045   0.074   0.209 275.455 3178.495 )
1676.856: I:50875 (   0.041   0.047 1278.975 ) T:10991881 (   0.040   0.045   0.074   0.210 275.455 3178.495 )
1686.690: I:75923 (   0.041   0.046 687.103 ) T:11067804 (   0.040   0.045   0.074   0.209 275.711 3178.495 )
1696.695: I:100254 (   0.041   0.045 426.751 ) T:11168058 (   0.040   0.045   0.074   0.208 275.455 3178.495 )
1706.700: I:40685 (   0.042   0.082 1467.391 ) T:11208743 (   0.040   0.045   0.076   0.209 275.455 3178.495 )
1716.700: I:94452 (   0.042   0.047 675.839 ) T:11303195 (   0.040   0.045   0.076   0.209 275.199 3178.495 )
1726.691: I:65654 (   0.041   0.046 2983.935 ) T:11368849 (   0.040   0.045   0.076   0.209 275.199 3178.495 )
1736.690: I:95106 (   0.041   0.046 1076.223 ) T:11463955 (   0.040   0.045   0.076   0.208 274.943 3178.495 )
1746.690: I:62828 (   0.041   0.046 1206.271 ) T:11526783 (   0.040   0.045   0.076   0.207 274.943 3178.495 )
1756.688: I:91455 (   0.041   0.045 766.463 ) T:11618238 (   0.040   0.045   0.076   0.206 274.175 3178.495 )
1766.690: I:64354 (   0.041   0.045 1282.047 ) T:11682592 (   0.040   0.045   0.076   0.205 274.431 3178.495 )
1776.698: I:77015 (   0.040   0.045 672.255 ) T:11759607 (   0.040   0.045   0.076   0.205 274.431 3178.495 )
1786.694: I:85432 (   0.040   0.045 445.439 ) T:11845039 (   0.040   0.045   0.076   0.205 273.663 3178.495 )
1796.698: I:25815 (   0.041   0.057 444.415 ) T:11870854 (   0.040   0.045   0.076   0.206 274.431 3178.495 )
1806.698: I:49225 (   0.041   0.060 2185.215 ) T:11920079 (   0.040   0.045   0.076   0.207 274.431 3178.495 )
1816.698: I:26285 (   0.044   0.070 313.087 ) T:11946364 (   0.040   0.045   0.077   0.208 274.431 3178.495 )
1826.691: I:68221 (   0.041   0.047 724.991 ) T:12014585 (   0.040   0.045   0.077   0.209 273.663 3178.495 )
1836.697: I:96977 (   0.040   0.045 525.823 ) T:12111562 (   0.040   0.045   0.077   0.208 273.151 3178.495 )
1846.690: I:117047 (   0.040   0.045 613.887 ) T:12228609 (   0.040   0.045   0.077   0.207 272.383 3178.495 )
1856.699: I:92739 (   0.040   0.045 592.383 ) T:12321348 (   0.040   0.045   0.076   0.206 272.127 3178.495 )
1866.699: I:32055 (   0.042   0.077 1753.087 ) T:12353403 (   0.040   0.045   0.077   0.208 272.127 3178.495 )
1876.690: I:78151 (   0.041   0.046 507.647 ) T:12431554 (   0.040   0.045   0.077   0.208 272.127 3178.495 )
1886.699: I:49035 (   0.042   0.059 359.935 ) T:12480589 (   0.040   0.045   0.077   0.208 271.615 3178.495 )
1896.695: I:29708 (   0.043   0.068 748.031 ) T:12510297 (   0.040   0.045   0.077   0.209 271.871 3178.495 )
1906.696: I:70832 (   0.041   0.047 781.823 ) T:12581129 (   0.040   0.045   0.077   0.209 272.127 3178.495 )
1916.694: I:78977 (   0.041   0.046 426.495 ) T:12660106 (   0.040   0.045   0.077   0.209 271.871 3178.495 )
1926.699: I:68081 (   0.041   0.046 1100.799 ) T:12728187 (   0.040   0.045   0.077   0.209 271.615 3178.495 )
1936.691: I:65978 (   0.041   0.046 1396.735 ) T:12794165 (   0.040   0.045   0.077   0.208 271.615 3178.495 )
1946.698: I:80680 (   0.041   0.045 632.831 ) T:12874845 (   0.040   0.045   0.077   0.208 271.359 3178.495 )
1956.690: I:87557 (   0.041   0.046 1015.295 ) T:12962402 (   0.040   0.045   0.077   0.207 271.103 3178.495 )
1966.696: I:87316 (   0.041   0.046 972.287 ) T:13049718 (   0.040   0.045   0.077   0.206 270.847 3178.495 )
1976.690: I:83635 (   0.041   0.046 732.159 ) T:13133353 (   0.040   0.045   0.077   0.205 270.847 3178.495 )
1986.698: I:70372 (   0.041   0.046 689.663 ) T:13203725 (   0.040   0.045   0.077   0.205 270.847 3178.495 )
1996.697: I:84914 (   0.041   0.046 1147.903 ) T:13288639 (   0.040   0.045   0.077   0.205 270.335 3178.495 )
2006.696: I:39901 (   0.041   0.046 473.599 ) T:13328540 (   0.040   0.045   0.077   0.205 270.591 3178.495 )
2016.695: I:57237 (   0.041   0.046 575.999 ) T:13385777 (   0.040   0.045   0.077   0.205 270.847 3178.495 )
2026.689: I:53301 (   0.041   0.046 919.039 ) T:13439078 (   0.040   0.045   0.077   0.206 270.847 3178.495 )
2037.609: I:53699 (   0.041   0.046 4108.287 ) T:13492777 (   0.040   0.045   0.077   0.205 270.847 4108.287 )
2046.691: I:68794 (   0.041   0.045 1057.791 ) T:13561571 (   0.040   0.045   0.077   0.205 270.847 4108.287 )
2056.694: I:67384 (   0.040   0.046 723.967 ) T:13628955 (   0.040   0.045   0.077   0.204 270.847 4108.287 )
2066.813: I:60505 (   0.041   0.045 1444.863 ) T:13689460 (   0.040   0.045   0.077   0.204 271.103 4108.287 )
2076.697: I:89694 (   0.041   0.045 762.367 ) T:13779154 (   0.040   0.045   0.077   0.204 270.847 4108.287 )
2086.697: I:64050 (   0.041   0.046 829.951 ) T:13843204 (   0.040   0.045   0.077   0.203 271.103 4108.287 )
2096.694: I:74117 (   0.041   0.046 1463.295 ) T:13917321 (   0.040   0.045   0.077   0.203 271.103 4108.287 )
2106.694: I:64836 (   0.041   0.046 681.471 ) T:13982157 (   0.040   0.045   0.077   0.203 271.359 4108.287 )
2116.697: I:65207 (   0.041   0.046 599.551 ) T:14047364 (   0.040   0.045   0.077   0.202 271.615 4108.287 )
2126.698: I:57195 (   0.041   0.046 3868.671 ) T:14104559 (   0.040   0.045   0.077   0.202 271.359 4108.287 )
2136.694: I:80355 (   0.041   0.046 739.839 ) T:14184914 (   0.040   0.045   0.077   0.202 271.615 4108.287 )
2146.689: I:82373 (   0.041   0.046 809.471 ) T:14267287 (   0.040   0.045   0.077   0.201 271.103 4108.287 )
2156.698: I:85684 (   0.041   0.046 744.959 ) T:14352971 (   0.040   0.045   0.077   0.201 270.847 4108.287 )
2166.698: I:75865 (   0.041   0.046 1410.047 ) T:14428836 (   0.040   0.045   0.077   0.201 270.847 4108.287 )
2176.698: I:86157 (   0.041   0.046 622.079 ) T:14514993 (   0.040   0.045   0.077   0.200 270.847 4108.287 )
2186.698: I:65724 (   0.041   0.046 695.807 ) T:14580717 (   0.040   0.045   0.077   0.200 270.847 4108.287 )
2196.694: I:60219 (   0.041   0.046 1156.095 ) T:14640936 (   0.040   0.045   0.077   0.200 270.847 4108.287 )
2206.694: I:64158 (   0.041   0.046 836.095 ) T:14705094 (   0.040   0.045   0.077   0.199 270.847 4108.287 )
2216.694: I:97058 (   0.041   0.046 804.863 ) T:14802152 (   0.040   0.045   0.077   0.198 270.591 4108.287 )
2226.697: I:88622 (   0.041   0.046 1068.031 ) T:14890774 (   0.040   0.045   0.077   0.197 270.335 4108.287 )
2236.694: I:77168 (   0.041   0.046 1167.359 ) T:14967942 (   0.040   0.045   0.077   0.197 270.335 4108.287 )
2246.694: I:81601 (   0.041   0.046 639.999 ) T:15049543 (   0.040   0.045   0.076   0.196 270.079 4108.287 )
2256.699: I:43168 (   0.041   0.057 365.567 ) T:15092711 (   0.040   0.045   0.077   0.197 269.823 4108.287 )
2266.698: I:42438 (   0.041   0.046 2064.383 ) T:15135149 (   0.040   0.045   0.077   0.197 270.335 4108.287 )
2276.694: I:75376 (   0.041   0.046 487.423 ) T:15210525 (   0.040   0.045   0.077   0.197 270.335 4108.287 )
2286.698: I:47413 (   0.041   0.046 455.423 ) T:15257938 (   0.040   0.045   0.077   0.198 270.591 4108.287 )
2296.698: I:32058 (   0.040   0.046 1467.391 ) T:15289996 (   0.040   0.045   0.077   0.198 270.847 4108.287 )
2306.698: I:58966 (   0.040   0.045 485.631 ) T:15348962 (   0.040   0.045   0.077   0.199 270.847 4108.287 )
2316.697: I:78609 (   0.040   0.045 848.895 ) T:15427571 (   0.040   0.045   0.077   0.198 270.847 4108.287 )
2326.694: I:79746 (   0.040   0.045 1312.767 ) T:15507317 (   0.040   0.045   0.077   0.198 270.591 4108.287 )
2336.693: I:97567 (   0.040   0.045 823.295 ) T:15604884 (   0.040   0.045   0.076   0.197 270.335 4108.287 )
2346.696: I:35473 (   0.041   0.045 467.455 ) T:15640357 (   0.040   0.045   0.076   0.198 270.591 4108.287 )
2356.696: I:78395 (   0.040   0.045 886.271 ) T:15718752 (   0.040   0.045   0.076   0.197 270.591 4108.287 )
2366.696: I:95950 (   0.040   0.045 817.151 ) T:15814702 (   0.040   0.045   0.076   0.196 270.335 4108.287 )
2376.691: I:62460 (   0.041   0.046 599.039 ) T:15877162 (   0.040   0.045   0.076   0.197 270.335 4108.287 )
2386.694: I:68703 (   0.040   0.045 1146.879 ) T:15945865 (   0.040   0.045   0.076   0.196 270.335 4108.287 )
2396.694: I:78386 (   0.040   0.045 475.391 ) T:16024251 (   0.040   0.045   0.076   0.195 270.335 4108.287 )
2406.698: I:66555 (   0.041   0.045 659.967 ) T:16090806 (   0.040   0.045   0.076   0.195 270.591 4108.287 )
2416.695: I:38871 (   0.041   0.046 3008.511 ) T:16129677 (   0.040   0.045   0.076   0.195 270.591 4108.287 )
2426.691: I:56461 (   0.041   0.046 657.919 ) T:16186138 (   0.040   0.045   0.076   0.196 270.591 4108.287 )
2436.697: I:69516 (   0.041   0.046 587.775 ) T:16255654 (   0.040   0.045   0.076   0.195 270.591 4108.287 )
2446.691: I:78227 (   0.041   0.046 742.399 ) T:16333881 (   0.040   0.045   0.076   0.195 270.591 4108.287 )
2456.689: I:89256 (   0.041   0.046 672.255 ) T:16423137 (   0.040   0.045   0.076   0.194 270.335 4108.287 )
2466.690: I:68786 (   0.041   0.046 858.111 ) T:16491923 (   0.040   0.045   0.076   0.194 270.335 4108.287 )
2476.690: I:80090 (   0.041   0.046 577.023 ) T:16572013 (   0.040   0.045   0.076   0.194 270.335 4108.287 )
2486.698: I:56383 (   0.041   0.046 1269.759 ) T:16628396 (   0.040   0.045   0.076   0.194 270.335 4108.287 )
2496.694: I:93343 (   0.041   0.046 1084.415 ) T:16721739 (   0.040   0.045   0.076   0.193 269.823 4108.287 )
2506.688: I:86227 (   0.041   0.046 940.031 ) T:16807966 (   0.040   0.045   0.076   0.192 269.823 4108.287 )
2516.698: I:62396 (   0.041   0.046 1310.719 ) T:16870362 (   0.040   0.045   0.076   0.192 269.823 4108.287 )
2526.694: I:61521 (   0.041   0.046 701.951 ) T:16931883 (   0.040   0.045   0.076   0.191 269.823 4108.287 )
2536.694: I:74396 (   0.041   0.046 890.879 ) T:17006279 (   0.040   0.045   0.076   0.191 269.823 4108.287 )
2546.689: I:50320 (   0.041   0.046 1582.079 ) T:17056599 (   0.040   0.045   0.076   0.191 269.823 4108.287 )
2556.690: I:65604 (   0.041   0.046 846.847 ) T:17122203 (   0.040   0.045   0.076   0.190 269.823 4108.287 )
2566.690: I:48374 (   0.041   0.045 410.367 ) T:17170577 (   0.040   0.045   0.076   0.191 270.079 4108.287 )
2576.694: I:63135 (   0.040   0.045 1447.935 ) T:17233712 (   0.040   0.045   0.076   0.190 270.335 4108.287 )
2586.693: I:69666 (   0.041   0.045 685.055 ) T:17303378 (   0.040   0.045   0.076   0.190 269.823 4108.287 )
2596.691: I:63772 (   0.040   0.045 677.887 ) T:17367150 (   0.040   0.045   0.076   0.190 269.823 4108.287 )
2606.690: I:64714 (   0.041   0.045 1417.215 ) T:17431864 (   0.040   0.045   0.076   0.190 269.823 4108.287 )
2616.692: I:92804 (   0.041   0.045 1094.655 ) T:17524668 (   0.040   0.045   0.076   0.189 269.567 4108.287 )
2626.689: I:72115 (   0.041   0.045 526.335 ) T:17596783 (   0.040   0.045   0.076   0.189 269.567 4108.287 )
2636.696: I:70806 (   0.040   0.045 620.031 ) T:17667589 (   0.040   0.045   0.076   0.188 269.567 4108.287 )
2646.690: I:82959 (   0.040   0.045 720.383 ) T:17750548 (   0.040   0.045   0.076   0.187 269.311 4108.287 )
2656.692: I:98183 (   0.041   0.046 1387.519 ) T:17848731 (   0.040   0.045   0.076   0.186 269.055 4108.287 )
2666.691: I:77657 (   0.041   0.045 831.999 ) T:17926388 (   0.040   0.045   0.076   0.186 268.799 4108.287 )
2676.697: I:65048 (   0.040   0.045 542.719 ) T:17991436 (   0.040   0.045   0.076   0.186 268.799 4108.287 )
2686.693: I:69184 (   0.041   0.045 573.951 ) T:18060620 (   0.040   0.045   0.076   0.186 269.055 4108.287 )
2696.691: I:74311 (   0.041   0.046 1448.959 ) T:18134931 (   0.040   0.045   0.075   0.185 269.055 4108.287 )
2706.796: I:68630 (   0.041   0.046 985.599 ) T:18203561 (   0.040   0.045   0.075   0.185 269.055 4108.287 )
2716.695: I:71766 (   0.041   0.046 683.007 ) T:18275327 (   0.040   0.045   0.075   0.184 269.055 4108.287 )
2726.696: I:82491 (   0.041   0.046 546.815 ) T:18357818 (   0.040   0.045   0.075   0.184 268.799 4108.287 )
2736.691: I:48796 (   0.041   0.046 3713.023 ) T:18406614 (   0.040   0.045   0.075   0.184 268.799 4108.287 )
2746.690: I:83208 (   0.041   0.046 630.271 ) T:18489822 (   0.040   0.045   0.075   0.184 268.799 4108.287 )
2756.694: I:79458 (   0.041   0.046 593.919 ) T:18569280 (   0.040   0.045   0.075   0.183 268.799 4108.287 )
2766.690: I:71905 (   0.041   0.046 1009.663 ) T:18641185 (   0.040   0.045   0.075   0.183 268.287 4108.287 )
2776.698: I:76438 (   0.041   0.046 482.559 ) T:18717623 (   0.040   0.045   0.075   0.183 268.031 4108.287 )
2786.694: I:46102 (   0.041   0.046 496.127 ) T:18763725 (   0.040   0.045   0.075   0.183 268.799 4108.287 )
2796.689: I:81167 (   0.041   0.046 745.983 ) T:18844892 (   0.040   0.045   0.075   0.183 268.287 4108.287 )
2806.689: I:82222 (   0.041   0.046 1379.327 ) T:18927114 (   0.040   0.045   0.075   0.182 267.519 4108.287 )
2816.696: I:82468 (   0.041   0.046 773.631 ) T:19009582 (   0.040   0.045   0.075   0.182 267.263 4108.287 )
2826.694: I:67458 (   0.041   0.046 975.359 ) T:19077040 (   0.040   0.045   0.075   0.182 267.263 4108.287 )
2836.689: I:73722 (   0.040   0.045 920.063 ) T:19150762 (   0.040   0.045   0.075   0.181 267.263 4108.287 )
2846.695: I:69503 (   0.041   0.045 595.455 ) T:19220265 (   0.040   0.045   0.075   0.181 267.519 4108.287 )
2856.852: I:50512 (   0.040   0.046 619.519 ) T:19270777 (   0.040   0.045   0.075   0.182 268.031 4108.287 )
2866.698: I:67426 (   0.040   0.045 1192.959 ) T:19338203 (   0.040   0.045   0.075   0.182 268.287 4108.287 )
2876.695: I:66617 (   0.041   0.045 541.695 ) T:19404820 (   0.040   0.045   0.075   0.182 268.287 4108.287 )
2886.691: I:79705 (   0.041   0.046 663.039 ) T:19484525 (   0.040   0.045   0.075   0.181 268.031 4108.287 )
2896.697: I:76669 (   0.041   0.046 1225.727 ) T:19561194 (   0.040   0.045   0.075   0.181 267.519 4108.287 )
2906.698: I:79062 (   0.041   0.046 695.807 ) T:19640256 (   0.040   0.045   0.075   0.180 267.519 4108.287 )
2916.690: I:78020 (   0.041   0.045 706.047 ) T:19718276 (   0.040   0.045   0.075   0.180 267.775 4108.287 )
2926.696: I:84901 (   0.041   0.046 1744.895 ) T:19803177 (   0.040   0.045   0.075   0.180 267.007 4108.287 )
2936.691: I:64677 (   0.041   0.046 910.847 ) T:19867854 (   0.040   0.045   0.075   0.180 267.263 4108.287 )
2946.698: I:54495 (   0.040   0.045 968.703 ) T:19922349 (   0.040   0.045   0.075   0.180 267.263 4108.287 )
2956.698: I:65170 (   0.041   0.046 391.679 ) T:19987519 (   0.040   0.045   0.075   0.179 267.263 4108.287 )
2961.217: I:13683 (   0.041   0.046 3780.607 ) T:20001202 (   0.040   0.045   0.075   0.180 267.263 4108.287 )
2961.263: I:0 (   0.000   0.000   0.000 ) T:20001202 (   0.040   0.045   0.075   0.180 267.263 4108.287 )
