#[Interval percentile log between 0.000 and <Infinite> seconds (relative to StartTime)]
#[StartTime: 1524303680.637 (seconds since epoch), Sat Apr 21 11:41:20 CEST 2018]
Time: IntervalPercentiles:count ( 50% 90% Max ) TotalPercentiles:count ( 50% 90% 99% 99.9% 99.99% Max )
9.963: I:1 (   0.001   0.001   0.001 ) T:1 (   0.001   0.001   0.001   0.001   0.001   0.001 )
19.957: I:1 (   0.002   0.002   0.002 ) T:2 (   0.001   0.002   0.002   0.002   0.002   0.002 )
29.956: I:1 (   0.002   0.002   0.002 ) T:3 (   0.002   0.002   0.002   0.002   0.002   0.002 )
39.957: I:1 (   0.002   0.002   0.002 ) T:4 (   0.002   0.002   0.002   0.002   0.002   0.002 )
49.956: I:1 (   0.002   0.002   0.002 ) T:5 (   0.002   0.002   0.002   0.002   0.002   0.002 )
59.956: I:1 (   0.002   0.002   0.002 ) T:6 (   0.002   0.002   0.002   0.002   0.002   0.002 )
69.956: I:1 (   0.002   0.002   0.002 ) T:7 (   0.002   0.002   0.002   0.002   0.002   0.002 )
79.956: I:1 (   0.002   0.002   0.002 ) T:8 (   0.002   0.002   0.002   0.002   0.002   0.002 )
89.956: I:1 (   0.002   0.002   0.002 ) T:9 (   0.002   0.002   0.002   0.002   0.002   0.002 )
99.956: I:1 (   0.002   0.002   0.002 ) T:10 (   0.002   0.002   0.002   0.002   0.002   0.002 )
109.956: I:1 (   0.002   0.002   0.002 ) T:11 (   0.002   0.002   0.002   0.002   0.002   0.002 )
119.956: I:1 (   0.002   0.002   0.002 ) T:12 (   0.002   0.002   0.002   0.002   0.002   0.002 )
129.956: I:1 (   0.002   0.002   0.002 ) T:13 (   0.002   0.002   0.002   0.002   0.002   0.002 )
139.956: I:1 (   0.002   0.002   0.002 ) T:14 (   0.002   0.002   0.002   0.002   0.002   0.002 )
149.956: I:1 (   0.002   0.002   0.002 ) T:15 (   0.002   0.002   0.002   0.002   0.002   0.002 )
159.956: I:1 (   0.002   0.002   0.002 ) T:16 (   0.002   0.002   0.002   0.002   0.002   0.002 )
169.956: I:1 (   0.002   0.002   0.002 ) T:17 (   0.002   0.002   0.002   0.002   0.002   0.002 )
179.955: I:1 (   0.002   0.002   0.002 ) T:18 (   0.002   0.002   0.002   0.002   0.002   0.002 )
189.956: I:1 (   0.002   0.002   0.002 ) T:19 (   0.002   0.002   0.002   0.002   0.002   0.002 )
199.956: I:1 (   0.002   0.002   0.002 ) T:20 (   0.002   0.002   0.002   0.002   0.002   0.002 )
209.956: I:1 (   0.002   0.002   0.002 ) T:21 (   0.002   0.002   0.002   0.002   0.002   0.002 )
219.956: I:1 (   0.002   0.002   0.002 ) T:22 (   0.002   0.002   0.002   0.002   0.002   0.002 )
229.956: I:1 (   0.002   0.002   0.002 ) T:23 (   0.002   0.002   0.002   0.002   0.002   0.002 )
239.956: I:1 (   0.002   0.002   0.002 ) T:24 (   0.002   0.002   0.002   0.002   0.002   0.002 )
249.956: I:1 (   0.002   0.002   0.002 ) T:25 (   0.002   0.002   0.002   0.002   0.002   0.002 )
259.956: I:1 (   0.002   0.002   0.002 ) T:26 (   0.002   0.002   0.002   0.002   0.002   0.002 )
269.956: I:1 (   0.001   0.001   0.001 ) T:27 (   0.002   0.002   0.002   0.002   0.002   0.002 )
279.956: I:1 (   0.001   0.001   0.001 ) T:28 (   0.002   0.002   0.002   0.002   0.002   0.002 )
289.956: I:1 (   0.001   0.001   0.001 ) T:29 (   0.002   0.002   0.002   0.002   0.002   0.002 )
299.956: I:1 (   0.002   0.002   0.002 ) T:30 (   0.002   0.002   0.002   0.002   0.002   0.002 )
309.956: I:1 (   0.002   0.002   0.002 ) T:31 (   0.002   0.002   0.002   0.002   0.002   0.002 )
319.956: I:1 (   0.002   0.002   0.002 ) T:32 (   0.002   0.002   0.002   0.002   0.002   0.002 )
329.956: I:1 (   0.002   0.002   0.002 ) T:33 (   0.002   0.002   0.002   0.002   0.002   0.002 )
339.956: I:1 (   0.002   0.002   0.002 ) T:34 (   0.002   0.002   0.002   0.002   0.002   0.002 )
349.956: I:1 (   0.001   0.001   0.001 ) T:35 (   0.002   0.002   0.002   0.002   0.002   0.002 )
359.955: I:1 (   0.001   0.001   0.001 ) T:36 (   0.002   0.002   0.002   0.002   0.002   0.002 )
369.956: I:1 (   0.002   0.002   0.002 ) T:37 (   0.002   0.002   0.002   0.002   0.002   0.002 )
379.955: I:1 (   0.002   0.002   0.002 ) T:38 (   0.002   0.002   0.002   0.002   0.002   0.002 )
389.956: I:1 (   0.002   0.002   0.002 ) T:39 (   0.002   0.002   0.002   0.002   0.002   0.002 )
399.956: I:1 (   0.002   0.002   0.002 ) T:40 (   0.002   0.002   0.002   0.002   0.002   0.002 )
409.955: I:1 (   0.002   0.002   0.002 ) T:41 (   0.002   0.002   0.002   0.002   0.002   0.002 )
419.956: I:1 (   0.002   0.002   0.002 ) T:42 (   0.002   0.002   0.002   0.002   0.002   0.002 )
429.955: I:1 (   0.002   0.002   0.002 ) T:43 (   0.002   0.002   0.002   0.002   0.002   0.002 )
439.956: I:1 (   0.002   0.002   0.002 ) T:44 (   0.002   0.002   0.002   0.002   0.002   0.002 )
449.956: I:1 (   0.002   0.002   0.002 ) T:45 (   0.002   0.002   0.002   0.002   0.002   0.002 )
459.956: I:1 (   0.002   0.002   0.002 ) T:46 (   0.002   0.002   0.002   0.002   0.002   0.002 )
469.956: I:1 (   0.002   0.002   0.002 ) T:47 (   0.002   0.002   0.002   0.002   0.002   0.002 )
479.955: I:1 (   0.002   0.002   0.002 ) T:48 (   0.002   0.002   0.002   0.002   0.002   0.002 )
489.956: I:1 (   0.002   0.002   0.002 ) T:49 (   0.002   0.002   0.002   0.002   0.002   0.002 )
499.956: I:1 (   0.002   0.002   0.002 ) T:50 (   0.002   0.002   0.002   0.002   0.002   0.002 )
509.956: I:1 (   0.002   0.002   0.002 ) T:51 (   0.002   0.002   0.002   0.002   0.002   0.002 )
519.956: I:1 (   0.002   0.002   0.002 ) T:52 (   0.002   0.002   0.002   0.002   0.002   0.002 )
529.956: I:1 (   0.002   0.002   0.002 ) T:53 (   0.002   0.002   0.002   0.002   0.002   0.002 )
539.956: I:1 (   0.002   0.002   0.002 ) T:54 (   0.002   0.002   0.002   0.002   0.002   0.002 )
549.956: I:1 (   0.002   0.002   0.002 ) T:55 (   0.002   0.002   0.002   0.002   0.002   0.002 )
559.956: I:1 (   0.002   0.002   0.002 ) T:56 (   0.002   0.002   0.002   0.002   0.002   0.002 )
569.956: I:1 (   0.002   0.002   0.002 ) T:57 (   0.002   0.002   0.002   0.002   0.002   0.002 )
579.956: I:1 (   0.002   0.002   0.002 ) T:58 (   0.002   0.002   0.002   0.002   0.002   0.002 )
589.955: I:1 (   0.002   0.002   0.002 ) T:59 (   0.002   0.002   0.002   0.002   0.002   0.002 )
599.955: I:1 (   0.002   0.002   0.002 ) T:60 (   0.002   0.002   0.002   0.002   0.002   0.002 )
609.956: I:1 (   0.002   0.002   0.002 ) T:61 (   0.002   0.002   0.002   0.002   0.002   0.002 )
619.956: I:1 (   0.002   0.002   0.002 ) T:62 (   0.002   0.002   0.002   0.002   0.002   0.002 )
629.956: I:1 (   0.002   0.002   0.002 ) T:63 (   0.002   0.002   0.002   0.002   0.002   0.002 )
639.955: I:1 (   0.002   0.002   0.002 ) T:64 (   0.002   0.002   0.002   0.002   0.002   0.002 )
649.955: I:1 (   0.002   0.002   0.002 ) T:65 (   0.002   0.002   0.002   0.002   0.002   0.002 )
659.956: I:1 (   0.002   0.002   0.002 ) T:66 (   0.002   0.002   0.002   0.002   0.002   0.002 )
669.956: I:1 (   0.002   0.002   0.002 ) T:67 (   0.002   0.002   0.002   0.002   0.002   0.002 )
679.955: I:1 (   0.002   0.002   0.002 ) T:68 (   0.002   0.002   0.002   0.002   0.002   0.002 )
689.956: I:1 (   0.002   0.002   0.002 ) T:69 (   0.002   0.002   0.002   0.002   0.002   0.002 )
699.955: I:1 (   0.002   0.002   0.002 ) T:70 (   0.002   0.002   0.002   0.002   0.002   0.002 )
709.955: I:1 (   0.002   0.002   0.002 ) T:71 (   0.002   0.002   0.002   0.002   0.002   0.002 )
719.956: I:1 (   0.002   0.002   0.002 ) T:72 (   0.002   0.002   0.002   0.002   0.002   0.002 )
729.956: I:1 (   0.002   0.002   0.002 ) T:73 (   0.002   0.002   0.002   0.002   0.002   0.002 )
739.956: I:1 (   0.002   0.002   0.002 ) T:74 (   0.002   0.002   0.002   0.002   0.002   0.002 )
749.956: I:1 (   0.002   0.002   0.002 ) T:75 (   0.002   0.002   0.002   0.002   0.002   0.002 )
759.956: I:1 (   0.002   0.002   0.002 ) T:76 (   0.002   0.002   0.002   0.002   0.002   0.002 )
769.956: I:1 (   0.002   0.002   0.002 ) T:77 (   0.002   0.002   0.002   0.002   0.002   0.002 )
779.956: I:1 (   0.002   0.002   0.002 ) T:78 (   0.002   0.002   0.002   0.002   0.002   0.002 )
789.956: I:1 (   0.002   0.002   0.002 ) T:79 (   0.002   0.002   0.002   0.002   0.002   0.002 )
799.956: I:1 (   0.002   0.002   0.002 ) T:80 (   0.002   0.002   0.002   0.002   0.002   0.002 )
809.956: I:1 (   0.002   0.002   0.002 ) T:81 (   0.002   0.002   0.002   0.002   0.002   0.002 )
819.956: I:1 (   0.002   0.002   0.002 ) T:82 (   0.002   0.002   0.002   0.002   0.002   0.002 )
829.956: I:1 (   0.002   0.002   0.002 ) T:83 (   0.002   0.002   0.002   0.002   0.002   0.002 )
839.956: I:1 (   0.002   0.002   0.002 ) T:84 (   0.002   0.002   0.002   0.002   0.002   0.002 )
849.955: I:1 (   0.002   0.002   0.002 ) T:85 (   0.002   0.002   0.002   0.002   0.002   0.002 )
859.955: I:1 (   0.002   0.002   0.002 ) T:86 (   0.002   0.002   0.002   0.002   0.002   0.002 )
869.956: I:1 (   0.002   0.002   0.002 ) T:87 (   0.002   0.002   0.002   0.002   0.002   0.002 )
879.956: I:1 (   0.002   0.002   0.002 ) T:88 (   0.002   0.002   0.002   0.002   0.002   0.002 )
889.956: I:1 (   0.002   0.002   0.002 ) T:89 (   0.002   0.002   0.002   0.002   0.002   0.002 )
899.956: I:1 (   0.002   0.002   0.002 ) T:90 (   0.002   0.002   0.002   0.002   0.002   0.002 )
909.956: I:1 (   0.002   0.002   0.002 ) T:91 (   0.002   0.002   0.002   0.002   0.002   0.002 )
919.956: I:1 (   0.001   0.001   0.001 ) T:92 (   0.002   0.002   0.002   0.002   0.002   0.002 )
929.956: I:1 (   0.001   0.001   0.001 ) T:93 (   0.002   0.002   0.002   0.002   0.002   0.002 )
939.955: I:1 (   0.001   0.001   0.001 ) T:94 (   0.002   0.002   0.002   0.002   0.002   0.002 )
949.956: I:1 (   0.001   0.001   0.001 ) T:95 (   0.002   0.002   0.002   0.002   0.002   0.002 )
959.956: I:1 (   0.001   0.001   0.001 ) T:96 (   0.002   0.002   0.002   0.002   0.002   0.002 )
969.956: I:1 (   0.001   0.001   0.001 ) T:97 (   0.002   0.002   0.002   0.002   0.002   0.002 )
979.956: I:1 (   0.001   0.001   0.001 ) T:98 (   0.002   0.002   0.002   0.002   0.002   0.002 )
989.956: I:1 (   0.001   0.001   0.001 ) T:99 (   0.002   0.002   0.002   0.002   0.002   0.002 )
999.955: I:1 (   0.001   0.001   0.001 ) T:100 (   0.002   0.002   0.002   0.002   0.002   0.002 )
1009.956: I:1 (   0.001   0.001   0.001 ) T:101 (   0.002   0.002   0.002   0.002   0.002   0.002 )
1019.956: I:1 (   0.001   0.001   0.001 ) T:102 (   0.002   0.002   0.002   0.002   0.002   0.002 )
1029.956: I:1 (   0.001   0.001   0.001 ) T:103 (   0.002   0.002   0.002   0.002   0.002   0.002 )
1039.956: I:1 (   0.001   0.001   0.001 ) T:104 (   0.002   0.002   0.002   0.002   0.002   0.002 )
1049.456: I:2 (   0.001   0.001   0.001 ) T:106 (   0.002   0.002   0.002   0.002   0.002   0.002 )
1049.483: I:0 (   0.000   0.000   0.000 ) T:106 (   0.002   0.002   0.002   0.002   0.002   0.002 )
