#[Interval percentile log between 0.000 and <Infinite> seconds (relative to StartTime)]
#[StartTime: 1524903874.028 (seconds since epoch), Sat Apr 28 10:24:34 CEST 2018]
Time: IntervalPercentiles:count ( 50% 90% Max ) TotalPercentiles:count ( 50% 90% 99% 99.9% 99.99% Max )
10.263: I:1 (   0.000   0.000   0.000 ) T:1 (   0.000   0.000   0.000   0.000   0.000   0.000 )
19.977: I:1 (   1.606   1.606   1.606 ) T:2 (   0.000   1.606   1.606   1.606   1.606   1.606 )
29.977: I:1 (   0.542   0.542   0.542 ) T:3 (   0.542   1.606   1.606   1.606   1.606   1.606 )
39.973: I:1 (   0.378   0.378   0.378 ) T:4 (   0.378   1.606   1.606   1.606   1.606   1.606 )
49.973: I:1 (   0.741   0.741   0.741 ) T:5 (   0.542   1.606   1.606   1.606   1.606   1.606 )
59.973: I:1 (   0.411   0.411   0.411 ) T:6 (   0.411   1.606   1.606   1.606   1.606   1.606 )
69.972: I:1 (   0.443   0.443   0.443 ) T:7 (   0.443   1.606   1.606   1.606   1.606   1.606 )
79.973: I:1 (   0.485   0.485   0.485 ) T:8 (   0.443   1.606   1.606   1.606   1.606   1.606 )
89.972: I:1 (   0.509   0.509   0.509 ) T:9 (   0.485   1.606   1.606   1.606   1.606   1.606 )
99.974: I:1 (   0.555   0.555   0.555 ) T:10 (   0.485   0.741   1.606   1.606   1.606   1.606 )
109.974: I:1 (   0.591   0.591   0.591 ) T:11 (   0.509   0.741   1.606   1.606   1.606   1.606 )
119.974: I:1 (   0.658   0.658   0.658 ) T:12 (   0.509   0.741   1.606   1.606   1.606   1.606 )
129.974: I:1 (   0.693   0.693   0.693 ) T:13 (   0.542   0.741   1.606   1.606   1.606   1.606 )
139.972: I:1 (   0.728   0.728   0.728 ) T:14 (   0.542   0.741   1.606   1.606   1.606   1.606 )
149.973: I:1 (   0.000   0.000   0.000 ) T:15 (   0.542   0.741   1.606   1.606   1.606   1.606 )
159.973: I:1 (   0.760   0.760   0.760 ) T:16 (   0.542   0.760   1.606   1.606   1.606   1.606 )
169.972: I:1 (   0.811   0.811   0.811 ) T:17 (   0.555   0.811   1.606   1.606   1.606   1.606 )
179.972: I:1 (   0.000   0.000   0.000 ) T:18 (   0.542   0.811   1.606   1.606   1.606   1.606 )
189.972: I:1 (   0.841   0.841   0.841 ) T:19 (   0.555   0.841   1.606   1.606   1.606   1.606 )
199.973: I:1 (   0.889   0.889   0.889 ) T:20 (   0.555   0.841   1.606   1.606   1.606   1.606 )
209.973: I:1 (   0.000   0.000   0.000 ) T:21 (   0.555   0.841   1.606   1.606   1.606   1.606 )
219.972: I:1 (   0.917   0.917   0.917 ) T:22 (   0.555   0.889   1.606   1.606   1.606   1.606 )
229.974: I:1 (   0.000   0.000   0.000 ) T:23 (   0.555   0.889   1.606   1.606   1.606   1.606 )
241.015: I:1 (   0.989   0.989   0.989 ) T:24 (   0.555   0.917   1.606   1.606   1.606   1.606 )
249.972: I:1 (   1.037   1.037   1.037 ) T:25 (   0.591   0.989   1.606   1.606   1.606   1.606 )
260.385: I:1 (   0.000   0.000   0.000 ) T:26 (   0.555   0.989   1.606   1.606   1.606   1.606 )
269.973: I:1 (   1.062   1.062   1.062 ) T:27 (   0.591   1.037   1.606   1.606   1.606   1.606 )
279.973: I:1 (   0.000   0.000   0.000 ) T:28 (   0.555   1.037   1.606   1.606   1.606   1.606 )
289.973: I:1 (   1.111   1.111   1.111 ) T:29 (   0.591   1.062   1.606   1.606   1.606   1.606 )
300.987: I:1 (   0.000   0.000   0.000 ) T:30 (   0.555   1.037   1.606   1.606   1.606   1.606 )
309.973: I:1 (   1.148   1.148   1.148 ) T:31 (   0.591   1.062   1.606   1.606   1.606   1.606 )
319.972: I:1 (   0.000   0.000   0.000 ) T:32 (   0.555   1.062   1.606   1.606   1.606   1.606 )
329.973: I:1 (   0.000   0.000   0.000 ) T:33 (   0.555   1.062   1.606   1.606   1.606   1.606 )
339.972: I:1 (   1.192   1.192   1.192 ) T:34 (   0.555   1.111   1.606   1.606   1.606   1.606 )
347.189: I:2 (   0.000   1.235   1.235 ) T:36 (   0.555   1.148   1.606   1.606   1.606   1.606 )
347.218: I:0 (   0.000   0.000   0.000 ) T:36 (   0.555   1.148   1.606   1.606   1.606   1.606 )
