#[Interval percentile log between 0.000 and <Infinite> seconds (relative to StartTime)]
#[StartTime: 1524903874.273 (seconds since epoch), Sat Apr 28 10:24:34 CEST 2018]
Time: IntervalPercentiles:count ( 50% 90% Max ) TotalPercentiles:count ( 50% 90% 99% 99.9% 99.99% Max )
10.021: I:31224 (   0.062   0.069   0.806 ) T:31224 (   0.062   0.069   0.095   0.191   0.437   0.806 )
19.735: I:16122 (   0.066   0.075  57.023 ) T:47346 (   0.062   0.071   0.100   1.021  19.231  57.023 )
29.735: I:11362 (   0.066   0.072  18.591 ) T:58708 (   0.063   0.071   0.103   1.037  18.591  57.023 )
39.729: I:12014 (   0.067   0.076   4.395 ) T:70722 (   0.063   0.072   0.112   1.133   9.383  57.023 )
49.730: I:9266 (   0.067   0.074 119.487 ) T:79988 (   0.064   0.072   0.112   1.248  19.231 119.487 )
59.730: I:8136 (   0.068   0.078  92.543 ) T:88124 (   0.064   0.073   0.114   1.506  22.463 119.487 )
69.729: I:7788 (   0.069   0.076 136.191 ) T:95912 (   0.064   0.073   0.114   1.615  56.703 136.191 )
79.730: I:9246 (   0.069   0.074  85.439 ) T:105158 (   0.065   0.073   0.114   1.629  60.607 136.191 )
89.729: I:7172 (   0.070   0.078 170.239 ) T:112330 (   0.065   0.074   0.114   1.728  66.239 170.239 )
99.730: I:5766 (   0.071   0.081  88.191 ) T:118096 (   0.065   0.074   0.115   1.888  69.759 170.239 )
109.732: I:3990 (   0.071   0.080 186.239 ) T:122086 (   0.065   0.075   0.116   1.984  73.023 186.239 )
119.732: I:6176 (   0.070   0.079 199.167 ) T:128262 (   0.065   0.075   0.116   2.013  80.191 199.167 )
129.731: I:6322 (   0.071   0.079   1.038 ) T:134584 (   0.065   0.075   0.116   1.988  76.031 199.167 )
139.728: I:5840 (   0.071   0.077 412.415 ) T:140424 (   0.066   0.075   0.116   1.975  80.191 412.415 )
149.729: I:4440 (   0.071   0.082 212.479 ) T:144864 (   0.066   0.076   0.117   2.028  88.191 412.415 )
159.730: I:2876 (   0.071   0.080 109.631 ) T:147740 (   0.066   0.076   0.117   2.028  90.303 412.415 )
169.730: I:3954 (   0.071   0.077 339.199 ) T:151694 (   0.066   0.076   0.117   2.085  90.303 412.415 )
179.729: I:4960 (   0.072   0.082 233.471 ) T:156654 (   0.066   0.076   0.121   2.137 109.503 412.415 )
189.728: I:4936 (   0.071   0.076   0.839 ) T:161590 (   0.066   0.076   0.120   2.089  97.471 412.415 )
199.730: I:5814 (   0.072   0.082 141.439 ) T:167404 (   0.066   0.076   0.122   2.191 111.935 412.415 )
209.730: I:2766 (   0.072   0.085 130.751 ) T:170170 (   0.066   0.077   0.124   2.289 119.487 412.415 )
219.728: I:4894 (   0.069   0.074   3.161 ) T:175064 (   0.066   0.077   0.122   2.247 119.487 412.415 )
229.730: I:2556 (   0.072   0.083 258.175 ) T:177620 (   0.066   0.077   0.123   2.287 122.815 412.415 )
240.772: I:4072 (   0.071   0.074   2.149 ) T:181692 (   0.066   0.077   0.122   2.251 121.407 412.415 )
249.729: I:3168 (   0.072   0.082 269.567 ) T:184860 (   0.066   0.077   0.123   2.325 125.375 412.415 )
260.141: I:4090 (   0.070   0.075   1.218 ) T:188950 (   0.066   0.077   0.122   2.299 125.375 412.415 )
269.730: I:3468 (   0.072   0.083 144.895 ) T:192418 (   0.066   0.077   0.124   2.333 128.319 412.415 )
279.729: I:2830 (   0.071   0.074   1.588 ) T:195248 (   0.066   0.077   0.124   2.325 128.319 412.415 )
289.730: I:3328 (   0.072   0.083 283.647 ) T:198576 (   0.067   0.077   0.125   2.433 130.751 412.415 )
300.743: I:5490 (   0.072   0.077   1.763 ) T:204066 (   0.067   0.077   0.123   2.369 130.495 412.415 )
309.731: I:2806 (   0.073   0.079 273.407 ) T:206872 (   0.067   0.077   0.123   2.391 131.199 412.415 )
319.728: I:3986 (   0.071   0.074   2.355 ) T:210858 (   0.067   0.077   0.123   2.355 130.751 412.415 )
329.728: I:3164 (   0.074   0.086 162.687 ) T:214022 (   0.067   0.077   0.125   2.541 138.239 412.415 )
339.728: I:4263 (   0.072   0.075   2.197 ) T:218285 (   0.067   0.077   0.125   2.495 138.239 412.415 )
346.948: I:3143 (   0.073   0.085   1.138 ) T:221428 (   0.067   0.077   0.126   2.459 136.191 412.415 )
346.977: I:0 (   0.000   0.000   0.000 ) T:221428 (   0.067   0.077   0.126   2.459 136.191 412.415 )
