#[Interval percentile log between 0.000 and <Infinite> seconds (relative to StartTime)]
#[StartTime: 1524903874.274 (seconds since epoch), Sat Apr 28 10:24:34 CEST 2018]
Time: IntervalPercentiles:count ( 50% 90% Max ) TotalPercentiles:count ( 50% 90% 99% 99.9% 99.99% Max )
10.019: I:13382 (   0.047   0.052   0.649 ) T:13382 (   0.047   0.052   0.084   0.121   0.517   0.649 )
19.732: I:6909 (   0.049   0.058  22.463 ) T:20291 (   0.048   0.056   0.090   1.039  19.231  22.463 )
29.732: I:4870 (   0.049   0.057   2.521 ) T:25161 (   0.048   0.056   0.094   1.037  19.231  22.463 )
39.728: I:5148 (   0.050   0.060   3.159 ) T:30309 (   0.049   0.057   0.099   1.053   9.383  22.463 )
49.727: I:3972 (   0.051   0.059  60.607 ) T:34281 (   0.049   0.057   0.100   1.206  19.231  60.607 )
59.727: I:3487 (   0.051   0.061  92.543 ) T:37768 (   0.049   0.058   0.101   1.480  60.607  92.543 )
69.727: I:3337 (   0.052   0.059 136.191 ) T:41105 (   0.050   0.058   0.102   1.506  60.607 136.191 )
79.727: I:3963 (   0.051   0.058  85.439 ) T:45068 (   0.050   0.058   0.103   1.527  66.239 136.191 )
89.727: I:3074 (   0.053   0.060   5.791 ) T:48142 (   0.050   0.058   0.103   1.620  66.239 136.191 )
99.727: I:2471 (   0.055   0.064   4.575 ) T:50613 (   0.050   0.059   0.104   1.904  65.663 136.191 )
109.727: I:1710 (   0.054   0.063 186.239 ) T:52323 (   0.050   0.059   0.105   1.994  73.023 186.239 )
119.728: I:2647 (   0.052   0.062 173.695 ) T:54970 (   0.050   0.059   0.106   2.045  85.439 186.239 )
129.729: I:2709 (   0.053   0.060   0.885 ) T:57679 (   0.051   0.059   0.106   2.000  85.439 186.239 )
139.727: I:2503 (   0.053   0.059   1.499 ) T:60182 (   0.051   0.059   0.106   1.956  73.023 186.239 )
149.727: I:1903 (   0.055   0.065 114.495 ) T:62085 (   0.051   0.060   0.107   2.000  85.439 186.239 )
159.727: I:1232 (   0.055   0.062   5.435 ) T:63317 (   0.051   0.060   0.107   2.000  85.439 186.239 )
169.727: I:1695 (   0.053   0.061 339.199 ) T:65012 (   0.051   0.060   0.107   2.009  92.543 339.199 )
179.726: I:2126 (   0.054   0.065 125.375 ) T:67138 (   0.051   0.060   0.108   2.103 111.935 339.199 )
189.726: I:2115 (   0.053   0.059   0.839 ) T:69253 (   0.051   0.060   0.108   2.022 111.935 339.199 )
199.727: I:2492 (   0.055   0.065 141.439 ) T:71745 (   0.051   0.060   0.109   2.191 121.407 339.199 )
209.727: I:1185 (   0.057   0.068 130.751 ) T:72930 (   0.051   0.061   0.109   2.307 125.375 339.199 )
219.727: I:2098 (   0.053   0.057   0.786 ) T:75028 (   0.051   0.060   0.109   2.247 125.375 339.199 )
229.727: I:1087 (   0.056   0.065 131.199 ) T:76115 (   0.052   0.061   0.109   2.289 130.495 339.199 )
240.770: I:1753 (   0.053   0.057   0.353 ) T:77868 (   0.052   0.060   0.109   2.253 130.495 339.199 )
249.726: I:1358 (   0.056   0.065 226.687 ) T:79226 (   0.052   0.061   0.110   2.307 130.751 339.199 )
260.139: I:1753 (   0.053   0.058   1.218 ) T:80979 (   0.052   0.061   0.110   2.289 130.495 339.199 )
269.727: I:1486 (   0.055   0.066 144.895 ) T:82465 (   0.052   0.061   0.110   2.307 130.751 339.199 )
279.727: I:1213 (   0.054   0.058   1.588 ) T:83678 (   0.052   0.061   0.110   2.289 130.751 339.199 )
289.727: I:1426 (   0.055   0.066 149.631 ) T:85104 (   0.052   0.061   0.111   2.361 131.199 339.199 )
300.740: I:2353 (   0.053   0.059   0.765 ) T:87457 (   0.052   0.061   0.111   2.325 131.199 339.199 )
309.727: I:1203 (   0.056   0.064 273.407 ) T:88660 (   0.052   0.061   0.111   2.361 141.439 339.199 )
319.725: I:1708 (   0.053   0.058   1.858 ) T:90368 (   0.052   0.061   0.111   2.325 136.191 339.199 )
329.727: I:1356 (   0.062   0.069   5.775 ) T:91724 (   0.052   0.061   0.112   2.455 136.191 339.199 )
339.726: I:1826 (   0.054   0.057   2.065 ) T:93550 (   0.052   0.061   0.112   2.421 136.191 339.199 )
346.943: I:1348 (   0.057   0.066   0.160 ) T:94898 (   0.052   0.061   0.112   2.419 136.191 339.199 )
346.973: I:0 (   0.000   0.000   0.000 ) T:94898 (   0.052   0.061   0.112   2.419 136.191 339.199 )
