#[Interval percentile log between 0.000 and <Infinite> seconds (relative to StartTime)]
#[StartTime: 1524903874.261 (seconds since epoch), Sat Apr 28 10:24:34 CEST 2018]
Time: IntervalPercentiles:count ( 50% 90% Max ) TotalPercentiles:count ( 50% 90% 99% 99.9% 99.99% Max )
10.048: I:1 ( 258.175 258.175 258.175 ) T:1 ( 258.175 258.175 258.175 258.175 258.175 258.175 )
19.766: I:0 (   0.000   0.000   0.000 ) T:1 ( 258.175 258.175 258.175 258.175 258.175 258.175 )
29.766: I:0 (   0.000   0.000   0.000 ) T:1 ( 258.175 258.175 258.175 258.175 258.175 258.175 )
39.752: I:0 (   0.000   0.000   0.000 ) T:1 ( 258.175 258.175 258.175 258.175 258.175 258.175 )
49.752: I:0 (   0.000   0.000   0.000 ) T:1 ( 258.175 258.175 258.175 258.175 258.175 258.175 )
59.753: I:0 (   0.000   0.000   0.000 ) T:1 ( 258.175 258.175 258.175 258.175 258.175 258.175 )
69.750: I:0 (   0.000   0.000   0.000 ) T:1 ( 258.175 258.175 258.175 258.175 258.175 258.175 )
79.753: I:0 (   0.000   0.000   0.000 ) T:1 ( 258.175 258.175 258.175 258.175 258.175 258.175 )
89.750: I:0 (   0.000   0.000   0.000 ) T:1 ( 258.175 258.175 258.175 258.175 258.175 258.175 )
99.753: I:0 (   0.000   0.000   0.000 ) T:1 ( 258.175 258.175 258.175 258.175 258.175 258.175 )
109.755: I:0 (   0.000   0.000   0.000 ) T:1 ( 258.175 258.175 258.175 258.175 258.175 258.175 )
119.754: I:0 (   0.000   0.000   0.000 ) T:1 ( 258.175 258.175 258.175 258.175 258.175 258.175 )
129.754: I:0 (   0.000   0.000   0.000 ) T:1 ( 258.175 258.175 258.175 258.175 258.175 258.175 )
139.751: I:0 (   0.000   0.000   0.000 ) T:1 ( 258.175 258.175 258.175 258.175 258.175 258.175 )
149.751: I:0 (   0.000   0.000   0.000 ) T:1 ( 258.175 258.175 258.175 258.175 258.175 258.175 )
159.752: I:0 (   0.000   0.000   0.000 ) T:1 ( 258.175 258.175 258.175 258.175 258.175 258.175 )
169.751: I:0 (   0.000   0.000   0.000 ) T:1 ( 258.175 258.175 258.175 258.175 258.175 258.175 )
179.750: I:0 (   0.000   0.000   0.000 ) T:1 ( 258.175 258.175 258.175 258.175 258.175 258.175 )
189.747: I:0 (   0.000   0.000   0.000 ) T:1 ( 258.175 258.175 258.175 258.175 258.175 258.175 )
199.753: I:0 (   0.000   0.000   0.000 ) T:1 ( 258.175 258.175 258.175 258.175 258.175 258.175 )
209.753: I:0 (   0.000   0.000   0.000 ) T:1 ( 258.175 258.175 258.175 258.175 258.175 258.175 )
219.747: I:0 (   0.000   0.000   0.000 ) T:1 ( 258.175 258.175 258.175 258.175 258.175 258.175 )
229.753: I:0 (   0.000   0.000   0.000 ) T:1 ( 258.175 258.175 258.175 258.175 258.175 258.175 )
240.794: I:0 (   0.000   0.000   0.000 ) T:1 ( 258.175 258.175 258.175 258.175 258.175 258.175 )
249.751: I:0 (   0.000   0.000   0.000 ) T:1 ( 258.175 258.175 258.175 258.175 258.175 258.175 )
260.164: I:0 (   0.000   0.000   0.000 ) T:1 ( 258.175 258.175 258.175 258.175 258.175 258.175 )
269.753: I:0 (   0.000   0.000   0.000 ) T:1 ( 258.175 258.175 258.175 258.175 258.175 258.175 )
279.750: I:0 (   0.000   0.000   0.000 ) T:1 ( 258.175 258.175 258.175 258.175 258.175 258.175 )
289.753: I:0 (   0.000   0.000   0.000 ) T:1 ( 258.175 258.175 258.175 258.175 258.175 258.175 )
300.763: I:0 (   0.000   0.000   0.000 ) T:1 ( 258.175 258.175 258.175 258.175 258.175 258.175 )
309.753: I:0 (   0.000   0.000   0.000 ) T:1 ( 258.175 258.175 258.175 258.175 258.175 258.175 )
319.747: I:0 (   0.000   0.000   0.000 ) T:1 ( 258.175 258.175 258.175 258.175 258.175 258.175 )
329.752: I:0 (   0.000   0.000   0.000 ) T:1 ( 258.175 258.175 258.175 258.175 258.175 258.175 )
339.748: I:0 (   0.000   0.000   0.000 ) T:1 ( 258.175 258.175 258.175 258.175 258.175 258.175 )
346.967: I:0 (   0.000   0.000   0.000 ) T:1 ( 258.175 258.175 258.175 258.175 258.175 258.175 )
347.000: I:0 (   0.000   0.000   0.000 ) T:1 ( 258.175 258.175 258.175 258.175 258.175 258.175 )
