#[Interval percentile log between 0.000 and <Infinite> seconds (relative to StartTime)]
#[StartTime: 1524555667.482 (seconds since epoch), Tue Apr 24 09:41:07 CEST 2018]
Time: IntervalPercentiles:count ( 50% 90% Max ) TotalPercentiles:count ( 50% 90% 99% 99.9% 99.99% Max )
8.715: I:16 ( 228.223 460.031 658.943 ) T:16 ( 228.223 460.031 658.943 658.943 658.943 658.943 )
18.692: I:19 ( 271.871 349.695 389.375 ) T:35 ( 243.071 349.695 658.943 658.943 658.943 658.943 )
28.692: I:16 ( 281.599 406.783 484.351 ) T:51 ( 254.463 379.647 658.943 658.943 658.943 658.943 )
38.689: I:17 ( 263.423 460.031 467.711 ) T:68 ( 254.463 389.375 658.943 658.943 658.943 658.943 )
48.690: I:15 ( 295.935 399.103 429.823 ) T:83 ( 263.423 389.375 658.943 658.943 658.943 658.943 )
58.691: I:16 ( 233.087 437.503 463.359 ) T:99 ( 254.463 399.103 658.943 658.943 658.943 658.943 )
68.688: I:16 ( 280.319 360.959 402.943 ) T:115 ( 263.423 389.375 484.351 658.943 658.943 658.943 )
78.703: I:16 ( 274.687 354.303 367.615 ) T:131 ( 271.103 379.647 484.351 658.943 658.943 658.943 )
88.689: I:15 ( 265.471 362.751 404.223 ) T:146 ( 268.031 379.647 484.351 658.943 658.943 658.943 )
98.689: I:17 ( 260.735 406.015 494.079 ) T:163 ( 265.471 379.647 494.079 658.943 658.943 658.943 )
108.690: I:18 ( 284.415 364.799 369.151 ) T:181 ( 271.103 377.087 494.079 658.943 658.943 658.943 )
118.686: I:15 ( 305.663 403.455 407.807 ) T:196 ( 273.151 379.391 494.079 658.943 658.943 658.943 )
128.689: I:12 ( 300.543 344.063 371.455 ) T:208 ( 279.039 377.599 484.351 658.943 658.943 658.943 )
138.686: I:17 ( 263.423 451.071 572.415 ) T:225 ( 279.039 379.391 494.079 658.943 658.943 658.943 )
148.688: I:18 ( 221.183 460.543 616.959 ) T:243 ( 274.687 379.391 572.415 658.943 658.943 658.943 )
158.687: I:16 ( 276.479 361.983 407.807 ) T:259 ( 275.199 379.391 572.415 658.943 658.943 658.943 )
168.688: I:17 ( 234.495 611.839 658.943 ) T:276 ( 273.919 380.927 616.959 658.943 658.943 658.943 )
178.683: I:17 ( 283.135 404.735 451.327 ) T:293 ( 274.687 380.927 616.959 658.943 658.943 658.943 )
188.691: I:17 ( 262.655 432.895 463.103 ) T:310 ( 272.127 383.487 611.839 658.943 658.943 658.943 )
198.686: I:16 ( 238.079 345.855 463.103 ) T:326 ( 270.847 383.487 611.839 658.943 658.943 658.943 )
208.686: I:16 ( 262.399 403.967 410.367 ) T:342 ( 270.847 383.487 611.839 658.943 658.943 658.943 )
218.689: I:20 ( 232.703 335.871 413.439 ) T:362 ( 266.239 382.207 611.839 658.943 658.943 658.943 )
228.687: I:18 ( 230.783 370.687 404.479 ) T:380 ( 265.215 380.927 611.839 658.943 658.943 658.943 )
238.683: I:19 ( 240.127 394.495 528.895 ) T:399 ( 263.935 383.487 611.839 658.943 658.943 658.943 )
248.681: I:20 ( 194.559 349.183 424.959 ) T:419 ( 261.887 383.487 572.415 658.943 658.943 658.943 )
258.688: I:19 ( 244.863 534.015 542.207 ) T:438 ( 260.223 383.487 572.415 658.943 658.943 658.943 )
268.688: I:19 ( 234.111 402.175 421.119 ) T:457 ( 259.711 383.487 572.415 658.943 658.943 658.943 )
278.685: I:18 ( 276.735 349.951 386.047 ) T:475 ( 259.967 382.207 572.415 658.943 658.943 658.943 )
288.687: I:16 ( 264.703 393.471 457.983 ) T:491 ( 260.223 382.207 572.415 658.943 658.943 658.943 )
298.686: I:19 ( 237.951 414.463 488.703 ) T:510 ( 257.535 383.487 542.207 658.943 658.943 658.943 )
308.685: I:17 ( 236.031 385.791 587.263 ) T:527 ( 257.535 384.511 572.415 658.943 658.943 658.943 )
318.684: I:18 ( 232.703 383.999 461.311 ) T:545 ( 256.127 383.999 572.415 658.943 658.943 658.943 )
328.687: I:18 ( 213.887 400.639 479.999 ) T:563 ( 255.231 384.511 572.415 658.943 658.943 658.943 )
338.685: I:17 ( 235.263 347.391 408.831 ) T:580 ( 254.463 383.999 572.415 658.943 658.943 658.943 )
348.687: I:19 ( 242.559 365.567 400.383 ) T:599 ( 253.055 383.999 572.415 658.943 658.943 658.943 )
358.683: I:14 ( 278.783 366.079 373.503 ) T:613 ( 255.231 382.207 542.207 658.943 658.943 658.943 )
368.686: I:17 ( 278.271 424.959 561.663 ) T:630 ( 256.127 383.999 561.663 658.943 658.943 658.943 )
378.687: I:16 ( 231.807 363.263 363.263 ) T:646 ( 256.127 383.487 561.663 658.943 658.943 658.943 )
388.687: I:19 ( 249.343 407.039 425.215 ) T:665 ( 256.127 383.999 561.663 658.943 658.943 658.943 )
398.686: I:16 ( 278.527 336.383 339.711 ) T:681 ( 256.767 382.207 561.663 658.943 658.943 658.943 )
408.686: I:13 ( 294.399 431.615 861.183 ) T:694 ( 259.711 383.487 572.415 861.183 861.183 861.183 )
418.687: I:17 ( 211.839 462.079 519.935 ) T:711 ( 257.663 383.487 561.663 861.183 861.183 861.183 )
428.685: I:17 ( 250.495 394.495 425.983 ) T:728 ( 257.535 383.999 561.663 861.183 861.183 861.183 )
438.687: I:19 ( 225.919 338.943 363.519 ) T:747 ( 256.127 382.207 561.663 861.183 861.183 861.183 )
448.685: I:17 ( 229.247 497.151 587.263 ) T:764 ( 253.055 382.207 572.415 861.183 861.183 861.183 )
458.689: I:21 ( 238.975 322.047 375.295 ) T:785 ( 252.799 379.647 572.415 861.183 861.183 861.183 )
468.690: I:16 ( 227.839 351.231 433.663 ) T:801 ( 252.799 379.391 561.663 861.183 861.183 861.183 )
478.682: I:18 ( 251.903 480.511 508.415 ) T:819 ( 252.799 379.647 561.663 861.183 861.183 861.183 )
488.684: I:20 ( 248.703 337.407 394.495 ) T:839 ( 252.799 379.391 561.663 861.183 861.183 861.183 )
498.690: I:16 ( 314.367 376.575 508.159 ) T:855 ( 255.231 379.135 561.663 861.183 861.183 861.183 )
508.686: I:17 ( 240.895 387.327 390.655 ) T:872 ( 253.055 379.135 561.663 861.183 861.183 861.183 )
518.687: I:16 ( 254.335 355.583 465.407 ) T:888 ( 254.335 379.135 561.663 861.183 861.183 861.183 )
528.684: I:15 ( 292.351 459.263 529.407 ) T:903 ( 256.767 379.391 542.207 861.183 861.183 861.183 )
538.688: I:15 ( 265.983 356.607 473.343 ) T:918 ( 257.535 379.391 542.207 861.183 861.183 861.183 )
548.687: I:17 ( 274.943 454.143 468.223 ) T:935 ( 257.663 379.391 542.207 861.183 861.183 861.183 )
558.687: I:18 ( 238.847 413.183 469.503 ) T:953 ( 257.663 379.647 542.207 861.183 861.183 861.183 )
568.688: I:15 ( 284.415 410.367 491.007 ) T:968 ( 258.431 382.207 542.207 861.183 861.183 861.183 )
578.686: I:16 ( 269.311 335.615 397.311 ) T:984 ( 258.815 380.927 542.207 861.183 861.183 861.183 )
588.687: I:17 ( 245.119 348.927 370.943 ) T:1001 ( 258.431 379.391 534.015 658.943 861.183 861.183 )
598.683: I:15 ( 272.895 442.367 452.095 ) T:1016 ( 258.815 380.927 534.015 658.943 861.183 861.183 )
608.685: I:17 ( 231.935 347.903 412.927 ) T:1033 ( 258.815 379.647 534.015 658.943 861.183 861.183 )
618.688: I:17 ( 280.063 412.159 423.423 ) T:1050 ( 259.071 379.647 534.015 658.943 861.183 861.183 )
628.687: I:19 ( 241.023 334.591 422.143 ) T:1069 ( 258.815 379.647 534.015 658.943 861.183 861.183 )
638.687: I:17 ( 280.063 388.607 403.455 ) T:1086 ( 259.583 379.903 534.015 658.943 861.183 861.183 )
648.688: I:15 ( 283.135 369.407 1193.983 ) T:1101 ( 259.711 379.647 534.015 861.183 1193.983 1193.983 )
658.689: I:20 ( 210.431 325.119 575.487 ) T:1121 ( 258.815 379.391 542.207 861.183 1193.983 1193.983 )
668.687: I:13 ( 319.743 392.959 451.583 ) T:1134 ( 259.583 379.647 542.207 861.183 1193.983 1193.983 )
678.686: I:15 ( 301.311 445.695 445.695 ) T:1149 ( 259.967 382.207 542.207 861.183 1193.983 1193.983 )
688.687: I:17 ( 259.839 464.895 550.399 ) T:1166 ( 259.967 382.207 550.399 861.183 1193.983 1193.983 )
698.688: I:18 ( 237.183 361.471 454.655 ) T:1184 ( 259.967 380.927 550.399 861.183 1193.983 1193.983 )
708.686: I:18 ( 210.559 365.567 399.103 ) T:1202 ( 259.711 380.159 542.207 861.183 1193.983 1193.983 )
718.687: I:16 ( 254.975 392.191 451.583 ) T:1218 ( 259.711 380.927 542.207 861.183 1193.983 1193.983 )
728.686: I:17 ( 238.719 461.311 569.343 ) T:1235 ( 259.583 380.927 550.399 861.183 1193.983 1193.983 )
738.686: I:17 ( 255.743 402.943 562.175 ) T:1252 ( 259.071 380.927 561.663 861.183 1193.983 1193.983 )
748.689: I:15 ( 298.239 358.399 359.935 ) T:1267 ( 259.711 380.159 561.663 861.183 1193.983 1193.983 )
758.688: I:16 ( 277.759 438.527 580.607 ) T:1283 ( 259.839 380.159 562.175 861.183 1193.983 1193.983 )
768.687: I:14 ( 306.175 378.111 612.351 ) T:1297 ( 259.967 380.159 569.343 861.183 1193.983 1193.983 )
778.688: I:19 ( 244.863 394.239 416.511 ) T:1316 ( 259.839 380.159 562.175 861.183 1193.983 1193.983 )
788.687: I:19 ( 215.679 421.375 445.439 ) T:1335 ( 259.071 380.927 562.175 861.183 1193.983 1193.983 )
798.687: I:15 ( 281.087 451.071 454.143 ) T:1350 ( 259.711 383.487 562.175 861.183 1193.983 1193.983 )
808.687: I:18 ( 215.039 551.423 617.471 ) T:1368 ( 259.071 383.999 569.343 861.183 1193.983 1193.983 )
818.682: I:16 ( 297.471 440.319 612.863 ) T:1384 ( 259.711 383.999 572.415 861.183 1193.983 1193.983 )
828.687: I:17 ( 239.487 386.559 423.935 ) T:1401 ( 259.583 383.999 569.343 861.183 1193.983 1193.983 )
838.687: I:14 ( 260.863 359.167 549.375 ) T:1415 ( 259.711 383.999 569.343 861.183 1193.983 1193.983 )
848.686: I:14 ( 319.743 483.071 507.135 ) T:1429 ( 259.967 385.791 569.343 861.183 1193.983 1193.983 )
858.687: I:18 ( 227.071 364.287 414.975 ) T:1447 ( 259.967 384.511 569.343 861.183 1193.983 1193.983 )
868.687: I:20 ( 186.239 275.455 796.159 ) T:1467 ( 259.583 384.511 572.415 861.183 1193.983 1193.983 )
878.687: I:17 ( 251.007 364.543 787.967 ) T:1484 ( 259.071 383.999 575.487 861.183 1193.983 1193.983 )
888.688: I:18 ( 191.871 353.791 463.103 ) T:1502 ( 258.431 383.487 572.415 861.183 1193.983 1193.983 )
898.687: I:15 ( 286.975 550.911 612.351 ) T:1517 ( 259.071 384.511 575.487 861.183 1193.983 1193.983 )
908.686: I:16 ( 230.911 394.751 397.055 ) T:1533 ( 258.815 384.511 575.487 861.183 1193.983 1193.983 )
918.685: I:17 ( 230.655 425.727 491.007 ) T:1550 ( 258.431 385.791 575.487 861.183 1193.983 1193.983 )
928.686: I:17 ( 278.015 448.255 478.207 ) T:1567 ( 258.815 386.047 575.487 861.183 1193.983 1193.983 )
938.684: I:19 ( 203.775 355.071 376.575 ) T:1586 ( 258.431 384.511 575.487 861.183 1193.983 1193.983 )
948.687: I:17 ( 231.807 412.671 414.719 ) T:1603 ( 258.431 384.511 572.415 861.183 1193.983 1193.983 )
958.686: I:15 ( 278.527 633.343 634.879 ) T:1618 ( 258.431 386.047 580.607 861.183 1193.983 1193.983 )
968.688: I:17 ( 270.847 365.823 446.463 ) T:1635 ( 258.815 385.791 580.607 861.183 1193.983 1193.983 )
978.687: I:15 ( 264.703 411.647 437.759 ) T:1650 ( 259.071 385.791 580.607 861.183 1193.983 1193.983 )
988.686: I:20 ( 172.927 307.199 542.207 ) T:1670 ( 258.431 384.511 580.607 861.183 1193.983 1193.983 )
998.688: I:16 ( 241.791 530.431 562.687 ) T:1686 ( 258.431 385.791 580.607 861.183 1193.983 1193.983 )
1008.685: I:19 ( 243.327 451.583 525.823 ) T:1705 ( 258.175 385.791 575.487 861.183 1193.983 1193.983 )
1018.687: I:16 ( 242.815 453.375 461.567 ) T:1721 ( 258.175 385.791 575.487 861.183 1193.983 1193.983 )
1028.687: I:18 ( 236.287 340.735 350.463 ) T:1739 ( 258.175 384.511 575.487 861.183 1193.983 1193.983 )
1038.686: I:18 ( 225.279 438.271 535.551 ) T:1757 ( 257.535 384.511 575.487 861.183 1193.983 1193.983 )
1048.684: I:15 ( 312.063 391.423 462.847 ) T:1772 ( 257.791 384.511 575.487 861.183 1193.983 1193.983 )
1058.688: I:16 ( 278.783 366.847 368.639 ) T:1788 ( 258.175 383.999 575.487 861.183 1193.983 1193.983 )
1068.685: I:16 ( 304.127 415.487 429.823 ) T:1804 ( 258.431 383.999 572.415 861.183 1193.983 1193.983 )
1078.686: I:17 ( 265.471 374.015 407.039 ) T:1821 ( 258.559 383.487 572.415 861.183 1193.983 1193.983 )
1088.689: I:18 ( 227.455 493.055 643.583 ) T:1839 ( 258.431 383.999 575.487 861.183 1193.983 1193.983 )
1098.686: I:17 ( 214.271 358.399 609.279 ) T:1856 ( 258.175 383.487 580.607 861.183 1193.983 1193.983 )
1108.688: I:18 ( 236.031 403.711 638.975 ) T:1874 ( 258.175 383.487 587.263 861.183 1193.983 1193.983 )
1118.687: I:15 ( 273.663 359.423 466.175 ) T:1889 ( 258.431 383.487 587.263 861.183 1193.983 1193.983 )
1128.685: I:17 ( 224.127 447.231 486.911 ) T:1906 ( 258.175 383.487 580.607 861.183 1193.983 1193.983 )
1138.685: I:17 ( 239.871 375.551 440.319 ) T:1923 ( 258.175 382.207 580.607 861.183 1193.983 1193.983 )
1148.686: I:19 ( 208.511 435.455 506.623 ) T:1942 ( 257.663 382.207 580.607 861.183 1193.983 1193.983 )
1158.688: I:17 ( 221.567 388.863 565.247 ) T:1959 ( 257.535 383.487 580.607 861.183 1193.983 1193.983 )
1168.687: I:18 ( 272.639 422.399 436.479 ) T:1977 ( 257.663 383.487 580.607 861.183 1193.983 1193.983 )
1178.685: I:20 ( 244.351 325.119 354.047 ) T:1997 ( 257.407 380.927 580.607 861.183 1193.983 1193.983 )
1188.686: I:15 ( 284.927 396.287 506.111 ) T:2012 ( 257.535 380.927 575.487 796.159 1193.983 1193.983 )
1198.685: I:19 ( 222.207 544.767 629.759 ) T:2031 ( 257.151 380.927 580.607 796.159 1193.983 1193.983 )
1208.685: I:17 ( 220.799 471.295 645.119 ) T:2048 ( 256.767 382.207 587.263 796.159 1193.983 1193.983 )
1218.686: I:16 ( 267.263 359.423 662.015 ) T:2064 ( 256.895 380.927 587.263 796.159 1193.983 1193.983 )
1228.687: I:14 ( 284.415 423.935 545.791 ) T:2078 ( 257.407 382.207 587.263 796.159 1193.983 1193.983 )
1238.685: I:17 ( 238.335 414.975 693.247 ) T:2095 ( 257.151 382.207 609.279 796.159 1193.983 1193.983 )
1248.686: I:17 ( 214.143 366.079 906.239 ) T:2112 ( 256.767 380.927 609.279 861.183 1193.983 1193.983 )
1258.687: I:14 ( 306.431 382.207 432.383 ) T:2126 ( 257.151 382.207 609.279 861.183 1193.983 1193.983 )
1268.688: I:16 ( 260.351 386.559 527.359 ) T:2142 ( 257.407 382.207 609.279 861.183 1193.983 1193.983 )
1278.687: I:17 ( 292.863 423.423 467.967 ) T:2159 ( 257.663 384.511 609.279 861.183 1193.983 1193.983 )
1288.689: I:18 ( 207.743 349.439 507.903 ) T:2177 ( 257.535 383.999 609.279 861.183 1193.983 1193.983 )
1298.681: I:18 ( 260.223 343.551 623.103 ) T:2195 ( 257.663 383.487 611.839 861.183 1193.983 1193.983 )
1308.686: I:17 ( 213.631 461.311 579.583 ) T:2212 ( 257.151 383.487 609.279 861.183 1193.983 1193.983 )
1318.686: I:18 ( 245.375 338.175 351.999 ) T:2230 ( 257.151 382.207 609.279 861.183 1193.983 1193.983 )
1328.684: I:17 ( 292.095 336.127 344.063 ) T:2247 ( 257.535 380.927 609.279 861.183 1193.983 1193.983 )
1338.687: I:16 ( 239.103 426.495 429.567 ) T:2263 ( 257.535 380.927 609.279 861.183 1193.983 1193.983 )
1348.687: I:19 ( 250.623 419.583 435.455 ) T:2282 ( 257.407 380.927 609.279 861.183 1193.983 1193.983 )
1358.685: I:16 ( 306.431 371.967 386.303 ) T:2298 ( 257.663 380.927 609.279 861.183 1193.983 1193.983 )
1368.688: I:14 ( 249.599 319.999 677.887 ) T:2312 ( 257.663 380.927 609.279 861.183 1193.983 1193.983 )
1378.688: I:15 ( 280.831 367.871 395.519 ) T:2327 ( 257.791 380.927 609.279 861.183 1193.983 1193.983 )
1388.686: I:15 ( 245.631 418.559 517.119 ) T:2342 ( 257.663 380.927 609.279 861.183 1193.983 1193.983 )
1398.687: I:18 ( 208.255 457.983 697.855 ) T:2360 ( 257.151 380.927 611.839 861.183 1193.983 1193.983 )
1408.685: I:15 ( 311.039 380.159 387.839 ) T:2375 ( 257.663 380.927 611.839 861.183 1193.983 1193.983 )
1418.686: I:15 ( 283.135 386.559 400.127 ) T:2390 ( 257.663 380.927 611.839 861.183 1193.983 1193.983 )
1428.687: I:17 ( 282.367 411.135 650.239 ) T:2407 ( 257.791 380.927 611.839 861.183 1193.983 1193.983 )
1438.687: I:16 ( 279.551 349.183 443.903 ) T:2423 ( 258.175 380.927 611.839 861.183 1193.983 1193.983 )
1448.689: I:16 ( 282.623 394.751 468.735 ) T:2439 ( 258.431 382.207 611.839 861.183 1193.983 1193.983 )
1458.689: I:15 ( 274.175 389.119 429.823 ) T:2454 ( 258.431 382.207 611.839 861.183 1193.983 1193.983 )
1468.685: I:17 ( 261.759 396.287 442.111 ) T:2471 ( 258.431 382.207 611.839 861.183 1193.983 1193.983 )
1478.684: I:19 ( 251.135 351.999 442.111 ) T:2490 ( 258.431 380.927 611.839 861.183 1193.983 1193.983 )
1488.680: I:20 ( 232.319 342.271 391.679 ) T:2510 ( 258.047 380.927 609.279 861.183 1193.983 1193.983 )
1498.683: I:17 ( 226.431 472.319 473.855 ) T:2527 ( 257.791 382.207 609.279 861.183 1193.983 1193.983 )
1508.687: I:16 ( 319.743 461.055 468.735 ) T:2543 ( 258.175 382.207 609.279 861.183 1193.983 1193.983 )
1518.687: I:16 ( 243.583 380.927 439.807 ) T:2559 ( 257.791 382.207 609.279 861.183 1193.983 1193.983 )
1528.687: I:19 ( 237.055 417.023 451.839 ) T:2578 ( 257.663 382.207 609.279 861.183 1193.983 1193.983 )
1538.681: I:17 ( 257.407 361.727 392.191 ) T:2595 ( 257.663 382.207 609.279 861.183 1193.983 1193.983 )
1548.686: I:18 ( 268.799 355.327 468.223 ) T:2613 ( 257.663 382.207 587.263 861.183 1193.983 1193.983 )
1558.687: I:18 ( 223.231 492.799 538.111 ) T:2631 ( 257.663 382.207 587.263 861.183 1193.983 1193.983 )
1568.687: I:16 ( 265.471 351.999 634.367 ) T:2647 ( 257.663 382.207 609.279 861.183 1193.983 1193.983 )
1578.685: I:22 ( 203.903 336.127 414.975 ) T:2669 ( 257.535 382.207 609.279 861.183 1193.983 1193.983 )
1588.687: I:17 ( 215.295 506.367 576.511 ) T:2686 ( 257.407 382.207 609.279 861.183 1193.983 1193.983 )
1598.687: I:19 ( 261.247 350.719 352.511 ) T:2705 ( 257.407 380.927 587.263 861.183 1193.983 1193.983 )
1608.685: I:17 ( 208.767 394.495 487.423 ) T:2722 ( 257.151 380.927 587.263 861.183 1193.983 1193.983 )
1618.689: I:15 ( 293.631 394.751 457.215 ) T:2737 ( 257.535 380.927 587.263 861.183 1193.983 1193.983 )
1628.685: I:16 ( 268.031 493.055 528.383 ) T:2753 ( 257.663 380.927 587.263 861.183 1193.983 1193.983 )
1638.686: I:17 ( 285.183 384.511 434.175 ) T:2770 ( 257.663 382.207 587.263 861.183 1193.983 1193.983 )
1648.685: I:16 ( 260.863 383.231 414.719 ) T:2786 ( 257.791 382.207 587.263 861.183 1193.983 1193.983 )
1658.686: I:15 ( 260.095 470.015 693.247 ) T:2801 ( 257.791 382.207 587.263 861.183 1193.983 1193.983 )
1668.685: I:17 ( 266.495 598.527 617.983 ) T:2818 ( 257.791 383.231 609.279 861.183 1193.983 1193.983 )
1678.683: I:18 ( 232.831 417.535 597.503 ) T:2836 ( 257.663 383.231 609.279 861.183 1193.983 1193.983 )
1688.688: I:16 ( 227.711 319.743 382.463 ) T:2852 ( 257.663 382.207 609.279 861.183 1193.983 1193.983 )
1698.681: I:21 ( 255.615 369.919 413.695 ) T:2873 ( 257.663 382.207 609.279 861.183 1193.983 1193.983 )
1708.684: I:16 ( 214.655 424.703 429.823 ) T:2889 ( 257.663 382.463 609.279 861.183 1193.983 1193.983 )
1718.687: I:17 ( 256.511 413.951 540.671 ) T:2906 ( 257.535 382.463 598.527 861.183 1193.983 1193.983 )
1728.685: I:15 ( 261.759 403.199 423.167 ) T:2921 ( 257.663 383.231 598.527 861.183 1193.983 1193.983 )
1738.687: I:19 ( 214.399 452.351 481.023 ) T:2940 ( 257.151 383.487 598.527 861.183 1193.983 1193.983 )
1748.688: I:17 ( 206.079 504.319 556.031 ) T:2957 ( 256.895 383.999 598.527 861.183 1193.983 1193.983 )
1758.687: I:18 ( 245.119 332.799 551.423 ) T:2975 ( 256.767 383.487 598.527 861.183 1193.983 1193.983 )
1768.687: I:16 ( 247.039 389.631 443.903 ) T:2991 ( 256.767 383.487 598.527 861.183 1193.983 1193.983 )
1778.687: I:18 ( 252.159 347.647 444.927 ) T:3009 ( 256.767 383.487 597.503 796.159 1193.983 1193.983 )
1788.684: I:14 ( 280.831 383.487 400.127 ) T:3023 ( 256.895 383.487 597.503 796.159 1193.983 1193.983 )
1798.685: I:18 ( 190.591 423.167 500.735 ) T:3041 ( 256.767 383.999 597.503 796.159 1193.983 1193.983 )
1808.745: I:19 ( 216.575 474.111 640.511 ) T:3060 ( 256.127 383.999 598.527 796.159 1193.983 1193.983 )
1818.686: I:16 ( 240.127 357.887 476.415 ) T:3076 ( 256.127 383.999 598.527 796.159 1193.983 1193.983 )
1828.685: I:15 ( 287.487 479.487 585.215 ) T:3091 ( 256.767 383.999 598.527 796.159 1193.983 1193.983 )
1838.687: I:17 ( 244.223 404.479 476.927 ) T:3108 ( 256.767 384.255 597.503 796.159 1193.983 1193.983 )
1848.685: I:18 ( 231.167 294.143 552.447 ) T:3126 ( 256.127 383.999 597.503 796.159 1193.983 1193.983 )
1858.686: I:19 ( 209.023 343.039 419.071 ) T:3145 ( 255.743 383.487 597.503 796.159 1193.983 1193.983 )
1868.685: I:20 ( 219.135 308.735 572.415 ) T:3165 ( 255.743 383.487 597.503 796.159 1193.983 1193.983 )
1878.685: I:15 ( 295.935 354.047 372.479 ) T:3180 ( 256.127 382.463 597.503 796.159 1193.983 1193.983 )
1888.685: I:16 ( 308.991 404.991 439.295 ) T:3196 ( 256.767 383.231 597.503 796.159 1193.983 1193.983 )
1898.686: I:14 ( 284.927 396.543 418.303 ) T:3210 ( 256.767 383.231 587.263 796.159 1193.983 1193.983 )
1908.686: I:16 ( 291.327 448.255 475.903 ) T:3226 ( 256.767 383.999 587.263 796.159 1193.983 1193.983 )
1918.686: I:17 ( 268.543 364.799 501.759 ) T:3243 ( 256.895 383.487 587.263 796.159 1193.983 1193.983 )
1928.685: I:18 ( 227.839 384.767 394.239 ) T:3261 ( 256.767 383.487 587.263 796.159 1193.983 1193.983 )
1938.687: I:15 ( 312.319 384.255 543.231 ) T:3276 ( 256.895 383.999 587.263 796.159 1193.983 1193.983 )
1948.686: I:19 ( 218.879 426.495 459.775 ) T:3295 ( 256.767 383.999 587.263 796.159 1193.983 1193.983 )
1958.684: I:18 ( 203.007 413.183 471.551 ) T:3313 ( 256.767 383.999 587.263 796.159 1193.983 1193.983 )
1968.687: I:16 ( 272.895 394.751 438.783 ) T:3329 ( 256.767 384.255 587.263 796.159 1193.983 1193.983 )
1978.684: I:16 ( 264.447 513.023 526.335 ) T:3345 ( 256.767 384.511 587.263 796.159 1193.983 1193.983 )
1988.684: I:17 ( 261.503 381.695 574.975 ) T:3362 ( 256.767 384.255 587.263 796.159 1193.983 1193.983 )
1998.687: I:17 ( 229.631 417.535 482.815 ) T:3379 ( 256.767 384.511 587.263 796.159 1193.983 1193.983 )
2008.685: I:19 ( 207.615 394.495 550.911 ) T:3398 ( 256.511 384.511 587.263 796.159 1193.983 1193.983 )
2018.686: I:17 ( 262.143 458.239 469.247 ) T:3415 ( 256.767 384.511 585.215 796.159 1193.983 1193.983 )
2028.690: I:19 ( 198.527 423.935 434.175 ) T:3434 ( 256.511 384.511 585.215 796.159 1193.983 1193.983 )
2038.686: I:16 ( 270.079 485.887 599.551 ) T:3450 ( 256.767 384.511 587.263 796.159 1193.983 1193.983 )
2048.684: I:17 ( 253.183 353.535 413.439 ) T:3467 ( 256.767 384.511 587.263 796.159 1193.983 1193.983 )
2058.687: I:17 ( 267.775 416.255 425.471 ) T:3484 ( 256.767 384.511 587.263 796.159 1193.983 1193.983 )
2068.687: I:19 ( 260.863 328.959 371.967 ) T:3503 ( 256.767 384.511 585.215 796.159 1193.983 1193.983 )
2078.681: I:18 ( 229.759 332.799 352.511 ) T:3521 ( 256.767 384.255 585.215 796.159 1193.983 1193.983 )
2088.687: I:18 ( 246.655 418.303 616.959 ) T:3539 ( 256.127 384.255 587.263 796.159 1193.983 1193.983 )
2098.687: I:17 ( 280.063 503.807 530.431 ) T:3556 ( 256.127 384.511 587.263 796.159 1193.983 1193.983 )
2108.686: I:17 ( 251.135 497.663 638.463 ) T:3573 ( 256.127 384.511 587.263 796.159 1193.983 1193.983 )
2118.687: I:14 ( 290.303 378.879 607.231 ) T:3587 ( 256.767 384.511 597.503 796.159 1193.983 1193.983 )
2128.684: I:17 ( 258.047 490.495 596.991 ) T:3604 ( 256.767 384.511 596.991 796.159 1193.983 1193.983 )
2138.686: I:19 ( 229.119 334.079 361.471 ) T:3623 ( 256.511 384.255 596.991 796.159 1193.983 1193.983 )
2148.688: I:17 ( 261.375 421.375 467.711 ) T:3640 ( 256.511 384.255 596.991 796.159 1193.983 1193.983 )
2158.683: I:17 ( 282.623 476.927 536.575 ) T:3657 ( 256.767 384.511 596.991 796.159 1193.983 1193.983 )
2168.680: I:18 ( 226.047 389.887 521.983 ) T:3675 ( 256.767 384.511 596.991 796.159 1193.983 1193.983 )
2178.684: I:17 ( 254.079 398.847 503.039 ) T:3692 ( 256.767 384.511 596.991 796.159 1193.983 1193.983 )
2188.684: I:14 ( 275.711 341.247 370.175 ) T:3706 ( 256.767 384.511 587.263 796.159 1193.983 1193.983 )
2198.687: I:18 ( 236.031 406.783 524.799 ) T:3724 ( 256.767 384.767 587.263 796.159 1193.983 1193.983 )
2208.686: I:17 ( 300.799 362.495 528.383 ) T:3741 ( 256.767 384.511 587.263 796.159 1193.983 1193.983 )
2218.686: I:14 ( 304.383 421.375 430.591 ) T:3755 ( 256.895 385.791 587.263 796.159 1193.983 1193.983 )
2228.685: I:14 ( 305.151 487.935 527.871 ) T:3769 ( 257.407 386.047 587.263 796.159 1193.983 1193.983 )
2238.687: I:18 ( 227.071 368.383 449.023 ) T:3787 ( 257.151 385.791 587.263 796.159 1193.983 1193.983 )
2248.686: I:17 ( 293.119 383.999 515.327 ) T:3804 ( 257.407 385.535 587.263 796.159 1193.983 1193.983 )
2258.686: I:17 ( 244.095 342.271 568.831 ) T:3821 ( 257.151 385.279 587.263 796.159 1193.983 1193.983 )
2268.681: I:17 ( 258.943 372.223 399.871 ) T:3838 ( 257.151 385.279 587.263 796.159 1193.983 1193.983 )
2278.685: I:15 ( 283.903 409.855 566.271 ) T:3853 ( 257.407 385.279 587.263 796.159 1193.983 1193.983 )
2288.687: I:16 ( 289.279 395.519 519.935 ) T:3869 ( 257.407 385.535 587.263 796.159 1193.983 1193.983 )
2298.687: I:15 ( 304.895 434.687 456.703 ) T:3884 ( 257.535 385.791 587.263 796.159 1193.983 1193.983 )
2308.686: I:16 ( 231.551 350.463 382.719 ) T:3900 ( 257.407 385.279 585.215 796.159 1193.983 1193.983 )
2318.687: I:15 ( 273.919 422.143 461.823 ) T:3915 ( 257.663 385.535 585.215 796.159 1193.983 1193.983 )
2328.685: I:15 ( 296.959 471.551 481.023 ) T:3930 ( 257.791 385.791 585.215 796.159 1193.983 1193.983 )
2338.680: I:18 ( 262.143 336.127 351.487 ) T:3948 ( 257.791 385.535 585.215 796.159 1193.983 1193.983 )
2348.683: I:14 ( 265.471 551.935 639.487 ) T:3962 ( 258.047 385.535 587.263 796.159 1193.983 1193.983 )
2358.682: I:13 ( 324.607 395.775 460.287 ) T:3975 ( 258.175 386.047 587.263 796.159 1193.983 1193.983 )
2368.688: I:15 ( 242.175 368.127 599.039 ) T:3990 ( 258.175 385.791 587.263 796.159 1193.983 1193.983 )
2378.688: I:20 ( 243.455 354.303 497.919 ) T:4010 ( 258.047 385.535 587.263 787.967 1193.983 1193.983 )
2388.686: I:17 ( 266.239 365.567 374.527 ) T:4027 ( 258.175 385.279 587.263 787.967 1193.983 1193.983 )
2398.686: I:18 ( 239.103 436.735 503.807 ) T:4045 ( 258.047 385.279 587.263 787.967 1193.983 1193.983 )
2408.685: I:16 ( 272.895 469.503 503.807 ) T:4061 ( 258.175 385.791 587.263 787.967 1193.983 1193.983 )
2418.686: I:18 ( 228.991 351.231 465.663 ) T:4079 ( 258.047 385.791 587.263 787.967 1193.983 1193.983 )
2428.687: I:16 ( 243.839 366.591 737.279 ) T:4095 ( 258.047 385.535 587.263 787.967 1193.983 1193.983 )
2438.687: I:13 ( 292.095 384.255 581.631 ) T:4108 ( 258.047 385.535 587.263 787.967 1193.983 1193.983 )
2448.692: I:18 ( 247.807 366.847 372.223 ) T:4126 ( 258.047 384.767 587.263 787.967 1193.983 1193.983 )
2458.686: I:17 ( 221.055 546.303 641.535 ) T:4143 ( 258.047 385.279 587.263 787.967 1193.983 1193.983 )
2468.685: I:16 ( 240.511 428.031 651.775 ) T:4159 ( 257.791 385.535 596.991 787.967 1193.983 1193.983 )
2478.687: I:18 ( 228.991 436.991 532.479 ) T:4177 ( 257.791 385.791 596.991 787.967 1193.983 1193.983 )
2488.687: I:18 ( 235.391 416.511 544.255 ) T:4195 ( 257.663 386.047 596.991 787.967 1193.983 1193.983 )
2498.687: I:15 ( 274.175 371.455 598.527 ) T:4210 ( 257.663 386.047 596.991 787.967 1193.983 1193.983 )
2508.686: I:19 ( 195.071 293.119 354.815 ) T:4229 ( 257.407 385.791 596.991 787.967 1193.983 1193.983 )
2518.685: I:16 ( 215.679 380.927 502.783 ) T:4245 ( 257.407 385.535 596.991 787.967 1193.983 1193.983 )
2528.685: I:16 ( 265.471 442.111 580.095 ) T:4261 ( 257.407 385.791 596.991 787.967 1193.983 1193.983 )
2538.687: I:18 ( 259.071 387.839 483.839 ) T:4279 ( 257.407 386.047 596.991 787.967 1193.983 1193.983 )
2548.682: I:16 ( 251.007 388.351 486.399 ) T:4295 ( 257.407 386.047 596.991 787.967 1193.983 1193.983 )
2558.688: I:17 ( 226.687 391.423 463.359 ) T:4312 ( 257.407 386.047 587.263 787.967 1193.983 1193.983 )
2568.687: I:18 ( 230.271 435.967 521.471 ) T:4330 ( 257.279 386.047 587.263 787.967 1193.983 1193.983 )
2578.688: I:16 ( 286.207 412.927 523.263 ) T:4346 ( 257.407 386.559 587.263 787.967 1193.983 1193.983 )
2588.686: I:16 ( 254.207 355.839 363.775 ) T:4362 ( 257.407 386.047 587.263 787.967 1193.983 1193.983 )
2598.684: I:17 ( 266.495 357.119 364.543 ) T:4379 ( 257.407 386.047 587.263 787.967 1193.983 1193.983 )
2608.688: I:16 ( 189.311 464.639 515.839 ) T:4395 ( 257.407 386.047 587.263 787.967 1193.983 1193.983 )
2618.685: I:16 ( 284.159 478.207 490.495 ) T:4411 ( 257.407 386.047 587.263 787.967 1193.983 1193.983 )
2628.687: I:20 ( 238.463 300.031 358.399 ) T:4431 ( 257.279 385.535 587.263 787.967 1193.983 1193.983 )
2638.687: I:16 ( 249.983 376.319 381.951 ) T:4447 ( 257.279 385.279 587.263 787.967 1193.983 1193.983 )
2648.685: I:17 ( 279.039 375.295 404.735 ) T:4464 ( 257.407 384.767 587.263 787.967 1193.983 1193.983 )
2658.686: I:18 ( 245.503 423.423 470.271 ) T:4482 ( 257.279 385.279 587.263 787.967 1193.983 1193.983 )
2668.688: I:17 ( 289.023 350.719 425.983 ) T:4499 ( 257.407 385.279 587.263 787.967 1193.983 1193.983 )
2678.686: I:15 ( 281.087 425.471 634.879 ) T:4514 ( 257.407 385.535 587.263 787.967 1193.983 1193.983 )
2688.685: I:16 ( 291.327 498.687 705.535 ) T:4530 ( 257.407 385.535 587.263 787.967 1193.983 1193.983 )
2698.685: I:15 ( 276.479 402.943 457.471 ) T:4545 ( 257.663 386.047 587.263 787.967 1193.983 1193.983 )
2708.686: I:17 ( 253.695 357.119 389.375 ) T:4562 ( 257.535 386.047 587.263 787.967 1193.983 1193.983 )
2718.687: I:17 ( 234.239 395.519 412.927 ) T:4579 ( 257.535 386.047 587.263 787.967 1193.983 1193.983 )
2728.682: I:17 ( 228.095 364.031 430.591 ) T:4596 ( 257.407 386.047 587.263 787.967 1193.983 1193.983 )
2738.687: I:19 ( 222.335 399.871 580.607 ) T:4615 ( 257.407 386.047 587.263 787.967 1193.983 1193.983 )
2748.686: I:17 ( 230.911 328.703 408.575 ) T:4632 ( 257.151 385.791 587.263 787.967 1193.983 1193.983 )
2758.686: I:16 ( 310.015 383.999 586.239 ) T:4648 ( 257.279 385.791 587.263 787.967 1193.983 1193.983 )
2768.680: I:17 ( 294.911 396.031 619.519 ) T:4665 ( 257.407 386.047 587.263 787.967 1193.983 1193.983 )
2778.686: I:19 ( 260.735 397.311 445.695 ) T:4684 ( 257.407 386.047 587.263 787.967 1193.983 1193.983 )
2788.686: I:17 ( 282.623 338.431 366.591 ) T:4701 ( 257.407 385.535 587.263 787.967 1193.983 1193.983 )
2798.697: I:18 ( 233.599 396.543 447.999 ) T:4719 ( 257.407 385.791 587.263 787.967 1193.983 1193.983 )
2808.686: I:18 ( 194.687 550.911 598.527 ) T:4737 ( 257.407 386.047 587.263 787.967 1193.983 1193.983 )
2818.686: I:12 ( 320.511 429.055 516.351 ) T:4749 ( 257.535 386.047 587.263 787.967 1193.983 1193.983 )
2828.681: I:14 ( 290.303 339.711 375.551 ) T:4763 ( 257.663 385.791 587.263 787.967 1193.983 1193.983 )
2838.687: I:18 ( 246.143 391.167 417.535 ) T:4781 ( 257.535 385.791 587.263 787.967 1193.983 1193.983 )
2848.686: I:18 ( 248.959 389.887 445.951 ) T:4799 ( 257.407 386.047 587.263 787.967 1193.983 1193.983 )
2858.681: I:18 ( 195.071 430.335 468.479 ) T:4817 ( 257.407 386.047 587.263 787.967 1193.983 1193.983 )
2868.686: I:15 ( 277.759 390.143 430.335 ) T:4832 ( 257.407 386.047 587.263 787.967 1193.983 1193.983 )
2878.686: I:15 ( 262.655 434.687 563.199 ) T:4847 ( 257.407 386.559 587.263 787.967 1193.983 1193.983 )
2888.686: I:17 ( 265.215 369.919 456.191 ) T:4864 ( 257.407 386.303 587.263 787.967 1193.983 1193.983 )
2898.683: I:14 ( 318.719 347.647 355.071 ) T:4878 ( 257.663 386.047 587.263 787.967 1193.983 1193.983 )
2908.685: I:16 ( 243.967 415.999 733.695 ) T:4894 ( 257.535 386.559 587.263 787.967 1193.983 1193.983 )
2918.682: I:15 ( 274.687 528.895 666.111 ) T:4909 ( 257.663 386.559 587.263 787.967 1193.983 1193.983 )
2928.689: I:16 ( 252.031 392.959 547.839 ) T:4925 ( 257.663 386.559 587.263 787.967 1193.983 1193.983 )
2938.686: I:17 ( 270.591 465.919 522.239 ) T:4942 ( 257.663 386.559 587.263 787.967 1193.983 1193.983 )
2948.688: I:19 ( 265.215 354.559 497.407 ) T:4961 ( 257.663 386.559 587.263 787.967 1193.983 1193.983 )
2958.680: I:18 ( 249.471 368.383 459.263 ) T:4979 ( 257.535 386.559 587.263 787.967 1193.983 1193.983 )
2968.686: I:16 ( 284.927 342.783 705.535 ) T:4995 ( 257.663 386.559 596.991 787.967 1193.983 1193.983 )
2978.687: I:15 ( 243.839 434.431 447.231 ) T:5010 ( 257.535 386.559 587.263 737.279 1193.983 1193.983 )
2988.687: I:17 ( 261.887 372.223 450.303 ) T:5027 ( 257.535 386.559 587.263 737.279 1193.983 1193.983 )
2998.682: I:18 ( 240.511 328.447 590.847 ) T:5045 ( 257.407 386.303 590.847 737.279 1193.983 1193.983 )
3008.685: I:19 ( 240.767 365.567 380.927 ) T:5064 ( 257.407 386.047 590.847 737.279 1193.983 1193.983 )
3018.681: I:19 ( 256.511 580.095 671.231 ) T:5083 ( 257.407 386.047 596.991 737.279 1193.983 1193.983 )
3028.682: I:16 ( 256.511 360.703 391.935 ) T:5099 ( 257.407 386.047 596.991 737.279 1193.983 1193.983 )
3038.686: I:16 ( 302.335 348.671 630.783 ) T:5115 ( 257.407 386.047 596.991 737.279 1193.983 1193.983 )
3048.685: I:18 ( 207.359 464.639 861.695 ) T:5133 ( 257.279 386.047 597.503 787.967 1193.983 1193.983 )
3058.687: I:13 ( 325.631 450.559 629.247 ) T:5146 ( 257.407 386.559 598.527 787.967 1193.983 1193.983 )
3068.685: I:19 ( 243.071 345.855 347.903 ) T:5165 ( 257.407 386.303 598.527 787.967 1193.983 1193.983 )
3078.687: I:14 ( 282.623 337.663 553.983 ) T:5179 ( 257.407 386.303 598.527 787.967 1193.983 1193.983 )
3088.680: I:16 ( 249.343 529.919 594.943 ) T:5195 ( 257.407 386.303 598.527 787.967 1193.983 1193.983 )
3098.687: I:16 ( 268.287 376.319 379.647 ) T:5211 ( 257.535 386.047 597.503 787.967 1193.983 1193.983 )
3108.687: I:14 ( 309.247 397.311 496.383 ) T:5225 ( 257.663 386.047 597.503 787.967 1193.983 1193.983 )
3118.685: I:17 ( 275.199 367.615 392.447 ) T:5242 ( 257.663 386.047 597.503 787.967 1193.983 1193.983 )
3128.684: I:17 ( 273.919 434.431 465.151 ) T:5259 ( 257.791 386.047 597.503 787.967 1193.983 1193.983 )
3138.687: I:13 ( 308.223 522.495 1325.055 ) T:5272 ( 257.791 386.303 598.527 796.159 1325.055 1325.055 )
3148.687: I:16 ( 248.191 434.431 606.207 ) T:5288 ( 257.791 386.559 598.527 796.159 1325.055 1325.055 )
3158.682: I:17 ( 264.959 389.887 514.303 ) T:5305 ( 257.791 386.559 598.527 796.159 1325.055 1325.055 )
3168.687: I:16 ( 221.823 374.271 571.903 ) T:5321 ( 257.791 386.559 598.527 796.159 1325.055 1325.055 )
3178.685: I:15 ( 241.663 539.135 623.103 ) T:5336 ( 257.791 386.559 598.527 796.159 1325.055 1325.055 )
3188.685: I:15 ( 309.247 417.535 600.575 ) T:5351 ( 257.791 387.071 598.527 796.159 1325.055 1325.055 )
3198.684: I:15 ( 264.447 389.375 476.927 ) T:5366 ( 258.047 387.327 598.527 796.159 1325.055 1325.055 )
3208.685: I:16 ( 279.295 493.567 562.687 ) T:5382 ( 258.047 387.327 598.527 796.159 1325.055 1325.055 )
3218.687: I:17 ( 271.103 376.831 399.871 ) T:5399 ( 258.175 387.327 598.527 796.159 1325.055 1325.055 )
3228.686: I:19 ( 199.167 360.447 407.807 ) T:5418 ( 257.791 387.327 598.527 796.159 1325.055 1325.055 )
3238.688: I:19 ( 194.559 500.223 609.279 ) T:5437 ( 257.663 387.327 598.527 796.159 1325.055 1325.055 )
3248.684: I:18 ( 234.751 403.967 455.423 ) T:5455 ( 257.535 387.327 598.527 796.159 1325.055 1325.055 )
3258.686: I:14 ( 295.423 389.887 470.783 ) T:5469 ( 257.663 387.583 598.527 796.159 1325.055 1325.055 )
3268.684: I:18 ( 225.023 352.255 619.007 ) T:5487 ( 257.535 387.327 599.039 796.159 1325.055 1325.055 )
3278.684: I:13 ( 329.727 407.807 498.943 ) T:5500 ( 257.663 387.327 598.527 796.159 1325.055 1325.055 )
3288.687: I:13 ( 283.903 354.559 515.583 ) T:5513 ( 257.791 387.327 598.527 796.159 1325.055 1325.055 )
3298.686: I:17 ( 303.615 406.783 471.039 ) T:5530 ( 258.047 387.583 598.527 796.159 1325.055 1325.055 )
3308.686: I:15 ( 265.983 457.471 581.119 ) T:5545 ( 258.047 387.839 598.527 796.159 1325.055 1325.055 )
3318.686: I:17 ( 223.231 366.079 516.351 ) T:5562 ( 257.791 387.583 598.527 796.159 1325.055 1325.055 )
3328.688: I:16 ( 283.903 380.159 523.775 ) T:5578 ( 258.047 387.583 598.527 796.159 1325.055 1325.055 )
3338.684: I:15 ( 259.583 380.159 447.487 ) T:5593 ( 258.047 387.327 598.527 796.159 1325.055 1325.055 )
3348.680: I:17 ( 262.143 406.271 453.631 ) T:5610 ( 258.047 387.327 598.527 796.159 1325.055 1325.055 )
3358.686: I:17 ( 286.207 339.199 389.887 ) T:5627 ( 258.175 387.327 598.527 796.159 1325.055 1325.055 )
3368.685: I:19 ( 222.847 392.447 415.487 ) T:5646 ( 258.047 387.327 598.527 796.159 1325.055 1325.055 )
3378.681: I:16 ( 249.983 333.055 488.703 ) T:5662 ( 258.047 387.327 598.527 796.159 1325.055 1325.055 )
3388.686: I:17 ( 227.455 472.831 491.775 ) T:5679 ( 258.047 387.327 598.527 796.159 1325.055 1325.055 )
3398.684: I:15 ( 284.159 321.023 384.255 ) T:5694 ( 258.175 387.071 598.527 796.159 1325.055 1325.055 )
3408.688: I:19 ( 233.343 406.527 562.175 ) T:5713 ( 258.047 387.327 598.527 796.159 1325.055 1325.055 )
3418.682: I:17 ( 244.479 291.327 472.319 ) T:5730 ( 257.791 387.071 598.527 796.159 1325.055 1325.055 )
3428.684: I:19 ( 234.495 293.887 356.351 ) T:5749 ( 257.663 386.559 598.527 796.159 1325.055 1325.055 )
3438.687: I:20 ( 196.351 328.959 476.671 ) T:5769 ( 257.535 386.559 598.527 796.159 1325.055 1325.055 )
3448.685: I:17 ( 241.919 408.063 501.503 ) T:5786 ( 257.535 386.559 598.527 796.159 1325.055 1325.055 )
3458.685: I:15 ( 285.951 398.335 409.087 ) T:5801 ( 257.663 386.559 597.503 796.159 1325.055 1325.055 )
3468.685: I:17 ( 281.087 388.607 401.407 ) T:5818 ( 257.663 387.071 597.503 796.159 1325.055 1325.055 )
3478.686: I:17 ( 238.335 334.591 610.815 ) T:5835 ( 257.535 386.559 598.527 796.159 1325.055 1325.055 )
3488.686: I:19 ( 225.279 457.727 472.575 ) T:5854 ( 257.407 386.559 598.527 796.159 1325.055 1325.055 )
3498.684: I:16 ( 226.559 429.823 572.927 ) T:5870 ( 257.407 387.071 598.527 796.159 1325.055 1325.055 )
3508.685: I:16 ( 285.183 357.887 414.207 ) T:5886 ( 257.407 387.071 598.527 796.159 1325.055 1325.055 )
3518.683: I:18 ( 239.103 442.623 516.607 ) T:5904 ( 257.407 387.071 597.503 796.159 1325.055 1325.055 )
3528.686: I:16 ( 246.015 532.479 582.143 ) T:5920 ( 257.407 387.327 597.503 796.159 1325.055 1325.055 )
3538.686: I:18 ( 218.111 374.783 409.343 ) T:5938 ( 257.407 387.327 597.503 796.159 1325.055 1325.055 )
3548.686: I:17 ( 252.671 406.015 425.727 ) T:5955 ( 257.407 387.327 597.503 796.159 1325.055 1325.055 )
3558.686: I:14 ( 276.991 374.527 553.983 ) T:5969 ( 257.407 387.327 597.503 796.159 1325.055 1325.055 )
3568.686: I:16 ( 297.983 389.631 416.767 ) T:5985 ( 257.535 387.327 597.503 796.159 1325.055 1325.055 )
3578.686: I:20 ( 235.903 345.855 459.519 ) T:6005 ( 257.407 387.327 596.991 787.967 1325.055 1325.055 )
3588.680: I:15 ( 293.887 344.831 391.679 ) T:6020 ( 257.535 387.327 596.991 787.967 1325.055 1325.055 )
3598.685: I:15 ( 263.935 499.199 594.943 ) T:6035 ( 257.535 387.583 596.991 787.967 1325.055 1325.055 )
3608.685: I:20 ( 221.695 407.295 557.055 ) T:6055 ( 257.535 387.583 596.991 787.967 1325.055 1325.055 )
3618.683: I:16 ( 270.847 444.671 466.943 ) T:6071 ( 257.663 387.583 596.991 787.967 1325.055 1325.055 )
3628.686: I:16 ( 227.711 351.487 425.727 ) T:6087 ( 257.663 387.583 596.991 787.967 1325.055 1325.055 )
3638.686: I:14 ( 295.679 378.623 607.743 ) T:6101 ( 257.791 387.583 596.991 787.967 1325.055 1325.055 )
3648.686: I:16 ( 276.479 465.151 1230.847 ) T:6117 ( 257.791 387.839 597.503 796.159 1325.055 1325.055 )
3658.685: I:13 ( 300.287 491.007 607.231 ) T:6130 ( 258.047 387.839 598.527 796.159 1325.055 1325.055 )
3668.686: I:16 ( 261.247 315.391 519.679 ) T:6146 ( 258.175 387.839 598.527 796.159 1325.055 1325.055 )
3678.687: I:15 ( 298.751 408.575 511.487 ) T:6161 ( 258.431 387.839 598.527 796.159 1325.055 1325.055 )
3688.686: I:18 ( 262.399 357.375 429.311 ) T:6179 ( 258.431 387.839 598.527 796.159 1325.055 1325.055 )
3698.685: I:18 ( 243.327 363.263 388.607 ) T:6197 ( 258.431 387.583 598.527 796.159 1325.055 1325.055 )
3708.686: I:18 ( 238.207 346.111 386.303 ) T:6215 ( 258.431 387.327 597.503 796.159 1325.055 1325.055 )
3718.686: I:18 ( 230.143 359.679 609.279 ) T:6233 ( 258.303 387.327 598.527 796.159 1325.055 1325.055 )
3728.684: I:15 ( 271.103 450.815 492.287 ) T:6248 ( 258.303 387.583 598.527 796.159 1325.055 1325.055 )
3738.687: I:15 ( 266.239 553.471 775.679 ) T:6263 ( 258.431 387.583 598.527 796.159 1325.055 1325.055 )
3748.686: I:16 ( 281.343 369.663 543.743 ) T:6279 ( 258.431 387.583 598.527 796.159 1325.055 1325.055 )
3758.687: I:17 ( 265.471 475.135 477.439 ) T:6296 ( 258.431 387.583 598.527 796.159 1325.055 1325.055 )
3768.685: I:14 ( 317.951 417.791 476.415 ) T:6310 ( 258.559 387.583 598.527 796.159 1325.055 1325.055 )
3778.686: I:16 ( 261.887 479.743 626.687 ) T:6326 ( 258.559 387.839 598.527 796.159 1325.055 1325.055 )
3788.681: I:17 ( 260.223 342.527 467.967 ) T:6343 ( 258.559 387.839 598.527 796.159 1325.055 1325.055 )
3798.687: I:17 ( 265.983 378.111 552.447 ) T:6360 ( 258.687 387.583 598.527 796.159 1325.055 1325.055 )
3808.684: I:13 ( 328.703 418.047 564.223 ) T:6373 ( 259.071 387.839 598.527 796.159 1325.055 1325.055 )
3818.686: I:16 ( 250.239 429.567 676.351 ) T:6389 ( 259.071 387.839 598.527 796.159 1325.055 1325.055 )
3828.686: I:17 ( 264.959 385.279 501.503 ) T:6406 ( 259.071 387.839 598.527 796.159 1325.055 1325.055 )
3838.687: I:13 ( 301.823 434.431 571.903 ) T:6419 ( 259.199 388.095 598.527 796.159 1325.055 1325.055 )
3848.685: I:17 ( 284.415 380.415 467.711 ) T:6436 ( 259.327 387.839 598.527 796.159 1325.055 1325.055 )
3858.685: I:12 ( 327.935 398.335 607.231 ) T:6448 ( 259.455 388.095 598.527 796.159 1325.055 1325.055 )
3868.685: I:17 ( 259.455 339.711 401.151 ) T:6465 ( 259.455 387.839 598.527 796.159 1325.055 1325.055 )
3878.687: I:15 ( 272.639 373.247 430.591 ) T:6480 ( 259.583 387.839 598.527 796.159 1325.055 1325.055 )
3888.688: I:16 ( 258.175 358.911 1006.591 ) T:6496 ( 259.583 387.839 599.039 861.183 1325.055 1325.055 )
3898.685: I:15 ( 270.847 564.735 704.511 ) T:6511 ( 259.583 387.839 599.039 861.183 1325.055 1325.055 )
3908.686: I:16 ( 273.407 389.375 620.543 ) T:6527 ( 259.583 387.839 599.551 861.183 1325.055 1325.055 )
3918.684: I:15 ( 270.079 349.951 541.695 ) T:6542 ( 259.711 387.839 599.551 861.183 1325.055 1325.055 )
3928.687: I:18 ( 250.495 457.983 647.679 ) T:6560 ( 259.711 387.839 600.575 861.183 1325.055 1325.055 )
3938.685: I:17 ( 250.495 349.695 402.687 ) T:6577 ( 259.583 387.839 600.575 861.183 1325.055 1325.055 )
3948.687: I:17 ( 272.895 386.303 462.079 ) T:6594 ( 259.711 387.839 600.575 861.183 1325.055 1325.055 )
3958.687: I:15 ( 252.415 408.063 515.583 ) T:6609 ( 259.711 387.839 599.551 861.183 1325.055 1325.055 )
3968.684: I:18 ( 214.271 368.895 518.399 ) T:6627 ( 259.583 387.839 599.551 861.183 1325.055 1325.055 )
3978.687: I:17 ( 196.479 508.671 672.767 ) T:6644 ( 259.455 387.839 600.575 861.183 1325.055 1325.055 )
3988.686: I:14 ( 291.583 367.871 515.327 ) T:6658 ( 259.583 387.839 600.575 861.183 1325.055 1325.055 )
3998.687: I:15 ( 311.807 394.751 413.951 ) T:6673 ( 259.711 387.839 600.575 861.183 1325.055 1325.055 )
4008.688: I:16 ( 253.567 450.815 689.151 ) T:6689 ( 259.711 387.839 606.207 861.183 1325.055 1325.055 )
4018.689: I:18 ( 221.183 351.487 366.335 ) T:6707 ( 259.583 387.839 600.575 861.183 1325.055 1325.055 )
4028.687: I:14 ( 288.255 444.671 520.703 ) T:6721 ( 259.711 387.839 600.575 861.183 1325.055 1325.055 )
4038.686: I:17 ( 223.103 346.879 625.151 ) T:6738 ( 259.583 387.839 606.207 861.183 1325.055 1325.055 )
4048.687: I:16 ( 274.943 390.655 418.047 ) T:6754 ( 259.583 387.839 606.207 861.183 1325.055 1325.055 )
4058.683: I:18 ( 256.639 345.343 396.799 ) T:6772 ( 259.583 387.839 606.207 861.183 1325.055 1325.055 )
4068.689: I:17 ( 292.095 421.375 468.735 ) T:6789 ( 259.711 388.351 606.207 861.183 1325.055 1325.055 )
4078.685: I:17 ( 234.623 341.247 489.983 ) T:6806 ( 259.583 388.095 600.575 861.183 1325.055 1325.055 )
4088.687: I:17 ( 253.695 441.855 650.239 ) T:6823 ( 259.583 388.351 606.207 861.183 1325.055 1325.055 )
4098.686: I:16 ( 240.639 389.887 416.511 ) T:6839 ( 259.583 388.351 606.207 861.183 1325.055 1325.055 )
4108.686: I:17 ( 231.935 423.167 463.103 ) T:6856 ( 259.455 388.351 606.207 861.183 1325.055 1325.055 )
4118.684: I:15 ( 287.743 357.119 376.575 ) T:6871 ( 259.583 388.095 606.207 861.183 1325.055 1325.055 )
4128.686: I:18 ( 222.335 371.711 559.615 ) T:6889 ( 259.455 388.095 606.207 861.183 1325.055 1325.055 )
4138.684: I:16 ( 266.751 368.895 537.087 ) T:6905 ( 259.583 387.839 600.575 861.183 1325.055 1325.055 )
4148.687: I:15 ( 307.199 389.375 406.015 ) T:6920 ( 259.583 387.839 600.575 861.183 1325.055 1325.055 )
4158.687: I:14 ( 293.119 413.183 514.559 ) T:6934 ( 259.711 388.351 600.575 861.183 1325.055 1325.055 )
4168.686: I:13 ( 292.351 342.527 467.967 ) T:6947 ( 259.967 388.351 600.575 861.183 1325.055 1325.055 )
4178.685: I:15 ( 283.903 370.175 521.215 ) T:6962 ( 260.095 388.095 600.575 861.183 1325.055 1325.055 )
4188.685: I:15 ( 265.983 499.455 529.919 ) T:6977 ( 260.095 388.351 600.575 861.183 1325.055 1325.055 )
4198.684: I:20 ( 231.807 398.335 421.631 ) T:6997 ( 259.967 388.351 600.575 861.183 1325.055 1325.055 )
4208.686: I:16 ( 260.735 341.503 565.247 ) T:7013 ( 259.967 388.351 599.551 796.159 1325.055 1325.055 )
4218.685: I:15 ( 232.063 393.727 611.839 ) T:7028 ( 259.967 388.351 600.575 796.159 1325.055 1325.055 )
4228.684: I:17 ( 211.071 662.015 763.391 ) T:7045 ( 259.839 388.351 607.231 796.159 1325.055 1325.055 )
4238.685: I:16 ( 267.007 425.727 727.551 ) T:7061 ( 259.967 388.351 607.231 796.159 1325.055 1325.055 )
4248.688: I:17 ( 198.015 567.807 660.479 ) T:7078 ( 259.711 388.607 607.231 796.159 1325.055 1325.055 )
4258.686: I:15 ( 267.519 429.311 478.207 ) T:7093 ( 259.711 388.863 607.231 796.159 1325.055 1325.055 )
4268.684: I:16 ( 282.879 377.087 493.311 ) T:7109 ( 259.967 388.863 607.231 796.159 1325.055 1325.055 )
4278.685: I:15 ( 317.695 420.351 444.415 ) T:7124 ( 259.967 389.119 607.231 796.159 1325.055 1325.055 )
4288.687: I:13 ( 317.183 357.887 695.807 ) T:7137 ( 260.095 389.119 607.231 796.159 1325.055 1325.055 )
4298.687: I:17 ( 251.007 476.927 702.463 ) T:7154 ( 260.095 389.119 607.743 796.159 1325.055 1325.055 )
4308.681: I:15 ( 293.375 428.287 429.567 ) T:7169 ( 260.095 389.375 607.743 796.159 1325.055 1325.055 )
4318.682: I:16 ( 249.215 390.143 514.047 ) T:7185 ( 260.095 389.375 607.743 796.159 1325.055 1325.055 )
4328.683: I:17 ( 234.495 353.023 561.151 ) T:7202 ( 260.095 389.375 607.231 796.159 1325.055 1325.055 )
4338.685: I:17 ( 245.375 628.223 803.327 ) T:7219 ( 260.095 389.375 609.279 803.327 1325.055 1325.055 )
4348.688: I:18 ( 220.415 412.927 701.951 ) T:7237 ( 259.967 389.375 609.279 803.327 1325.055 1325.055 )
4358.685: I:17 ( 230.271 359.167 515.071 ) T:7254 ( 259.711 389.375 609.279 803.327 1325.055 1325.055 )
4368.686: I:16 ( 289.279 514.303 676.863 ) T:7270 ( 259.711 389.375 609.279 803.327 1325.055 1325.055 )
4378.689: I:18 ( 191.231 473.343 506.367 ) T:7288 ( 259.583 389.375 609.279 803.327 1325.055 1325.055 )
4388.687: I:14 ( 302.335 370.943 410.879 ) T:7302 ( 259.711 389.375 609.279 803.327 1325.055 1325.055 )
4398.687: I:17 ( 256.255 455.679 604.671 ) T:7319 ( 259.711 389.375 609.279 803.327 1325.055 1325.055 )
4408.686: I:18 ( 205.951 337.663 397.311 ) T:7337 ( 259.583 389.375 609.279 803.327 1325.055 1325.055 )
4418.685: I:19 ( 257.535 478.463 517.119 ) T:7356 ( 259.583 389.375 609.279 803.327 1325.055 1325.055 )
4428.683: I:14 ( 281.855 432.127 612.863 ) T:7370 ( 259.711 389.375 609.279 803.327 1325.055 1325.055 )
4438.687: I:15 ( 268.799 421.375 422.143 ) T:7385 ( 259.711 389.375 609.279 803.327 1325.055 1325.055 )
4448.687: I:17 ( 217.087 375.807 506.623 ) T:7402 ( 259.711 389.375 609.279 803.327 1325.055 1325.055 )
4458.685: I:15 ( 291.327 454.143 475.135 ) T:7417 ( 259.711 389.375 609.279 803.327 1325.055 1325.055 )
4468.687: I:16 ( 267.519 389.119 431.103 ) T:7433 ( 259.839 389.375 609.279 803.327 1325.055 1325.055 )
4478.685: I:13 ( 309.759 375.551 389.375 ) T:7446 ( 259.967 389.375 609.279 803.327 1325.055 1325.055 )
4488.687: I:17 ( 275.199 427.519 455.679 ) T:7463 ( 259.967 389.375 609.279 803.327 1325.055 1325.055 )
4498.686: I:14 ( 273.407 366.079 561.663 ) T:7477 ( 260.095 389.375 609.279 803.327 1325.055 1325.055 )
4508.686: I:17 ( 249.087 491.519 541.695 ) T:7494 ( 259.967 389.375 609.279 803.327 1325.055 1325.055 )
4518.686: I:19 ( 223.743 503.807 624.639 ) T:7513 ( 259.711 389.375 609.279 803.327 1325.055 1325.055 )
4528.686: I:16 ( 235.519 361.215 545.279 ) T:7529 ( 259.711 389.375 609.279 803.327 1325.055 1325.055 )
4538.687: I:14 ( 301.311 443.647 455.935 ) T:7543 ( 259.711 389.375 609.279 803.327 1325.055 1325.055 )
4548.687: I:15 ( 333.567 459.775 499.711 ) T:7558 ( 259.967 389.631 609.279 803.327 1325.055 1325.055 )
4558.684: I:17 ( 264.959 348.927 518.399 ) T:7575 ( 259.967 389.375 609.279 803.327 1325.055 1325.055 )
4568.684: I:19 ( 219.903 462.079 579.071 ) T:7594 ( 259.839 389.375 609.279 803.327 1325.055 1325.055 )
4578.686: I:13 ( 290.815 419.839 888.319 ) T:7607 ( 259.967 389.631 609.279 861.183 1325.055 1325.055 )
4588.687: I:16 ( 285.695 429.311 512.767 ) T:7623 ( 259.967 389.631 609.279 861.183 1325.055 1325.055 )
4598.687: I:14 ( 341.503 412.159 780.287 ) T:7637 ( 260.095 389.887 609.279 861.183 1325.055 1325.055 )
4608.687: I:14 ( 253.823 547.839 568.319 ) T:7651 ( 260.095 389.887 609.279 861.183 1325.055 1325.055 )
4618.687: I:16 ( 246.271 359.167 485.375 ) T:7667 ( 260.095 389.887 609.279 861.183 1325.055 1325.055 )
4628.687: I:20 ( 221.439 290.815 550.911 ) T:7687 ( 259.967 389.887 609.279 861.183 1325.055 1325.055 )
4638.685: I:15 ( 293.887 499.455 558.079 ) T:7702 ( 259.967 389.887 609.279 861.183 1325.055 1325.055 )
4648.687: I:15 ( 276.479 465.151 476.159 ) T:7717 ( 259.967 389.887 609.279 861.183 1325.055 1325.055 )
4658.685: I:16 ( 269.567 449.279 481.023 ) T:7733 ( 260.095 389.887 609.279 861.183 1325.055 1325.055 )
4668.687: I:16 ( 234.367 369.663 675.327 ) T:7749 ( 259.967 389.887 609.279 861.183 1325.055 1325.055 )
4678.682: I:16 ( 291.327 453.375 468.479 ) T:7765 ( 260.095 389.887 609.279 861.183 1325.055 1325.055 )
4688.681: I:18 ( 230.015 348.159 390.399 ) T:7783 ( 259.967 389.887 609.279 861.183 1325.055 1325.055 )
4698.688: I:17 ( 264.959 334.591 513.279 ) T:7800 ( 259.967 389.887 609.279 861.183 1325.055 1325.055 )
4708.687: I:16 ( 251.263 506.623 571.391 ) T:7816 ( 259.967 389.887 609.279 861.183 1325.055 1325.055 )
4718.687: I:18 ( 240.767 385.023 578.047 ) T:7834 ( 259.967 389.887 609.279 861.183 1325.055 1325.055 )
4728.688: I:15 ( 249.855 490.495 638.975 ) T:7849 ( 259.967 389.887 609.279 861.183 1325.055 1325.055 )
4738.687: I:16 ( 271.103 405.759 560.639 ) T:7865 ( 260.095 389.887 609.279 861.183 1325.055 1325.055 )
4748.683: I:17 ( 254.079 354.303 397.311 ) T:7882 ( 259.967 389.887 609.279 861.183 1325.055 1325.055 )
4758.687: I:14 ( 259.583 403.199 413.439 ) T:7896 ( 259.967 390.143 609.279 861.183 1325.055 1325.055 )
4768.685: I:13 ( 317.439 531.455 647.679 ) T:7909 ( 260.095 390.399 609.279 861.183 1325.055 1325.055 )
4778.688: I:16 ( 225.023 349.695 761.343 ) T:7925 ( 260.095 390.143 610.815 861.183 1325.055 1325.055 )
4788.687: I:15 ( 262.655 402.943 776.191 ) T:7940 ( 260.095 390.143 611.839 861.183 1325.055 1325.055 )
4798.687: I:15 ( 329.215 473.087 482.303 ) T:7955 ( 260.095 390.655 611.839 861.183 1325.055 1325.055 )
4808.687: I:15 ( 293.887 453.631 561.151 ) T:7970 ( 260.223 390.655 611.839 861.183 1325.055 1325.055 )
4818.687: I:18 ( 211.071 334.591 459.263 ) T:7988 ( 260.095 390.655 611.839 861.183 1325.055 1325.055 )
4828.687: I:14 ( 278.015 352.767 508.671 ) T:8002 ( 260.223 390.399 610.815 803.327 1325.055 1325.055 )
4838.687: I:17 ( 240.639 366.335 435.711 ) T:8019 ( 260.095 390.399 610.815 803.327 1325.055 1325.055 )
4848.686: I:17 ( 259.839 433.919 533.503 ) T:8036 ( 260.095 390.399 610.815 803.327 1325.055 1325.055 )
4858.686: I:16 ( 236.543 627.199 853.503 ) T:8052 ( 260.095 390.655 611.839 853.503 1325.055 1325.055 )
4868.689: I:14 ( 312.831 363.007 421.119 ) T:8066 ( 260.223 390.655 611.839 853.503 1325.055 1325.055 )
4878.685: I:15 ( 292.095 438.783 669.695 ) T:8081 ( 260.223 390.655 612.351 853.503 1325.055 1325.055 )
4888.681: I:18 ( 227.071 381.695 438.015 ) T:8099 ( 260.223 390.655 612.351 853.503 1325.055 1325.055 )
4898.689: I:18 ( 228.735 375.039 511.999 ) T:8117 ( 260.095 390.655 611.839 853.503 1325.055 1325.055 )
4908.686: I:18 ( 201.343 341.247 344.575 ) T:8135 ( 260.095 390.143 611.839 853.503 1325.055 1325.055 )
4918.681: I:16 ( 242.815 366.079 588.287 ) T:8151 ( 260.095 390.143 611.839 853.503 1325.055 1325.055 )
4928.685: I:16 ( 251.647 428.287 740.351 ) T:8167 ( 260.095 390.143 612.351 853.503 1325.055 1325.055 )
4938.688: I:16 ( 281.087 493.823 558.079 ) T:8183 ( 260.095 390.399 612.351 853.503 1325.055 1325.055 )
4948.687: I:17 ( 240.511 406.527 587.263 ) T:8200 ( 260.095 390.399 611.839 853.503 1325.055 1325.055 )
4958.687: I:15 ( 292.863 368.895 479.743 ) T:8215 ( 260.223 390.399 611.839 853.503 1325.055 1325.055 )
4968.684: I:15 ( 233.343 424.191 470.271 ) T:8230 ( 260.095 390.655 611.839 853.503 1325.055 1325.055 )
4978.687: I:15 ( 272.639 429.311 676.351 ) T:8245 ( 260.223 390.911 612.351 853.503 1325.055 1325.055 )
4988.687: I:16 ( 239.999 450.559 515.327 ) T:8261 ( 260.095 390.911 612.351 853.503 1325.055 1325.055 )
4998.685: I:16 ( 281.343 395.007 413.183 ) T:8277 ( 260.223 391.167 612.351 853.503 1325.055 1325.055 )
5008.682: I:15 ( 270.591 408.831 440.575 ) T:8292 ( 260.223 391.167 612.351 853.503 1325.055 1325.055 )
5018.688: I:18 ( 231.167 545.791 740.863 ) T:8310 ( 260.223 391.423 612.351 853.503 1325.055 1325.055 )
5028.682: I:16 ( 242.431 385.535 536.575 ) T:8326 ( 260.223 391.423 612.351 853.503 1325.055 1325.055 )
5038.688: I:16 ( 265.727 419.071 458.239 ) T:8342 ( 260.223 391.423 612.351 853.503 1325.055 1325.055 )
5048.684: I:18 ( 216.447 421.119 475.903 ) T:8360 ( 260.095 391.423 612.351 853.503 1325.055 1325.055 )
5058.686: I:18 ( 220.799 467.967 502.783 ) T:8378 ( 260.095 391.679 612.351 853.503 1325.055 1325.055 )
5068.686: I:16 ( 254.847 316.159 346.879 ) T:8394 ( 260.095 391.423 612.351 853.503 1325.055 1325.055 )
5078.686: I:17 ( 210.303 460.543 506.111 ) T:8411 ( 259.967 391.423 611.839 853.503 1325.055 1325.055 )
5088.688: I:17 ( 234.111 427.519 466.175 ) T:8428 ( 259.967 391.679 611.839 853.503 1325.055 1325.055 )
5098.685: I:17 ( 229.887 410.623 437.759 ) T:8445 ( 259.967 391.679 611.839 853.503 1325.055 1325.055 )
5108.687: I:18 ( 253.055 328.447 419.839 ) T:8463 ( 259.967 391.423 611.839 853.503 1325.055 1325.055 )
5118.681: I:14 ( 279.551 357.119 550.399 ) T:8477 ( 260.095 391.423 611.839 853.503 1325.055 1325.055 )
5128.686: I:17 ( 264.447 409.855 520.191 ) T:8494 ( 260.095 391.423 611.839 853.503 1325.055 1325.055 )
5138.685: I:16 ( 222.463 366.335 617.471 ) T:8510 ( 259.967 391.423 611.839 853.503 1325.055 1325.055 )
5148.687: I:17 ( 232.191 348.415 388.351 ) T:8527 ( 259.839 391.423 611.839 853.503 1325.055 1325.055 )
5158.686: I:19 ( 226.943 443.903 514.559 ) T:8546 ( 259.711 391.423 611.839 853.503 1325.055 1325.055 )
5168.688: I:15 ( 267.007 542.719 572.927 ) T:8561 ( 259.711 391.423 611.839 853.503 1325.055 1325.055 )
5178.685: I:17 ( 268.543 398.591 402.943 ) T:8578 ( 259.711 391.679 611.839 853.503 1325.055 1325.055 )
5188.686: I:16 ( 244.735 369.663 422.911 ) T:8594 ( 259.711 391.423 611.839 853.503 1325.055 1325.055 )
5198.685: I:18 ( 196.863 448.511 513.791 ) T:8612 ( 259.583 391.423 611.839 853.503 1325.055 1325.055 )
5208.681: I:17 ( 267.775 434.687 510.975 ) T:8629 ( 259.711 391.679 611.839 853.503 1325.055 1325.055 )
5218.753: I:17 ( 269.055 377.087 398.847 ) T:8646 ( 259.711 391.679 611.839 853.503 1325.055 1325.055 )
5228.685: I:16 ( 224.639 428.031 511.231 ) T:8662 ( 259.711 391.679 611.839 853.503 1325.055 1325.055 )
5238.683: I:17 ( 210.431 372.735 383.999 ) T:8679 ( 259.583 391.679 611.839 853.503 1325.055 1325.055 )
5248.684: I:17 ( 259.967 454.399 615.423 ) T:8696 ( 259.583 391.679 611.839 853.503 1325.055 1325.055 )
5258.687: I:15 ( 282.367 404.223 593.407 ) T:8711 ( 259.711 391.679 611.839 853.503 1325.055 1325.055 )
5268.684: I:15 ( 293.375 363.007 401.663 ) T:8726 ( 259.711 391.679 611.839 853.503 1325.055 1325.055 )
5278.687: I:18 ( 261.375 359.423 370.431 ) T:8744 ( 259.711 391.423 611.839 853.503 1325.055 1325.055 )
5288.684: I:19 ( 197.887 363.775 492.031 ) T:8763 ( 259.711 391.423 611.839 853.503 1325.055 1325.055 )
5298.686: I:14 ( 288.255 393.983 459.519 ) T:8777 ( 259.711 391.423 611.839 853.503 1325.055 1325.055 )
5308.686: I:17 ( 280.831 436.223 455.167 ) T:8794 ( 259.711 391.423 611.839 853.503 1325.055 1325.055 )
5318.687: I:15 ( 300.543 412.927 415.487 ) T:8809 ( 259.967 391.679 610.815 853.503 1325.055 1325.055 )
5328.686: I:15 ( 278.015 749.055 786.431 ) T:8824 ( 259.967 391.679 611.839 853.503 1325.055 1325.055 )
5338.685: I:17 ( 239.359 346.879 507.647 ) T:8841 ( 259.967 391.679 611.839 853.503 1325.055 1325.055 )
5348.685: I:18 ( 246.527 363.775 442.367 ) T:8859 ( 259.967 391.679 611.839 853.503 1325.055 1325.055 )
5358.687: I:17 ( 267.519 372.735 524.031 ) T:8876 ( 259.967 391.423 611.839 853.503 1325.055 1325.055 )
5368.687: I:16 ( 243.967 486.143 525.311 ) T:8892 ( 259.967 391.679 611.839 853.503 1325.055 1325.055 )
5378.688: I:17 ( 231.423 489.727 627.199 ) T:8909 ( 259.839 391.679 611.839 853.503 1325.055 1325.055 )
5388.684: I:14 ( 295.935 356.607 367.871 ) T:8923 ( 259.967 391.679 611.839 853.503 1325.055 1325.055 )
5398.687: I:13 ( 315.647 564.735 672.255 ) T:8936 ( 260.095 391.679 612.351 853.503 1325.055 1325.055 )
5408.687: I:17 ( 237.055 616.959 642.047 ) T:8953 ( 260.095 391.679 612.863 853.503 1325.055 1325.055 )
5418.687: I:16 ( 240.511 370.175 377.343 ) T:8969 ( 259.967 391.679 612.863 853.503 1325.055 1325.055 )
5428.686: I:17 ( 264.703 345.599 435.967 ) T:8986 ( 260.095 391.423 612.863 853.503 1325.055 1325.055 )
5438.687: I:14 ( 271.103 426.495 479.231 ) T:9000 ( 260.095 391.679 612.351 803.327 1325.055 1325.055 )
5448.687: I:14 ( 247.167 411.391 2040.831 ) T:9014 ( 260.095 391.679 612.863 853.503 2040.831 2040.831 )
5458.695: I:16 ( 283.903 506.623 560.639 ) T:9030 ( 260.095 391.935 612.863 853.503 2040.831 2040.831 )
5468.686: I:17 ( 242.943 341.247 555.007 ) T:9047 ( 259.967 391.935 612.863 853.503 2040.831 2040.831 )
5478.685: I:15 ( 233.343 368.639 401.919 ) T:9062 ( 259.967 391.679 612.863 853.503 2040.831 2040.831 )
5488.681: I:15 ( 286.207 520.191 641.535 ) T:9077 ( 260.095 391.935 612.863 853.503 2040.831 2040.831 )
5498.681: I:17 ( 248.831 419.327 447.487 ) T:9094 ( 259.967 391.935 612.863 853.503 2040.831 2040.831 )
5508.688: I:17 ( 234.495 380.671 526.847 ) T:9111 ( 259.967 391.935 612.863 853.503 2040.831 2040.831 )
5518.686: I:14 ( 278.015 347.135 379.903 ) T:9125 ( 260.095 391.679 612.863 853.503 2040.831 2040.831 )
5528.684: I:16 ( 269.055 399.359 410.623 ) T:9141 ( 260.095 391.679 612.863 853.503 2040.831 2040.831 )
5538.686: I:16 ( 293.375 552.447 638.975 ) T:9157 ( 260.095 391.935 612.863 853.503 2040.831 2040.831 )
5548.687: I:16 ( 264.959 392.191 433.151 ) T:9173 ( 260.095 391.935 612.863 853.503 2040.831 2040.831 )
5558.687: I:18 ( 241.919 366.335 436.991 ) T:9191 ( 260.095 391.935 612.863 853.503 2040.831 2040.831 )
5568.685: I:14 ( 284.671 337.407 377.599 ) T:9205 ( 260.095 391.935 612.863 853.503 2040.831 2040.831 )
5578.687: I:16 ( 261.887 530.943 589.311 ) T:9221 ( 260.095 391.935 612.863 853.503 2040.831 2040.831 )
5588.688: I:14 ( 271.359 368.383 524.031 ) T:9235 ( 260.223 391.935 612.863 853.503 2040.831 2040.831 )
5598.683: I:16 ( 308.223 430.591 645.119 ) T:9251 ( 260.223 391.935 612.863 853.503 2040.831 2040.831 )
5608.685: I:15 ( 276.735 474.111 514.815 ) T:9266 ( 260.223 391.935 612.863 853.503 2040.831 2040.831 )
5618.687: I:16 ( 260.479 339.455 529.407 ) T:9282 ( 260.223 391.935 612.863 853.503 2040.831 2040.831 )
5628.683: I:19 ( 260.223 425.471 514.047 ) T:9301 ( 260.223 391.935 612.863 853.503 2040.831 2040.831 )
5638.687: I:17 ( 235.263 382.719 409.343 ) T:9318 ( 260.223 391.935 612.863 853.503 2040.831 2040.831 )
5648.683: I:16 ( 238.335 461.311 687.615 ) T:9334 ( 260.223 392.191 612.863 853.503 2040.831 2040.831 )
5658.687: I:15 ( 277.503 541.183 659.455 ) T:9349 ( 260.351 392.191 615.423 853.503 2040.831 2040.831 )
5668.687: I:16 ( 238.335 351.487 523.263 ) T:9365 ( 260.223 392.191 615.423 853.503 2040.831 2040.831 )
5678.684: I:15 ( 276.223 370.687 381.183 ) T:9380 ( 260.223 391.935 615.423 853.503 2040.831 2040.831 )
5688.689: I:15 ( 320.511 608.767 670.207 ) T:9395 ( 260.351 391.935 616.959 853.503 2040.831 2040.831 )
5698.686: I:16 ( 264.447 367.359 392.447 ) T:9411 ( 260.351 391.935 615.423 853.503 2040.831 2040.831 )
5708.685: I:18 ( 225.151 407.295 540.671 ) T:9429 ( 260.223 392.191 615.423 853.503 2040.831 2040.831 )
5718.685: I:16 ( 240.127 385.279 409.343 ) T:9445 ( 260.223 391.935 615.423 853.503 2040.831 2040.831 )
5728.686: I:18 ( 219.647 452.351 467.455 ) T:9463 ( 260.223 392.191 615.423 853.503 2040.831 2040.831 )
5738.687: I:16 ( 262.911 338.175 473.855 ) T:9479 ( 260.223 392.191 615.423 853.503 2040.831 2040.831 )
5748.686: I:17 ( 228.863 455.935 572.927 ) T:9496 ( 260.223 392.191 615.423 853.503 2040.831 2040.831 )
5758.685: I:15 ( 230.911 377.599 669.183 ) T:9511 ( 260.223 391.935 615.423 853.503 2040.831 2040.831 )
5768.687: I:20 ( 175.871 364.031 519.935 ) T:9531 ( 260.095 391.935 615.423 853.503 2040.831 2040.831 )
5778.685: I:14 ( 278.271 417.535 490.751 ) T:9545 ( 260.095 391.935 615.423 853.503 2040.831 2040.831 )
5788.686: I:17 ( 243.583 352.767 364.031 ) T:9562 ( 260.095 391.935 615.423 853.503 2040.831 2040.831 )
5798.687: I:16 ( 248.191 376.319 505.599 ) T:9578 ( 260.095 391.935 615.423 853.503 2040.831 2040.831 )
5808.684: I:15 ( 280.575 356.607 401.919 ) T:9593 ( 260.223 391.679 615.423 853.503 2040.831 2040.831 )
5818.688: I:18 ( 213.759 435.711 557.055 ) T:9611 ( 260.095 391.935 612.863 853.503 2040.831 2040.831 )
5828.686: I:19 ( 213.631 381.695 458.239 ) T:9630 ( 260.095 391.679 612.863 853.503 2040.831 2040.831 )
5838.686: I:17 ( 222.463 335.615 509.951 ) T:9647 ( 259.967 391.679 612.863 853.503 2040.831 2040.831 )
5848.687: I:18 ( 258.175 402.687 485.631 ) T:9665 ( 259.967 391.935 612.863 853.503 2040.831 2040.831 )
5858.687: I:17 ( 242.431 537.087 549.887 ) T:9682 ( 259.967 391.935 612.863 853.503 2040.831 2040.831 )
5868.688: I:15 ( 264.447 389.887 576.511 ) T:9697 ( 259.967 391.935 612.863 853.503 2040.831 2040.831 )
5878.686: I:15 ( 318.207 405.759 409.343 ) T:9712 ( 259.967 391.935 612.863 853.503 2040.831 2040.831 )
5888.685: I:17 ( 278.783 410.879 445.439 ) T:9729 ( 260.095 391.935 612.863 853.503 2040.831 2040.831 )
5898.682: I:15 ( 209.279 336.383 593.407 ) T:9744 ( 260.095 391.935 612.863 853.503 2040.831 2040.831 )
5908.686: I:17 ( 276.223 326.911 595.967 ) T:9761 ( 260.095 391.679 612.863 853.503 2040.831 2040.831 )
5918.687: I:12 ( 352.511 397.823 398.847 ) T:9773 ( 260.223 391.935 612.863 853.503 2040.831 2040.831 )
5928.687: I:14 ( 304.895 351.999 876.543 ) T:9787 ( 260.223 391.935 612.863 861.183 2040.831 2040.831 )
5938.688: I:15 ( 304.895 469.759 568.319 ) T:9802 ( 260.351 391.935 612.863 861.183 2040.831 2040.831 )
5948.681: I:13 ( 299.519 372.735 590.847 ) T:9815 ( 260.479 391.935 612.863 861.183 2040.831 2040.831 )
5958.686: I:16 ( 247.807 388.863 486.399 ) T:9831 ( 260.351 391.935 612.863 861.183 2040.831 2040.831 )
5968.687: I:16 ( 280.063 393.215 406.783 ) T:9847 ( 260.479 391.935 612.863 861.183 2040.831 2040.831 )
5978.687: I:18 ( 218.239 422.911 501.503 ) T:9865 ( 260.351 391.935 612.863 861.183 2040.831 2040.831 )
5988.687: I:18 ( 250.623 360.703 534.015 ) T:9883 ( 260.351 391.935 612.863 861.183 2040.831 2040.831 )
5998.687: I:19 ( 216.447 418.303 570.879 ) T:9902 ( 260.223 391.935 612.351 861.183 2040.831 2040.831 )
6008.687: I:16 ( 283.647 393.727 575.487 ) T:9918 ( 260.223 391.935 612.351 861.183 2040.831 2040.831 )
6018.688: I:15 ( 254.207 430.847 1131.519 ) T:9933 ( 260.223 391.935 612.863 861.695 2040.831 2040.831 )
6028.687: I:15 ( 277.759 455.423 599.551 ) T:9948 ( 260.223 392.191 612.863 861.695 2040.831 2040.831 )
6038.687: I:16 ( 307.967 430.847 492.799 ) T:9964 ( 260.351 392.191 612.863 861.695 2040.831 2040.831 )
6048.683: I:14 ( 297.983 422.655 436.223 ) T:9978 ( 260.479 392.191 612.863 861.695 2040.831 2040.831 )
6058.693: I:17 ( 255.871 374.783 383.999 ) T:9995 ( 260.479 392.191 612.863 861.695 2040.831 2040.831 )
6062.395: I:5 ( 272.639 449.279 449.279 ) T:10000 ( 260.479 392.191 612.351 861.183 1325.055 2040.831 )
6062.443: I:0 (   0.000   0.000   0.000 ) T:10000 ( 260.479 392.191 612.351 861.183 1325.055 2040.831 )
