#[Interval percentile log between 0.000 and <Infinite> seconds (relative to StartTime)]
#[StartTime: 1524555666.594 (seconds since epoch), Tue Apr 24 09:41:06 CEST 2018]
Time: IntervalPercentiles:count ( 50% 90% Max ) TotalPercentiles:count ( 50% 90% 99% 99.9% 99.99% Max )
9.598: I:1 ( 439.807 439.807 439.807 ) T:1 ( 439.807 439.807 439.807 439.807 439.807 439.807 )
19.579: I:0 (   0.000   0.000   0.000 ) T:1 ( 439.807 439.807 439.807 439.807 439.807 439.807 )
29.580: I:0 (   0.000   0.000   0.000 ) T:1 ( 439.807 439.807 439.807 439.807 439.807 439.807 )
39.576: I:0 (   0.000   0.000   0.000 ) T:1 ( 439.807 439.807 439.807 439.807 439.807 439.807 )
49.577: I:0 (   0.000   0.000   0.000 ) T:1 ( 439.807 439.807 439.807 439.807 439.807 439.807 )
59.578: I:0 (   0.000   0.000   0.000 ) T:1 ( 439.807 439.807 439.807 439.807 439.807 439.807 )
69.575: I:0 (   0.000   0.000   0.000 ) T:1 ( 439.807 439.807 439.807 439.807 439.807 439.807 )
79.590: I:0 (   0.000   0.000   0.000 ) T:1 ( 439.807 439.807 439.807 439.807 439.807 439.807 )
89.577: I:0 (   0.000   0.000   0.000 ) T:1 ( 439.807 439.807 439.807 439.807 439.807 439.807 )
99.577: I:0 (   0.000   0.000   0.000 ) T:1 ( 439.807 439.807 439.807 439.807 439.807 439.807 )
109.577: I:0 (   0.000   0.000   0.000 ) T:1 ( 439.807 439.807 439.807 439.807 439.807 439.807 )
119.573: I:0 (   0.000   0.000   0.000 ) T:1 ( 439.807 439.807 439.807 439.807 439.807 439.807 )
129.576: I:0 (   0.000   0.000   0.000 ) T:1 ( 439.807 439.807 439.807 439.807 439.807 439.807 )
139.573: I:0 (   0.000   0.000   0.000 ) T:1 ( 439.807 439.807 439.807 439.807 439.807 439.807 )
149.575: I:0 (   0.000   0.000   0.000 ) T:1 ( 439.807 439.807 439.807 439.807 439.807 439.807 )
159.575: I:0 (   0.000   0.000   0.000 ) T:1 ( 439.807 439.807 439.807 439.807 439.807 439.807 )
169.575: I:0 (   0.000   0.000   0.000 ) T:1 ( 439.807 439.807 439.807 439.807 439.807 439.807 )
179.571: I:0 (   0.000   0.000   0.000 ) T:1 ( 439.807 439.807 439.807 439.807 439.807 439.807 )
189.578: I:0 (   0.000   0.000   0.000 ) T:1 ( 439.807 439.807 439.807 439.807 439.807 439.807 )
199.574: I:0 (   0.000   0.000   0.000 ) T:1 ( 439.807 439.807 439.807 439.807 439.807 439.807 )
209.574: I:0 (   0.000   0.000   0.000 ) T:1 ( 439.807 439.807 439.807 439.807 439.807 439.807 )
219.576: I:0 (   0.000   0.000   0.000 ) T:1 ( 439.807 439.807 439.807 439.807 439.807 439.807 )
229.575: I:0 (   0.000   0.000   0.000 ) T:1 ( 439.807 439.807 439.807 439.807 439.807 439.807 )
239.570: I:0 (   0.000   0.000   0.000 ) T:1 ( 439.807 439.807 439.807 439.807 439.807 439.807 )
249.569: I:0 (   0.000   0.000   0.000 ) T:1 ( 439.807 439.807 439.807 439.807 439.807 439.807 )
259.576: I:0 (   0.000   0.000   0.000 ) T:1 ( 439.807 439.807 439.807 439.807 439.807 439.807 )
269.575: I:0 (   0.000   0.000   0.000 ) T:1 ( 439.807 439.807 439.807 439.807 439.807 439.807 )
279.573: I:0 (   0.000   0.000   0.000 ) T:1 ( 439.807 439.807 439.807 439.807 439.807 439.807 )
289.575: I:0 (   0.000   0.000   0.000 ) T:1 ( 439.807 439.807 439.807 439.807 439.807 439.807 )
299.574: I:0 (   0.000   0.000   0.000 ) T:1 ( 439.807 439.807 439.807 439.807 439.807 439.807 )
309.573: I:0 (   0.000   0.000   0.000 ) T:1 ( 439.807 439.807 439.807 439.807 439.807 439.807 )
319.572: I:0 (   0.000   0.000   0.000 ) T:1 ( 439.807 439.807 439.807 439.807 439.807 439.807 )
329.575: I:0 (   0.000   0.000   0.000 ) T:1 ( 439.807 439.807 439.807 439.807 439.807 439.807 )
339.573: I:0 (   0.000   0.000   0.000 ) T:1 ( 439.807 439.807 439.807 439.807 439.807 439.807 )
349.574: I:0 (   0.000   0.000   0.000 ) T:1 ( 439.807 439.807 439.807 439.807 439.807 439.807 )
359.571: I:0 (   0.000   0.000   0.000 ) T:1 ( 439.807 439.807 439.807 439.807 439.807 439.807 )
369.573: I:0 (   0.000   0.000   0.000 ) T:1 ( 439.807 439.807 439.807 439.807 439.807 439.807 )
379.574: I:0 (   0.000   0.000   0.000 ) T:1 ( 439.807 439.807 439.807 439.807 439.807 439.807 )
389.574: I:0 (   0.000   0.000   0.000 ) T:1 ( 439.807 439.807 439.807 439.807 439.807 439.807 )
399.574: I:0 (   0.000   0.000   0.000 ) T:1 ( 439.807 439.807 439.807 439.807 439.807 439.807 )
409.574: I:0 (   0.000   0.000   0.000 ) T:1 ( 439.807 439.807 439.807 439.807 439.807 439.807 )
419.574: I:0 (   0.000   0.000   0.000 ) T:1 ( 439.807 439.807 439.807 439.807 439.807 439.807 )
429.573: I:0 (   0.000   0.000   0.000 ) T:1 ( 439.807 439.807 439.807 439.807 439.807 439.807 )
439.574: I:0 (   0.000   0.000   0.000 ) T:1 ( 439.807 439.807 439.807 439.807 439.807 439.807 )
449.573: I:0 (   0.000   0.000   0.000 ) T:1 ( 439.807 439.807 439.807 439.807 439.807 439.807 )
459.576: I:0 (   0.000   0.000   0.000 ) T:1 ( 439.807 439.807 439.807 439.807 439.807 439.807 )
469.577: I:0 (   0.000   0.000   0.000 ) T:1 ( 439.807 439.807 439.807 439.807 439.807 439.807 )
479.569: I:0 (   0.000   0.000   0.000 ) T:1 ( 439.807 439.807 439.807 439.807 439.807 439.807 )
489.571: I:0 (   0.000   0.000   0.000 ) T:1 ( 439.807 439.807 439.807 439.807 439.807 439.807 )
499.578: I:0 (   0.000   0.000   0.000 ) T:1 ( 439.807 439.807 439.807 439.807 439.807 439.807 )
509.573: I:0 (   0.000   0.000   0.000 ) T:1 ( 439.807 439.807 439.807 439.807 439.807 439.807 )
519.575: I:0 (   0.000   0.000   0.000 ) T:1 ( 439.807 439.807 439.807 439.807 439.807 439.807 )
529.572: I:0 (   0.000   0.000   0.000 ) T:1 ( 439.807 439.807 439.807 439.807 439.807 439.807 )
539.575: I:0 (   0.000   0.000   0.000 ) T:1 ( 439.807 439.807 439.807 439.807 439.807 439.807 )
549.574: I:0 (   0.000   0.000   0.000 ) T:1 ( 439.807 439.807 439.807 439.807 439.807 439.807 )
559.575: I:0 (   0.000   0.000   0.000 ) T:1 ( 439.807 439.807 439.807 439.807 439.807 439.807 )
569.575: I:0 (   0.000   0.000   0.000 ) T:1 ( 439.807 439.807 439.807 439.807 439.807 439.807 )
579.574: I:0 (   0.000   0.000   0.000 ) T:1 ( 439.807 439.807 439.807 439.807 439.807 439.807 )
589.575: I:0 (   0.000   0.000   0.000 ) T:1 ( 439.807 439.807 439.807 439.807 439.807 439.807 )
599.571: I:0 (   0.000   0.000   0.000 ) T:1 ( 439.807 439.807 439.807 439.807 439.807 439.807 )
609.572: I:0 (   0.000   0.000   0.000 ) T:1 ( 439.807 439.807 439.807 439.807 439.807 439.807 )
619.575: I:0 (   0.000   0.000   0.000 ) T:1 ( 439.807 439.807 439.807 439.807 439.807 439.807 )
629.575: I:0 (   0.000   0.000   0.000 ) T:1 ( 439.807 439.807 439.807 439.807 439.807 439.807 )
639.574: I:0 (   0.000   0.000   0.000 ) T:1 ( 439.807 439.807 439.807 439.807 439.807 439.807 )
649.575: I:0 (   0.000   0.000   0.000 ) T:1 ( 439.807 439.807 439.807 439.807 439.807 439.807 )
659.577: I:0 (   0.000   0.000   0.000 ) T:1 ( 439.807 439.807 439.807 439.807 439.807 439.807 )
669.574: I:0 (   0.000   0.000   0.000 ) T:1 ( 439.807 439.807 439.807 439.807 439.807 439.807 )
679.574: I:0 (   0.000   0.000   0.000 ) T:1 ( 439.807 439.807 439.807 439.807 439.807 439.807 )
689.575: I:0 (   0.000   0.000   0.000 ) T:1 ( 439.807 439.807 439.807 439.807 439.807 439.807 )
699.575: I:0 (   0.000   0.000   0.000 ) T:1 ( 439.807 439.807 439.807 439.807 439.807 439.807 )
709.573: I:0 (   0.000   0.000   0.000 ) T:1 ( 439.807 439.807 439.807 439.807 439.807 439.807 )
719.575: I:0 (   0.000   0.000   0.000 ) T:1 ( 439.807 439.807 439.807 439.807 439.807 439.807 )
729.574: I:0 (   0.000   0.000   0.000 ) T:1 ( 439.807 439.807 439.807 439.807 439.807 439.807 )
739.574: I:0 (   0.000   0.000   0.000 ) T:1 ( 439.807 439.807 439.807 439.807 439.807 439.807 )
749.576: I:0 (   0.000   0.000   0.000 ) T:1 ( 439.807 439.807 439.807 439.807 439.807 439.807 )
759.575: I:0 (   0.000   0.000   0.000 ) T:1 ( 439.807 439.807 439.807 439.807 439.807 439.807 )
769.575: I:0 (   0.000   0.000   0.000 ) T:1 ( 439.807 439.807 439.807 439.807 439.807 439.807 )
779.576: I:0 (   0.000   0.000   0.000 ) T:1 ( 439.807 439.807 439.807 439.807 439.807 439.807 )
789.575: I:0 (   0.000   0.000   0.000 ) T:1 ( 439.807 439.807 439.807 439.807 439.807 439.807 )
799.575: I:0 (   0.000   0.000   0.000 ) T:1 ( 439.807 439.807 439.807 439.807 439.807 439.807 )
809.574: I:0 (   0.000   0.000   0.000 ) T:1 ( 439.807 439.807 439.807 439.807 439.807 439.807 )
819.568: I:0 (   0.000   0.000   0.000 ) T:1 ( 439.807 439.807 439.807 439.807 439.807 439.807 )
829.575: I:0 (   0.000   0.000   0.000 ) T:1 ( 439.807 439.807 439.807 439.807 439.807 439.807 )
839.574: I:0 (   0.000   0.000   0.000 ) T:1 ( 439.807 439.807 439.807 439.807 439.807 439.807 )
849.573: I:0 (   0.000   0.000   0.000 ) T:1 ( 439.807 439.807 439.807 439.807 439.807 439.807 )
859.574: I:0 (   0.000   0.000   0.000 ) T:1 ( 439.807 439.807 439.807 439.807 439.807 439.807 )
869.575: I:0 (   0.000   0.000   0.000 ) T:1 ( 439.807 439.807 439.807 439.807 439.807 439.807 )
879.575: I:0 (   0.000   0.000   0.000 ) T:1 ( 439.807 439.807 439.807 439.807 439.807 439.807 )
889.575: I:0 (   0.000   0.000   0.000 ) T:1 ( 439.807 439.807 439.807 439.807 439.807 439.807 )
899.574: I:0 (   0.000   0.000   0.000 ) T:1 ( 439.807 439.807 439.807 439.807 439.807 439.807 )
909.574: I:0 (   0.000   0.000   0.000 ) T:1 ( 439.807 439.807 439.807 439.807 439.807 439.807 )
919.573: I:0 (   0.000   0.000   0.000 ) T:1 ( 439.807 439.807 439.807 439.807 439.807 439.807 )
929.574: I:0 (   0.000   0.000   0.000 ) T:1 ( 439.807 439.807 439.807 439.807 439.807 439.807 )
939.572: I:0 (   0.000   0.000   0.000 ) T:1 ( 439.807 439.807 439.807 439.807 439.807 439.807 )
949.575: I:0 (   0.000   0.000   0.000 ) T:1 ( 439.807 439.807 439.807 439.807 439.807 439.807 )
959.574: I:0 (   0.000   0.000   0.000 ) T:1 ( 439.807 439.807 439.807 439.807 439.807 439.807 )
969.576: I:0 (   0.000   0.000   0.000 ) T:1 ( 439.807 439.807 439.807 439.807 439.807 439.807 )
979.575: I:0 (   0.000   0.000   0.000 ) T:1 ( 439.807 439.807 439.807 439.807 439.807 439.807 )
989.573: I:0 (   0.000   0.000   0.000 ) T:1 ( 439.807 439.807 439.807 439.807 439.807 439.807 )
999.575: I:0 (   0.000   0.000   0.000 ) T:1 ( 439.807 439.807 439.807 439.807 439.807 439.807 )
1009.572: I:0 (   0.000   0.000   0.000 ) T:1 ( 439.807 439.807 439.807 439.807 439.807 439.807 )
1019.575: I:0 (   0.000   0.000   0.000 ) T:1 ( 439.807 439.807 439.807 439.807 439.807 439.807 )
1029.575: I:0 (   0.000   0.000   0.000 ) T:1 ( 439.807 439.807 439.807 439.807 439.807 439.807 )
1039.574: I:0 (   0.000   0.000   0.000 ) T:1 ( 439.807 439.807 439.807 439.807 439.807 439.807 )
1049.572: I:0 (   0.000   0.000   0.000 ) T:1 ( 439.807 439.807 439.807 439.807 439.807 439.807 )
1059.575: I:0 (   0.000   0.000   0.000 ) T:1 ( 439.807 439.807 439.807 439.807 439.807 439.807 )
1069.573: I:0 (   0.000   0.000   0.000 ) T:1 ( 439.807 439.807 439.807 439.807 439.807 439.807 )
1079.574: I:0 (   0.000   0.000   0.000 ) T:1 ( 439.807 439.807 439.807 439.807 439.807 439.807 )
1089.575: I:0 (   0.000   0.000   0.000 ) T:1 ( 439.807 439.807 439.807 439.807 439.807 439.807 )
1099.574: I:0 (   0.000   0.000   0.000 ) T:1 ( 439.807 439.807 439.807 439.807 439.807 439.807 )
1109.575: I:0 (   0.000   0.000   0.000 ) T:1 ( 439.807 439.807 439.807 439.807 439.807 439.807 )
1119.575: I:0 (   0.000   0.000   0.000 ) T:1 ( 439.807 439.807 439.807 439.807 439.807 439.807 )
1129.573: I:0 (   0.000   0.000   0.000 ) T:1 ( 439.807 439.807 439.807 439.807 439.807 439.807 )
1139.573: I:0 (   0.000   0.000   0.000 ) T:1 ( 439.807 439.807 439.807 439.807 439.807 439.807 )
1149.573: I:0 (   0.000   0.000   0.000 ) T:1 ( 439.807 439.807 439.807 439.807 439.807 439.807 )
1159.575: I:0 (   0.000   0.000   0.000 ) T:1 ( 439.807 439.807 439.807 439.807 439.807 439.807 )
1169.575: I:0 (   0.000   0.000   0.000 ) T:1 ( 439.807 439.807 439.807 439.807 439.807 439.807 )
1179.573: I:0 (   0.000   0.000   0.000 ) T:1 ( 439.807 439.807 439.807 439.807 439.807 439.807 )
1189.573: I:0 (   0.000   0.000   0.000 ) T:1 ( 439.807 439.807 439.807 439.807 439.807 439.807 )
1199.573: I:0 (   0.000   0.000   0.000 ) T:1 ( 439.807 439.807 439.807 439.807 439.807 439.807 )
1209.573: I:0 (   0.000   0.000   0.000 ) T:1 ( 439.807 439.807 439.807 439.807 439.807 439.807 )
1219.574: I:0 (   0.000   0.000   0.000 ) T:1 ( 439.807 439.807 439.807 439.807 439.807 439.807 )
1229.575: I:0 (   0.000   0.000   0.000 ) T:1 ( 439.807 439.807 439.807 439.807 439.807 439.807 )
1239.573: I:0 (   0.000   0.000   0.000 ) T:1 ( 439.807 439.807 439.807 439.807 439.807 439.807 )
1249.573: I:0 (   0.000   0.000   0.000 ) T:1 ( 439.807 439.807 439.807 439.807 439.807 439.807 )
1259.575: I:0 (   0.000   0.000   0.000 ) T:1 ( 439.807 439.807 439.807 439.807 439.807 439.807 )
1269.575: I:0 (   0.000   0.000   0.000 ) T:1 ( 439.807 439.807 439.807 439.807 439.807 439.807 )
1279.574: I:0 (   0.000   0.000   0.000 ) T:1 ( 439.807 439.807 439.807 439.807 439.807 439.807 )
1289.576: I:0 (   0.000   0.000   0.000 ) T:1 ( 439.807 439.807 439.807 439.807 439.807 439.807 )
1299.569: I:0 (   0.000   0.000   0.000 ) T:1 ( 439.807 439.807 439.807 439.807 439.807 439.807 )
1309.574: I:0 (   0.000   0.000   0.000 ) T:1 ( 439.807 439.807 439.807 439.807 439.807 439.807 )
1319.574: I:0 (   0.000   0.000   0.000 ) T:1 ( 439.807 439.807 439.807 439.807 439.807 439.807 )
1329.572: I:0 (   0.000   0.000   0.000 ) T:1 ( 439.807 439.807 439.807 439.807 439.807 439.807 )
1339.574: I:0 (   0.000   0.000   0.000 ) T:1 ( 439.807 439.807 439.807 439.807 439.807 439.807 )
1349.575: I:0 (   0.000   0.000   0.000 ) T:1 ( 439.807 439.807 439.807 439.807 439.807 439.807 )
1359.572: I:0 (   0.000   0.000   0.000 ) T:1 ( 439.807 439.807 439.807 439.807 439.807 439.807 )
1369.575: I:0 (   0.000   0.000   0.000 ) T:1 ( 439.807 439.807 439.807 439.807 439.807 439.807 )
1379.576: I:0 (   0.000   0.000   0.000 ) T:1 ( 439.807 439.807 439.807 439.807 439.807 439.807 )
1389.574: I:0 (   0.000   0.000   0.000 ) T:1 ( 439.807 439.807 439.807 439.807 439.807 439.807 )
1399.575: I:0 (   0.000   0.000   0.000 ) T:1 ( 439.807 439.807 439.807 439.807 439.807 439.807 )
1409.573: I:0 (   0.000   0.000   0.000 ) T:1 ( 439.807 439.807 439.807 439.807 439.807 439.807 )
1419.574: I:0 (   0.000   0.000   0.000 ) T:1 ( 439.807 439.807 439.807 439.807 439.807 439.807 )
1429.574: I:0 (   0.000   0.000   0.000 ) T:1 ( 439.807 439.807 439.807 439.807 439.807 439.807 )
1439.574: I:0 (   0.000   0.000   0.000 ) T:1 ( 439.807 439.807 439.807 439.807 439.807 439.807 )
1449.577: I:0 (   0.000   0.000   0.000 ) T:1 ( 439.807 439.807 439.807 439.807 439.807 439.807 )
1459.575: I:0 (   0.000   0.000   0.000 ) T:1 ( 439.807 439.807 439.807 439.807 439.807 439.807 )
1469.572: I:0 (   0.000   0.000   0.000 ) T:1 ( 439.807 439.807 439.807 439.807 439.807 439.807 )
1479.571: I:0 (   0.000   0.000   0.000 ) T:1 ( 439.807 439.807 439.807 439.807 439.807 439.807 )
1489.568: I:0 (   0.000   0.000   0.000 ) T:1 ( 439.807 439.807 439.807 439.807 439.807 439.807 )
1499.571: I:0 (   0.000   0.000   0.000 ) T:1 ( 439.807 439.807 439.807 439.807 439.807 439.807 )
1509.574: I:0 (   0.000   0.000   0.000 ) T:1 ( 439.807 439.807 439.807 439.807 439.807 439.807 )
1519.575: I:0 (   0.000   0.000   0.000 ) T:1 ( 439.807 439.807 439.807 439.807 439.807 439.807 )
1529.575: I:0 (   0.000   0.000   0.000 ) T:1 ( 439.807 439.807 439.807 439.807 439.807 439.807 )
1539.568: I:0 (   0.000   0.000   0.000 ) T:1 ( 439.807 439.807 439.807 439.807 439.807 439.807 )
1549.574: I:0 (   0.000   0.000   0.000 ) T:1 ( 439.807 439.807 439.807 439.807 439.807 439.807 )
1559.575: I:0 (   0.000   0.000   0.000 ) T:1 ( 439.807 439.807 439.807 439.807 439.807 439.807 )
1569.574: I:0 (   0.000   0.000   0.000 ) T:1 ( 439.807 439.807 439.807 439.807 439.807 439.807 )
1579.572: I:0 (   0.000   0.000   0.000 ) T:1 ( 439.807 439.807 439.807 439.807 439.807 439.807 )
1589.574: I:0 (   0.000   0.000   0.000 ) T:1 ( 439.807 439.807 439.807 439.807 439.807 439.807 )
1599.574: I:0 (   0.000   0.000   0.000 ) T:1 ( 439.807 439.807 439.807 439.807 439.807 439.807 )
1609.573: I:0 (   0.000   0.000   0.000 ) T:1 ( 439.807 439.807 439.807 439.807 439.807 439.807 )
1619.577: I:0 (   0.000   0.000   0.000 ) T:1 ( 439.807 439.807 439.807 439.807 439.807 439.807 )
1629.572: I:0 (   0.000   0.000   0.000 ) T:1 ( 439.807 439.807 439.807 439.807 439.807 439.807 )
1639.574: I:0 (   0.000   0.000   0.000 ) T:1 ( 439.807 439.807 439.807 439.807 439.807 439.807 )
1649.572: I:0 (   0.000   0.000   0.000 ) T:1 ( 439.807 439.807 439.807 439.807 439.807 439.807 )
1659.574: I:0 (   0.000   0.000   0.000 ) T:1 ( 439.807 439.807 439.807 439.807 439.807 439.807 )
1669.573: I:0 (   0.000   0.000   0.000 ) T:1 ( 439.807 439.807 439.807 439.807 439.807 439.807 )
1679.570: I:0 (   0.000   0.000   0.000 ) T:1 ( 439.807 439.807 439.807 439.807 439.807 439.807 )
1689.576: I:0 (   0.000   0.000   0.000 ) T:1 ( 439.807 439.807 439.807 439.807 439.807 439.807 )
1699.569: I:0 (   0.000   0.000   0.000 ) T:1 ( 439.807 439.807 439.807 439.807 439.807 439.807 )
1709.572: I:0 (   0.000   0.000   0.000 ) T:1 ( 439.807 439.807 439.807 439.807 439.807 439.807 )
1719.574: I:0 (   0.000   0.000   0.000 ) T:1 ( 439.807 439.807 439.807 439.807 439.807 439.807 )
1729.573: I:0 (   0.000   0.000   0.000 ) T:1 ( 439.807 439.807 439.807 439.807 439.807 439.807 )
1739.574: I:0 (   0.000   0.000   0.000 ) T:1 ( 439.807 439.807 439.807 439.807 439.807 439.807 )
1749.575: I:0 (   0.000   0.000   0.000 ) T:1 ( 439.807 439.807 439.807 439.807 439.807 439.807 )
1759.575: I:0 (   0.000   0.000   0.000 ) T:1 ( 439.807 439.807 439.807 439.807 439.807 439.807 )
1769.574: I:0 (   0.000   0.000   0.000 ) T:1 ( 439.807 439.807 439.807 439.807 439.807 439.807 )
1779.575: I:0 (   0.000   0.000   0.000 ) T:1 ( 439.807 439.807 439.807 439.807 439.807 439.807 )
1789.572: I:0 (   0.000   0.000   0.000 ) T:1 ( 439.807 439.807 439.807 439.807 439.807 439.807 )
1799.572: I:0 (   0.000   0.000   0.000 ) T:1 ( 439.807 439.807 439.807 439.807 439.807 439.807 )
1809.633: I:0 (   0.000   0.000   0.000 ) T:1 ( 439.807 439.807 439.807 439.807 439.807 439.807 )
1819.573: I:0 (   0.000   0.000   0.000 ) T:1 ( 439.807 439.807 439.807 439.807 439.807 439.807 )
1829.573: I:0 (   0.000   0.000   0.000 ) T:1 ( 439.807 439.807 439.807 439.807 439.807 439.807 )
1839.575: I:0 (   0.000   0.000   0.000 ) T:1 ( 439.807 439.807 439.807 439.807 439.807 439.807 )
1849.573: I:0 (   0.000   0.000   0.000 ) T:1 ( 439.807 439.807 439.807 439.807 439.807 439.807 )
1859.574: I:0 (   0.000   0.000   0.000 ) T:1 ( 439.807 439.807 439.807 439.807 439.807 439.807 )
1869.573: I:0 (   0.000   0.000   0.000 ) T:1 ( 439.807 439.807 439.807 439.807 439.807 439.807 )
1879.573: I:0 (   0.000   0.000   0.000 ) T:1 ( 439.807 439.807 439.807 439.807 439.807 439.807 )
1889.573: I:0 (   0.000   0.000   0.000 ) T:1 ( 439.807 439.807 439.807 439.807 439.807 439.807 )
1899.573: I:0 (   0.000   0.000   0.000 ) T:1 ( 439.807 439.807 439.807 439.807 439.807 439.807 )
1909.573: I:0 (   0.000   0.000   0.000 ) T:1 ( 439.807 439.807 439.807 439.807 439.807 439.807 )
1919.574: I:0 (   0.000   0.000   0.000 ) T:1 ( 439.807 439.807 439.807 439.807 439.807 439.807 )
1929.573: I:0 (   0.000   0.000   0.000 ) T:1 ( 439.807 439.807 439.807 439.807 439.807 439.807 )
1939.574: I:0 (   0.000   0.000   0.000 ) T:1 ( 439.807 439.807 439.807 439.807 439.807 439.807 )
1949.574: I:0 (   0.000   0.000   0.000 ) T:1 ( 439.807 439.807 439.807 439.807 439.807 439.807 )
1959.571: I:0 (   0.000   0.000   0.000 ) T:1 ( 439.807 439.807 439.807 439.807 439.807 439.807 )
1969.574: I:0 (   0.000   0.000   0.000 ) T:1 ( 439.807 439.807 439.807 439.807 439.807 439.807 )
1979.571: I:0 (   0.000   0.000   0.000 ) T:1 ( 439.807 439.807 439.807 439.807 439.807 439.807 )
1989.572: I:0 (   0.000   0.000   0.000 ) T:1 ( 439.807 439.807 439.807 439.807 439.807 439.807 )
1999.575: I:0 (   0.000   0.000   0.000 ) T:1 ( 439.807 439.807 439.807 439.807 439.807 439.807 )
2009.573: I:0 (   0.000   0.000   0.000 ) T:1 ( 439.807 439.807 439.807 439.807 439.807 439.807 )
2019.574: I:0 (   0.000   0.000   0.000 ) T:1 ( 439.807 439.807 439.807 439.807 439.807 439.807 )
2029.577: I:0 (   0.000   0.000   0.000 ) T:1 ( 439.807 439.807 439.807 439.807 439.807 439.807 )
2039.574: I:0 (   0.000   0.000   0.000 ) T:1 ( 439.807 439.807 439.807 439.807 439.807 439.807 )
2049.572: I:0 (   0.000   0.000   0.000 ) T:1 ( 439.807 439.807 439.807 439.807 439.807 439.807 )
2059.574: I:0 (   0.000   0.000   0.000 ) T:1 ( 439.807 439.807 439.807 439.807 439.807 439.807 )
2069.574: I:0 (   0.000   0.000   0.000 ) T:1 ( 439.807 439.807 439.807 439.807 439.807 439.807 )
2079.568: I:0 (   0.000   0.000   0.000 ) T:1 ( 439.807 439.807 439.807 439.807 439.807 439.807 )
2089.574: I:0 (   0.000   0.000   0.000 ) T:1 ( 439.807 439.807 439.807 439.807 439.807 439.807 )
2099.575: I:0 (   0.000   0.000   0.000 ) T:1 ( 439.807 439.807 439.807 439.807 439.807 439.807 )
2109.573: I:0 (   0.000   0.000   0.000 ) T:1 ( 439.807 439.807 439.807 439.807 439.807 439.807 )
2119.574: I:0 (   0.000   0.000   0.000 ) T:1 ( 439.807 439.807 439.807 439.807 439.807 439.807 )
2129.572: I:0 (   0.000   0.000   0.000 ) T:1 ( 439.807 439.807 439.807 439.807 439.807 439.807 )
2139.573: I:0 (   0.000   0.000   0.000 ) T:1 ( 439.807 439.807 439.807 439.807 439.807 439.807 )
2149.576: I:0 (   0.000   0.000   0.000 ) T:1 ( 439.807 439.807 439.807 439.807 439.807 439.807 )
2159.570: I:0 (   0.000   0.000   0.000 ) T:1 ( 439.807 439.807 439.807 439.807 439.807 439.807 )
2169.568: I:0 (   0.000   0.000   0.000 ) T:1 ( 439.807 439.807 439.807 439.807 439.807 439.807 )
2179.572: I:0 (   0.000   0.000   0.000 ) T:1 ( 439.807 439.807 439.807 439.807 439.807 439.807 )
2189.571: I:0 (   0.000   0.000   0.000 ) T:1 ( 439.807 439.807 439.807 439.807 439.807 439.807 )
2199.575: I:0 (   0.000   0.000   0.000 ) T:1 ( 439.807 439.807 439.807 439.807 439.807 439.807 )
2209.573: I:0 (   0.000   0.000   0.000 ) T:1 ( 439.807 439.807 439.807 439.807 439.807 439.807 )
2219.574: I:0 (   0.000   0.000   0.000 ) T:1 ( 439.807 439.807 439.807 439.807 439.807 439.807 )
2229.573: I:0 (   0.000   0.000   0.000 ) T:1 ( 439.807 439.807 439.807 439.807 439.807 439.807 )
2239.575: I:0 (   0.000   0.000   0.000 ) T:1 ( 439.807 439.807 439.807 439.807 439.807 439.807 )
2249.574: I:0 (   0.000   0.000   0.000 ) T:1 ( 439.807 439.807 439.807 439.807 439.807 439.807 )
2259.573: I:0 (   0.000   0.000   0.000 ) T:1 ( 439.807 439.807 439.807 439.807 439.807 439.807 )
2269.569: I:0 (   0.000   0.000   0.000 ) T:1 ( 439.807 439.807 439.807 439.807 439.807 439.807 )
2279.572: I:0 (   0.000   0.000   0.000 ) T:1 ( 439.807 439.807 439.807 439.807 439.807 439.807 )
2289.575: I:0 (   0.000   0.000   0.000 ) T:1 ( 439.807 439.807 439.807 439.807 439.807 439.807 )
2299.574: I:0 (   0.000   0.000   0.000 ) T:1 ( 439.807 439.807 439.807 439.807 439.807 439.807 )
2309.573: I:0 (   0.000   0.000   0.000 ) T:1 ( 439.807 439.807 439.807 439.807 439.807 439.807 )
2319.574: I:0 (   0.000   0.000   0.000 ) T:1 ( 439.807 439.807 439.807 439.807 439.807 439.807 )
2329.573: I:0 (   0.000   0.000   0.000 ) T:1 ( 439.807 439.807 439.807 439.807 439.807 439.807 )
2339.568: I:0 (   0.000   0.000   0.000 ) T:1 ( 439.807 439.807 439.807 439.807 439.807 439.807 )
2349.570: I:0 (   0.000   0.000   0.000 ) T:1 ( 439.807 439.807 439.807 439.807 439.807 439.807 )
2359.570: I:0 (   0.000   0.000   0.000 ) T:1 ( 439.807 439.807 439.807 439.807 439.807 439.807 )
2369.575: I:0 (   0.000   0.000   0.000 ) T:1 ( 439.807 439.807 439.807 439.807 439.807 439.807 )
2379.575: I:0 (   0.000   0.000   0.000 ) T:1 ( 439.807 439.807 439.807 439.807 439.807 439.807 )
2389.574: I:0 (   0.000   0.000   0.000 ) T:1 ( 439.807 439.807 439.807 439.807 439.807 439.807 )
2399.573: I:0 (   0.000   0.000   0.000 ) T:1 ( 439.807 439.807 439.807 439.807 439.807 439.807 )
2409.573: I:0 (   0.000   0.000   0.000 ) T:1 ( 439.807 439.807 439.807 439.807 439.807 439.807 )
2419.573: I:0 (   0.000   0.000   0.000 ) T:1 ( 439.807 439.807 439.807 439.807 439.807 439.807 )
2429.574: I:0 (   0.000   0.000   0.000 ) T:1 ( 439.807 439.807 439.807 439.807 439.807 439.807 )
2439.575: I:0 (   0.000   0.000   0.000 ) T:1 ( 439.807 439.807 439.807 439.807 439.807 439.807 )
2449.580: I:0 (   0.000   0.000   0.000 ) T:1 ( 439.807 439.807 439.807 439.807 439.807 439.807 )
2459.574: I:0 (   0.000   0.000   0.000 ) T:1 ( 439.807 439.807 439.807 439.807 439.807 439.807 )
2469.572: I:0 (   0.000   0.000   0.000 ) T:1 ( 439.807 439.807 439.807 439.807 439.807 439.807 )
2479.575: I:0 (   0.000   0.000   0.000 ) T:1 ( 439.807 439.807 439.807 439.807 439.807 439.807 )
2489.574: I:0 (   0.000   0.000   0.000 ) T:1 ( 439.807 439.807 439.807 439.807 439.807 439.807 )
2499.574: I:0 (   0.000   0.000   0.000 ) T:1 ( 439.807 439.807 439.807 439.807 439.807 439.807 )
2509.573: I:0 (   0.000   0.000   0.000 ) T:1 ( 439.807 439.807 439.807 439.807 439.807 439.807 )
2519.572: I:0 (   0.000   0.000   0.000 ) T:1 ( 439.807 439.807 439.807 439.807 439.807 439.807 )
2529.572: I:0 (   0.000   0.000   0.000 ) T:1 ( 439.807 439.807 439.807 439.807 439.807 439.807 )
2539.574: I:0 (   0.000   0.000   0.000 ) T:1 ( 439.807 439.807 439.807 439.807 439.807 439.807 )
2549.568: I:0 (   0.000   0.000   0.000 ) T:1 ( 439.807 439.807 439.807 439.807 439.807 439.807 )
2559.575: I:0 (   0.000   0.000   0.000 ) T:1 ( 439.807 439.807 439.807 439.807 439.807 439.807 )
2569.574: I:0 (   0.000   0.000   0.000 ) T:1 ( 439.807 439.807 439.807 439.807 439.807 439.807 )
2579.575: I:0 (   0.000   0.000   0.000 ) T:1 ( 439.807 439.807 439.807 439.807 439.807 439.807 )
2589.574: I:0 (   0.000   0.000   0.000 ) T:1 ( 439.807 439.807 439.807 439.807 439.807 439.807 )
2599.572: I:0 (   0.000   0.000   0.000 ) T:1 ( 439.807 439.807 439.807 439.807 439.807 439.807 )
2609.575: I:0 (   0.000   0.000   0.000 ) T:1 ( 439.807 439.807 439.807 439.807 439.807 439.807 )
2619.573: I:0 (   0.000   0.000   0.000 ) T:1 ( 439.807 439.807 439.807 439.807 439.807 439.807 )
2629.574: I:0 (   0.000   0.000   0.000 ) T:1 ( 439.807 439.807 439.807 439.807 439.807 439.807 )
2639.574: I:0 (   0.000   0.000   0.000 ) T:1 ( 439.807 439.807 439.807 439.807 439.807 439.807 )
2649.573: I:0 (   0.000   0.000   0.000 ) T:1 ( 439.807 439.807 439.807 439.807 439.807 439.807 )
2659.573: I:0 (   0.000   0.000   0.000 ) T:1 ( 439.807 439.807 439.807 439.807 439.807 439.807 )
2669.575: I:0 (   0.000   0.000   0.000 ) T:1 ( 439.807 439.807 439.807 439.807 439.807 439.807 )
2679.574: I:0 (   0.000   0.000   0.000 ) T:1 ( 439.807 439.807 439.807 439.807 439.807 439.807 )
2689.573: I:0 (   0.000   0.000   0.000 ) T:1 ( 439.807 439.807 439.807 439.807 439.807 439.807 )
2699.572: I:0 (   0.000   0.000   0.000 ) T:1 ( 439.807 439.807 439.807 439.807 439.807 439.807 )
2709.574: I:0 (   0.000   0.000   0.000 ) T:1 ( 439.807 439.807 439.807 439.807 439.807 439.807 )
2719.575: I:0 (   0.000   0.000   0.000 ) T:1 ( 439.807 439.807 439.807 439.807 439.807 439.807 )
2729.569: I:0 (   0.000   0.000   0.000 ) T:1 ( 439.807 439.807 439.807 439.807 439.807 439.807 )
2739.575: I:0 (   0.000   0.000   0.000 ) T:1 ( 439.807 439.807 439.807 439.807 439.807 439.807 )
2749.573: I:0 (   0.000   0.000   0.000 ) T:1 ( 439.807 439.807 439.807 439.807 439.807 439.807 )
2759.573: I:0 (   0.000   0.000   0.000 ) T:1 ( 439.807 439.807 439.807 439.807 439.807 439.807 )
2769.567: I:0 (   0.000   0.000   0.000 ) T:1 ( 439.807 439.807 439.807 439.807 439.807 439.807 )
2779.574: I:0 (   0.000   0.000   0.000 ) T:1 ( 439.807 439.807 439.807 439.807 439.807 439.807 )
2789.574: I:0 (   0.000   0.000   0.000 ) T:1 ( 439.807 439.807 439.807 439.807 439.807 439.807 )
2799.585: I:0 (   0.000   0.000   0.000 ) T:1 ( 439.807 439.807 439.807 439.807 439.807 439.807 )
2809.573: I:0 (   0.000   0.000   0.000 ) T:1 ( 439.807 439.807 439.807 439.807 439.807 439.807 )
2819.574: I:0 (   0.000   0.000   0.000 ) T:1 ( 439.807 439.807 439.807 439.807 439.807 439.807 )
2829.568: I:0 (   0.000   0.000   0.000 ) T:1 ( 439.807 439.807 439.807 439.807 439.807 439.807 )
2839.574: I:0 (   0.000   0.000   0.000 ) T:1 ( 439.807 439.807 439.807 439.807 439.807 439.807 )
2849.573: I:0 (   0.000   0.000   0.000 ) T:1 ( 439.807 439.807 439.807 439.807 439.807 439.807 )
2859.569: I:0 (   0.000   0.000   0.000 ) T:1 ( 439.807 439.807 439.807 439.807 439.807 439.807 )
2869.574: I:0 (   0.000   0.000   0.000 ) T:1 ( 439.807 439.807 439.807 439.807 439.807 439.807 )
2879.574: I:0 (   0.000   0.000   0.000 ) T:1 ( 439.807 439.807 439.807 439.807 439.807 439.807 )
2889.574: I:0 (   0.000   0.000   0.000 ) T:1 ( 439.807 439.807 439.807 439.807 439.807 439.807 )
2899.570: I:0 (   0.000   0.000   0.000 ) T:1 ( 439.807 439.807 439.807 439.807 439.807 439.807 )
2909.573: I:0 (   0.000   0.000   0.000 ) T:1 ( 439.807 439.807 439.807 439.807 439.807 439.807 )
2919.569: I:0 (   0.000   0.000   0.000 ) T:1 ( 439.807 439.807 439.807 439.807 439.807 439.807 )
2929.576: I:0 (   0.000   0.000   0.000 ) T:1 ( 439.807 439.807 439.807 439.807 439.807 439.807 )
2939.574: I:0 (   0.000   0.000   0.000 ) T:1 ( 439.807 439.807 439.807 439.807 439.807 439.807 )
2949.576: I:0 (   0.000   0.000   0.000 ) T:1 ( 439.807 439.807 439.807 439.807 439.807 439.807 )
2959.568: I:0 (   0.000   0.000   0.000 ) T:1 ( 439.807 439.807 439.807 439.807 439.807 439.807 )
2969.574: I:0 (   0.000   0.000   0.000 ) T:1 ( 439.807 439.807 439.807 439.807 439.807 439.807 )
2979.574: I:0 (   0.000   0.000   0.000 ) T:1 ( 439.807 439.807 439.807 439.807 439.807 439.807 )
2989.575: I:0 (   0.000   0.000   0.000 ) T:1 ( 439.807 439.807 439.807 439.807 439.807 439.807 )
2999.569: I:0 (   0.000   0.000   0.000 ) T:1 ( 439.807 439.807 439.807 439.807 439.807 439.807 )
3009.573: I:0 (   0.000   0.000   0.000 ) T:1 ( 439.807 439.807 439.807 439.807 439.807 439.807 )
3019.569: I:0 (   0.000   0.000   0.000 ) T:1 ( 439.807 439.807 439.807 439.807 439.807 439.807 )
3029.570: I:0 (   0.000   0.000   0.000 ) T:1 ( 439.807 439.807 439.807 439.807 439.807 439.807 )
3039.574: I:0 (   0.000   0.000   0.000 ) T:1 ( 439.807 439.807 439.807 439.807 439.807 439.807 )
3049.573: I:0 (   0.000   0.000   0.000 ) T:1 ( 439.807 439.807 439.807 439.807 439.807 439.807 )
3059.575: I:0 (   0.000   0.000   0.000 ) T:1 ( 439.807 439.807 439.807 439.807 439.807 439.807 )
3069.573: I:0 (   0.000   0.000   0.000 ) T:1 ( 439.807 439.807 439.807 439.807 439.807 439.807 )
3079.574: I:0 (   0.000   0.000   0.000 ) T:1 ( 439.807 439.807 439.807 439.807 439.807 439.807 )
3089.568: I:0 (   0.000   0.000   0.000 ) T:1 ( 439.807 439.807 439.807 439.807 439.807 439.807 )
3099.575: I:0 (   0.000   0.000   0.000 ) T:1 ( 439.807 439.807 439.807 439.807 439.807 439.807 )
3109.574: I:0 (   0.000   0.000   0.000 ) T:1 ( 439.807 439.807 439.807 439.807 439.807 439.807 )
3119.572: I:0 (   0.000   0.000   0.000 ) T:1 ( 439.807 439.807 439.807 439.807 439.807 439.807 )
3129.572: I:0 (   0.000   0.000   0.000 ) T:1 ( 439.807 439.807 439.807 439.807 439.807 439.807 )
3139.575: I:0 (   0.000   0.000   0.000 ) T:1 ( 439.807 439.807 439.807 439.807 439.807 439.807 )
3149.575: I:0 (   0.000   0.000   0.000 ) T:1 ( 439.807 439.807 439.807 439.807 439.807 439.807 )
3159.569: I:0 (   0.000   0.000   0.000 ) T:1 ( 439.807 439.807 439.807 439.807 439.807 439.807 )
3169.575: I:0 (   0.000   0.000   0.000 ) T:1 ( 439.807 439.807 439.807 439.807 439.807 439.807 )
3179.573: I:0 (   0.000   0.000   0.000 ) T:1 ( 439.807 439.807 439.807 439.807 439.807 439.807 )
3189.572: I:0 (   0.000   0.000   0.000 ) T:1 ( 439.807 439.807 439.807 439.807 439.807 439.807 )
3199.572: I:0 (   0.000   0.000   0.000 ) T:1 ( 439.807 439.807 439.807 439.807 439.807 439.807 )
3209.573: I:0 (   0.000   0.000   0.000 ) T:1 ( 439.807 439.807 439.807 439.807 439.807 439.807 )
3219.574: I:0 (   0.000   0.000   0.000 ) T:1 ( 439.807 439.807 439.807 439.807 439.807 439.807 )
3229.574: I:0 (   0.000   0.000   0.000 ) T:1 ( 439.807 439.807 439.807 439.807 439.807 439.807 )
3239.575: I:0 (   0.000   0.000   0.000 ) T:1 ( 439.807 439.807 439.807 439.807 439.807 439.807 )
3249.572: I:0 (   0.000   0.000   0.000 ) T:1 ( 439.807 439.807 439.807 439.807 439.807 439.807 )
3259.574: I:0 (   0.000   0.000   0.000 ) T:1 ( 439.807 439.807 439.807 439.807 439.807 439.807 )
3269.572: I:0 (   0.000   0.000   0.000 ) T:1 ( 439.807 439.807 439.807 439.807 439.807 439.807 )
3279.572: I:0 (   0.000   0.000   0.000 ) T:1 ( 439.807 439.807 439.807 439.807 439.807 439.807 )
3289.575: I:0 (   0.000   0.000   0.000 ) T:1 ( 439.807 439.807 439.807 439.807 439.807 439.807 )
3299.573: I:0 (   0.000   0.000   0.000 ) T:1 ( 439.807 439.807 439.807 439.807 439.807 439.807 )
3309.573: I:0 (   0.000   0.000   0.000 ) T:1 ( 439.807 439.807 439.807 439.807 439.807 439.807 )
3319.574: I:0 (   0.000   0.000   0.000 ) T:1 ( 439.807 439.807 439.807 439.807 439.807 439.807 )
3329.575: I:0 (   0.000   0.000   0.000 ) T:1 ( 439.807 439.807 439.807 439.807 439.807 439.807 )
3339.572: I:0 (   0.000   0.000   0.000 ) T:1 ( 439.807 439.807 439.807 439.807 439.807 439.807 )
3349.568: I:0 (   0.000   0.000   0.000 ) T:1 ( 439.807 439.807 439.807 439.807 439.807 439.807 )
3359.574: I:0 (   0.000   0.000   0.000 ) T:1 ( 439.807 439.807 439.807 439.807 439.807 439.807 )
3369.573: I:0 (   0.000   0.000   0.000 ) T:1 ( 439.807 439.807 439.807 439.807 439.807 439.807 )
3379.568: I:0 (   0.000   0.000   0.000 ) T:1 ( 439.807 439.807 439.807 439.807 439.807 439.807 )
3389.573: I:0 (   0.000   0.000   0.000 ) T:1 ( 439.807 439.807 439.807 439.807 439.807 439.807 )
3399.572: I:0 (   0.000   0.000   0.000 ) T:1 ( 439.807 439.807 439.807 439.807 439.807 439.807 )
3409.575: I:0 (   0.000   0.000   0.000 ) T:1 ( 439.807 439.807 439.807 439.807 439.807 439.807 )
3419.569: I:0 (   0.000   0.000   0.000 ) T:1 ( 439.807 439.807 439.807 439.807 439.807 439.807 )
3429.572: I:0 (   0.000   0.000   0.000 ) T:1 ( 439.807 439.807 439.807 439.807 439.807 439.807 )
3439.575: I:0 (   0.000   0.000   0.000 ) T:1 ( 439.807 439.807 439.807 439.807 439.807 439.807 )
3449.573: I:0 (   0.000   0.000   0.000 ) T:1 ( 439.807 439.807 439.807 439.807 439.807 439.807 )
3459.572: I:0 (   0.000   0.000   0.000 ) T:1 ( 439.807 439.807 439.807 439.807 439.807 439.807 )
3469.573: I:0 (   0.000   0.000   0.000 ) T:1 ( 439.807 439.807 439.807 439.807 439.807 439.807 )
3479.573: I:0 (   0.000   0.000   0.000 ) T:1 ( 439.807 439.807 439.807 439.807 439.807 439.807 )
3489.573: I:0 (   0.000   0.000   0.000 ) T:1 ( 439.807 439.807 439.807 439.807 439.807 439.807 )
3499.572: I:0 (   0.000   0.000   0.000 ) T:1 ( 439.807 439.807 439.807 439.807 439.807 439.807 )
3509.572: I:0 (   0.000   0.000   0.000 ) T:1 ( 439.807 439.807 439.807 439.807 439.807 439.807 )
3519.571: I:0 (   0.000   0.000   0.000 ) T:1 ( 439.807 439.807 439.807 439.807 439.807 439.807 )
3529.573: I:0 (   0.000   0.000   0.000 ) T:1 ( 439.807 439.807 439.807 439.807 439.807 439.807 )
3539.573: I:0 (   0.000   0.000   0.000 ) T:1 ( 439.807 439.807 439.807 439.807 439.807 439.807 )
3549.573: I:0 (   0.000   0.000   0.000 ) T:1 ( 439.807 439.807 439.807 439.807 439.807 439.807 )
3559.574: I:0 (   0.000   0.000   0.000 ) T:1 ( 439.807 439.807 439.807 439.807 439.807 439.807 )
3569.573: I:0 (   0.000   0.000   0.000 ) T:1 ( 439.807 439.807 439.807 439.807 439.807 439.807 )
3579.574: I:0 (   0.000   0.000   0.000 ) T:1 ( 439.807 439.807 439.807 439.807 439.807 439.807 )
3589.567: I:0 (   0.000   0.000   0.000 ) T:1 ( 439.807 439.807 439.807 439.807 439.807 439.807 )
3599.573: I:0 (   0.000   0.000   0.000 ) T:1 ( 439.807 439.807 439.807 439.807 439.807 439.807 )
3609.573: I:0 (   0.000   0.000   0.000 ) T:1 ( 439.807 439.807 439.807 439.807 439.807 439.807 )
3619.571: I:0 (   0.000   0.000   0.000 ) T:1 ( 439.807 439.807 439.807 439.807 439.807 439.807 )
3629.573: I:0 (   0.000   0.000   0.000 ) T:1 ( 439.807 439.807 439.807 439.807 439.807 439.807 )
3639.574: I:0 (   0.000   0.000   0.000 ) T:1 ( 439.807 439.807 439.807 439.807 439.807 439.807 )
3649.573: I:0 (   0.000   0.000   0.000 ) T:1 ( 439.807 439.807 439.807 439.807 439.807 439.807 )
3659.572: I:0 (   0.000   0.000   0.000 ) T:1 ( 439.807 439.807 439.807 439.807 439.807 439.807 )
3669.574: I:0 (   0.000   0.000   0.000 ) T:1 ( 439.807 439.807 439.807 439.807 439.807 439.807 )
3679.574: I:0 (   0.000   0.000   0.000 ) T:1 ( 439.807 439.807 439.807 439.807 439.807 439.807 )
3689.574: I:0 (   0.000   0.000   0.000 ) T:1 ( 439.807 439.807 439.807 439.807 439.807 439.807 )
3699.572: I:0 (   0.000   0.000   0.000 ) T:1 ( 439.807 439.807 439.807 439.807 439.807 439.807 )
3709.573: I:0 (   0.000   0.000   0.000 ) T:1 ( 439.807 439.807 439.807 439.807 439.807 439.807 )
3719.574: I:0 (   0.000   0.000   0.000 ) T:1 ( 439.807 439.807 439.807 439.807 439.807 439.807 )
3729.572: I:0 (   0.000   0.000   0.000 ) T:1 ( 439.807 439.807 439.807 439.807 439.807 439.807 )
3739.575: I:0 (   0.000   0.000   0.000 ) T:1 ( 439.807 439.807 439.807 439.807 439.807 439.807 )
3749.574: I:0 (   0.000   0.000   0.000 ) T:1 ( 439.807 439.807 439.807 439.807 439.807 439.807 )
3759.575: I:0 (   0.000   0.000   0.000 ) T:1 ( 439.807 439.807 439.807 439.807 439.807 439.807 )
3769.572: I:0 (   0.000   0.000   0.000 ) T:1 ( 439.807 439.807 439.807 439.807 439.807 439.807 )
3779.574: I:0 (   0.000   0.000   0.000 ) T:1 ( 439.807 439.807 439.807 439.807 439.807 439.807 )
3789.568: I:0 (   0.000   0.000   0.000 ) T:1 ( 439.807 439.807 439.807 439.807 439.807 439.807 )
3799.574: I:0 (   0.000   0.000   0.000 ) T:1 ( 439.807 439.807 439.807 439.807 439.807 439.807 )
3809.571: I:0 (   0.000   0.000   0.000 ) T:1 ( 439.807 439.807 439.807 439.807 439.807 439.807 )
3819.574: I:0 (   0.000   0.000   0.000 ) T:1 ( 439.807 439.807 439.807 439.807 439.807 439.807 )
3829.574: I:0 (   0.000   0.000   0.000 ) T:1 ( 439.807 439.807 439.807 439.807 439.807 439.807 )
3839.575: I:0 (   0.000   0.000   0.000 ) T:1 ( 439.807 439.807 439.807 439.807 439.807 439.807 )
3849.573: I:0 (   0.000   0.000   0.000 ) T:1 ( 439.807 439.807 439.807 439.807 439.807 439.807 )
3859.573: I:0 (   0.000   0.000   0.000 ) T:1 ( 439.807 439.807 439.807 439.807 439.807 439.807 )
3869.572: I:0 (   0.000   0.000   0.000 ) T:1 ( 439.807 439.807 439.807 439.807 439.807 439.807 )
3879.575: I:0 (   0.000   0.000   0.000 ) T:1 ( 439.807 439.807 439.807 439.807 439.807 439.807 )
3889.575: I:0 (   0.000   0.000   0.000 ) T:1 ( 439.807 439.807 439.807 439.807 439.807 439.807 )
3899.573: I:0 (   0.000   0.000   0.000 ) T:1 ( 439.807 439.807 439.807 439.807 439.807 439.807 )
3909.574: I:0 (   0.000   0.000   0.000 ) T:1 ( 439.807 439.807 439.807 439.807 439.807 439.807 )
3919.572: I:0 (   0.000   0.000   0.000 ) T:1 ( 439.807 439.807 439.807 439.807 439.807 439.807 )
3929.574: I:0 (   0.000   0.000   0.000 ) T:1 ( 439.807 439.807 439.807 439.807 439.807 439.807 )
3939.573: I:0 (   0.000   0.000   0.000 ) T:1 ( 439.807 439.807 439.807 439.807 439.807 439.807 )
3949.574: I:0 (   0.000   0.000   0.000 ) T:1 ( 439.807 439.807 439.807 439.807 439.807 439.807 )
3959.574: I:0 (   0.000   0.000   0.000 ) T:1 ( 439.807 439.807 439.807 439.807 439.807 439.807 )
3969.572: I:0 (   0.000   0.000   0.000 ) T:1 ( 439.807 439.807 439.807 439.807 439.807 439.807 )
3979.574: I:0 (   0.000   0.000   0.000 ) T:1 ( 439.807 439.807 439.807 439.807 439.807 439.807 )
3989.574: I:0 (   0.000   0.000   0.000 ) T:1 ( 439.807 439.807 439.807 439.807 439.807 439.807 )
3999.575: I:0 (   0.000   0.000   0.000 ) T:1 ( 439.807 439.807 439.807 439.807 439.807 439.807 )
4009.576: I:0 (   0.000   0.000   0.000 ) T:1 ( 439.807 439.807 439.807 439.807 439.807 439.807 )
4019.576: I:0 (   0.000   0.000   0.000 ) T:1 ( 439.807 439.807 439.807 439.807 439.807 439.807 )
4029.575: I:0 (   0.000   0.000   0.000 ) T:1 ( 439.807 439.807 439.807 439.807 439.807 439.807 )
4039.574: I:0 (   0.000   0.000   0.000 ) T:1 ( 439.807 439.807 439.807 439.807 439.807 439.807 )
4049.574: I:0 (   0.000   0.000   0.000 ) T:1 ( 439.807 439.807 439.807 439.807 439.807 439.807 )
4059.571: I:0 (   0.000   0.000   0.000 ) T:1 ( 439.807 439.807 439.807 439.807 439.807 439.807 )
4069.576: I:0 (   0.000   0.000   0.000 ) T:1 ( 439.807 439.807 439.807 439.807 439.807 439.807 )
4079.573: I:0 (   0.000   0.000   0.000 ) T:1 ( 439.807 439.807 439.807 439.807 439.807 439.807 )
4089.574: I:0 (   0.000   0.000   0.000 ) T:1 ( 439.807 439.807 439.807 439.807 439.807 439.807 )
4099.573: I:0 (   0.000   0.000   0.000 ) T:1 ( 439.807 439.807 439.807 439.807 439.807 439.807 )
4109.574: I:0 (   0.000   0.000   0.000 ) T:1 ( 439.807 439.807 439.807 439.807 439.807 439.807 )
4119.571: I:0 (   0.000   0.000   0.000 ) T:1 ( 439.807 439.807 439.807 439.807 439.807 439.807 )
4129.573: I:0 (   0.000   0.000   0.000 ) T:1 ( 439.807 439.807 439.807 439.807 439.807 439.807 )
4139.572: I:0 (   0.000   0.000   0.000 ) T:1 ( 439.807 439.807 439.807 439.807 439.807 439.807 )
4149.574: I:0 (   0.000   0.000   0.000 ) T:1 ( 439.807 439.807 439.807 439.807 439.807 439.807 )
4159.574: I:0 (   0.000   0.000   0.000 ) T:1 ( 439.807 439.807 439.807 439.807 439.807 439.807 )
4169.574: I:0 (   0.000   0.000   0.000 ) T:1 ( 439.807 439.807 439.807 439.807 439.807 439.807 )
4179.573: I:0 (   0.000   0.000   0.000 ) T:1 ( 439.807 439.807 439.807 439.807 439.807 439.807 )
4189.573: I:0 (   0.000   0.000   0.000 ) T:1 ( 439.807 439.807 439.807 439.807 439.807 439.807 )
4199.572: I:0 (   0.000   0.000   0.000 ) T:1 ( 439.807 439.807 439.807 439.807 439.807 439.807 )
4209.574: I:0 (   0.000   0.000   0.000 ) T:1 ( 439.807 439.807 439.807 439.807 439.807 439.807 )
4219.572: I:0 (   0.000   0.000   0.000 ) T:1 ( 439.807 439.807 439.807 439.807 439.807 439.807 )
4229.571: I:0 (   0.000   0.000   0.000 ) T:1 ( 439.807 439.807 439.807 439.807 439.807 439.807 )
4239.572: I:0 (   0.000   0.000   0.000 ) T:1 ( 439.807 439.807 439.807 439.807 439.807 439.807 )
4249.576: I:0 (   0.000   0.000   0.000 ) T:1 ( 439.807 439.807 439.807 439.807 439.807 439.807 )
4259.573: I:0 (   0.000   0.000   0.000 ) T:1 ( 439.807 439.807 439.807 439.807 439.807 439.807 )
4269.572: I:0 (   0.000   0.000   0.000 ) T:1 ( 439.807 439.807 439.807 439.807 439.807 439.807 )
4279.573: I:0 (   0.000   0.000   0.000 ) T:1 ( 439.807 439.807 439.807 439.807 439.807 439.807 )
4289.575: I:0 (   0.000   0.000   0.000 ) T:1 ( 439.807 439.807 439.807 439.807 439.807 439.807 )
4299.574: I:0 (   0.000   0.000   0.000 ) T:1 ( 439.807 439.807 439.807 439.807 439.807 439.807 )
4309.568: I:0 (   0.000   0.000   0.000 ) T:1 ( 439.807 439.807 439.807 439.807 439.807 439.807 )
4319.569: I:0 (   0.000   0.000   0.000 ) T:1 ( 439.807 439.807 439.807 439.807 439.807 439.807 )
4329.570: I:0 (   0.000   0.000   0.000 ) T:1 ( 439.807 439.807 439.807 439.807 439.807 439.807 )
4339.573: I:0 (   0.000   0.000   0.000 ) T:1 ( 439.807 439.807 439.807 439.807 439.807 439.807 )
4349.576: I:0 (   0.000   0.000   0.000 ) T:1 ( 439.807 439.807 439.807 439.807 439.807 439.807 )
4359.572: I:0 (   0.000   0.000   0.000 ) T:1 ( 439.807 439.807 439.807 439.807 439.807 439.807 )
4369.574: I:0 (   0.000   0.000   0.000 ) T:1 ( 439.807 439.807 439.807 439.807 439.807 439.807 )
4379.577: I:0 (   0.000   0.000   0.000 ) T:1 ( 439.807 439.807 439.807 439.807 439.807 439.807 )
4389.574: I:0 (   0.000   0.000   0.000 ) T:1 ( 439.807 439.807 439.807 439.807 439.807 439.807 )
4399.574: I:0 (   0.000   0.000   0.000 ) T:1 ( 439.807 439.807 439.807 439.807 439.807 439.807 )
4409.574: I:0 (   0.000   0.000   0.000 ) T:1 ( 439.807 439.807 439.807 439.807 439.807 439.807 )
4419.573: I:0 (   0.000   0.000   0.000 ) T:1 ( 439.807 439.807 439.807 439.807 439.807 439.807 )
4429.570: I:0 (   0.000   0.000   0.000 ) T:1 ( 439.807 439.807 439.807 439.807 439.807 439.807 )
4439.575: I:0 (   0.000   0.000   0.000 ) T:1 ( 439.807 439.807 439.807 439.807 439.807 439.807 )
4449.575: I:0 (   0.000   0.000   0.000 ) T:1 ( 439.807 439.807 439.807 439.807 439.807 439.807 )
4459.572: I:0 (   0.000   0.000   0.000 ) T:1 ( 439.807 439.807 439.807 439.807 439.807 439.807 )
4469.575: I:0 (   0.000   0.000   0.000 ) T:1 ( 439.807 439.807 439.807 439.807 439.807 439.807 )
4479.573: I:0 (   0.000   0.000   0.000 ) T:1 ( 439.807 439.807 439.807 439.807 439.807 439.807 )
4489.575: I:0 (   0.000   0.000   0.000 ) T:1 ( 439.807 439.807 439.807 439.807 439.807 439.807 )
4499.573: I:0 (   0.000   0.000   0.000 ) T:1 ( 439.807 439.807 439.807 439.807 439.807 439.807 )
4509.573: I:0 (   0.000   0.000   0.000 ) T:1 ( 439.807 439.807 439.807 439.807 439.807 439.807 )
4519.573: I:0 (   0.000   0.000   0.000 ) T:1 ( 439.807 439.807 439.807 439.807 439.807 439.807 )
4529.574: I:0 (   0.000   0.000   0.000 ) T:1 ( 439.807 439.807 439.807 439.807 439.807 439.807 )
4539.574: I:0 (   0.000   0.000   0.000 ) T:1 ( 439.807 439.807 439.807 439.807 439.807 439.807 )
4549.575: I:0 (   0.000   0.000   0.000 ) T:1 ( 439.807 439.807 439.807 439.807 439.807 439.807 )
4559.572: I:0 (   0.000   0.000   0.000 ) T:1 ( 439.807 439.807 439.807 439.807 439.807 439.807 )
4569.571: I:0 (   0.000   0.000   0.000 ) T:1 ( 439.807 439.807 439.807 439.807 439.807 439.807 )
4579.574: I:0 (   0.000   0.000   0.000 ) T:1 ( 439.807 439.807 439.807 439.807 439.807 439.807 )
4589.575: I:0 (   0.000   0.000   0.000 ) T:1 ( 439.807 439.807 439.807 439.807 439.807 439.807 )
4599.575: I:0 (   0.000   0.000   0.000 ) T:1 ( 439.807 439.807 439.807 439.807 439.807 439.807 )
4609.575: I:0 (   0.000   0.000   0.000 ) T:1 ( 439.807 439.807 439.807 439.807 439.807 439.807 )
4619.575: I:0 (   0.000   0.000   0.000 ) T:1 ( 439.807 439.807 439.807 439.807 439.807 439.807 )
4629.575: I:0 (   0.000   0.000   0.000 ) T:1 ( 439.807 439.807 439.807 439.807 439.807 439.807 )
4639.572: I:0 (   0.000   0.000   0.000 ) T:1 ( 439.807 439.807 439.807 439.807 439.807 439.807 )
4649.575: I:0 (   0.000   0.000   0.000 ) T:1 ( 439.807 439.807 439.807 439.807 439.807 439.807 )
4659.573: I:0 (   0.000   0.000   0.000 ) T:1 ( 439.807 439.807 439.807 439.807 439.807 439.807 )
4669.574: I:0 (   0.000   0.000   0.000 ) T:1 ( 439.807 439.807 439.807 439.807 439.807 439.807 )
4679.570: I:0 (   0.000   0.000   0.000 ) T:1 ( 439.807 439.807 439.807 439.807 439.807 439.807 )
4689.569: I:0 (   0.000   0.000   0.000 ) T:1 ( 439.807 439.807 439.807 439.807 439.807 439.807 )
4699.575: I:0 (   0.000   0.000   0.000 ) T:1 ( 439.807 439.807 439.807 439.807 439.807 439.807 )
4709.574: I:0 (   0.000   0.000   0.000 ) T:1 ( 439.807 439.807 439.807 439.807 439.807 439.807 )
4719.575: I:0 (   0.000   0.000   0.000 ) T:1 ( 439.807 439.807 439.807 439.807 439.807 439.807 )
4729.576: I:0 (   0.000   0.000   0.000 ) T:1 ( 439.807 439.807 439.807 439.807 439.807 439.807 )
4739.575: I:0 (   0.000   0.000   0.000 ) T:1 ( 439.807 439.807 439.807 439.807 439.807 439.807 )
4749.570: I:0 (   0.000   0.000   0.000 ) T:1 ( 439.807 439.807 439.807 439.807 439.807 439.807 )
4759.575: I:0 (   0.000   0.000   0.000 ) T:1 ( 439.807 439.807 439.807 439.807 439.807 439.807 )
4769.573: I:0 (   0.000   0.000   0.000 ) T:1 ( 439.807 439.807 439.807 439.807 439.807 439.807 )
4779.575: I:0 (   0.000   0.000   0.000 ) T:1 ( 439.807 439.807 439.807 439.807 439.807 439.807 )
4789.574: I:0 (   0.000   0.000   0.000 ) T:1 ( 439.807 439.807 439.807 439.807 439.807 439.807 )
4799.575: I:0 (   0.000   0.000   0.000 ) T:1 ( 439.807 439.807 439.807 439.807 439.807 439.807 )
4809.575: I:0 (   0.000   0.000   0.000 ) T:1 ( 439.807 439.807 439.807 439.807 439.807 439.807 )
4819.574: I:0 (   0.000   0.000   0.000 ) T:1 ( 439.807 439.807 439.807 439.807 439.807 439.807 )
4829.574: I:0 (   0.000   0.000   0.000 ) T:1 ( 439.807 439.807 439.807 439.807 439.807 439.807 )
4839.574: I:0 (   0.000   0.000   0.000 ) T:1 ( 439.807 439.807 439.807 439.807 439.807 439.807 )
4849.573: I:0 (   0.000   0.000   0.000 ) T:1 ( 439.807 439.807 439.807 439.807 439.807 439.807 )
4859.574: I:0 (   0.000   0.000   0.000 ) T:1 ( 439.807 439.807 439.807 439.807 439.807 439.807 )
4869.574: I:0 (   0.000   0.000   0.000 ) T:1 ( 439.807 439.807 439.807 439.807 439.807 439.807 )
4879.573: I:0 (   0.000   0.000   0.000 ) T:1 ( 439.807 439.807 439.807 439.807 439.807 439.807 )
4889.569: I:0 (   0.000   0.000   0.000 ) T:1 ( 439.807 439.807 439.807 439.807 439.807 439.807 )
4899.576: I:0 (   0.000   0.000   0.000 ) T:1 ( 439.807 439.807 439.807 439.807 439.807 439.807 )
4909.573: I:0 (   0.000   0.000   0.000 ) T:1 ( 439.807 439.807 439.807 439.807 439.807 439.807 )
4919.569: I:0 (   0.000   0.000   0.000 ) T:1 ( 439.807 439.807 439.807 439.807 439.807 439.807 )
4929.572: I:0 (   0.000   0.000   0.000 ) T:1 ( 439.807 439.807 439.807 439.807 439.807 439.807 )
4939.575: I:0 (   0.000   0.000   0.000 ) T:1 ( 439.807 439.807 439.807 439.807 439.807 439.807 )
4949.575: I:0 (   0.000   0.000   0.000 ) T:1 ( 439.807 439.807 439.807 439.807 439.807 439.807 )
4959.574: I:0 (   0.000   0.000   0.000 ) T:1 ( 439.807 439.807 439.807 439.807 439.807 439.807 )
4969.571: I:0 (   0.000   0.000   0.000 ) T:1 ( 439.807 439.807 439.807 439.807 439.807 439.807 )
4979.574: I:0 (   0.000   0.000   0.000 ) T:1 ( 439.807 439.807 439.807 439.807 439.807 439.807 )
4989.575: I:0 (   0.000   0.000   0.000 ) T:1 ( 439.807 439.807 439.807 439.807 439.807 439.807 )
4999.573: I:0 (   0.000   0.000   0.000 ) T:1 ( 439.807 439.807 439.807 439.807 439.807 439.807 )
5009.569: I:0 (   0.000   0.000   0.000 ) T:1 ( 439.807 439.807 439.807 439.807 439.807 439.807 )
5019.576: I:0 (   0.000   0.000   0.000 ) T:1 ( 439.807 439.807 439.807 439.807 439.807 439.807 )
5029.570: I:0 (   0.000   0.000   0.000 ) T:1 ( 439.807 439.807 439.807 439.807 439.807 439.807 )
5039.576: I:0 (   0.000   0.000   0.000 ) T:1 ( 439.807 439.807 439.807 439.807 439.807 439.807 )
5049.572: I:0 (   0.000   0.000   0.000 ) T:1 ( 439.807 439.807 439.807 439.807 439.807 439.807 )
5059.573: I:0 (   0.000   0.000   0.000 ) T:1 ( 439.807 439.807 439.807 439.807 439.807 439.807 )
5069.574: I:0 (   0.000   0.000   0.000 ) T:1 ( 439.807 439.807 439.807 439.807 439.807 439.807 )
5079.574: I:0 (   0.000   0.000   0.000 ) T:1 ( 439.807 439.807 439.807 439.807 439.807 439.807 )
5089.576: I:0 (   0.000   0.000   0.000 ) T:1 ( 439.807 439.807 439.807 439.807 439.807 439.807 )
5099.573: I:0 (   0.000   0.000   0.000 ) T:1 ( 439.807 439.807 439.807 439.807 439.807 439.807 )
5109.574: I:0 (   0.000   0.000   0.000 ) T:1 ( 439.807 439.807 439.807 439.807 439.807 439.807 )
5119.568: I:0 (   0.000   0.000   0.000 ) T:1 ( 439.807 439.807 439.807 439.807 439.807 439.807 )
5129.574: I:0 (   0.000   0.000   0.000 ) T:1 ( 439.807 439.807 439.807 439.807 439.807 439.807 )
5139.573: I:0 (   0.000   0.000   0.000 ) T:1 ( 439.807 439.807 439.807 439.807 439.807 439.807 )
5149.575: I:0 (   0.000   0.000   0.000 ) T:1 ( 439.807 439.807 439.807 439.807 439.807 439.807 )
5159.573: I:0 (   0.000   0.000   0.000 ) T:1 ( 439.807 439.807 439.807 439.807 439.807 439.807 )
5169.575: I:0 (   0.000   0.000   0.000 ) T:1 ( 439.807 439.807 439.807 439.807 439.807 439.807 )
5179.572: I:0 (   0.000   0.000   0.000 ) T:1 ( 439.807 439.807 439.807 439.807 439.807 439.807 )
5189.574: I:0 (   0.000   0.000   0.000 ) T:1 ( 439.807 439.807 439.807 439.807 439.807 439.807 )
5199.573: I:0 (   0.000   0.000   0.000 ) T:1 ( 439.807 439.807 439.807 439.807 439.807 439.807 )
5209.568: I:0 (   0.000   0.000   0.000 ) T:1 ( 439.807 439.807 439.807 439.807 439.807 439.807 )
5219.640: I:0 (   0.000   0.000   0.000 ) T:1 ( 439.807 439.807 439.807 439.807 439.807 439.807 )
5229.572: I:0 (   0.000   0.000   0.000 ) T:1 ( 439.807 439.807 439.807 439.807 439.807 439.807 )
5239.571: I:0 (   0.000   0.000   0.000 ) T:1 ( 439.807 439.807 439.807 439.807 439.807 439.807 )
5249.572: I:0 (   0.000   0.000   0.000 ) T:1 ( 439.807 439.807 439.807 439.807 439.807 439.807 )
5259.575: I:0 (   0.000   0.000   0.000 ) T:1 ( 439.807 439.807 439.807 439.807 439.807 439.807 )
5269.572: I:0 (   0.000   0.000   0.000 ) T:1 ( 439.807 439.807 439.807 439.807 439.807 439.807 )
5279.575: I:0 (   0.000   0.000   0.000 ) T:1 ( 439.807 439.807 439.807 439.807 439.807 439.807 )
5289.572: I:0 (   0.000   0.000   0.000 ) T:1 ( 439.807 439.807 439.807 439.807 439.807 439.807 )
5299.574: I:0 (   0.000   0.000   0.000 ) T:1 ( 439.807 439.807 439.807 439.807 439.807 439.807 )
5309.573: I:0 (   0.000   0.000   0.000 ) T:1 ( 439.807 439.807 439.807 439.807 439.807 439.807 )
5319.575: I:0 (   0.000   0.000   0.000 ) T:1 ( 439.807 439.807 439.807 439.807 439.807 439.807 )
5329.574: I:0 (   0.000   0.000   0.000 ) T:1 ( 439.807 439.807 439.807 439.807 439.807 439.807 )
5339.573: I:0 (   0.000   0.000   0.000 ) T:1 ( 439.807 439.807 439.807 439.807 439.807 439.807 )
5349.573: I:0 (   0.000   0.000   0.000 ) T:1 ( 439.807 439.807 439.807 439.807 439.807 439.807 )
5359.575: I:0 (   0.000   0.000   0.000 ) T:1 ( 439.807 439.807 439.807 439.807 439.807 439.807 )
5369.575: I:0 (   0.000   0.000   0.000 ) T:1 ( 439.807 439.807 439.807 439.807 439.807 439.807 )
5379.575: I:0 (   0.000   0.000   0.000 ) T:1 ( 439.807 439.807 439.807 439.807 439.807 439.807 )
5389.572: I:0 (   0.000   0.000   0.000 ) T:1 ( 439.807 439.807 439.807 439.807 439.807 439.807 )
5399.575: I:0 (   0.000   0.000   0.000 ) T:1 ( 439.807 439.807 439.807 439.807 439.807 439.807 )
5409.574: I:0 (   0.000   0.000   0.000 ) T:1 ( 439.807 439.807 439.807 439.807 439.807 439.807 )
5419.575: I:0 (   0.000   0.000   0.000 ) T:1 ( 439.807 439.807 439.807 439.807 439.807 439.807 )
5429.573: I:0 (   0.000   0.000   0.000 ) T:1 ( 439.807 439.807 439.807 439.807 439.807 439.807 )
5439.575: I:0 (   0.000   0.000   0.000 ) T:1 ( 439.807 439.807 439.807 439.807 439.807 439.807 )
5449.574: I:0 (   0.000   0.000   0.000 ) T:1 ( 439.807 439.807 439.807 439.807 439.807 439.807 )
5459.582: I:0 (   0.000   0.000   0.000 ) T:1 ( 439.807 439.807 439.807 439.807 439.807 439.807 )
5469.574: I:0 (   0.000   0.000   0.000 ) T:1 ( 439.807 439.807 439.807 439.807 439.807 439.807 )
5479.572: I:0 (   0.000   0.000   0.000 ) T:1 ( 439.807 439.807 439.807 439.807 439.807 439.807 )
5489.568: I:0 (   0.000   0.000   0.000 ) T:1 ( 439.807 439.807 439.807 439.807 439.807 439.807 )
5499.569: I:0 (   0.000   0.000   0.000 ) T:1 ( 439.807 439.807 439.807 439.807 439.807 439.807 )
5509.575: I:0 (   0.000   0.000   0.000 ) T:1 ( 439.807 439.807 439.807 439.807 439.807 439.807 )
5519.574: I:0 (   0.000   0.000   0.000 ) T:1 ( 439.807 439.807 439.807 439.807 439.807 439.807 )
5529.572: I:0 (   0.000   0.000   0.000 ) T:1 ( 439.807 439.807 439.807 439.807 439.807 439.807 )
5539.573: I:0 (   0.000   0.000   0.000 ) T:1 ( 439.807 439.807 439.807 439.807 439.807 439.807 )
5549.575: I:0 (   0.000   0.000   0.000 ) T:1 ( 439.807 439.807 439.807 439.807 439.807 439.807 )
5559.575: I:0 (   0.000   0.000   0.000 ) T:1 ( 439.807 439.807 439.807 439.807 439.807 439.807 )
5569.573: I:0 (   0.000   0.000   0.000 ) T:1 ( 439.807 439.807 439.807 439.807 439.807 439.807 )
5579.575: I:0 (   0.000   0.000   0.000 ) T:1 ( 439.807 439.807 439.807 439.807 439.807 439.807 )
5589.575: I:0 (   0.000   0.000   0.000 ) T:1 ( 439.807 439.807 439.807 439.807 439.807 439.807 )
5599.569: I:0 (   0.000   0.000   0.000 ) T:1 ( 439.807 439.807 439.807 439.807 439.807 439.807 )
5609.573: I:0 (   0.000   0.000   0.000 ) T:1 ( 439.807 439.807 439.807 439.807 439.807 439.807 )
5619.575: I:0 (   0.000   0.000   0.000 ) T:1 ( 439.807 439.807 439.807 439.807 439.807 439.807 )
5629.570: I:0 (   0.000   0.000   0.000 ) T:1 ( 439.807 439.807 439.807 439.807 439.807 439.807 )
5639.574: I:0 (   0.000   0.000   0.000 ) T:1 ( 439.807 439.807 439.807 439.807 439.807 439.807 )
5649.571: I:0 (   0.000   0.000   0.000 ) T:1 ( 439.807 439.807 439.807 439.807 439.807 439.807 )
5659.575: I:0 (   0.000   0.000   0.000 ) T:1 ( 439.807 439.807 439.807 439.807 439.807 439.807 )
5669.574: I:0 (   0.000   0.000   0.000 ) T:1 ( 439.807 439.807 439.807 439.807 439.807 439.807 )
5679.572: I:0 (   0.000   0.000   0.000 ) T:1 ( 439.807 439.807 439.807 439.807 439.807 439.807 )
5689.577: I:0 (   0.000   0.000   0.000 ) T:1 ( 439.807 439.807 439.807 439.807 439.807 439.807 )
5699.573: I:0 (   0.000   0.000   0.000 ) T:1 ( 439.807 439.807 439.807 439.807 439.807 439.807 )
5709.573: I:0 (   0.000   0.000   0.000 ) T:1 ( 439.807 439.807 439.807 439.807 439.807 439.807 )
5719.573: I:0 (   0.000   0.000   0.000 ) T:1 ( 439.807 439.807 439.807 439.807 439.807 439.807 )
5729.573: I:0 (   0.000   0.000   0.000 ) T:1 ( 439.807 439.807 439.807 439.807 439.807 439.807 )
5739.574: I:0 (   0.000   0.000   0.000 ) T:1 ( 439.807 439.807 439.807 439.807 439.807 439.807 )
5749.574: I:0 (   0.000   0.000   0.000 ) T:1 ( 439.807 439.807 439.807 439.807 439.807 439.807 )
5759.573: I:0 (   0.000   0.000   0.000 ) T:1 ( 439.807 439.807 439.807 439.807 439.807 439.807 )
5769.575: I:0 (   0.000   0.000   0.000 ) T:1 ( 439.807 439.807 439.807 439.807 439.807 439.807 )
5779.572: I:0 (   0.000   0.000   0.000 ) T:1 ( 439.807 439.807 439.807 439.807 439.807 439.807 )
5789.574: I:0 (   0.000   0.000   0.000 ) T:1 ( 439.807 439.807 439.807 439.807 439.807 439.807 )
5799.575: I:0 (   0.000   0.000   0.000 ) T:1 ( 439.807 439.807 439.807 439.807 439.807 439.807 )
5809.571: I:0 (   0.000   0.000   0.000 ) T:1 ( 439.807 439.807 439.807 439.807 439.807 439.807 )
5819.575: I:0 (   0.000   0.000   0.000 ) T:1 ( 439.807 439.807 439.807 439.807 439.807 439.807 )
5829.573: I:0 (   0.000   0.000   0.000 ) T:1 ( 439.807 439.807 439.807 439.807 439.807 439.807 )
5839.573: I:0 (   0.000   0.000   0.000 ) T:1 ( 439.807 439.807 439.807 439.807 439.807 439.807 )
5849.574: I:0 (   0.000   0.000   0.000 ) T:1 ( 439.807 439.807 439.807 439.807 439.807 439.807 )
5859.575: I:0 (   0.000   0.000   0.000 ) T:1 ( 439.807 439.807 439.807 439.807 439.807 439.807 )
5869.575: I:0 (   0.000   0.000   0.000 ) T:1 ( 439.807 439.807 439.807 439.807 439.807 439.807 )
5879.574: I:0 (   0.000   0.000   0.000 ) T:1 ( 439.807 439.807 439.807 439.807 439.807 439.807 )
5889.573: I:0 (   0.000   0.000   0.000 ) T:1 ( 439.807 439.807 439.807 439.807 439.807 439.807 )
5899.569: I:0 (   0.000   0.000   0.000 ) T:1 ( 439.807 439.807 439.807 439.807 439.807 439.807 )
5909.574: I:0 (   0.000   0.000   0.000 ) T:1 ( 439.807 439.807 439.807 439.807 439.807 439.807 )
5919.575: I:0 (   0.000   0.000   0.000 ) T:1 ( 439.807 439.807 439.807 439.807 439.807 439.807 )
5929.575: I:0 (   0.000   0.000   0.000 ) T:1 ( 439.807 439.807 439.807 439.807 439.807 439.807 )
5939.575: I:0 (   0.000   0.000   0.000 ) T:1 ( 439.807 439.807 439.807 439.807 439.807 439.807 )
5949.569: I:0 (   0.000   0.000   0.000 ) T:1 ( 439.807 439.807 439.807 439.807 439.807 439.807 )
5959.573: I:0 (   0.000   0.000   0.000 ) T:1 ( 439.807 439.807 439.807 439.807 439.807 439.807 )
5969.575: I:0 (   0.000   0.000   0.000 ) T:1 ( 439.807 439.807 439.807 439.807 439.807 439.807 )
5979.575: I:0 (   0.000   0.000   0.000 ) T:1 ( 439.807 439.807 439.807 439.807 439.807 439.807 )
5989.574: I:0 (   0.000   0.000   0.000 ) T:1 ( 439.807 439.807 439.807 439.807 439.807 439.807 )
5999.574: I:0 (   0.000   0.000   0.000 ) T:1 ( 439.807 439.807 439.807 439.807 439.807 439.807 )
6009.575: I:0 (   0.000   0.000   0.000 ) T:1 ( 439.807 439.807 439.807 439.807 439.807 439.807 )
6019.576: I:0 (   0.000   0.000   0.000 ) T:1 ( 439.807 439.807 439.807 439.807 439.807 439.807 )
6029.574: I:0 (   0.000   0.000   0.000 ) T:1 ( 439.807 439.807 439.807 439.807 439.807 439.807 )
6039.575: I:0 (   0.000   0.000   0.000 ) T:1 ( 439.807 439.807 439.807 439.807 439.807 439.807 )
6049.570: I:0 (   0.000   0.000   0.000 ) T:1 ( 439.807 439.807 439.807 439.807 439.807 439.807 )
6059.580: I:0 (   0.000   0.000   0.000 ) T:1 ( 439.807 439.807 439.807 439.807 439.807 439.807 )
6063.283: I:0 (   0.000   0.000   0.000 ) T:1 ( 439.807 439.807 439.807 439.807 439.807 439.807 )
6063.329: I:0 (   0.000   0.000   0.000 ) T:1 ( 439.807 439.807 439.807 439.807 439.807 439.807 )
