#[Interval percentile log between 0.000 and <Infinite> seconds (relative to StartTime)]
#[StartTime: 1524375786.018 (seconds since epoch), Sun Apr 22 07:43:06 CEST 2018]
Time: IntervalPercentiles:count ( 50% 90% Max ) TotalPercentiles:count ( 50% 90% 99% 99.9% 99.99% Max )
9.996: I:1 (   0.000   0.000   0.000 ) T:1 (   0.000   0.000   0.000   0.000   0.000   0.000 )
19.977: I:1 (   0.008   0.008   0.008 ) T:2 (   0.000   0.008   0.008   0.008   0.008   0.008 )
29.977: I:1 (   0.000   0.000   0.000 ) T:3 (   0.000   0.008   0.008   0.008   0.008   0.008 )
39.973: I:1 (   0.000   0.000   0.000 ) T:4 (   0.000   0.008   0.008   0.008   0.008   0.008 )
49.977: I:1 (   0.004   0.004   0.004 ) T:5 (   0.000   0.008   0.008   0.008   0.008   0.008 )
59.977: I:1 (   0.000   0.000   0.000 ) T:6 (   0.000   0.008   0.008   0.008   0.008   0.008 )
69.977: I:1 (   0.004   0.004   0.004 ) T:7 (   0.000   0.008   0.008   0.008   0.008   0.008 )
79.973: I:1 (   0.000   0.000   0.000 ) T:8 (   0.000   0.008   0.008   0.008   0.008   0.008 )
89.968: I:1 (   0.005   0.005   0.005 ) T:9 (   0.000   0.008   0.008   0.008   0.008   0.008 )
99.976: I:1 (   0.000   0.000   0.000 ) T:10 (   0.000   0.005   0.008   0.008   0.008   0.008 )
109.973: I:1 (   0.000   0.000   0.000 ) T:11 (   0.000   0.005   0.008   0.008   0.008   0.008 )
119.967: I:1 (   0.004   0.004   0.004 ) T:12 (   0.000   0.005   0.008   0.008   0.008   0.008 )
129.974: I:1 (   0.000   0.000   0.000 ) T:13 (   0.000   0.005   0.008   0.008   0.008   0.008 )
139.975: I:1 (   0.005   0.005   0.005 ) T:14 (   0.000   0.005   0.008   0.008   0.008   0.008 )
149.969: I:1 (   0.000   0.000   0.000 ) T:15 (   0.000   0.005   0.008   0.008   0.008   0.008 )
159.969: I:1 (   0.004   0.004   0.004 ) T:16 (   0.000   0.005   0.008   0.008   0.008   0.008 )
169.976: I:1 (   0.000   0.000   0.000 ) T:17 (   0.000   0.005   0.008   0.008   0.008   0.008 )
179.973: I:1 (   0.002   0.002   0.002 ) T:18 (   0.000   0.005   0.008   0.008   0.008   0.008 )
189.976: I:1 (   0.000   0.000   0.000 ) T:19 (   0.000   0.005   0.008   0.008   0.008   0.008 )
199.976: I:1 (   0.001   0.001   0.001 ) T:20 (   0.000   0.005   0.008   0.008   0.008   0.008 )
209.969: I:1 (   0.002   0.002   0.002 ) T:21 (   0.000   0.005   0.008   0.008   0.008   0.008 )
219.975: I:1 (   0.000   0.000   0.000 ) T:22 (   0.000   0.005   0.008   0.008   0.008   0.008 )
229.975: I:1 (   0.002   0.002   0.002 ) T:23 (   0.000   0.005   0.008   0.008   0.008   0.008 )
239.973: I:1 (   0.000   0.000   0.000 ) T:24 (   0.000   0.005   0.008   0.008   0.008   0.008 )
249.967: I:1 (   0.001   0.001   0.001 ) T:25 (   0.000   0.005   0.008   0.008   0.008   0.008 )
259.974: I:1 (   0.000   0.000   0.000 ) T:26 (   0.000   0.005   0.008   0.008   0.008   0.008 )
269.974: I:1 (   0.002   0.002   0.002 ) T:27 (   0.000   0.005   0.008   0.008   0.008   0.008 )
279.975: I:1 (   0.000   0.000   0.000 ) T:28 (   0.000   0.005   0.008   0.008   0.008   0.008 )
289.970: I:1 (   0.002   0.002   0.002 ) T:29 (   0.000   0.005   0.008   0.008   0.008   0.008 )
299.977: I:1 (   0.001   0.001   0.001 ) T:30 (   0.000   0.004   0.008   0.008   0.008   0.008 )
309.967: I:1 (   0.000   0.000   0.000 ) T:31 (   0.000   0.004   0.008   0.008   0.008   0.008 )
319.968: I:1 (   0.001   0.001   0.001 ) T:32 (   0.000   0.004   0.008   0.008   0.008   0.008 )
329.975: I:1 (   0.000   0.000   0.000 ) T:33 (   0.000   0.004   0.008   0.008   0.008   0.008 )
339.968: I:1 (   0.002   0.002   0.002 ) T:34 (   0.000   0.004   0.008   0.008   0.008   0.008 )
349.975: I:1 (   0.002   0.002   0.002 ) T:35 (   0.001   0.004   0.008   0.008   0.008   0.008 )
359.974: I:1 (   0.000   0.000   0.000 ) T:36 (   0.000   0.004   0.008   0.008   0.008   0.008 )
369.974: I:1 (   0.002   0.002   0.002 ) T:37 (   0.001   0.004   0.008   0.008   0.008   0.008 )
379.975: I:1 (   0.000   0.000   0.000 ) T:38 (   0.000   0.004   0.008   0.008   0.008   0.008 )
389.968: I:1 (   0.002   0.002   0.002 ) T:39 (   0.001   0.004   0.008   0.008   0.008   0.008 )
399.967: I:1 (   0.001   0.001   0.001 ) T:40 (   0.001   0.004   0.008   0.008   0.008   0.008 )
409.974: I:1 (   0.000   0.000   0.000 ) T:41 (   0.001   0.004   0.008   0.008   0.008   0.008 )
419.973: I:1 (   0.002   0.002   0.002 ) T:42 (   0.001   0.004   0.008   0.008   0.008   0.008 )
429.970: I:1 (   0.002   0.002   0.002 ) T:43 (   0.001   0.004   0.008   0.008   0.008   0.008 )
439.970: I:1 (   0.000   0.000   0.000 ) T:44 (   0.001   0.004   0.008   0.008   0.008   0.008 )
449.976: I:1 (   0.001   0.001   0.001 ) T:45 (   0.001   0.004   0.008   0.008   0.008   0.008 )
459.970: I:1 (   0.002   0.002   0.002 ) T:46 (   0.001   0.004   0.008   0.008   0.008   0.008 )
469.973: I:1 (   0.001   0.001   0.001 ) T:47 (   0.001   0.004   0.008   0.008   0.008   0.008 )
479.974: I:1 (   0.000   0.000   0.000 ) T:48 (   0.001   0.004   0.008   0.008   0.008   0.008 )
489.974: I:1 (   0.002   0.002   0.002 ) T:49 (   0.001   0.004   0.008   0.008   0.008   0.008 )
499.973: I:1 (   0.002   0.002   0.002 ) T:50 (   0.001   0.004   0.008   0.008   0.008   0.008 )
509.974: I:1 (   0.000   0.000   0.000 ) T:51 (   0.001   0.004   0.008   0.008   0.008   0.008 )
519.975: I:1 (   0.001   0.001   0.001 ) T:52 (   0.001   0.004   0.008   0.008   0.008   0.008 )
529.972: I:1 (   0.002   0.002   0.002 ) T:53 (   0.001   0.004   0.008   0.008   0.008   0.008 )
539.977: I:1 (   0.000   0.000   0.000 ) T:54 (   0.001   0.004   0.008   0.008   0.008   0.008 )
549.973: I:1 (   0.001   0.001   0.001 ) T:55 (   0.001   0.004   0.008   0.008   0.008   0.008 )
559.967: I:1 (   0.002   0.002   0.002 ) T:56 (   0.001   0.004   0.008   0.008   0.008   0.008 )
569.970: I:1 (   0.001   0.001   0.001 ) T:57 (   0.001   0.004   0.008   0.008   0.008   0.008 )
579.975: I:1 (   0.000   0.000   0.000 ) T:58 (   0.001   0.004   0.008   0.008   0.008   0.008 )
589.967: I:1 (   0.002   0.002   0.002 ) T:59 (   0.001   0.004   0.008   0.008   0.008   0.008 )
599.974: I:1 (   0.002   0.002   0.002 ) T:60 (   0.001   0.004   0.008   0.008   0.008   0.008 )
609.967: I:1 (   0.001   0.001   0.001 ) T:61 (   0.001   0.004   0.008   0.008   0.008   0.008 )
619.975: I:1 (   0.002   0.002   0.002 ) T:62 (   0.001   0.004   0.008   0.008   0.008   0.008 )
629.973: I:1 (   0.000   0.000   0.000 ) T:63 (   0.001   0.004   0.008   0.008   0.008   0.008 )
639.967: I:1 (   0.002   0.002   0.002 ) T:64 (   0.001   0.004   0.008   0.008   0.008   0.008 )
649.973: I:1 (   0.002   0.002   0.002 ) T:65 (   0.001   0.004   0.008   0.008   0.008   0.008 )
659.970: I:1 (   0.001   0.001   0.001 ) T:66 (   0.001   0.004   0.008   0.008   0.008   0.008 )
669.973: I:1 (   0.002   0.002   0.002 ) T:67 (   0.001   0.004   0.008   0.008   0.008   0.008 )
679.976: I:1 (   0.002   0.002   0.002 ) T:68 (   0.001   0.004   0.008   0.008   0.008   0.008 )
689.975: I:1 (   0.000   0.000   0.000 ) T:69 (   0.001   0.004   0.008   0.008   0.008   0.008 )
699.974: I:1 (   0.001   0.001   0.001 ) T:70 (   0.001   0.002   0.008   0.008   0.008   0.008 )
709.975: I:1 (   0.002   0.002   0.002 ) T:71 (   0.001   0.002   0.008   0.008   0.008   0.008 )
719.976: I:1 (   0.002   0.002   0.002 ) T:72 (   0.001   0.002   0.008   0.008   0.008   0.008 )
729.973: I:1 (   0.001   0.001   0.001 ) T:73 (   0.001   0.002   0.008   0.008   0.008   0.008 )
739.967: I:1 (   0.001   0.001   0.001 ) T:74 (   0.001   0.002   0.008   0.008   0.008   0.008 )
749.973: I:1 (   0.002   0.002   0.002 ) T:75 (   0.001   0.002   0.008   0.008   0.008   0.008 )
759.973: I:1 (   0.001   0.001   0.001 ) T:76 (   0.001   0.002   0.008   0.008   0.008   0.008 )
769.973: I:1 (   0.002   0.002   0.002 ) T:77 (   0.001   0.002   0.008   0.008   0.008   0.008 )
779.969: I:1 (   0.002   0.002   0.002 ) T:78 (   0.001   0.002   0.008   0.008   0.008   0.008 )
789.967: I:1 (   0.002   0.002   0.002 ) T:79 (   0.001   0.002   0.008   0.008   0.008   0.008 )
799.973: I:1 (   0.002   0.002   0.002 ) T:80 (   0.001   0.002   0.008   0.008   0.008   0.008 )
809.970: I:1 (   0.001   0.001   0.001 ) T:81 (   0.001   0.002   0.008   0.008   0.008   0.008 )
819.973: I:1 (   0.005   0.005   0.005 ) T:82 (   0.001   0.002   0.008   0.008   0.008   0.008 )
829.974: I:1 (   0.001   0.001   0.001 ) T:83 (   0.001   0.002   0.008   0.008   0.008   0.008 )
839.977: I:1 (   0.002   0.002   0.002 ) T:84 (   0.001   0.002   0.008   0.008   0.008   0.008 )
849.975: I:1 (   0.002   0.002   0.002 ) T:85 (   0.001   0.002   0.008   0.008   0.008   0.008 )
859.975: I:1 (   0.001   0.001   0.001 ) T:86 (   0.001   0.002   0.008   0.008   0.008   0.008 )
869.974: I:1 (   0.002   0.002   0.002 ) T:87 (   0.001   0.002   0.008   0.008   0.008   0.008 )
879.975: I:1 (   0.002   0.002   0.002 ) T:88 (   0.001   0.002   0.008   0.008   0.008   0.008 )
889.975: I:1 (   0.001   0.001   0.001 ) T:89 (   0.001   0.002   0.008   0.008   0.008   0.008 )
899.974: I:1 (   0.002   0.002   0.002 ) T:90 (   0.001   0.002   0.008   0.008   0.008   0.008 )
909.967: I:1 (   0.001   0.001   0.001 ) T:91 (   0.001   0.002   0.008   0.008   0.008   0.008 )
919.973: I:1 (   0.002   0.002   0.002 ) T:92 (   0.001   0.002   0.008   0.008   0.008   0.008 )
929.973: I:1 (   0.001   0.001   0.001 ) T:93 (   0.001   0.002   0.008   0.008   0.008   0.008 )
939.967: I:1 (   0.002   0.002   0.002 ) T:94 (   0.001   0.002   0.008   0.008   0.008   0.008 )
949.974: I:1 (   0.001   0.001   0.001 ) T:95 (   0.001   0.002   0.008   0.008   0.008   0.008 )
959.972: I:1 (   0.002   0.002   0.002 ) T:96 (   0.001   0.002   0.008   0.008   0.008   0.008 )
969.967: I:1 (   0.002   0.002   0.002 ) T:97 (   0.001   0.002   0.008   0.008   0.008   0.008 )
979.967: I:1 (   0.001   0.001   0.001 ) T:98 (   0.001   0.002   0.008   0.008   0.008   0.008 )
989.973: I:1 (   0.002   0.002   0.002 ) T:99 (   0.001   0.002   0.008   0.008   0.008   0.008 )
999.974: I:1 (   0.001   0.001   0.001 ) T:100 (   0.001   0.002   0.005   0.008   0.008   0.008 )
1009.974: I:1 (   0.002   0.002   0.002 ) T:101 (   0.001   0.002   0.005   0.008   0.008   0.008 )
1019.977: I:1 (   0.001   0.001   0.001 ) T:102 (   0.001   0.002   0.005   0.008   0.008   0.008 )
1029.971: I:1 (   0.002   0.002   0.002 ) T:103 (   0.001   0.002   0.005   0.008   0.008   0.008 )
1039.974: I:1 (   0.002   0.002   0.002 ) T:104 (   0.001   0.002   0.005   0.008   0.008   0.008 )
1049.975: I:1 (   0.001   0.001   0.001 ) T:105 (   0.001   0.002   0.005   0.008   0.008   0.008 )
1059.973: I:1 (   0.001   0.001   0.001 ) T:106 (   0.001   0.002   0.005   0.008   0.008   0.008 )
1069.974: I:1 (   0.002   0.002   0.002 ) T:107 (   0.001   0.002   0.005   0.008   0.008   0.008 )
1079.974: I:1 (   0.000   0.000   0.000 ) T:108 (   0.001   0.002   0.005   0.008   0.008   0.008 )
1089.974: I:1 (   0.002   0.002   0.002 ) T:109 (   0.001   0.002   0.005   0.008   0.008   0.008 )
1099.974: I:1 (   0.002   0.002   0.002 ) T:110 (   0.001   0.002   0.005   0.008   0.008   0.008 )
1109.975: I:1 (   0.003   0.003   0.003 ) T:111 (   0.001   0.002   0.005   0.008   0.008   0.008 )
1119.975: I:1 (   0.001   0.001   0.001 ) T:112 (   0.001   0.002   0.005   0.008   0.008   0.008 )
1129.977: I:1 (   0.003   0.003   0.003 ) T:113 (   0.001   0.002   0.005   0.008   0.008   0.008 )
1139.974: I:1 (   0.002   0.002   0.002 ) T:114 (   0.001   0.002   0.005   0.008   0.008   0.008 )
1149.973: I:1 (   0.001   0.001   0.001 ) T:115 (   0.001   0.002   0.005   0.008   0.008   0.008 )
1159.974: I:1 (   0.002   0.002   0.002 ) T:116 (   0.001   0.002   0.005   0.008   0.008   0.008 )
1169.974: I:1 (   0.001   0.001   0.001 ) T:117 (   0.001   0.002   0.005   0.008   0.008   0.008 )
1179.973: I:1 (   0.002   0.002   0.002 ) T:118 (   0.001   0.002   0.005   0.008   0.008   0.008 )
1189.974: I:1 (   0.002   0.002   0.002 ) T:119 (   0.002   0.002   0.005   0.008   0.008   0.008 )
1199.974: I:1 (   0.002   0.002   0.002 ) T:120 (   0.002   0.002   0.005   0.008   0.008   0.008 )
1209.974: I:1 (   0.002   0.002   0.002 ) T:121 (   0.002   0.002   0.005   0.008   0.008   0.008 )
1219.974: I:1 (   0.001   0.001   0.001 ) T:122 (   0.002   0.002   0.005   0.008   0.008   0.008 )
1229.974: I:1 (   0.002   0.002   0.002 ) T:123 (   0.002   0.002   0.005   0.008   0.008   0.008 )
1239.972: I:1 (   0.001   0.001   0.001 ) T:124 (   0.002   0.002   0.005   0.008   0.008   0.008 )
1249.972: I:1 (   0.002   0.002   0.002 ) T:125 (   0.002   0.002   0.005   0.008   0.008   0.008 )
1259.974: I:1 (   0.001   0.001   0.001 ) T:126 (   0.002   0.002   0.005   0.008   0.008   0.008 )
1269.969: I:1 (   0.002   0.002   0.002 ) T:127 (   0.002   0.002   0.005   0.008   0.008   0.008 )
1279.975: I:1 (   0.001   0.001   0.001 ) T:128 (   0.002   0.002   0.005   0.008   0.008   0.008 )
1289.972: I:1 (   0.002   0.002   0.002 ) T:129 (   0.002   0.002   0.005   0.008   0.008   0.008 )
1299.975: I:1 (   0.001   0.001   0.001 ) T:130 (   0.002   0.002   0.005   0.008   0.008   0.008 )
1309.971: I:1 (   0.002   0.002   0.002 ) T:131 (   0.002   0.002   0.005   0.008   0.008   0.008 )
1319.972: I:1 (   0.001   0.001   0.001 ) T:132 (   0.002   0.002   0.005   0.008   0.008   0.008 )
1329.970: I:1 (   0.002   0.002   0.002 ) T:133 (   0.002   0.002   0.005   0.008   0.008   0.008 )
1339.975: I:1 (   0.002   0.002   0.002 ) T:134 (   0.002   0.002   0.005   0.008   0.008   0.008 )
1349.973: I:1 (   0.002   0.002   0.002 ) T:135 (   0.002   0.002   0.005   0.008   0.008   0.008 )
1359.974: I:1 (   0.002   0.002   0.002 ) T:136 (   0.002   0.002   0.005   0.008   0.008   0.008 )
1369.972: I:1 (   0.001   0.001   0.001 ) T:137 (   0.002   0.002   0.005   0.008   0.008   0.008 )
1379.973: I:1 (   0.002   0.002   0.002 ) T:138 (   0.002   0.002   0.005   0.008   0.008   0.008 )
1389.973: I:1 (   0.001   0.001   0.001 ) T:139 (   0.002   0.002   0.005   0.008   0.008   0.008 )
1399.973: I:1 (   0.002   0.002   0.002 ) T:140 (   0.002   0.002   0.005   0.008   0.008   0.008 )
1409.974: I:1 (   0.024   0.024   0.024 ) T:141 (   0.002   0.002   0.008   0.024   0.024   0.024 )
1419.968: I:1 (   0.002   0.002   0.002 ) T:142 (   0.002   0.002   0.008   0.024   0.024   0.024 )
1429.975: I:1 (   0.001   0.001   0.001 ) T:143 (   0.002   0.002   0.008   0.024   0.024   0.024 )
1439.973: I:1 (   0.002   0.002   0.002 ) T:144 (   0.002   0.002   0.008   0.024   0.024   0.024 )
1449.974: I:1 (   0.001   0.001   0.001 ) T:145 (   0.002   0.002   0.008   0.024   0.024   0.024 )
1459.972: I:1 (   0.002   0.002   0.002 ) T:146 (   0.002   0.002   0.008   0.024   0.024   0.024 )
1469.975: I:1 (   0.001   0.001   0.001 ) T:147 (   0.002   0.002   0.008   0.024   0.024   0.024 )
1479.973: I:1 (   0.002   0.002   0.002 ) T:148 (   0.002   0.002   0.008   0.024   0.024   0.024 )
1489.973: I:1 (   0.003   0.003   0.003 ) T:149 (   0.002   0.002   0.008   0.024   0.024   0.024 )
1499.976: I:1 (   0.002   0.002   0.002 ) T:150 (   0.002   0.002   0.008   0.024   0.024   0.024 )
1509.976: I:1 (   0.002   0.002   0.002 ) T:151 (   0.002   0.002   0.008   0.024   0.024   0.024 )
1519.973: I:1 (   0.001   0.001   0.001 ) T:152 (   0.002   0.002   0.008   0.024   0.024   0.024 )
1529.967: I:1 (   0.002   0.002   0.002 ) T:153 (   0.002   0.002   0.008   0.024   0.024   0.024 )
1539.973: I:1 (   0.002   0.002   0.002 ) T:154 (   0.002   0.002   0.008   0.024   0.024   0.024 )
1549.973: I:1 (   0.001   0.001   0.001 ) T:155 (   0.002   0.002   0.008   0.024   0.024   0.024 )
1559.977: I:1 (   0.002   0.002   0.002 ) T:156 (   0.002   0.002   0.008   0.024   0.024   0.024 )
1569.977: I:1 (   0.001   0.001   0.001 ) T:157 (   0.002   0.002   0.008   0.024   0.024   0.024 )
1579.973: I:1 (   0.002   0.002   0.002 ) T:158 (   0.002   0.002   0.008   0.024   0.024   0.024 )
1589.975: I:1 (   0.002   0.002   0.002 ) T:159 (   0.002   0.002   0.008   0.024   0.024   0.024 )
1599.973: I:1 (   0.001   0.001   0.001 ) T:160 (   0.002   0.002   0.008   0.024   0.024   0.024 )
1609.973: I:1 (   0.002   0.002   0.002 ) T:161 (   0.002   0.002   0.008   0.024   0.024   0.024 )
1619.973: I:1 (   0.001   0.001   0.001 ) T:162 (   0.002   0.002   0.008   0.024   0.024   0.024 )
1629.974: I:1 (   0.002   0.002   0.002 ) T:163 (   0.002   0.002   0.008   0.024   0.024   0.024 )
1639.972: I:1 (   0.002   0.002   0.002 ) T:164 (   0.002   0.002   0.008   0.024   0.024   0.024 )
1649.973: I:1 (   0.002   0.002   0.002 ) T:165 (   0.002   0.002   0.008   0.024   0.024   0.024 )
1659.975: I:1 (   0.001   0.001   0.001 ) T:166 (   0.002   0.002   0.008   0.024   0.024   0.024 )
1669.975: I:1 (   0.002   0.002   0.002 ) T:167 (   0.002   0.002   0.008   0.024   0.024   0.024 )
1679.977: I:1 (   0.002   0.002   0.002 ) T:168 (   0.002   0.002   0.008   0.024   0.024   0.024 )
1689.973: I:1 (   0.002   0.002   0.002 ) T:169 (   0.002   0.002   0.008   0.024   0.024   0.024 )
1699.967: I:1 (   0.001   0.001   0.001 ) T:170 (   0.002   0.002   0.008   0.024   0.024   0.024 )
1709.973: I:1 (   0.002   0.002   0.002 ) T:171 (   0.002   0.002   0.008   0.024   0.024   0.024 )
1719.973: I:1 (   0.002   0.002   0.002 ) T:172 (   0.002   0.002   0.008   0.024   0.024   0.024 )
1729.973: I:1 (   0.003   0.003   0.003 ) T:173 (   0.002   0.002   0.008   0.024   0.024   0.024 )
1739.974: I:1 (   0.002   0.002   0.002 ) T:174 (   0.002   0.002   0.008   0.024   0.024   0.024 )
1749.969: I:1 (   0.002   0.002   0.002 ) T:175 (   0.002   0.002   0.008   0.024   0.024   0.024 )
1759.967: I:1 (   0.001   0.001   0.001 ) T:176 (   0.002   0.002   0.008   0.024   0.024   0.024 )
1769.973: I:1 (   0.023   0.023   0.023 ) T:177 (   0.002   0.002   0.023   0.024   0.024   0.024 )
1779.967: I:1 (   0.001   0.001   0.001 ) T:178 (   0.002   0.002   0.023   0.024   0.024   0.024 )
1789.975: I:1 (   0.001   0.001   0.001 ) T:179 (   0.002   0.002   0.023   0.024   0.024   0.024 )
1799.973: I:1 (   0.002   0.002   0.002 ) T:180 (   0.002   0.002   0.023   0.024   0.024   0.024 )
1809.973: I:1 (   0.002   0.002   0.002 ) T:181 (   0.002   0.002   0.023   0.024   0.024   0.024 )
1819.976: I:1 (   0.001   0.001   0.001 ) T:182 (   0.002   0.002   0.023   0.024   0.024   0.024 )
1829.973: I:1 (   0.002   0.002   0.002 ) T:183 (   0.002   0.002   0.023   0.024   0.024   0.024 )
1839.973: I:1 (   0.001   0.001   0.001 ) T:184 (   0.002   0.002   0.023   0.024   0.024   0.024 )
1849.973: I:1 (   0.002   0.002   0.002 ) T:185 (   0.002   0.002   0.023   0.024   0.024   0.024 )
1859.973: I:1 (   0.001   0.001   0.001 ) T:186 (   0.002   0.002   0.023   0.024   0.024   0.024 )
1869.977: I:1 (   0.002   0.002   0.002 ) T:187 (   0.002   0.002   0.023   0.024   0.024   0.024 )
1879.973: I:1 (   0.001   0.001   0.001 ) T:188 (   0.002   0.002   0.023   0.024   0.024   0.024 )
1889.969: I:1 (   0.002   0.002   0.002 ) T:189 (   0.002   0.002   0.023   0.024   0.024   0.024 )
1899.974: I:1 (   0.002   0.002   0.002 ) T:190 (   0.002   0.002   0.023   0.024   0.024   0.024 )
1909.974: I:1 (   0.001   0.001   0.001 ) T:191 (   0.002   0.002   0.023   0.024   0.024   0.024 )
1919.977: I:1 (   0.002   0.002   0.002 ) T:192 (   0.002   0.002   0.023   0.024   0.024   0.024 )
1929.973: I:1 (   0.002   0.002   0.002 ) T:193 (   0.002   0.002   0.023   0.024   0.024   0.024 )
1939.967: I:1 (   0.002   0.002   0.002 ) T:194 (   0.002   0.002   0.023   0.024   0.024   0.024 )
1949.967: I:1 (   0.001   0.001   0.001 ) T:195 (   0.002   0.002   0.023   0.024   0.024   0.024 )
1959.974: I:1 (   0.002   0.002   0.002 ) T:196 (   0.002   0.002   0.023   0.024   0.024   0.024 )
1969.974: I:1 (   0.001   0.001   0.001 ) T:197 (   0.002   0.002   0.023   0.024   0.024   0.024 )
1979.974: I:1 (   0.003   0.003   0.003 ) T:198 (   0.002   0.002   0.023   0.024   0.024   0.024 )
1989.975: I:1 (   0.002   0.002   0.002 ) T:199 (   0.002   0.002   0.023   0.024   0.024   0.024 )
1999.975: I:1 (   0.002   0.002   0.002 ) T:200 (   0.002   0.002   0.008   0.024   0.024   0.024 )
2009.974: I:1 (   0.002   0.002   0.002 ) T:201 (   0.002   0.002   0.008   0.024   0.024   0.024 )
2019.968: I:1 (   0.001   0.001   0.001 ) T:202 (   0.002   0.002   0.008   0.024   0.024   0.024 )
2029.975: I:1 (   0.002   0.002   0.002 ) T:203 (   0.002   0.002   0.008   0.024   0.024   0.024 )
2039.972: I:1 (   0.001   0.001   0.001 ) T:204 (   0.002   0.002   0.008   0.024   0.024   0.024 )
2049.973: I:1 (   0.002   0.002   0.002 ) T:205 (   0.002   0.002   0.008   0.024   0.024   0.024 )
2059.974: I:1 (   0.002   0.002   0.002 ) T:206 (   0.002   0.002   0.008   0.024   0.024   0.024 )
2069.974: I:1 (   0.002   0.002   0.002 ) T:207 (   0.002   0.002   0.008   0.024   0.024   0.024 )
2079.967: I:1 (   0.001   0.001   0.001 ) T:208 (   0.002   0.002   0.008   0.024   0.024   0.024 )
2089.974: I:1 (   0.002   0.002   0.002 ) T:209 (   0.002   0.002   0.008   0.024   0.024   0.024 )
2099.974: I:1 (   0.002   0.002   0.002 ) T:210 (   0.002   0.002   0.008   0.024   0.024   0.024 )
2109.967: I:1 (   0.002   0.002   0.002 ) T:211 (   0.002   0.002   0.008   0.024   0.024   0.024 )
2119.973: I:1 (   0.027   0.027   0.027 ) T:212 (   0.002   0.002   0.023   0.027   0.027   0.027 )
2129.973: I:1 (   0.001   0.001   0.001 ) T:213 (   0.002   0.002   0.023   0.027   0.027   0.027 )
2139.973: I:1 (   0.002   0.002   0.002 ) T:214 (   0.002   0.002   0.023   0.027   0.027   0.027 )
2149.970: I:1 (   0.002   0.002   0.002 ) T:215 (   0.002   0.002   0.023   0.027   0.027   0.027 )
2159.971: I:1 (   0.001   0.001   0.001 ) T:216 (   0.002   0.002   0.023   0.027   0.027   0.027 )
2169.974: I:1 (   0.003   0.003   0.003 ) T:217 (   0.002   0.002   0.023   0.027   0.027   0.027 )
2179.974: I:1 (   0.001   0.001   0.001 ) T:218 (   0.002   0.002   0.023   0.027   0.027   0.027 )
2189.971: I:1 (   0.002   0.002   0.002 ) T:219 (   0.002   0.002   0.023   0.027   0.027   0.027 )
2199.973: I:1 (   0.001   0.001   0.001 ) T:220 (   0.002   0.002   0.023   0.027   0.027   0.027 )
2209.973: I:1 (   0.002   0.002   0.002 ) T:221 (   0.002   0.002   0.023   0.027   0.027   0.027 )
2219.973: I:1 (   0.001   0.001   0.001 ) T:222 (   0.002   0.002   0.023   0.027   0.027   0.027 )
2229.973: I:1 (   0.002   0.002   0.002 ) T:223 (   0.002   0.002   0.023   0.027   0.027   0.027 )
2239.974: I:1 (   0.001   0.001   0.001 ) T:224 (   0.002   0.002   0.023   0.027   0.027   0.027 )
2249.967: I:1 (   0.002   0.002   0.002 ) T:225 (   0.002   0.002   0.023   0.027   0.027   0.027 )
2259.973: I:1 (   0.002   0.002   0.002 ) T:226 (   0.002   0.002   0.023   0.027   0.027   0.027 )
2269.973: I:1 (   0.001   0.001   0.001 ) T:227 (   0.002   0.002   0.023   0.027   0.027   0.027 )
2279.976: I:1 (   0.002   0.002   0.002 ) T:228 (   0.002   0.002   0.023   0.027   0.027   0.027 )
2289.973: I:1 (   0.004   0.004   0.004 ) T:229 (   0.002   0.002   0.023   0.027   0.027   0.027 )
2299.974: I:1 (   0.001   0.001   0.001 ) T:230 (   0.002   0.002   0.023   0.027   0.027   0.027 )
2309.973: I:1 (   0.002   0.002   0.002 ) T:231 (   0.002   0.002   0.023   0.027   0.027   0.027 )
2319.973: I:1 (   0.002   0.002   0.002 ) T:232 (   0.002   0.002   0.023   0.027   0.027   0.027 )
2329.973: I:1 (   0.002   0.002   0.002 ) T:233 (   0.002   0.002   0.023   0.027   0.027   0.027 )
2339.970: I:1 (   0.002   0.002   0.002 ) T:234 (   0.002   0.002   0.023   0.027   0.027   0.027 )
2349.967: I:1 (   0.001   0.001   0.001 ) T:235 (   0.002   0.002   0.023   0.027   0.027   0.027 )
2359.973: I:1 (   0.002   0.002   0.002 ) T:236 (   0.002   0.002   0.023   0.027   0.027   0.027 )
2369.973: I:1 (   0.004   0.004   0.004 ) T:237 (   0.002   0.002   0.023   0.027   0.027   0.027 )
2376.138: I:2 (   0.000   0.001   0.001 ) T:239 (   0.002   0.002   0.023   0.027   0.027   0.027 )
2376.177: I:0 (   0.000   0.000   0.000 ) T:239 (   0.002   0.002   0.023   0.027   0.027   0.027 )
