#[Interval percentile log between 0.000 and <Infinite> seconds (relative to StartTime)]
#[StartTime: 1524375786.640 (seconds since epoch), Sun Apr 22 07:43:06 CEST 2018]
Time: IntervalPercentiles:count ( 50% 90% Max ) TotalPercentiles:count ( 50% 90% 99% 99.9% 99.99% Max )
9.385: I:33 ( 108.095 191.615 206.719 ) T:33 ( 108.095 191.615 206.719 206.719 206.719 206.719 )
19.362: I:36 (  91.071 151.679 194.175 ) T:69 ( 100.991 190.847 206.719 206.719 206.719 206.719 )
29.362: I:36 ( 108.479 170.495 221.439 ) T:105 ( 107.839 171.775 211.071 221.439 221.439 221.439 )
39.358: I:38 (  91.071 160.639 215.551 ) T:143 ( 100.991 170.495 215.551 221.439 221.439 221.439 )
49.360: I:40 (  91.199 166.143 325.375 ) T:183 ( 100.927 170.495 221.439 325.375 325.375 325.375 )
59.360: I:37 ( 111.231 182.015 308.735 ) T:220 ( 101.055 171.007 259.583 325.375 325.375 325.375 )
69.360: I:39 (  91.135 158.847 300.031 ) T:259 ( 100.991 171.007 300.031 325.375 325.375 325.375 )
79.357: I:41 (  81.151 151.807 339.967 ) T:300 (  97.407 170.495 300.031 339.967 339.967 339.967 )
89.352: I:38 (  91.071 151.807 374.527 ) T:338 (  91.199 170.495 308.735 374.527 374.527 374.527 )
99.359: I:39 (  91.135 210.047 302.847 ) T:377 (  91.135 171.007 308.735 374.527 374.527 374.527 )
109.357: I:41 (  91.135 136.319 284.927 ) T:418 (  91.135 170.495 302.847 374.527 374.527 374.527 )
119.351: I:37 (  91.135 191.743 333.567 ) T:455 (  91.135 170.495 308.735 374.527 374.527 374.527 )
129.359: I:43 (  81.151 141.695 326.911 ) T:498 (  91.135 170.495 325.375 374.527 374.527 374.527 )
139.360: I:42 (  81.087 131.711 274.431 ) T:540 (  91.135 166.143 308.735 374.527 374.527 374.527 )
149.353: I:43 (  81.151 164.735 295.423 ) T:583 (  91.135 166.143 308.735 374.527 374.527 374.527 )
159.351: I:42 (  81.023 131.583 296.959 ) T:625 (  91.135 164.735 302.847 374.527 374.527 374.527 )
169.358: I:42 (  70.975 215.039 308.991 ) T:667 (  91.071 166.143 308.735 374.527 374.527 374.527 )
179.357: I:45 (  73.663 165.247 309.247 ) T:712 (  91.071 165.247 308.735 374.527 374.527 374.527 )
189.359: I:43 (  81.087 131.583 297.983 ) T:755 (  91.071 163.967 308.735 374.527 374.527 374.527 )
199.360: I:42 (  80.959 166.655 271.359 ) T:797 (  91.007 164.735 308.735 374.527 374.527 374.527 )
209.351: I:42 (  81.087 202.239 305.919 ) T:839 (  90.943 166.655 305.919 374.527 374.527 374.527 )
219.358: I:44 (  72.063 141.695 284.159 ) T:883 (  90.879 165.247 305.919 374.527 374.527 374.527 )
229.358: I:44 (  71.039 131.839 339.711 ) T:927 (  90.751 165.247 305.919 374.527 374.527 374.527 )
239.357: I:44 (  78.591 150.015 315.903 ) T:971 (  83.583 163.967 308.735 374.527 374.527 374.527 )
249.351: I:42 (  76.351 141.823 308.223 ) T:1013 (  82.111 163.967 308.223 339.967 374.527 374.527 )
259.357: I:42 (  81.023 276.223 590.335 ) T:1055 (  82.111 165.247 315.903 374.527 590.335 590.335 )
269.358: I:39 (  81.151 217.599 303.359 ) T:1094 (  81.983 166.143 315.903 374.527 590.335 590.335 )
279.358: I:41 (  81.087 162.047 327.167 ) T:1135 (  81.215 166.143 315.903 374.527 590.335 590.335 )
289.354: I:41 (  81.087 200.959 475.135 ) T:1176 (  81.151 166.655 317.439 475.135 590.335 590.335 )
299.360: I:43 (  72.063 121.471 356.863 ) T:1219 (  81.151 166.655 317.439 475.135 590.335 590.335 )
309.352: I:40 (  71.103 192.127 246.655 ) T:1259 (  81.151 169.599 317.439 475.135 590.335 590.335 )
319.351: I:41 (  73.407 192.511 356.863 ) T:1300 (  81.151 170.495 317.439 475.135 590.335 590.335 )
329.358: I:42 (  81.087 132.863 242.431 ) T:1342 (  81.151 169.599 317.439 475.135 590.335 590.335 )
339.353: I:43 (  81.023 199.935 324.863 ) T:1385 (  81.151 171.007 324.863 475.135 590.335 590.335 )
349.357: I:42 (  81.023 131.711 368.895 ) T:1427 (  81.087 170.495 325.375 475.135 590.335 590.335 )
359.358: I:42 (  81.087 141.823 326.911 ) T:1469 (  81.087 170.495 326.911 475.135 590.335 590.335 )
369.358: I:43 (  81.215 131.711 291.839 ) T:1512 (  81.087 169.727 325.375 475.135 590.335 590.335 )
379.358: I:41 (  81.087 141.695 367.871 ) T:1553 (  81.087 169.727 326.911 475.135 590.335 590.335 )
389.351: I:42 (  81.023 141.695 332.799 ) T:1595 (  81.087 169.727 327.167 475.135 590.335 590.335 )
399.351: I:42 (  81.151 179.839 308.735 ) T:1637 (  81.087 170.495 326.911 475.135 590.335 590.335 )
409.358: I:42 (  81.151 121.535 244.991 ) T:1679 (  81.087 169.727 326.911 475.135 590.335 590.335 )
419.356: I:42 (  81.151 173.183 380.671 ) T:1721 (  81.087 169.727 326.911 475.135 590.335 590.335 )
429.354: I:45 (  81.151 131.711 365.567 ) T:1766 (  81.087 169.727 327.167 475.135 590.335 590.335 )
439.355: I:42 (  81.087 148.735 315.135 ) T:1808 (  81.087 169.727 326.911 475.135 590.335 590.335 )
449.359: I:40 (  81.151 218.239 474.623 ) T:1848 (  81.151 170.495 332.799 475.135 590.335 590.335 )
459.356: I:43 (  81.023 172.031 277.503 ) T:1891 (  81.087 170.495 332.799 475.135 590.335 590.335 )
469.356: I:42 (  73.471 121.471 417.279 ) T:1933 (  81.087 169.727 332.799 475.135 590.335 590.335 )
479.357: I:40 (  71.039 131.967 372.223 ) T:1973 (  81.087 169.727 333.567 475.135 590.335 590.335 )
489.358: I:42 (  81.151 162.047 288.511 ) T:2015 (  81.087 169.727 333.567 474.623 590.335 590.335 )
499.356: I:40 (  81.023 131.711 412.159 ) T:2055 (  81.087 169.599 333.567 474.623 590.335 590.335 )
509.358: I:42 (  71.359 131.711 420.351 ) T:2097 (  81.087 169.599 334.847 474.623 590.335 590.335 )
519.359: I:40 (  72.063 141.695 491.519 ) T:2137 (  81.087 169.599 334.847 475.135 590.335 590.335 )
529.355: I:44 (  72.127 151.935 360.191 ) T:2181 (  81.087 166.143 339.711 475.135 590.335 590.335 )
539.359: I:42 (  72.191 206.079 273.151 ) T:2223 (  81.087 166.655 334.847 475.135 590.335 590.335 )
549.356: I:43 (  71.039 151.807 289.279 ) T:2266 (  81.087 166.655 334.847 475.135 590.335 590.335 )
559.351: I:39 (  72.063 267.007 456.447 ) T:2305 (  81.087 166.655 339.711 475.135 590.335 590.335 )
569.354: I:40 (  81.151 151.935 326.399 ) T:2345 (  81.087 166.143 339.711 475.135 590.335 590.335 )
579.358: I:45 (  71.103 131.711 386.303 ) T:2390 (  81.087 165.247 339.967 475.135 590.335 590.335 )
589.351: I:41 (  71.039 213.119 323.327 ) T:2431 (  81.087 166.015 339.711 475.135 590.335 590.335 )
599.358: I:44 (  71.103 106.559 308.479 ) T:2475 (  81.087 166.015 339.711 475.135 590.335 590.335 )
609.350: I:43 (  71.039 202.367 277.759 ) T:2518 (  81.087 166.655 334.847 475.135 590.335 590.335 )
619.358: I:43 (  71.231 244.991 416.511 ) T:2561 (  81.087 166.655 348.415 475.135 590.335 590.335 )
629.357: I:47 (  71.167 121.599 270.079 ) T:2608 (  81.087 166.655 339.967 475.135 590.335 590.335 )
639.352: I:43 (  77.951 121.599 363.007 ) T:2651 (  81.087 166.015 348.415 475.135 590.335 590.335 )
649.356: I:43 (  71.103 157.183 325.631 ) T:2694 (  81.087 166.015 348.415 475.135 590.335 590.335 )
659.354: I:41 (  71.167 182.143 409.087 ) T:2735 (  81.087 166.143 348.927 475.135 590.335 590.335 )
669.356: I:42 (  81.087 223.999 398.335 ) T:2777 (  81.087 166.655 356.863 475.135 590.335 590.335 )
679.358: I:42 (  71.103 162.047 333.055 ) T:2819 (  81.087 166.655 348.927 475.135 590.335 590.335 )
689.358: I:39 (  81.151 150.911 328.959 ) T:2858 (  81.087 166.015 348.927 475.135 590.335 590.335 )
699.358: I:43 (  81.151 153.343 314.367 ) T:2901 (  81.087 165.247 348.415 475.135 590.335 590.335 )
709.358: I:43 (  71.103 123.775 343.295 ) T:2944 (  81.087 164.735 348.415 475.135 590.335 590.335 )
719.358: I:40 (  71.039 141.951 372.991 ) T:2984 (  81.087 164.735 356.863 475.135 590.335 590.335 )
729.355: I:44 (  81.087 244.095 423.423 ) T:3028 (  81.087 165.247 356.863 474.623 590.335 590.335 )
739.351: I:43 (  71.039 161.919 328.959 ) T:3071 (  81.087 164.735 356.863 474.623 590.335 590.335 )
749.356: I:41 (  81.151 131.711 378.367 ) T:3112 (  81.087 164.735 356.863 474.623 590.335 590.335 )
759.355: I:43 (  81.151 183.807 256.895 ) T:3155 (  81.087 166.015 356.863 474.623 590.335 590.335 )
769.357: I:46 (  71.039 162.047 272.639 ) T:3201 (  81.087 165.247 356.863 474.623 590.335 590.335 )
779.354: I:41 (  81.279 161.919 287.743 ) T:3242 (  81.087 165.247 356.863 474.623 590.335 590.335 )
789.350: I:44 (  72.063 172.031 320.767 ) T:3286 (  81.087 166.015 356.863 474.623 590.335 590.335 )
799.358: I:41 (  75.327 185.983 353.791 ) T:3327 (  81.087 166.143 353.791 474.623 590.335 590.335 )
809.354: I:43 (  78.015 121.599 260.735 ) T:3370 (  81.087 166.015 353.791 474.623 590.335 590.335 )
819.356: I:43 (  81.087 137.599 363.519 ) T:3413 (  81.087 166.015 353.791 474.623 590.335 590.335 )
829.358: I:42 (  81.151 131.711 272.127 ) T:3455 (  81.087 166.015 353.791 474.623 590.335 590.335 )
839.361: I:43 (  81.215 170.751 272.895 ) T:3498 (  81.087 166.143 353.791 474.623 590.335 590.335 )
849.359: I:42 (  81.215 141.823 271.871 ) T:3540 (  81.087 165.247 348.927 474.623 590.335 590.335 )
859.357: I:42 (  81.087 183.167 319.487 ) T:3582 (  81.087 166.015 348.927 474.623 590.335 590.335 )
869.357: I:44 (  81.151 178.047 362.751 ) T:3626 (  81.087 166.143 348.927 474.623 590.335 590.335 )
879.359: I:41 (  81.151 141.439 335.871 ) T:3667 (  81.087 166.015 348.927 474.623 590.335 590.335 )
889.357: I:43 (  81.151 131.711 301.311 ) T:3710 (  81.087 164.735 348.415 474.623 590.335 590.335 )
899.357: I:42 (  81.151 198.911 323.839 ) T:3752 (  81.087 165.247 348.415 474.623 590.335 590.335 )
909.349: I:43 (  72.063 131.583 299.263 ) T:3795 (  81.087 164.735 348.415 474.623 590.335 590.335 )
919.356: I:43 (  71.167 121.535 365.823 ) T:3838 (  81.087 164.735 348.927 474.623 590.335 590.335 )
929.356: I:40 (  81.087 171.903 303.103 ) T:3878 (  81.087 165.247 348.927 474.623 590.335 590.335 )
939.351: I:43 (  81.151 131.711 265.471 ) T:3921 (  81.087 164.735 348.415 474.623 590.335 590.335 )
949.357: I:43 (  74.815 145.663 305.407 ) T:3964 (  81.087 163.967 348.415 474.623 590.335 590.335 )
959.356: I:38 (  81.151 212.479 353.023 ) T:4002 (  81.087 163.967 348.415 456.447 590.335 590.335 )
969.350: I:43 (  81.215 135.935 281.855 ) T:4045 (  81.087 163.967 348.415 456.447 590.335 590.335 )
979.352: I:43 (  71.167 220.031 291.839 ) T:4088 (  81.087 164.735 348.415 456.447 590.335 590.335 )
989.357: I:42 (  71.743 131.711 321.279 ) T:4130 (  81.087 162.175 345.599 456.447 590.335 590.335 )
999.357: I:43 (  81.087 140.799 326.143 ) T:4173 (  81.087 162.175 345.599 456.447 590.335 590.335 )
1009.358: I:44 (  71.039 162.047 326.399 ) T:4217 (  81.087 162.175 343.807 456.447 590.335 590.335 )
1019.360: I:41 (  81.151 161.919 444.671 ) T:4258 (  81.087 162.175 345.599 456.447 590.335 590.335 )
1029.355: I:43 (  81.151 162.943 278.783 ) T:4301 (  81.087 162.175 343.807 456.447 590.335 590.335 )
1039.358: I:41 (  81.215 202.367 329.983 ) T:4342 (  81.087 162.943 343.807 456.447 590.335 590.335 )
1049.359: I:40 (  81.087 161.919 290.047 ) T:4382 (  81.087 162.943 343.807 456.447 590.335 590.335 )
1059.356: I:42 (  71.103 131.839 351.743 ) T:4424 (  81.087 162.943 343.807 456.447 590.335 590.335 )
1069.358: I:39 (  81.151 141.695 361.215 ) T:4463 (  81.087 162.175 345.599 456.447 590.335 590.335 )
1079.358: I:41 (  81.087 177.151 317.695 ) T:4504 (  81.087 162.943 343.807 456.447 590.335 590.335 )
1089.358: I:44 (  80.959 121.599 321.279 ) T:4548 (  81.087 162.943 343.807 456.447 590.335 590.335 )
1099.357: I:42 (  71.103 216.447 277.759 ) T:4590 (  81.087 162.943 343.807 456.447 590.335 590.335 )
1109.359: I:42 (  71.167 121.535 368.127 ) T:4632 (  81.087 162.175 343.807 456.447 590.335 590.335 )
1119.358: I:43 (  81.151 204.031 473.855 ) T:4675 (  81.087 162.943 345.599 473.855 590.335 590.335 )
1129.360: I:40 (  71.103 172.031 472.063 ) T:4715 (  81.087 163.967 345.599 473.855 590.335 590.335 )
1139.358: I:44 (  81.087 131.583 434.175 ) T:4759 (  81.087 163.967 348.927 473.855 590.335 590.335 )
1149.356: I:42 (  81.087 121.599 333.311 ) T:4801 (  81.087 162.943 348.415 473.855 590.335 590.335 )
1159.357: I:45 (  81.087 172.031 321.791 ) T:4846 (  81.087 163.967 348.415 473.855 590.335 590.335 )
1169.357: I:43 (  81.087 141.695 324.863 ) T:4889 (  81.087 163.967 348.415 473.855 590.335 590.335 )
1179.357: I:41 (  81.151 175.103 325.631 ) T:4930 (  81.087 163.967 345.599 473.855 590.335 590.335 )
1189.357: I:43 (  81.087 121.471 239.999 ) T:4973 (  81.087 162.943 345.599 473.855 590.335 590.335 )
1199.357: I:38 (  81.151 247.679 336.639 ) T:5011 (  81.087 162.943 343.807 472.063 590.335 590.335 )
1209.358: I:41 (  81.087 132.607 379.647 ) T:5052 (  81.087 162.943 345.599 472.063 590.335 590.335 )
1219.357: I:41 (  81.151 131.839 336.639 ) T:5093 (  81.087 162.943 345.599 472.063 590.335 590.335 )
1229.359: I:42 (  81.151 268.543 400.895 ) T:5135 (  81.087 163.967 348.927 472.063 590.335 590.335 )
1239.355: I:42 (  71.039 131.711 402.431 ) T:5177 (  81.087 163.967 351.743 472.063 590.335 590.335 )
1249.354: I:42 (  71.167 131.711 412.159 ) T:5219 (  81.087 163.967 353.023 472.063 590.335 590.335 )
1259.358: I:43 (  81.087 121.535 424.191 ) T:5262 (  81.087 162.943 353.791 472.063 590.335 590.335 )
1269.354: I:42 (  81.215 141.695 399.615 ) T:5304 (  81.087 162.943 353.791 472.063 590.335 590.335 )
1279.357: I:42 (  72.063 141.823 361.215 ) T:5346 (  81.087 162.943 354.047 472.063 590.335 590.335 )
1289.356: I:44 (  71.103 172.159 409.087 ) T:5390 (  81.087 162.943 356.863 472.063 590.335 590.335 )
1299.357: I:45 (  81.023 112.447 389.119 ) T:5435 (  81.087 162.175 356.863 472.063 590.335 590.335 )
1309.354: I:42 (  71.167 184.959 381.439 ) T:5477 (  81.087 162.943 356.863 472.063 590.335 590.335 )
1319.356: I:41 (  71.039 161.919 330.239 ) T:5518 (  81.087 162.943 356.863 472.063 590.335 590.335 )
1329.354: I:43 (  71.039 121.599 287.487 ) T:5561 (  81.087 162.175 356.863 472.063 590.335 590.335 )
1339.357: I:42 (  81.087 198.655 390.143 ) T:5603 (  81.087 162.943 356.863 472.063 590.335 590.335 )
1349.356: I:45 (  71.103 111.615 250.879 ) T:5648 (  81.087 162.943 356.863 472.063 590.335 590.335 )
1359.357: I:45 (  71.039 200.319 321.535 ) T:5693 (  81.087 163.967 356.863 472.063 590.335 590.335 )
1369.355: I:44 (  71.103 131.583 297.983 ) T:5737 (  81.087 163.967 354.047 472.063 590.335 590.335 )
1379.355: I:42 (  71.103 205.311 399.871 ) T:5779 (  81.087 165.247 356.863 472.063 590.335 590.335 )
1389.356: I:43 (  71.167 131.711 336.127 ) T:5822 (  81.087 163.967 354.047 472.063 590.335 590.335 )
1399.356: I:43 (  81.087 207.487 280.831 ) T:5865 (  81.087 164.735 354.047 472.063 590.335 590.335 )
1409.357: I:44 (  81.087 161.919 433.663 ) T:5909 (  81.087 164.735 354.047 472.063 590.335 590.335 )
1419.352: I:44 (  72.063 111.551 242.047 ) T:5953 (  81.087 162.943 354.047 472.063 590.335 590.335 )
1429.357: I:42 (  81.087 212.351 365.567 ) T:5995 (  81.087 165.119 356.863 472.063 590.335 590.335 )
1439.356: I:43 (  71.103 121.471 255.231 ) T:6038 (  81.087 164.735 354.047 456.447 590.335 590.335 )
1449.357: I:44 (  71.039 165.887 254.335 ) T:6082 (  81.087 164.735 354.047 456.447 590.335 590.335 )
1459.356: I:42 (  71.039 161.919 360.703 ) T:6124 (  81.087 164.735 354.047 456.447 590.335 590.335 )
1469.357: I:43 (  71.103 131.583 269.567 ) T:6167 (  81.087 164.735 354.047 456.447 590.335 590.335 )
1479.357: I:45 (  81.151 131.711 374.783 ) T:6212 (  81.087 163.967 354.047 456.447 590.335 590.335 )
1489.357: I:43 (  81.151 162.047 327.679 ) T:6255 (  81.087 163.967 354.047 456.447 590.335 590.335 )
1499.359: I:40 (  72.063 192.255 451.071 ) T:6295 (  81.087 164.735 356.863 456.447 590.335 590.335 )
1509.358: I:44 (  81.151 168.831 280.319 ) T:6339 (  81.087 165.119 354.047 456.447 590.335 590.335 )
1519.356: I:42 (  81.087 138.623 317.439 ) T:6381 (  81.087 164.735 354.047 456.447 590.335 590.335 )
1529.351: I:43 (  71.039 126.975 315.903 ) T:6424 (  81.087 162.943 353.791 456.447 590.335 590.335 )
1539.357: I:44 (  81.087 226.303 302.335 ) T:6468 (  81.087 163.967 353.791 456.447 590.335 590.335 )
1549.355: I:41 (  81.087 141.695 351.999 ) T:6509 (  81.087 162.943 353.023 456.447 590.335 590.335 )
1559.359: I:43 (  80.895 162.047 410.111 ) T:6552 (  81.087 162.943 353.791 456.447 590.335 590.335 )
1569.360: I:41 (  81.087 213.631 313.855 ) T:6593 (  81.087 162.943 353.791 456.447 590.335 590.335 )
1579.355: I:42 (  79.231 175.103 221.311 ) T:6635 (  81.087 163.967 353.023 456.447 590.335 590.335 )
1589.357: I:45 (  71.167 131.711 247.167 ) T:6680 (  81.087 162.943 353.023 456.447 590.335 590.335 )
1599.357: I:46 (  71.039 178.559 229.247 ) T:6726 (  81.087 162.943 351.999 456.447 590.335 590.335 )
1609.356: I:43 (  71.103 131.711 385.791 ) T:6769 (  81.087 162.943 353.791 456.447 590.335 590.335 )
1619.357: I:41 (  71.039 151.807 304.895 ) T:6810 (  81.087 162.943 353.023 456.447 590.335 590.335 )
1629.357: I:44 (  71.039 174.335 316.671 ) T:6854 (  81.087 163.967 353.023 456.447 590.335 590.335 )
1639.355: I:41 (  71.103 131.583 350.207 ) T:6895 (  81.087 162.943 353.023 456.447 590.335 590.335 )
1649.355: I:45 (  71.103 131.711 343.295 ) T:6940 (  81.087 162.943 351.999 456.447 590.335 590.335 )
1659.357: I:45 (  81.023 157.311 342.527 ) T:6985 (  81.087 162.943 351.999 456.447 590.335 590.335 )
1669.359: I:42 (  71.231 141.823 403.967 ) T:7027 (  81.087 162.175 351.999 451.071 590.335 590.335 )
1679.359: I:43 (  71.103 172.159 393.727 ) T:7070 (  81.087 162.175 353.023 451.071 590.335 590.335 )
1689.357: I:45 (  71.167 202.495 243.327 ) T:7115 (  81.087 162.943 351.999 451.071 590.335 590.335 )
1699.350: I:42 (  81.087 143.615 301.567 ) T:7157 (  81.087 162.943 351.999 451.071 590.335 590.335 )
1709.357: I:39 (  71.039 237.567 387.583 ) T:7196 (  81.087 162.943 353.791 451.071 590.335 590.335 )
1719.357: I:45 (  81.023 121.599 269.823 ) T:7241 (  81.087 162.175 353.023 451.071 590.335 590.335 )
1729.357: I:42 (  77.951 121.535 291.839 ) T:7283 (  81.087 162.175 353.023 451.071 590.335 590.335 )
1739.360: I:41 (  81.151 222.591 378.111 ) T:7324 (  81.087 162.943 353.023 451.071 590.335 590.335 )
1749.354: I:44 (  78.847 131.839 331.519 ) T:7368 (  81.087 162.175 353.023 451.071 590.335 590.335 )
1759.352: I:42 (  81.151 151.935 433.663 ) T:7410 (  81.087 162.175 353.023 451.071 590.335 590.335 )
1769.355: I:41 (  72.063 151.935 313.343 ) T:7451 (  81.087 162.175 353.023 451.071 590.335 590.335 )
1779.350: I:42 (  81.151 268.543 490.495 ) T:7493 (  81.087 162.175 353.791 456.447 590.335 590.335 )
1789.358: I:43 (  71.103 162.047 335.871 ) T:7536 (  81.087 162.175 353.023 456.447 590.335 590.335 )
1799.356: I:44 (  72.063 214.527 361.983 ) T:7580 (  81.087 162.175 354.047 456.447 590.335 590.335 )
1809.357: I:42 (  81.087 141.823 339.967 ) T:7622 (  81.087 162.175 353.791 456.447 590.335 590.335 )
1819.359: I:41 (  81.151 187.263 319.487 ) T:7663 (  81.087 162.943 353.791 456.447 590.335 590.335 )
1829.357: I:40 (  81.151 205.439 335.871 ) T:7703 (  81.087 162.943 353.023 456.447 590.335 590.335 )
1839.357: I:42 (  76.223 121.663 374.527 ) T:7745 (  81.087 162.943 353.791 456.447 590.335 590.335 )
1849.356: I:42 (  81.087 180.223 262.143 ) T:7787 (  81.087 162.943 353.791 456.447 590.335 590.335 )
1859.357: I:42 (  80.959 121.599 359.679 ) T:7829 (  81.087 162.943 353.791 456.447 590.335 590.335 )
1869.359: I:41 (  81.471 182.143 348.159 ) T:7870 (  81.087 162.943 353.791 456.447 590.335 590.335 )
1879.356: I:43 (  71.103 146.431 324.351 ) T:7913 (  81.087 162.943 353.023 456.447 590.335 590.335 )
1889.354: I:42 (  81.151 141.695 303.615 ) T:7955 (  81.087 162.943 353.023 456.447 590.335 590.335 )
1899.356: I:42 (  71.039 139.135 311.039 ) T:7997 (  81.087 162.943 353.023 456.447 590.335 590.335 )
1909.357: I:45 (  71.231 175.359 368.127 ) T:8042 (  81.087 162.943 353.023 451.071 590.335 590.335 )
1919.359: I:40 (  81.023 141.951 374.271 ) T:8082 (  81.087 162.175 353.791 451.071 590.335 590.335 )
1929.355: I:44 (  77.759 141.823 262.143 ) T:8126 (  81.087 162.175 353.023 451.071 590.335 590.335 )
1939.350: I:41 (  81.151 131.711 451.327 ) T:8167 (  81.087 162.175 354.047 451.327 590.335 590.335 )
1949.351: I:41 (  74.815 151.935 383.999 ) T:8208 (  81.087 162.175 354.047 451.327 590.335 590.335 )
1959.357: I:41 (  76.159 121.535 351.231 ) T:8249 (  81.087 162.175 354.047 451.327 590.335 590.335 )
1969.357: I:42 (  81.087 141.823 430.847 ) T:8291 (  81.087 162.175 355.583 451.327 590.335 590.335 )
1979.357: I:40 (  81.151 131.711 388.351 ) T:8331 (  81.087 162.175 355.583 451.327 590.335 590.335 )
1989.358: I:44 (  73.023 192.255 265.983 ) T:8375 (  81.087 162.175 355.583 451.327 590.335 590.335 )
1999.357: I:40 (  71.103 111.615 313.599 ) T:8415 (  81.087 162.175 354.047 451.327 590.335 590.335 )
2009.358: I:42 (  81.151 161.919 312.063 ) T:8457 (  81.087 162.175 354.047 451.327 590.335 590.335 )
2019.353: I:42 (  81.215 144.639 249.855 ) T:8499 (  81.087 162.175 354.047 451.327 590.335 590.335 )
2029.357: I:41 (  71.167 141.823 336.895 ) T:8540 (  81.087 162.047 353.791 451.327 590.335 590.335 )
2039.356: I:43 (  81.151 173.183 396.287 ) T:8583 (  81.087 162.175 354.047 451.327 590.335 590.335 )
2049.356: I:42 (  76.927 162.047 313.343 ) T:8625 (  81.087 162.175 353.791 451.327 590.335 590.335 )
2059.358: I:40 (  81.215 131.711 461.055 ) T:8665 (  81.087 162.047 354.047 456.447 590.335 590.335 )
2069.357: I:41 (  81.343 141.823 389.119 ) T:8706 (  81.087 162.047 354.047 456.447 590.335 590.335 )
2079.350: I:41 (  71.103 141.823 428.543 ) T:8747 (  81.087 162.047 355.583 456.447 590.335 590.335 )
2089.357: I:42 (  71.039 121.663 334.847 ) T:8789 (  81.087 162.047 355.583 456.447 590.335 590.335 )
2099.357: I:42 (  82.175 212.479 367.615 ) T:8831 (  81.087 162.047 355.583 456.447 590.335 590.335 )
2109.350: I:42 (  71.103 131.711 327.679 ) T:8873 (  81.087 162.047 355.583 456.447 590.335 590.335 )
2119.357: I:42 (  81.151 187.519 303.103 ) T:8915 (  81.087 162.047 354.047 456.447 590.335 590.335 )
2129.357: I:42 (  71.103 131.711 371.967 ) T:8957 (  81.087 162.047 355.583 456.447 590.335 590.335 )
2139.356: I:42 (  71.103 131.711 257.535 ) T:8999 (  81.087 162.047 355.583 456.447 590.335 590.335 )
2149.354: I:42 (  78.527 230.527 417.791 ) T:9041 (  81.087 162.047 355.583 451.327 590.335 590.335 )
2159.355: I:42 (  72.127 131.711 323.839 ) T:9083 (  81.087 162.047 355.583 451.327 590.335 590.335 )
2169.357: I:42 (  71.103 195.327 283.647 ) T:9125 (  81.087 162.047 354.047 451.327 590.335 590.335 )
2179.357: I:42 (  81.151 131.711 339.711 ) T:9167 (  81.087 162.047 354.047 451.327 590.335 590.335 )
2189.355: I:44 (  71.103 121.471 315.391 ) T:9211 (  81.087 162.047 353.791 451.327 590.335 590.335 )
2199.356: I:43 (  72.703 126.911 323.327 ) T:9254 (  81.087 162.047 353.791 451.327 590.335 590.335 )
2209.357: I:43 (  81.151 205.823 459.519 ) T:9297 (  81.087 162.047 354.047 456.447 590.335 590.335 )
2219.357: I:42 (  71.103 112.511 272.127 ) T:9339 (  81.087 162.047 353.791 456.447 590.335 590.335 )
2229.357: I:43 (  81.151 141.695 455.935 ) T:9382 (  81.087 162.047 354.047 456.447 590.335 590.335 )
2239.357: I:39 (  81.023 217.215 321.791 ) T:9421 (  81.087 162.047 353.791 456.447 590.335 590.335 )
2249.350: I:40 (  81.215 131.839 420.607 ) T:9461 (  81.087 162.047 354.047 456.447 590.335 590.335 )
2259.357: I:43 (  72.063 204.031 359.423 ) T:9504 (  81.087 162.047 354.047 456.447 590.335 590.335 )
2269.357: I:43 (  73.663 141.695 500.223 ) T:9547 (  81.087 162.047 355.583 459.519 590.335 590.335 )
2279.358: I:43 (  77.247 145.023 292.863 ) T:9590 (  81.087 162.047 355.583 459.519 590.335 590.335 )
2289.357: I:43 (  71.103 193.535 382.207 ) T:9633 (  81.087 162.047 355.583 459.519 590.335 590.335 )
2299.358: I:43 (  71.103 141.823 292.863 ) T:9676 (  81.087 162.047 355.583 459.519 590.335 590.335 )
2309.357: I:45 (  71.231 172.159 282.623 ) T:9721 (  81.087 162.047 354.047 459.519 590.335 590.335 )
2319.357: I:41 (  81.151 152.191 377.599 ) T:9762 (  81.087 162.047 355.583 459.519 590.335 590.335 )
2329.356: I:43 (  71.103 141.951 324.607 ) T:9805 (  81.087 162.047 354.047 459.519 590.335 590.335 )
2339.354: I:43 (  81.087 162.175 362.751 ) T:9848 (  81.087 162.047 355.583 459.519 590.335 590.335 )
2349.350: I:43 (  81.151 209.279 352.511 ) T:9891 (  81.087 162.047 355.583 459.519 590.335 590.335 )
2359.358: I:43 (  71.167 141.823 301.055 ) T:9934 (  81.087 162.047 354.047 459.519 590.335 590.335 )
2369.356: I:41 (  81.151 131.711 310.271 ) T:9975 (  81.087 162.047 354.047 459.519 590.335 590.335 )
2375.520: I:25 (  81.023 197.119 310.015 ) T:10000 (  81.087 162.047 353.791 456.447 500.223 590.335 )
2375.562: I:0 (   0.000   0.000   0.000 ) T:10000 (  81.087 162.047 353.791 456.447 500.223 590.335 )
