#[Interval percentile log between 0.000 and <Infinite> seconds (relative to StartTime)]
#[StartTime: 1524474445.759 (seconds since epoch), Mon Apr 23 11:07:25 CEST 2018]
Time: IntervalPercentiles:count ( 50% 90% Max ) TotalPercentiles:count ( 50% 90% 99% 99.9% 99.99% Max )
9.562: I:1 ( 446.207 446.207 446.207 ) T:1 ( 446.207 446.207 446.207 446.207 446.207 446.207 )
19.557: I:0 (   0.000   0.000   0.000 ) T:1 ( 446.207 446.207 446.207 446.207 446.207 446.207 )
29.556: I:0 (   0.000   0.000   0.000 ) T:1 ( 446.207 446.207 446.207 446.207 446.207 446.207 )
39.555: I:0 (   0.000   0.000   0.000 ) T:1 ( 446.207 446.207 446.207 446.207 446.207 446.207 )
49.556: I:0 (   0.000   0.000   0.000 ) T:1 ( 446.207 446.207 446.207 446.207 446.207 446.207 )
59.558: I:0 (   0.000   0.000   0.000 ) T:1 ( 446.207 446.207 446.207 446.207 446.207 446.207 )
69.555: I:0 (   0.000   0.000   0.000 ) T:1 ( 446.207 446.207 446.207 446.207 446.207 446.207 )
79.555: I:0 (   0.000   0.000   0.000 ) T:1 ( 446.207 446.207 446.207 446.207 446.207 446.207 )
89.555: I:0 (   0.000   0.000   0.000 ) T:1 ( 446.207 446.207 446.207 446.207 446.207 446.207 )
99.555: I:0 (   0.000   0.000   0.000 ) T:1 ( 446.207 446.207 446.207 446.207 446.207 446.207 )
109.555: I:0 (   0.000   0.000   0.000 ) T:1 ( 446.207 446.207 446.207 446.207 446.207 446.207 )
119.555: I:0 (   0.000   0.000   0.000 ) T:1 ( 446.207 446.207 446.207 446.207 446.207 446.207 )
129.555: I:0 (   0.000   0.000   0.000 ) T:1 ( 446.207 446.207 446.207 446.207 446.207 446.207 )
139.555: I:0 (   0.000   0.000   0.000 ) T:1 ( 446.207 446.207 446.207 446.207 446.207 446.207 )
149.555: I:0 (   0.000   0.000   0.000 ) T:1 ( 446.207 446.207 446.207 446.207 446.207 446.207 )
159.555: I:0 (   0.000   0.000   0.000 ) T:1 ( 446.207 446.207 446.207 446.207 446.207 446.207 )
169.555: I:0 (   0.000   0.000   0.000 ) T:1 ( 446.207 446.207 446.207 446.207 446.207 446.207 )
179.555: I:0 (   0.000   0.000   0.000 ) T:1 ( 446.207 446.207 446.207 446.207 446.207 446.207 )
189.554: I:0 (   0.000   0.000   0.000 ) T:1 ( 446.207 446.207 446.207 446.207 446.207 446.207 )
199.555: I:0 (   0.000   0.000   0.000 ) T:1 ( 446.207 446.207 446.207 446.207 446.207 446.207 )
209.555: I:0 (   0.000   0.000   0.000 ) T:1 ( 446.207 446.207 446.207 446.207 446.207 446.207 )
219.554: I:0 (   0.000   0.000   0.000 ) T:1 ( 446.207 446.207 446.207 446.207 446.207 446.207 )
229.555: I:0 (   0.000   0.000   0.000 ) T:1 ( 446.207 446.207 446.207 446.207 446.207 446.207 )
239.554: I:0 (   0.000   0.000   0.000 ) T:1 ( 446.207 446.207 446.207 446.207 446.207 446.207 )
249.555: I:0 (   0.000   0.000   0.000 ) T:1 ( 446.207 446.207 446.207 446.207 446.207 446.207 )
259.555: I:0 (   0.000   0.000   0.000 ) T:1 ( 446.207 446.207 446.207 446.207 446.207 446.207 )
269.555: I:0 (   0.000   0.000   0.000 ) T:1 ( 446.207 446.207 446.207 446.207 446.207 446.207 )
279.555: I:0 (   0.000   0.000   0.000 ) T:1 ( 446.207 446.207 446.207 446.207 446.207 446.207 )
289.555: I:0 (   0.000   0.000   0.000 ) T:1 ( 446.207 446.207 446.207 446.207 446.207 446.207 )
299.555: I:0 (   0.000   0.000   0.000 ) T:1 ( 446.207 446.207 446.207 446.207 446.207 446.207 )
309.555: I:0 (   0.000   0.000   0.000 ) T:1 ( 446.207 446.207 446.207 446.207 446.207 446.207 )
319.555: I:0 (   0.000   0.000   0.000 ) T:1 ( 446.207 446.207 446.207 446.207 446.207 446.207 )
329.555: I:0 (   0.000   0.000   0.000 ) T:1 ( 446.207 446.207 446.207 446.207 446.207 446.207 )
339.555: I:0 (   0.000   0.000   0.000 ) T:1 ( 446.207 446.207 446.207 446.207 446.207 446.207 )
349.555: I:0 (   0.000   0.000   0.000 ) T:1 ( 446.207 446.207 446.207 446.207 446.207 446.207 )
359.555: I:0 (   0.000   0.000   0.000 ) T:1 ( 446.207 446.207 446.207 446.207 446.207 446.207 )
369.555: I:0 (   0.000   0.000   0.000 ) T:1 ( 446.207 446.207 446.207 446.207 446.207 446.207 )
379.555: I:0 (   0.000   0.000   0.000 ) T:1 ( 446.207 446.207 446.207 446.207 446.207 446.207 )
389.555: I:0 (   0.000   0.000   0.000 ) T:1 ( 446.207 446.207 446.207 446.207 446.207 446.207 )
399.554: I:0 (   0.000   0.000   0.000 ) T:1 ( 446.207 446.207 446.207 446.207 446.207 446.207 )
409.554: I:0 (   0.000   0.000   0.000 ) T:1 ( 446.207 446.207 446.207 446.207 446.207 446.207 )
419.555: I:0 (   0.000   0.000   0.000 ) T:1 ( 446.207 446.207 446.207 446.207 446.207 446.207 )
429.555: I:0 (   0.000   0.000   0.000 ) T:1 ( 446.207 446.207 446.207 446.207 446.207 446.207 )
439.555: I:0 (   0.000   0.000   0.000 ) T:1 ( 446.207 446.207 446.207 446.207 446.207 446.207 )
449.555: I:0 (   0.000   0.000   0.000 ) T:1 ( 446.207 446.207 446.207 446.207 446.207 446.207 )
459.555: I:0 (   0.000   0.000   0.000 ) T:1 ( 446.207 446.207 446.207 446.207 446.207 446.207 )
469.555: I:0 (   0.000   0.000   0.000 ) T:1 ( 446.207 446.207 446.207 446.207 446.207 446.207 )
479.554: I:0 (   0.000   0.000   0.000 ) T:1 ( 446.207 446.207 446.207 446.207 446.207 446.207 )
489.555: I:0 (   0.000   0.000   0.000 ) T:1 ( 446.207 446.207 446.207 446.207 446.207 446.207 )
499.555: I:0 (   0.000   0.000   0.000 ) T:1 ( 446.207 446.207 446.207 446.207 446.207 446.207 )
509.555: I:0 (   0.000   0.000   0.000 ) T:1 ( 446.207 446.207 446.207 446.207 446.207 446.207 )
519.555: I:0 (   0.000   0.000   0.000 ) T:1 ( 446.207 446.207 446.207 446.207 446.207 446.207 )
529.555: I:0 (   0.000   0.000   0.000 ) T:1 ( 446.207 446.207 446.207 446.207 446.207 446.207 )
539.554: I:0 (   0.000   0.000   0.000 ) T:1 ( 446.207 446.207 446.207 446.207 446.207 446.207 )
549.555: I:0 (   0.000   0.000   0.000 ) T:1 ( 446.207 446.207 446.207 446.207 446.207 446.207 )
559.555: I:0 (   0.000   0.000   0.000 ) T:1 ( 446.207 446.207 446.207 446.207 446.207 446.207 )
569.555: I:0 (   0.000   0.000   0.000 ) T:1 ( 446.207 446.207 446.207 446.207 446.207 446.207 )
579.555: I:0 (   0.000   0.000   0.000 ) T:1 ( 446.207 446.207 446.207 446.207 446.207 446.207 )
589.555: I:0 (   0.000   0.000   0.000 ) T:1 ( 446.207 446.207 446.207 446.207 446.207 446.207 )
599.555: I:0 (   0.000   0.000   0.000 ) T:1 ( 446.207 446.207 446.207 446.207 446.207 446.207 )
609.554: I:0 (   0.000   0.000   0.000 ) T:1 ( 446.207 446.207 446.207 446.207 446.207 446.207 )
619.554: I:0 (   0.000   0.000   0.000 ) T:1 ( 446.207 446.207 446.207 446.207 446.207 446.207 )
629.555: I:0 (   0.000   0.000   0.000 ) T:1 ( 446.207 446.207 446.207 446.207 446.207 446.207 )
639.555: I:0 (   0.000   0.000   0.000 ) T:1 ( 446.207 446.207 446.207 446.207 446.207 446.207 )
649.554: I:0 (   0.000   0.000   0.000 ) T:1 ( 446.207 446.207 446.207 446.207 446.207 446.207 )
659.555: I:0 (   0.000   0.000   0.000 ) T:1 ( 446.207 446.207 446.207 446.207 446.207 446.207 )
669.554: I:0 (   0.000   0.000   0.000 ) T:1 ( 446.207 446.207 446.207 446.207 446.207 446.207 )
679.555: I:0 (   0.000   0.000   0.000 ) T:1 ( 446.207 446.207 446.207 446.207 446.207 446.207 )
689.555: I:0 (   0.000   0.000   0.000 ) T:1 ( 446.207 446.207 446.207 446.207 446.207 446.207 )
699.555: I:0 (   0.000   0.000   0.000 ) T:1 ( 446.207 446.207 446.207 446.207 446.207 446.207 )
709.554: I:0 (   0.000   0.000   0.000 ) T:1 ( 446.207 446.207 446.207 446.207 446.207 446.207 )
719.555: I:0 (   0.000   0.000   0.000 ) T:1 ( 446.207 446.207 446.207 446.207 446.207 446.207 )
729.554: I:0 (   0.000   0.000   0.000 ) T:1 ( 446.207 446.207 446.207 446.207 446.207 446.207 )
739.555: I:0 (   0.000   0.000   0.000 ) T:1 ( 446.207 446.207 446.207 446.207 446.207 446.207 )
749.555: I:0 (   0.000   0.000   0.000 ) T:1 ( 446.207 446.207 446.207 446.207 446.207 446.207 )
759.555: I:0 (   0.000   0.000   0.000 ) T:1 ( 446.207 446.207 446.207 446.207 446.207 446.207 )
769.554: I:0 (   0.000   0.000   0.000 ) T:1 ( 446.207 446.207 446.207 446.207 446.207 446.207 )
779.554: I:0 (   0.000   0.000   0.000 ) T:1 ( 446.207 446.207 446.207 446.207 446.207 446.207 )
789.554: I:0 (   0.000   0.000   0.000 ) T:1 ( 446.207 446.207 446.207 446.207 446.207 446.207 )
799.555: I:0 (   0.000   0.000   0.000 ) T:1 ( 446.207 446.207 446.207 446.207 446.207 446.207 )
809.555: I:0 (   0.000   0.000   0.000 ) T:1 ( 446.207 446.207 446.207 446.207 446.207 446.207 )
819.554: I:0 (   0.000   0.000   0.000 ) T:1 ( 446.207 446.207 446.207 446.207 446.207 446.207 )
829.554: I:0 (   0.000   0.000   0.000 ) T:1 ( 446.207 446.207 446.207 446.207 446.207 446.207 )
839.554: I:0 (   0.000   0.000   0.000 ) T:1 ( 446.207 446.207 446.207 446.207 446.207 446.207 )
849.555: I:0 (   0.000   0.000   0.000 ) T:1 ( 446.207 446.207 446.207 446.207 446.207 446.207 )
859.554: I:0 (   0.000   0.000   0.000 ) T:1 ( 446.207 446.207 446.207 446.207 446.207 446.207 )
869.554: I:0 (   0.000   0.000   0.000 ) T:1 ( 446.207 446.207 446.207 446.207 446.207 446.207 )
879.554: I:0 (   0.000   0.000   0.000 ) T:1 ( 446.207 446.207 446.207 446.207 446.207 446.207 )
889.554: I:0 (   0.000   0.000   0.000 ) T:1 ( 446.207 446.207 446.207 446.207 446.207 446.207 )
899.554: I:0 (   0.000   0.000   0.000 ) T:1 ( 446.207 446.207 446.207 446.207 446.207 446.207 )
909.554: I:0 (   0.000   0.000   0.000 ) T:1 ( 446.207 446.207 446.207 446.207 446.207 446.207 )
919.557: I:0 (   0.000   0.000   0.000 ) T:1 ( 446.207 446.207 446.207 446.207 446.207 446.207 )
929.555: I:0 (   0.000   0.000   0.000 ) T:1 ( 446.207 446.207 446.207 446.207 446.207 446.207 )
939.554: I:0 (   0.000   0.000   0.000 ) T:1 ( 446.207 446.207 446.207 446.207 446.207 446.207 )
949.555: I:0 (   0.000   0.000   0.000 ) T:1 ( 446.207 446.207 446.207 446.207 446.207 446.207 )
959.556: I:0 (   0.000   0.000   0.000 ) T:1 ( 446.207 446.207 446.207 446.207 446.207 446.207 )
969.555: I:0 (   0.000   0.000   0.000 ) T:1 ( 446.207 446.207 446.207 446.207 446.207 446.207 )
979.554: I:0 (   0.000   0.000   0.000 ) T:1 ( 446.207 446.207 446.207 446.207 446.207 446.207 )
989.554: I:0 (   0.000   0.000   0.000 ) T:1 ( 446.207 446.207 446.207 446.207 446.207 446.207 )
999.554: I:0 (   0.000   0.000   0.000 ) T:1 ( 446.207 446.207 446.207 446.207 446.207 446.207 )
1009.554: I:0 (   0.000   0.000   0.000 ) T:1 ( 446.207 446.207 446.207 446.207 446.207 446.207 )
1019.554: I:0 (   0.000   0.000   0.000 ) T:1 ( 446.207 446.207 446.207 446.207 446.207 446.207 )
1029.554: I:0 (   0.000   0.000   0.000 ) T:1 ( 446.207 446.207 446.207 446.207 446.207 446.207 )
1039.554: I:0 (   0.000   0.000   0.000 ) T:1 ( 446.207 446.207 446.207 446.207 446.207 446.207 )
1049.554: I:0 (   0.000   0.000   0.000 ) T:1 ( 446.207 446.207 446.207 446.207 446.207 446.207 )
1059.554: I:0 (   0.000   0.000   0.000 ) T:1 ( 446.207 446.207 446.207 446.207 446.207 446.207 )
1069.554: I:0 (   0.000   0.000   0.000 ) T:1 ( 446.207 446.207 446.207 446.207 446.207 446.207 )
1079.554: I:0 (   0.000   0.000   0.000 ) T:1 ( 446.207 446.207 446.207 446.207 446.207 446.207 )
1089.554: I:0 (   0.000   0.000   0.000 ) T:1 ( 446.207 446.207 446.207 446.207 446.207 446.207 )
1099.554: I:0 (   0.000   0.000   0.000 ) T:1 ( 446.207 446.207 446.207 446.207 446.207 446.207 )
1109.554: I:0 (   0.000   0.000   0.000 ) T:1 ( 446.207 446.207 446.207 446.207 446.207 446.207 )
1119.554: I:0 (   0.000   0.000   0.000 ) T:1 ( 446.207 446.207 446.207 446.207 446.207 446.207 )
1129.554: I:0 (   0.000   0.000   0.000 ) T:1 ( 446.207 446.207 446.207 446.207 446.207 446.207 )
1139.554: I:0 (   0.000   0.000   0.000 ) T:1 ( 446.207 446.207 446.207 446.207 446.207 446.207 )
1149.554: I:0 (   0.000   0.000   0.000 ) T:1 ( 446.207 446.207 446.207 446.207 446.207 446.207 )
1159.554: I:0 (   0.000   0.000   0.000 ) T:1 ( 446.207 446.207 446.207 446.207 446.207 446.207 )
1169.554: I:0 (   0.000   0.000   0.000 ) T:1 ( 446.207 446.207 446.207 446.207 446.207 446.207 )
1179.554: I:0 (   0.000   0.000   0.000 ) T:1 ( 446.207 446.207 446.207 446.207 446.207 446.207 )
1189.554: I:0 (   0.000   0.000   0.000 ) T:1 ( 446.207 446.207 446.207 446.207 446.207 446.207 )
1199.554: I:0 (   0.000   0.000   0.000 ) T:1 ( 446.207 446.207 446.207 446.207 446.207 446.207 )
1209.554: I:0 (   0.000   0.000   0.000 ) T:1 ( 446.207 446.207 446.207 446.207 446.207 446.207 )
1219.554: I:0 (   0.000   0.000   0.000 ) T:1 ( 446.207 446.207 446.207 446.207 446.207 446.207 )
1229.555: I:0 (   0.000   0.000   0.000 ) T:1 ( 446.207 446.207 446.207 446.207 446.207 446.207 )
1239.555: I:0 (   0.000   0.000   0.000 ) T:1 ( 446.207 446.207 446.207 446.207 446.207 446.207 )
1249.555: I:0 (   0.000   0.000   0.000 ) T:1 ( 446.207 446.207 446.207 446.207 446.207 446.207 )
1259.555: I:0 (   0.000   0.000   0.000 ) T:1 ( 446.207 446.207 446.207 446.207 446.207 446.207 )
1269.554: I:0 (   0.000   0.000   0.000 ) T:1 ( 446.207 446.207 446.207 446.207 446.207 446.207 )
1279.555: I:0 (   0.000   0.000   0.000 ) T:1 ( 446.207 446.207 446.207 446.207 446.207 446.207 )
1289.554: I:0 (   0.000   0.000   0.000 ) T:1 ( 446.207 446.207 446.207 446.207 446.207 446.207 )
1299.555: I:0 (   0.000   0.000   0.000 ) T:1 ( 446.207 446.207 446.207 446.207 446.207 446.207 )
1309.554: I:0 (   0.000   0.000   0.000 ) T:1 ( 446.207 446.207 446.207 446.207 446.207 446.207 )
1319.554: I:0 (   0.000   0.000   0.000 ) T:1 ( 446.207 446.207 446.207 446.207 446.207 446.207 )
1329.554: I:0 (   0.000   0.000   0.000 ) T:1 ( 446.207 446.207 446.207 446.207 446.207 446.207 )
1339.554: I:0 (   0.000   0.000   0.000 ) T:1 ( 446.207 446.207 446.207 446.207 446.207 446.207 )
1349.554: I:0 (   0.000   0.000   0.000 ) T:1 ( 446.207 446.207 446.207 446.207 446.207 446.207 )
1359.554: I:0 (   0.000   0.000   0.000 ) T:1 ( 446.207 446.207 446.207 446.207 446.207 446.207 )
1369.554: I:0 (   0.000   0.000   0.000 ) T:1 ( 446.207 446.207 446.207 446.207 446.207 446.207 )
1379.554: I:0 (   0.000   0.000   0.000 ) T:1 ( 446.207 446.207 446.207 446.207 446.207 446.207 )
1389.554: I:0 (   0.000   0.000   0.000 ) T:1 ( 446.207 446.207 446.207 446.207 446.207 446.207 )
1399.554: I:0 (   0.000   0.000   0.000 ) T:1 ( 446.207 446.207 446.207 446.207 446.207 446.207 )
1409.554: I:0 (   0.000   0.000   0.000 ) T:1 ( 446.207 446.207 446.207 446.207 446.207 446.207 )
1419.554: I:0 (   0.000   0.000   0.000 ) T:1 ( 446.207 446.207 446.207 446.207 446.207 446.207 )
1429.554: I:0 (   0.000   0.000   0.000 ) T:1 ( 446.207 446.207 446.207 446.207 446.207 446.207 )
1439.554: I:0 (   0.000   0.000   0.000 ) T:1 ( 446.207 446.207 446.207 446.207 446.207 446.207 )
1449.554: I:0 (   0.000   0.000   0.000 ) T:1 ( 446.207 446.207 446.207 446.207 446.207 446.207 )
1459.554: I:0 (   0.000   0.000   0.000 ) T:1 ( 446.207 446.207 446.207 446.207 446.207 446.207 )
1469.554: I:0 (   0.000   0.000   0.000 ) T:1 ( 446.207 446.207 446.207 446.207 446.207 446.207 )
1479.555: I:0 (   0.000   0.000   0.000 ) T:1 ( 446.207 446.207 446.207 446.207 446.207 446.207 )
1489.555: I:0 (   0.000   0.000   0.000 ) T:1 ( 446.207 446.207 446.207 446.207 446.207 446.207 )
1499.554: I:0 (   0.000   0.000   0.000 ) T:1 ( 446.207 446.207 446.207 446.207 446.207 446.207 )
1509.554: I:0 (   0.000   0.000   0.000 ) T:1 ( 446.207 446.207 446.207 446.207 446.207 446.207 )
1519.554: I:0 (   0.000   0.000   0.000 ) T:1 ( 446.207 446.207 446.207 446.207 446.207 446.207 )
1529.554: I:0 (   0.000   0.000   0.000 ) T:1 ( 446.207 446.207 446.207 446.207 446.207 446.207 )
1539.554: I:0 (   0.000   0.000   0.000 ) T:1 ( 446.207 446.207 446.207 446.207 446.207 446.207 )
1549.554: I:0 (   0.000   0.000   0.000 ) T:1 ( 446.207 446.207 446.207 446.207 446.207 446.207 )
1559.554: I:0 (   0.000   0.000   0.000 ) T:1 ( 446.207 446.207 446.207 446.207 446.207 446.207 )
1569.554: I:0 (   0.000   0.000   0.000 ) T:1 ( 446.207 446.207 446.207 446.207 446.207 446.207 )
1579.554: I:0 (   0.000   0.000   0.000 ) T:1 ( 446.207 446.207 446.207 446.207 446.207 446.207 )
1589.555: I:0 (   0.000   0.000   0.000 ) T:1 ( 446.207 446.207 446.207 446.207 446.207 446.207 )
1599.554: I:0 (   0.000   0.000   0.000 ) T:1 ( 446.207 446.207 446.207 446.207 446.207 446.207 )
1609.554: I:0 (   0.000   0.000   0.000 ) T:1 ( 446.207 446.207 446.207 446.207 446.207 446.207 )
1619.554: I:0 (   0.000   0.000   0.000 ) T:1 ( 446.207 446.207 446.207 446.207 446.207 446.207 )
1629.554: I:0 (   0.000   0.000   0.000 ) T:1 ( 446.207 446.207 446.207 446.207 446.207 446.207 )
1639.554: I:0 (   0.000   0.000   0.000 ) T:1 ( 446.207 446.207 446.207 446.207 446.207 446.207 )
1649.554: I:0 (   0.000   0.000   0.000 ) T:1 ( 446.207 446.207 446.207 446.207 446.207 446.207 )
1659.554: I:0 (   0.000   0.000   0.000 ) T:1 ( 446.207 446.207 446.207 446.207 446.207 446.207 )
1669.554: I:0 (   0.000   0.000   0.000 ) T:1 ( 446.207 446.207 446.207 446.207 446.207 446.207 )
1679.554: I:0 (   0.000   0.000   0.000 ) T:1 ( 446.207 446.207 446.207 446.207 446.207 446.207 )
1689.554: I:0 (   0.000   0.000   0.000 ) T:1 ( 446.207 446.207 446.207 446.207 446.207 446.207 )
1699.554: I:0 (   0.000   0.000   0.000 ) T:1 ( 446.207 446.207 446.207 446.207 446.207 446.207 )
1709.554: I:0 (   0.000   0.000   0.000 ) T:1 ( 446.207 446.207 446.207 446.207 446.207 446.207 )
1719.554: I:0 (   0.000   0.000   0.000 ) T:1 ( 446.207 446.207 446.207 446.207 446.207 446.207 )
1729.554: I:0 (   0.000   0.000   0.000 ) T:1 ( 446.207 446.207 446.207 446.207 446.207 446.207 )
1739.554: I:0 (   0.000   0.000   0.000 ) T:1 ( 446.207 446.207 446.207 446.207 446.207 446.207 )
1749.554: I:0 (   0.000   0.000   0.000 ) T:1 ( 446.207 446.207 446.207 446.207 446.207 446.207 )
1759.554: I:0 (   0.000   0.000   0.000 ) T:1 ( 446.207 446.207 446.207 446.207 446.207 446.207 )
1769.554: I:0 (   0.000   0.000   0.000 ) T:1 ( 446.207 446.207 446.207 446.207 446.207 446.207 )
1779.554: I:0 (   0.000   0.000   0.000 ) T:1 ( 446.207 446.207 446.207 446.207 446.207 446.207 )
1789.554: I:0 (   0.000   0.000   0.000 ) T:1 ( 446.207 446.207 446.207 446.207 446.207 446.207 )
1799.554: I:0 (   0.000   0.000   0.000 ) T:1 ( 446.207 446.207 446.207 446.207 446.207 446.207 )
1809.554: I:0 (   0.000   0.000   0.000 ) T:1 ( 446.207 446.207 446.207 446.207 446.207 446.207 )
1819.554: I:0 (   0.000   0.000   0.000 ) T:1 ( 446.207 446.207 446.207 446.207 446.207 446.207 )
1829.554: I:0 (   0.000   0.000   0.000 ) T:1 ( 446.207 446.207 446.207 446.207 446.207 446.207 )
1839.554: I:0 (   0.000   0.000   0.000 ) T:1 ( 446.207 446.207 446.207 446.207 446.207 446.207 )
1849.554: I:0 (   0.000   0.000   0.000 ) T:1 ( 446.207 446.207 446.207 446.207 446.207 446.207 )
1859.554: I:0 (   0.000   0.000   0.000 ) T:1 ( 446.207 446.207 446.207 446.207 446.207 446.207 )
1869.554: I:0 (   0.000   0.000   0.000 ) T:1 ( 446.207 446.207 446.207 446.207 446.207 446.207 )
1879.555: I:0 (   0.000   0.000   0.000 ) T:1 ( 446.207 446.207 446.207 446.207 446.207 446.207 )
1889.554: I:0 (   0.000   0.000   0.000 ) T:1 ( 446.207 446.207 446.207 446.207 446.207 446.207 )
1899.554: I:0 (   0.000   0.000   0.000 ) T:1 ( 446.207 446.207 446.207 446.207 446.207 446.207 )
1909.554: I:0 (   0.000   0.000   0.000 ) T:1 ( 446.207 446.207 446.207 446.207 446.207 446.207 )
1919.554: I:0 (   0.000   0.000   0.000 ) T:1 ( 446.207 446.207 446.207 446.207 446.207 446.207 )
1929.554: I:0 (   0.000   0.000   0.000 ) T:1 ( 446.207 446.207 446.207 446.207 446.207 446.207 )
1939.554: I:0 (   0.000   0.000   0.000 ) T:1 ( 446.207 446.207 446.207 446.207 446.207 446.207 )
1949.554: I:0 (   0.000   0.000   0.000 ) T:1 ( 446.207 446.207 446.207 446.207 446.207 446.207 )
1959.554: I:0 (   0.000   0.000   0.000 ) T:1 ( 446.207 446.207 446.207 446.207 446.207 446.207 )
1969.554: I:0 (   0.000   0.000   0.000 ) T:1 ( 446.207 446.207 446.207 446.207 446.207 446.207 )
1979.554: I:0 (   0.000   0.000   0.000 ) T:1 ( 446.207 446.207 446.207 446.207 446.207 446.207 )
1989.555: I:0 (   0.000   0.000   0.000 ) T:1 ( 446.207 446.207 446.207 446.207 446.207 446.207 )
1999.554: I:0 (   0.000   0.000   0.000 ) T:1 ( 446.207 446.207 446.207 446.207 446.207 446.207 )
2009.554: I:0 (   0.000   0.000   0.000 ) T:1 ( 446.207 446.207 446.207 446.207 446.207 446.207 )
2019.554: I:0 (   0.000   0.000   0.000 ) T:1 ( 446.207 446.207 446.207 446.207 446.207 446.207 )
2029.554: I:0 (   0.000   0.000   0.000 ) T:1 ( 446.207 446.207 446.207 446.207 446.207 446.207 )
2039.554: I:0 (   0.000   0.000   0.000 ) T:1 ( 446.207 446.207 446.207 446.207 446.207 446.207 )
2049.554: I:0 (   0.000   0.000   0.000 ) T:1 ( 446.207 446.207 446.207 446.207 446.207 446.207 )
2059.555: I:0 (   0.000   0.000   0.000 ) T:1 ( 446.207 446.207 446.207 446.207 446.207 446.207 )
2069.554: I:0 (   0.000   0.000   0.000 ) T:1 ( 446.207 446.207 446.207 446.207 446.207 446.207 )
2079.554: I:0 (   0.000   0.000   0.000 ) T:1 ( 446.207 446.207 446.207 446.207 446.207 446.207 )
2089.554: I:0 (   0.000   0.000   0.000 ) T:1 ( 446.207 446.207 446.207 446.207 446.207 446.207 )
2099.554: I:0 (   0.000   0.000   0.000 ) T:1 ( 446.207 446.207 446.207 446.207 446.207 446.207 )
2109.554: I:0 (   0.000   0.000   0.000 ) T:1 ( 446.207 446.207 446.207 446.207 446.207 446.207 )
2119.554: I:0 (   0.000   0.000   0.000 ) T:1 ( 446.207 446.207 446.207 446.207 446.207 446.207 )
2129.554: I:0 (   0.000   0.000   0.000 ) T:1 ( 446.207 446.207 446.207 446.207 446.207 446.207 )
2139.554: I:0 (   0.000   0.000   0.000 ) T:1 ( 446.207 446.207 446.207 446.207 446.207 446.207 )
2149.554: I:0 (   0.000   0.000   0.000 ) T:1 ( 446.207 446.207 446.207 446.207 446.207 446.207 )
2159.554: I:0 (   0.000   0.000   0.000 ) T:1 ( 446.207 446.207 446.207 446.207 446.207 446.207 )
2169.554: I:0 (   0.000   0.000   0.000 ) T:1 ( 446.207 446.207 446.207 446.207 446.207 446.207 )
2179.554: I:0 (   0.000   0.000   0.000 ) T:1 ( 446.207 446.207 446.207 446.207 446.207 446.207 )
2189.554: I:0 (   0.000   0.000   0.000 ) T:1 ( 446.207 446.207 446.207 446.207 446.207 446.207 )
2199.554: I:0 (   0.000   0.000   0.000 ) T:1 ( 446.207 446.207 446.207 446.207 446.207 446.207 )
2209.554: I:0 (   0.000   0.000   0.000 ) T:1 ( 446.207 446.207 446.207 446.207 446.207 446.207 )
2219.554: I:0 (   0.000   0.000   0.000 ) T:1 ( 446.207 446.207 446.207 446.207 446.207 446.207 )
2229.554: I:0 (   0.000   0.000   0.000 ) T:1 ( 446.207 446.207 446.207 446.207 446.207 446.207 )
2239.554: I:0 (   0.000   0.000   0.000 ) T:1 ( 446.207 446.207 446.207 446.207 446.207 446.207 )
2249.554: I:0 (   0.000   0.000   0.000 ) T:1 ( 446.207 446.207 446.207 446.207 446.207 446.207 )
2259.554: I:0 (   0.000   0.000   0.000 ) T:1 ( 446.207 446.207 446.207 446.207 446.207 446.207 )
2269.554: I:0 (   0.000   0.000   0.000 ) T:1 ( 446.207 446.207 446.207 446.207 446.207 446.207 )
2279.554: I:0 (   0.000   0.000   0.000 ) T:1 ( 446.207 446.207 446.207 446.207 446.207 446.207 )
2289.554: I:0 (   0.000   0.000   0.000 ) T:1 ( 446.207 446.207 446.207 446.207 446.207 446.207 )
2299.554: I:0 (   0.000   0.000   0.000 ) T:1 ( 446.207 446.207 446.207 446.207 446.207 446.207 )
2309.554: I:0 (   0.000   0.000   0.000 ) T:1 ( 446.207 446.207 446.207 446.207 446.207 446.207 )
2319.554: I:0 (   0.000   0.000   0.000 ) T:1 ( 446.207 446.207 446.207 446.207 446.207 446.207 )
2329.554: I:0 (   0.000   0.000   0.000 ) T:1 ( 446.207 446.207 446.207 446.207 446.207 446.207 )
2339.554: I:0 (   0.000   0.000   0.000 ) T:1 ( 446.207 446.207 446.207 446.207 446.207 446.207 )
2349.554: I:0 (   0.000   0.000   0.000 ) T:1 ( 446.207 446.207 446.207 446.207 446.207 446.207 )
2359.554: I:0 (   0.000   0.000   0.000 ) T:1 ( 446.207 446.207 446.207 446.207 446.207 446.207 )
2369.554: I:0 (   0.000   0.000   0.000 ) T:1 ( 446.207 446.207 446.207 446.207 446.207 446.207 )
2379.554: I:0 (   0.000   0.000   0.000 ) T:1 ( 446.207 446.207 446.207 446.207 446.207 446.207 )
2389.554: I:0 (   0.000   0.000   0.000 ) T:1 ( 446.207 446.207 446.207 446.207 446.207 446.207 )
2399.554: I:0 (   0.000   0.000   0.000 ) T:1 ( 446.207 446.207 446.207 446.207 446.207 446.207 )
2409.554: I:0 (   0.000   0.000   0.000 ) T:1 ( 446.207 446.207 446.207 446.207 446.207 446.207 )
2419.554: I:0 (   0.000   0.000   0.000 ) T:1 ( 446.207 446.207 446.207 446.207 446.207 446.207 )
2429.554: I:0 (   0.000   0.000   0.000 ) T:1 ( 446.207 446.207 446.207 446.207 446.207 446.207 )
2439.554: I:0 (   0.000   0.000   0.000 ) T:1 ( 446.207 446.207 446.207 446.207 446.207 446.207 )
2449.554: I:0 (   0.000   0.000   0.000 ) T:1 ( 446.207 446.207 446.207 446.207 446.207 446.207 )
2459.554: I:0 (   0.000   0.000   0.000 ) T:1 ( 446.207 446.207 446.207 446.207 446.207 446.207 )
2469.554: I:0 (   0.000   0.000   0.000 ) T:1 ( 446.207 446.207 446.207 446.207 446.207 446.207 )
2479.554: I:0 (   0.000   0.000   0.000 ) T:1 ( 446.207 446.207 446.207 446.207 446.207 446.207 )
2489.554: I:0 (   0.000   0.000   0.000 ) T:1 ( 446.207 446.207 446.207 446.207 446.207 446.207 )
2499.554: I:0 (   0.000   0.000   0.000 ) T:1 ( 446.207 446.207 446.207 446.207 446.207 446.207 )
2509.554: I:0 (   0.000   0.000   0.000 ) T:1 ( 446.207 446.207 446.207 446.207 446.207 446.207 )
2519.554: I:0 (   0.000   0.000   0.000 ) T:1 ( 446.207 446.207 446.207 446.207 446.207 446.207 )
2529.554: I:0 (   0.000   0.000   0.000 ) T:1 ( 446.207 446.207 446.207 446.207 446.207 446.207 )
2539.554: I:0 (   0.000   0.000   0.000 ) T:1 ( 446.207 446.207 446.207 446.207 446.207 446.207 )
2549.555: I:0 (   0.000   0.000   0.000 ) T:1 ( 446.207 446.207 446.207 446.207 446.207 446.207 )
2559.555: I:0 (   0.000   0.000   0.000 ) T:1 ( 446.207 446.207 446.207 446.207 446.207 446.207 )
2569.554: I:0 (   0.000   0.000   0.000 ) T:1 ( 446.207 446.207 446.207 446.207 446.207 446.207 )
2579.554: I:0 (   0.000   0.000   0.000 ) T:1 ( 446.207 446.207 446.207 446.207 446.207 446.207 )
2589.554: I:0 (   0.000   0.000   0.000 ) T:1 ( 446.207 446.207 446.207 446.207 446.207 446.207 )
2597.505: I:0 (   0.000   0.000   0.000 ) T:1 ( 446.207 446.207 446.207 446.207 446.207 446.207 )
2597.543: I:0 (   0.000   0.000   0.000 ) T:1 ( 446.207 446.207 446.207 446.207 446.207 446.207 )
