#[Interval percentile log between 0.000 and <Infinite> seconds (relative to StartTime)]
#[StartTime: 1524474446.050 (seconds since epoch), Mon Apr 23 11:07:26 CEST 2018]
Time: IntervalPercentiles:count ( 50% 90% Max ) TotalPercentiles:count ( 50% 90% 99% 99.9% 99.99% Max )
9.306: I:34 ( 121.279 211.967 536.575 ) T:34 ( 121.279 211.967 536.575 536.575 536.575 536.575 )
19.289: I:38 ( 101.055 184.063 616.959 ) T:72 ( 101.119 184.319 616.959 616.959 616.959 616.959 )
29.281: I:38 ( 104.831 262.911 642.047 ) T:110 ( 104.831 184.319 616.959 642.047 642.047 642.047 )
39.284: I:38 ( 111.167 169.983 308.991 ) T:148 ( 110.975 184.319 616.959 642.047 642.047 642.047 )
49.282: I:39 ( 111.231 161.919 318.207 ) T:187 ( 111.103 184.063 616.959 642.047 642.047 642.047 )
59.285: I:40 ( 102.591 210.559 260.991 ) T:227 ( 110.975 184.319 536.575 642.047 642.047 642.047 )
69.284: I:39 ( 121.407 161.919 251.135 ) T:266 ( 111.103 184.063 536.575 642.047 642.047 642.047 )
79.284: I:37 ( 121.343 239.871 394.239 ) T:303 ( 111.167 189.567 454.911 642.047 642.047 642.047 )
89.286: I:39 ( 111.295 192.255 441.343 ) T:342 ( 111.167 189.567 454.911 642.047 642.047 642.047 )
99.277: I:41 ( 101.375 172.927 300.287 ) T:383 ( 111.167 184.319 454.911 642.047 642.047 642.047 )
109.283: I:39 ( 111.359 172.159 397.823 ) T:422 ( 111.167 184.063 441.343 642.047 642.047 642.047 )
119.284: I:42 ( 110.463 141.695 284.927 ) T:464 ( 111.167 178.815 441.343 642.047 642.047 642.047 )
129.278: I:41 ( 101.247 228.991 376.831 ) T:505 ( 111.103 181.631 397.823 642.047 642.047 642.047 )
139.286: I:39 ( 111.359 202.367 249.599 ) T:544 ( 111.167 184.063 397.823 642.047 642.047 642.047 )
149.283: I:42 ( 101.247 161.919 208.767 ) T:586 ( 111.167 181.503 397.823 642.047 642.047 642.047 )
159.283: I:41 ( 101.247 187.647 270.335 ) T:627 ( 111.103 181.631 394.239 642.047 642.047 642.047 )
169.283: I:41 ( 111.359 192.255 334.591 ) T:668 ( 111.103 184.063 394.239 642.047 642.047 642.047 )
179.283: I:40 ( 111.231 182.143 384.255 ) T:708 ( 111.167 184.063 384.255 642.047 642.047 642.047 )
189.281: I:41 ( 101.311 182.143 359.679 ) T:749 ( 111.103 184.063 384.255 642.047 642.047 642.047 )
199.281: I:39 ( 101.695 212.479 283.135 ) T:788 ( 111.103 187.391 384.255 642.047 642.047 642.047 )
209.283: I:39 ( 111.423 172.031 405.503 ) T:827 ( 111.167 184.319 384.255 642.047 642.047 642.047 )
219.280: I:39 ( 111.295 238.719 398.847 ) T:866 ( 111.167 187.647 394.239 642.047 642.047 642.047 )
229.283: I:38 ( 101.311 231.423 320.255 ) T:904 ( 111.167 187.647 384.255 642.047 642.047 642.047 )
239.277: I:40 ( 111.359 192.383 326.911 ) T:944 ( 111.231 188.543 384.255 642.047 642.047 642.047 )
249.283: I:40 ( 111.359 173.183 326.655 ) T:984 ( 111.231 187.647 384.255 642.047 642.047 642.047 )
259.286: I:38 ( 111.423 257.279 364.031 ) T:1022 ( 111.231 187.647 380.159 616.959 642.047 642.047 )
269.283: I:38 ( 111.359 172.031 318.463 ) T:1060 ( 111.231 187.391 380.159 616.959 642.047 642.047 )
279.283: I:38 ( 111.359 212.479 325.631 ) T:1098 ( 111.231 188.543 380.159 616.959 642.047 642.047 )
289.290: I:39 ( 103.487 195.455 267.007 ) T:1137 ( 111.231 188.543 376.831 616.959 642.047 642.047 )
299.283: I:42 ( 101.311 172.031 312.319 ) T:1179 ( 111.231 187.647 376.831 616.959 642.047 642.047 )
309.283: I:37 ( 111.423 228.479 460.799 ) T:1216 ( 111.231 187.647 376.831 616.959 642.047 642.047 )
319.283: I:37 ( 111.423 183.167 434.687 ) T:1253 ( 111.231 187.391 380.159 616.959 642.047 642.047 )
329.283: I:39 ( 111.359 219.135 290.815 ) T:1292 ( 111.231 188.543 380.159 616.959 642.047 642.047 )
339.283: I:38 ( 111.231 182.143 316.927 ) T:1330 ( 111.231 187.647 376.831 616.959 642.047 642.047 )
349.283: I:40 ( 102.143 141.695 444.927 ) T:1370 ( 111.231 187.647 380.159 616.959 642.047 642.047 )
359.283: I:38 ( 111.487 172.031 359.423 ) T:1408 ( 111.295 187.647 376.831 616.959 642.047 642.047 )
369.281: I:41 ( 117.887 172.031 349.439 ) T:1449 ( 111.295 187.647 376.831 616.959 642.047 642.047 )
379.283: I:38 ( 111.487 200.447 355.071 ) T:1487 ( 111.295 187.647 376.831 616.959 642.047 642.047 )
389.283: I:41 ( 111.423 202.367 345.087 ) T:1528 ( 111.295 188.543 364.031 616.959 642.047 642.047 )
399.283: I:39 ( 101.311 243.967 297.471 ) T:1567 ( 111.295 188.543 364.031 616.959 642.047 642.047 )
409.285: I:39 ( 102.335 202.367 448.255 ) T:1606 ( 111.295 188.543 364.031 616.959 642.047 642.047 )
419.283: I:41 ( 101.311 151.807 353.535 ) T:1647 ( 111.295 187.647 364.031 616.959 642.047 642.047 )
429.280: I:40 ( 109.759 141.823 357.887 ) T:1687 ( 111.295 187.391 364.031 616.959 642.047 642.047 )
439.283: I:38 ( 111.295 278.015 387.583 ) T:1725 ( 111.295 188.543 373.759 616.959 642.047 642.047 )
449.283: I:37 ( 111.487 161.919 349.183 ) T:1762 ( 111.295 187.647 373.759 616.959 642.047 642.047 )
459.283: I:41 ( 121.407 161.663 404.223 ) T:1803 ( 111.295 187.391 373.759 616.959 642.047 642.047 )
469.283: I:40 ( 101.439 162.943 229.631 ) T:1843 ( 111.295 187.391 373.759 616.959 642.047 642.047 )
479.283: I:37 ( 121.471 162.303 303.871 ) T:1880 ( 111.295 184.063 373.759 616.959 642.047 642.047 )
489.282: I:41 ( 101.439 141.823 433.919 ) T:1921 ( 111.295 184.063 373.759 616.959 642.047 642.047 )
499.279: I:39 ( 111.423 174.719 324.095 ) T:1960 ( 111.295 183.167 373.759 616.959 642.047 642.047 )
509.283: I:40 ( 101.311 151.807 327.423 ) T:2000 ( 111.295 183.167 364.031 536.575 642.047 642.047 )
519.283: I:38 ( 103.935 155.775 270.079 ) T:2038 ( 111.295 183.167 364.031 536.575 642.047 642.047 )
529.283: I:39 ( 121.471 204.159 369.407 ) T:2077 ( 111.295 183.167 369.407 536.575 642.047 642.047 )
539.283: I:37 ( 111.423 202.367 332.031 ) T:2114 ( 111.295 183.167 364.031 536.575 642.047 642.047 )
549.283: I:39 ( 102.335 237.311 448.511 ) T:2153 ( 111.295 183.167 373.759 536.575 642.047 642.047 )
559.282: I:39 ( 111.359 177.023 267.007 ) T:2192 ( 111.295 182.271 373.759 536.575 642.047 642.047 )
569.283: I:40 ( 101.375 192.383 378.623 ) T:2232 ( 111.295 183.167 373.759 536.575 642.047 642.047 )
579.283: I:39 ( 101.375 260.479 448.255 ) T:2271 ( 111.295 183.167 376.831 536.575 642.047 642.047 )
589.283: I:39 ( 111.359 239.999 374.015 ) T:2310 ( 111.295 183.167 374.015 536.575 642.047 642.047 )
599.282: I:38 ( 101.439 308.735 413.695 ) T:2348 ( 111.295 187.391 376.831 536.575 642.047 642.047 )
609.276: I:38 ( 101.567 182.015 321.279 ) T:2386 ( 111.295 184.319 376.831 536.575 642.047 642.047 )
619.283: I:38 ( 101.375 171.903 311.807 ) T:2424 ( 111.295 184.063 374.015 536.575 642.047 642.047 )
629.283: I:40 ( 111.423 161.919 394.751 ) T:2464 ( 111.295 184.063 376.831 536.575 642.047 642.047 )
639.283: I:39 ( 111.359 202.367 369.919 ) T:2503 ( 111.295 184.319 374.015 536.575 642.047 642.047 )
649.281: I:37 ( 121.471 300.543 404.479 ) T:2540 ( 111.295 187.647 376.831 536.575 642.047 642.047 )
659.283: I:39 ( 101.375 212.863 310.015 ) T:2579 ( 111.295 189.567 376.831 536.575 642.047 642.047 )
669.283: I:38 ( 101.311 165.503 334.847 ) T:2617 ( 111.295 188.543 374.015 536.575 642.047 642.047 )
679.283: I:40 ( 111.487 204.287 324.095 ) T:2657 ( 111.295 189.567 374.015 536.575 642.047 642.047 )
689.281: I:40 ( 101.311 134.015 382.975 ) T:2697 ( 111.295 188.543 376.831 536.575 642.047 642.047 )
699.283: I:41 ( 101.375 202.239 475.903 ) T:2738 ( 111.295 189.567 376.831 536.575 642.047 642.047 )
709.283: I:39 ( 101.375 255.487 303.359 ) T:2777 ( 111.295 189.567 376.831 536.575 642.047 642.047 )
719.283: I:38 ( 111.487 163.071 400.127 ) T:2815 ( 111.295 188.543 376.831 536.575 642.047 642.047 )
729.283: I:40 ( 111.423 182.399 298.495 ) T:2855 ( 111.295 188.543 376.831 536.575 642.047 642.047 )
739.283: I:39 ( 101.375 192.383 340.735 ) T:2894 ( 111.295 188.543 376.831 536.575 642.047 642.047 )
749.283: I:37 ( 102.335 280.575 612.863 ) T:2931 ( 111.295 189.567 378.623 612.863 642.047 642.047 )
759.283: I:41 ( 101.439 162.047 325.375 ) T:2972 ( 111.295 188.543 378.623 612.863 642.047 642.047 )
769.283: I:40 ( 101.375 161.919 342.271 ) T:3012 ( 111.295 188.543 376.831 536.575 642.047 642.047 )
779.283: I:39 ( 111.359 210.815 337.407 ) T:3051 ( 111.295 188.543 376.831 536.575 642.047 642.047 )
789.283: I:37 ( 111.359 323.071 390.911 ) T:3088 ( 111.295 190.463 378.879 536.575 642.047 642.047 )
799.283: I:38 ( 105.791 187.903 351.487 ) T:3126 ( 111.295 189.567 378.623 536.575 642.047 642.047 )
809.283: I:39 ( 101.375 267.519 367.103 ) T:3165 ( 111.295 190.463 378.623 536.575 642.047 642.047 )
819.280: I:41 ( 101.375 162.047 289.023 ) T:3206 ( 111.295 190.463 376.831 536.575 642.047 642.047 )
829.283: I:38 ( 101.375 228.223 364.799 ) T:3244 ( 111.231 190.463 376.831 536.575 642.047 642.047 )
839.283: I:40 ( 101.375 192.255 301.055 ) T:3284 ( 111.231 190.975 376.831 536.575 642.047 642.047 )
849.283: I:39 ( 101.311 227.711 332.799 ) T:3323 ( 111.231 190.975 376.575 536.575 642.047 642.047 )
859.283: I:43 ( 101.439 151.807 360.191 ) T:3366 ( 111.231 190.463 376.575 536.575 642.047 642.047 )
869.276: I:40 (  95.679 161.919 458.495 ) T:3406 ( 111.231 190.463 376.575 536.575 642.047 642.047 )
879.283: I:38 ( 111.423 261.119 335.871 ) T:3444 ( 111.231 190.975 376.575 536.575 642.047 642.047 )
889.283: I:39 ( 101.311 209.919 302.079 ) T:3483 ( 111.231 190.975 376.575 536.575 642.047 642.047 )
899.283: I:38 ( 111.423 182.143 344.575 ) T:3521 ( 111.231 190.463 374.015 536.575 642.047 642.047 )
909.280: I:38 ( 111.103 229.887 302.079 ) T:3559 ( 111.231 192.127 374.015 536.575 642.047 642.047 )
919.283: I:40 ( 101.311 182.143 325.375 ) T:3599 ( 111.231 192.127 374.015 536.575 642.047 642.047 )
929.286: I:41 ( 102.335 151.935 335.871 ) T:3640 ( 111.231 190.975 373.759 536.575 642.047 642.047 )
939.283: I:39 ( 101.375 163.711 436.479 ) T:3679 ( 111.231 190.975 376.575 536.575 642.047 642.047 )
949.282: I:41 ( 101.439 151.935 462.079 ) T:3720 ( 111.167 189.695 376.575 536.575 642.047 642.047 )
959.282: I:40 ( 101.375 161.919 378.367 ) T:3760 ( 111.167 189.695 376.831 536.575 642.047 642.047 )
969.283: I:39 ( 110.655 192.383 329.215 ) T:3799 ( 111.167 190.463 376.831 536.575 642.047 642.047 )
979.283: I:41 ( 101.311 131.711 338.943 ) T:3840 ( 111.167 189.567 376.575 536.575 642.047 642.047 )
989.283: I:39 ( 101.375 212.479 333.567 ) T:3879 ( 111.103 192.127 376.575 536.575 642.047 642.047 )
999.283: I:38 ( 101.311 218.111 272.383 ) T:3917 ( 111.103 192.127 374.015 536.575 642.047 642.047 )
1009.283: I:40 ( 111.423 172.031 252.543 ) T:3957 ( 111.103 192.127 374.015 536.575 642.047 642.047 )
1019.282: I:39 ( 102.399 202.879 376.831 ) T:3996 ( 111.103 192.127 376.575 536.575 642.047 642.047 )
1029.280: I:40 ( 101.375 151.935 445.951 ) T:4036 ( 111.039 192.127 376.831 475.903 642.047 642.047 )
1039.283: I:39 ( 111.423 180.607 283.903 ) T:4075 ( 111.103 190.975 376.831 475.903 642.047 642.047 )
1049.276: I:38 ( 111.423 192.255 296.191 ) T:4113 ( 111.103 190.975 376.575 475.903 642.047 642.047 )
1059.282: I:39 ( 101.439 222.463 346.623 ) T:4152 ( 111.103 192.127 376.575 475.903 642.047 642.047 )
1069.280: I:39 ( 101.311 172.031 459.263 ) T:4191 ( 111.039 190.975 376.831 475.903 642.047 642.047 )
1079.283: I:41 ( 111.487 151.807 328.959 ) T:4232 ( 111.039 190.975 376.575 475.903 642.047 642.047 )
1089.283: I:39 ( 101.375 162.047 347.647 ) T:4271 ( 110.975 190.463 376.575 475.903 642.047 642.047 )
1099.276: I:40 ( 101.375 151.807 435.967 ) T:4311 ( 110.911 190.463 376.575 475.903 642.047 642.047 )
1109.282: I:38 ( 111.423 259.967 407.807 ) T:4349 ( 110.975 190.975 376.831 475.903 642.047 642.047 )
1119.276: I:40 ( 101.311 158.719 307.967 ) T:4389 ( 110.655 190.975 376.831 475.903 642.047 642.047 )
1129.283: I:40 ( 111.295 161.919 294.399 ) T:4429 ( 110.783 190.463 376.575 475.903 642.047 642.047 )
1139.283: I:40 ( 101.311 141.823 361.983 ) T:4469 ( 110.271 189.695 376.575 475.903 642.047 642.047 )
1149.283: I:17 ( 343.551 403.967 405.759 ) T:4486 ( 110.783 192.255 378.367 475.903 642.047 642.047 )
1159.283: I:12 ( 363.519 464.383 700.415 ) T:4498 ( 111.039 193.407 380.159 536.575 700.415 700.415 )
1169.283: I:37 ( 101.375 235.263 396.543 ) T:4535 ( 110.975 195.327 380.159 536.575 700.415 700.415 )
1179.283: I:37 ( 111.423 240.767 326.399 ) T:4572 ( 111.039 195.711 380.159 536.575 700.415 700.415 )
1189.280: I:41 ( 111.231 161.919 306.431 ) T:4613 ( 111.039 195.455 379.647 536.575 700.415 700.415 )
1199.283: I:39 ( 101.375 187.007 298.239 ) T:4652 ( 110.975 195.327 379.647 536.575 700.415 700.415 )
1209.283: I:39 ( 110.655 232.575 601.599 ) T:4691 ( 110.975 195.455 380.671 601.599 700.415 700.415 )
1219.282: I:40 ( 102.207 151.807 375.551 ) T:4731 ( 110.975 195.327 380.159 601.599 700.415 700.415 )
1229.283: I:39 ( 103.295 240.639 278.015 ) T:4770 ( 110.975 195.327 380.159 601.599 700.415 700.415 )
1239.283: I:39 ( 109.503 211.583 329.727 ) T:4809 ( 110.975 195.455 379.647 601.599 700.415 700.415 )
1249.284: I:37 ( 101.375 274.943 466.431 ) T:4846 ( 110.655 195.455 380.671 601.599 700.415 700.415 )
1259.283: I:39 ( 111.487 212.479 273.663 ) T:4885 ( 110.783 195.711 380.671 601.599 700.415 700.415 )
1269.277: I:40 ( 121.407 182.143 310.015 ) T:4925 ( 111.039 195.711 380.159 601.599 700.415 700.415 )
1279.283: I:40 ( 101.375 161.919 483.839 ) T:4965 ( 110.975 195.455 380.671 601.599 700.415 700.415 )
1289.282: I:39 ( 111.423 265.215 457.983 ) T:5004 ( 111.039 195.711 380.671 536.575 700.415 700.415 )
1299.281: I:40 ( 102.399 162.047 362.495 ) T:5044 ( 110.975 195.455 380.671 536.575 700.415 700.415 )
1309.283: I:40 ( 101.375 151.807 398.847 ) T:5084 ( 110.783 195.327 382.975 536.575 700.415 700.415 )
1319.283: I:39 ( 111.423 239.999 374.527 ) T:5123 ( 110.783 195.327 380.671 536.575 700.415 700.415 )
1329.282: I:40 ( 101.311 168.319 476.415 ) T:5163 ( 110.463 193.407 382.975 536.575 700.415 700.415 )
1339.283: I:38 ( 101.439 216.831 718.335 ) T:5201 ( 110.271 193.407 382.975 601.599 718.335 718.335 )
1349.283: I:37 ( 106.175 192.255 471.039 ) T:5238 ( 110.271 193.407 384.255 601.599 718.335 718.335 )
1359.283: I:40 ( 101.247 141.823 338.431 ) T:5278 ( 109.887 193.407 384.255 601.599 718.335 718.335 )
1369.283: I:38 ( 101.375 212.479 518.399 ) T:5316 ( 109.631 193.407 387.327 601.599 718.335 718.335 )
1379.274: I:38 ( 107.711 238.975 404.991 ) T:5354 ( 109.631 193.407 387.583 601.599 718.335 718.335 )
1389.284: I:40 ( 102.399 162.047 297.727 ) T:5394 ( 109.631 193.407 387.583 601.599 718.335 718.335 )
1399.276: I:39 ( 101.311 212.351 332.543 ) T:5433 ( 109.247 193.407 387.327 601.599 718.335 718.335 )
1409.281: I:40 ( 102.399 161.919 287.231 ) T:5473 ( 109.247 193.407 387.327 601.599 718.335 718.335 )
1419.283: I:38 ( 111.487 202.367 516.607 ) T:5511 ( 109.439 195.327 387.327 601.599 718.335 718.335 )
1429.283: I:37 ( 111.359 192.255 452.351 ) T:5548 ( 109.439 195.327 387.583 601.599 718.335 718.335 )
1439.283: I:37 ( 111.487 273.151 471.807 ) T:5585 ( 109.759 195.455 390.911 601.599 718.335 718.335 )
1449.276: I:37 ( 111.551 161.919 391.423 ) T:5622 ( 110.079 195.327 390.911 601.599 718.335 718.335 )
1459.282: I:37 ( 101.375 295.935 467.711 ) T:5659 ( 110.079 195.455 392.191 601.599 718.335 718.335 )
1469.283: I:37 ( 101.503 252.799 426.239 ) T:5696 ( 109.887 195.711 394.239 601.599 718.335 718.335 )
1479.283: I:36 ( 121.535 229.247 291.839 ) T:5732 ( 110.399 195.711 392.191 601.599 718.335 718.335 )
1489.280: I:39 ( 111.551 216.831 320.255 ) T:5771 ( 110.655 196.351 392.191 601.599 718.335 718.335 )
1499.283: I:39 ( 101.439 162.047 307.967 ) T:5810 ( 110.335 195.711 391.423 601.599 718.335 718.335 )
1509.283: I:37 ( 111.487 316.415 447.743 ) T:5847 ( 110.463 196.351 394.239 601.599 718.335 718.335 )
1519.283: I:37 ( 101.375 151.935 395.263 ) T:5884 ( 110.271 195.711 394.751 601.599 718.335 718.335 )
1529.283: I:39 ( 111.487 290.815 363.519 ) T:5923 ( 110.655 196.351 394.239 601.599 718.335 718.335 )
1539.283: I:38 ( 101.439 161.919 359.935 ) T:5961 ( 110.655 195.711 394.239 601.599 718.335 718.335 )
1549.283: I:39 ( 111.487 224.127 454.143 ) T:6000 ( 110.783 195.711 394.239 536.575 718.335 718.335 )
1559.283: I:40 ( 101.439 192.383 438.015 ) T:6040 ( 110.655 195.711 394.751 536.575 718.335 718.335 )
1569.283: I:41 ( 101.375 182.399 260.735 ) T:6081 ( 110.335 195.711 394.751 536.575 718.335 718.335 )
1579.283: I:39 ( 111.487 182.143 404.991 ) T:6120 ( 110.655 195.455 394.751 536.575 718.335 718.335 )
1589.283: I:36 ( 111.423 333.567 460.031 ) T:6156 ( 110.783 196.479 395.263 536.575 718.335 718.335 )
1599.283: I:40 ( 101.375 142.847 321.279 ) T:6196 ( 110.655 196.351 395.263 536.575 718.335 718.335 )
1609.283: I:37 ( 111.487 277.759 510.463 ) T:6233 ( 110.783 196.479 395.263 536.575 718.335 718.335 )
1619.283: I:40 ( 101.439 151.935 320.255 ) T:6273 ( 110.655 196.351 395.263 536.575 718.335 718.335 )
1629.283: I:40 ( 101.439 162.047 343.551 ) T:6313 ( 110.655 196.351 394.751 536.575 718.335 718.335 )
1639.281: I:38 ( 102.463 172.031 360.191 ) T:6351 ( 110.655 195.711 394.751 536.575 718.335 718.335 )
1649.275: I:39 ( 101.503 258.943 395.263 ) T:6390 ( 110.463 195.711 395.263 536.575 718.335 718.335 )
1659.276: I:38 ( 101.375 172.159 354.303 ) T:6428 ( 110.399 195.711 394.751 536.575 718.335 718.335 )
1669.282: I:39 ( 101.375 232.575 400.639 ) T:6467 ( 110.079 196.351 395.263 536.575 718.335 718.335 )
1679.284: I:40 ( 101.439 154.751 367.615 ) T:6507 ( 109.887 196.351 394.751 536.575 718.335 718.335 )
1689.281: I:39 ( 101.375 161.919 328.703 ) T:6546 ( 109.503 195.711 394.751 536.575 718.335 718.335 )
1699.284: I:38 ( 111.551 253.567 397.055 ) T:6584 ( 109.631 196.351 395.263 536.575 718.335 718.335 )
1709.278: I:40 ( 101.375 141.951 435.967 ) T:6624 ( 109.631 195.711 395.263 536.575 718.335 718.335 )
1719.282: I:40 ( 111.359 179.327 312.831 ) T:6664 ( 109.631 195.711 395.263 536.575 718.335 718.335 )
1729.284: I:39 ( 101.375 249.471 414.719 ) T:6703 ( 109.503 195.711 395.263 536.575 718.335 718.335 )
1739.283: I:39 ( 101.439 269.567 411.135 ) T:6742 ( 109.375 195.711 395.263 536.575 718.335 718.335 )
1749.282: I:40 ( 101.439 202.495 338.175 ) T:6782 ( 109.247 196.351 395.263 536.575 718.335 718.335 )
1759.282: I:39 ( 101.375 188.159 316.927 ) T:6821 ( 108.799 195.711 395.263 536.575 718.335 718.335 )
1769.283: I:37 ( 111.487 256.127 324.351 ) T:6858 ( 109.247 196.479 395.263 536.575 718.335 718.335 )
1779.280: I:38 ( 111.231 151.935 371.199 ) T:6896 ( 109.247 196.351 395.263 536.575 718.335 718.335 )
1789.280: I:41 ( 101.439 141.823 352.255 ) T:6937 ( 109.247 196.351 394.751 536.575 718.335 718.335 )
1799.283: I:37 ( 101.439 182.527 357.631 ) T:6974 ( 109.055 195.711 394.751 536.575 718.335 718.335 )
1809.282: I:41 ( 101.375 151.807 308.991 ) T:7015 ( 108.287 195.711 394.239 518.399 718.335 718.335 )
1819.282: I:38 ( 111.487 202.367 354.047 ) T:7053 ( 108.799 195.711 394.239 518.399 718.335 718.335 )
1829.283: I:41 ( 101.439 141.823 383.743 ) T:7094 ( 108.287 195.711 394.239 518.399 718.335 718.335 )
1839.283: I:40 ( 102.335 162.943 362.751 ) T:7134 ( 108.287 195.711 392.191 518.399 718.335 718.335 )
1849.277: I:37 ( 121.599 192.383 376.575 ) T:7171 ( 109.247 195.455 392.191 518.399 718.335 718.335 )
1859.283: I:37 ( 111.551 253.311 384.255 ) T:7208 ( 109.375 195.711 391.423 518.399 718.335 718.335 )
1869.280: I:40 ( 101.439 212.223 330.751 ) T:7248 ( 109.247 196.351 391.423 518.399 718.335 718.335 )
1879.283: I:38 ( 102.911 252.927 412.415 ) T:7286 ( 109.247 196.351 392.191 518.399 718.335 718.335 )
1889.280: I:38 ( 112.447 273.151 411.903 ) T:7324 ( 109.503 196.351 392.191 518.399 718.335 718.335 )
1899.283: I:37 ( 101.375 141.823 386.815 ) T:7361 ( 109.247 195.711 392.191 518.399 718.335 718.335 )
1909.281: I:38 ( 101.887 278.783 306.175 ) T:7399 ( 109.247 196.479 392.191 518.399 718.335 718.335 )
1919.283: I:37 ( 111.487 172.159 383.999 ) T:7436 ( 109.439 196.351 391.679 518.399 718.335 718.335 )
1929.283: I:39 ( 101.439 229.375 356.607 ) T:7475 ( 109.247 196.479 391.679 518.399 718.335 718.335 )
1939.282: I:38 ( 111.423 211.711 418.047 ) T:7513 ( 109.375 196.479 391.679 518.399 718.335 718.335 )
1949.283: I:40 ( 102.399 186.879 373.247 ) T:7553 ( 109.247 196.479 391.679 518.399 718.335 718.335 )
1959.283: I:37 ( 110.719 162.047 290.303 ) T:7590 ( 109.247 196.351 391.679 518.399 718.335 718.335 )
1969.283: I:40 ( 101.375 202.495 336.383 ) T:7630 ( 109.055 196.479 391.423 518.399 718.335 718.335 )
1979.283: I:37 ( 101.375 178.175 409.087 ) T:7667 ( 108.991 196.479 391.679 518.399 718.335 718.335 )
1989.283: I:39 ( 111.487 259.199 340.223 ) T:7706 ( 109.055 196.479 391.423 518.399 718.335 718.335 )
1999.276: I:37 ( 121.599 162.047 405.247 ) T:7743 ( 109.631 196.351 391.679 518.399 718.335 718.335 )
2009.280: I:38 ( 111.423 212.863 353.791 ) T:7781 ( 109.887 196.479 391.679 518.399 718.335 718.335 )
2019.280: I:37 ( 111.487 248.575 334.079 ) T:7818 ( 110.015 196.863 391.423 518.399 718.335 718.335 )
2029.283: I:37 ( 112.703 263.935 394.495 ) T:7855 ( 110.335 196.863 391.679 518.399 718.335 718.335 )
2039.283: I:39 ( 111.359 264.191 358.911 ) T:7894 ( 110.399 196.863 391.679 518.399 718.335 718.335 )
2049.283: I:38 ( 101.375 163.071 523.775 ) T:7932 ( 110.335 196.607 391.679 523.775 718.335 718.335 )
2059.276: I:39 ( 101.375 211.455 368.639 ) T:7971 ( 110.079 196.607 391.679 523.775 718.335 718.335 )
2069.282: I:40 ( 101.439 151.935 347.135 ) T:8011 ( 109.887 196.479 391.423 518.399 718.335 718.335 )
2079.277: I:34 ( 111.551 180.735 564.223 ) T:8045 ( 110.399 196.479 391.679 523.775 718.335 718.335 )
2089.282: I:38 ( 111.167 265.471 359.935 ) T:8083 ( 110.463 196.479 391.679 523.775 718.335 718.335 )
2099.283: I:37 ( 111.487 252.799 339.967 ) T:8120 ( 110.655 196.479 391.423 523.775 718.335 718.335 )
2109.285: I:38 ( 101.375 223.871 462.335 ) T:8158 ( 110.335 196.607 394.239 523.775 718.335 718.335 )
2119.284: I:37 ( 111.423 189.823 428.799 ) T:8195 ( 110.463 196.479 394.495 523.775 718.335 718.335 )
2129.281: I:38 ( 111.487 347.647 438.271 ) T:8233 ( 110.591 196.479 394.751 523.775 718.335 718.335 )
2139.282: I:38 ( 101.439 222.079 359.935 ) T:8271 ( 110.463 196.479 394.751 523.775 718.335 718.335 )
2149.282: I:38 ( 111.359 252.927 386.559 ) T:8309 ( 110.591 196.607 394.495 523.775 718.335 718.335 )
2159.282: I:36 ( 101.375 291.839 537.599 ) T:8345 ( 110.463 196.607 394.751 536.575 718.335 718.335 )
2169.281: I:37 ( 111.423 213.119 282.111 ) T:8382 ( 110.591 196.607 394.751 536.575 718.335 718.335 )
2179.283: I:37 ( 101.375 248.063 387.583 ) T:8419 ( 110.399 197.119 394.495 536.575 718.335 718.335 )
2189.276: I:37 ( 101.375 301.055 562.687 ) T:8456 ( 110.335 197.119 394.751 537.599 718.335 718.335 )
2199.281: I:37 ( 111.423 162.047 331.519 ) T:8493 ( 110.335 196.863 394.751 537.599 718.335 718.335 )
2209.283: I:38 ( 101.311 299.263 513.791 ) T:8531 ( 110.271 197.119 395.263 537.599 718.335 718.335 )
2219.275: I:37 ( 112.447 242.943 362.239 ) T:8568 ( 110.399 197.631 395.263 537.599 718.335 718.335 )
2229.280: I:37 ( 111.551 162.047 452.095 ) T:8605 ( 110.719 197.119 395.263 537.599 718.335 718.335 )
2239.283: I:37 ( 111.359 257.407 414.975 ) T:8642 ( 110.719 197.119 395.263 537.599 718.335 718.335 )
2249.282: I:36 ( 111.423 162.431 328.191 ) T:8678 ( 110.719 197.119 395.263 537.599 718.335 718.335 )
2259.282: I:37 ( 111.487 247.295 298.239 ) T:8715 ( 110.975 198.399 395.263 537.599 718.335 718.335 )
2269.279: I:36 ( 101.375 237.695 700.415 ) T:8751 ( 110.783 198.527 396.543 562.687 718.335 718.335 )
2279.282: I:37 ( 103.103 147.327 408.063 ) T:8788 ( 110.783 198.527 396.543 562.687 718.335 718.335 )
2289.282: I:40 ( 111.295 162.047 415.231 ) T:8828 ( 110.783 198.527 396.543 562.687 718.335 718.335 )
2299.282: I:38 ( 101.375 215.935 342.527 ) T:8866 ( 110.719 198.527 396.543 562.687 718.335 718.335 )
2309.283: I:37 ( 111.487 172.159 345.087 ) T:8903 ( 110.911 198.399 396.543 562.687 718.335 718.335 )
2319.283: I:39 ( 111.423 250.623 355.583 ) T:8942 ( 110.975 198.399 396.543 562.687 718.335 718.335 )
2329.283: I:39 ( 101.375 224.383 297.983 ) T:8981 ( 110.783 198.399 396.543 562.687 718.335 718.335 )
2339.292: I:36 ( 101.503 252.799 446.719 ) T:9017 ( 110.783 198.783 396.543 537.599 718.335 718.335 )
2349.284: I:37 ( 111.679 161.919 385.023 ) T:9054 ( 110.975 198.527 396.543 537.599 718.335 718.335 )
2359.283: I:37 ( 121.471 233.727 556.031 ) T:9091 ( 111.039 198.783 397.055 556.031 718.335 718.335 )
2369.283: I:37 ( 111.423 141.823 502.015 ) T:9128 ( 111.039 198.783 397.055 556.031 718.335 718.335 )
2379.283: I:39 ( 111.423 182.143 328.959 ) T:9167 ( 111.103 198.527 397.055 556.031 718.335 718.335 )
2389.283: I:39 ( 101.375 252.159 452.607 ) T:9206 ( 111.039 198.527 398.847 556.031 718.335 718.335 )
2399.283: I:36 ( 101.375 232.703 394.495 ) T:9242 ( 111.039 198.527 398.847 556.031 718.335 718.335 )
2409.283: I:36 ( 121.599 261.375 479.999 ) T:9278 ( 111.103 199.679 398.847 556.031 718.335 718.335 )
2419.280: I:38 ( 111.423 212.351 329.215 ) T:9316 ( 111.103 199.679 398.847 556.031 718.335 718.335 )
2429.283: I:39 ( 111.295 214.015 667.135 ) T:9355 ( 111.103 199.679 398.847 562.687 718.335 718.335 )
2439.283: I:37 ( 101.375 236.287 449.023 ) T:9392 ( 111.039 199.679 400.127 562.687 718.335 718.335 )
2449.281: I:36 ( 102.399 233.471 434.687 ) T:9428 ( 111.039 201.087 400.127 562.687 718.335 718.335 )
2459.282: I:40 ( 101.311 141.823 329.215 ) T:9468 ( 110.911 201.087 400.127 562.687 718.335 718.335 )
2469.283: I:37 ( 111.359 212.351 574.463 ) T:9505 ( 110.975 201.087 400.127 564.223 718.335 718.335 )
2479.282: I:39 ( 101.439 246.911 527.871 ) T:9544 ( 110.655 201.599 402.687 564.223 718.335 718.335 )
2489.282: I:39 ( 101.375 232.575 379.135 ) T:9583 ( 110.399 201.599 402.687 564.223 718.335 718.335 )
2499.282: I:38 ( 101.375 258.303 346.111 ) T:9621 ( 110.399 201.599 400.639 564.223 718.335 718.335 )
2509.283: I:41 ( 101.375 163.071 407.295 ) T:9662 ( 110.271 201.599 402.687 564.223 718.335 718.335 )
2519.282: I:38 ( 101.375 295.167 371.199 ) T:9700 ( 110.015 201.855 400.639 564.223 718.335 718.335 )
2529.280: I:38 ( 101.311 233.343 598.527 ) T:9738 ( 109.695 201.983 403.455 574.463 718.335 718.335 )
2539.283: I:40 ( 101.375 232.575 404.223 ) T:9778 ( 109.631 202.239 403.967 574.463 718.335 718.335 )
2549.283: I:38 ( 100.543 232.575 442.367 ) T:9816 ( 109.503 202.239 403.967 574.463 718.335 718.335 )
2559.283: I:40 ( 101.311 239.231 296.959 ) T:9856 ( 109.439 202.239 403.967 574.463 718.335 718.335 )
2569.283: I:39 ( 102.911 226.815 331.007 ) T:9895 ( 109.439 202.239 403.967 574.463 718.335 718.335 )
2579.282: I:39 ( 111.167 253.951 349.183 ) T:9934 ( 109.503 202.239 403.455 574.463 718.335 718.335 )
2589.283: I:38 ( 102.335 290.303 356.095 ) T:9972 ( 109.503 202.239 403.455 574.463 718.335 718.335 )
2597.234: I:28 ( 101.375 254.975 350.719 ) T:10000 ( 109.375 202.239 402.687 564.223 700.415 718.335 )
2597.280: I:0 (   0.000   0.000   0.000 ) T:10000 ( 109.375 202.239 402.687 564.223 700.415 718.335 )
