#[Interval percentile log between 0.000 and <Infinite> seconds (relative to StartTime)]
#[StartTime: 1524356124.864 (seconds since epoch), Sun Apr 22 02:15:24 CEST 2018]
Time: IntervalPercentiles:count ( 50% 90% Max ) TotalPercentiles:count ( 50% 90% 99% 99.9% 99.99% Max )
9.984: I:1 (   0.000   0.000   0.000 ) T:1 (   0.000   0.000   0.000   0.000   0.000   0.000 )
19.968: I:1 (   0.005   0.005   0.005 ) T:2 (   0.000   0.005   0.005   0.005   0.005   0.005 )
29.969: I:1 (   0.001   0.001   0.001 ) T:3 (   0.001   0.005   0.005   0.005   0.005   0.005 )
39.967: I:1 (   0.001   0.001   0.001 ) T:4 (   0.001   0.005   0.005   0.005   0.005   0.005 )
49.967: I:1 (   0.001   0.001   0.001 ) T:5 (   0.001   0.005   0.005   0.005   0.005   0.005 )
59.967: I:1 (   0.000   0.000   0.000 ) T:6 (   0.001   0.005   0.005   0.005   0.005   0.005 )
69.967: I:1 (   0.001   0.001   0.001 ) T:7 (   0.001   0.005   0.005   0.005   0.005   0.005 )
79.966: I:1 (   0.001   0.001   0.001 ) T:8 (   0.001   0.005   0.005   0.005   0.005   0.005 )
89.967: I:1 (   0.001   0.001   0.001 ) T:9 (   0.001   0.005   0.005   0.005   0.005   0.005 )
99.967: I:1 (   0.001   0.001   0.001 ) T:10 (   0.001   0.001   0.005   0.005   0.005   0.005 )
109.966: I:1 (   0.000   0.000   0.000 ) T:11 (   0.001   0.001   0.005   0.005   0.005   0.005 )
119.966: I:1 (   0.001   0.001   0.001 ) T:12 (   0.001   0.001   0.005   0.005   0.005   0.005 )
129.966: I:1 (   0.001   0.001   0.001 ) T:13 (   0.001   0.001   0.005   0.005   0.005   0.005 )
139.966: I:1 (   0.001   0.001   0.001 ) T:14 (   0.001   0.001   0.005   0.005   0.005   0.005 )
149.966: I:1 (   0.001   0.001   0.001 ) T:15 (   0.001   0.001   0.005   0.005   0.005   0.005 )
159.967: I:1 (   0.001   0.001   0.001 ) T:16 (   0.001   0.001   0.005   0.005   0.005   0.005 )
169.966: I:1 (   0.001   0.001   0.001 ) T:17 (   0.001   0.001   0.005   0.005   0.005   0.005 )
179.966: I:1 (   0.001   0.001   0.001 ) T:18 (   0.001   0.001   0.005   0.005   0.005   0.005 )
189.968: I:1 (   0.001   0.001   0.001 ) T:19 (   0.001   0.001   0.005   0.005   0.005   0.005 )
199.966: I:1 (   0.002   0.002   0.002 ) T:20 (   0.001   0.001   0.005   0.005   0.005   0.005 )
209.966: I:1 (   0.001   0.001   0.001 ) T:21 (   0.001   0.001   0.005   0.005   0.005   0.005 )
219.967: I:1 (   0.001   0.001   0.001 ) T:22 (   0.001   0.001   0.005   0.005   0.005   0.005 )
229.966: I:1 (   0.001   0.001   0.001 ) T:23 (   0.001   0.001   0.005   0.005   0.005   0.005 )
239.966: I:1 (   0.001   0.001   0.001 ) T:24 (   0.001   0.001   0.005   0.005   0.005   0.005 )
249.966: I:1 (   0.002   0.002   0.002 ) T:25 (   0.001   0.002   0.005   0.005   0.005   0.005 )
259.966: I:1 (   0.001   0.001   0.001 ) T:26 (   0.001   0.002   0.005   0.005   0.005   0.005 )
269.966: I:1 (   0.001   0.001   0.001 ) T:27 (   0.001   0.002   0.005   0.005   0.005   0.005 )
279.966: I:1 (   0.002   0.002   0.002 ) T:28 (   0.001   0.002   0.005   0.005   0.005   0.005 )
289.966: I:1 (   0.001   0.001   0.001 ) T:29 (   0.001   0.002   0.005   0.005   0.005   0.005 )
299.966: I:1 (   0.002   0.002   0.002 ) T:30 (   0.001   0.002   0.005   0.005   0.005   0.005 )
309.966: I:1 (   0.001   0.001   0.001 ) T:31 (   0.001   0.002   0.005   0.005   0.005   0.005 )
319.966: I:1 (   0.002   0.002   0.002 ) T:32 (   0.001   0.002   0.005   0.005   0.005   0.005 )
329.966: I:1 (   0.001   0.001   0.001 ) T:33 (   0.001   0.002   0.005   0.005   0.005   0.005 )
339.966: I:1 (   0.002   0.002   0.002 ) T:34 (   0.001   0.002   0.005   0.005   0.005   0.005 )
349.967: I:1 (   0.002   0.002   0.002 ) T:35 (   0.001   0.002   0.005   0.005   0.005   0.005 )
359.966: I:1 (   0.001   0.001   0.001 ) T:36 (   0.001   0.002   0.005   0.005   0.005   0.005 )
369.966: I:1 (   0.002   0.002   0.002 ) T:37 (   0.001   0.002   0.005   0.005   0.005   0.005 )
379.966: I:1 (   0.002   0.002   0.002 ) T:38 (   0.001   0.002   0.005   0.005   0.005   0.005 )
389.966: I:1 (   0.002   0.002   0.002 ) T:39 (   0.001   0.002   0.005   0.005   0.005   0.005 )
399.966: I:1 (   0.002   0.002   0.002 ) T:40 (   0.001   0.002   0.005   0.005   0.005   0.005 )
409.966: I:1 (   0.002   0.002   0.002 ) T:41 (   0.001   0.002   0.005   0.005   0.005   0.005 )
419.966: I:1 (   0.002   0.002   0.002 ) T:42 (   0.001   0.002   0.005   0.005   0.005   0.005 )
429.966: I:1 (   0.002   0.002   0.002 ) T:43 (   0.001   0.002   0.005   0.005   0.005   0.005 )
439.966: I:1 (   0.002   0.002   0.002 ) T:44 (   0.001   0.002   0.005   0.005   0.005   0.005 )
449.966: I:1 (   0.003   0.003   0.003 ) T:45 (   0.001   0.002   0.005   0.005   0.005   0.005 )
459.966: I:1 (   0.002   0.002   0.002 ) T:46 (   0.001   0.002   0.005   0.005   0.005   0.005 )
469.966: I:1 (   0.003   0.003   0.003 ) T:47 (   0.001   0.002   0.005   0.005   0.005   0.005 )
479.966: I:1 (   0.002   0.002   0.002 ) T:48 (   0.001   0.002   0.005   0.005   0.005   0.005 )
489.966: I:1 (   0.003   0.003   0.003 ) T:49 (   0.001   0.002   0.005   0.005   0.005   0.005 )
499.966: I:1 (   0.003   0.003   0.003 ) T:50 (   0.001   0.002   0.005   0.005   0.005   0.005 )
509.966: I:1 (   0.003   0.003   0.003 ) T:51 (   0.001   0.003   0.005   0.005   0.005   0.005 )
519.966: I:1 (   0.003   0.003   0.003 ) T:52 (   0.001   0.003   0.005   0.005   0.005   0.005 )
529.966: I:1 (   0.003   0.003   0.003 ) T:53 (   0.001   0.003   0.005   0.005   0.005   0.005 )
539.966: I:1 (   0.003   0.003   0.003 ) T:54 (   0.001   0.003   0.005   0.005   0.005   0.005 )
549.966: I:1 (   0.003   0.003   0.003 ) T:55 (   0.001   0.003   0.005   0.005   0.005   0.005 )
559.966: I:1 (   0.003   0.003   0.003 ) T:56 (   0.001   0.003   0.005   0.005   0.005   0.005 )
569.966: I:1 (   0.003   0.003   0.003 ) T:57 (   0.002   0.003   0.005   0.005   0.005   0.005 )
579.966: I:1 (   0.004   0.004   0.004 ) T:58 (   0.002   0.003   0.005   0.005   0.005   0.005 )
589.966: I:1 (   0.003   0.003   0.003 ) T:59 (   0.002   0.003   0.005   0.005   0.005   0.005 )
599.966: I:1 (   0.003   0.003   0.003 ) T:60 (   0.002   0.003   0.005   0.005   0.005   0.005 )
609.966: I:1 (   0.004   0.004   0.004 ) T:61 (   0.002   0.003   0.005   0.005   0.005   0.005 )
619.966: I:1 (   0.004   0.004   0.004 ) T:62 (   0.002   0.003   0.005   0.005   0.005   0.005 )
629.966: I:1 (   0.004   0.004   0.004 ) T:63 (   0.002   0.003   0.005   0.005   0.005   0.005 )
639.966: I:1 (   0.003   0.003   0.003 ) T:64 (   0.002   0.003   0.005   0.005   0.005   0.005 )
649.966: I:1 (   0.003   0.003   0.003 ) T:65 (   0.002   0.003   0.005   0.005   0.005   0.005 )
659.966: I:1 (   0.004   0.004   0.004 ) T:66 (   0.002   0.003   0.005   0.005   0.005   0.005 )
669.966: I:1 (   0.003   0.003   0.003 ) T:67 (   0.002   0.003   0.005   0.005   0.005   0.005 )
679.967: I:1 (   0.003   0.003   0.003 ) T:68 (   0.002   0.003   0.005   0.005   0.005   0.005 )
689.966: I:1 (   0.004   0.004   0.004 ) T:69 (   0.002   0.004   0.005   0.005   0.005   0.005 )
699.966: I:1 (   0.003   0.003   0.003 ) T:70 (   0.002   0.003   0.005   0.005   0.005   0.005 )
709.966: I:1 (   0.003   0.003   0.003 ) T:71 (   0.002   0.003   0.005   0.005   0.005   0.005 )
719.966: I:1 (   0.003   0.003   0.003 ) T:72 (   0.002   0.003   0.005   0.005   0.005   0.005 )
729.966: I:1 (   0.003   0.003   0.003 ) T:73 (   0.002   0.003   0.005   0.005   0.005   0.005 )
739.966: I:1 (   0.003   0.003   0.003 ) T:74 (   0.002   0.003   0.005   0.005   0.005   0.005 )
749.966: I:1 (   0.003   0.003   0.003 ) T:75 (   0.002   0.003   0.005   0.005   0.005   0.005 )
759.966: I:1 (   0.003   0.003   0.003 ) T:76 (   0.002   0.003   0.005   0.005   0.005   0.005 )
769.966: I:1 (   0.003   0.003   0.003 ) T:77 (   0.002   0.003   0.005   0.005   0.005   0.005 )
779.966: I:1 (   0.003   0.003   0.003 ) T:78 (   0.002   0.003   0.005   0.005   0.005   0.005 )
789.966: I:1 (   0.002   0.002   0.002 ) T:79 (   0.002   0.003   0.005   0.005   0.005   0.005 )
799.966: I:1 (   0.003   0.003   0.003 ) T:80 (   0.002   0.003   0.005   0.005   0.005   0.005 )
809.966: I:1 (   0.003   0.003   0.003 ) T:81 (   0.002   0.003   0.005   0.005   0.005   0.005 )
819.966: I:1 (   0.003   0.003   0.003 ) T:82 (   0.002   0.003   0.005   0.005   0.005   0.005 )
830.005: I:1 (   0.003   0.003   0.003 ) T:83 (   0.002   0.003   0.005   0.005   0.005   0.005 )
839.966: I:1 (   0.002   0.002   0.002 ) T:84 (   0.002   0.003   0.005   0.005   0.005   0.005 )
849.967: I:1 (   0.003   0.003   0.003 ) T:85 (   0.002   0.003   0.005   0.005   0.005   0.005 )
859.966: I:1 (   0.003   0.003   0.003 ) T:86 (   0.002   0.003   0.005   0.005   0.005   0.005 )
869.966: I:1 (   0.002   0.002   0.002 ) T:87 (   0.002   0.003   0.005   0.005   0.005   0.005 )
879.966: I:1 (   0.003   0.003   0.003 ) T:88 (   0.002   0.003   0.005   0.005   0.005   0.005 )
889.966: I:1 (   0.003   0.003   0.003 ) T:89 (   0.002   0.003   0.005   0.005   0.005   0.005 )
899.966: I:1 (   0.002   0.002   0.002 ) T:90 (   0.002   0.003   0.005   0.005   0.005   0.005 )
909.966: I:1 (   0.001   0.001   0.001 ) T:91 (   0.002   0.003   0.005   0.005   0.005   0.005 )
919.966: I:1 (   0.002   0.002   0.002 ) T:92 (   0.002   0.003   0.005   0.005   0.005   0.005 )
929.966: I:1 (   0.003   0.003   0.003 ) T:93 (   0.002   0.003   0.005   0.005   0.005   0.005 )
939.966: I:1 (   0.003   0.003   0.003 ) T:94 (   0.002   0.003   0.005   0.005   0.005   0.005 )
949.966: I:1 (   0.002   0.002   0.002 ) T:95 (   0.002   0.003   0.005   0.005   0.005   0.005 )
959.966: I:1 (   0.003   0.003   0.003 ) T:96 (   0.002   0.003   0.005   0.005   0.005   0.005 )
969.966: I:1 (   0.003   0.003   0.003 ) T:97 (   0.002   0.003   0.005   0.005   0.005   0.005 )
979.966: I:1 (   0.002   0.002   0.002 ) T:98 (   0.002   0.003   0.005   0.005   0.005   0.005 )
989.966: I:1 (   0.003   0.003   0.003 ) T:99 (   0.002   0.003   0.005   0.005   0.005   0.005 )
999.966: I:1 (   0.002   0.002   0.002 ) T:100 (   0.002   0.003   0.004   0.005   0.005   0.005 )
1009.966: I:1 (   0.003   0.003   0.003 ) T:101 (   0.002   0.003   0.004   0.005   0.005   0.005 )
1019.966: I:1 (   0.003   0.003   0.003 ) T:102 (   0.002   0.003   0.004   0.005   0.005   0.005 )
1029.966: I:1 (   0.002   0.002   0.002 ) T:103 (   0.002   0.003   0.004   0.005   0.005   0.005 )
1039.966: I:1 (   0.003   0.003   0.003 ) T:104 (   0.002   0.003   0.004   0.005   0.005   0.005 )
1049.966: I:1 (   0.002   0.002   0.002 ) T:105 (   0.002   0.003   0.004   0.005   0.005   0.005 )
1059.997: I:1 (   0.003   0.003   0.003 ) T:106 (   0.002   0.003   0.004   0.005   0.005   0.005 )
1069.966: I:1 (   0.002   0.002   0.002 ) T:107 (   0.002   0.003   0.004   0.005   0.005   0.005 )
1079.966: I:1 (   0.003   0.003   0.003 ) T:108 (   0.002   0.003   0.004   0.005   0.005   0.005 )
1089.966: I:1 (   0.002   0.002   0.002 ) T:109 (   0.002   0.003   0.004   0.005   0.005   0.005 )
1099.966: I:1 (   0.003   0.003   0.003 ) T:110 (   0.002   0.003   0.004   0.005   0.005   0.005 )
1109.966: I:1 (   0.002   0.002   0.002 ) T:111 (   0.002   0.003   0.004   0.005   0.005   0.005 )
1119.966: I:1 (   0.002   0.002   0.002 ) T:112 (   0.002   0.003   0.004   0.005   0.005   0.005 )
1129.966: I:1 (   0.003   0.003   0.003 ) T:113 (   0.002   0.003   0.004   0.005   0.005   0.005 )
1139.966: I:1 (   0.002   0.002   0.002 ) T:114 (   0.002   0.003   0.004   0.005   0.005   0.005 )
1149.966: I:1 (   0.003   0.003   0.003 ) T:115 (   0.002   0.003   0.004   0.005   0.005   0.005 )
1159.966: I:1 (   0.002   0.002   0.002 ) T:116 (   0.002   0.003   0.004   0.005   0.005   0.005 )
1169.966: I:1 (   0.003   0.003   0.003 ) T:117 (   0.002   0.003   0.004   0.005   0.005   0.005 )
1179.966: I:1 (   0.002   0.002   0.002 ) T:118 (   0.002   0.003   0.004   0.005   0.005   0.005 )
1189.966: I:1 (   0.003   0.003   0.003 ) T:119 (   0.002   0.003   0.004   0.005   0.005   0.005 )
1199.966: I:1 (   0.002   0.002   0.002 ) T:120 (   0.002   0.003   0.004   0.005   0.005   0.005 )
1209.966: I:1 (   0.003   0.003   0.003 ) T:121 (   0.002   0.003   0.004   0.005   0.005   0.005 )
1219.966: I:1 (   0.002   0.002   0.002 ) T:122 (   0.002   0.003   0.004   0.005   0.005   0.005 )
1229.966: I:1 (   0.002   0.002   0.002 ) T:123 (   0.002   0.003   0.004   0.005   0.005   0.005 )
1239.966: I:1 (   0.003   0.003   0.003 ) T:124 (   0.002   0.003   0.004   0.005   0.005   0.005 )
1249.966: I:1 (   0.002   0.002   0.002 ) T:125 (   0.002   0.003   0.004   0.005   0.005   0.005 )
1259.966: I:1 (   0.003   0.003   0.003 ) T:126 (   0.002   0.003   0.004   0.005   0.005   0.005 )
1269.966: I:1 (   0.002   0.002   0.002 ) T:127 (   0.002   0.003   0.004   0.005   0.005   0.005 )
1279.966: I:1 (   0.002   0.002   0.002 ) T:128 (   0.002   0.003   0.004   0.005   0.005   0.005 )
1289.966: I:1 (   0.003   0.003   0.003 ) T:129 (   0.002   0.003   0.004   0.005   0.005   0.005 )
1299.966: I:1 (   0.002   0.002   0.002 ) T:130 (   0.002   0.003   0.004   0.005   0.005   0.005 )
1309.966: I:1 (   0.002   0.002   0.002 ) T:131 (   0.002   0.003   0.004   0.005   0.005   0.005 )
1319.966: I:1 (   0.003   0.003   0.003 ) T:132 (   0.002   0.003   0.004   0.005   0.005   0.005 )
1329.966: I:1 (   0.002   0.002   0.002 ) T:133 (   0.002   0.003   0.004   0.005   0.005   0.005 )
1339.966: I:1 (   0.002   0.002   0.002 ) T:134 (   0.002   0.003   0.004   0.005   0.005   0.005 )
1349.966: I:1 (   0.003   0.003   0.003 ) T:135 (   0.002   0.003   0.004   0.005   0.005   0.005 )
1359.966: I:1 (   0.002   0.002   0.002 ) T:136 (   0.002   0.003   0.004   0.005   0.005   0.005 )
1369.966: I:1 (   0.002   0.002   0.002 ) T:137 (   0.002   0.003   0.004   0.005   0.005   0.005 )
1379.966: I:1 (   0.002   0.002   0.002 ) T:138 (   0.002   0.003   0.004   0.005   0.005   0.005 )
1389.966: I:1 (   0.002   0.002   0.002 ) T:139 (   0.002   0.003   0.004   0.005   0.005   0.005 )
1399.966: I:1 (   0.003   0.003   0.003 ) T:140 (   0.002   0.003   0.004   0.005   0.005   0.005 )
1400.264: I:2 (   0.000   0.001   0.001 ) T:142 (   0.002   0.003   0.004   0.005   0.005   0.005 )
1400.275: I:0 (   0.000   0.000   0.000 ) T:142 (   0.002   0.003   0.004   0.005   0.005   0.005 )
