#[Interval percentile log between 0.000 and <Infinite> seconds (relative to StartTime)]
#[StartTime: 1524846114.082 (seconds since epoch), Fri Apr 27 18:21:54 CEST 2018]
Time: IntervalPercentiles:count ( 50% 90% Max ) TotalPercentiles:count ( 50% 90% 99% 99.9% 99.99% Max )
10.000: I:1 (   0.000   0.000   0.000 ) T:1 (   0.000   0.000   0.000   0.000   0.000   0.000 )
19.977: I:1 (   0.008   0.008   0.008 ) T:2 (   0.000   0.008   0.008   0.008   0.008   0.008 )
29.979: I:1 (   0.000   0.000   0.000 ) T:3 (   0.000   0.008   0.008   0.008   0.008   0.008 )
39.974: I:1 (   0.000   0.000   0.000 ) T:4 (   0.000   0.008   0.008   0.008   0.008   0.008 )
49.974: I:1 (   0.005   0.005   0.005 ) T:5 (   0.000   0.008   0.008   0.008   0.008   0.008 )
59.973: I:1 (   0.000   0.000   0.000 ) T:6 (   0.000   0.008   0.008   0.008   0.008   0.008 )
69.971: I:1 (   0.004   0.004   0.004 ) T:7 (   0.000   0.008   0.008   0.008   0.008   0.008 )
79.972: I:1 (   0.000   0.000   0.000 ) T:8 (   0.000   0.008   0.008   0.008   0.008   0.008 )
89.971: I:1 (   0.000   0.000   0.000 ) T:9 (   0.000   0.008   0.008   0.008   0.008   0.008 )
99.978: I:1 (   0.004   0.004   0.004 ) T:10 (   0.000   0.005   0.008   0.008   0.008   0.008 )
109.968: I:1 (   0.000   0.000   0.000 ) T:11 (   0.000   0.005   0.008   0.008   0.008   0.008 )
119.968: I:1 (   0.000   0.000   0.000 ) T:12 (   0.000   0.005   0.008   0.008   0.008   0.008 )
129.969: I:1 (   0.004   0.004   0.004 ) T:13 (   0.000   0.005   0.008   0.008   0.008   0.008 )
139.972: I:1 (   0.000   0.000   0.000 ) T:14 (   0.000   0.005   0.008   0.008   0.008   0.008 )
149.971: I:1 (   0.000   0.000   0.000 ) T:15 (   0.000   0.005   0.008   0.008   0.008   0.008 )
159.970: I:1 (   0.004   0.004   0.004 ) T:16 (   0.000   0.005   0.008   0.008   0.008   0.008 )
169.970: I:1 (   0.000   0.000   0.000 ) T:17 (   0.000   0.005   0.008   0.008   0.008   0.008 )
179.971: I:1 (   0.004   0.004   0.004 ) T:18 (   0.000   0.005   0.008   0.008   0.008   0.008 )
189.971: I:1 (   0.000   0.000   0.000 ) T:19 (   0.000   0.005   0.008   0.008   0.008   0.008 )
199.968: I:1 (   0.000   0.000   0.000 ) T:20 (   0.000   0.004   0.008   0.008   0.008   0.008 )
209.975: I:1 (   0.002   0.002   0.002 ) T:21 (   0.000   0.004   0.008   0.008   0.008   0.008 )
219.970: I:1 (   0.000   0.000   0.000 ) T:22 (   0.000   0.004   0.008   0.008   0.008   0.008 )
229.970: I:1 (   0.001   0.001   0.001 ) T:23 (   0.000   0.004   0.008   0.008   0.008   0.008 )
239.970: I:1 (   0.000   0.000   0.000 ) T:24 (   0.000   0.004   0.008   0.008   0.008   0.008 )
249.970: I:1 (   0.000   0.000   0.000 ) T:25 (   0.000   0.004   0.008   0.008   0.008   0.008 )
259.971: I:1 (   0.002   0.002   0.002 ) T:26 (   0.000   0.004   0.008   0.008   0.008   0.008 )
269.967: I:1 (   0.000   0.000   0.000 ) T:27 (   0.000   0.004   0.008   0.008   0.008   0.008 )
279.970: I:1 (   0.001   0.001   0.001 ) T:28 (   0.000   0.004   0.008   0.008   0.008   0.008 )
289.970: I:1 (   0.000   0.000   0.000 ) T:29 (   0.000   0.004   0.008   0.008   0.008   0.008 )
299.969: I:1 (   0.000   0.000   0.000 ) T:30 (   0.000   0.004   0.008   0.008   0.008   0.008 )
309.969: I:1 (   0.002   0.002   0.002 ) T:31 (   0.000   0.004   0.008   0.008   0.008   0.008 )
319.973: I:1 (   0.000   0.000   0.000 ) T:32 (   0.000   0.004   0.008   0.008   0.008   0.008 )
329.968: I:1 (   0.002   0.002   0.002 ) T:33 (   0.000   0.004   0.008   0.008   0.008   0.008 )
339.971: I:1 (   0.000   0.000   0.000 ) T:34 (   0.000   0.004   0.008   0.008   0.008   0.008 )
349.968: I:1 (   0.000   0.000   0.000 ) T:35 (   0.000   0.004   0.008   0.008   0.008   0.008 )
359.968: I:1 (   0.002   0.002   0.002 ) T:36 (   0.000   0.004   0.008   0.008   0.008   0.008 )
369.973: I:1 (   0.000   0.000   0.000 ) T:37 (   0.000   0.004   0.008   0.008   0.008   0.008 )
379.969: I:1 (   0.002   0.002   0.002 ) T:38 (   0.000   0.004   0.008   0.008   0.008   0.008 )
389.969: I:1 (   0.000   0.000   0.000 ) T:39 (   0.000   0.004   0.008   0.008   0.008   0.008 )
399.968: I:1 (   0.000   0.000   0.000 ) T:40 (   0.000   0.004   0.008   0.008   0.008   0.008 )
409.970: I:1 (   0.002   0.002   0.002 ) T:41 (   0.000   0.004   0.008   0.008   0.008   0.008 )
419.970: I:1 (   0.000   0.000   0.000 ) T:42 (   0.000   0.004   0.008   0.008   0.008   0.008 )
429.971: I:1 (   0.001   0.001   0.001 ) T:43 (   0.000   0.004   0.008   0.008   0.008   0.008 )
439.969: I:1 (   0.000   0.000   0.000 ) T:44 (   0.000   0.004   0.008   0.008   0.008   0.008 )
449.969: I:1 (   0.000   0.000   0.000 ) T:45 (   0.000   0.004   0.008   0.008   0.008   0.008 )
459.970: I:1 (   0.002   0.002   0.002 ) T:46 (   0.000   0.004   0.008   0.008   0.008   0.008 )
469.969: I:1 (   0.000   0.000   0.000 ) T:47 (   0.000   0.004   0.008   0.008   0.008   0.008 )
479.969: I:1 (   0.002   0.002   0.002 ) T:48 (   0.000   0.004   0.008   0.008   0.008   0.008 )
489.971: I:1 (   0.000   0.000   0.000 ) T:49 (   0.000   0.004   0.008   0.008   0.008   0.008 )
499.971: I:1 (   0.001   0.001   0.001 ) T:50 (   0.000   0.004   0.008   0.008   0.008   0.008 )
509.970: I:1 (   0.000   0.000   0.000 ) T:51 (   0.000   0.004   0.008   0.008   0.008   0.008 )
519.971: I:1 (   0.002   0.002   0.002 ) T:52 (   0.000   0.004   0.008   0.008   0.008   0.008 )
529.973: I:1 (   0.000   0.000   0.000 ) T:53 (   0.000   0.004   0.008   0.008   0.008   0.008 )
539.970: I:1 (   0.002   0.002   0.002 ) T:54 (   0.000   0.004   0.008   0.008   0.008   0.008 )
549.970: I:1 (   0.000   0.000   0.000 ) T:55 (   0.000   0.004   0.008   0.008   0.008   0.008 )
559.970: I:1 (   0.001   0.001   0.001 ) T:56 (   0.000   0.004   0.008   0.008   0.008   0.008 )
569.970: I:1 (   0.000   0.000   0.000 ) T:57 (   0.000   0.004   0.008   0.008   0.008   0.008 )
579.969: I:1 (   0.002   0.002   0.002 ) T:58 (   0.000   0.004   0.008   0.008   0.008   0.008 )
589.968: I:1 (   0.000   0.000   0.000 ) T:59 (   0.000   0.004   0.008   0.008   0.008   0.008 )
599.969: I:1 (   0.001   0.001   0.001 ) T:60 (   0.000   0.004   0.008   0.008   0.008   0.008 )
609.969: I:1 (   0.000   0.000   0.000 ) T:61 (   0.000   0.004   0.008   0.008   0.008   0.008 )
619.969: I:1 (   0.002   0.002   0.002 ) T:62 (   0.000   0.004   0.008   0.008   0.008   0.008 )
629.969: I:1 (   0.000   0.000   0.000 ) T:63 (   0.000   0.004   0.008   0.008   0.008   0.008 )
639.970: I:1 (   0.000   0.000   0.000 ) T:64 (   0.000   0.004   0.008   0.008   0.008   0.008 )
649.968: I:1 (   0.002   0.002   0.002 ) T:65 (   0.000   0.004   0.008   0.008   0.008   0.008 )
659.969: I:1 (   0.001   0.001   0.001 ) T:66 (   0.000   0.004   0.008   0.008   0.008   0.008 )
669.969: I:1 (   0.000   0.000   0.000 ) T:67 (   0.000   0.004   0.008   0.008   0.008   0.008 )
679.970: I:1 (   0.002   0.002   0.002 ) T:68 (   0.000   0.004   0.008   0.008   0.008   0.008 )
689.974: I:1 (   0.000   0.000   0.000 ) T:69 (   0.000   0.004   0.008   0.008   0.008   0.008 )
699.970: I:1 (   0.003   0.003   0.003 ) T:70 (   0.000   0.003   0.008   0.008   0.008   0.008 )
709.970: I:1 (   0.000   0.000   0.000 ) T:71 (   0.000   0.003   0.008   0.008   0.008   0.008 )
719.970: I:1 (   0.002   0.002   0.002 ) T:72 (   0.000   0.003   0.008   0.008   0.008   0.008 )
729.969: I:1 (   0.000   0.000   0.000 ) T:73 (   0.000   0.003   0.008   0.008   0.008   0.008 )
739.969: I:1 (   0.001   0.001   0.001 ) T:74 (   0.000   0.003   0.008   0.008   0.008   0.008 )
749.970: I:1 (   0.000   0.000   0.000 ) T:75 (   0.000   0.003   0.008   0.008   0.008   0.008 )
759.969: I:1 (   0.002   0.002   0.002 ) T:76 (   0.000   0.003   0.008   0.008   0.008   0.008 )
769.976: I:1 (   0.000   0.000   0.000 ) T:77 (   0.000   0.003   0.008   0.008   0.008   0.008 )
779.970: I:1 (   0.002   0.002   0.002 ) T:78 (   0.000   0.003   0.008   0.008   0.008   0.008 )
789.970: I:1 (   0.001   0.001   0.001 ) T:79 (   0.000   0.003   0.008   0.008   0.008   0.008 )
799.970: I:1 (   0.000   0.000   0.000 ) T:80 (   0.000   0.002   0.008   0.008   0.008   0.008 )
809.969: I:1 (   0.002   0.002   0.002 ) T:81 (   0.000   0.002   0.008   0.008   0.008   0.008 )
819.970: I:1 (   0.000   0.000   0.000 ) T:82 (   0.000   0.002   0.008   0.008   0.008   0.008 )
829.971: I:1 (   0.001   0.001   0.001 ) T:83 (   0.000   0.002   0.008   0.008   0.008   0.008 )
839.969: I:1 (   0.000   0.000   0.000 ) T:84 (   0.000   0.002   0.008   0.008   0.008   0.008 )
849.970: I:1 (   0.002   0.002   0.002 ) T:85 (   0.000   0.002   0.008   0.008   0.008   0.008 )
859.967: I:1 (   0.001   0.001   0.001 ) T:86 (   0.000   0.002   0.008   0.008   0.008   0.008 )
869.969: I:1 (   0.000   0.000   0.000 ) T:87 (   0.000   0.002   0.008   0.008   0.008   0.008 )
879.969: I:1 (   0.002   0.002   0.002 ) T:88 (   0.000   0.002   0.008   0.008   0.008   0.008 )
889.969: I:1 (   0.000   0.000   0.000 ) T:89 (   0.000   0.002   0.008   0.008   0.008   0.008 )
899.969: I:1 (   0.002   0.002   0.002 ) T:90 (   0.000   0.002   0.008   0.008   0.008   0.008 )
909.968: I:1 (   0.001   0.001   0.001 ) T:91 (   0.000   0.002   0.008   0.008   0.008   0.008 )
919.967: I:1 (   0.000   0.000   0.000 ) T:92 (   0.000   0.002   0.008   0.008   0.008   0.008 )
929.975: I:1 (   0.002   0.002   0.002 ) T:93 (   0.000   0.002   0.008   0.008   0.008   0.008 )
939.969: I:1 (   0.002   0.002   0.002 ) T:94 (   0.000   0.002   0.008   0.008   0.008   0.008 )
949.969: I:1 (   0.000   0.000   0.000 ) T:95 (   0.000   0.002   0.008   0.008   0.008   0.008 )
959.969: I:1 (   0.002   0.002   0.002 ) T:96 (   0.000   0.002   0.008   0.008   0.008   0.008 )
969.970: I:1 (   0.001   0.001   0.001 ) T:97 (   0.000   0.002   0.008   0.008   0.008   0.008 )
979.969: I:1 (   0.000   0.000   0.000 ) T:98 (   0.000   0.002   0.008   0.008   0.008   0.008 )
989.968: I:1 (   0.002   0.002   0.002 ) T:99 (   0.000   0.002   0.008   0.008   0.008   0.008 )
999.968: I:1 (   0.002   0.002   0.002 ) T:100 (   0.000   0.002   0.005   0.008   0.008   0.008 )
1009.975: I:1 (   0.000   0.000   0.000 ) T:101 (   0.000   0.002   0.005   0.008   0.008   0.008 )
1019.977: I:1 (   0.001   0.001   0.001 ) T:102 (   0.000   0.002   0.005   0.008   0.008   0.008 )
1029.969: I:1 (   0.002   0.002   0.002 ) T:103 (   0.000   0.002   0.005   0.008   0.008   0.008 )
1039.968: I:1 (   0.000   0.000   0.000 ) T:104 (   0.000   0.002   0.005   0.008   0.008   0.008 )
1049.969: I:1 (   0.002   0.002   0.002 ) T:105 (   0.000   0.002   0.005   0.008   0.008   0.008 )
1059.968: I:1 (   0.001   0.001   0.001 ) T:106 (   0.000   0.002   0.005   0.008   0.008   0.008 )
1069.969: I:1 (   0.000   0.000   0.000 ) T:107 (   0.000   0.002   0.005   0.008   0.008   0.008 )
1079.975: I:1 (   0.002   0.002   0.002 ) T:108 (   0.000   0.002   0.005   0.008   0.008   0.008 )
1089.969: I:1 (   0.002   0.002   0.002 ) T:109 (   0.000   0.002   0.005   0.008   0.008   0.008 )
1099.969: I:1 (   0.001   0.001   0.001 ) T:110 (   0.000   0.002   0.005   0.008   0.008   0.008 )
1109.975: I:1 (   0.000   0.000   0.000 ) T:111 (   0.000   0.002   0.005   0.008   0.008   0.008 )
1119.974: I:1 (   0.002   0.002   0.002 ) T:112 (   0.000   0.002   0.005   0.008   0.008   0.008 )
1129.973: I:1 (   0.002   0.002   0.002 ) T:113 (   0.001   0.002   0.005   0.008   0.008   0.008 )
1139.968: I:1 (   0.002   0.002   0.002 ) T:114 (   0.001   0.002   0.005   0.008   0.008   0.008 )
1149.969: I:1 (   0.000   0.000   0.000 ) T:115 (   0.001   0.002   0.005   0.008   0.008   0.008 )
1159.969: I:1 (   0.002   0.002   0.002 ) T:116 (   0.001   0.002   0.005   0.008   0.008   0.008 )
1169.970: I:1 (   0.001   0.001   0.001 ) T:117 (   0.001   0.002   0.005   0.008   0.008   0.008 )
1179.973: I:1 (   0.000   0.000   0.000 ) T:118 (   0.001   0.002   0.005   0.008   0.008   0.008 )
1189.967: I:1 (   0.002   0.002   0.002 ) T:119 (   0.001   0.002   0.005   0.008   0.008   0.008 )
1199.969: I:1 (   0.001   0.001   0.001 ) T:120 (   0.001   0.002   0.005   0.008   0.008   0.008 )
1209.968: I:1 (   0.002   0.002   0.002 ) T:121 (   0.001   0.002   0.005   0.008   0.008   0.008 )
1219.969: I:1 (   0.000   0.000   0.000 ) T:122 (   0.001   0.002   0.005   0.008   0.008   0.008 )
1229.970: I:1 (   0.002   0.002   0.002 ) T:123 (   0.001   0.002   0.005   0.008   0.008   0.008 )
1239.969: I:1 (   0.001   0.001   0.001 ) T:124 (   0.001   0.002   0.005   0.008   0.008   0.008 )
1249.969: I:1 (   0.002   0.002   0.002 ) T:125 (   0.001   0.002   0.005   0.008   0.008   0.008 )
1259.970: I:1 (   0.000   0.000   0.000 ) T:126 (   0.001   0.002   0.005   0.008   0.008   0.008 )
1269.970: I:1 (   0.002   0.002   0.002 ) T:127 (   0.001   0.002   0.005   0.008   0.008   0.008 )
1279.969: I:1 (   0.002   0.002   0.002 ) T:128 (   0.001   0.002   0.005   0.008   0.008   0.008 )
1289.967: I:1 (   0.000   0.000   0.000 ) T:129 (   0.001   0.002   0.005   0.008   0.008   0.008 )
1299.969: I:1 (   0.001   0.001   0.001 ) T:130 (   0.001   0.002   0.005   0.008   0.008   0.008 )
1309.968: I:1 (   0.002   0.002   0.002 ) T:131 (   0.001   0.002   0.005   0.008   0.008   0.008 )
1319.969: I:1 (   0.002   0.002   0.002 ) T:132 (   0.001   0.002   0.005   0.008   0.008   0.008 )
1329.968: I:1 (   0.000   0.000   0.000 ) T:133 (   0.001   0.002   0.005   0.008   0.008   0.008 )
1339.969: I:1 (   0.001   0.001   0.001 ) T:134 (   0.001   0.002   0.005   0.008   0.008   0.008 )
1349.969: I:1 (   0.002   0.002   0.002 ) T:135 (   0.001   0.002   0.005   0.008   0.008   0.008 )
1359.969: I:1 (   0.001   0.001   0.001 ) T:136 (   0.001   0.002   0.005   0.008   0.008   0.008 )
1369.970: I:1 (   0.002   0.002   0.002 ) T:137 (   0.001   0.002   0.005   0.008   0.008   0.008 )
1379.969: I:1 (   0.000   0.000   0.000 ) T:138 (   0.001   0.002   0.005   0.008   0.008   0.008 )
1389.969: I:1 (   0.001   0.001   0.001 ) T:139 (   0.001   0.002   0.005   0.008   0.008   0.008 )
1399.967: I:1 (   0.002   0.002   0.002 ) T:140 (   0.001   0.002   0.005   0.008   0.008   0.008 )
1409.967: I:1 (   0.000   0.000   0.000 ) T:141 (   0.001   0.002   0.005   0.008   0.008   0.008 )
1419.969: I:1 (   0.002   0.002   0.002 ) T:142 (   0.001   0.002   0.005   0.008   0.008   0.008 )
1429.973: I:1 (   0.001   0.001   0.001 ) T:143 (   0.001   0.002   0.005   0.008   0.008   0.008 )
1439.967: I:1 (   0.002   0.002   0.002 ) T:144 (   0.001   0.002   0.005   0.008   0.008   0.008 )
1449.975: I:1 (   0.000   0.000   0.000 ) T:145 (   0.001   0.002   0.005   0.008   0.008   0.008 )
1459.969: I:1 (   0.001   0.001   0.001 ) T:146 (   0.001   0.002   0.005   0.008   0.008   0.008 )
1469.972: I:1 (   0.003   0.003   0.003 ) T:147 (   0.001   0.002   0.005   0.008   0.008   0.008 )
1479.969: I:1 (   0.002   0.002   0.002 ) T:148 (   0.001   0.002   0.005   0.008   0.008   0.008 )
1490.036: I:1 (   0.000   0.000   0.000 ) T:149 (   0.001   0.002   0.005   0.008   0.008   0.008 )
1499.968: I:1 (   0.001   0.001   0.001 ) T:150 (   0.001   0.002   0.005   0.008   0.008   0.008 )
1509.969: I:1 (   0.002   0.002   0.002 ) T:151 (   0.001   0.002   0.005   0.008   0.008   0.008 )
1519.969: I:1 (   0.000   0.000   0.000 ) T:152 (   0.001   0.002   0.005   0.008   0.008   0.008 )
1529.968: I:1 (   0.002   0.002   0.002 ) T:153 (   0.001   0.002   0.005   0.008   0.008   0.008 )
1539.975: I:1 (   0.001   0.001   0.001 ) T:154 (   0.001   0.002   0.005   0.008   0.008   0.008 )
1549.969: I:1 (   0.002   0.002   0.002 ) T:155 (   0.001   0.002   0.005   0.008   0.008   0.008 )
1559.969: I:1 (   0.000   0.000   0.000 ) T:156 (   0.001   0.002   0.005   0.008   0.008   0.008 )
1569.970: I:1 (   0.001   0.001   0.001 ) T:157 (   0.001   0.002   0.005   0.008   0.008   0.008 )
1579.968: I:1 (   0.002   0.002   0.002 ) T:158 (   0.001   0.002   0.005   0.008   0.008   0.008 )
1589.968: I:1 (   0.002   0.002   0.002 ) T:159 (   0.001   0.002   0.005   0.008   0.008   0.008 )
1599.968: I:1 (   0.000   0.000   0.000 ) T:160 (   0.001   0.002   0.005   0.008   0.008   0.008 )
1609.969: I:1 (   0.001   0.001   0.001 ) T:161 (   0.001   0.002   0.005   0.008   0.008   0.008 )
1619.967: I:1 (   0.002   0.002   0.002 ) T:162 (   0.001   0.002   0.005   0.008   0.008   0.008 )
1629.969: I:1 (   0.002   0.002   0.002 ) T:163 (   0.001   0.002   0.005   0.008   0.008   0.008 )
1639.969: I:1 (   0.000   0.000   0.000 ) T:164 (   0.001   0.002   0.005   0.008   0.008   0.008 )
1649.969: I:1 (   0.001   0.001   0.001 ) T:165 (   0.001   0.002   0.005   0.008   0.008   0.008 )
1659.974: I:1 (   0.002   0.002   0.002 ) T:166 (   0.001   0.002   0.005   0.008   0.008   0.008 )
1669.969: I:1 (   0.002   0.002   0.002 ) T:167 (   0.001   0.002   0.005   0.008   0.008   0.008 )
1679.969: I:1 (   0.000   0.000   0.000 ) T:168 (   0.001   0.002   0.005   0.008   0.008   0.008 )
1689.969: I:1 (   0.001   0.001   0.001 ) T:169 (   0.001   0.002   0.005   0.008   0.008   0.008 )
1699.969: I:1 (   0.002   0.002   0.002 ) T:170 (   0.001   0.002   0.005   0.008   0.008   0.008 )
1709.969: I:1 (   0.002   0.002   0.002 ) T:171 (   0.001   0.002   0.005   0.008   0.008   0.008 )
1719.976: I:1 (   0.000   0.000   0.000 ) T:172 (   0.001   0.002   0.005   0.008   0.008   0.008 )
1729.969: I:1 (   0.001   0.001   0.001 ) T:173 (   0.001   0.002   0.005   0.008   0.008   0.008 )
1739.972: I:1 (   0.002   0.002   0.002 ) T:174 (   0.001   0.002   0.005   0.008   0.008   0.008 )
1749.974: I:1 (   0.001   0.001   0.001 ) T:175 (   0.001   0.002   0.005   0.008   0.008   0.008 )
1759.969: I:1 (   0.000   0.000   0.000 ) T:176 (   0.001   0.002   0.005   0.008   0.008   0.008 )
1769.969: I:1 (   0.002   0.002   0.002 ) T:177 (   0.001   0.002   0.005   0.008   0.008   0.008 )
1779.968: I:1 (   0.002   0.002   0.002 ) T:178 (   0.001   0.002   0.005   0.008   0.008   0.008 )
1789.968: I:1 (   0.001   0.001   0.001 ) T:179 (   0.001   0.002   0.005   0.008   0.008   0.008 )
1799.968: I:1 (   0.003   0.003   0.003 ) T:180 (   0.001   0.002   0.005   0.008   0.008   0.008 )
1809.967: I:1 (   0.000   0.000   0.000 ) T:181 (   0.001   0.002   0.005   0.008   0.008   0.008 )
1819.968: I:1 (   0.001   0.001   0.001 ) T:182 (   0.001   0.002   0.005   0.008   0.008   0.008 )
1829.969: I:1 (   0.002   0.002   0.002 ) T:183 (   0.001   0.002   0.005   0.008   0.008   0.008 )
1839.968: I:1 (   0.000   0.000   0.000 ) T:184 (   0.001   0.002   0.005   0.008   0.008   0.008 )
1849.969: I:1 (   0.000   0.000   0.000 ) T:185 (   0.001   0.002   0.005   0.008   0.008   0.008 )
1859.969: I:1 (   0.002   0.002   0.002 ) T:186 (   0.001   0.002   0.005   0.008   0.008   0.008 )
1869.969: I:1 (   0.001   0.001   0.001 ) T:187 (   0.001   0.002   0.005   0.008   0.008   0.008 )
1879.968: I:1 (   0.002   0.002   0.002 ) T:188 (   0.001   0.002   0.005   0.008   0.008   0.008 )
1889.968: I:1 (   0.002   0.002   0.002 ) T:189 (   0.001   0.002   0.005   0.008   0.008   0.008 )
1899.968: I:1 (   0.000   0.000   0.000 ) T:190 (   0.001   0.002   0.005   0.008   0.008   0.008 )
1909.968: I:1 (   0.001   0.001   0.001 ) T:191 (   0.001   0.002   0.005   0.008   0.008   0.008 )
1919.970: I:1 (   0.002   0.002   0.002 ) T:192 (   0.001   0.002   0.005   0.008   0.008   0.008 )
1929.969: I:1 (   0.002   0.002   0.002 ) T:193 (   0.001   0.002   0.005   0.008   0.008   0.008 )
1939.969: I:1 (   0.000   0.000   0.000 ) T:194 (   0.001   0.002   0.005   0.008   0.008   0.008 )
1949.968: I:1 (   0.002   0.002   0.002 ) T:195 (   0.001   0.002   0.005   0.008   0.008   0.008 )
1959.969: I:1 (   0.002   0.002   0.002 ) T:196 (   0.001   0.002   0.005   0.008   0.008   0.008 )
1969.968: I:1 (   0.001   0.001   0.001 ) T:197 (   0.001   0.002   0.005   0.008   0.008   0.008 )
1979.967: I:1 (   0.002   0.002   0.002 ) T:198 (   0.001   0.002   0.005   0.008   0.008   0.008 )
1989.969: I:1 (   0.000   0.000   0.000 ) T:199 (   0.001   0.002   0.005   0.008   0.008   0.008 )
1999.969: I:1 (   0.002   0.002   0.002 ) T:200 (   0.001   0.002   0.004   0.008   0.008   0.008 )
2009.967: I:1 (   0.002   0.002   0.002 ) T:201 (   0.001   0.002   0.004   0.008   0.008   0.008 )
2019.969: I:1 (   0.002   0.002   0.002 ) T:202 (   0.001   0.002   0.004   0.008   0.008   0.008 )
2029.969: I:1 (   0.000   0.000   0.000 ) T:203 (   0.001   0.002   0.004   0.008   0.008   0.008 )
2039.968: I:1 (   0.001   0.001   0.001 ) T:204 (   0.001   0.002   0.004   0.008   0.008   0.008 )
2049.969: I:1 (   0.002   0.002   0.002 ) T:205 (   0.001   0.002   0.004   0.008   0.008   0.008 )
2059.968: I:1 (   0.002   0.002   0.002 ) T:206 (   0.001   0.002   0.004   0.008   0.008   0.008 )
2069.969: I:1 (   0.000   0.000   0.000 ) T:207 (   0.001   0.002   0.004   0.008   0.008   0.008 )
2079.969: I:1 (   0.004   0.004   0.004 ) T:208 (   0.001   0.002   0.004   0.008   0.008   0.008 )
2089.969: I:1 (   0.001   0.001   0.001 ) T:209 (   0.001   0.002   0.004   0.008   0.008   0.008 )
2099.971: I:1 (   0.002   0.002   0.002 ) T:210 (   0.001   0.002   0.004   0.008   0.008   0.008 )
2109.968: I:1 (   0.002   0.002   0.002 ) T:211 (   0.001   0.002   0.004   0.008   0.008   0.008 )
2119.969: I:1 (   0.000   0.000   0.000 ) T:212 (   0.001   0.002   0.004   0.008   0.008   0.008 )
2129.969: I:1 (   0.002   0.002   0.002 ) T:213 (   0.001   0.002   0.004   0.008   0.008   0.008 )
2139.969: I:1 (   0.001   0.001   0.001 ) T:214 (   0.001   0.002   0.004   0.008   0.008   0.008 )
2149.970: I:1 (   0.002   0.002   0.002 ) T:215 (   0.001   0.002   0.004   0.008   0.008   0.008 )
2159.969: I:1 (   0.000   0.000   0.000 ) T:216 (   0.001   0.002   0.004   0.008   0.008   0.008 )
2169.969: I:1 (   0.001   0.001   0.001 ) T:217 (   0.001   0.002   0.004   0.008   0.008   0.008 )
2179.969: I:1 (   0.002   0.002   0.002 ) T:218 (   0.001   0.002   0.004   0.008   0.008   0.008 )
2190.000: I:1 (   0.002   0.002   0.002 ) T:219 (   0.001   0.002   0.004   0.008   0.008   0.008 )
2199.974: I:1 (   0.031   0.031   0.031 ) T:220 (   0.001   0.002   0.005   0.031   0.031   0.031 )
2209.976: I:1 (   0.000   0.000   0.000 ) T:221 (   0.001   0.002   0.005   0.031   0.031   0.031 )
2219.969: I:1 (   0.002   0.002   0.002 ) T:222 (   0.001   0.002   0.005   0.031   0.031   0.031 )
2229.969: I:1 (   0.001   0.001   0.001 ) T:223 (   0.001   0.002   0.005   0.031   0.031   0.031 )
2239.969: I:1 (   0.002   0.002   0.002 ) T:224 (   0.001   0.002   0.005   0.031   0.031   0.031 )
2249.967: I:1 (   0.002   0.002   0.002 ) T:225 (   0.001   0.002   0.005   0.031   0.031   0.031 )
2259.968: I:1 (   0.000   0.000   0.000 ) T:226 (   0.001   0.002   0.005   0.031   0.031   0.031 )
2269.967: I:1 (   0.001   0.001   0.001 ) T:227 (   0.001   0.002   0.005   0.031   0.031   0.031 )
2279.970: I:1 (   0.002   0.002   0.002 ) T:228 (   0.001   0.002   0.005   0.031   0.031   0.031 )
2289.969: I:1 (   0.001   0.001   0.001 ) T:229 (   0.001   0.002   0.005   0.031   0.031   0.031 )
2299.973: I:1 (   0.002   0.002   0.002 ) T:230 (   0.001   0.002   0.005   0.031   0.031   0.031 )
2309.969: I:1 (   0.002   0.002   0.002 ) T:231 (   0.001   0.002   0.005   0.031   0.031   0.031 )
2319.968: I:1 (   0.000   0.000   0.000 ) T:232 (   0.001   0.002   0.005   0.031   0.031   0.031 )
2329.970: I:1 (   0.002   0.002   0.002 ) T:233 (   0.001   0.002   0.005   0.031   0.031   0.031 )
2339.968: I:1 (   0.001   0.001   0.001 ) T:234 (   0.001   0.002   0.005   0.031   0.031   0.031 )
2349.967: I:1 (   0.002   0.002   0.002 ) T:235 (   0.001   0.002   0.005   0.031   0.031   0.031 )
2359.973: I:1 (   0.002   0.002   0.002 ) T:236 (   0.001   0.002   0.005   0.031   0.031   0.031 )
2369.976: I:1 (   0.001   0.001   0.001 ) T:237 (   0.001   0.002   0.005   0.031   0.031   0.031 )
2379.967: I:1 (   0.000   0.000   0.000 ) T:238 (   0.001   0.002   0.005   0.031   0.031   0.031 )
2389.968: I:1 (   0.002   0.002   0.002 ) T:239 (   0.001   0.002   0.005   0.031   0.031   0.031 )
2399.970: I:1 (   0.001   0.001   0.001 ) T:240 (   0.001   0.002   0.005   0.031   0.031   0.031 )
2409.969: I:1 (   0.002   0.002   0.002 ) T:241 (   0.001   0.002   0.005   0.031   0.031   0.031 )
2419.971: I:1 (   0.002   0.002   0.002 ) T:242 (   0.001   0.002   0.005   0.031   0.031   0.031 )
2429.968: I:1 (   0.001   0.001   0.001 ) T:243 (   0.001   0.002   0.005   0.031   0.031   0.031 )
2439.969: I:1 (   0.000   0.000   0.000 ) T:244 (   0.001   0.002   0.005   0.031   0.031   0.031 )
2449.970: I:1 (   0.002   0.002   0.002 ) T:245 (   0.001   0.002   0.005   0.031   0.031   0.031 )
2459.969: I:1 (   0.002   0.002   0.002 ) T:246 (   0.001   0.002   0.005   0.031   0.031   0.031 )
2469.969: I:1 (   0.001   0.001   0.001 ) T:247 (   0.001   0.002   0.005   0.031   0.031   0.031 )
2479.969: I:1 (   0.002   0.002   0.002 ) T:248 (   0.001   0.002   0.005   0.031   0.031   0.031 )
2489.969: I:1 (   0.000   0.000   0.000 ) T:249 (   0.001   0.002   0.005   0.031   0.031   0.031 )
2499.968: I:1 (   0.002   0.002   0.002 ) T:250 (   0.001   0.002   0.005   0.031   0.031   0.031 )
2509.969: I:1 (   0.001   0.001   0.001 ) T:251 (   0.001   0.002   0.005   0.031   0.031   0.031 )
2519.970: I:1 (   0.002   0.002   0.002 ) T:252 (   0.001   0.002   0.005   0.031   0.031   0.031 )
2529.969: I:1 (   0.002   0.002   0.002 ) T:253 (   0.001   0.002   0.005   0.031   0.031   0.031 )
2539.970: I:1 (   0.000   0.000   0.000 ) T:254 (   0.001   0.002   0.005   0.031   0.031   0.031 )
2549.969: I:1 (   0.002   0.002   0.002 ) T:255 (   0.001   0.002   0.005   0.031   0.031   0.031 )
2559.970: I:1 (   0.001   0.001   0.001 ) T:256 (   0.001   0.002   0.005   0.031   0.031   0.031 )
2569.968: I:1 (   0.003   0.003   0.003 ) T:257 (   0.001   0.002   0.005   0.031   0.031   0.031 )
2579.968: I:1 (   0.001   0.001   0.001 ) T:258 (   0.001   0.002   0.005   0.031   0.031   0.031 )
2589.970: I:1 (   0.000   0.000   0.000 ) T:259 (   0.001   0.002   0.005   0.031   0.031   0.031 )
2599.968: I:1 (   0.002   0.002   0.002 ) T:260 (   0.001   0.002   0.005   0.031   0.031   0.031 )
2609.970: I:1 (   0.001   0.001   0.001 ) T:261 (   0.001   0.002   0.005   0.031   0.031   0.031 )
2619.969: I:1 (   0.002   0.002   0.002 ) T:262 (   0.001   0.002   0.005   0.031   0.031   0.031 )
2629.970: I:1 (   0.002   0.002   0.002 ) T:263 (   0.001   0.002   0.005   0.031   0.031   0.031 )
2639.969: I:1 (   0.002   0.002   0.002 ) T:264 (   0.001   0.002   0.005   0.031   0.031   0.031 )
2649.968: I:1 (   0.000   0.000   0.000 ) T:265 (   0.001   0.002   0.005   0.031   0.031   0.031 )
2659.970: I:1 (   0.002   0.002   0.002 ) T:266 (   0.001   0.002   0.005   0.031   0.031   0.031 )
2669.975: I:1 (   0.023   0.023   0.023 ) T:267 (   0.001   0.002   0.008   0.031   0.031   0.031 )
2679.969: I:1 (   0.002   0.002   0.002 ) T:268 (   0.001   0.002   0.008   0.031   0.031   0.031 )
2689.972: I:1 (   0.001   0.001   0.001 ) T:269 (   0.001   0.002   0.008   0.031   0.031   0.031 )
2699.969: I:1 (   0.003   0.003   0.003 ) T:270 (   0.001   0.002   0.008   0.031   0.031   0.031 )
2709.970: I:1 (   0.001   0.001   0.001 ) T:271 (   0.001   0.002   0.008   0.031   0.031   0.031 )
2719.970: I:1 (   0.000   0.000   0.000 ) T:272 (   0.001   0.002   0.008   0.031   0.031   0.031 )
2729.969: I:1 (   0.002   0.002   0.002 ) T:273 (   0.001   0.002   0.008   0.031   0.031   0.031 )
2739.967: I:1 (   0.002   0.002   0.002 ) T:274 (   0.001   0.002   0.008   0.031   0.031   0.031 )
2749.968: I:1 (   0.001   0.001   0.001 ) T:275 (   0.001   0.002   0.008   0.031   0.031   0.031 )
2759.969: I:1 (   0.002   0.002   0.002 ) T:276 (   0.001   0.002   0.008   0.031   0.031   0.031 )
2769.968: I:1 (   0.000   0.000   0.000 ) T:277 (   0.001   0.002   0.008   0.031   0.031   0.031 )
2779.970: I:1 (   0.001   0.001   0.001 ) T:278 (   0.001   0.002   0.008   0.031   0.031   0.031 )
2789.968: I:1 (   0.002   0.002   0.002 ) T:279 (   0.001   0.002   0.008   0.031   0.031   0.031 )
2799.968: I:1 (   0.002   0.002   0.002 ) T:280 (   0.001   0.002   0.008   0.031   0.031   0.031 )
2809.975: I:1 (   0.001   0.001   0.001 ) T:281 (   0.001   0.002   0.008   0.031   0.031   0.031 )
2819.969: I:1 (   0.002   0.002   0.002 ) T:282 (   0.001   0.002   0.008   0.031   0.031   0.031 )
2829.973: I:1 (   0.002   0.002   0.002 ) T:283 (   0.001   0.002   0.008   0.031   0.031   0.031 )
2839.970: I:1 (   0.001   0.001   0.001 ) T:284 (   0.001   0.002   0.008   0.031   0.031   0.031 )
2849.969: I:1 (   0.000   0.000   0.000 ) T:285 (   0.001   0.002   0.008   0.031   0.031   0.031 )
2859.967: I:1 (   0.002   0.002   0.002 ) T:286 (   0.001   0.002   0.008   0.031   0.031   0.031 )
2869.970: I:1 (   0.002   0.002   0.002 ) T:287 (   0.001   0.002   0.008   0.031   0.031   0.031 )
2879.967: I:1 (   0.002   0.002   0.002 ) T:288 (   0.001   0.002   0.008   0.031   0.031   0.031 )
2889.969: I:1 (   0.002   0.002   0.002 ) T:289 (   0.001   0.002   0.008   0.031   0.031   0.031 )
2899.969: I:1 (   0.001   0.001   0.001 ) T:290 (   0.001   0.002   0.008   0.031   0.031   0.031 )
2909.970: I:1 (   0.002   0.002   0.002 ) T:291 (   0.001   0.002   0.008   0.031   0.031   0.031 )
2919.970: I:1 (   0.001   0.001   0.001 ) T:292 (   0.001   0.002   0.008   0.031   0.031   0.031 )
2929.975: I:1 (   0.000   0.000   0.000 ) T:293 (   0.001   0.002   0.008   0.031   0.031   0.031 )
2939.969: I:1 (   0.002   0.002   0.002 ) T:294 (   0.001   0.002   0.008   0.031   0.031   0.031 )
2949.969: I:1 (   0.002   0.002   0.002 ) T:295 (   0.001   0.002   0.008   0.031   0.031   0.031 )
2959.970: I:1 (   0.002   0.002   0.002 ) T:296 (   0.001   0.002   0.008   0.031   0.031   0.031 )
2969.967: I:1 (   0.002   0.002   0.002 ) T:297 (   0.001   0.002   0.008   0.031   0.031   0.031 )
2979.967: I:1 (   0.002   0.002   0.002 ) T:298 (   0.001   0.002   0.008   0.031   0.031   0.031 )
2989.968: I:1 (   0.001   0.001   0.001 ) T:299 (   0.001   0.002   0.008   0.031   0.031   0.031 )
2999.968: I:1 (   0.000   0.000   0.000 ) T:300 (   0.001   0.002   0.005   0.031   0.031   0.031 )
3009.968: I:1 (   0.002   0.002   0.002 ) T:301 (   0.001   0.002   0.005   0.031   0.031   0.031 )
3019.967: I:1 (   0.001   0.001   0.001 ) T:302 (   0.001   0.002   0.005   0.031   0.031   0.031 )
3029.970: I:1 (   0.002   0.002   0.002 ) T:303 (   0.001   0.002   0.005   0.031   0.031   0.031 )
3039.970: I:1 (   0.001   0.001   0.001 ) T:304 (   0.001   0.002   0.005   0.031   0.031   0.031 )
3049.970: I:1 (   0.002   0.002   0.002 ) T:305 (   0.001   0.002   0.005   0.031   0.031   0.031 )
3059.969: I:1 (   0.022   0.022   0.022 ) T:306 (   0.001   0.002   0.008   0.031   0.031   0.031 )
3069.969: I:1 (   0.000   0.000   0.000 ) T:307 (   0.001   0.002   0.008   0.031   0.031   0.031 )
3079.969: I:1 (   0.001   0.001   0.001 ) T:308 (   0.001   0.002   0.008   0.031   0.031   0.031 )
3089.969: I:1 (   0.002   0.002   0.002 ) T:309 (   0.001   0.002   0.008   0.031   0.031   0.031 )
3099.968: I:1 (   0.001   0.001   0.001 ) T:310 (   0.001   0.002   0.008   0.031   0.031   0.031 )
3109.970: I:1 (   0.002   0.002   0.002 ) T:311 (   0.001   0.002   0.008   0.031   0.031   0.031 )
3119.975: I:1 (   0.002   0.002   0.002 ) T:312 (   0.001   0.002   0.008   0.031   0.031   0.031 )
3129.969: I:1 (   0.001   0.001   0.001 ) T:313 (   0.001   0.002   0.008   0.031   0.031   0.031 )
3139.970: I:1 (   0.002   0.002   0.002 ) T:314 (   0.001   0.002   0.008   0.031   0.031   0.031 )
3149.968: I:1 (   0.002   0.002   0.002 ) T:315 (   0.001   0.002   0.008   0.031   0.031   0.031 )
3159.970: I:1 (   0.001   0.001   0.001 ) T:316 (   0.001   0.002   0.008   0.031   0.031   0.031 )
3169.976: I:1 (   0.000   0.000   0.000 ) T:317 (   0.001   0.002   0.008   0.031   0.031   0.031 )
3179.969: I:1 (   0.002   0.002   0.002 ) T:318 (   0.001   0.002   0.008   0.031   0.031   0.031 )
3189.970: I:1 (   0.002   0.002   0.002 ) T:319 (   0.001   0.002   0.008   0.031   0.031   0.031 )
3199.970: I:1 (   0.003   0.003   0.003 ) T:320 (   0.001   0.002   0.008   0.031   0.031   0.031 )
3209.970: I:1 (   0.001   0.001   0.001 ) T:321 (   0.001   0.002   0.008   0.031   0.031   0.031 )
3219.967: I:1 (   0.002   0.002   0.002 ) T:322 (   0.001   0.002   0.008   0.031   0.031   0.031 )
3229.974: I:1 (   0.001   0.001   0.001 ) T:323 (   0.001   0.002   0.008   0.031   0.031   0.031 )
3239.969: I:1 (   0.002   0.002   0.002 ) T:324 (   0.001   0.002   0.008   0.031   0.031   0.031 )
3249.970: I:1 (   0.002   0.002   0.002 ) T:325 (   0.001   0.002   0.008   0.031   0.031   0.031 )
3259.969: I:1 (   0.001   0.001   0.001 ) T:326 (   0.001   0.002   0.008   0.031   0.031   0.031 )
3269.970: I:1 (   0.000   0.000   0.000 ) T:327 (   0.001   0.002   0.008   0.031   0.031   0.031 )
3279.968: I:1 (   0.003   0.003   0.003 ) T:328 (   0.001   0.002   0.008   0.031   0.031   0.031 )
3289.967: I:1 (   0.001   0.001   0.001 ) T:329 (   0.001   0.002   0.008   0.031   0.031   0.031 )
3299.969: I:1 (   0.002   0.002   0.002 ) T:330 (   0.001   0.002   0.008   0.031   0.031   0.031 )
3309.969: I:1 (   0.002   0.002   0.002 ) T:331 (   0.001   0.002   0.008   0.031   0.031   0.031 )
3319.969: I:1 (   0.001   0.001   0.001 ) T:332 (   0.001   0.002   0.008   0.031   0.031   0.031 )
3329.977: I:1 (   0.002   0.002   0.002 ) T:333 (   0.001   0.002   0.008   0.031   0.031   0.031 )
3339.978: I:1 (   0.002   0.002   0.002 ) T:334 (   0.001   0.002   0.008   0.031   0.031   0.031 )
3349.969: I:1 (   0.001   0.001   0.001 ) T:335 (   0.001   0.002   0.008   0.031   0.031   0.031 )
3359.969: I:1 (   0.002   0.002   0.002 ) T:336 (   0.001   0.002   0.008   0.031   0.031   0.031 )
3369.970: I:1 (   0.018   0.018   0.018 ) T:337 (   0.001   0.002   0.018   0.031   0.031   0.031 )
3375.727: I:2 (   0.000   0.002   0.002 ) T:339 (   0.001   0.002   0.018   0.031   0.031   0.031 )
3375.774: I:0 (   0.000   0.000   0.000 ) T:339 (   0.001   0.002   0.018   0.031   0.031   0.031 )
