#[Interval percentile log between 0.000 and <Infinite> seconds (relative to StartTime)]
#[StartTime: 1524507652.001 (seconds since epoch), Mon Apr 23 20:20:52 CEST 2018]
Time: IntervalPercentiles:count ( 50% 90% Max ) TotalPercentiles:count ( 50% 90% 99% 99.9% 99.99% Max )
9.984: I:1 (   0.018   0.018   0.018 ) T:1 (   0.018   0.018   0.018   0.018   0.018   0.018 )
19.964: I:1 (   0.073   0.073   0.073 ) T:2 (   0.018   0.073   0.073   0.073   0.073   0.073 )
29.961: I:1 (   0.015   0.015   0.015 ) T:3 (   0.018   0.073   0.073   0.073   0.073   0.073 )
39.959: I:1 (   0.026   0.026   0.026 ) T:4 (   0.018   0.073   0.073   0.073   0.073   0.073 )
49.962: I:1 (   0.046   0.046   0.046 ) T:5 (   0.026   0.073   0.073   0.073   0.073   0.073 )
59.964: I:1 (   0.074   0.074   0.074 ) T:6 (   0.026   0.074   0.074   0.074   0.074   0.074 )
69.961: I:1 (   0.049   0.049   0.049 ) T:7 (   0.046   0.074   0.074   0.074   0.074   0.074 )
79.961: I:1 (   0.028   0.028   0.028 ) T:8 (   0.028   0.074   0.074   0.074   0.074   0.074 )
89.961: I:1 (   0.072   0.072   0.072 ) T:9 (   0.046   0.074   0.074   0.074   0.074   0.074 )
99.961: I:1 (   0.062   0.062   0.062 ) T:10 (   0.046   0.073   0.074   0.074   0.074   0.074 )
109.961: I:1 (   0.071   0.071   0.071 ) T:11 (   0.049   0.073   0.074   0.074   0.074   0.074 )
119.961: I:1 (   0.074   0.074   0.074 ) T:12 (   0.049   0.074   0.074   0.074   0.074   0.074 )
129.961: I:1 (   0.050   0.050   0.050 ) T:13 (   0.050   0.074   0.074   0.074   0.074   0.074 )
139.961: I:1 (   0.072   0.072   0.072 ) T:14 (   0.050   0.074   0.074   0.074   0.074   0.074 )
149.961: I:1 (   0.057   0.057   0.057 ) T:15 (   0.057   0.074   0.074   0.074   0.074   0.074 )
159.961: I:1 (   0.053   0.053   0.053 ) T:16 (   0.053   0.074   0.074   0.074   0.074   0.074 )
169.961: I:1 (   0.063   0.063   0.063 ) T:17 (   0.057   0.074   0.074   0.074   0.074   0.074 )
179.961: I:1 (   0.050   0.050   0.050 ) T:18 (   0.053   0.074   0.074   0.074   0.074   0.074 )
189.961: I:1 (   0.060   0.060   0.060 ) T:19 (   0.057   0.074   0.074   0.074   0.074   0.074 )
199.961: I:1 (   0.079   0.079   0.079 ) T:20 (   0.057   0.074   0.079   0.079   0.079   0.079 )
209.961: I:1 (   0.061   0.061   0.061 ) T:21 (   0.060   0.074   0.079   0.079   0.079   0.079 )
219.961: I:1 (   0.078   0.078   0.078 ) T:22 (   0.060   0.074   0.079   0.079   0.079   0.079 )
229.961: I:1 (   0.064   0.064   0.064 ) T:23 (   0.061   0.074   0.079   0.079   0.079   0.079 )
239.961: I:1 (   0.060   0.060   0.060 ) T:24 (   0.060   0.074   0.079   0.079   0.079   0.079 )
249.961: I:1 (   0.075   0.075   0.075 ) T:25 (   0.061   0.075   0.079   0.079   0.079   0.079 )
259.961: I:1 (   0.083   0.083   0.083 ) T:26 (   0.061   0.078   0.083   0.083   0.083   0.083 )
269.961: I:1 (   0.082   0.082   0.082 ) T:27 (   0.062   0.079   0.083   0.083   0.083   0.083 )
279.960: I:1 (   0.075   0.075   0.075 ) T:28 (   0.062   0.079   0.083   0.083   0.083   0.083 )
289.961: I:1 (   0.091   0.091   0.091 ) T:29 (   0.063   0.082   0.091   0.091   0.091   0.091 )
299.961: I:1 (   0.087   0.087   0.087 ) T:30 (   0.063   0.082   0.091   0.091   0.091   0.091 )
309.961: I:1 (   0.086   0.086   0.086 ) T:31 (   0.064   0.083   0.091   0.091   0.091   0.091 )
319.961: I:1 (   0.084   0.084   0.084 ) T:32 (   0.064   0.084   0.091   0.091   0.091   0.091 )
329.963: I:1 (   0.082   0.082   0.082 ) T:33 (   0.071   0.084   0.091   0.091   0.091   0.091 )
339.961: I:1 (   0.081   0.081   0.081 ) T:34 (   0.071   0.084   0.091   0.091   0.091   0.091 )
349.961: I:1 (   0.106   0.106   0.106 ) T:35 (   0.072   0.086   0.106   0.106   0.106   0.106 )
359.961: I:1 (   0.111   0.111   0.111 ) T:36 (   0.072   0.087   0.111   0.111   0.111   0.111 )
369.961: I:1 (   0.089   0.089   0.089 ) T:37 (   0.072   0.089   0.111   0.111   0.111   0.111 )
379.961: I:1 (   0.091   0.091   0.091 ) T:38 (   0.072   0.091   0.111   0.111   0.111   0.111 )
389.961: I:1 (   0.118   0.118   0.118 ) T:39 (   0.073   0.091   0.118   0.118   0.118   0.118 )
399.961: I:1 (   0.099   0.099   0.099 ) T:40 (   0.073   0.091   0.118   0.118   0.118   0.118 )
409.961: I:1 (   0.099   0.099   0.099 ) T:41 (   0.074   0.099   0.118   0.118   0.118   0.118 )
419.960: I:1 (   0.100   0.100   0.100 ) T:42 (   0.074   0.099   0.118   0.118   0.118   0.118 )
429.961: I:1 (   0.100   0.100   0.100 ) T:43 (   0.074   0.100   0.118   0.118   0.118   0.118 )
439.961: I:1 (   0.107   0.107   0.107 ) T:44 (   0.074   0.100   0.118   0.118   0.118   0.118 )
449.961: I:1 (   0.109   0.109   0.109 ) T:45 (   0.075   0.106   0.118   0.118   0.118   0.118 )
459.961: I:1 (   0.110   0.110   0.110 ) T:46 (   0.075   0.107   0.118   0.118   0.118   0.118 )
469.961: I:1 (   0.113   0.113   0.113 ) T:47 (   0.075   0.109   0.118   0.118   0.118   0.118 )
479.961: I:1 (   0.127   0.127   0.127 ) T:48 (   0.075   0.110   0.127   0.127   0.127   0.127 )
489.961: I:1 (   0.130   0.130   0.130 ) T:49 (   0.078   0.111   0.130   0.130   0.130   0.130 )
499.961: I:1 (   0.128   0.128   0.128 ) T:50 (   0.078   0.111   0.130   0.130   0.130   0.130 )
509.961: I:1 (   0.122   0.122   0.122 ) T:51 (   0.079   0.113   0.130   0.130   0.130   0.130 )
519.960: I:1 (   0.118   0.118   0.118 ) T:52 (   0.079   0.118   0.130   0.130   0.130   0.130 )
529.959: I:1 (   0.120   0.120   0.120 ) T:53 (   0.081   0.118   0.130   0.130   0.130   0.130 )
539.960: I:1 (   0.125   0.125   0.125 ) T:54 (   0.081   0.120   0.130   0.130   0.130   0.130 )
549.961: I:1 (   0.125   0.125   0.125 ) T:55 (   0.082   0.122   0.130   0.130   0.130   0.130 )
559.961: I:1 (   0.150   0.150   0.150 ) T:56 (   0.082   0.125   0.150   0.150   0.150   0.150 )
569.961: I:1 (   0.126   0.126   0.126 ) T:57 (   0.082   0.125   0.150   0.150   0.150   0.150 )
579.961: I:1 (   0.132   0.132   0.132 ) T:58 (   0.082   0.126   0.150   0.150   0.150   0.150 )
589.961: I:1 (   0.147   0.147   0.147 ) T:59 (   0.083   0.127   0.150   0.150   0.150   0.150 )
599.961: I:1 (   0.153   0.153   0.153 ) T:60 (   0.083   0.127   0.153   0.153   0.153   0.153 )
609.960: I:1 (   0.150   0.150   0.150 ) T:61 (   0.084   0.128   0.153   0.153   0.153   0.153 )
619.960: I:1 (   0.138   0.138   0.138 ) T:62 (   0.084   0.130   0.153   0.153   0.153   0.153 )
629.961: I:1 (   0.145   0.145   0.145 ) T:63 (   0.086   0.132   0.153   0.153   0.153   0.153 )
639.960: I:1 (   0.161   0.161   0.161 ) T:64 (   0.086   0.138   0.161   0.161   0.161   0.161 )
649.961: I:1 (   0.147   0.147   0.147 ) T:65 (   0.087   0.145   0.161   0.161   0.161   0.161 )
659.961: I:1 (   0.164   0.164   0.164 ) T:66 (   0.087   0.147   0.164   0.164   0.164   0.164 )
669.960: I:1 (   0.173   0.173   0.173 ) T:67 (   0.089   0.147   0.173   0.173   0.173   0.173 )
679.961: I:1 (   0.175   0.175   0.175 ) T:68 (   0.089   0.150   0.175   0.175   0.175   0.175 )
689.961: I:1 (   0.167   0.167   0.167 ) T:69 (   0.091   0.150   0.175   0.175   0.175   0.175 )
699.960: I:1 (   0.166   0.166   0.166 ) T:70 (   0.091   0.150   0.175   0.175   0.175   0.175 )
709.961: I:1 (   0.163   0.163   0.163 ) T:71 (   0.091   0.153   0.175   0.175   0.175   0.175 )
719.960: I:1 (   0.176   0.176   0.176 ) T:72 (   0.091   0.161   0.176   0.176   0.176   0.176 )
729.960: I:1 (   0.174   0.174   0.174 ) T:73 (   0.099   0.163   0.176   0.176   0.176   0.176 )
739.961: I:1 (   0.173   0.173   0.173 ) T:74 (   0.099   0.164   0.176   0.176   0.176   0.176 )
749.961: I:1 (   0.190   0.190   0.190 ) T:75 (   0.099   0.166   0.190   0.190   0.190   0.190 )
759.961: I:1 (   0.025   0.025   0.025 ) T:76 (   0.099   0.166   0.190   0.190   0.190   0.190 )
769.961: I:1 (   0.032   0.032   0.032 ) T:77 (   0.099   0.166   0.190   0.190   0.190   0.190 )
779.961: I:1 (   0.038   0.038   0.038 ) T:78 (   0.091   0.166   0.190   0.190   0.190   0.190 )
789.961: I:1 (   0.039   0.039   0.039 ) T:79 (   0.091   0.166   0.190   0.190   0.190   0.190 )
799.961: I:1 (   0.044   0.044   0.044 ) T:80 (   0.091   0.164   0.190   0.190   0.190   0.190 )
809.959: I:1 (   0.037   0.037   0.037 ) T:81 (   0.091   0.164   0.190   0.190   0.190   0.190 )
819.960: I:1 (   0.045   0.045   0.045 ) T:82 (   0.089   0.164   0.190   0.190   0.190   0.190 )
829.960: I:1 (   0.044   0.044   0.044 ) T:83 (   0.089   0.164   0.190   0.190   0.190   0.190 )
839.961: I:1 (   0.051   0.051   0.051 ) T:84 (   0.087   0.164   0.190   0.190   0.190   0.190 )
849.961: I:1 (   0.063   0.063   0.063 ) T:85 (   0.087   0.164   0.190   0.190   0.190   0.190 )
859.961: I:1 (   0.062   0.062   0.062 ) T:86 (   0.086   0.164   0.190   0.190   0.190   0.190 )
869.961: I:1 (   0.050   0.050   0.050 ) T:87 (   0.086   0.164   0.190   0.190   0.190   0.190 )
879.961: I:1 (   0.057   0.057   0.057 ) T:88 (   0.084   0.164   0.190   0.190   0.190   0.190 )
889.961: I:1 (   0.066   0.066   0.066 ) T:89 (   0.084   0.164   0.190   0.190   0.190   0.190 )
899.960: I:1 (   0.059   0.059   0.059 ) T:90 (   0.083   0.163   0.190   0.190   0.190   0.190 )
909.961: I:1 (   0.070   0.070   0.070 ) T:91 (   0.083   0.163   0.190   0.190   0.190   0.190 )
919.958: I:1 (   0.079   0.079   0.079 ) T:92 (   0.082   0.163   0.190   0.190   0.190   0.190 )
929.961: I:1 (   0.074   0.074   0.074 ) T:93 (   0.082   0.163   0.190   0.190   0.190   0.190 )
939.961: I:1 (   0.079   0.079   0.079 ) T:94 (   0.082   0.163   0.190   0.190   0.190   0.190 )
949.961: I:1 (   0.086   0.086   0.086 ) T:95 (   0.082   0.163   0.190   0.190   0.190   0.190 )
959.961: I:1 (   0.081   0.081   0.081 ) T:96 (   0.082   0.163   0.190   0.190   0.190   0.190 )
969.961: I:1 (   0.079   0.079   0.079 ) T:97 (   0.082   0.163   0.190   0.190   0.190   0.190 )
979.960: I:1 (   0.095   0.095   0.095 ) T:98 (   0.082   0.163   0.190   0.190   0.190   0.190 )
989.961: I:1 (   0.033   0.033   0.033 ) T:99 (   0.082   0.163   0.190   0.190   0.190   0.190 )
999.960: I:1 (   0.022   0.022   0.022 ) T:100 (   0.081   0.161   0.176   0.190   0.190   0.190 )
1009.960: I:1 (   0.035   0.035   0.035 ) T:101 (   0.081   0.161   0.176   0.190   0.190   0.190 )
1019.961: I:1 (   0.038   0.038   0.038 ) T:102 (   0.081   0.161   0.176   0.190   0.190   0.190 )
1029.960: I:1 (   0.041   0.041   0.041 ) T:103 (   0.081   0.161   0.176   0.190   0.190   0.190 )
1039.961: I:1 (   0.031   0.031   0.031 ) T:104 (   0.079   0.161   0.176   0.190   0.190   0.190 )
1049.961: I:1 (   0.040   0.040   0.040 ) T:105 (   0.079   0.161   0.176   0.190   0.190   0.190 )
1059.960: I:1 (   0.049   0.049   0.049 ) T:106 (   0.079   0.161   0.176   0.190   0.190   0.190 )
1069.961: I:1 (   0.046   0.046   0.046 ) T:107 (   0.079   0.161   0.176   0.190   0.190   0.190 )
1079.961: I:1 (   0.048   0.048   0.048 ) T:108 (   0.079   0.161   0.176   0.190   0.190   0.190 )
1089.961: I:1 (   0.055   0.055   0.055 ) T:109 (   0.079   0.161   0.176   0.190   0.190   0.190 )
1099.960: I:1 (   0.061   0.061   0.061 ) T:110 (   0.079   0.153   0.176   0.190   0.190   0.190 )
1109.960: I:1 (   0.060   0.060   0.060 ) T:111 (   0.079   0.153   0.176   0.190   0.190   0.190 )
1119.960: I:1 (   0.060   0.060   0.060 ) T:112 (   0.078   0.153   0.176   0.190   0.190   0.190 )
1129.960: I:1 (   0.064   0.064   0.064 ) T:113 (   0.078   0.153   0.176   0.190   0.190   0.190 )
1139.960: I:1 (   0.073   0.073   0.073 ) T:114 (   0.075   0.153   0.176   0.190   0.190   0.190 )
1149.960: I:1 (   0.067   0.067   0.067 ) T:115 (   0.075   0.153   0.176   0.190   0.190   0.190 )
1159.959: I:1 (   0.076   0.076   0.076 ) T:116 (   0.075   0.153   0.176   0.190   0.190   0.190 )
1169.962: I:1 (   0.075   0.075   0.075 ) T:117 (   0.075   0.153   0.176   0.190   0.190   0.190 )
1179.959: I:1 (   0.017   0.017   0.017 ) T:118 (   0.075   0.153   0.176   0.190   0.190   0.190 )
1189.962: I:1 (   0.024   0.024   0.024 ) T:119 (   0.075   0.153   0.176   0.190   0.190   0.190 )
1199.959: I:1 (   0.027   0.027   0.027 ) T:120 (   0.075   0.150   0.176   0.190   0.190   0.190 )
1209.960: I:1 (   0.041   0.041   0.041 ) T:121 (   0.075   0.150   0.176   0.190   0.190   0.190 )
1219.960: I:1 (   0.039   0.039   0.039 ) T:122 (   0.074   0.150   0.176   0.190   0.190   0.190 )
1229.960: I:1 (   0.040   0.040   0.040 ) T:123 (   0.074   0.150   0.176   0.190   0.190   0.190 )
1239.961: I:1 (   0.048   0.048   0.048 ) T:124 (   0.074   0.150   0.176   0.190   0.190   0.190 )
1249.958: I:1 (   0.050   0.050   0.050 ) T:125 (   0.074   0.150   0.176   0.190   0.190   0.190 )
1259.960: I:1 (   0.059   0.059   0.059 ) T:126 (   0.074   0.150   0.176   0.190   0.190   0.190 )
1269.960: I:1 (   0.064   0.064   0.064 ) T:127 (   0.074   0.150   0.176   0.190   0.190   0.190 )
1279.959: I:1 (   0.068   0.068   0.068 ) T:128 (   0.073   0.150   0.176   0.190   0.190   0.190 )
1289.961: I:1 (   0.074   0.074   0.074 ) T:129 (   0.074   0.150   0.176   0.190   0.190   0.190 )
1299.958: I:1 (   0.031   0.031   0.031 ) T:130 (   0.073   0.150   0.176   0.190   0.190   0.190 )
1309.961: I:1 (   0.031   0.031   0.031 ) T:131 (   0.073   0.150   0.176   0.190   0.190   0.190 )
1319.961: I:1 (   0.044   0.044   0.044 ) T:132 (   0.073   0.150   0.176   0.190   0.190   0.190 )
1329.960: I:1 (   0.048   0.048   0.048 ) T:133 (   0.073   0.150   0.176   0.190   0.190   0.190 )
1339.959: I:1 (   0.056   0.056   0.056 ) T:134 (   0.072   0.150   0.176   0.190   0.190   0.190 )
1349.960: I:1 (   0.064   0.064   0.064 ) T:135 (   0.072   0.150   0.176   0.190   0.190   0.190 )
1359.960: I:1 (   0.070   0.070   0.070 ) T:136 (   0.072   0.150   0.176   0.190   0.190   0.190 )
1369.961: I:1 (   0.023   0.023   0.023 ) T:137 (   0.072   0.150   0.176   0.190   0.190   0.190 )
1379.958: I:1 (   0.025   0.025   0.025 ) T:138 (   0.071   0.150   0.176   0.190   0.190   0.190 )
1389.959: I:1 (   0.037   0.037   0.037 ) T:139 (   0.071   0.150   0.176   0.190   0.190   0.190 )
1399.962: I:1 (   0.044   0.044   0.044 ) T:140 (   0.070   0.147   0.176   0.190   0.190   0.190 )
1409.961: I:1 (   0.050   0.050   0.050 ) T:141 (   0.070   0.147   0.176   0.190   0.190   0.190 )
1419.961: I:1 (   0.061   0.061   0.061 ) T:142 (   0.070   0.147   0.176   0.190   0.190   0.190 )
1429.961: I:1 (   0.064   0.064   0.064 ) T:143 (   0.070   0.147   0.176   0.190   0.190   0.190 )
1439.960: I:1 (   0.025   0.025   0.025 ) T:144 (   0.068   0.147   0.176   0.190   0.190   0.190 )
1449.960: I:1 (   0.034   0.034   0.034 ) T:145 (   0.068   0.147   0.176   0.190   0.190   0.190 )
1459.960: I:1 (   0.039   0.039   0.039 ) T:146 (   0.067   0.147   0.176   0.190   0.190   0.190 )
1469.960: I:1 (   0.050   0.050   0.050 ) T:147 (   0.067   0.147   0.176   0.190   0.190   0.190 )
1479.960: I:1 (   0.065   0.065   0.065 ) T:148 (   0.066   0.147   0.176   0.190   0.190   0.190 )
1489.960: I:1 (   0.071   0.071   0.071 ) T:149 (   0.067   0.147   0.176   0.190   0.190   0.190 )
1499.959: I:1 (   0.030   0.030   0.030 ) T:150 (   0.066   0.147   0.176   0.190   0.190   0.190 )
1509.960: I:1 (   0.040   0.040   0.040 ) T:151 (   0.066   0.147   0.176   0.190   0.190   0.190 )
1519.960: I:1 (   0.053   0.053   0.053 ) T:152 (   0.065   0.147   0.176   0.190   0.190   0.190 )
1529.960: I:1 (   0.065   0.065   0.065 ) T:153 (   0.065   0.147   0.176   0.190   0.190   0.190 )
1539.960: I:1 (   0.026   0.026   0.026 ) T:154 (   0.065   0.147   0.176   0.190   0.190   0.190 )
1549.960: I:1 (   0.039   0.039   0.039 ) T:155 (   0.065   0.147   0.176   0.190   0.190   0.190 )
1559.960: I:1 (   0.051   0.051   0.051 ) T:156 (   0.064   0.147   0.176   0.190   0.190   0.190 )
1569.960: I:1 (   0.061   0.061   0.061 ) T:157 (   0.064   0.147   0.176   0.190   0.190   0.190 )
1579.959: I:1 (   0.028   0.028   0.028 ) T:158 (   0.064   0.147   0.176   0.190   0.190   0.190 )
1589.960: I:1 (   0.038   0.038   0.038 ) T:159 (   0.064   0.147   0.176   0.190   0.190   0.190 )
1599.960: I:1 (   0.049   0.049   0.049 ) T:160 (   0.064   0.145   0.176   0.190   0.190   0.190 )
1609.960: I:1 (   0.058   0.058   0.058 ) T:161 (   0.064   0.145   0.176   0.190   0.190   0.190 )
1619.960: I:1 (   0.027   0.027   0.027 ) T:162 (   0.064   0.145   0.176   0.190   0.190   0.190 )
1629.960: I:1 (   0.038   0.038   0.038 ) T:163 (   0.064   0.145   0.176   0.190   0.190   0.190 )
1639.959: I:1 (   0.052   0.052   0.052 ) T:164 (   0.064   0.145   0.176   0.190   0.190   0.190 )
1649.960: I:1 (   0.063   0.063   0.063 ) T:165 (   0.064   0.145   0.176   0.190   0.190   0.190 )
1659.960: I:1 (   0.025   0.025   0.025 ) T:166 (   0.063   0.145   0.176   0.190   0.190   0.190 )
1669.960: I:1 (   0.038   0.038   0.038 ) T:167 (   0.063   0.145   0.176   0.190   0.190   0.190 )
1679.960: I:1 (   0.049   0.049   0.049 ) T:168 (   0.063   0.145   0.176   0.190   0.190   0.190 )
1689.960: I:1 (   0.061   0.061   0.061 ) T:169 (   0.063   0.145   0.176   0.190   0.190   0.190 )
1699.960: I:1 (   0.026   0.026   0.026 ) T:170 (   0.063   0.138   0.176   0.190   0.190   0.190 )
1709.960: I:1 (   0.041   0.041   0.041 ) T:171 (   0.063   0.138   0.176   0.190   0.190   0.190 )
1719.961: I:1 (   0.052   0.052   0.052 ) T:172 (   0.062   0.138   0.176   0.190   0.190   0.190 )
1729.960: I:1 (   0.023   0.023   0.023 ) T:173 (   0.062   0.138   0.176   0.190   0.190   0.190 )
1739.960: I:1 (   0.031   0.031   0.031 ) T:174 (   0.062   0.138   0.176   0.190   0.190   0.190 )
1749.960: I:1 (   0.046   0.046   0.046 ) T:175 (   0.062   0.138   0.176   0.190   0.190   0.190 )
1759.960: I:1 (   0.052   0.052   0.052 ) T:176 (   0.061   0.138   0.176   0.190   0.190   0.190 )
1769.960: I:1 (   0.025   0.025   0.025 ) T:177 (   0.061   0.138   0.176   0.190   0.190   0.190 )
1779.960: I:1 (   0.039   0.039   0.039 ) T:178 (   0.061   0.138   0.176   0.190   0.190   0.190 )
1789.959: I:1 (   0.053   0.053   0.053 ) T:179 (   0.061   0.138   0.176   0.190   0.190   0.190 )
1799.960: I:1 (   0.026   0.026   0.026 ) T:180 (   0.061   0.132   0.176   0.190   0.190   0.190 )
1809.961: I:1 (   0.035   0.035   0.035 ) T:181 (   0.061   0.132   0.176   0.190   0.190   0.190 )
1819.960: I:1 (   0.049   0.049   0.049 ) T:182 (   0.061   0.132   0.176   0.190   0.190   0.190 )
1829.960: I:1 (   0.025   0.025   0.025 ) T:183 (   0.061   0.132   0.176   0.190   0.190   0.190 )
1839.960: I:1 (   0.038   0.038   0.038 ) T:184 (   0.061   0.132   0.176   0.190   0.190   0.190 )
1849.961: I:1 (   0.049   0.049   0.049 ) T:185 (   0.061   0.132   0.176   0.190   0.190   0.190 )
1859.960: I:1 (   0.027   0.027   0.027 ) T:186 (   0.060   0.132   0.176   0.190   0.190   0.190 )
1869.960: I:1 (   0.041   0.041   0.041 ) T:187 (   0.060   0.132   0.176   0.190   0.190   0.190 )
1879.961: I:1 (   0.021   0.021   0.021 ) T:188 (   0.060   0.132   0.176   0.190   0.190   0.190 )
1889.960: I:1 (   0.034   0.034   0.034 ) T:189 (   0.060   0.132   0.176   0.190   0.190   0.190 )
1899.960: I:1 (   0.040   0.040   0.040 ) T:190 (   0.060   0.130   0.176   0.190   0.190   0.190 )
1909.961: I:1 (   0.045   0.045   0.045 ) T:191 (   0.060   0.130   0.176   0.190   0.190   0.190 )
1919.960: I:1 (   0.024   0.024   0.024 ) T:192 (   0.060   0.130   0.176   0.190   0.190   0.190 )
1929.959: I:1 (   0.029   0.029   0.029 ) T:193 (   0.060   0.130   0.176   0.190   0.190   0.190 )
1939.960: I:1 (   0.039   0.039   0.039 ) T:194 (   0.059   0.130   0.176   0.190   0.190   0.190 )
1949.960: I:1 (   0.049   0.049   0.049 ) T:195 (   0.059   0.130   0.176   0.190   0.190   0.190 )
1959.960: I:1 (   0.028   0.028   0.028 ) T:196 (   0.059   0.130   0.176   0.190   0.190   0.190 )
1969.959: I:1 (   0.034   0.034   0.034 ) T:197 (   0.059   0.130   0.176   0.190   0.190   0.190 )
1979.960: I:1 (   0.045   0.045   0.045 ) T:198 (   0.058   0.130   0.176   0.190   0.190   0.190 )
1989.960: I:1 (   0.022   0.022   0.022 ) T:199 (   0.058   0.130   0.176   0.190   0.190   0.190 )
1999.960: I:1 (   0.033   0.033   0.033 ) T:200 (   0.057   0.128   0.175   0.190   0.190   0.190 )
2009.960: I:1 (   0.046   0.046   0.046 ) T:201 (   0.057   0.128   0.175   0.190   0.190   0.190 )
2019.960: I:1 (   0.024   0.024   0.024 ) T:202 (   0.057   0.128   0.175   0.190   0.190   0.190 )
2029.960: I:1 (   0.033   0.033   0.033 ) T:203 (   0.057   0.128   0.175   0.190   0.190   0.190 )
2039.960: I:1 (   0.047   0.047   0.047 ) T:204 (   0.056   0.128   0.175   0.190   0.190   0.190 )
2049.961: I:1 (   0.030   0.030   0.030 ) T:205 (   0.056   0.128   0.175   0.190   0.190   0.190 )
2059.958: I:1 (   0.039   0.039   0.039 ) T:206 (   0.055   0.128   0.175   0.190   0.190   0.190 )
2069.959: I:1 (   0.023   0.023   0.023 ) T:207 (   0.055   0.128   0.175   0.190   0.190   0.190 )
2079.960: I:1 (   0.031   0.031   0.031 ) T:208 (   0.053   0.128   0.175   0.190   0.190   0.190 )
2089.959: I:1 (   0.017   0.017   0.017 ) T:209 (   0.053   0.128   0.175   0.190   0.190   0.190 )
2099.961: I:1 (   0.033   0.033   0.033 ) T:210 (   0.053   0.127   0.175   0.190   0.190   0.190 )
2109.958: I:1 (   0.017   0.017   0.017 ) T:211 (   0.053   0.127   0.175   0.190   0.190   0.190 )
2119.960: I:1 (   0.033   0.033   0.033 ) T:212 (   0.053   0.127   0.175   0.190   0.190   0.190 )
2129.960: I:1 (   0.039   0.039   0.039 ) T:213 (   0.053   0.127   0.175   0.190   0.190   0.190 )
2139.960: I:1 (   0.029   0.029   0.029 ) T:214 (   0.052   0.127   0.175   0.190   0.190   0.190 )
2149.960: I:1 (   0.038   0.038   0.038 ) T:215 (   0.052   0.127   0.175   0.190   0.190   0.190 )
2159.960: I:1 (   0.024   0.024   0.024 ) T:216 (   0.052   0.127   0.175   0.190   0.190   0.190 )
2169.960: I:1 (   0.038   0.038   0.038 ) T:217 (   0.052   0.127   0.175   0.190   0.190   0.190 )
2179.959: I:1 (   0.030   0.030   0.030 ) T:218 (   0.052   0.127   0.175   0.190   0.190   0.190 )
2189.960: I:1 (   0.038   0.038   0.038 ) T:219 (   0.052   0.127   0.175   0.190   0.190   0.190 )
2199.960: I:1 (   0.029   0.029   0.029 ) T:220 (   0.051   0.126   0.175   0.190   0.190   0.190 )
2209.960: I:1 (   0.039   0.039   0.039 ) T:221 (   0.051   0.126   0.175   0.190   0.190   0.190 )
2219.960: I:1 (   0.023   0.023   0.023 ) T:222 (   0.051   0.126   0.175   0.190   0.190   0.190 )
2229.960: I:1 (   0.035   0.035   0.035 ) T:223 (   0.051   0.126   0.175   0.190   0.190   0.190 )
2239.960: I:1 (   0.025   0.025   0.025 ) T:224 (   0.050   0.126   0.175   0.190   0.190   0.190 )
2249.959: I:1 (   0.037   0.037   0.037 ) T:225 (   0.050   0.126   0.175   0.190   0.190   0.190 )
2259.960: I:1 (   0.025   0.025   0.025 ) T:226 (   0.050   0.126   0.175   0.190   0.190   0.190 )
2269.960: I:1 (   0.037   0.037   0.037 ) T:227 (   0.050   0.126   0.175   0.190   0.190   0.190 )
2279.960: I:1 (   0.029   0.029   0.029 ) T:228 (   0.050   0.126   0.175   0.190   0.190   0.190 )
2289.960: I:1 (   0.032   0.032   0.032 ) T:229 (   0.050   0.126   0.175   0.190   0.190   0.190 )
2299.960: I:1 (   0.025   0.025   0.025 ) T:230 (   0.050   0.125   0.175   0.190   0.190   0.190 )
2309.960: I:1 (   0.027   0.027   0.027 ) T:231 (   0.050   0.125   0.175   0.190   0.190   0.190 )
2319.960: I:1 (   0.038   0.038   0.038 ) T:232 (   0.050   0.125   0.175   0.190   0.190   0.190 )
2329.960: I:1 (   0.028   0.028   0.028 ) T:233 (   0.050   0.125   0.175   0.190   0.190   0.190 )
2339.960: I:1 (   0.033   0.033   0.033 ) T:234 (   0.050   0.125   0.175   0.190   0.190   0.190 )
2349.960: I:1 (   0.027   0.027   0.027 ) T:235 (   0.050   0.125   0.175   0.190   0.190   0.190 )
2359.962: I:1 (   0.030   0.030   0.030 ) T:236 (   0.049   0.125   0.175   0.190   0.190   0.190 )
2369.959: I:1 (   0.020   0.020   0.020 ) T:237 (   0.049   0.125   0.175   0.190   0.190   0.190 )
2379.960: I:1 (   0.032   0.032   0.032 ) T:238 (   0.049   0.125   0.175   0.190   0.190   0.190 )
2389.960: I:1 (   0.026   0.026   0.026 ) T:239 (   0.049   0.125   0.175   0.190   0.190   0.190 )
2399.960: I:1 (   0.032   0.032   0.032 ) T:240 (   0.049   0.125   0.175   0.190   0.190   0.190 )
2409.960: I:1 (   0.029   0.029   0.029 ) T:241 (   0.049   0.125   0.175   0.190   0.190   0.190 )
2419.960: I:1 (   0.022   0.022   0.022 ) T:242 (   0.049   0.125   0.175   0.190   0.190   0.190 )
2429.960: I:1 (   0.032   0.032   0.032 ) T:243 (   0.049   0.125   0.175   0.190   0.190   0.190 )
2439.960: I:1 (   0.027   0.027   0.027 ) T:244 (   0.049   0.125   0.175   0.190   0.190   0.190 )
2449.959: I:1 (   0.023   0.023   0.023 ) T:245 (   0.049   0.125   0.175   0.190   0.190   0.190 )
2459.960: I:1 (   0.033   0.033   0.033 ) T:246 (   0.049   0.125   0.175   0.190   0.190   0.190 )
2469.962: I:1 (   0.028   0.028   0.028 ) T:247 (   0.049   0.125   0.175   0.190   0.190   0.190 )
2479.959: I:1 (   0.038   0.038   0.038 ) T:248 (   0.049   0.125   0.175   0.190   0.190   0.190 )
2489.960: I:1 (   0.025   0.025   0.025 ) T:249 (   0.049   0.125   0.175   0.190   0.190   0.190 )
2499.962: I:1 (   0.025   0.025   0.025 ) T:250 (   0.048   0.122   0.175   0.190   0.190   0.190 )
2509.959: I:1 (   0.030   0.030   0.030 ) T:251 (   0.048   0.122   0.175   0.190   0.190   0.190 )
2519.960: I:1 (   0.026   0.026   0.026 ) T:252 (   0.048   0.122   0.175   0.190   0.190   0.190 )
2529.960: I:1 (   0.021   0.021   0.021 ) T:253 (   0.048   0.122   0.175   0.190   0.190   0.190 )
2539.960: I:1 (   0.031   0.031   0.031 ) T:254 (   0.048   0.122   0.175   0.190   0.190   0.190 )
2549.960: I:1 (   0.031   0.031   0.031 ) T:255 (   0.048   0.122   0.175   0.190   0.190   0.190 )
2559.960: I:1 (   0.028   0.028   0.028 ) T:256 (   0.047   0.122   0.175   0.190   0.190   0.190 )
2569.960: I:1 (   0.039   0.039   0.039 ) T:257 (   0.047   0.122   0.175   0.190   0.190   0.190 )
2579.960: I:1 (   0.023   0.023   0.023 ) T:258 (   0.046   0.122   0.175   0.190   0.190   0.190 )
2589.962: I:1 (   0.032   0.032   0.032 ) T:259 (   0.046   0.122   0.175   0.190   0.190   0.190 )
2599.959: I:1 (   0.024   0.024   0.024 ) T:260 (   0.046   0.120   0.175   0.190   0.190   0.190 )
2609.960: I:1 (   0.026   0.026   0.026 ) T:261 (   0.046   0.120   0.175   0.190   0.190   0.190 )
2619.960: I:1 (   0.032   0.032   0.032 ) T:262 (   0.046   0.120   0.175   0.190   0.190   0.190 )
2629.960: I:1 (   0.027   0.027   0.027 ) T:263 (   0.046   0.120   0.175   0.190   0.190   0.190 )
2639.960: I:1 (   0.023   0.023   0.023 ) T:264 (   0.046   0.120   0.175   0.190   0.190   0.190 )
2649.960: I:1 (   0.023   0.023   0.023 ) T:265 (   0.046   0.120   0.175   0.190   0.190   0.190 )
2659.960: I:1 (   0.034   0.034   0.034 ) T:266 (   0.045   0.120   0.175   0.190   0.190   0.190 )
2669.960: I:1 (   0.030   0.030   0.030 ) T:267 (   0.045   0.120   0.175   0.190   0.190   0.190 )
2679.960: I:1 (   0.026   0.026   0.026 ) T:268 (   0.045   0.120   0.175   0.190   0.190   0.190 )
2689.960: I:1 (   0.025   0.025   0.025 ) T:269 (   0.045   0.120   0.175   0.190   0.190   0.190 )
2699.960: I:1 (   0.027   0.027   0.027 ) T:270 (   0.045   0.118   0.175   0.190   0.190   0.190 )
2709.960: I:1 (   0.023   0.023   0.023 ) T:271 (   0.045   0.118   0.175   0.190   0.190   0.190 )
2719.960: I:1 (   0.020   0.020   0.020 ) T:272 (   0.044   0.118   0.175   0.190   0.190   0.190 )
2729.960: I:1 (   0.029   0.029   0.029 ) T:273 (   0.044   0.118   0.175   0.190   0.190   0.190 )
2739.960: I:1 (   0.026   0.026   0.026 ) T:274 (   0.044   0.118   0.175   0.190   0.190   0.190 )
2749.960: I:1 (   0.021   0.021   0.021 ) T:275 (   0.044   0.118   0.175   0.190   0.190   0.190 )
2759.960: I:1 (   0.030   0.030   0.030 ) T:276 (   0.044   0.118   0.175   0.190   0.190   0.190 )
2769.961: I:1 (   0.029   0.029   0.029 ) T:277 (   0.044   0.118   0.175   0.190   0.190   0.190 )
2779.960: I:1 (   0.026   0.026   0.026 ) T:278 (   0.044   0.118   0.175   0.190   0.190   0.190 )
2789.960: I:1 (   0.026   0.026   0.026 ) T:279 (   0.044   0.118   0.175   0.190   0.190   0.190 )
2799.960: I:1 (   0.033   0.033   0.033 ) T:280 (   0.041   0.118   0.175   0.190   0.190   0.190 )
2809.960: I:1 (   0.029   0.029   0.029 ) T:281 (   0.041   0.118   0.175   0.190   0.190   0.190 )
2819.960: I:1 (   0.023   0.023   0.023 ) T:282 (   0.041   0.118   0.175   0.190   0.190   0.190 )
2829.960: I:1 (   0.038   0.038   0.038 ) T:283 (   0.041   0.118   0.175   0.190   0.190   0.190 )
2839.959: I:1 (   0.030   0.030   0.030 ) T:284 (   0.041   0.118   0.175   0.190   0.190   0.190 )
2849.960: I:1 (   0.023   0.023   0.023 ) T:285 (   0.041   0.118   0.175   0.190   0.190   0.190 )
2859.960: I:1 (   0.018   0.018   0.018 ) T:286 (   0.041   0.118   0.175   0.190   0.190   0.190 )
2869.959: I:1 (   0.030   0.030   0.030 ) T:287 (   0.041   0.118   0.175   0.190   0.190   0.190 )
2879.960: I:1 (   0.029   0.029   0.029 ) T:288 (   0.040   0.118   0.175   0.190   0.190   0.190 )
2889.962: I:1 (   0.031   0.031   0.031 ) T:289 (   0.040   0.118   0.175   0.190   0.190   0.190 )
2899.959: I:1 (   0.022   0.022   0.022 ) T:290 (   0.040   0.113   0.175   0.190   0.190   0.190 )
2909.960: I:1 (   0.036   0.036   0.036 ) T:291 (   0.040   0.113   0.175   0.190   0.190   0.190 )
2919.960: I:1 (   0.024   0.024   0.024 ) T:292 (   0.040   0.113   0.175   0.190   0.190   0.190 )
2929.959: I:1 (   0.022   0.022   0.022 ) T:293 (   0.040   0.113   0.175   0.190   0.190   0.190 )
2939.960: I:1 (   0.018   0.018   0.018 ) T:294 (   0.040   0.113   0.175   0.190   0.190   0.190 )
2949.960: I:1 (   0.032   0.032   0.032 ) T:295 (   0.040   0.113   0.175   0.190   0.190   0.190 )
2959.960: I:1 (   0.029   0.029   0.029 ) T:296 (   0.039   0.113   0.175   0.190   0.190   0.190 )
2969.960: I:1 (   0.032   0.032   0.032 ) T:297 (   0.039   0.113   0.175   0.190   0.190   0.190 )
2979.960: I:1 (   0.031   0.031   0.031 ) T:298 (   0.039   0.113   0.175   0.190   0.190   0.190 )
2989.960: I:1 (   0.023   0.023   0.023 ) T:299 (   0.039   0.113   0.175   0.190   0.190   0.190 )
2999.960: I:1 (   0.035   0.035   0.035 ) T:300 (   0.039   0.111   0.174   0.190   0.190   0.190 )
3009.960: I:1 (   0.030   0.030   0.030 ) T:301 (   0.039   0.111   0.174   0.190   0.190   0.190 )
3019.960: I:1 (   0.023   0.023   0.023 ) T:302 (   0.039   0.111   0.174   0.190   0.190   0.190 )
3029.959: I:1 (   0.018   0.018   0.018 ) T:303 (   0.039   0.111   0.174   0.190   0.190   0.190 )
3039.960: I:1 (   0.031   0.031   0.031 ) T:304 (   0.039   0.111   0.174   0.190   0.190   0.190 )
3049.960: I:1 (   0.024   0.024   0.024 ) T:305 (   0.039   0.111   0.174   0.190   0.190   0.190 )
3059.960: I:1 (   0.024   0.024   0.024 ) T:306 (   0.039   0.111   0.174   0.190   0.190   0.190 )
3069.960: I:1 (   0.022   0.022   0.022 ) T:307 (   0.039   0.111   0.174   0.190   0.190   0.190 )
3079.960: I:1 (   0.034   0.034   0.034 ) T:308 (   0.039   0.111   0.174   0.190   0.190   0.190 )
3089.960: I:1 (   0.029   0.029   0.029 ) T:309 (   0.039   0.111   0.174   0.190   0.190   0.190 )
3099.960: I:1 (   0.026   0.026   0.026 ) T:310 (   0.039   0.110   0.174   0.190   0.190   0.190 )
3109.960: I:1 (   0.026   0.026   0.026 ) T:311 (   0.039   0.110   0.174   0.190   0.190   0.190 )
3119.960: I:1 (   0.025   0.025   0.025 ) T:312 (   0.039   0.110   0.174   0.190   0.190   0.190 )
3129.960: I:1 (   0.025   0.025   0.025 ) T:313 (   0.039   0.110   0.174   0.190   0.190   0.190 )
3139.960: I:1 (   0.025   0.025   0.025 ) T:314 (   0.039   0.110   0.174   0.190   0.190   0.190 )
3149.960: I:1 (   0.022   0.022   0.022 ) T:315 (   0.039   0.110   0.174   0.190   0.190   0.190 )
3159.960: I:1 (   0.031   0.031   0.031 ) T:316 (   0.038   0.110   0.174   0.190   0.190   0.190 )
3169.960: I:1 (   0.027   0.027   0.027 ) T:317 (   0.038   0.110   0.174   0.190   0.190   0.190 )
3179.960: I:1 (   0.030   0.030   0.030 ) T:318 (   0.038   0.110   0.174   0.190   0.190   0.190 )
3189.960: I:1 (   0.028   0.028   0.028 ) T:319 (   0.038   0.110   0.174   0.190   0.190   0.190 )
3199.960: I:1 (   0.036   0.036   0.036 ) T:320 (   0.038   0.109   0.174   0.190   0.190   0.190 )
3209.960: I:1 (   0.028   0.028   0.028 ) T:321 (   0.038   0.109   0.174   0.190   0.190   0.190 )
3219.959: I:1 (   0.026   0.026   0.026 ) T:322 (   0.038   0.109   0.174   0.190   0.190   0.190 )
3229.960: I:1 (   0.031   0.031   0.031 ) T:323 (   0.038   0.109   0.174   0.190   0.190   0.190 )
3239.960: I:1 (   0.029   0.029   0.029 ) T:324 (   0.038   0.109   0.174   0.190   0.190   0.190 )
3249.959: I:1 (   0.022   0.022   0.022 ) T:325 (   0.038   0.109   0.174   0.190   0.190   0.190 )
3259.960: I:1 (   0.032   0.032   0.032 ) T:326 (   0.038   0.109   0.174   0.190   0.190   0.190 )
3269.960: I:1 (   0.027   0.027   0.027 ) T:327 (   0.038   0.109   0.174   0.190   0.190   0.190 )
3279.959: I:1 (   0.021   0.021   0.021 ) T:328 (   0.038   0.109   0.174   0.190   0.190   0.190 )
3289.978: I:1 (   0.019   0.019   0.019 ) T:329 (   0.038   0.109   0.174   0.190   0.190   0.190 )
3299.960: I:1 (   0.019   0.019   0.019 ) T:330 (   0.038   0.107   0.174   0.190   0.190   0.190 )
3309.960: I:1 (   0.033   0.033   0.033 ) T:331 (   0.038   0.107   0.174   0.190   0.190   0.190 )
3319.960: I:1 (   0.030   0.030   0.030 ) T:332 (   0.038   0.107   0.174   0.190   0.190   0.190 )
3329.960: I:1 (   0.030   0.030   0.030 ) T:333 (   0.038   0.107   0.174   0.190   0.190   0.190 )
3339.960: I:1 (   0.025   0.025   0.025 ) T:334 (   0.038   0.107   0.174   0.190   0.190   0.190 )
3349.960: I:1 (   0.035   0.035   0.035 ) T:335 (   0.038   0.107   0.174   0.190   0.190   0.190 )
3359.959: I:1 (   0.030   0.030   0.030 ) T:336 (   0.038   0.107   0.174   0.190   0.190   0.190 )
3369.960: I:1 (   0.022   0.022   0.022 ) T:337 (   0.038   0.107   0.174   0.190   0.190   0.190 )
3379.959: I:1 (   0.033   0.033   0.033 ) T:338 (   0.038   0.107   0.174   0.190   0.190   0.190 )
3389.960: I:1 (   0.029   0.029   0.029 ) T:339 (   0.038   0.107   0.174   0.190   0.190   0.190 )
3399.961: I:1 (   0.028   0.028   0.028 ) T:340 (   0.037   0.106   0.174   0.190   0.190   0.190 )
3409.960: I:1 (   0.023   0.023   0.023 ) T:341 (   0.037   0.106   0.174   0.190   0.190   0.190 )
3419.960: I:1 (   0.034   0.034   0.034 ) T:342 (   0.037   0.106   0.174   0.190   0.190   0.190 )
3429.961: I:1 (   0.025   0.025   0.025 ) T:343 (   0.037   0.106   0.174   0.190   0.190   0.190 )
3439.958: I:1 (   0.026   0.026   0.026 ) T:344 (   0.037   0.106   0.174   0.190   0.190   0.190 )
3449.960: I:1 (   0.021   0.021   0.021 ) T:345 (   0.037   0.106   0.174   0.190   0.190   0.190 )
3459.961: I:1 (   0.034   0.034   0.034 ) T:346 (   0.037   0.106   0.174   0.190   0.190   0.190 )
3469.958: I:1 (   0.029   0.029   0.029 ) T:347 (   0.037   0.106   0.174   0.190   0.190   0.190 )
3479.960: I:1 (   0.029   0.029   0.029 ) T:348 (   0.036   0.106   0.174   0.190   0.190   0.190 )
3489.961: I:1 (   0.029   0.029   0.029 ) T:349 (   0.036   0.106   0.174   0.190   0.190   0.190 )
3499.980: I:1 (   0.022   0.022   0.022 ) T:350 (   0.036   0.100   0.174   0.190   0.190   0.190 )
3509.960: I:1 (   0.018   0.018   0.018 ) T:351 (   0.036   0.100   0.174   0.190   0.190   0.190 )
3519.960: I:1 (   0.034   0.034   0.034 ) T:352 (   0.035   0.100   0.174   0.190   0.190   0.190 )
3529.960: I:1 (   0.029   0.029   0.029 ) T:353 (   0.035   0.100   0.174   0.190   0.190   0.190 )
3539.960: I:1 (   0.027   0.027   0.027 ) T:354 (   0.035   0.100   0.174   0.190   0.190   0.190 )
3549.960: I:1 (   0.025   0.025   0.025 ) T:355 (   0.035   0.100   0.174   0.190   0.190   0.190 )
3559.961: I:1 (   0.020   0.020   0.020 ) T:356 (   0.035   0.100   0.174   0.190   0.190   0.190 )
3569.960: I:1 (   0.019   0.019   0.019 ) T:357 (   0.035   0.100   0.174   0.190   0.190   0.190 )
3579.960: I:1 (   0.035   0.035   0.035 ) T:358 (   0.035   0.100   0.174   0.190   0.190   0.190 )
3589.960: I:1 (   0.030   0.030   0.030 ) T:359 (   0.035   0.100   0.174   0.190   0.190   0.190 )
3599.959: I:1 (   0.027   0.027   0.027 ) T:360 (   0.035   0.100   0.174   0.190   0.190   0.190 )
3609.959: I:1 (   0.027   0.027   0.027 ) T:361 (   0.035   0.100   0.174   0.190   0.190   0.190 )
3619.960: I:1 (   0.034   0.034   0.034 ) T:362 (   0.035   0.100   0.174   0.190   0.190   0.190 )
3629.960: I:1 (   0.029   0.029   0.029 ) T:363 (   0.035   0.100   0.174   0.190   0.190   0.190 )
3639.960: I:1 (   0.023   0.023   0.023 ) T:364 (   0.034   0.100   0.174   0.190   0.190   0.190 )
3649.960: I:1 (   0.021   0.021   0.021 ) T:365 (   0.034   0.100   0.174   0.190   0.190   0.190 )
3659.960: I:1 (   0.035   0.035   0.035 ) T:366 (   0.034   0.100   0.174   0.190   0.190   0.190 )
3669.960: I:1 (   0.031   0.031   0.031 ) T:367 (   0.034   0.100   0.174   0.190   0.190   0.190 )
3679.960: I:1 (   0.026   0.026   0.026 ) T:368 (   0.034   0.100   0.174   0.190   0.190   0.190 )
3689.960: I:1 (   0.024   0.024   0.024 ) T:369 (   0.034   0.100   0.174   0.190   0.190   0.190 )
3699.960: I:1 (   0.020   0.020   0.020 ) T:370 (   0.034   0.099   0.174   0.190   0.190   0.190 )
3709.961: I:1 (   0.019   0.019   0.019 ) T:371 (   0.034   0.099   0.174   0.190   0.190   0.190 )
3719.960: I:1 (   0.029   0.029   0.029 ) T:372 (   0.034   0.099   0.174   0.190   0.190   0.190 )
3729.960: I:1 (   0.024   0.024   0.024 ) T:373 (   0.034   0.099   0.174   0.190   0.190   0.190 )
3739.960: I:1 (   0.021   0.021   0.021 ) T:374 (   0.034   0.099   0.174   0.190   0.190   0.190 )
3749.960: I:1 (   0.022   0.022   0.022 ) T:375 (   0.034   0.099   0.174   0.190   0.190   0.190 )
3759.960: I:1 (   0.035   0.035   0.035 ) T:376 (   0.034   0.099   0.174   0.190   0.190   0.190 )
3769.960: I:1 (   0.026   0.026   0.026 ) T:377 (   0.034   0.099   0.174   0.190   0.190   0.190 )
3779.961: I:1 (   0.027   0.027   0.027 ) T:378 (   0.034   0.099   0.174   0.190   0.190   0.190 )
3789.960: I:1 (   0.027   0.027   0.027 ) T:379 (   0.034   0.099   0.174   0.190   0.190   0.190 )
3799.960: I:1 (   0.025   0.025   0.025 ) T:380 (   0.034   0.099   0.174   0.190   0.190   0.190 )
3809.960: I:1 (   0.021   0.021   0.021 ) T:381 (   0.034   0.099   0.174   0.190   0.190   0.190 )
3813.421: I:2 (   0.017   0.027   0.027 ) T:383 (   0.034   0.099   0.174   0.190   0.190   0.190 )
3813.451: I:0 (   0.000   0.000   0.000 ) T:383 (   0.034   0.099   0.174   0.190   0.190   0.190 )
