#[Interval percentile log between 0.000 and <Infinite> seconds (relative to StartTime)]
#[StartTime: 1524610600.396 (seconds since epoch), Wed Apr 25 00:56:40 CEST 2018]
Time: IntervalPercentiles:count ( 50% 90% Max ) TotalPercentiles:count ( 50% 90% 99% 99.9% 99.99% Max )
8.618: I:17 ( 126.335 223.359 245.503 ) T:17 ( 126.335 223.359 245.503 245.503 245.503 245.503 )
18.594: I:18 ( 102.079 161.151 168.959 ) T:35 ( 120.127 171.775 245.503 245.503 245.503 245.503 )
28.596: I:17 ( 162.815 296.447 363.263 ) T:52 ( 120.191 223.359 363.263 363.263 363.263 363.263 )
38.595: I:20 ( 113.215 121.983 208.895 ) T:72 ( 116.351 190.591 363.263 363.263 363.263 363.263 )
48.595: I:21 ( 116.223 172.287 281.087 ) T:93 ( 116.351 176.895 363.263 363.263 363.263 363.263 )
58.595: I:21 ( 112.575 216.575 338.431 ) T:114 ( 116.223 190.591 338.431 363.263 363.263 363.263 )
68.592: I:23 ( 113.599 168.831 242.687 ) T:137 ( 116.223 176.895 338.431 363.263 363.263 363.263 )
78.592: I:21 (  66.879 173.183 240.767 ) T:158 ( 116.159 176.895 338.431 363.263 363.263 363.263 )
88.597: I:22 ( 113.215 152.191 243.455 ) T:180 ( 113.727 176.895 338.431 363.263 363.263 363.263 )
98.595: I:21 ( 102.015 192.767 293.119 ) T:201 ( 113.663 176.895 296.447 363.263 363.263 363.263 )
108.592: I:21 ( 113.279 173.823 316.415 ) T:222 ( 113.663 176.895 316.415 363.263 363.263 363.263 )
118.592: I:22 (  90.047 155.007 262.143 ) T:244 ( 113.407 176.895 316.415 363.263 363.263 363.263 )
128.583: I:24 ( 116.479 173.055 214.911 ) T:268 ( 113.599 176.895 316.415 363.263 363.263 363.263 )
138.593: I:21 ( 111.743 211.455 375.295 ) T:289 ( 113.599 190.591 338.431 375.295 375.295 375.295 )
148.592: I:23 ( 116.607 173.567 217.983 ) T:312 ( 113.663 178.559 316.415 375.295 375.295 375.295 )
158.594: I:19 ( 117.823 220.287 242.943 ) T:331 ( 113.791 187.647 316.415 375.295 375.295 375.295 )
168.594: I:25 ( 102.079 171.135 347.391 ) T:356 ( 113.663 187.647 338.431 375.295 375.295 375.295 )
178.591: I:22 ( 103.167 249.727 310.271 ) T:378 ( 113.599 190.591 338.431 375.295 375.295 375.295 )
188.584: I:23 ( 112.127 156.671 306.943 ) T:401 ( 113.407 178.559 316.415 375.295 375.295 375.295 )
198.588: I:22 ( 112.639 197.375 254.079 ) T:423 ( 113.407 187.647 316.415 375.295 375.295 375.295 )
208.584: I:21 (  85.055 168.319 179.327 ) T:444 ( 113.279 178.559 316.415 375.295 375.295 375.295 )
218.585: I:24 ( 112.639 193.919 257.023 ) T:468 ( 113.215 179.327 316.415 375.295 375.295 375.295 )
228.585: I:22 ( 116.223 167.807 263.423 ) T:490 ( 113.279 178.047 316.415 375.295 375.295 375.295 )
238.585: I:23 (  90.623 177.919 313.343 ) T:513 ( 113.215 178.047 313.343 375.295 375.295 375.295 )
248.587: I:21 ( 116.287 187.647 211.199 ) T:534 ( 113.215 179.327 313.343 375.295 375.295 375.295 )
258.583: I:24 ( 116.607 211.583 219.519 ) T:558 ( 113.279 185.855 313.343 375.295 375.295 375.295 )
268.588: I:25 ( 106.431 155.647 301.311 ) T:583 ( 113.279 178.559 313.343 375.295 375.295 375.295 )
278.582: I:20 (  80.639 173.439 330.495 ) T:603 ( 113.215 178.559 313.343 375.295 375.295 375.295 )
288.582: I:23 ( 112.831 208.255 239.359 ) T:626 ( 113.215 185.855 313.343 375.295 375.295 375.295 )
298.585: I:21 ( 116.863 201.983 260.479 ) T:647 ( 113.215 187.647 313.343 375.295 375.295 375.295 )
308.585: I:18 ( 115.903 164.863 214.399 ) T:665 ( 113.279 185.855 313.343 375.295 375.295 375.295 )
318.582: I:19 ( 105.791 166.399 247.423 ) T:684 ( 113.215 179.327 313.343 375.295 375.295 375.295 )
328.585: I:19 ( 112.895 319.743 558.079 ) T:703 ( 113.215 185.855 316.415 558.079 558.079 558.079 )
338.585: I:17 ( 102.719 372.735 422.143 ) T:720 ( 113.215 187.647 330.495 558.079 558.079 558.079 )
348.583: I:20 ( 105.599 173.439 227.071 ) T:740 ( 113.215 187.647 330.495 558.079 558.079 558.079 )
358.586: I:20 ( 172.031 381.695 811.007 ) T:760 ( 113.407 197.375 363.263 811.007 811.007 811.007 )
368.585: I:19 ( 151.935 459.775 490.239 ) T:779 ( 113.599 202.367 375.295 811.007 811.007 811.007 )
378.581: I:21 ( 167.679 222.591 365.055 ) T:800 ( 113.791 207.615 372.735 811.007 811.007 811.007 )
388.588: I:22 ( 131.711 174.463 424.703 ) T:822 ( 115.647 207.615 381.695 811.007 811.007 811.007 )
398.584: I:21 ( 151.935 222.591 495.103 ) T:843 ( 115.903 209.023 381.951 811.007 811.007 811.007 )
408.586: I:22 ( 141.823 192.383 398.079 ) T:865 ( 115.903 209.023 398.079 811.007 811.007 811.007 )
418.586: I:23 ( 151.935 299.519 475.135 ) T:888 ( 116.223 209.279 422.143 811.007 811.007 811.007 )
428.584: I:23 ( 151.807 209.791 503.807 ) T:911 ( 116.287 209.279 422.143 811.007 811.007 811.007 )
438.585: I:20 ( 152.191 266.239 489.471 ) T:931 ( 116.351 209.919 424.703 811.007 811.007 811.007 )
448.585: I:24 ( 131.711 219.007 430.847 ) T:955 ( 116.351 209.919 430.847 811.007 811.007 811.007 )
458.585: I:24 ( 131.711 184.703 382.207 ) T:979 ( 116.543 209.919 430.847 811.007 811.007 811.007 )
468.585: I:23 ( 141.823 232.703 359.679 ) T:1002 ( 116.607 211.199 424.703 748.031 811.007 811.007 )
478.579: I:23 ( 131.711 182.271 429.567 ) T:1025 ( 116.671 211.199 429.567 748.031 811.007 811.007 )
488.586: I:17 ( 176.127 377.855 418.047 ) T:1042 ( 116.799 211.455 429.567 748.031 811.007 811.007 )
498.579: I:25 ( 141.695 283.135 342.271 ) T:1067 ( 116.863 211.583 429.567 748.031 811.007 811.007 )
508.585: I:21 ( 149.631 212.095 308.223 ) T:1088 ( 117.183 212.095 429.567 748.031 811.007 811.007 )
518.593: I:23 ( 162.047 227.199 266.495 ) T:1111 ( 117.503 212.095 424.703 748.031 811.007 811.007 )
528.585: I:19 ( 154.879 242.687 377.855 ) T:1130 ( 117.567 212.479 424.703 748.031 811.007 811.007 )
538.587: I:23 ( 156.543 241.535 426.239 ) T:1153 ( 117.695 212.479 426.239 748.031 811.007 811.007 )
548.584: I:24 ( 141.823 222.591 244.607 ) T:1177 ( 117.823 214.399 426.239 748.031 811.007 811.007 )
558.585: I:17 ( 172.159 325.375 409.599 ) T:1194 ( 118.079 214.911 426.239 748.031 811.007 811.007 )
568.586: I:22 ( 141.823 206.847 430.591 ) T:1216 ( 120.191 214.399 426.239 748.031 811.007 811.007 )
578.586: I:23 ( 121.599 329.215 538.623 ) T:1239 ( 120.959 216.191 429.567 748.031 811.007 811.007 )
588.584: I:25 ( 131.711 194.559 304.895 ) T:1264 ( 121.343 214.911 429.567 748.031 811.007 811.007 )
598.588: I:23 ( 131.711 205.567 313.599 ) T:1287 ( 121.471 214.911 429.567 748.031 811.007 811.007 )
608.588: I:24 ( 131.711 202.239 387.583 ) T:1311 ( 121.471 214.399 426.239 748.031 811.007 811.007 )
618.588: I:21 ( 156.415 292.351 327.423 ) T:1332 ( 121.535 216.191 426.239 748.031 811.007 811.007 )
628.587: I:26 ( 131.711 223.487 434.943 ) T:1358 ( 121.535 216.447 429.567 748.031 811.007 811.007 )
638.584: I:19 ( 172.159 212.607 372.735 ) T:1377 ( 121.535 216.191 429.567 748.031 811.007 811.007 )
648.585: I:22 ( 151.935 247.935 460.031 ) T:1399 ( 121.535 216.575 430.591 748.031 811.007 811.007 )
658.585: I:21 ( 121.535 212.223 400.383 ) T:1420 ( 121.535 216.447 429.567 748.031 811.007 811.007 )
668.591: I:23 ( 150.527 202.239 638.463 ) T:1443 ( 121.599 216.191 430.591 748.031 811.007 811.007 )
678.589: I:23 ( 141.823 243.071 500.735 ) T:1466 ( 121.599 216.447 434.943 748.031 811.007 811.007 )
688.589: I:24 ( 121.663 174.591 349.183 ) T:1490 ( 121.599 216.191 434.943 748.031 811.007 811.007 )
698.589: I:23 ( 141.951 260.991 292.607 ) T:1513 ( 121.599 216.575 430.847 748.031 811.007 811.007 )
708.589: I:22 ( 141.823 207.615 412.671 ) T:1535 ( 121.599 216.575 430.847 748.031 811.007 811.007 )
718.586: I:21 ( 161.919 212.479 269.567 ) T:1556 ( 121.599 216.447 430.847 748.031 811.007 811.007 )
728.589: I:21 ( 152.959 266.495 400.639 ) T:1577 ( 121.599 216.575 430.847 748.031 811.007 811.007 )
738.589: I:24 ( 151.935 280.831 445.695 ) T:1601 ( 121.663 217.983 430.847 748.031 811.007 811.007 )
748.588: I:22 ( 172.159 248.447 351.231 ) T:1623 ( 121.663 217.983 430.847 748.031 811.007 811.007 )
758.590: I:23 ( 121.599 192.255 432.383 ) T:1646 ( 121.663 217.983 432.383 748.031 811.007 811.007 )
768.589: I:24 ( 126.463 192.255 458.495 ) T:1670 ( 121.663 217.983 434.943 748.031 811.007 811.007 )
778.589: I:22 ( 131.839 346.879 374.527 ) T:1692 ( 121.663 217.983 434.943 748.031 811.007 811.007 )
788.581: I:21 ( 168.191 242.687 454.399 ) T:1713 ( 121.727 218.239 434.943 748.031 811.007 811.007 )
798.588: I:21 ( 161.919 192.511 317.439 ) T:1734 ( 122.047 218.239 434.943 748.031 811.007 811.007 )
808.589: I:20 ( 121.535 181.375 2111.487 ) T:1754 ( 122.047 218.239 445.951 811.007 2111.487 2111.487 )
818.588: I:24 ( 121.663 217.599 405.503 ) T:1778 ( 122.047 218.239 445.951 811.007 2111.487 2111.487 )
828.590: I:22 ( 131.711 222.719 315.903 ) T:1800 ( 122.431 218.239 445.695 811.007 2111.487 2111.487 )
838.589: I:18 ( 161.919 242.815 281.599 ) T:1818 ( 123.135 218.495 445.695 811.007 2111.487 2111.487 )
848.589: I:18 ( 170.239 350.207 461.055 ) T:1836 ( 123.519 219.007 445.951 811.007 2111.487 2111.487 )
858.589: I:24 ( 131.583 437.759 452.607 ) T:1860 ( 123.519 219.007 452.607 811.007 2111.487 2111.487 )
868.589: I:21 ( 130.879 172.159 353.791 ) T:1881 ( 123.647 218.495 452.607 811.007 2111.487 2111.487 )
878.582: I:23 ( 172.159 253.311 420.607 ) T:1904 ( 126.335 219.007 450.559 811.007 2111.487 2111.487 )
888.585: I:19 ( 166.271 348.159 454.399 ) T:1923 ( 126.719 219.391 452.607 811.007 2111.487 2111.487 )
898.583: I:21 ( 142.975 195.967 473.343 ) T:1944 ( 127.295 219.391 454.399 811.007 2111.487 2111.487 )
908.585: I:25 ( 131.839 204.159 355.839 ) T:1969 ( 127.871 219.391 454.399 811.007 2111.487 2111.487 )
918.588: I:24 ( 151.679 187.263 342.527 ) T:1993 ( 130.431 219.391 454.399 811.007 2111.487 2111.487 )
928.589: I:22 ( 131.839 222.591 325.375 ) T:2015 ( 130.943 219.391 452.607 748.031 2111.487 2111.487 )
938.588: I:19 ( 149.887 346.367 485.887 ) T:2034 ( 131.455 219.519 454.399 748.031 2111.487 2111.487 )
948.587: I:23 ( 141.823 212.607 342.783 ) T:2057 ( 131.583 219.519 454.399 748.031 2111.487 2111.487 )
958.586: I:22 ( 131.711 192.255 490.751 ) T:2079 ( 131.583 219.519 458.495 748.031 2111.487 2111.487 )
968.589: I:23 ( 131.711 192.255 396.031 ) T:2102 ( 131.583 219.391 454.399 748.031 2111.487 2111.487 )
978.589: I:22 ( 122.111 275.711 333.567 ) T:2124 ( 131.583 220.287 454.399 748.031 2111.487 2111.487 )
988.589: I:22 ( 141.695 202.367 461.823 ) T:2146 ( 131.583 220.287 458.495 748.031 2111.487 2111.487 )
998.589: I:22 ( 141.823 214.399 311.807 ) T:2168 ( 131.583 220.287 458.495 748.031 2111.487 2111.487 )
1008.592: I:24 ( 131.711 179.455 534.015 ) T:2192 ( 131.583 219.519 459.775 748.031 2111.487 2111.487 )
1018.589: I:25 ( 131.839 263.935 429.311 ) T:2217 ( 131.583 220.287 458.495 748.031 2111.487 2111.487 )
1028.585: I:25 ( 121.535 273.151 337.151 ) T:2242 ( 131.583 220.287 458.495 748.031 2111.487 2111.487 )
1038.591: I:17 ( 136.959 187.519 598.015 ) T:2259 ( 131.583 220.287 459.775 748.031 2111.487 2111.487 )
1048.590: I:22 ( 131.711 232.959 512.255 ) T:2281 ( 131.583 221.183 460.031 748.031 2111.487 2111.487 )
1058.589: I:24 ( 131.711 315.391 457.215 ) T:2305 ( 131.583 222.591 459.775 748.031 2111.487 2111.487 )
1068.587: I:22 ( 151.935 315.903 381.695 ) T:2327 ( 131.711 222.591 459.775 748.031 2111.487 2111.487 )
1078.587: I:21 ( 151.807 224.383 306.687 ) T:2348 ( 131.711 222.591 459.775 748.031 2111.487 2111.487 )
1088.589: I:22 ( 161.535 235.007 416.255 ) T:2370 ( 131.711 222.591 459.775 748.031 2111.487 2111.487 )
1098.590: I:21 ( 156.671 325.631 694.783 ) T:2391 ( 131.711 222.591 460.031 748.031 2111.487 2111.487 )
1108.592: I:24 ( 131.583 202.367 447.999 ) T:2415 ( 131.711 222.591 459.775 748.031 2111.487 2111.487 )
1118.589: I:20 ( 161.919 242.687 339.199 ) T:2435 ( 131.711 222.591 459.775 748.031 2111.487 2111.487 )
1128.589: I:19 ( 181.887 332.543 583.167 ) T:2454 ( 131.711 222.591 460.031 748.031 2111.487 2111.487 )
1138.589: I:22 ( 131.711 263.935 379.135 ) T:2476 ( 131.711 222.591 460.031 748.031 2111.487 2111.487 )
1148.585: I:23 ( 136.191 186.751 333.823 ) T:2499 ( 131.711 222.591 460.031 748.031 2111.487 2111.487 )
1158.592: I:25 ( 131.583 293.375 483.071 ) T:2524 ( 131.711 222.591 460.031 748.031 2111.487 2111.487 )
1168.589: I:22 ( 141.823 233.599 322.815 ) T:2546 ( 131.711 222.591 460.031 748.031 2111.487 2111.487 )
1178.589: I:17 ( 192.255 343.807 353.791 ) T:2563 ( 131.711 222.591 460.031 748.031 2111.487 2111.487 )
1188.589: I:26 ( 131.711 270.591 398.591 ) T:2589 ( 131.711 222.591 460.031 748.031 2111.487 2111.487 )
1198.589: I:22 ( 131.711 202.111 358.655 ) T:2611 ( 131.711 222.591 459.775 748.031 2111.487 2111.487 )
1208.588: I:22 ( 162.047 211.967 397.055 ) T:2633 ( 131.711 222.591 459.775 748.031 2111.487 2111.487 )
1218.582: I:18 ( 172.031 320.767 403.455 ) T:2651 ( 131.711 222.591 459.775 748.031 2111.487 2111.487 )
1228.590: I:20 ( 162.047 317.951 460.799 ) T:2671 ( 131.711 222.591 460.031 748.031 2111.487 2111.487 )
1238.590: I:21 ( 141.823 265.215 351.231 ) T:2692 ( 131.711 222.719 460.031 748.031 2111.487 2111.487 )
1248.586: I:22 ( 161.919 192.127 311.295 ) T:2714 ( 131.711 222.591 459.775 748.031 2111.487 2111.487 )
1258.589: I:23 ( 121.663 308.223 423.423 ) T:2737 ( 131.711 223.103 459.775 748.031 2111.487 2111.487 )
1268.584: I:22 ( 141.567 203.007 530.431 ) T:2759 ( 131.711 223.103 460.031 748.031 2111.487 2111.487 )
1278.591: I:20 ( 121.599 211.967 478.463 ) T:2779 ( 131.711 223.103 460.799 748.031 2111.487 2111.487 )
1288.585: I:29 ( 131.839 212.479 331.519 ) T:2808 ( 131.711 222.719 460.031 748.031 2111.487 2111.487 )
1298.591: I:24 ( 131.711 361.471 466.687 ) T:2832 ( 131.711 222.719 460.799 748.031 2111.487 2111.487 )
1308.585: I:20 ( 131.711 212.479 479.231 ) T:2852 ( 131.711 222.591 461.055 748.031 2111.487 2111.487 )
1318.588: I:20 ( 172.031 268.799 385.791 ) T:2872 ( 131.711 223.359 461.055 748.031 2111.487 2111.487 )
1328.588: I:25 ( 131.839 192.895 393.471 ) T:2897 ( 131.711 223.359 461.055 748.031 2111.487 2111.487 )
1338.582: I:17 ( 160.511 364.287 526.847 ) T:2914 ( 131.711 223.487 461.055 748.031 2111.487 2111.487 )
1348.585: I:18 ( 172.031 441.599 586.239 ) T:2932 ( 131.711 223.615 461.823 748.031 2111.487 2111.487 )
1358.589: I:22 ( 166.399 222.463 427.519 ) T:2954 ( 131.711 223.615 461.823 748.031 2111.487 2111.487 )
1368.585: I:24 ( 121.599 181.375 452.607 ) T:2978 ( 131.711 223.615 461.823 748.031 2111.487 2111.487 )
1378.588: I:22 ( 150.399 294.143 501.759 ) T:3000 ( 131.711 223.615 461.823 694.783 2111.487 2111.487 )
1388.588: I:25 ( 131.711 212.223 399.359 ) T:3025 ( 131.711 223.615 461.823 694.783 2111.487 2111.487 )
1398.592: I:16 ( 170.239 283.135 321.023 ) T:3041 ( 131.711 223.615 461.823 694.783 2111.487 2111.487 )
1408.588: I:24 ( 141.823 232.703 543.743 ) T:3065 ( 131.711 224.383 466.687 694.783 2111.487 2111.487 )
1418.590: I:22 ( 154.367 271.359 489.471 ) T:3087 ( 131.711 225.279 471.807 694.783 2111.487 2111.487 )
1428.589: I:20 ( 156.031 254.463 458.751 ) T:3107 ( 131.711 227.071 466.687 694.783 2111.487 2111.487 )
1438.589: I:22 ( 151.807 222.591 300.287 ) T:3129 ( 131.711 226.559 466.687 694.783 2111.487 2111.487 )
1448.589: I:18 ( 138.495 326.399 436.223 ) T:3147 ( 131.711 226.559 466.687 694.783 2111.487 2111.487 )
1458.589: I:23 ( 156.031 212.479 357.631 ) T:3170 ( 131.711 225.279 466.687 694.783 2111.487 2111.487 )
1468.589: I:22 ( 141.823 222.591 386.815 ) T:3192 ( 131.711 225.279 466.687 694.783 2111.487 2111.487 )
1478.582: I:24 ( 131.583 313.855 487.679 ) T:3216 ( 131.711 226.559 466.687 694.783 2111.487 2111.487 )
1488.589: I:21 ( 142.847 212.479 472.575 ) T:3237 ( 131.711 226.559 471.807 694.783 2111.487 2111.487 )
1498.589: I:24 ( 131.711 220.031 341.759 ) T:3261 ( 131.711 225.279 471.807 694.783 2111.487 2111.487 )
1508.589: I:21 ( 132.991 287.231 419.583 ) T:3282 ( 131.711 226.559 471.807 694.783 2111.487 2111.487 )
1518.585: I:22 ( 141.823 184.191 390.143 ) T:3304 ( 131.711 225.279 466.687 694.783 2111.487 2111.487 )
1528.588: I:20 ( 141.823 265.983 445.183 ) T:3324 ( 131.711 227.071 466.687 694.783 2111.487 2111.487 )
1538.585: I:25 ( 141.823 232.575 323.839 ) T:3349 ( 131.711 227.199 466.687 694.783 2111.487 2111.487 )
1548.589: I:24 ( 163.071 280.575 332.031 ) T:3373 ( 131.711 227.839 466.687 694.783 2111.487 2111.487 )
1558.582: I:22 ( 135.551 227.711 384.255 ) T:3395 ( 131.711 227.839 466.687 694.783 2111.487 2111.487 )
1568.589: I:23 ( 157.055 193.663 348.927 ) T:3418 ( 131.839 227.711 461.823 694.783 2111.487 2111.487 )
1578.591: I:24 ( 132.735 245.887 349.439 ) T:3442 ( 131.839 227.839 461.823 694.783 2111.487 2111.487 )
1588.593: I:22 ( 141.823 211.583 307.711 ) T:3464 ( 131.839 227.839 461.823 694.783 2111.487 2111.487 )
1598.585: I:24 ( 149.759 212.479 396.799 ) T:3488 ( 131.839 227.839 461.823 694.783 2111.487 2111.487 )
1608.591: I:22 ( 141.695 189.695 348.671 ) T:3510 ( 131.839 227.711 461.055 694.783 2111.487 2111.487 )
1618.592: I:22 ( 131.327 377.599 422.143 ) T:3532 ( 131.839 227.967 461.055 694.783 2111.487 2111.487 )
1628.589: I:23 ( 131.711 202.367 342.783 ) T:3555 ( 131.839 227.839 461.055 694.783 2111.487 2111.487 )
1638.592: I:22 ( 151.679 266.239 411.135 ) T:3577 ( 131.839 227.967 461.055 694.783 2111.487 2111.487 )
1648.589: I:20 ( 167.807 212.351 484.095 ) T:3597 ( 131.839 227.967 461.823 694.783 2111.487 2111.487 )
1658.595: I:22 ( 151.935 192.127 370.943 ) T:3619 ( 131.839 227.967 461.055 694.783 2111.487 2111.487 )
1668.587: I:23 ( 131.711 252.927 466.687 ) T:3642 ( 131.839 227.967 461.823 694.783 2111.487 2111.487 )
1678.587: I:22 ( 131.583 232.703 452.095 ) T:3664 ( 131.839 228.223 461.823 694.783 2111.487 2111.487 )
1688.588: I:24 ( 142.975 229.631 413.183 ) T:3688 ( 131.839 229.503 461.823 694.783 2111.487 2111.487 )
1698.588: I:24 ( 131.711 289.791 388.607 ) T:3712 ( 131.839 229.503 461.055 694.783 2111.487 2111.487 )
1708.587: I:22 ( 141.695 241.663 419.071 ) T:3734 ( 131.839 229.631 461.055 694.783 2111.487 2111.487 )
1718.590: I:22 ( 131.711 191.743 383.999 ) T:3756 ( 131.839 229.503 461.055 694.783 2111.487 2111.487 )
1728.588: I:22 ( 131.711 222.591 300.543 ) T:3778 ( 131.839 229.503 461.055 694.783 2111.487 2111.487 )
1738.589: I:25 ( 131.839 262.911 391.167 ) T:3803 ( 131.839 229.503 460.799 694.783 2111.487 2111.487 )
1748.589: I:26 ( 121.727 215.551 454.911 ) T:3829 ( 131.839 229.503 460.799 694.783 2111.487 2111.487 )
1758.589: I:23 ( 131.711 204.799 309.503 ) T:3852 ( 131.839 228.223 460.799 694.783 2111.487 2111.487 )
1768.589: I:21 ( 161.919 222.719 465.407 ) T:3873 ( 131.839 228.223 461.055 694.783 2111.487 2111.487 )
1778.589: I:25 ( 121.535 260.991 376.319 ) T:3898 ( 131.839 229.631 461.055 694.783 2111.487 2111.487 )
1788.586: I:24 ( 131.711 202.367 410.367 ) T:3922 ( 131.839 229.503 460.799 694.783 2111.487 2111.487 )
1798.592: I:23 ( 172.159 203.775 341.503 ) T:3945 ( 131.839 229.503 460.799 694.783 2111.487 2111.487 )
1808.586: I:24 ( 121.599 325.631 495.359 ) T:3969 ( 131.839 230.271 461.055 694.783 2111.487 2111.487 )
1818.583: I:22 ( 141.823 232.703 414.975 ) T:3991 ( 131.839 230.271 461.055 694.783 2111.487 2111.487 )
1828.586: I:21 ( 162.047 192.255 487.167 ) T:4012 ( 131.839 230.271 461.055 638.463 2111.487 2111.487 )
1838.591: I:22 ( 133.375 203.391 246.527 ) T:4034 ( 131.839 229.631 461.055 638.463 2111.487 2111.487 )
1848.590: I:25 ( 131.711 248.191 284.927 ) T:4059 ( 131.839 232.575 461.055 638.463 2111.487 2111.487 )
1858.585: I:23 ( 162.047 222.591 326.143 ) T:4082 ( 131.839 230.271 461.055 638.463 2111.487 2111.487 )
1868.591: I:23 ( 142.463 282.879 336.383 ) T:4105 ( 131.839 232.575 460.799 638.463 2111.487 2111.487 )
1878.587: I:22 ( 131.711 236.031 316.927 ) T:4127 ( 131.839 232.703 460.799 638.463 2111.487 2111.487 )
1888.587: I:21 ( 151.935 232.319 313.087 ) T:4148 ( 131.839 232.703 460.799 638.463 2111.487 2111.487 )
1898.590: I:22 ( 141.823 222.719 265.983 ) T:4170 ( 131.839 232.703 460.799 638.463 2111.487 2111.487 )
1908.589: I:23 ( 151.807 192.895 364.031 ) T:4193 ( 131.839 232.703 460.799 638.463 2111.487 2111.487 )
1918.595: I:22 ( 162.047 239.615 420.607 ) T:4215 ( 131.839 232.703 460.031 638.463 2111.487 2111.487 )
1928.592: I:25 ( 121.599 268.799 440.319 ) T:4240 ( 131.839 232.703 460.031 638.463 2111.487 2111.487 )
1938.589: I:23 ( 153.599 271.359 309.759 ) T:4263 ( 131.839 232.703 460.031 638.463 2111.487 2111.487 )
1948.589: I:24 ( 121.663 226.175 378.879 ) T:4287 ( 131.839 232.703 460.031 638.463 2111.487 2111.487 )
1958.590: I:25 ( 121.599 259.455 273.407 ) T:4312 ( 131.839 232.703 459.775 638.463 2111.487 2111.487 )
1968.590: I:25 ( 132.607 249.855 486.143 ) T:4337 ( 131.839 232.703 460.031 638.463 2111.487 2111.487 )
1978.589: I:22 ( 132.479 232.575 430.079 ) T:4359 ( 131.839 232.703 460.031 638.463 2111.487 2111.487 )
1988.589: I:22 ( 141.823 209.791 349.183 ) T:4381 ( 131.839 232.703 460.031 638.463 2111.487 2111.487 )
1998.585: I:22 ( 121.727 215.295 547.327 ) T:4403 ( 131.839 232.703 460.031 638.463 2111.487 2111.487 )
2008.586: I:22 ( 163.327 263.935 475.391 ) T:4425 ( 131.839 232.703 460.799 638.463 2111.487 2111.487 )
2018.589: I:20 ( 153.087 223.999 261.631 ) T:4445 ( 131.839 232.703 460.799 638.463 2111.487 2111.487 )
2028.586: I:23 ( 131.711 172.159 492.799 ) T:4468 ( 131.839 232.703 461.055 638.463 2111.487 2111.487 )
2038.589: I:19 ( 162.047 225.919 370.431 ) T:4487 ( 131.839 232.703 461.055 638.463 2111.487 2111.487 )
2048.589: I:21 ( 172.031 322.303 541.695 ) T:4508 ( 131.839 232.703 461.055 638.463 2111.487 2111.487 )
2058.586: I:21 ( 156.671 222.719 425.983 ) T:4529 ( 131.839 232.703 461.055 638.463 2111.487 2111.487 )
2068.587: I:21 ( 161.919 194.047 389.887 ) T:4550 ( 131.839 232.703 461.055 638.463 2111.487 2111.487 )
2078.590: I:19 ( 171.647 443.647 461.311 ) T:4569 ( 131.839 232.703 461.311 638.463 2111.487 2111.487 )
2088.587: I:22 ( 131.711 350.975 453.887 ) T:4591 ( 131.839 232.703 461.311 638.463 2111.487 2111.487 )
2098.582: I:24 ( 131.711 192.255 314.879 ) T:4615 ( 131.839 232.703 461.055 638.463 2111.487 2111.487 )
2108.588: I:24 ( 138.751 182.271 330.495 ) T:4639 ( 131.839 232.703 461.055 638.463 2111.487 2111.487 )
2118.660: I:22 ( 131.711 194.431 345.343 ) T:4661 ( 131.839 232.703 461.055 638.463 2111.487 2111.487 )
2128.590: I:27 ( 121.599 323.839 402.687 ) T:4688 ( 131.839 232.703 461.055 638.463 2111.487 2111.487 )
2138.587: I:22 ( 162.047 262.143 422.911 ) T:4710 ( 131.839 232.703 460.799 638.463 2111.487 2111.487 )
2148.588: I:26 ( 131.711 222.591 300.543 ) T:4736 ( 131.839 232.703 460.799 638.463 2111.487 2111.487 )
2158.588: I:20 ( 162.047 227.583 384.767 ) T:4756 ( 131.839 232.703 460.799 638.463 2111.487 2111.487 )
2168.585: I:22 ( 147.455 236.159 341.503 ) T:4778 ( 131.839 232.703 460.799 638.463 2111.487 2111.487 )
2178.586: I:21 ( 178.687 245.759 380.927 ) T:4799 ( 132.223 232.703 460.799 638.463 2111.487 2111.487 )
2188.586: I:21 ( 141.823 272.383 313.087 ) T:4820 ( 132.223 232.703 460.031 638.463 2111.487 2111.487 )
2198.589: I:23 ( 131.711 232.703 358.911 ) T:4843 ( 132.223 232.703 460.031 638.463 2111.487 2111.487 )
2208.588: I:23 ( 162.047 257.919 325.119 ) T:4866 ( 132.607 232.703 460.031 638.463 2111.487 2111.487 )
2218.589: I:27 ( 121.663 172.159 302.079 ) T:4893 ( 132.223 232.703 460.031 638.463 2111.487 2111.487 )
2228.586: I:26 ( 131.711 243.583 350.463 ) T:4919 ( 131.839 232.703 459.775 638.463 2111.487 2111.487 )
2238.589: I:22 ( 141.823 256.511 336.895 ) T:4941 ( 132.223 232.703 459.775 638.463 2111.487 2111.487 )
2248.589: I:23 ( 131.711 192.383 239.743 ) T:4964 ( 132.223 232.703 459.775 638.463 2111.487 2111.487 )
2258.589: I:22 ( 131.839 202.111 497.407 ) T:4986 ( 132.223 232.703 460.031 638.463 2111.487 2111.487 )
2268.589: I:18 ( 172.031 382.463 473.599 ) T:5004 ( 132.735 232.703 460.031 598.015 2111.487 2111.487 )
2278.590: I:23 ( 151.935 222.591 436.991 ) T:5027 ( 132.735 232.703 460.031 598.015 2111.487 2111.487 )
2288.588: I:24 ( 141.823 212.351 344.319 ) T:5051 ( 132.735 232.703 460.031 598.015 2111.487 2111.487 )
2298.590: I:27 ( 121.663 183.167 327.679 ) T:5078 ( 132.735 232.703 460.031 598.015 2111.487 2111.487 )
2308.584: I:22 ( 131.711 222.335 410.623 ) T:5100 ( 132.735 232.703 459.775 598.015 2111.487 2111.487 )
2318.582: I:22 ( 178.687 347.903 439.295 ) T:5122 ( 132.735 232.703 459.775 598.015 2111.487 2111.487 )
2328.582: I:24 ( 141.823 248.447 406.527 ) T:5146 ( 132.863 232.703 459.775 598.015 2111.487 2111.487 )
2338.589: I:21 ( 151.807 236.159 439.039 ) T:5167 ( 133.503 232.703 459.775 598.015 2111.487 2111.487 )
2348.582: I:19 ( 141.183 222.591 450.815 ) T:5186 ( 133.503 232.703 459.775 598.015 2111.487 2111.487 )
2358.589: I:22 ( 151.935 323.839 388.351 ) T:5208 ( 134.399 232.703 458.751 598.015 2111.487 2111.487 )
2368.588: I:20 ( 162.047 212.607 363.519 ) T:5228 ( 134.783 232.703 458.751 598.015 2111.487 2111.487 )
2378.587: I:23 ( 131.711 212.351 433.919 ) T:5251 ( 134.783 232.703 458.751 598.015 2111.487 2111.487 )
2388.589: I:24 ( 121.599 227.711 335.103 ) T:5275 ( 134.527 232.703 458.751 598.015 2111.487 2111.487 )
2398.587: I:24 ( 131.711 362.495 568.831 ) T:5299 ( 133.759 232.703 459.775 598.015 2111.487 2111.487 )
2408.588: I:24 ( 141.951 237.823 416.767 ) T:5323 ( 134.399 232.703 458.751 598.015 2111.487 2111.487 )
2418.589: I:24 ( 151.807 298.239 343.807 ) T:5347 ( 134.783 232.703 458.751 598.015 2111.487 2111.487 )
2428.585: I:23 ( 141.951 200.703 382.719 ) T:5370 ( 134.783 232.703 458.751 598.015 2111.487 2111.487 )
2438.592: I:26 ( 121.727 270.335 360.959 ) T:5396 ( 134.527 232.703 458.751 598.015 2111.487 2111.487 )
2448.588: I:21 ( 151.807 213.887 292.095 ) T:5417 ( 136.063 232.703 458.495 598.015 2111.487 2111.487 )
2458.590: I:23 ( 160.767 232.831 361.471 ) T:5440 ( 136.447 232.703 458.495 598.015 2111.487 2111.487 )
2468.589: I:21 ( 172.031 222.591 403.455 ) T:5461 ( 137.215 232.703 458.495 598.015 2111.487 2111.487 )
2478.586: I:23 ( 131.711 406.015 410.367 ) T:5484 ( 136.575 232.703 458.495 598.015 2111.487 2111.487 )
2488.587: I:20 ( 162.047 220.543 339.967 ) T:5504 ( 137.343 232.703 457.215 598.015 2111.487 2111.487 )
2498.588: I:17 ( 182.399 308.991 415.231 ) T:5521 ( 139.007 232.703 457.215 598.015 2111.487 2111.487 )
2508.588: I:23 ( 152.959 245.503 478.207 ) T:5544 ( 139.135 232.703 458.495 598.015 2111.487 2111.487 )
2518.587: I:20 ( 131.839 230.911 432.383 ) T:5564 ( 139.007 232.703 458.495 598.015 2111.487 2111.487 )
2528.587: I:24 ( 131.839 215.295 542.719 ) T:5588 ( 139.007 232.703 458.751 598.015 2111.487 2111.487 )
2538.589: I:22 ( 169.471 232.703 346.623 ) T:5610 ( 139.135 232.703 458.495 598.015 2111.487 2111.487 )
2548.591: I:21 ( 131.839 212.479 366.591 ) T:5631 ( 139.007 232.703 458.495 598.015 2111.487 2111.487 )
2558.592: I:19 ( 172.159 507.135 508.927 ) T:5650 ( 139.647 232.703 459.775 598.015 2111.487 2111.487 )
2568.589: I:22 ( 140.159 197.119 456.191 ) T:5672 ( 140.031 232.703 459.775 598.015 2111.487 2111.487 )
2578.587: I:22 ( 163.071 212.479 242.559 ) T:5694 ( 141.183 232.703 459.775 598.015 2111.487 2111.487 )
2588.588: I:22 ( 131.711 202.367 470.015 ) T:5716 ( 141.183 232.703 459.775 598.015 2111.487 2111.487 )
2598.584: I:23 ( 141.695 299.007 495.615 ) T:5739 ( 141.311 232.703 460.031 598.015 2111.487 2111.487 )
2608.589: I:24 ( 131.711 212.479 391.423 ) T:5763 ( 141.183 232.703 460.031 598.015 2111.487 2111.487 )
2618.591: I:23 ( 162.047 210.047 367.871 ) T:5786 ( 141.183 232.703 460.031 598.015 2111.487 2111.487 )
2628.590: I:22 ( 121.663 199.679 288.255 ) T:5808 ( 140.415 232.703 459.775 598.015 2111.487 2111.487 )
2638.589: I:24 ( 131.711 216.447 321.023 ) T:5832 ( 140.159 232.703 459.775 598.015 2111.487 2111.487 )
2648.586: I:23 ( 141.823 210.815 406.527 ) T:5855 ( 140.287 232.703 459.775 598.015 2111.487 2111.487 )
2658.587: I:25 ( 132.735 232.703 331.519 ) T:5880 ( 140.159 232.703 459.775 598.015 2111.487 2111.487 )
2668.582: I:24 ( 121.663 290.047 421.887 ) T:5904 ( 140.031 232.703 458.751 598.015 2111.487 2111.487 )
2678.582: I:19 ( 182.143 287.999 662.527 ) T:5923 ( 141.311 232.703 459.775 638.463 2111.487 2111.487 )
2688.588: I:22 ( 141.951 213.503 346.111 ) T:5945 ( 141.439 232.703 459.775 638.463 2111.487 2111.487 )
2698.593: I:22 ( 141.823 202.495 628.223 ) T:5967 ( 141.439 232.703 460.031 638.463 2111.487 2111.487 )
2708.590: I:20 ( 162.047 278.015 482.047 ) T:5987 ( 141.567 232.703 460.799 638.463 2111.487 2111.487 )
2718.584: I:22 ( 158.335 282.367 377.087 ) T:6009 ( 141.567 232.703 460.031 628.223 2111.487 2111.487 )
2728.590: I:23 ( 141.823 202.495 289.279 ) T:6032 ( 141.567 232.703 460.031 628.223 2111.487 2111.487 )
2738.583: I:25 ( 131.711 192.255 447.999 ) T:6057 ( 141.567 232.703 460.031 628.223 2111.487 2111.487 )
2748.585: I:23 ( 131.711 251.903 370.687 ) T:6080 ( 141.567 232.703 460.031 628.223 2111.487 2111.487 )
2758.590: I:20 ( 173.055 232.703 398.847 ) T:6100 ( 141.695 232.703 459.775 628.223 2111.487 2111.487 )
2768.592: I:22 ( 161.919 244.735 326.143 ) T:6122 ( 141.695 232.703 459.775 628.223 2111.487 2111.487 )
2778.586: I:22 ( 131.711 193.919 333.567 ) T:6144 ( 141.695 232.703 459.775 628.223 2111.487 2111.487 )
2788.586: I:19 ( 162.047 389.119 389.631 ) T:6163 ( 141.695 232.703 459.775 628.223 2111.487 2111.487 )
2798.587: I:24 ( 150.911 272.895 329.471 ) T:6187 ( 141.695 232.703 459.775 628.223 2111.487 2111.487 )
2808.589: I:20 ( 141.823 210.047 323.071 ) T:6207 ( 141.695 232.703 458.751 628.223 2111.487 2111.487 )
2818.586: I:20 ( 151.935 242.815 436.223 ) T:6227 ( 141.695 232.703 458.751 628.223 2111.487 2111.487 )
2828.589: I:24 ( 161.279 237.055 281.343 ) T:6251 ( 141.695 232.703 458.751 628.223 2111.487 2111.487 )
2838.590: I:23 ( 162.047 290.047 649.215 ) T:6274 ( 141.695 232.703 459.775 638.463 2111.487 2111.487 )
2848.590: I:25 ( 131.711 212.863 444.927 ) T:6299 ( 141.695 232.703 459.775 638.463 2111.487 2111.487 )
2858.589: I:23 ( 121.663 192.383 503.807 ) T:6322 ( 141.695 232.703 459.775 638.463 2111.487 2111.487 )
2868.589: I:21 ( 172.031 332.799 385.791 ) T:6343 ( 141.695 232.703 459.775 638.463 2111.487 2111.487 )
2878.590: I:21 ( 162.047 229.503 339.967 ) T:6364 ( 141.695 232.703 459.775 638.463 2111.487 2111.487 )
2888.592: I:22 ( 131.711 201.215 414.719 ) T:6386 ( 141.695 232.703 459.775 638.463 2111.487 2111.487 )
2898.589: I:23 ( 143.231 192.383 378.623 ) T:6409 ( 141.695 232.703 458.751 638.463 2111.487 2111.487 )
2908.589: I:19 ( 177.023 356.351 501.247 ) T:6428 ( 141.695 232.703 459.775 638.463 2111.487 2111.487 )
2918.583: I:23 ( 151.807 300.543 342.015 ) T:6451 ( 141.695 232.703 459.775 638.463 2111.487 2111.487 )
2928.592: I:22 ( 121.599 191.743 465.663 ) T:6473 ( 141.695 232.703 460.031 638.463 2111.487 2111.487 )
2938.589: I:24 ( 131.711 298.751 358.399 ) T:6497 ( 141.695 232.703 460.031 638.463 2111.487 2111.487 )
2948.586: I:22 ( 151.935 255.999 316.415 ) T:6519 ( 141.695 232.703 459.775 638.463 2111.487 2111.487 )
2958.589: I:21 ( 162.047 202.239 334.591 ) T:6540 ( 141.695 232.703 459.775 638.463 2111.487 2111.487 )
2968.589: I:21 ( 165.631 212.607 394.495 ) T:6561 ( 141.695 232.703 459.775 638.463 2111.487 2111.487 )
2978.588: I:22 ( 121.727 214.271 428.287 ) T:6583 ( 141.695 232.703 459.775 638.463 2111.487 2111.487 )
2988.592: I:21 ( 162.047 232.703 386.047 ) T:6604 ( 141.695 232.703 458.751 638.463 2111.487 2111.487 )
2998.589: I:23 ( 141.823 313.599 453.631 ) T:6627 ( 141.695 232.703 458.751 638.463 2111.487 2111.487 )
3008.588: I:29 ( 131.583 242.687 434.431 ) T:6656 ( 141.695 232.703 458.751 638.463 2111.487 2111.487 )
3018.594: I:19 ( 163.583 477.951 583.679 ) T:6675 ( 141.695 232.703 460.031 638.463 2111.487 2111.487 )
3028.589: I:24 ( 151.935 212.095 247.039 ) T:6699 ( 141.695 232.703 460.031 638.463 2111.487 2111.487 )
3038.589: I:22 ( 151.807 192.383 377.343 ) T:6721 ( 141.695 232.703 459.775 638.463 2111.487 2111.487 )
3048.589: I:19 ( 172.799 507.391 663.551 ) T:6740 ( 141.695 232.703 460.799 649.215 2111.487 2111.487 )
3058.586: I:21 ( 151.807 212.479 628.223 ) T:6761 ( 141.695 232.703 461.055 649.215 2111.487 2111.487 )
3068.589: I:22 ( 145.279 293.631 563.199 ) T:6783 ( 141.695 232.703 461.311 649.215 2111.487 2111.487 )
3078.588: I:20 ( 171.519 202.367 555.007 ) T:6803 ( 141.695 232.703 461.823 649.215 2111.487 2111.487 )
3088.591: I:19 ( 163.071 270.847 439.039 ) T:6822 ( 141.695 232.703 461.823 649.215 2111.487 2111.487 )
3098.588: I:21 ( 131.839 212.607 549.375 ) T:6843 ( 141.695 232.703 465.407 649.215 2111.487 2111.487 )
3108.589: I:21 ( 131.839 247.679 474.879 ) T:6864 ( 141.695 232.831 465.663 649.215 2111.487 2111.487 )
3118.589: I:24 ( 131.711 251.647 503.807 ) T:6888 ( 141.695 232.831 466.687 649.215 2111.487 2111.487 )
3128.589: I:24 ( 141.823 217.983 310.271 ) T:6912 ( 141.695 232.831 465.663 649.215 2111.487 2111.487 )
3138.589: I:22 ( 141.951 192.383 517.887 ) T:6934 ( 141.695 232.831 466.687 649.215 2111.487 2111.487 )
3148.590: I:21 ( 141.951 227.455 414.719 ) T:6955 ( 141.695 232.831 466.687 649.215 2111.487 2111.487 )
3158.589: I:22 ( 142.079 376.319 488.191 ) T:6977 ( 141.695 232.831 466.687 649.215 2111.487 2111.487 )
3168.588: I:18 ( 152.831 277.503 301.055 ) T:6995 ( 141.695 232.831 466.687 649.215 2111.487 2111.487 )
3178.589: I:24 ( 141.823 238.719 318.463 ) T:7019 ( 141.695 232.959 466.687 638.463 2111.487 2111.487 )
3188.588: I:21 ( 141.823 226.303 348.671 ) T:7040 ( 141.695 232.831 466.687 638.463 2111.487 2111.487 )
3198.588: I:25 ( 131.711 288.767 373.503 ) T:7065 ( 141.695 232.959 466.687 638.463 2111.487 2111.487 )
3208.588: I:22 ( 166.783 206.591 355.583 ) T:7087 ( 141.695 232.959 466.687 638.463 2111.487 2111.487 )
3218.588: I:20 ( 141.695 222.335 456.447 ) T:7107 ( 141.695 232.959 465.663 638.463 2111.487 2111.487 )
3228.590: I:23 ( 148.735 224.127 410.623 ) T:7130 ( 141.695 232.831 465.663 638.463 2111.487 2111.487 )
3238.585: I:21 ( 157.055 283.391 324.863 ) T:7151 ( 141.823 233.599 465.663 638.463 2111.487 2111.487 )
3248.589: I:25 ( 121.663 222.591 276.735 ) T:7176 ( 141.695 233.599 465.663 638.463 2111.487 2111.487 )
3258.589: I:23 ( 131.711 291.071 396.287 ) T:7199 ( 141.695 233.599 465.663 638.463 2111.487 2111.487 )
3268.589: I:24 ( 121.535 345.855 431.103 ) T:7223 ( 141.695 233.599 465.407 638.463 2111.487 2111.487 )
3278.589: I:25 ( 131.839 244.223 384.255 ) T:7248 ( 141.695 234.111 465.407 638.463 2111.487 2111.487 )
3288.588: I:21 ( 131.839 215.039 446.719 ) T:7269 ( 141.695 234.111 465.407 638.463 2111.487 2111.487 )
3298.591: I:20 ( 157.311 219.007 298.495 ) T:7289 ( 141.695 233.599 465.407 638.463 2111.487 2111.487 )
3308.587: I:24 ( 151.935 274.687 314.879 ) T:7313 ( 141.695 233.599 461.823 638.463 2111.487 2111.487 )
3318.589: I:20 ( 132.735 268.031 590.335 ) T:7333 ( 141.695 234.111 465.407 638.463 2111.487 2111.487 )
3328.588: I:21 ( 151.935 283.391 392.191 ) T:7354 ( 141.695 234.751 465.407 638.463 2111.487 2111.487 )
3338.591: I:18 ( 151.935 202.495 1313.791 ) T:7372 ( 141.695 234.111 465.663 649.215 2111.487 2111.487 )
3348.591: I:21 ( 141.823 232.703 450.815 ) T:7393 ( 141.695 234.111 465.663 649.215 2111.487 2111.487 )
3358.589: I:22 ( 141.823 282.879 391.679 ) T:7415 ( 141.695 234.751 465.407 649.215 2111.487 2111.487 )
3368.589: I:21 ( 132.735 310.783 476.415 ) T:7436 ( 141.695 234.751 465.663 649.215 2111.487 2111.487 )
3378.589: I:25 ( 131.711 223.103 478.207 ) T:7461 ( 141.695 234.751 466.687 649.215 2111.487 2111.487 )
3388.589: I:21 ( 151.935 212.479 493.055 ) T:7482 ( 141.695 234.751 466.687 649.215 2111.487 2111.487 )
3398.585: I:23 ( 157.951 302.335 614.911 ) T:7505 ( 141.823 234.751 466.687 649.215 2111.487 2111.487 )
3408.591: I:23 ( 122.623 182.271 390.911 ) T:7528 ( 141.695 234.751 466.687 649.215 2111.487 2111.487 )
3418.587: I:23 ( 131.839 252.927 478.719 ) T:7551 ( 141.695 234.751 470.015 649.215 2111.487 2111.487 )
3428.589: I:17 ( 172.159 283.391 407.551 ) T:7568 ( 141.823 234.879 470.015 649.215 2111.487 2111.487 )
3438.586: I:20 ( 141.823 264.959 475.647 ) T:7588 ( 141.823 235.007 471.807 649.215 2111.487 2111.487 )
3448.587: I:26 ( 131.455 192.255 379.903 ) T:7614 ( 141.695 234.879 470.015 649.215 2111.487 2111.487 )
3458.585: I:22 ( 147.967 212.095 557.055 ) T:7636 ( 141.695 234.879 471.807 649.215 2111.487 2111.487 )
3468.587: I:21 ( 154.751 314.623 492.287 ) T:7657 ( 141.823 235.007 472.575 649.215 2111.487 2111.487 )
3478.590: I:24 ( 131.711 246.015 375.039 ) T:7681 ( 141.823 235.007 472.575 649.215 2111.487 2111.487 )
3488.589: I:24 ( 131.839 175.487 498.943 ) T:7705 ( 141.823 234.879 472.575 649.215 2111.487 2111.487 )
3498.592: I:25 ( 131.839 229.887 318.463 ) T:7730 ( 141.823 234.751 472.575 649.215 2111.487 2111.487 )
3508.589: I:23 ( 131.711 320.511 568.831 ) T:7753 ( 141.823 235.007 473.343 649.215 2111.487 2111.487 )
3518.583: I:21 ( 162.047 275.455 364.031 ) T:7774 ( 141.823 235.647 473.343 649.215 2111.487 2111.487 )
3528.589: I:20 ( 131.711 318.719 458.751 ) T:7794 ( 141.695 236.031 473.343 649.215 2111.487 2111.487 )
3538.583: I:19 ( 161.919 202.367 651.775 ) T:7813 ( 141.823 235.647 473.343 651.775 2111.487 2111.487 )
3548.589: I:23 ( 141.823 192.383 431.871 ) T:7836 ( 141.823 235.647 473.343 651.775 2111.487 2111.487 )
3558.592: I:21 ( 162.047 336.639 388.863 ) T:7857 ( 141.823 236.031 473.343 651.775 2111.487 2111.487 )
3568.586: I:19 ( 169.343 262.911 354.047 ) T:7876 ( 141.823 236.031 473.343 651.775 2111.487 2111.487 )
3578.586: I:21 ( 152.959 202.495 475.647 ) T:7897 ( 141.823 236.031 473.599 651.775 2111.487 2111.487 )
3588.586: I:25 ( 131.583 192.255 392.703 ) T:7922 ( 141.823 235.647 473.343 651.775 2111.487 2111.487 )
3598.587: I:23 ( 161.919 242.175 591.871 ) T:7945 ( 141.823 236.031 473.599 651.775 2111.487 2111.487 )
3608.588: I:19 ( 172.159 253.823 309.247 ) T:7964 ( 141.823 236.031 473.599 651.775 2111.487 2111.487 )
3618.588: I:21 ( 162.047 228.607 455.935 ) T:7985 ( 141.823 236.031 473.599 651.775 2111.487 2111.487 )
3628.591: I:22 ( 162.047 182.271 324.863 ) T:8007 ( 141.823 235.647 473.343 649.215 2111.487 2111.487 )
3638.590: I:21 ( 131.711 360.191 707.071 ) T:8028 ( 141.823 236.031 474.879 651.775 2111.487 2111.487 )
3648.590: I:23 ( 131.711 293.375 395.775 ) T:8051 ( 141.823 236.031 474.879 651.775 2111.487 2111.487 )
3658.591: I:23 ( 151.807 212.479 453.887 ) T:8074 ( 141.823 236.031 474.879 651.775 2111.487 2111.487 )
3668.589: I:18 ( 141.823 241.151 435.711 ) T:8092 ( 141.823 236.031 474.879 651.775 2111.487 2111.487 )
3678.585: I:21 ( 154.367 286.719 625.663 ) T:8113 ( 141.823 236.159 474.879 651.775 2111.487 2111.487 )
3688.592: I:22 ( 151.935 224.511 469.759 ) T:8135 ( 141.823 236.159 474.879 651.775 2111.487 2111.487 )
3698.587: I:21 ( 141.823 172.159 318.719 ) T:8156 ( 141.823 236.031 474.879 651.775 2111.487 2111.487 )
3708.590: I:21 ( 141.823 232.703 735.743 ) T:8177 ( 141.823 236.031 475.135 662.527 2111.487 2111.487 )
3718.593: I:23 ( 153.087 364.799 511.487 ) T:8200 ( 141.823 236.159 475.135 662.527 2111.487 2111.487 )
3728.591: I:23 ( 121.663 191.231 433.407 ) T:8223 ( 141.823 236.159 475.135 662.527 2111.487 2111.487 )
3738.590: I:18 ( 164.223 228.607 563.199 ) T:8241 ( 141.823 236.031 475.391 662.527 2111.487 2111.487 )
3748.586: I:19 ( 171.007 290.047 343.295 ) T:8260 ( 141.823 236.031 475.391 662.527 2111.487 2111.487 )
3758.592: I:17 ( 172.159 267.007 482.559 ) T:8277 ( 141.823 236.159 475.647 662.527 2111.487 2111.487 )
3768.589: I:23 ( 150.783 291.583 425.215 ) T:8300 ( 141.823 236.159 475.391 662.527 2111.487 2111.487 )
3778.589: I:22 ( 131.711 231.679 388.095 ) T:8322 ( 141.823 236.159 475.391 662.527 2111.487 2111.487 )
3788.588: I:21 ( 154.751 202.367 408.575 ) T:8343 ( 141.823 236.159 475.391 662.527 2111.487 2111.487 )
3798.590: I:22 ( 151.935 292.863 385.023 ) T:8365 ( 141.823 237.183 475.391 662.527 2111.487 2111.487 )
3808.590: I:20 ( 162.303 291.071 347.903 ) T:8385 ( 141.823 237.439 475.391 662.527 2111.487 2111.487 )
3818.590: I:20 ( 151.807 215.167 297.471 ) T:8405 ( 141.823 237.439 475.135 662.527 2111.487 2111.487 )
3828.589: I:18 ( 182.143 477.951 479.999 ) T:8423 ( 141.823 237.439 475.647 662.527 2111.487 2111.487 )
3838.592: I:23 ( 141.823 192.383 516.095 ) T:8446 ( 141.823 237.311 475.647 662.527 2111.487 2111.487 )
3848.588: I:23 ( 141.823 271.615 357.119 ) T:8469 ( 141.823 237.439 475.647 662.527 2111.487 2111.487 )
3858.613: I:23 ( 141.823 212.479 378.623 ) T:8492 ( 141.823 237.311 475.647 662.527 2111.487 2111.487 )
3868.590: I:19 ( 180.095 381.951 396.031 ) T:8511 ( 141.823 237.439 475.647 662.527 2111.487 2111.487 )
3878.584: I:21 ( 131.839 192.255 523.007 ) T:8532 ( 141.823 237.311 475.647 662.527 2111.487 2111.487 )
3888.589: I:22 ( 179.967 347.391 386.047 ) T:8554 ( 141.823 237.439 475.647 662.527 2111.487 2111.487 )
3898.589: I:25 ( 141.823 192.383 299.007 ) T:8579 ( 141.823 237.439 475.647 662.527 2111.487 2111.487 )
3908.586: I:28 ( 121.663 192.383 306.175 ) T:8607 ( 141.823 237.311 475.647 662.527 2111.487 2111.487 )
3918.587: I:20 ( 141.823 225.919 465.151 ) T:8627 ( 141.823 237.311 475.647 662.527 2111.487 2111.487 )
3928.589: I:17 ( 182.271 402.175 708.095 ) T:8644 ( 141.823 237.823 475.647 663.551 2111.487 2111.487 )
3938.588: I:25 ( 141.823 223.103 280.319 ) T:8669 ( 141.823 237.823 475.647 663.551 2111.487 2111.487 )
3948.589: I:24 ( 131.839 182.911 523.519 ) T:8693 ( 141.823 237.567 476.415 663.551 2111.487 2111.487 )
3958.589: I:23 ( 131.711 232.575 567.807 ) T:8716 ( 141.823 237.567 476.415 663.551 2111.487 2111.487 )
3968.591: I:22 ( 172.031 286.719 304.127 ) T:8738 ( 141.823 238.079 476.415 663.551 2111.487 2111.487 )
3978.589: I:23 ( 141.823 182.143 394.495 ) T:8761 ( 141.823 237.567 476.415 663.551 2111.487 2111.487 )
3988.586: I:22 ( 122.943 172.415 665.087 ) T:8783 ( 141.823 237.567 477.951 665.087 2111.487 2111.487 )
3998.587: I:20 ( 141.823 202.495 528.383 ) T:8803 ( 141.823 237.567 477.951 665.087 2111.487 2111.487 )
4008.590: I:24 ( 131.711 392.703 478.463 ) T:8827 ( 141.823 237.823 477.951 665.087 2111.487 2111.487 )
4018.585: I:22 ( 131.839 194.431 384.255 ) T:8849 ( 141.823 237.823 477.951 665.087 2111.487 2111.487 )
4028.588: I:22 ( 148.991 212.607 500.223 ) T:8871 ( 141.823 237.567 478.207 665.087 2111.487 2111.487 )
4038.585: I:20 ( 166.143 232.703 437.247 ) T:8891 ( 141.823 237.567 478.207 665.087 2111.487 2111.487 )
4048.586: I:21 ( 161.919 232.703 381.183 ) T:8912 ( 141.823 237.567 477.951 665.087 2111.487 2111.487 )
4058.587: I:22 ( 121.663 201.855 395.519 ) T:8934 ( 141.823 237.567 477.951 665.087 2111.487 2111.487 )
4068.584: I:22 ( 141.823 242.559 447.231 ) T:8956 ( 141.823 237.823 477.951 665.087 2111.487 2111.487 )
4078.590: I:23 ( 131.839 305.663 385.535 ) T:8979 ( 141.823 238.079 477.951 665.087 2111.487 2111.487 )
4088.583: I:21 ( 172.031 212.479 281.343 ) T:9000 ( 141.823 237.567 477.951 663.551 2111.487 2111.487 )
4098.591: I:18 ( 160.255 372.479 392.703 ) T:9018 ( 141.823 237.823 477.951 663.551 2111.487 2111.487 )
4108.587: I:18 ( 172.159 222.591 432.127 ) T:9036 ( 141.823 237.567 477.951 663.551 2111.487 2111.487 )
4118.589: I:24 ( 141.823 192.255 572.927 ) T:9060 ( 141.823 237.439 477.951 663.551 2111.487 2111.487 )
4128.589: I:22 ( 131.711 303.103 414.463 ) T:9082 ( 141.823 237.567 477.951 663.551 2111.487 2111.487 )
4138.591: I:22 ( 151.935 232.703 401.151 ) T:9104 ( 141.823 237.567 477.951 663.551 2111.487 2111.487 )
4148.590: I:20 ( 182.271 207.743 369.919 ) T:9124 ( 141.823 237.439 477.951 663.551 2111.487 2111.487 )
4158.586: I:21 ( 192.255 229.119 472.063 ) T:9145 ( 141.823 237.439 477.951 663.551 2111.487 2111.487 )
4168.589: I:22 ( 126.463 289.791 424.703 ) T:9167 ( 141.823 237.567 477.951 663.551 2111.487 2111.487 )
4178.586: I:21 ( 151.935 206.335 464.383 ) T:9188 ( 141.823 237.439 477.951 663.551 2111.487 2111.487 )
4188.584: I:24 ( 131.711 252.927 364.799 ) T:9212 ( 141.823 237.439 476.415 663.551 2111.487 2111.487 )
4198.588: I:21 ( 155.135 363.519 407.551 ) T:9233 ( 141.823 237.823 476.415 663.551 2111.487 2111.487 )
4208.589: I:23 ( 151.807 302.335 525.823 ) T:9256 ( 141.823 238.079 477.951 663.551 2111.487 2111.487 )
4218.589: I:18 ( 162.047 222.591 550.911 ) T:9274 ( 141.823 237.823 478.207 663.551 2111.487 2111.487 )
4228.585: I:22 ( 141.951 297.471 346.623 ) T:9296 ( 141.823 238.079 478.207 663.551 2111.487 2111.487 )
4238.589: I:20 ( 131.839 209.919 470.783 ) T:9316 ( 141.823 238.079 477.951 663.551 2111.487 2111.487 )
4248.587: I:22 ( 141.951 213.759 293.631 ) T:9338 ( 141.823 237.823 477.951 663.551 2111.487 2111.487 )
4258.582: I:21 ( 162.047 273.151 410.367 ) T:9359 ( 141.823 238.591 477.951 663.551 2111.487 2111.487 )
4268.588: I:18 ( 144.383 246.143 585.727 ) T:9377 ( 141.823 238.591 478.207 663.551 2111.487 2111.487 )
4278.587: I:16 ( 173.055 316.159 495.871 ) T:9393 ( 141.823 238.591 478.207 663.551 2111.487 2111.487 )
4288.589: I:24 ( 131.711 232.959 386.047 ) T:9417 ( 141.823 238.591 478.207 663.551 2111.487 2111.487 )
4298.589: I:23 ( 161.151 292.351 433.919 ) T:9440 ( 141.823 238.591 478.207 663.551 2111.487 2111.487 )
4308.589: I:19 ( 158.847 331.263 379.647 ) T:9459 ( 141.823 238.719 478.207 663.551 2111.487 2111.487 )
4318.589: I:24 ( 141.951 328.703 433.663 ) T:9483 ( 141.823 238.719 478.207 663.551 2111.487 2111.487 )
4328.586: I:17 ( 154.879 236.799 387.583 ) T:9500 ( 141.823 238.591 477.951 663.551 2111.487 2111.487 )
4338.589: I:22 ( 155.903 259.199 364.543 ) T:9522 ( 141.823 238.719 477.951 663.551 2111.487 2111.487 )
4348.589: I:24 ( 131.711 212.479 353.791 ) T:9546 ( 141.823 238.719 477.951 663.551 2111.487 2111.487 )
4358.589: I:20 ( 131.711 197.759 501.759 ) T:9566 ( 141.823 238.719 478.207 663.551 2111.487 2111.487 )
4368.586: I:21 ( 151.807 202.367 468.735 ) T:9587 ( 141.823 238.719 478.207 663.551 2111.487 2111.487 )
4378.589: I:20 ( 172.159 275.711 412.159 ) T:9607 ( 141.823 239.359 477.951 663.551 2111.487 2111.487 )
4388.588: I:17 ( 182.143 242.815 611.327 ) T:9624 ( 141.823 239.359 478.207 663.551 2111.487 2111.487 )
4398.590: I:17 ( 182.271 244.095 656.895 ) T:9641 ( 141.823 239.359 478.207 663.551 2111.487 2111.487 )
4408.589: I:22 ( 172.159 259.967 492.543 ) T:9663 ( 141.823 239.615 478.463 663.551 2111.487 2111.487 )
4418.585: I:21 ( 169.343 214.655 347.647 ) T:9684 ( 141.823 239.615 478.463 663.551 2111.487 2111.487 )
4428.588: I:21 ( 141.823 335.103 516.607 ) T:9705 ( 141.823 239.743 478.463 663.551 2111.487 2111.487 )
4438.588: I:22 ( 156.159 232.703 391.167 ) T:9727 ( 141.823 239.743 478.463 663.551 2111.487 2111.487 )
4448.588: I:21 ( 136.319 218.367 384.255 ) T:9748 ( 141.823 239.743 478.463 663.551 2111.487 2111.487 )
4458.590: I:22 ( 151.935 216.575 410.879 ) T:9770 ( 141.823 239.615 478.463 663.551 2111.487 2111.487 )
4468.586: I:23 ( 144.255 311.295 416.767 ) T:9793 ( 141.823 239.743 478.463 663.551 2111.487 2111.487 )
4478.590: I:21 ( 131.839 213.887 342.783 ) T:9814 ( 141.823 239.615 478.207 663.551 2111.487 2111.487 )
4488.590: I:25 ( 132.863 212.479 400.639 ) T:9839 ( 141.823 239.615 478.207 663.551 2111.487 2111.487 )
4498.587: I:22 ( 150.399 222.591 409.855 ) T:9861 ( 141.823 239.359 478.207 663.551 2111.487 2111.487 )
4508.585: I:21 ( 152.063 351.743 430.591 ) T:9882 ( 141.823 239.615 478.207 663.551 2111.487 2111.487 )
4518.585: I:21 ( 131.839 252.927 444.159 ) T:9903 ( 141.823 239.743 478.207 663.551 2111.487 2111.487 )
4528.589: I:21 ( 153.343 202.495 415.999 ) T:9924 ( 141.823 239.743 478.207 663.551 2111.487 2111.487 )
4538.589: I:22 ( 141.823 173.951 418.303 ) T:9946 ( 141.823 239.743 478.207 663.551 2111.487 2111.487 )
4548.589: I:21 ( 182.143 232.703 346.111 ) T:9967 ( 141.823 239.743 478.207 663.551 2111.487 2111.487 )
4558.586: I:21 ( 172.159 283.647 310.527 ) T:9988 ( 141.823 239.871 478.207 663.551 2111.487 2111.487 )
4568.583: I:21 ( 151.935 323.583 384.255 ) T:10009 ( 141.823 240.767 477.951 662.527 1313.791 2111.487 )
4578.591: I:22 ( 172.159 232.703 382.975 ) T:10031 ( 141.823 239.871 477.951 662.527 1313.791 2111.487 )
4588.585: I:19 ( 182.143 446.719 449.279 ) T:10050 ( 141.823 240.639 477.951 662.527 1313.791 2111.487 )
4598.591: I:18 ( 162.943 414.719 436.479 ) T:10068 ( 141.823 241.151 477.951 662.527 1313.791 2111.487 )
4608.588: I:22 ( 161.279 240.767 314.879 ) T:10090 ( 141.823 240.767 477.951 662.527 1313.791 2111.487 )
4618.588: I:21 ( 172.031 215.423 343.039 ) T:10111 ( 141.823 240.767 477.951 662.527 1313.791 2111.487 )
4628.590: I:17 ( 182.271 351.999 369.151 ) T:10128 ( 141.823 241.663 477.951 662.527 1313.791 2111.487 )
4638.589: I:20 ( 132.735 285.183 485.375 ) T:10148 ( 141.823 242.175 477.951 662.527 1313.791 2111.487 )
4648.590: I:19 ( 171.519 224.255 302.335 ) T:10167 ( 141.823 241.663 477.951 662.527 1313.791 2111.487 )
4658.588: I:20 ( 158.463 217.599 414.719 ) T:10187 ( 141.823 241.663 477.951 662.527 1313.791 2111.487 )
4668.588: I:21 ( 161.407 192.383 431.871 ) T:10208 ( 141.823 241.663 477.951 662.527 1313.791 2111.487 )
4678.582: I:23 ( 122.559 239.871 445.183 ) T:10231 ( 141.823 241.535 477.951 662.527 1313.791 2111.487 )
4688.589: I:19 ( 162.047 374.271 393.471 ) T:10250 ( 141.823 242.175 477.951 662.527 1313.791 2111.487 )
4698.588: I:23 ( 132.735 222.463 282.623 ) T:10273 ( 141.823 242.175 477.951 662.527 1313.791 2111.487 )
4708.587: I:22 ( 151.935 212.479 325.631 ) T:10295 ( 141.823 241.663 477.951 662.527 1313.791 2111.487 )
4718.582: I:21 ( 132.607 306.175 457.727 ) T:10316 ( 141.823 242.175 476.415 662.527 1313.791 2111.487 )
4728.588: I:23 ( 131.711 232.831 476.415 ) T:10339 ( 141.823 242.175 476.415 662.527 1313.791 2111.487 )
4738.589: I:23 ( 131.839 226.815 389.375 ) T:10362 ( 141.823 242.175 476.415 662.527 1313.791 2111.487 )
4748.585: I:23 ( 157.439 202.367 541.183 ) T:10385 ( 141.823 242.175 477.951 662.527 1313.791 2111.487 )
4758.589: I:23 ( 141.823 276.479 393.983 ) T:10408 ( 141.823 242.175 476.415 662.527 1313.791 2111.487 )
4768.589: I:24 ( 141.823 232.831 432.895 ) T:10432 ( 141.823 242.175 476.415 662.527 1313.791 2111.487 )
4778.589: I:20 ( 151.935 257.919 358.399 ) T:10452 ( 141.823 242.175 476.415 662.527 1313.791 2111.487 )
4788.589: I:19 ( 182.271 414.463 511.231 ) T:10471 ( 141.823 242.431 477.951 662.527 1313.791 2111.487 )
4798.589: I:23 ( 141.823 222.591 528.895 ) T:10494 ( 141.823 242.431 477.951 662.527 1313.791 2111.487 )
4808.589: I:22 ( 132.223 212.607 482.303 ) T:10516 ( 141.823 242.431 477.951 662.527 1313.791 2111.487 )
4818.590: I:24 ( 132.863 222.463 610.815 ) T:10540 ( 141.823 242.175 478.207 662.527 1313.791 2111.487 )
4828.588: I:21 ( 151.807 369.407 525.823 ) T:10561 ( 141.823 242.431 478.207 662.527 1313.791 2111.487 )
4838.582: I:21 ( 172.159 212.479 271.871 ) T:10582 ( 141.823 242.431 478.207 662.527 1313.791 2111.487 )
4848.588: I:21 ( 161.919 252.927 493.823 ) T:10603 ( 141.823 242.559 478.207 662.527 1313.791 2111.487 )
4858.588: I:21 ( 173.055 254.207 371.199 ) T:10624 ( 141.823 242.559 478.207 662.527 1313.791 2111.487 )
4868.587: I:20 ( 172.159 192.255 602.623 ) T:10644 ( 141.823 242.559 478.463 662.527 1313.791 2111.487 )
4878.589: I:22 ( 154.751 291.071 407.039 ) T:10666 ( 141.823 242.559 478.463 662.527 1313.791 2111.487 )
4888.589: I:23 ( 151.935 217.471 354.047 ) T:10689 ( 141.823 242.559 478.463 662.527 1313.791 2111.487 )
4898.585: I:19 ( 174.335 242.815 383.231 ) T:10708 ( 141.823 242.559 478.207 662.527 1313.791 2111.487 )
4908.586: I:21 ( 141.695 401.407 472.319 ) T:10729 ( 141.823 242.687 478.207 662.527 1313.791 2111.487 )
4918.589: I:18 ( 162.047 351.487 369.663 ) T:10747 ( 141.823 242.687 478.207 662.527 1313.791 2111.487 )
4928.583: I:23 ( 151.807 222.591 494.847 ) T:10770 ( 141.823 242.559 478.463 662.527 1313.791 2111.487 )
4938.591: I:18 ( 141.823 321.023 332.799 ) T:10788 ( 141.823 242.687 478.463 662.527 1313.791 2111.487 )
4948.587: I:24 ( 146.943 232.703 279.295 ) T:10812 ( 141.823 242.559 478.207 662.527 1313.791 2111.487 )
4958.587: I:20 ( 161.535 220.415 524.287 ) T:10832 ( 141.823 242.559 478.463 662.527 1313.791 2111.487 )
4968.585: I:23 ( 141.823 302.847 406.015 ) T:10855 ( 141.823 242.687 478.463 662.527 1313.791 2111.487 )
4978.589: I:19 ( 162.175 253.695 344.063 ) T:10874 ( 141.823 242.687 478.463 662.527 1313.791 2111.487 )
4988.589: I:22 ( 151.935 208.767 470.783 ) T:10896 ( 141.823 242.687 478.463 662.527 1313.791 2111.487 )
4998.590: I:23 ( 131.711 309.759 510.207 ) T:10919 ( 141.823 242.687 478.463 662.527 1313.791 2111.487 )
5008.590: I:23 ( 141.695 283.391 323.839 ) T:10942 ( 141.823 242.687 478.463 662.527 1313.791 2111.487 )
5018.589: I:23 ( 130.175 207.615 294.911 ) T:10965 ( 141.823 242.687 478.463 662.527 1313.791 2111.487 )
5028.589: I:21 ( 162.047 195.711 517.119 ) T:10986 ( 141.823 242.559 478.463 662.527 1313.791 2111.487 )
5038.589: I:20 ( 162.047 356.607 450.047 ) T:11006 ( 141.823 242.687 478.463 656.895 1313.791 2111.487 )
5048.585: I:21 ( 161.919 224.767 336.895 ) T:11027 ( 141.823 242.687 478.463 656.895 1313.791 2111.487 )
5058.589: I:23 ( 142.591 294.911 479.999 ) T:11050 ( 141.823 242.687 478.463 656.895 1313.791 2111.487 )
5068.588: I:22 ( 132.863 180.735 413.951 ) T:11072 ( 141.823 242.559 478.463 656.895 1313.791 2111.487 )
5078.589: I:16 ( 171.775 528.895 675.839 ) T:11088 ( 141.823 242.687 479.231 662.527 1313.791 2111.487 )
5088.591: I:19 ( 160.767 473.855 557.567 ) T:11107 ( 141.823 242.687 479.231 662.527 1313.791 2111.487 )
5098.585: I:23 ( 142.847 214.783 366.591 ) T:11130 ( 141.823 242.687 479.231 662.527 1313.791 2111.487 )
5108.592: I:24 ( 131.839 248.959 370.175 ) T:11154 ( 141.823 242.687 479.231 662.527 1313.791 2111.487 )
5118.593: I:23 ( 141.951 273.151 550.399 ) T:11177 ( 141.823 242.687 479.999 662.527 1313.791 2111.487 )
5128.590: I:22 ( 141.823 232.831 621.567 ) T:11199 ( 141.823 242.687 479.999 662.527 1313.791 2111.487 )
5138.583: I:21 ( 155.263 234.751 553.471 ) T:11220 ( 141.823 242.687 479.999 662.527 1313.791 2111.487 )
5148.586: I:23 ( 131.711 192.383 504.575 ) T:11243 ( 141.823 242.687 482.047 662.527 1313.791 2111.487 )
5158.586: I:21 ( 132.735 222.591 471.807 ) T:11264 ( 141.823 242.687 482.047 662.527 1313.791 2111.487 )
5168.603: I:23 ( 162.047 202.239 460.031 ) T:11287 ( 141.823 242.687 482.047 662.527 1313.791 2111.487 )
5178.590: I:24 ( 131.711 192.383 434.943 ) T:11311 ( 141.823 242.687 479.999 662.527 1313.791 2111.487 )
5188.587: I:24 ( 131.711 213.887 284.927 ) T:11335 ( 141.823 242.687 479.999 662.527 1313.791 2111.487 )
5198.588: I:20 ( 171.903 212.991 389.631 ) T:11355 ( 141.823 242.687 479.999 662.527 1313.791 2111.487 )
5208.591: I:22 ( 172.159 263.167 402.175 ) T:11377 ( 141.823 242.687 479.999 662.527 1313.791 2111.487 )
5218.589: I:25 ( 123.903 239.871 421.887 ) T:11402 ( 141.823 242.687 479.999 662.527 1313.791 2111.487 )
5228.589: I:25 ( 122.559 214.783 409.599 ) T:11427 ( 141.823 242.687 479.999 662.527 1313.791 2111.487 )
5238.585: I:24 ( 153.855 246.271 362.751 ) T:11451 ( 141.823 242.687 479.999 662.527 1313.791 2111.487 )
5248.590: I:24 ( 131.711 190.719 366.335 ) T:11475 ( 141.823 242.687 479.999 662.527 1313.791 2111.487 )
5258.590: I:22 ( 151.935 222.591 415.231 ) T:11497 ( 141.823 242.687 479.999 662.527 1313.791 2111.487 )
5268.588: I:19 ( 170.239 316.927 326.655 ) T:11516 ( 141.823 242.687 479.231 662.527 1313.791 2111.487 )
5278.591: I:23 ( 132.735 222.591 371.711 ) T:11539 ( 141.823 242.687 479.231 662.527 1313.791 2111.487 )
5288.587: I:22 ( 131.711 214.911 355.839 ) T:11561 ( 141.823 242.687 479.231 662.527 1313.791 2111.487 )
5298.586: I:19 ( 177.023 269.567 336.895 ) T:11580 ( 141.823 242.687 479.231 662.527 1313.791 2111.487 )
5308.589: I:21 ( 161.919 263.423 315.903 ) T:11601 ( 141.823 242.687 478.719 662.527 1313.791 2111.487 )
5318.592: I:18 ( 145.791 345.599 364.031 ) T:11619 ( 141.823 242.687 478.719 662.527 1313.791 2111.487 )
5328.584: I:21 ( 171.903 192.383 419.583 ) T:11640 ( 141.823 242.687 478.719 662.527 1313.791 2111.487 )
5338.587: I:24 ( 121.663 182.143 475.135 ) T:11664 ( 141.823 242.687 478.719 662.527 1313.791 2111.487 )
5348.589: I:18 ( 141.695 294.655 298.751 ) T:11682 ( 141.823 242.687 478.719 662.527 1313.791 2111.487 )
5358.591: I:21 ( 182.143 242.431 374.271 ) T:11703 ( 141.823 242.687 478.463 662.527 1313.791 2111.487 )
5368.585: I:18 ( 163.583 305.151 389.887 ) T:11721 ( 141.823 242.687 478.463 662.527 1313.791 2111.487 )
5378.589: I:19 ( 172.031 222.591 333.567 ) T:11740 ( 141.823 242.687 478.463 662.527 1313.791 2111.487 )
5388.582: I:24 ( 141.567 198.143 432.383 ) T:11764 ( 141.823 242.687 478.463 662.527 1313.791 2111.487 )
5398.589: I:21 ( 161.919 209.407 483.327 ) T:11785 ( 141.823 242.687 478.719 662.527 1313.791 2111.487 )
5408.592: I:15 ( 182.143 483.327 574.975 ) T:11800 ( 141.823 242.687 479.231 662.527 1313.791 2111.487 )
5418.589: I:23 ( 141.823 242.687 419.583 ) T:11823 ( 141.823 242.687 479.231 662.527 1313.791 2111.487 )
5428.592: I:18 ( 151.935 209.023 321.279 ) T:11841 ( 141.951 242.687 479.231 662.527 1313.791 2111.487 )
5438.586: I:23 ( 171.263 364.031 442.367 ) T:11864 ( 141.951 242.687 479.231 662.527 1313.791 2111.487 )
5448.586: I:21 ( 131.711 207.871 626.687 ) T:11885 ( 141.951 242.687 479.999 662.527 1313.791 2111.487 )
5458.589: I:21 ( 141.823 408.063 631.807 ) T:11906 ( 141.951 242.687 479.999 662.527 1313.791 2111.487 )
5468.588: I:22 ( 151.935 208.895 428.543 ) T:11928 ( 141.951 242.687 479.999 662.527 1313.791 2111.487 )
5478.585: I:19 ( 151.935 297.727 373.247 ) T:11947 ( 141.951 242.687 479.999 662.527 1313.791 2111.487 )
5488.582: I:26 ( 131.583 202.367 554.495 ) T:11973 ( 141.951 242.687 479.999 662.527 1313.791 2111.487 )
5498.585: I:20 ( 151.935 233.471 527.359 ) T:11993 ( 141.951 242.687 482.047 662.527 1313.791 2111.487 )
5508.588: I:18 ( 172.031 201.343 407.807 ) T:12011 ( 141.951 242.687 479.999 656.895 1313.791 2111.487 )
5518.589: I:21 ( 162.047 193.407 528.895 ) T:12032 ( 141.951 242.687 482.303 656.895 1313.791 2111.487 )
5528.588: I:23 ( 131.711 212.479 385.023 ) T:12055 ( 141.951 242.687 482.303 656.895 1313.791 2111.487 )
5538.589: I:22 ( 158.975 372.735 432.383 ) T:12077 ( 141.951 242.687 482.303 656.895 1313.791 2111.487 )
5548.588: I:23 ( 133.631 229.375 506.623 ) T:12100 ( 141.951 242.687 482.303 656.895 1313.791 2111.487 )
5558.592: I:21 ( 161.663 232.703 548.351 ) T:12121 ( 141.951 242.687 482.559 656.895 1313.791 2111.487 )
5568.588: I:23 ( 136.575 192.383 566.271 ) T:12144 ( 141.951 242.687 483.071 656.895 1313.791 2111.487 )
5578.589: I:22 ( 151.679 258.815 410.367 ) T:12166 ( 141.951 242.687 483.071 656.895 1313.791 2111.487 )
5588.589: I:20 ( 131.839 256.895 454.399 ) T:12186 ( 141.951 242.687 483.071 656.895 1313.791 2111.487 )
5598.589: I:20 ( 170.751 222.591 340.223 ) T:12206 ( 141.951 242.687 482.559 656.895 1313.791 2111.487 )
5608.587: I:25 ( 131.711 207.743 429.567 ) T:12231 ( 141.951 242.687 482.559 656.895 1313.791 2111.487 )
5618.590: I:18 ( 165.375 551.935 665.087 ) T:12249 ( 141.951 242.687 483.327 662.527 1313.791 2111.487 )
5628.595: I:19 ( 141.823 224.639 353.279 ) T:12268 ( 141.951 242.687 483.327 662.527 1313.791 2111.487 )
5638.589: I:20 ( 131.711 256.895 502.271 ) T:12288 ( 141.951 242.687 484.095 662.527 1313.791 2111.487 )
5648.590: I:19 ( 151.807 331.775 356.095 ) T:12307 ( 141.951 242.687 483.327 662.527 1313.791 2111.487 )
5658.591: I:21 ( 172.031 281.343 348.159 ) T:12328 ( 141.951 242.687 483.327 662.527 1313.791 2111.487 )
5668.591: I:23 ( 131.711 172.031 416.255 ) T:12351 ( 141.951 242.687 483.327 662.527 1313.791 2111.487 )
5678.589: I:20 ( 172.031 242.687 538.623 ) T:12371 ( 141.951 242.687 484.095 662.527 1313.791 2111.487 )
5688.589: I:21 ( 150.399 192.255 406.783 ) T:12392 ( 141.951 242.687 484.095 662.527 1313.791 2111.487 )
5698.585: I:20 ( 159.359 232.575 469.759 ) T:12412 ( 141.951 242.687 483.327 662.527 1313.791 2111.487 )
5708.590: I:21 ( 161.919 363.775 418.559 ) T:12433 ( 141.951 242.687 483.327 662.527 1313.791 2111.487 )
5718.589: I:22 ( 121.663 197.887 392.191 ) T:12455 ( 141.951 242.687 483.327 662.527 1313.791 2111.487 )
5728.591: I:23 ( 141.695 270.335 410.623 ) T:12478 ( 141.951 242.687 483.327 662.527 1313.791 2111.487 )
5738.589: I:21 ( 141.695 254.079 404.223 ) T:12499 ( 141.951 242.815 483.327 662.527 1313.791 2111.487 )
5748.589: I:27 ( 121.727 285.183 375.551 ) T:12526 ( 141.951 242.815 483.327 662.527 1313.791 2111.487 )
5758.583: I:19 ( 161.919 251.263 283.135 ) T:12545 ( 141.951 242.815 483.327 662.527 1313.791 2111.487 )
5768.588: I:23 ( 151.935 232.703 592.895 ) T:12568 ( 141.951 242.815 483.327 662.527 1313.791 2111.487 )
5778.594: I:25 ( 131.711 396.287 449.023 ) T:12593 ( 141.951 242.815 483.327 662.527 1313.791 2111.487 )
5788.590: I:20 ( 151.935 210.047 336.127 ) T:12613 ( 141.951 242.815 483.327 662.527 1313.791 2111.487 )
5798.589: I:23 ( 122.943 254.591 313.599 ) T:12636 ( 141.951 242.815 483.327 662.527 1313.791 2111.487 )
5808.589: I:22 ( 121.663 188.671 284.159 ) T:12658 ( 141.951 242.815 483.327 662.527 1313.791 2111.487 )
5818.587: I:24 ( 141.823 393.215 453.631 ) T:12682 ( 141.951 242.815 483.327 662.527 1313.791 2111.487 )
5828.588: I:21 ( 141.823 194.943 663.039 ) T:12703 ( 141.951 242.815 483.327 663.039 1313.791 2111.487 )
5838.589: I:18 ( 131.711 233.727 609.279 ) T:12721 ( 141.951 242.687 483.327 663.039 1313.791 2111.487 )
5848.589: I:21 ( 138.367 232.831 427.263 ) T:12742 ( 141.951 242.687 483.327 663.039 1313.791 2111.487 )
5858.592: I:21 ( 161.919 185.599 509.695 ) T:12763 ( 141.951 242.687 484.095 663.039 1313.791 2111.487 )
5868.589: I:22 ( 162.943 330.239 367.871 ) T:12785 ( 141.951 242.815 484.095 663.039 1313.791 2111.487 )
5878.584: I:22 ( 161.919 217.087 308.991 ) T:12807 ( 141.951 242.687 483.327 663.039 1313.791 2111.487 )
5888.589: I:20 ( 151.807 225.791 558.079 ) T:12827 ( 141.951 242.687 484.095 663.039 1313.791 2111.487 )
5898.589: I:28 ( 121.663 263.935 389.631 ) T:12855 ( 141.951 242.687 484.095 663.039 1313.791 2111.487 )
5908.592: I:24 ( 131.711 192.511 396.031 ) T:12879 ( 141.823 242.687 484.095 663.039 1313.791 2111.487 )
5918.589: I:22 ( 141.823 269.311 529.919 ) T:12901 ( 141.823 242.687 484.095 663.039 1313.791 2111.487 )
5928.587: I:19 ( 162.047 387.071 414.719 ) T:12920 ( 141.951 242.815 484.095 663.039 1313.791 2111.487 )
5938.590: I:22 ( 151.935 297.983 476.415 ) T:12942 ( 141.951 242.815 484.095 663.039 1313.791 2111.487 )
5948.587: I:22 ( 141.695 197.887 406.015 ) T:12964 ( 141.951 242.815 484.095 663.039 1313.791 2111.487 )
5958.589: I:19 ( 161.919 275.711 415.487 ) T:12983 ( 141.951 242.815 484.095 663.039 1313.791 2111.487 )
5968.585: I:21 ( 162.047 222.335 442.111 ) T:13004 ( 141.951 242.815 483.327 662.527 1313.791 2111.487 )
5978.592: I:20 ( 170.879 275.199 359.679 ) T:13024 ( 141.951 242.815 483.327 662.527 1313.791 2111.487 )
5988.582: I:20 ( 165.759 345.855 510.975 ) T:13044 ( 141.951 242.815 484.095 662.527 1313.791 2111.487 )
5998.590: I:19 ( 172.031 379.647 415.231 ) T:13063 ( 141.951 242.815 484.095 662.527 1313.791 2111.487 )
6008.590: I:20 ( 131.711 202.111 395.263 ) T:13083 ( 141.951 242.815 484.095 662.527 1313.791 2111.487 )
6018.592: I:22 ( 151.807 364.287 413.695 ) T:13105 ( 141.951 242.815 483.327 662.527 1313.791 2111.487 )
6028.589: I:22 ( 131.711 286.207 504.063 ) T:13127 ( 141.951 242.815 484.095 662.527 1313.791 2111.487 )
6038.589: I:21 ( 141.823 179.199 479.999 ) T:13148 ( 141.951 242.815 484.095 662.527 1313.791 2111.487 )
6048.589: I:24 ( 141.695 202.367 537.599 ) T:13172 ( 141.951 242.815 485.375 662.527 1313.791 2111.487 )
6058.588: I:21 ( 162.047 246.015 507.135 ) T:13193 ( 141.951 242.815 485.887 662.527 1313.791 2111.487 )
6068.587: I:22 ( 172.159 315.391 410.623 ) T:13215 ( 141.951 242.815 485.375 662.527 1313.791 2111.487 )
6078.585: I:20 ( 141.823 212.607 354.047 ) T:13235 ( 141.951 242.815 485.375 662.527 1313.791 2111.487 )
6088.589: I:21 ( 141.823 212.351 420.095 ) T:13256 ( 141.951 242.815 485.375 662.527 1313.791 2111.487 )
6098.589: I:18 ( 147.711 233.727 335.103 ) T:13274 ( 141.951 242.815 485.375 662.527 1313.791 2111.487 )
6108.589: I:25 ( 141.823 357.887 516.095 ) T:13299 ( 141.951 242.815 485.887 662.527 1313.791 2111.487 )
6118.589: I:23 ( 131.711 203.135 530.431 ) T:13322 ( 141.951 242.815 485.887 662.527 1313.791 2111.487 )
6124.432: I:10 ( 173.695 232.575 487.935 ) T:13332 ( 141.951 242.815 486.143 662.527 1313.791 2111.487 )
6124.482: I:0 (   0.000   0.000   0.000 ) T:13332 ( 141.951 242.815 486.143 662.527 1313.791 2111.487 )
