#[Interval percentile log between 0.000 and <Infinite> seconds (relative to StartTime)]
#[StartTime: 1524760642.870 (seconds since epoch), Thu Apr 26 18:37:22 CEST 2018]
Time: IntervalPercentiles:count ( 50% 90% Max ) TotalPercentiles:count ( 50% 90% 99% 99.9% 99.99% Max )
10.020: I:1 (   2.337   2.337   2.337 ) T:1 (   2.337   2.337   2.337   2.337   2.337   2.337 )
19.993: I:1 (   3.311   3.311   3.311 ) T:2 (   2.337   3.311   3.311   3.311   3.311   3.311 )
29.993: I:1 (   0.041   0.041   0.041 ) T:3 (   2.337   3.311   3.311   3.311   3.311   3.311 )
39.990: I:1 (   0.050   0.050   0.050 ) T:4 (   0.050   3.311   3.311   3.311   3.311   3.311 )
49.984: I:1 (   0.078   0.078   0.078 ) T:5 (   0.078   3.311   3.311   3.311   3.311   3.311 )
59.986: I:1 (   0.147   0.147   0.147 ) T:6 (   0.078   3.311   3.311   3.311   3.311   3.311 )
69.986: I:1 (   0.114   0.114   0.114 ) T:7 (   0.114   3.311   3.311   3.311   3.311   3.311 )
79.984: I:1 (   0.190   0.190   0.190 ) T:8 (   0.114   3.311   3.311   3.311   3.311   3.311 )
89.987: I:1 (   0.083   0.083   0.083 ) T:9 (   0.114   3.311   3.311   3.311   3.311   3.311 )
99.981: I:1 (   0.203   0.203   0.203 ) T:10 (   0.114   2.337   3.311   3.311   3.311   3.311 )
109.985: I:1 (   0.216   0.216   0.216 ) T:11 (   0.147   2.337   3.311   3.311   3.311   3.311 )
119.982: I:1 (   0.211   0.211   0.211 ) T:12 (   0.147   2.337   3.311   3.311   3.311   3.311 )
129.992: I:1 (   0.192   0.192   0.192 ) T:13 (   0.190   2.337   3.311   3.311   3.311   3.311 )
139.988: I:1 (   0.137   0.137   0.137 ) T:14 (   0.147   2.337   3.311   3.311   3.311   3.311 )
149.986: I:1 (   0.082   0.082   0.082 ) T:15 (   0.147   2.337   3.311   3.311   3.311   3.311 )
159.984: I:1 (   0.221   0.221   0.221 ) T:16 (   0.147   2.337   3.311   3.311   3.311   3.311 )
169.992: I:1 (   0.247   0.247   0.247 ) T:17 (   0.190   2.337   3.311   3.311   3.311   3.311 )
179.982: I:1 (   0.188   0.188   0.188 ) T:18 (   0.188   2.337   3.311   3.311   3.311   3.311 )
189.983: I:1 (   0.352   0.352   0.352 ) T:19 (   0.190   2.337   3.311   3.311   3.311   3.311 )
199.988: I:1 (   0.296   0.296   0.296 ) T:20 (   0.190   0.352   3.311   3.311   3.311   3.311 )
209.982: I:1 (   0.238   0.238   0.238 ) T:21 (   0.192   0.352   3.311   3.311   3.311   3.311 )
219.983: I:1 (   0.281   0.281   0.281 ) T:22 (   0.192   0.352   3.311   3.311   3.311   3.311 )
229.983: I:1 (   0.263   0.263   0.263 ) T:23 (   0.203   0.352   3.311   3.311   3.311   3.311 )
239.983: I:1 (   0.140   0.140   0.140 ) T:24 (   0.192   0.352   3.311   3.311   3.311   3.311 )
249.988: I:1 (   0.145   0.145   0.145 ) T:25 (   0.192   0.352   3.311   3.311   3.311   3.311 )
259.984: I:1 (   0.155   0.155   0.155 ) T:26 (   0.190   0.352   3.311   3.311   3.311   3.311 )
269.982: I:1 (   0.043   0.043   0.043 ) T:27 (   0.190   0.352   3.311   3.311   3.311   3.311 )
279.986: I:1 (   0.173   0.173   0.173 ) T:28 (   0.188   0.352   3.311   3.311   3.311   3.311 )
289.983: I:1 (   0.200   0.200   0.200 ) T:29 (   0.190   0.352   3.311   3.311   3.311   3.311 )
299.983: I:1 (   0.245   0.245   0.245 ) T:30 (   0.190   0.296   3.311   3.311   3.311   3.311 )
309.981: I:1 (   0.167   0.167   0.167 ) T:31 (   0.190   0.296   3.311   3.311   3.311   3.311 )
319.988: I:1 (   0.211   0.211   0.211 ) T:32 (   0.190   0.296   3.311   3.311   3.311   3.311 )
329.981: I:1 (   0.140   0.140   0.140 ) T:33 (   0.190   0.296   3.311   3.311   3.311   3.311 )
339.983: I:1 (   0.246   0.246   0.246 ) T:34 (   0.190   0.296   3.311   3.311   3.311   3.311 )
349.983: I:1 (   0.146   0.146   0.146 ) T:35 (   0.190   0.296   3.311   3.311   3.311   3.311 )
359.983: I:1 (   0.133   0.133   0.133 ) T:36 (   0.188   0.296   3.311   3.311   3.311   3.311 )
369.983: I:1 (   0.198   0.198   0.198 ) T:37 (   0.190   0.296   3.311   3.311   3.311   3.311 )
379.983: I:1 (   2.253   2.253   2.253 ) T:38 (   0.190   0.352   3.311   3.311   3.311   3.311 )
389.986: I:1 (   0.056   0.056   0.056 ) T:39 (   0.190   0.352   3.311   3.311   3.311   3.311 )
399.985: I:1 (   0.168   0.168   0.168 ) T:40 (   0.188   0.296   3.311   3.311   3.311   3.311 )
409.982: I:1 (   0.348   0.348   0.348 ) T:41 (   0.190   0.348   3.311   3.311   3.311   3.311 )
419.982: I:1 (   0.201   0.201   0.201 ) T:42 (   0.190   0.348   3.311   3.311   3.311   3.311 )
429.986: I:1 (   0.176   0.176   0.176 ) T:43 (   0.190   0.348   3.311   3.311   3.311   3.311 )
439.988: I:1 (   0.239   0.239   0.239 ) T:44 (   0.190   0.348   3.311   3.311   3.311   3.311 )
449.982: I:1 (   0.144   0.144   0.144 ) T:45 (   0.190   0.348   3.311   3.311   3.311   3.311 )
459.986: I:1 (   0.160   0.160   0.160 ) T:46 (   0.188   0.348   3.311   3.311   3.311   3.311 )
469.983: I:1 (   0.251   0.251   0.251 ) T:47 (   0.190   0.348   3.311   3.311   3.311   3.311 )
479.986: I:1 (   0.162   0.162   0.162 ) T:48 (   0.188   0.348   3.311   3.311   3.311   3.311 )
489.986: I:1 (   0.202   0.202   0.202 ) T:49 (   0.190   0.348   3.311   3.311   3.311   3.311 )
499.983: I:1 (   0.226   0.226   0.226 ) T:50 (   0.190   0.296   3.311   3.311   3.311   3.311 )
509.984: I:1 (   0.175   0.175   0.175 ) T:51 (   0.190   0.296   3.311   3.311   3.311   3.311 )
519.982: I:1 (   0.172   0.172   0.172 ) T:52 (   0.188   0.296   3.311   3.311   3.311   3.311 )
529.988: I:1 (   0.183   0.183   0.183 ) T:53 (   0.188   0.296   3.311   3.311   3.311   3.311 )
539.985: I:1 (   0.185   0.185   0.185 ) T:54 (   0.185   0.296   3.311   3.311   3.311   3.311 )
549.986: I:1 (   0.188   0.188   0.188 ) T:55 (   0.188   0.296   3.311   3.311   3.311   3.311 )
559.989: I:1 (   0.187   0.187   0.187 ) T:56 (   0.187   0.296   3.311   3.311   3.311   3.311 )
569.990: I:1 (   0.196   0.196   0.196 ) T:57 (   0.188   0.296   3.311   3.311   3.311   3.311 )
579.986: I:1 (   0.111   0.111   0.111 ) T:58 (   0.187   0.296   3.311   3.311   3.311   3.311 )
589.988: I:1 (   0.151   0.151   0.151 ) T:59 (   0.187   0.296   3.311   3.311   3.311   3.311 )
599.987: I:1 (   0.193   0.193   0.193 ) T:60 (   0.187   0.281   3.311   3.311   3.311   3.311 )
609.987: I:1 (   0.079   0.079   0.079 ) T:61 (   0.187   0.281   3.311   3.311   3.311   3.311 )
619.987: I:1 (   0.118   0.118   0.118 ) T:62 (   0.185   0.281   3.311   3.311   3.311   3.311 )
629.985: I:1 (   0.118   0.118   0.118 ) T:63 (   0.185   0.281   3.311   3.311   3.311   3.311 )
639.986: I:1 (   0.235   0.235   0.235 ) T:64 (   0.185   0.281   3.311   3.311   3.311   3.311 )
649.989: I:1 (   0.109   0.109   0.109 ) T:65 (   0.185   0.281   3.311   3.311   3.311   3.311 )
659.988: I:1 (   0.113   0.113   0.113 ) T:66 (   0.183   0.281   3.311   3.311   3.311   3.311 )
669.985: I:1 (   0.076   0.076   0.076 ) T:67 (   0.183   0.281   3.311   3.311   3.311   3.311 )
679.986: I:1 (   0.084   0.084   0.084 ) T:68 (   0.176   0.281   3.311   3.311   3.311   3.311 )
689.990: I:1 (   0.217   0.217   0.217 ) T:69 (   0.183   0.281   3.311   3.311   3.311   3.311 )
699.989: I:1 (   0.171   0.171   0.171 ) T:70 (   0.176   0.263   3.311   3.311   3.311   3.311 )
709.988: I:1 (   0.034   0.034   0.034 ) T:71 (   0.176   0.263   3.311   3.311   3.311   3.311 )
719.981: I:1 (   0.107   0.107   0.107 ) T:72 (   0.175   0.263   3.311   3.311   3.311   3.311 )
729.985: I:1 (   0.255   0.255   0.255 ) T:73 (   0.176   0.263   3.311   3.311   3.311   3.311 )
739.987: I:1 (   0.223   0.223   0.223 ) T:74 (   0.176   0.263   3.311   3.311   3.311   3.311 )
749.985: I:1 (   0.186   0.186   0.186 ) T:75 (   0.183   0.263   3.311   3.311   3.311   3.311 )
759.985: I:1 (   0.189   0.189   0.189 ) T:76 (   0.183   0.263   3.311   3.311   3.311   3.311 )
769.981: I:1 (   3.625   3.625   3.625 ) T:77 (   0.185   0.281   3.625   3.625   3.625   3.625 )
779.983: I:1 (   0.426   0.426   0.426 ) T:78 (   0.185   0.296   3.625   3.625   3.625   3.625 )
789.980: I:1 (   0.454   0.454   0.454 ) T:79 (   0.186   0.348   3.625   3.625   3.625   3.625 )
799.987: I:1 (   0.547   0.547   0.547 ) T:80 (   0.186   0.348   3.625   3.625   3.625   3.625 )
809.985: I:1 (   0.494   0.494   0.494 ) T:81 (   0.187   0.352   3.625   3.625   3.625   3.625 )
819.989: I:1 (   0.297   0.297   0.297 ) T:82 (   0.187   0.352   3.625   3.625   3.625   3.625 )
829.983: I:1 (   0.134   0.134   0.134 ) T:83 (   0.187   0.352   3.625   3.625   3.625   3.625 )
839.988: I:1 (   0.433   0.433   0.433 ) T:84 (   0.187   0.426   3.625   3.625   3.625   3.625 )
849.987: I:1 (   0.478   0.478   0.478 ) T:85 (   0.188   0.433   3.625   3.625   3.625   3.625 )
859.987: I:1 (   0.114   0.114   0.114 ) T:86 (   0.187   0.433   3.625   3.625   3.625   3.625 )
870.095: I:1 (   0.188   0.188   0.188 ) T:87 (   0.188   0.433   3.625   3.625   3.625   3.625 )
879.987: I:1 (   0.524   0.524   0.524 ) T:88 (   0.188   0.454   3.625   3.625   3.625   3.625 )
889.988: I:1 (   0.318   0.318   0.318 ) T:89 (   0.188   0.454   3.625   3.625   3.625   3.625 )
899.985: I:1 (   0.110   0.110   0.110 ) T:90 (   0.188   0.433   3.625   3.625   3.625   3.625 )
909.987: I:1 (   0.194   0.194   0.194 ) T:91 (   0.188   0.433   3.625   3.625   3.625   3.625 )
919.987: I:1 (   0.253   0.253   0.253 ) T:92 (   0.188   0.433   3.625   3.625   3.625   3.625 )
929.981: I:1 (   0.259   0.259   0.259 ) T:93 (   0.188   0.433   3.625   3.625   3.625   3.625 )
939.988: I:1 (   0.257   0.257   0.257 ) T:94 (   0.188   0.433   3.625   3.625   3.625   3.625 )
949.983: I:1 (   0.276   0.276   0.276 ) T:95 (   0.189   0.433   3.625   3.625   3.625   3.625 )
959.989: I:1 (   0.636   0.636   0.636 ) T:96 (   0.189   0.454   3.625   3.625   3.625   3.625 )
969.989: I:1 (   0.270   0.270   0.270 ) T:97 (   0.190   0.454   3.625   3.625   3.625   3.625 )
979.988: I:1 (   0.273   0.273   0.273 ) T:98 (   0.190   0.454   3.625   3.625   3.625   3.625 )
989.986: I:1 (   0.438   0.438   0.438 ) T:99 (   0.192   0.454   3.625   3.625   3.625   3.625 )
999.984: I:1 (   0.442   0.442   0.442 ) T:100 (   0.192   0.442   3.311   3.625   3.625   3.625 )
1009.986: I:1 (   0.440   0.440   0.440 ) T:101 (   0.193   0.442   3.311   3.625   3.625   3.625 )
1019.986: I:1 (   0.271   0.271   0.271 ) T:102 (   0.193   0.442   3.311   3.625   3.625   3.625 )
1029.986: I:1 (   0.360   0.360   0.360 ) T:103 (   0.194   0.442   3.311   3.625   3.625   3.625 )
1039.989: I:1 (   0.310   0.310   0.310 ) T:104 (   0.194   0.442   3.311   3.625   3.625   3.625 )
1049.988: I:1 (   0.095   0.095   0.095 ) T:105 (   0.194   0.442   3.311   3.625   3.625   3.625 )
1059.987: I:1 (   0.283   0.283   0.283 ) T:106 (   0.194   0.442   3.311   3.625   3.625   3.625 )
1069.982: I:1 (   0.288   0.288   0.288 ) T:107 (   0.196   0.442   3.311   3.625   3.625   3.625 )
1079.982: I:1 (   0.297   0.297   0.297 ) T:108 (   0.196   0.442   3.311   3.625   3.625   3.625 )
1089.988: I:1 (   0.314   0.314   0.314 ) T:109 (   0.198   0.442   3.311   3.625   3.625   3.625 )
1099.981: I:1 (   0.210   0.210   0.210 ) T:110 (   0.198   0.440   3.311   3.625   3.625   3.625 )
1109.982: I:1 (   0.212   0.212   0.212 ) T:111 (   0.200   0.440   3.311   3.625   3.625   3.625 )
1119.983: I:1 (   0.102   0.102   0.102 ) T:112 (   0.198   0.440   3.311   3.625   3.625   3.625 )
1129.982: I:1 (   0.215   0.215   0.215 ) T:113 (   0.200   0.440   3.311   3.625   3.625   3.625 )
1139.983: I:1 (   0.107   0.107   0.107 ) T:114 (   0.198   0.440   3.311   3.625   3.625   3.625 )
1149.983: I:1 (   0.213   0.213   0.213 ) T:115 (   0.200   0.440   3.311   3.625   3.625   3.625 )
1159.986: I:1 (   0.227   0.227   0.227 ) T:116 (   0.200   0.440   3.311   3.625   3.625   3.625 )
1169.981: I:1 (   0.107   0.107   0.107 ) T:117 (   0.200   0.440   3.311   3.625   3.625   3.625 )
1179.983: I:1 (   0.220   0.220   0.220 ) T:118 (   0.200   0.440   3.311   3.625   3.625   3.625 )
1189.988: I:1 (   0.105   0.105   0.105 ) T:119 (   0.200   0.440   3.311   3.625   3.625   3.625 )
1199.987: I:1 (   0.223   0.223   0.223 ) T:120 (   0.200   0.438   3.311   3.625   3.625   3.625 )
1209.981: I:1 (   0.121   0.121   0.121 ) T:121 (   0.200   0.438   3.311   3.625   3.625   3.625 )
1219.988: I:1 (   0.227   0.227   0.227 ) T:122 (   0.200   0.438   3.311   3.625   3.625   3.625 )
1229.985: I:1 (   0.229   0.229   0.229 ) T:123 (   0.201   0.438   3.311   3.625   3.625   3.625 )
1239.985: I:1 (   0.232   0.232   0.232 ) T:124 (   0.201   0.438   3.311   3.625   3.625   3.625 )
1249.983: I:1 (   0.233   0.233   0.233 ) T:125 (   0.202   0.438   3.311   3.625   3.625   3.625 )
1259.983: I:1 (   0.237   0.237   0.237 ) T:126 (   0.202   0.438   3.311   3.625   3.625   3.625 )
1271.821: I:1 (   0.233   0.233   0.233 ) T:127 (   0.203   0.438   3.311   3.625   3.625   3.625 )
1279.982: I:1 (   3.457   3.457   3.457 ) T:128 (   0.203   0.440   3.457   3.625   3.625   3.625 )
1289.988: I:1 (   0.026   0.026   0.026 ) T:129 (   0.203   0.440   3.457   3.625   3.625   3.625 )
1299.981: I:1 (   0.070   0.070   0.070 ) T:130 (   0.202   0.438   3.457   3.625   3.625   3.625 )
1309.983: I:1 (   0.046   0.046   0.046 ) T:131 (   0.202   0.438   3.457   3.625   3.625   3.625 )
1319.985: I:1 (   0.185   0.185   0.185 ) T:132 (   0.201   0.438   3.457   3.625   3.625   3.625 )
1329.981: I:1 (   0.080   0.080   0.080 ) T:133 (   0.201   0.438   3.457   3.625   3.625   3.625 )
1339.984: I:1 (   0.198   0.198   0.198 ) T:134 (   0.200   0.438   3.457   3.625   3.625   3.625 )
1349.987: I:1 (   0.245   0.245   0.245 ) T:135 (   0.201   0.438   3.457   3.625   3.625   3.625 )
1359.982: I:1 (   0.141   0.141   0.141 ) T:136 (   0.200   0.438   3.457   3.625   3.625   3.625 )
1369.988: I:1 (   0.322   0.322   0.322 ) T:137 (   0.201   0.438   3.457   3.625   3.625   3.625 )
1379.982: I:1 (   0.178   0.178   0.178 ) T:138 (   0.200   0.438   3.457   3.625   3.625   3.625 )
1389.982: I:1 (   0.361   0.361   0.361 ) T:139 (   0.201   0.438   3.457   3.625   3.625   3.625 )
1399.988: I:1 (   0.365   0.365   0.365 ) T:140 (   0.201   0.433   3.457   3.625   3.625   3.625 )
1410.171: I:1 (   0.183   0.183   0.183 ) T:141 (   0.201   0.433   3.457   3.625   3.625   3.625 )
1419.981: I:1 (   0.375   0.375   0.375 ) T:142 (   0.201   0.433   3.457   3.625   3.625   3.625 )
1429.989: I:1 (   0.190   0.190   0.190 ) T:143 (   0.201   0.433   3.457   3.625   3.625   3.625 )
1439.989: I:1 (   0.187   0.187   0.187 ) T:144 (   0.200   0.433   3.457   3.625   3.625   3.625 )
1449.992: I:1 (   0.000   0.000   0.000 ) T:145 (   0.200   0.433   3.457   3.625   3.625   3.625 )
1459.982: I:1 (   0.189   0.189   0.189 ) T:146 (   0.198   0.433   3.457   3.625   3.625   3.625 )
1469.985: I:1 (   0.184   0.184   0.184 ) T:147 (   0.198   0.433   3.457   3.625   3.625   3.625 )
1479.987: I:1 (   0.194   0.194   0.194 ) T:148 (   0.198   0.433   3.457   3.625   3.625   3.625 )
1489.987: I:1 (   0.194   0.194   0.194 ) T:149 (   0.198   0.433   3.457   3.625   3.625   3.625 )
1499.981: I:1 (   0.387   0.387   0.387 ) T:150 (   0.198   0.426   3.457   3.625   3.625   3.625 )
1509.988: I:1 (   0.197   0.197   0.197 ) T:151 (   0.198   0.426   3.457   3.625   3.625   3.625 )
1519.981: I:1 (   0.397   0.397   0.397 ) T:152 (   0.198   0.426   3.457   3.625   3.625   3.625 )
1529.983: I:1 (   0.204   0.204   0.204 ) T:153 (   0.198   0.426   3.457   3.625   3.625   3.625 )
1539.988: I:1 (   0.210   0.210   0.210 ) T:154 (   0.198   0.426   3.457   3.625   3.625   3.625 )
1549.988: I:1 (   0.202   0.202   0.202 ) T:155 (   0.200   0.426   3.457   3.625   3.625   3.625 )
1559.988: I:1 (   0.421   0.421   0.421 ) T:156 (   0.200   0.426   3.457   3.625   3.625   3.625 )
1569.982: I:1 (   0.214   0.214   0.214 ) T:157 (   0.201   0.426   3.457   3.625   3.625   3.625 )
1579.982: I:1 (   0.213   0.213   0.213 ) T:158 (   0.201   0.426   3.457   3.625   3.625   3.625 )
1589.985: I:1 (   0.219   0.219   0.219 ) T:159 (   0.202   0.426   3.457   3.625   3.625   3.625 )
1599.984: I:1 (   0.221   0.221   0.221 ) T:160 (   0.202   0.421   3.457   3.625   3.625   3.625 )
1609.987: I:1 (   0.446   0.446   0.446 ) T:161 (   0.202   0.426   3.457   3.625   3.625   3.625 )
1619.982: I:1 (   0.219   0.219   0.219 ) T:162 (   0.202   0.426   3.457   3.625   3.625   3.625 )
1629.988: I:1 (   0.452   0.452   0.452 ) T:163 (   0.203   0.433   3.457   3.625   3.625   3.625 )
1639.987: I:1 (   0.000   0.000   0.000 ) T:164 (   0.202   0.433   3.457   3.625   3.625   3.625 )
1649.986: I:1 (   0.465   0.465   0.465 ) T:165 (   0.203   0.438   3.457   3.625   3.625   3.625 )
1659.989: I:1 (   0.232   0.232   0.232 ) T:166 (   0.203   0.438   3.457   3.625   3.625   3.625 )
1669.988: I:1 (   0.231   0.231   0.231 ) T:167 (   0.204   0.438   3.457   3.625   3.625   3.625 )
1679.988: I:1 (   0.000   0.000   0.000 ) T:168 (   0.203   0.438   3.457   3.625   3.625   3.625 )
1689.988: I:1 (   0.000   0.000   0.000 ) T:169 (   0.203   0.438   3.457   3.625   3.625   3.625 )
1699.985: I:1 (   0.236   0.236   0.236 ) T:170 (   0.203   0.433   3.457   3.625   3.625   3.625 )
1709.988: I:1 (   0.483   0.483   0.483 ) T:171 (   0.204   0.438   3.457   3.625   3.625   3.625 )
1719.990: I:1 (   0.248   0.248   0.248 ) T:172 (   0.204   0.438   3.457   3.625   3.625   3.625 )
1729.983: I:1 (   0.240   0.240   0.240 ) T:173 (   0.210   0.438   3.457   3.625   3.625   3.625 )
1739.981: I:1 (   0.183   0.183   0.183 ) T:174 (   0.204   0.438   3.457   3.625   3.625   3.625 )
1749.982: I:1 (   0.101   0.101   0.101 ) T:175 (   0.204   0.438   3.457   3.625   3.625   3.625 )
1759.988: I:1 (   0.099   0.099   0.099 ) T:176 (   0.203   0.438   3.457   3.625   3.625   3.625 )
1769.987: I:1 (   0.100   0.100   0.100 ) T:177 (   0.203   0.438   3.457   3.625   3.625   3.625 )
1779.987: I:1 (   0.104   0.104   0.104 ) T:178 (   0.202   0.438   3.457   3.625   3.625   3.625 )
1789.987: I:1 (   0.000   0.000   0.000 ) T:179 (   0.202   0.438   3.457   3.625   3.625   3.625 )
1799.987: I:1 (   0.245   0.245   0.245 ) T:180 (   0.202   0.433   3.457   3.625   3.625   3.625 )
1809.987: I:1 (   0.000   0.000   0.000 ) T:181 (   0.202   0.433   3.457   3.625   3.625   3.625 )
1819.983: I:1 (   0.128   0.128   0.128 ) T:182 (   0.202   0.433   3.457   3.625   3.625   3.625 )
1829.981: I:1 (   0.139   0.139   0.139 ) T:183 (   0.202   0.433   3.457   3.625   3.625   3.625 )
1839.986: I:1 (   0.148   0.148   0.148 ) T:184 (   0.201   0.433   3.457   3.625   3.625   3.625 )
1849.982: I:1 (   0.157   0.157   0.157 ) T:185 (   0.201   0.433   3.457   3.625   3.625   3.625 )
1859.985: I:1 (   0.166   0.166   0.166 ) T:186 (   0.200   0.433   3.457   3.625   3.625   3.625 )
1869.985: I:1 (   0.174   0.174   0.174 ) T:187 (   0.200   0.433   3.457   3.625   3.625   3.625 )
1879.983: I:1 (   0.168   0.168   0.168 ) T:188 (   0.198   0.433   3.457   3.625   3.625   3.625 )
1889.985: I:1 (   0.173   0.173   0.173 ) T:189 (   0.198   0.433   3.457   3.625   3.625   3.625 )
1899.987: I:1 (   0.171   0.171   0.171 ) T:190 (   0.198   0.426   3.457   3.625   3.625   3.625 )
1909.988: I:1 (   0.191   0.191   0.191 ) T:191 (   0.198   0.426   3.457   3.625   3.625   3.625 )
1919.985: I:1 (   0.196   0.196   0.196 ) T:192 (   0.197   0.426   3.457   3.625   3.625   3.625 )
1929.981: I:1 (   0.194   0.194   0.194 ) T:193 (   0.197   0.426   3.457   3.625   3.625   3.625 )
1939.983: I:1 (   0.184   0.184   0.184 ) T:194 (   0.196   0.426   3.457   3.625   3.625   3.625 )
1949.980: I:1 (   0.196   0.196   0.196 ) T:195 (   0.196   0.426   3.457   3.625   3.625   3.625 )
1959.987: I:1 (   0.200   0.200   0.200 ) T:196 (   0.196   0.426   3.457   3.625   3.625   3.625 )
1969.986: I:1 (   0.198   0.198   0.198 ) T:197 (   0.197   0.426   3.457   3.625   3.625   3.625 )
1979.981: I:1 (   0.198   0.198   0.198 ) T:198 (   0.197   0.426   3.457   3.625   3.625   3.625 )
1989.988: I:1 (   0.203   0.203   0.203 ) T:199 (   0.198   0.426   3.457   3.625   3.625   3.625 )
1999.987: I:1 (   0.000   0.000   0.000 ) T:200 (   0.197   0.421   3.311   3.625   3.625   3.625 )
2009.987: I:1 (   0.205   0.205   0.205 ) T:201 (   0.198   0.421   3.311   3.625   3.625   3.625 )
2019.990: I:1 (   0.197   0.197   0.197 ) T:202 (   0.197   0.421   3.311   3.625   3.625   3.625 )
2029.989: I:1 (   0.198   0.198   0.198 ) T:203 (   0.198   0.421   3.311   3.625   3.625   3.625 )
2039.983: I:1 (   0.208   0.208   0.208 ) T:204 (   0.198   0.421   3.311   3.625   3.625   3.625 )
2049.983: I:1 (   0.000   0.000   0.000 ) T:205 (   0.198   0.421   3.311   3.625   3.625   3.625 )
2059.986: I:1 (   0.204   0.204   0.204 ) T:206 (   0.198   0.421   3.311   3.625   3.625   3.625 )
2069.982: I:1 (   0.205   0.205   0.205 ) T:207 (   0.198   0.421   3.311   3.625   3.625   3.625 )
2079.989: I:1 (   0.195   0.195   0.195 ) T:208 (   0.198   0.421   3.311   3.625   3.625   3.625 )
2089.988: I:1 (   0.208   0.208   0.208 ) T:209 (   0.198   0.421   3.311   3.625   3.625   3.625 )
2099.982: I:1 (   0.000   0.000   0.000 ) T:210 (   0.198   0.397   3.311   3.625   3.625   3.625 )
2109.988: I:1 (   0.202   0.202   0.202 ) T:211 (   0.198   0.397   3.311   3.625   3.625   3.625 )
2119.982: I:1 (   0.212   0.212   0.212 ) T:212 (   0.198   0.397   3.311   3.625   3.625   3.625 )
2129.986: I:1 (   0.214   0.214   0.214 ) T:213 (   0.198   0.397   3.311   3.625   3.625   3.625 )
2139.983: I:1 (   0.000   0.000   0.000 ) T:214 (   0.198   0.397   3.311   3.625   3.625   3.625 )
2149.988: I:1 (   0.219   0.219   0.219 ) T:215 (   0.198   0.397   3.311   3.625   3.625   3.625 )
2159.984: I:1 (   0.218   0.218   0.218 ) T:216 (   0.198   0.397   3.311   3.625   3.625   3.625 )
2169.987: I:1 (   0.215   0.215   0.215 ) T:217 (   0.198   0.397   3.311   3.625   3.625   3.625 )
2179.987: I:1 (   0.000   0.000   0.000 ) T:218 (   0.198   0.397   3.311   3.625   3.625   3.625 )
2189.990: I:1 (   0.222   0.222   0.222 ) T:219 (   0.198   0.397   3.311   3.625   3.625   3.625 )
2199.989: I:1 (   0.223   0.223   0.223 ) T:220 (   0.198   0.387   3.311   3.625   3.625   3.625 )
2213.470: I:1 (   0.211   0.211   0.211 ) T:221 (   0.198   0.387   3.311   3.625   3.625   3.625 )
2219.989: I:1 (   5.547   5.547   5.547 ) T:222 (   0.198   0.397   3.457   5.547   5.547   5.547 )
2229.985: I:1 (   0.000   0.000   0.000 ) T:223 (   0.198   0.397   3.457   5.547   5.547   5.547 )
2239.984: I:1 (   0.450   0.450   0.450 ) T:224 (   0.198   0.421   3.457   5.547   5.547   5.547 )
2249.982: I:1 (   0.177   0.177   0.177 ) T:225 (   0.198   0.421   3.457   5.547   5.547   5.547 )
2259.988: I:1 (   0.000   0.000   0.000 ) T:226 (   0.198   0.421   3.457   5.547   5.547   5.547 )
2269.983: I:1 (   0.195   0.195   0.195 ) T:227 (   0.198   0.421   3.457   5.547   5.547   5.547 )
2279.987: I:1 (   0.208   0.208   0.208 ) T:228 (   0.198   0.421   3.457   5.547   5.547   5.547 )
2289.983: I:1 (   0.209   0.209   0.209 ) T:229 (   0.198   0.421   3.457   5.547   5.547   5.547 )
2299.986: I:1 (   0.208   0.208   0.208 ) T:230 (   0.198   0.397   3.457   5.547   5.547   5.547 )
2309.990: I:1 (   0.206   0.206   0.206 ) T:231 (   0.200   0.397   3.457   5.547   5.547   5.547 )
2319.989: I:1 (   0.000   0.000   0.000 ) T:232 (   0.198   0.397   3.457   5.547   5.547   5.547 )
2329.983: I:1 (   0.211   0.211   0.211 ) T:233 (   0.200   0.397   3.457   5.547   5.547   5.547 )
2339.985: I:1 (   0.000   0.000   0.000 ) T:234 (   0.198   0.397   3.457   5.547   5.547   5.547 )
2349.984: I:1 (   0.210   0.210   0.210 ) T:235 (   0.200   0.397   3.457   5.547   5.547   5.547 )
2359.986: I:1 (   0.213   0.213   0.213 ) T:236 (   0.200   0.397   3.457   5.547   5.547   5.547 )
2369.984: I:1 (   0.223   0.223   0.223 ) T:237 (   0.200   0.397   3.457   5.547   5.547   5.547 )
2379.985: I:1 (   0.000   0.000   0.000 ) T:238 (   0.200   0.397   3.457   5.547   5.547   5.547 )
2389.988: I:1 (   0.214   0.214   0.214 ) T:239 (   0.200   0.397   3.457   5.547   5.547   5.547 )
2399.984: I:1 (   0.197   0.197   0.197 ) T:240 (   0.200   0.387   3.457   5.547   5.547   5.547 )
2409.983: I:1 (   0.000   0.000   0.000 ) T:241 (   0.200   0.387   3.457   5.547   5.547   5.547 )
2419.987: I:1 (   0.226   0.226   0.226 ) T:242 (   0.200   0.387   3.457   5.547   5.547   5.547 )
2429.987: I:1 (   0.232   0.232   0.232 ) T:243 (   0.200   0.387   3.457   5.547   5.547   5.547 )
2439.987: I:1 (   0.235   0.235   0.235 ) T:244 (   0.200   0.387   3.457   5.547   5.547   5.547 )
2449.985: I:1 (   0.000   0.000   0.000 ) T:245 (   0.200   0.387   3.457   5.547   5.547   5.547 )
2459.985: I:1 (   0.239   0.239   0.239 ) T:246 (   0.200   0.387   3.457   5.547   5.547   5.547 )
2469.988: I:1 (   0.247   0.247   0.247 ) T:247 (   0.201   0.387   3.457   5.547   5.547   5.547 )
2479.988: I:1 (   0.233   0.233   0.233 ) T:248 (   0.201   0.387   3.457   5.547   5.547   5.547 )
2490.016: I:1 (   0.000   0.000   0.000 ) T:249 (   0.201   0.387   3.457   5.547   5.547   5.547 )
2499.983: I:1 (   0.227   0.227   0.227 ) T:250 (   0.201   0.375   3.457   5.547   5.547   5.547 )
2509.985: I:1 (   0.254   0.254   0.254 ) T:251 (   0.202   0.375   3.457   5.547   5.547   5.547 )
2519.985: I:1 (   0.257   0.257   0.257 ) T:252 (   0.202   0.375   3.457   5.547   5.547   5.547 )
2529.983: I:1 (   0.000   0.000   0.000 ) T:253 (   0.202   0.375   3.457   5.547   5.547   5.547 )
2539.983: I:1 (   0.252   0.252   0.252 ) T:254 (   0.202   0.375   3.457   5.547   5.547   5.547 )
2549.983: I:1 (   0.000   0.000   0.000 ) T:255 (   0.202   0.375   3.457   5.547   5.547   5.547 )
2559.988: I:1 (   0.244   0.244   0.244 ) T:256 (   0.202   0.375   3.457   5.547   5.547   5.547 )
2569.984: I:1 (   0.246   0.246   0.246 ) T:257 (   0.202   0.375   3.457   5.547   5.547   5.547 )
2580.029: I:1 (   0.000   0.000   0.000 ) T:258 (   0.202   0.375   3.457   5.547   5.547   5.547 )
2589.986: I:1 (   0.242   0.242   0.242 ) T:259 (   0.202   0.375   3.457   5.547   5.547   5.547 )
2599.983: I:1 (   0.243   0.243   0.243 ) T:260 (   0.202   0.365   3.457   5.547   5.547   5.547 )
2609.983: I:1 (   0.000   0.000   0.000 ) T:261 (   0.202   0.365   3.457   5.547   5.547   5.547 )
2619.988: I:1 (   0.000   0.000   0.000 ) T:262 (   0.202   0.365   3.457   5.547   5.547   5.547 )
2629.990: I:1 (   0.244   0.244   0.244 ) T:263 (   0.202   0.365   3.457   5.547   5.547   5.547 )
2639.986: I:1 (   0.244   0.244   0.244 ) T:264 (   0.202   0.365   3.457   5.547   5.547   5.547 )
2649.981: I:1 (   0.245   0.245   0.245 ) T:265 (   0.202   0.365   3.457   5.547   5.547   5.547 )
2659.988: I:1 (   0.250   0.250   0.250 ) T:266 (   0.202   0.365   3.457   5.547   5.547   5.547 )
2669.982: I:1 (   0.000   0.000   0.000 ) T:267 (   0.202   0.365   3.457   5.547   5.547   5.547 )
2679.983: I:1 (   0.246   0.246   0.246 ) T:268 (   0.202   0.365   3.457   5.547   5.547   5.547 )
2689.988: I:1 (   0.000   0.000   0.000 ) T:269 (   0.202   0.365   3.457   5.547   5.547   5.547 )
2699.987: I:1 (   0.243   0.243   0.243 ) T:270 (   0.202   0.361   3.457   5.547   5.547   5.547 )
2709.987: I:1 (   0.000   0.000   0.000 ) T:271 (   0.202   0.361   3.457   5.547   5.547   5.547 )
2719.987: I:1 (   0.242   0.242   0.242 ) T:272 (   0.202   0.361   3.457   5.547   5.547   5.547 )
2729.986: I:1 (   0.233   0.233   0.233 ) T:273 (   0.203   0.361   3.457   5.547   5.547   5.547 )
2739.989: I:1 (   0.162   0.162   0.162 ) T:274 (   0.202   0.361   3.457   5.547   5.547   5.547 )
2749.988: I:1 (   0.000   0.000   0.000 ) T:275 (   0.202   0.361   3.457   5.547   5.547   5.547 )
2759.984: I:1 (   0.163   0.163   0.163 ) T:276 (   0.202   0.361   3.457   5.547   5.547   5.547 )
2769.987: I:1 (   0.000   0.000   0.000 ) T:277 (   0.202   0.361   3.457   5.547   5.547   5.547 )
2779.981: I:1 (   0.169   0.169   0.169 ) T:278 (   0.202   0.361   3.457   5.547   5.547   5.547 )
2789.988: I:1 (   0.173   0.173   0.173 ) T:279 (   0.202   0.361   3.457   5.547   5.547   5.547 )
2799.986: I:1 (   0.179   0.179   0.179 ) T:280 (   0.201   0.360   3.457   5.547   5.547   5.547 )
2809.987: I:1 (   0.176   0.176   0.176 ) T:281 (   0.201   0.360   3.457   5.547   5.547   5.547 )
2819.987: I:1 (   0.000   0.000   0.000 ) T:282 (   0.200   0.360   3.457   5.547   5.547   5.547 )
2829.984: I:1 (   0.178   0.178   0.178 ) T:283 (   0.200   0.360   3.457   5.547   5.547   5.547 )
2839.987: I:1 (   0.181   0.181   0.181 ) T:284 (   0.200   0.360   3.457   5.547   5.547   5.547 )
2849.988: I:1 (   0.000   0.000   0.000 ) T:285 (   0.200   0.360   3.457   5.547   5.547   5.547 )
2859.988: I:1 (   0.191   0.191   0.191 ) T:286 (   0.198   0.360   3.457   5.547   5.547   5.547 )
2869.987: I:1 (   0.200   0.200   0.200 ) T:287 (   0.200   0.360   3.457   5.547   5.547   5.547 )
2879.982: I:1 (   0.204   0.204   0.204 ) T:288 (   0.200   0.360   3.457   5.547   5.547   5.547 )
2889.986: I:1 (   0.000   0.000   0.000 ) T:289 (   0.200   0.360   3.457   5.547   5.547   5.547 )
2893.469: I:2 (   0.000   0.205   0.205 ) T:291 (   0.200   0.352   3.457   5.547   5.547   5.547 )
2893.504: I:0 (   0.000   0.000   0.000 ) T:291 (   0.200   0.352   3.457   5.547   5.547   5.547 )
