#[Interval percentile log between 0.000 and <Infinite> seconds (relative to StartTime)]
#[StartTime: 1524471765.870 (seconds since epoch), Mon Apr 23 10:22:45 CEST 2018]
Time: IntervalPercentiles:count ( 50% 90% Max ) TotalPercentiles:count ( 50% 90% 99% 99.9% 99.99% Max )
9.556: I:1 ( 450.303 450.303 450.303 ) T:1 ( 450.303 450.303 450.303 450.303 450.303 450.303 )
19.552: I:0 (   0.000   0.000   0.000 ) T:1 ( 450.303 450.303 450.303 450.303 450.303 450.303 )
29.552: I:0 (   0.000   0.000   0.000 ) T:1 ( 450.303 450.303 450.303 450.303 450.303 450.303 )
39.551: I:0 (   0.000   0.000   0.000 ) T:1 ( 450.303 450.303 450.303 450.303 450.303 450.303 )
49.551: I:0 (   0.000   0.000   0.000 ) T:1 ( 450.303 450.303 450.303 450.303 450.303 450.303 )
59.552: I:0 (   0.000   0.000   0.000 ) T:1 ( 450.303 450.303 450.303 450.303 450.303 450.303 )
69.551: I:0 (   0.000   0.000   0.000 ) T:1 ( 450.303 450.303 450.303 450.303 450.303 450.303 )
79.550: I:0 (   0.000   0.000   0.000 ) T:1 ( 450.303 450.303 450.303 450.303 450.303 450.303 )
89.549: I:0 (   0.000   0.000   0.000 ) T:1 ( 450.303 450.303 450.303 450.303 450.303 450.303 )
99.549: I:0 (   0.000   0.000   0.000 ) T:1 ( 450.303 450.303 450.303 450.303 450.303 450.303 )
109.549: I:0 (   0.000   0.000   0.000 ) T:1 ( 450.303 450.303 450.303 450.303 450.303 450.303 )
119.549: I:0 (   0.000   0.000   0.000 ) T:1 ( 450.303 450.303 450.303 450.303 450.303 450.303 )
129.549: I:0 (   0.000   0.000   0.000 ) T:1 ( 450.303 450.303 450.303 450.303 450.303 450.303 )
139.549: I:0 (   0.000   0.000   0.000 ) T:1 ( 450.303 450.303 450.303 450.303 450.303 450.303 )
149.549: I:0 (   0.000   0.000   0.000 ) T:1 ( 450.303 450.303 450.303 450.303 450.303 450.303 )
159.549: I:0 (   0.000   0.000   0.000 ) T:1 ( 450.303 450.303 450.303 450.303 450.303 450.303 )
169.549: I:0 (   0.000   0.000   0.000 ) T:1 ( 450.303 450.303 450.303 450.303 450.303 450.303 )
179.549: I:0 (   0.000   0.000   0.000 ) T:1 ( 450.303 450.303 450.303 450.303 450.303 450.303 )
189.549: I:0 (   0.000   0.000   0.000 ) T:1 ( 450.303 450.303 450.303 450.303 450.303 450.303 )
199.549: I:0 (   0.000   0.000   0.000 ) T:1 ( 450.303 450.303 450.303 450.303 450.303 450.303 )
209.549: I:0 (   0.000   0.000   0.000 ) T:1 ( 450.303 450.303 450.303 450.303 450.303 450.303 )
219.549: I:0 (   0.000   0.000   0.000 ) T:1 ( 450.303 450.303 450.303 450.303 450.303 450.303 )
229.549: I:0 (   0.000   0.000   0.000 ) T:1 ( 450.303 450.303 450.303 450.303 450.303 450.303 )
239.549: I:0 (   0.000   0.000   0.000 ) T:1 ( 450.303 450.303 450.303 450.303 450.303 450.303 )
249.549: I:0 (   0.000   0.000   0.000 ) T:1 ( 450.303 450.303 450.303 450.303 450.303 450.303 )
259.549: I:0 (   0.000   0.000   0.000 ) T:1 ( 450.303 450.303 450.303 450.303 450.303 450.303 )
269.549: I:0 (   0.000   0.000   0.000 ) T:1 ( 450.303 450.303 450.303 450.303 450.303 450.303 )
279.549: I:0 (   0.000   0.000   0.000 ) T:1 ( 450.303 450.303 450.303 450.303 450.303 450.303 )
289.549: I:0 (   0.000   0.000   0.000 ) T:1 ( 450.303 450.303 450.303 450.303 450.303 450.303 )
299.549: I:0 (   0.000   0.000   0.000 ) T:1 ( 450.303 450.303 450.303 450.303 450.303 450.303 )
309.549: I:0 (   0.000   0.000   0.000 ) T:1 ( 450.303 450.303 450.303 450.303 450.303 450.303 )
319.549: I:0 (   0.000   0.000   0.000 ) T:1 ( 450.303 450.303 450.303 450.303 450.303 450.303 )
329.549: I:0 (   0.000   0.000   0.000 ) T:1 ( 450.303 450.303 450.303 450.303 450.303 450.303 )
339.549: I:0 (   0.000   0.000   0.000 ) T:1 ( 450.303 450.303 450.303 450.303 450.303 450.303 )
349.549: I:0 (   0.000   0.000   0.000 ) T:1 ( 450.303 450.303 450.303 450.303 450.303 450.303 )
359.549: I:0 (   0.000   0.000   0.000 ) T:1 ( 450.303 450.303 450.303 450.303 450.303 450.303 )
369.549: I:0 (   0.000   0.000   0.000 ) T:1 ( 450.303 450.303 450.303 450.303 450.303 450.303 )
379.549: I:0 (   0.000   0.000   0.000 ) T:1 ( 450.303 450.303 450.303 450.303 450.303 450.303 )
389.549: I:0 (   0.000   0.000   0.000 ) T:1 ( 450.303 450.303 450.303 450.303 450.303 450.303 )
399.549: I:0 (   0.000   0.000   0.000 ) T:1 ( 450.303 450.303 450.303 450.303 450.303 450.303 )
409.549: I:0 (   0.000   0.000   0.000 ) T:1 ( 450.303 450.303 450.303 450.303 450.303 450.303 )
419.549: I:0 (   0.000   0.000   0.000 ) T:1 ( 450.303 450.303 450.303 450.303 450.303 450.303 )
429.549: I:0 (   0.000   0.000   0.000 ) T:1 ( 450.303 450.303 450.303 450.303 450.303 450.303 )
439.549: I:0 (   0.000   0.000   0.000 ) T:1 ( 450.303 450.303 450.303 450.303 450.303 450.303 )
449.549: I:0 (   0.000   0.000   0.000 ) T:1 ( 450.303 450.303 450.303 450.303 450.303 450.303 )
459.549: I:0 (   0.000   0.000   0.000 ) T:1 ( 450.303 450.303 450.303 450.303 450.303 450.303 )
469.549: I:0 (   0.000   0.000   0.000 ) T:1 ( 450.303 450.303 450.303 450.303 450.303 450.303 )
479.549: I:0 (   0.000   0.000   0.000 ) T:1 ( 450.303 450.303 450.303 450.303 450.303 450.303 )
489.549: I:0 (   0.000   0.000   0.000 ) T:1 ( 450.303 450.303 450.303 450.303 450.303 450.303 )
499.549: I:0 (   0.000   0.000   0.000 ) T:1 ( 450.303 450.303 450.303 450.303 450.303 450.303 )
509.549: I:0 (   0.000   0.000   0.000 ) T:1 ( 450.303 450.303 450.303 450.303 450.303 450.303 )
519.549: I:0 (   0.000   0.000   0.000 ) T:1 ( 450.303 450.303 450.303 450.303 450.303 450.303 )
529.549: I:0 (   0.000   0.000   0.000 ) T:1 ( 450.303 450.303 450.303 450.303 450.303 450.303 )
539.549: I:0 (   0.000   0.000   0.000 ) T:1 ( 450.303 450.303 450.303 450.303 450.303 450.303 )
549.549: I:0 (   0.000   0.000   0.000 ) T:1 ( 450.303 450.303 450.303 450.303 450.303 450.303 )
559.549: I:0 (   0.000   0.000   0.000 ) T:1 ( 450.303 450.303 450.303 450.303 450.303 450.303 )
569.549: I:0 (   0.000   0.000   0.000 ) T:1 ( 450.303 450.303 450.303 450.303 450.303 450.303 )
579.549: I:0 (   0.000   0.000   0.000 ) T:1 ( 450.303 450.303 450.303 450.303 450.303 450.303 )
589.549: I:0 (   0.000   0.000   0.000 ) T:1 ( 450.303 450.303 450.303 450.303 450.303 450.303 )
599.549: I:0 (   0.000   0.000   0.000 ) T:1 ( 450.303 450.303 450.303 450.303 450.303 450.303 )
609.549: I:0 (   0.000   0.000   0.000 ) T:1 ( 450.303 450.303 450.303 450.303 450.303 450.303 )
619.549: I:0 (   0.000   0.000   0.000 ) T:1 ( 450.303 450.303 450.303 450.303 450.303 450.303 )
629.549: I:0 (   0.000   0.000   0.000 ) T:1 ( 450.303 450.303 450.303 450.303 450.303 450.303 )
639.549: I:0 (   0.000   0.000   0.000 ) T:1 ( 450.303 450.303 450.303 450.303 450.303 450.303 )
649.549: I:0 (   0.000   0.000   0.000 ) T:1 ( 450.303 450.303 450.303 450.303 450.303 450.303 )
659.549: I:0 (   0.000   0.000   0.000 ) T:1 ( 450.303 450.303 450.303 450.303 450.303 450.303 )
669.549: I:0 (   0.000   0.000   0.000 ) T:1 ( 450.303 450.303 450.303 450.303 450.303 450.303 )
679.549: I:0 (   0.000   0.000   0.000 ) T:1 ( 450.303 450.303 450.303 450.303 450.303 450.303 )
689.549: I:0 (   0.000   0.000   0.000 ) T:1 ( 450.303 450.303 450.303 450.303 450.303 450.303 )
699.549: I:0 (   0.000   0.000   0.000 ) T:1 ( 450.303 450.303 450.303 450.303 450.303 450.303 )
709.549: I:0 (   0.000   0.000   0.000 ) T:1 ( 450.303 450.303 450.303 450.303 450.303 450.303 )
719.549: I:0 (   0.000   0.000   0.000 ) T:1 ( 450.303 450.303 450.303 450.303 450.303 450.303 )
729.549: I:0 (   0.000   0.000   0.000 ) T:1 ( 450.303 450.303 450.303 450.303 450.303 450.303 )
739.549: I:0 (   0.000   0.000   0.000 ) T:1 ( 450.303 450.303 450.303 450.303 450.303 450.303 )
749.549: I:0 (   0.000   0.000   0.000 ) T:1 ( 450.303 450.303 450.303 450.303 450.303 450.303 )
759.549: I:0 (   0.000   0.000   0.000 ) T:1 ( 450.303 450.303 450.303 450.303 450.303 450.303 )
769.549: I:0 (   0.000   0.000   0.000 ) T:1 ( 450.303 450.303 450.303 450.303 450.303 450.303 )
779.549: I:0 (   0.000   0.000   0.000 ) T:1 ( 450.303 450.303 450.303 450.303 450.303 450.303 )
789.549: I:0 (   0.000   0.000   0.000 ) T:1 ( 450.303 450.303 450.303 450.303 450.303 450.303 )
799.549: I:0 (   0.000   0.000   0.000 ) T:1 ( 450.303 450.303 450.303 450.303 450.303 450.303 )
809.549: I:0 (   0.000   0.000   0.000 ) T:1 ( 450.303 450.303 450.303 450.303 450.303 450.303 )
819.549: I:0 (   0.000   0.000   0.000 ) T:1 ( 450.303 450.303 450.303 450.303 450.303 450.303 )
829.549: I:0 (   0.000   0.000   0.000 ) T:1 ( 450.303 450.303 450.303 450.303 450.303 450.303 )
839.549: I:0 (   0.000   0.000   0.000 ) T:1 ( 450.303 450.303 450.303 450.303 450.303 450.303 )
849.549: I:0 (   0.000   0.000   0.000 ) T:1 ( 450.303 450.303 450.303 450.303 450.303 450.303 )
859.549: I:0 (   0.000   0.000   0.000 ) T:1 ( 450.303 450.303 450.303 450.303 450.303 450.303 )
869.549: I:0 (   0.000   0.000   0.000 ) T:1 ( 450.303 450.303 450.303 450.303 450.303 450.303 )
879.549: I:0 (   0.000   0.000   0.000 ) T:1 ( 450.303 450.303 450.303 450.303 450.303 450.303 )
889.549: I:0 (   0.000   0.000   0.000 ) T:1 ( 450.303 450.303 450.303 450.303 450.303 450.303 )
899.549: I:0 (   0.000   0.000   0.000 ) T:1 ( 450.303 450.303 450.303 450.303 450.303 450.303 )
909.549: I:0 (   0.000   0.000   0.000 ) T:1 ( 450.303 450.303 450.303 450.303 450.303 450.303 )
919.549: I:0 (   0.000   0.000   0.000 ) T:1 ( 450.303 450.303 450.303 450.303 450.303 450.303 )
929.549: I:0 (   0.000   0.000   0.000 ) T:1 ( 450.303 450.303 450.303 450.303 450.303 450.303 )
939.549: I:0 (   0.000   0.000   0.000 ) T:1 ( 450.303 450.303 450.303 450.303 450.303 450.303 )
949.549: I:0 (   0.000   0.000   0.000 ) T:1 ( 450.303 450.303 450.303 450.303 450.303 450.303 )
959.549: I:0 (   0.000   0.000   0.000 ) T:1 ( 450.303 450.303 450.303 450.303 450.303 450.303 )
969.549: I:0 (   0.000   0.000   0.000 ) T:1 ( 450.303 450.303 450.303 450.303 450.303 450.303 )
979.549: I:0 (   0.000   0.000   0.000 ) T:1 ( 450.303 450.303 450.303 450.303 450.303 450.303 )
989.549: I:0 (   0.000   0.000   0.000 ) T:1 ( 450.303 450.303 450.303 450.303 450.303 450.303 )
999.549: I:0 (   0.000   0.000   0.000 ) T:1 ( 450.303 450.303 450.303 450.303 450.303 450.303 )
1009.549: I:0 (   0.000   0.000   0.000 ) T:1 ( 450.303 450.303 450.303 450.303 450.303 450.303 )
1019.549: I:0 (   0.000   0.000   0.000 ) T:1 ( 450.303 450.303 450.303 450.303 450.303 450.303 )
1029.549: I:0 (   0.000   0.000   0.000 ) T:1 ( 450.303 450.303 450.303 450.303 450.303 450.303 )
1039.549: I:0 (   0.000   0.000   0.000 ) T:1 ( 450.303 450.303 450.303 450.303 450.303 450.303 )
1049.549: I:0 (   0.000   0.000   0.000 ) T:1 ( 450.303 450.303 450.303 450.303 450.303 450.303 )
1059.549: I:0 (   0.000   0.000   0.000 ) T:1 ( 450.303 450.303 450.303 450.303 450.303 450.303 )
1069.549: I:0 (   0.000   0.000   0.000 ) T:1 ( 450.303 450.303 450.303 450.303 450.303 450.303 )
1079.549: I:0 (   0.000   0.000   0.000 ) T:1 ( 450.303 450.303 450.303 450.303 450.303 450.303 )
1089.549: I:0 (   0.000   0.000   0.000 ) T:1 ( 450.303 450.303 450.303 450.303 450.303 450.303 )
1099.549: I:0 (   0.000   0.000   0.000 ) T:1 ( 450.303 450.303 450.303 450.303 450.303 450.303 )
1109.549: I:0 (   0.000   0.000   0.000 ) T:1 ( 450.303 450.303 450.303 450.303 450.303 450.303 )
1119.549: I:0 (   0.000   0.000   0.000 ) T:1 ( 450.303 450.303 450.303 450.303 450.303 450.303 )
1129.549: I:0 (   0.000   0.000   0.000 ) T:1 ( 450.303 450.303 450.303 450.303 450.303 450.303 )
1139.549: I:0 (   0.000   0.000   0.000 ) T:1 ( 450.303 450.303 450.303 450.303 450.303 450.303 )
1149.549: I:0 (   0.000   0.000   0.000 ) T:1 ( 450.303 450.303 450.303 450.303 450.303 450.303 )
1159.549: I:0 (   0.000   0.000   0.000 ) T:1 ( 450.303 450.303 450.303 450.303 450.303 450.303 )
1169.549: I:0 (   0.000   0.000   0.000 ) T:1 ( 450.303 450.303 450.303 450.303 450.303 450.303 )
1179.549: I:0 (   0.000   0.000   0.000 ) T:1 ( 450.303 450.303 450.303 450.303 450.303 450.303 )
1189.549: I:0 (   0.000   0.000   0.000 ) T:1 ( 450.303 450.303 450.303 450.303 450.303 450.303 )
1199.549: I:0 (   0.000   0.000   0.000 ) T:1 ( 450.303 450.303 450.303 450.303 450.303 450.303 )
1209.549: I:0 (   0.000   0.000   0.000 ) T:1 ( 450.303 450.303 450.303 450.303 450.303 450.303 )
1219.549: I:0 (   0.000   0.000   0.000 ) T:1 ( 450.303 450.303 450.303 450.303 450.303 450.303 )
1229.549: I:0 (   0.000   0.000   0.000 ) T:1 ( 450.303 450.303 450.303 450.303 450.303 450.303 )
1239.552: I:0 (   0.000   0.000   0.000 ) T:1 ( 450.303 450.303 450.303 450.303 450.303 450.303 )
1249.549: I:0 (   0.000   0.000   0.000 ) T:1 ( 450.303 450.303 450.303 450.303 450.303 450.303 )
1259.549: I:0 (   0.000   0.000   0.000 ) T:1 ( 450.303 450.303 450.303 450.303 450.303 450.303 )
1269.549: I:0 (   0.000   0.000   0.000 ) T:1 ( 450.303 450.303 450.303 450.303 450.303 450.303 )
1279.549: I:0 (   0.000   0.000   0.000 ) T:1 ( 450.303 450.303 450.303 450.303 450.303 450.303 )
1289.549: I:0 (   0.000   0.000   0.000 ) T:1 ( 450.303 450.303 450.303 450.303 450.303 450.303 )
1299.549: I:0 (   0.000   0.000   0.000 ) T:1 ( 450.303 450.303 450.303 450.303 450.303 450.303 )
1309.549: I:0 (   0.000   0.000   0.000 ) T:1 ( 450.303 450.303 450.303 450.303 450.303 450.303 )
1319.549: I:0 (   0.000   0.000   0.000 ) T:1 ( 450.303 450.303 450.303 450.303 450.303 450.303 )
1329.549: I:0 (   0.000   0.000   0.000 ) T:1 ( 450.303 450.303 450.303 450.303 450.303 450.303 )
1339.549: I:0 (   0.000   0.000   0.000 ) T:1 ( 450.303 450.303 450.303 450.303 450.303 450.303 )
1349.549: I:0 (   0.000   0.000   0.000 ) T:1 ( 450.303 450.303 450.303 450.303 450.303 450.303 )
1359.549: I:0 (   0.000   0.000   0.000 ) T:1 ( 450.303 450.303 450.303 450.303 450.303 450.303 )
1369.549: I:0 (   0.000   0.000   0.000 ) T:1 ( 450.303 450.303 450.303 450.303 450.303 450.303 )
1379.549: I:0 (   0.000   0.000   0.000 ) T:1 ( 450.303 450.303 450.303 450.303 450.303 450.303 )
1389.549: I:0 (   0.000   0.000   0.000 ) T:1 ( 450.303 450.303 450.303 450.303 450.303 450.303 )
1399.549: I:0 (   0.000   0.000   0.000 ) T:1 ( 450.303 450.303 450.303 450.303 450.303 450.303 )
1409.549: I:0 (   0.000   0.000   0.000 ) T:1 ( 450.303 450.303 450.303 450.303 450.303 450.303 )
1419.549: I:0 (   0.000   0.000   0.000 ) T:1 ( 450.303 450.303 450.303 450.303 450.303 450.303 )
1429.549: I:0 (   0.000   0.000   0.000 ) T:1 ( 450.303 450.303 450.303 450.303 450.303 450.303 )
1439.549: I:0 (   0.000   0.000   0.000 ) T:1 ( 450.303 450.303 450.303 450.303 450.303 450.303 )
1449.549: I:0 (   0.000   0.000   0.000 ) T:1 ( 450.303 450.303 450.303 450.303 450.303 450.303 )
1459.549: I:0 (   0.000   0.000   0.000 ) T:1 ( 450.303 450.303 450.303 450.303 450.303 450.303 )
1469.549: I:0 (   0.000   0.000   0.000 ) T:1 ( 450.303 450.303 450.303 450.303 450.303 450.303 )
1479.549: I:0 (   0.000   0.000   0.000 ) T:1 ( 450.303 450.303 450.303 450.303 450.303 450.303 )
1489.549: I:0 (   0.000   0.000   0.000 ) T:1 ( 450.303 450.303 450.303 450.303 450.303 450.303 )
1499.549: I:0 (   0.000   0.000   0.000 ) T:1 ( 450.303 450.303 450.303 450.303 450.303 450.303 )
1509.549: I:0 (   0.000   0.000   0.000 ) T:1 ( 450.303 450.303 450.303 450.303 450.303 450.303 )
1519.549: I:0 (   0.000   0.000   0.000 ) T:1 ( 450.303 450.303 450.303 450.303 450.303 450.303 )
1529.549: I:0 (   0.000   0.000   0.000 ) T:1 ( 450.303 450.303 450.303 450.303 450.303 450.303 )
1539.549: I:0 (   0.000   0.000   0.000 ) T:1 ( 450.303 450.303 450.303 450.303 450.303 450.303 )
1549.549: I:0 (   0.000   0.000   0.000 ) T:1 ( 450.303 450.303 450.303 450.303 450.303 450.303 )
1559.549: I:0 (   0.000   0.000   0.000 ) T:1 ( 450.303 450.303 450.303 450.303 450.303 450.303 )
1569.549: I:0 (   0.000   0.000   0.000 ) T:1 ( 450.303 450.303 450.303 450.303 450.303 450.303 )
1579.549: I:0 (   0.000   0.000   0.000 ) T:1 ( 450.303 450.303 450.303 450.303 450.303 450.303 )
1589.549: I:0 (   0.000   0.000   0.000 ) T:1 ( 450.303 450.303 450.303 450.303 450.303 450.303 )
1599.549: I:0 (   0.000   0.000   0.000 ) T:1 ( 450.303 450.303 450.303 450.303 450.303 450.303 )
1609.549: I:0 (   0.000   0.000   0.000 ) T:1 ( 450.303 450.303 450.303 450.303 450.303 450.303 )
1619.549: I:0 (   0.000   0.000   0.000 ) T:1 ( 450.303 450.303 450.303 450.303 450.303 450.303 )
1629.549: I:0 (   0.000   0.000   0.000 ) T:1 ( 450.303 450.303 450.303 450.303 450.303 450.303 )
1639.549: I:0 (   0.000   0.000   0.000 ) T:1 ( 450.303 450.303 450.303 450.303 450.303 450.303 )
1649.549: I:0 (   0.000   0.000   0.000 ) T:1 ( 450.303 450.303 450.303 450.303 450.303 450.303 )
1659.549: I:0 (   0.000   0.000   0.000 ) T:1 ( 450.303 450.303 450.303 450.303 450.303 450.303 )
1669.549: I:0 (   0.000   0.000   0.000 ) T:1 ( 450.303 450.303 450.303 450.303 450.303 450.303 )
1679.549: I:0 (   0.000   0.000   0.000 ) T:1 ( 450.303 450.303 450.303 450.303 450.303 450.303 )
1689.549: I:0 (   0.000   0.000   0.000 ) T:1 ( 450.303 450.303 450.303 450.303 450.303 450.303 )
1699.549: I:0 (   0.000   0.000   0.000 ) T:1 ( 450.303 450.303 450.303 450.303 450.303 450.303 )
1709.549: I:0 (   0.000   0.000   0.000 ) T:1 ( 450.303 450.303 450.303 450.303 450.303 450.303 )
1719.549: I:0 (   0.000   0.000   0.000 ) T:1 ( 450.303 450.303 450.303 450.303 450.303 450.303 )
1729.549: I:0 (   0.000   0.000   0.000 ) T:1 ( 450.303 450.303 450.303 450.303 450.303 450.303 )
1739.549: I:0 (   0.000   0.000   0.000 ) T:1 ( 450.303 450.303 450.303 450.303 450.303 450.303 )
1749.549: I:0 (   0.000   0.000   0.000 ) T:1 ( 450.303 450.303 450.303 450.303 450.303 450.303 )
1759.549: I:0 (   0.000   0.000   0.000 ) T:1 ( 450.303 450.303 450.303 450.303 450.303 450.303 )
1769.549: I:0 (   0.000   0.000   0.000 ) T:1 ( 450.303 450.303 450.303 450.303 450.303 450.303 )
1779.549: I:0 (   0.000   0.000   0.000 ) T:1 ( 450.303 450.303 450.303 450.303 450.303 450.303 )
1789.549: I:0 (   0.000   0.000   0.000 ) T:1 ( 450.303 450.303 450.303 450.303 450.303 450.303 )
1799.549: I:0 (   0.000   0.000   0.000 ) T:1 ( 450.303 450.303 450.303 450.303 450.303 450.303 )
1809.549: I:0 (   0.000   0.000   0.000 ) T:1 ( 450.303 450.303 450.303 450.303 450.303 450.303 )
1819.549: I:0 (   0.000   0.000   0.000 ) T:1 ( 450.303 450.303 450.303 450.303 450.303 450.303 )
1829.549: I:0 (   0.000   0.000   0.000 ) T:1 ( 450.303 450.303 450.303 450.303 450.303 450.303 )
1839.549: I:0 (   0.000   0.000   0.000 ) T:1 ( 450.303 450.303 450.303 450.303 450.303 450.303 )
1849.549: I:0 (   0.000   0.000   0.000 ) T:1 ( 450.303 450.303 450.303 450.303 450.303 450.303 )
1859.549: I:0 (   0.000   0.000   0.000 ) T:1 ( 450.303 450.303 450.303 450.303 450.303 450.303 )
1869.549: I:0 (   0.000   0.000   0.000 ) T:1 ( 450.303 450.303 450.303 450.303 450.303 450.303 )
1879.549: I:0 (   0.000   0.000   0.000 ) T:1 ( 450.303 450.303 450.303 450.303 450.303 450.303 )
1889.549: I:0 (   0.000   0.000   0.000 ) T:1 ( 450.303 450.303 450.303 450.303 450.303 450.303 )
1899.549: I:0 (   0.000   0.000   0.000 ) T:1 ( 450.303 450.303 450.303 450.303 450.303 450.303 )
1909.549: I:0 (   0.000   0.000   0.000 ) T:1 ( 450.303 450.303 450.303 450.303 450.303 450.303 )
1919.549: I:0 (   0.000   0.000   0.000 ) T:1 ( 450.303 450.303 450.303 450.303 450.303 450.303 )
1929.549: I:0 (   0.000   0.000   0.000 ) T:1 ( 450.303 450.303 450.303 450.303 450.303 450.303 )
1939.549: I:0 (   0.000   0.000   0.000 ) T:1 ( 450.303 450.303 450.303 450.303 450.303 450.303 )
1949.549: I:0 (   0.000   0.000   0.000 ) T:1 ( 450.303 450.303 450.303 450.303 450.303 450.303 )
1959.549: I:0 (   0.000   0.000   0.000 ) T:1 ( 450.303 450.303 450.303 450.303 450.303 450.303 )
1969.549: I:0 (   0.000   0.000   0.000 ) T:1 ( 450.303 450.303 450.303 450.303 450.303 450.303 )
1979.549: I:0 (   0.000   0.000   0.000 ) T:1 ( 450.303 450.303 450.303 450.303 450.303 450.303 )
1989.549: I:0 (   0.000   0.000   0.000 ) T:1 ( 450.303 450.303 450.303 450.303 450.303 450.303 )
1999.549: I:0 (   0.000   0.000   0.000 ) T:1 ( 450.303 450.303 450.303 450.303 450.303 450.303 )
2009.549: I:0 (   0.000   0.000   0.000 ) T:1 ( 450.303 450.303 450.303 450.303 450.303 450.303 )
2019.549: I:0 (   0.000   0.000   0.000 ) T:1 ( 450.303 450.303 450.303 450.303 450.303 450.303 )
2029.549: I:0 (   0.000   0.000   0.000 ) T:1 ( 450.303 450.303 450.303 450.303 450.303 450.303 )
2039.549: I:0 (   0.000   0.000   0.000 ) T:1 ( 450.303 450.303 450.303 450.303 450.303 450.303 )
2049.549: I:0 (   0.000   0.000   0.000 ) T:1 ( 450.303 450.303 450.303 450.303 450.303 450.303 )
2059.549: I:0 (   0.000   0.000   0.000 ) T:1 ( 450.303 450.303 450.303 450.303 450.303 450.303 )
2069.549: I:0 (   0.000   0.000   0.000 ) T:1 ( 450.303 450.303 450.303 450.303 450.303 450.303 )
2079.549: I:0 (   0.000   0.000   0.000 ) T:1 ( 450.303 450.303 450.303 450.303 450.303 450.303 )
2089.549: I:0 (   0.000   0.000   0.000 ) T:1 ( 450.303 450.303 450.303 450.303 450.303 450.303 )
2099.549: I:0 (   0.000   0.000   0.000 ) T:1 ( 450.303 450.303 450.303 450.303 450.303 450.303 )
2109.549: I:0 (   0.000   0.000   0.000 ) T:1 ( 450.303 450.303 450.303 450.303 450.303 450.303 )
2119.549: I:0 (   0.000   0.000   0.000 ) T:1 ( 450.303 450.303 450.303 450.303 450.303 450.303 )
2129.549: I:0 (   0.000   0.000   0.000 ) T:1 ( 450.303 450.303 450.303 450.303 450.303 450.303 )
2139.549: I:0 (   0.000   0.000   0.000 ) T:1 ( 450.303 450.303 450.303 450.303 450.303 450.303 )
2149.549: I:0 (   0.000   0.000   0.000 ) T:1 ( 450.303 450.303 450.303 450.303 450.303 450.303 )
2159.549: I:0 (   0.000   0.000   0.000 ) T:1 ( 450.303 450.303 450.303 450.303 450.303 450.303 )
2169.549: I:0 (   0.000   0.000   0.000 ) T:1 ( 450.303 450.303 450.303 450.303 450.303 450.303 )
2179.549: I:0 (   0.000   0.000   0.000 ) T:1 ( 450.303 450.303 450.303 450.303 450.303 450.303 )
2189.549: I:0 (   0.000   0.000   0.000 ) T:1 ( 450.303 450.303 450.303 450.303 450.303 450.303 )
2199.549: I:0 (   0.000   0.000   0.000 ) T:1 ( 450.303 450.303 450.303 450.303 450.303 450.303 )
2209.549: I:0 (   0.000   0.000   0.000 ) T:1 ( 450.303 450.303 450.303 450.303 450.303 450.303 )
2219.549: I:0 (   0.000   0.000   0.000 ) T:1 ( 450.303 450.303 450.303 450.303 450.303 450.303 )
2229.549: I:0 (   0.000   0.000   0.000 ) T:1 ( 450.303 450.303 450.303 450.303 450.303 450.303 )
2239.549: I:0 (   0.000   0.000   0.000 ) T:1 ( 450.303 450.303 450.303 450.303 450.303 450.303 )
2249.549: I:0 (   0.000   0.000   0.000 ) T:1 ( 450.303 450.303 450.303 450.303 450.303 450.303 )
2259.549: I:0 (   0.000   0.000   0.000 ) T:1 ( 450.303 450.303 450.303 450.303 450.303 450.303 )
2269.549: I:0 (   0.000   0.000   0.000 ) T:1 ( 450.303 450.303 450.303 450.303 450.303 450.303 )
2279.549: I:0 (   0.000   0.000   0.000 ) T:1 ( 450.303 450.303 450.303 450.303 450.303 450.303 )
2289.549: I:0 (   0.000   0.000   0.000 ) T:1 ( 450.303 450.303 450.303 450.303 450.303 450.303 )
2299.549: I:0 (   0.000   0.000   0.000 ) T:1 ( 450.303 450.303 450.303 450.303 450.303 450.303 )
2309.549: I:0 (   0.000   0.000   0.000 ) T:1 ( 450.303 450.303 450.303 450.303 450.303 450.303 )
2319.549: I:0 (   0.000   0.000   0.000 ) T:1 ( 450.303 450.303 450.303 450.303 450.303 450.303 )
2329.549: I:0 (   0.000   0.000   0.000 ) T:1 ( 450.303 450.303 450.303 450.303 450.303 450.303 )
2339.549: I:0 (   0.000   0.000   0.000 ) T:1 ( 450.303 450.303 450.303 450.303 450.303 450.303 )
2349.549: I:0 (   0.000   0.000   0.000 ) T:1 ( 450.303 450.303 450.303 450.303 450.303 450.303 )
2359.549: I:0 (   0.000   0.000   0.000 ) T:1 ( 450.303 450.303 450.303 450.303 450.303 450.303 )
2369.549: I:0 (   0.000   0.000   0.000 ) T:1 ( 450.303 450.303 450.303 450.303 450.303 450.303 )
2379.549: I:0 (   0.000   0.000   0.000 ) T:1 ( 450.303 450.303 450.303 450.303 450.303 450.303 )
2389.549: I:0 (   0.000   0.000   0.000 ) T:1 ( 450.303 450.303 450.303 450.303 450.303 450.303 )
2399.549: I:0 (   0.000   0.000   0.000 ) T:1 ( 450.303 450.303 450.303 450.303 450.303 450.303 )
2409.549: I:0 (   0.000   0.000   0.000 ) T:1 ( 450.303 450.303 450.303 450.303 450.303 450.303 )
2419.549: I:0 (   0.000   0.000   0.000 ) T:1 ( 450.303 450.303 450.303 450.303 450.303 450.303 )
2429.549: I:0 (   0.000   0.000   0.000 ) T:1 ( 450.303 450.303 450.303 450.303 450.303 450.303 )
2439.549: I:0 (   0.000   0.000   0.000 ) T:1 ( 450.303 450.303 450.303 450.303 450.303 450.303 )
2449.549: I:0 (   0.000   0.000   0.000 ) T:1 ( 450.303 450.303 450.303 450.303 450.303 450.303 )
2459.549: I:0 (   0.000   0.000   0.000 ) T:1 ( 450.303 450.303 450.303 450.303 450.303 450.303 )
2469.549: I:0 (   0.000   0.000   0.000 ) T:1 ( 450.303 450.303 450.303 450.303 450.303 450.303 )
2479.549: I:0 (   0.000   0.000   0.000 ) T:1 ( 450.303 450.303 450.303 450.303 450.303 450.303 )
2489.549: I:0 (   0.000   0.000   0.000 ) T:1 ( 450.303 450.303 450.303 450.303 450.303 450.303 )
2499.549: I:0 (   0.000   0.000   0.000 ) T:1 ( 450.303 450.303 450.303 450.303 450.303 450.303 )
2509.549: I:0 (   0.000   0.000   0.000 ) T:1 ( 450.303 450.303 450.303 450.303 450.303 450.303 )
2519.549: I:0 (   0.000   0.000   0.000 ) T:1 ( 450.303 450.303 450.303 450.303 450.303 450.303 )
2529.549: I:0 (   0.000   0.000   0.000 ) T:1 ( 450.303 450.303 450.303 450.303 450.303 450.303 )
2539.549: I:0 (   0.000   0.000   0.000 ) T:1 ( 450.303 450.303 450.303 450.303 450.303 450.303 )
2549.549: I:0 (   0.000   0.000   0.000 ) T:1 ( 450.303 450.303 450.303 450.303 450.303 450.303 )
2559.549: I:0 (   0.000   0.000   0.000 ) T:1 ( 450.303 450.303 450.303 450.303 450.303 450.303 )
2569.549: I:0 (   0.000   0.000   0.000 ) T:1 ( 450.303 450.303 450.303 450.303 450.303 450.303 )
2579.549: I:0 (   0.000   0.000   0.000 ) T:1 ( 450.303 450.303 450.303 450.303 450.303 450.303 )
2589.549: I:0 (   0.000   0.000   0.000 ) T:1 ( 450.303 450.303 450.303 450.303 450.303 450.303 )
2599.549: I:0 (   0.000   0.000   0.000 ) T:1 ( 450.303 450.303 450.303 450.303 450.303 450.303 )
2609.549: I:0 (   0.000   0.000   0.000 ) T:1 ( 450.303 450.303 450.303 450.303 450.303 450.303 )
2619.549: I:0 (   0.000   0.000   0.000 ) T:1 ( 450.303 450.303 450.303 450.303 450.303 450.303 )
2629.549: I:0 (   0.000   0.000   0.000 ) T:1 ( 450.303 450.303 450.303 450.303 450.303 450.303 )
2639.549: I:0 (   0.000   0.000   0.000 ) T:1 ( 450.303 450.303 450.303 450.303 450.303 450.303 )
2649.549: I:0 (   0.000   0.000   0.000 ) T:1 ( 450.303 450.303 450.303 450.303 450.303 450.303 )
2659.549: I:0 (   0.000   0.000   0.000 ) T:1 ( 450.303 450.303 450.303 450.303 450.303 450.303 )
2669.549: I:0 (   0.000   0.000   0.000 ) T:1 ( 450.303 450.303 450.303 450.303 450.303 450.303 )
2670.444: I:0 (   0.000   0.000   0.000 ) T:1 ( 450.303 450.303 450.303 450.303 450.303 450.303 )
2670.470: I:0 (   0.000   0.000   0.000 ) T:1 ( 450.303 450.303 450.303 450.303 450.303 450.303 )
