#[Interval percentile log between 0.000 and <Infinite> seconds (relative to StartTime)]
#[StartTime: 1524820698.626 (seconds since epoch), Fri Apr 27 11:18:18 CEST 2018]
Time: IntervalPercentiles:count ( 50% 90% Max ) TotalPercentiles:count ( 50% 90% 99% 99.9% 99.99% Max )
1.487: I:1 (   8.967   8.967   8.967 ) T:1 (   8.967   8.967   8.967   8.967   8.967   8.967 )
11.471: I:1 (   5.175   5.175   5.175 ) T:2 (   5.175   8.967   8.967   8.967   8.967   8.967 )
21.464: I:0 (   0.000   0.000   0.000 ) T:2 (   5.175   8.967   8.967   8.967   8.967   8.967 )
31.459: I:0 (   0.000   0.000   0.000 ) T:2 (   5.175   8.967   8.967   8.967   8.967   8.967 )
41.454: I:2 (   3.059   4.065   4.065 ) T:4 (   4.065   8.967   8.967   8.967   8.967   8.967 )
51.455: I:1 (   4.631   4.631   4.631 ) T:5 (   4.631   8.967   8.967   8.967   8.967   8.967 )
61.449: I:0 (   0.000   0.000   0.000 ) T:5 (   4.631   8.967   8.967   8.967   8.967   8.967 )
71.454: I:0 (   0.000   0.000   0.000 ) T:5 (   4.631   8.967   8.967   8.967   8.967   8.967 )
81.454: I:1 (   4.069   4.069   4.069 ) T:6 (   4.069   8.967   8.967   8.967   8.967   8.967 )
91.454: I:0 (   0.000   0.000   0.000 ) T:6 (   4.069   8.967   8.967   8.967   8.967   8.967 )
101.454: I:2 (   1.924   3.535   3.535 ) T:8 (   4.065   8.967   8.967   8.967   8.967   8.967 )
111.454: I:0 (   0.000   0.000   0.000 ) T:8 (   4.065   8.967   8.967   8.967   8.967   8.967 )
121.454: I:0 (   0.000   0.000   0.000 ) T:8 (   4.065   8.967   8.967   8.967   8.967   8.967 )
131.454: I:0 (   0.000   0.000   0.000 ) T:8 (   4.065   8.967   8.967   8.967   8.967   8.967 )
141.454: I:1 (   2.283   2.283   2.283 ) T:9 (   4.065   8.967   8.967   8.967   8.967   8.967 )
151.454: I:1 (   2.189   2.189   2.189 ) T:10 (   3.535   5.175   8.967   8.967   8.967   8.967 )
161.450: I:0 (   0.000   0.000   0.000 ) T:10 (   3.535   5.175   8.967   8.967   8.967   8.967 )
171.453: I:0 (   0.000   0.000   0.000 ) T:10 (   3.535   5.175   8.967   8.967   8.967   8.967 )
181.454: I:0 (   0.000   0.000   0.000 ) T:10 (   3.535   5.175   8.967   8.967   8.967   8.967 )
191.454: I:1 (   2.211   2.211   2.211 ) T:11 (   3.535   5.175   8.967   8.967   8.967   8.967 )
201.457: I:2 (   0.985   2.241   2.241 ) T:13 (   3.059   5.175   8.967   8.967   8.967   8.967 )
211.454: I:1 (   2.393   2.393   2.393 ) T:14 (   2.393   5.175   8.967   8.967   8.967   8.967 )
221.452: I:2 (   1.420   2.121   2.121 ) T:16 (   2.283   5.175   8.967   8.967   8.967   8.967 )
231.459: I:0 (   0.000   0.000   0.000 ) T:16 (   2.283   5.175   8.967   8.967   8.967   8.967 )
241.453: I:0 (   0.000   0.000   0.000 ) T:16 (   2.283   5.175   8.967   8.967   8.967   8.967 )
251.455: I:1 (   2.137   2.137   2.137 ) T:17 (   2.283   5.175   8.967   8.967   8.967   8.967 )
261.454: I:1 (   2.141   2.141   2.141 ) T:18 (   2.241   5.175   8.967   8.967   8.967   8.967 )
271.453: I:0 (   0.000   0.000   0.000 ) T:18 (   2.241   5.175   8.967   8.967   8.967   8.967 )
281.453: I:1 (   2.115   2.115   2.115 ) T:19 (   2.241   5.175   8.967   8.967   8.967   8.967 )
291.454: I:3 (   2.351   2.369   2.369 ) T:22 (   2.241   4.631   8.967   8.967   8.967   8.967 )
301.457: I:1 (   2.125   2.125   2.125 ) T:23 (   2.241   4.631   8.967   8.967   8.967   8.967 )
311.454: I:1 (   2.002   2.002   2.002 ) T:24 (   2.211   4.631   8.967   8.967   8.967   8.967 )
321.451: I:0 (   0.000   0.000   0.000 ) T:24 (   2.211   4.631   8.967   8.967   8.967   8.967 )
331.451: I:0 (   0.000   0.000   0.000 ) T:24 (   2.211   4.631   8.967   8.967   8.967   8.967 )
341.448: I:0 (   0.000   0.000   0.000 ) T:24 (   2.211   4.631   8.967   8.967   8.967   8.967 )
351.454: I:2 (   2.063   2.513   2.513 ) T:26 (   2.211   4.631   8.967   8.967   8.967   8.967 )
361.453: I:1 (   1.787   1.787   1.787 ) T:27 (   2.211   4.631   8.967   8.967   8.967   8.967 )
371.456: I:1 (   2.353   2.353   2.353 ) T:28 (   2.211   4.631   8.967   8.967   8.967   8.967 )
381.453: I:0 (   0.000   0.000   0.000 ) T:28 (   2.211   4.631   8.967   8.967   8.967   8.967 )
391.447: I:1 (   2.099   2.099   2.099 ) T:29 (   2.211   4.631   8.967   8.967   8.967   8.967 )
401.452: I:0 (   0.000   0.000   0.000 ) T:29 (   2.211   4.631   8.967   8.967   8.967   8.967 )
411.457: I:2 (   1.927   2.257   2.257 ) T:31 (   2.211   4.069   8.967   8.967   8.967   8.967 )
421.457: I:0 (   0.000   0.000   0.000 ) T:31 (   2.211   4.069   8.967   8.967   8.967   8.967 )
431.454: I:0 (   0.000   0.000   0.000 ) T:31 (   2.211   4.069   8.967   8.967   8.967   8.967 )
441.452: I:1 (   1.259   1.259   1.259 ) T:32 (   2.189   4.069   8.967   8.967   8.967   8.967 )
451.455: I:1 (   2.005   2.005   2.005 ) T:33 (   2.189   4.069   8.967   8.967   8.967   8.967 )
461.452: I:1 (   1.955   1.955   1.955 ) T:34 (   2.141   4.069   8.967   8.967   8.967   8.967 )
471.452: I:1 (   1.938   1.938   1.938 ) T:35 (   2.141   4.069   8.967   8.967   8.967   8.967 )
481.452: I:1 (   1.947   1.947   1.947 ) T:36 (   2.137   4.069   8.967   8.967   8.967   8.967 )
491.454: I:1 (   2.137   2.137   2.137 ) T:37 (   2.137   4.069   8.967   8.967   8.967   8.967 )
501.447: I:1 (   2.085   2.085   2.085 ) T:38 (   2.137   4.069   8.967   8.967   8.967   8.967 )
511.454: I:0 (   0.000   0.000   0.000 ) T:38 (   2.137   4.069   8.967   8.967   8.967   8.967 )
521.453: I:1 (   1.907   1.907   1.907 ) T:39 (   2.137   4.069   8.967   8.967   8.967   8.967 )
531.446: I:0 (   0.000   0.000   0.000 ) T:39 (   2.137   4.069   8.967   8.967   8.967   8.967 )
541.447: I:1 (   1.987   1.987   1.987 ) T:40 (   2.125   4.065   8.967   8.967   8.967   8.967 )
551.449: I:0 (   0.000   0.000   0.000 ) T:40 (   2.125   4.065   8.967   8.967   8.967   8.967 )
561.456: I:1 (   5.351   5.351   5.351 ) T:41 (   2.137   4.069   8.967   8.967   8.967   8.967 )
571.454: I:2 (   1.994   2.055   2.055 ) T:43 (   2.125   4.069   8.967   8.967   8.967   8.967 )
581.448: I:0 (   0.000   0.000   0.000 ) T:43 (   2.125   4.069   8.967   8.967   8.967   8.967 )
591.451: I:0 (   0.000   0.000   0.000 ) T:43 (   2.125   4.069   8.967   8.967   8.967   8.967 )
601.454: I:2 (   2.085   2.547   2.547 ) T:45 (   2.125   4.069   8.967   8.967   8.967   8.967 )
611.453: I:0 (   0.000   0.000   0.000 ) T:45 (   2.125   4.069   8.967   8.967   8.967   8.967 )
621.455: I:0 (   0.000   0.000   0.000 ) T:45 (   2.125   4.069   8.967   8.967   8.967   8.967 )
631.452: I:1 (   2.032   2.032   2.032 ) T:46 (   2.121   4.069   8.967   8.967   8.967   8.967 )
641.448: I:1 (   2.101   2.101   2.101 ) T:47 (   2.121   4.069   8.967   8.967   8.967   8.967 )
651.451: I:0 (   0.000   0.000   0.000 ) T:47 (   2.121   4.069   8.967   8.967   8.967   8.967 )
661.445: I:1 (   1.983   1.983   1.983 ) T:48 (   2.115   4.069   8.967   8.967   8.967   8.967 )
671.454: I:0 (   0.000   0.000   0.000 ) T:48 (   2.115   4.069   8.967   8.967   8.967   8.967 )
681.454: I:2 (   1.939   1.962   1.962 ) T:50 (   2.113   4.065   8.967   8.967   8.967   8.967 )
691.452: I:1 (   1.867   1.867   1.867 ) T:51 (   2.113   4.065   8.967   8.967   8.967   8.967 )
701.454: I:0 (   0.000   0.000   0.000 ) T:51 (   2.113   4.065   8.967   8.967   8.967   8.967 )
711.451: I:2 (   0.166   2.099   2.099 ) T:53 (   2.101   4.065   8.967   8.967   8.967   8.967 )
721.453: I:0 (   0.000   0.000   0.000 ) T:53 (   2.101   4.065   8.967   8.967   8.967   8.967 )
731.452: I:0 (   0.000   0.000   0.000 ) T:53 (   2.101   4.065   8.967   8.967   8.967   8.967 )
741.455: I:2 (   1.868   2.271   2.271 ) T:55 (   2.101   4.065   8.967   8.967   8.967   8.967 )
751.453: I:1 (   1.885   1.885   1.885 ) T:56 (   2.099   4.065   8.967   8.967   8.967   8.967 )
761.456: I:2 (   1.502   2.129   2.129 ) T:58 (   2.099   4.065   8.967   8.967   8.967   8.967 )
771.453: I:3 (   1.795   2.117   2.117 ) T:61 (   2.099   3.535   8.967   8.967   8.967   8.967 )
781.454: I:0 (   0.000   0.000   0.000 ) T:61 (   2.099   3.535   8.967   8.967   8.967   8.967 )
791.451: I:1 (   1.836   1.836   1.836 ) T:62 (   2.099   3.535   8.967   8.967   8.967   8.967 )
801.454: I:1 (   1.875   1.875   1.875 ) T:63 (   2.099   3.535   8.967   8.967   8.967   8.967 )
811.451: I:0 (   0.000   0.000   0.000 ) T:63 (   2.099   3.535   8.967   8.967   8.967   8.967 )
821.451: I:1 (   1.776   1.776   1.776 ) T:64 (   2.085   3.535   8.967   8.967   8.967   8.967 )
831.453: I:0 (   0.000   0.000   0.000 ) T:64 (   2.085   3.535   8.967   8.967   8.967   8.967 )
841.455: I:3 (   1.856   1.877   1.877 ) T:67 (   2.085   3.535   8.967   8.967   8.967   8.967 )
851.452: I:1 (   1.804   1.804   1.804 ) T:68 (   2.063   3.535   8.967   8.967   8.967   8.967 )
861.454: I:0 (   0.000   0.000   0.000 ) T:68 (   2.063   3.535   8.967   8.967   8.967   8.967 )
871.448: I:0 (   0.000   0.000   0.000 ) T:68 (   2.063   3.535   8.967   8.967   8.967   8.967 )
881.454: I:3 (   1.776   2.046   2.046 ) T:71 (   2.055   3.059   8.967   8.967   8.967   8.967 )
891.452: I:1 (   1.857   1.857   1.857 ) T:72 (   2.046   3.059   8.967   8.967   8.967   8.967 )
901.453: I:0 (   0.000   0.000   0.000 ) T:72 (   2.046   3.059   8.967   8.967   8.967   8.967 )
911.452: I:0 (   0.000   0.000   0.000 ) T:72 (   2.046   3.059   8.967   8.967   8.967   8.967 )
921.454: I:1 (   1.807   1.807   1.807 ) T:73 (   2.046   3.059   8.967   8.967   8.967   8.967 )
931.453: I:0 (   0.000   0.000   0.000 ) T:73 (   2.046   3.059   8.967   8.967   8.967   8.967 )
941.454: I:2 (   1.793   2.147   2.147 ) T:75 (   2.046   3.059   8.967   8.967   8.967   8.967 )
951.451: I:0 (   0.000   0.000   0.000 ) T:75 (   2.046   3.059   8.967   8.967   8.967   8.967 )
961.454: I:0 (   0.000   0.000   0.000 ) T:75 (   2.046   3.059   8.967   8.967   8.967   8.967 )
971.449: I:1 (   1.834   1.834   1.834 ) T:76 (   2.032   3.059   8.967   8.967   8.967   8.967 )
981.448: I:1 (   1.817   1.817   1.817 ) T:77 (   2.032   3.059   8.967   8.967   8.967   8.967 )
991.453: I:2 (   1.483   2.115   2.115 ) T:79 (   2.032   3.059   8.967   8.967   8.967   8.967 )
1001.448: I:2 (   1.796   4.475   4.475 ) T:81 (   2.032   3.059   8.967   8.967   8.967   8.967 )
1011.454: I:0 (   0.000   0.000   0.000 ) T:81 (   2.032   3.059   8.967   8.967   8.967   8.967 )
1021.453: I:1 (   2.079   2.079   2.079 ) T:82 (   2.032   3.059   8.967   8.967   8.967   8.967 )
1031.452: I:0 (   0.000   0.000   0.000 ) T:82 (   2.032   3.059   8.967   8.967   8.967   8.967 )
1041.454: I:1 (   2.131   2.131   2.131 ) T:83 (   2.046   3.059   8.967   8.967   8.967   8.967 )
1051.461: I:0 (   0.000   0.000   0.000 ) T:83 (   2.046   3.059   8.967   8.967   8.967   8.967 )
1061.445: I:0 (   0.000   0.000   0.000 ) T:83 (   2.046   3.059   8.967   8.967   8.967   8.967 )
1071.446: I:0 (   0.000   0.000   0.000 ) T:83 (   2.046   3.059   8.967   8.967   8.967   8.967 )
1081.453: I:1 (   1.837   1.837   1.837 ) T:84 (   2.032   3.059   8.967   8.967   8.967   8.967 )
1091.452: I:0 (   0.000   0.000   0.000 ) T:84 (   2.032   3.059   8.967   8.967   8.967   8.967 )
1101.452: I:2 (   1.789   1.825   1.825 ) T:86 (   2.005   3.059   8.967   8.967   8.967   8.967 )
1111.451: I:3 (   2.193   3.815   3.815 ) T:89 (   2.032   3.535   8.967   8.967   8.967   8.967 )
1121.454: I:2 (   1.854   1.870   1.870 ) T:91 (   2.005   3.059   8.967   8.967   8.967   8.967 )
1131.451: I:1 (   1.954   1.954   1.954 ) T:92 (   2.002   3.059   8.967   8.967   8.967   8.967 )
1141.454: I:0 (   0.000   0.000   0.000 ) T:92 (   2.002   3.059   8.967   8.967   8.967   8.967 )
1151.451: I:0 (   0.000   0.000   0.000 ) T:92 (   2.002   3.059   8.967   8.967   8.967   8.967 )
1161.454: I:0 (   0.000   0.000   0.000 ) T:92 (   2.002   3.059   8.967   8.967   8.967   8.967 )
1171.451: I:0 (   0.000   0.000   0.000 ) T:92 (   2.002   3.059   8.967   8.967   8.967   8.967 )
1181.448: I:2 (   1.689   1.898   1.898 ) T:94 (   1.994   3.059   8.967   8.967   8.967   8.967 )
1191.453: I:1 (   1.777   1.777   1.777 ) T:95 (   1.994   3.059   8.967   8.967   8.967   8.967 )
1201.451: I:2 (   1.792   2.063   2.063 ) T:97 (   1.994   3.059   8.967   8.967   8.967   8.967 )
1211.454: I:0 (   0.000   0.000   0.000 ) T:97 (   1.994   3.059   8.967   8.967   8.967   8.967 )
1221.453: I:1 (   1.995   1.995   1.995 ) T:98 (   1.994   3.059   8.967   8.967   8.967   8.967 )
1231.452: I:0 (   0.000   0.000   0.000 ) T:98 (   1.994   3.059   8.967   8.967   8.967   8.967 )
1241.448: I:2 (   2.022   2.143   2.143 ) T:100 (   1.995   2.547   5.351   8.967   8.967   8.967 )
1251.454: I:1 (   1.813   1.813   1.813 ) T:101 (   1.995   2.547   5.351   8.967   8.967   8.967 )
1261.451: I:0 (   0.000   0.000   0.000 ) T:101 (   1.995   2.547   5.351   8.967   8.967   8.967 )
1271.451: I:0 (   0.000   0.000   0.000 ) T:101 (   1.995   2.547   5.351   8.967   8.967   8.967 )
1281.454: I:1 (   2.139   2.139   2.139 ) T:102 (   1.995   2.547   5.351   8.967   8.967   8.967 )
1291.454: I:1 (   1.963   1.963   1.963 ) T:103 (   1.995   2.547   5.351   8.967   8.967   8.967 )
1301.449: I:0 (   0.000   0.000   0.000 ) T:103 (   1.995   2.547   5.351   8.967   8.967   8.967 )
1311.453: I:1 (   1.815   1.815   1.815 ) T:104 (   1.994   2.547   5.351   8.967   8.967   8.967 )
1321.454: I:0 (   0.000   0.000   0.000 ) T:104 (   1.994   2.547   5.351   8.967   8.967   8.967 )
1331.451: I:1 (   0.787   0.787   0.787 ) T:105 (   1.994   2.547   5.351   8.967   8.967   8.967 )
1341.454: I:0 (   0.000   0.000   0.000 ) T:105 (   1.994   2.547   5.351   8.967   8.967   8.967 )
1351.451: I:0 (   0.000   0.000   0.000 ) T:105 (   1.994   2.547   5.351   8.967   8.967   8.967 )
1361.454: I:0 (   0.000   0.000   0.000 ) T:105 (   1.994   2.547   5.351   8.967   8.967   8.967 )
1371.452: I:0 (   0.000   0.000   0.000 ) T:105 (   1.994   2.547   5.351   8.967   8.967   8.967 )
1381.457: I:0 (   0.000   0.000   0.000 ) T:105 (   1.994   2.547   5.351   8.967   8.967   8.967 )
1391.446: I:2 (   1.784   1.818   1.818 ) T:107 (   1.987   2.547   5.351   8.967   8.967   8.967 )
1401.451: I:0 (   0.000   0.000   0.000 ) T:107 (   1.987   2.547   5.351   8.967   8.967   8.967 )
1411.453: I:1 (   1.787   1.787   1.787 ) T:108 (   1.983   2.547   5.351   8.967   8.967   8.967 )
1421.447: I:0 (   0.000   0.000   0.000 ) T:108 (   1.983   2.547   5.351   8.967   8.967   8.967 )
1431.447: I:0 (   0.000   0.000   0.000 ) T:108 (   1.983   2.547   5.351   8.967   8.967   8.967 )
1441.453: I:0 (   0.000   0.000   0.000 ) T:108 (   1.983   2.547   5.351   8.967   8.967   8.967 )
1451.455: I:2 (   1.817   1.839   1.839 ) T:110 (   1.963   2.513   5.351   8.967   8.967   8.967 )
1461.452: I:0 (   0.000   0.000   0.000 ) T:110 (   1.963   2.513   5.351   8.967   8.967   8.967 )
1471.451: I:0 (   0.000   0.000   0.000 ) T:110 (   1.963   2.513   5.351   8.967   8.967   8.967 )
1481.457: I:1 (   1.842   1.842   1.842 ) T:111 (   1.963   2.513   5.351   8.967   8.967   8.967 )
1491.451: I:0 (   0.000   0.000   0.000 ) T:111 (   1.963   2.513   5.351   8.967   8.967   8.967 )
1501.452: I:2 (   1.817   2.063   2.063 ) T:113 (   1.963   2.513   5.351   8.967   8.967   8.967 )
1511.454: I:1 (   1.818   1.818   1.818 ) T:114 (   1.962   2.513   5.351   8.967   8.967   8.967 )
1521.453: I:0 (   0.000   0.000   0.000 ) T:114 (   1.962   2.513   5.351   8.967   8.967   8.967 )
1531.453: I:3 (   1.811   1.872   1.872 ) T:117 (   1.955   2.513   5.351   8.967   8.967   8.967 )
1541.453: I:1 (   1.874   1.874   1.874 ) T:118 (   1.954   2.513   5.351   8.967   8.967   8.967 )
1551.454: I:1 (   1.883   1.883   1.883 ) T:119 (   1.954   2.513   5.351   8.967   8.967   8.967 )
1561.454: I:1 (   1.904   1.904   1.904 ) T:120 (   1.947   2.393   5.351   8.967   8.967   8.967 )
1571.451: I:0 (   0.000   0.000   0.000 ) T:120 (   1.947   2.393   5.351   8.967   8.967   8.967 )
1581.454: I:1 (   2.373   2.373   2.373 ) T:121 (   1.954   2.393   5.351   8.967   8.967   8.967 )
1591.450: I:0 (   0.000   0.000   0.000 ) T:121 (   1.954   2.393   5.351   8.967   8.967   8.967 )
1601.460: I:2 (   0.762   1.883   1.883 ) T:123 (   1.947   2.393   5.351   8.967   8.967   8.967 )
1611.447: I:0 (   0.000   0.000   0.000 ) T:123 (   1.947   2.393   5.351   8.967   8.967   8.967 )
1621.454: I:0 (   0.000   0.000   0.000 ) T:123 (   1.947   2.393   5.351   8.967   8.967   8.967 )
1631.453: I:0 (   0.000   0.000   0.000 ) T:123 (   1.947   2.393   5.351   8.967   8.967   8.967 )
1641.452: I:0 (   0.000   0.000   0.000 ) T:123 (   1.947   2.393   5.351   8.967   8.967   8.967 )
1651.452: I:2 (   0.126   1.781   1.781 ) T:125 (   1.939   2.393   5.351   8.967   8.967   8.967 )
1661.449: I:0 (   0.000   0.000   0.000 ) T:125 (   1.939   2.393   5.351   8.967   8.967   8.967 )
1671.454: I:5 (   1.808   1.843   1.843 ) T:130 (   1.924   2.373   5.351   8.967   8.967   8.967 )
1681.447: I:0 (   0.000   0.000   0.000 ) T:130 (   1.924   2.373   5.351   8.967   8.967   8.967 )
1691.453: I:0 (   0.000   0.000   0.000 ) T:130 (   1.924   2.373   5.351   8.967   8.967   8.967 )
1701.453: I:0 (   0.000   0.000   0.000 ) T:130 (   1.924   2.373   5.351   8.967   8.967   8.967 )
1711.453: I:1 (   1.762   1.762   1.762 ) T:131 (   1.924   2.373   5.351   8.967   8.967   8.967 )
1721.448: I:3 (   1.743   1.806   1.806 ) T:134 (   1.904   2.373   5.351   8.967   8.967   8.967 )
1731.451: I:1 (   1.652   1.652   1.652 ) T:135 (   1.904   2.373   5.351   8.967   8.967   8.967 )
1741.454: I:0 (   0.000   0.000   0.000 ) T:135 (   1.904   2.373   5.351   8.967   8.967   8.967 )
1751.454: I:1 (   2.081   2.081   2.081 ) T:136 (   1.904   2.373   5.351   8.967   8.967   8.967 )
1761.453: I:0 (   0.000   0.000   0.000 ) T:136 (   1.904   2.373   5.351   8.967   8.967   8.967 )
1771.454: I:0 (   0.000   0.000   0.000 ) T:136 (   1.904   2.373   5.351   8.967   8.967   8.967 )
1781.451: I:0 (   0.000   0.000   0.000 ) T:136 (   1.904   2.373   5.351   8.967   8.967   8.967 )
1791.454: I:0 (   0.000   0.000   0.000 ) T:136 (   1.904   2.373   5.351   8.967   8.967   8.967 )
1801.450: I:0 (   0.000   0.000   0.000 ) T:136 (   1.904   2.373   5.351   8.967   8.967   8.967 )
1811.455: I:1 (   1.784   1.784   1.784 ) T:137 (   1.904   2.373   5.351   8.967   8.967   8.967 )
1821.451: I:0 (   0.000   0.000   0.000 ) T:137 (   1.904   2.373   5.351   8.967   8.967   8.967 )
1831.448: I:1 (   1.736   1.736   1.736 ) T:138 (   1.898   2.373   5.351   8.967   8.967   8.967 )
1841.454: I:3 (   1.930   2.071   2.071 ) T:141 (   1.904   2.369   5.351   8.967   8.967   8.967 )
1851.454: I:2 (   1.794   1.854   1.854 ) T:143 (   1.898   2.369   5.351   8.967   8.967   8.967 )
1861.453: I:1 (   1.866   1.866   1.866 ) T:144 (   1.885   2.369   5.351   8.967   8.967   8.967 )
1871.452: I:0 (   0.000   0.000   0.000 ) T:144 (   1.885   2.369   5.351   8.967   8.967   8.967 )
1881.452: I:0 (   0.000   0.000   0.000 ) T:144 (   1.885   2.369   5.351   8.967   8.967   8.967 )
1891.452: I:1 (   1.814   1.814   1.814 ) T:145 (   1.885   2.369   5.351   8.967   8.967   8.967 )
1901.449: I:0 (   0.000   0.000   0.000 ) T:145 (   1.885   2.369   5.351   8.967   8.967   8.967 )
1911.452: I:1 (   1.527   1.527   1.527 ) T:146 (   1.883   2.369   5.351   8.967   8.967   8.967 )
1921.449: I:1 (   1.725   1.725   1.725 ) T:147 (   1.883   2.369   5.351   8.967   8.967   8.967 )
1931.453: I:1 (   1.826   1.826   1.826 ) T:148 (   1.883   2.369   5.351   8.967   8.967   8.967 )
1941.454: I:1 (   1.763   1.763   1.763 ) T:149 (   1.883   2.369   5.351   8.967   8.967   8.967 )
1951.447: I:0 (   0.000   0.000   0.000 ) T:149 (   1.883   2.369   5.351   8.967   8.967   8.967 )
1961.451: I:0 (   0.000   0.000   0.000 ) T:149 (   1.883   2.369   5.351   8.967   8.967   8.967 )
1971.453: I:0 (   0.000   0.000   0.000 ) T:149 (   1.883   2.369   5.351   8.967   8.967   8.967 )
1981.450: I:0 (   0.000   0.000   0.000 ) T:149 (   1.883   2.369   5.351   8.967   8.967   8.967 )
1991.450: I:2 (   1.769   2.049   2.049 ) T:151 (   1.883   2.353   5.351   8.967   8.967   8.967 )
2001.455: I:1 (   1.504   1.504   1.504 ) T:152 (   1.877   2.353   5.351   8.967   8.967   8.967 )
2011.454: I:2 (   1.774   1.815   1.815 ) T:154 (   1.875   2.353   5.351   8.967   8.967   8.967 )
2021.452: I:0 (   0.000   0.000   0.000 ) T:154 (   1.875   2.353   5.351   8.967   8.967   8.967 )
2031.454: I:0 (   0.000   0.000   0.000 ) T:154 (   1.875   2.353   5.351   8.967   8.967   8.967 )
2041.453: I:2 (   1.657   1.963   1.963 ) T:156 (   1.875   2.353   5.351   8.967   8.967   8.967 )
2051.452: I:2 (   1.778   1.800   1.800 ) T:158 (   1.874   2.353   5.351   8.967   8.967   8.967 )
2061.454: I:1 (   1.730   1.730   1.730 ) T:159 (   1.874   2.353   5.351   8.967   8.967   8.967 )
2071.453: I:1 (   1.780   1.780   1.780 ) T:160 (   1.872   2.351   5.351   8.967   8.967   8.967 )
2081.451: I:1 (   1.567   1.567   1.567 ) T:161 (   1.872   2.351   5.351   8.967   8.967   8.967 )
2091.451: I:0 (   0.000   0.000   0.000 ) T:161 (   1.872   2.351   5.351   8.967   8.967   8.967 )
2101.454: I:2 (   1.759   5.103   5.103 ) T:163 (   1.872   2.353   5.351   8.967   8.967   8.967 )
2111.453: I:1 (   1.816   1.816   1.816 ) T:164 (   1.870   2.353   5.351   8.967   8.967   8.967 )
2121.453: I:1 (   2.101   2.101   2.101 ) T:165 (   1.872   2.353   5.351   8.967   8.967   8.967 )
2131.449: I:0 (   0.000   0.000   0.000 ) T:165 (   1.872   2.353   5.351   8.967   8.967   8.967 )
2141.451: I:0 (   0.000   0.000   0.000 ) T:165 (   1.872   2.353   5.351   8.967   8.967   8.967 )
2151.453: I:2 (   1.919   2.051   2.051 ) T:167 (   1.874   2.353   5.351   8.967   8.967   8.967 )
2161.453: I:0 (   0.000   0.000   0.000 ) T:167 (   1.874   2.353   5.351   8.967   8.967   8.967 )
2171.452: I:1 (   1.930   1.930   1.930 ) T:168 (   1.874   2.353   5.351   8.967   8.967   8.967 )
2181.452: I:1 (   2.119   2.119   2.119 ) T:169 (   1.875   2.353   5.351   8.967   8.967   8.967 )
2191.452: I:1 (   1.840   1.840   1.840 ) T:170 (   1.874   2.351   5.351   8.967   8.967   8.967 )
2201.451: I:1 (   1.806   1.806   1.806 ) T:171 (   1.874   2.351   5.351   8.967   8.967   8.967 )
2211.451: I:0 (   0.000   0.000   0.000 ) T:171 (   1.874   2.351   5.351   8.967   8.967   8.967 )
2221.490: I:2 (   1.715   1.818   1.818 ) T:173 (   1.872   2.351   5.351   8.967   8.967   8.967 )
2231.454: I:1 (   1.777   1.777   1.777 ) T:174 (   1.870   2.351   5.351   8.967   8.967   8.967 )
2241.454: I:0 (   0.000   0.000   0.000 ) T:174 (   1.870   2.351   5.351   8.967   8.967   8.967 )
2251.445: I:0 (   0.000   0.000   0.000 ) T:174 (   1.870   2.351   5.351   8.967   8.967   8.967 )
2261.463: I:0 (   0.000   0.000   0.000 ) T:174 (   1.870   2.351   5.351   8.967   8.967   8.967 )
2271.453: I:1 (   1.771   1.771   1.771 ) T:175 (   1.870   2.351   5.351   8.967   8.967   8.967 )
2281.454: I:0 (   0.000   0.000   0.000 ) T:175 (   1.870   2.351   5.351   8.967   8.967   8.967 )
2291.453: I:0 (   0.000   0.000   0.000 ) T:175 (   1.870   2.351   5.351   8.967   8.967   8.967 )
2301.452: I:0 (   0.000   0.000   0.000 ) T:175 (   1.870   2.351   5.351   8.967   8.967   8.967 )
2311.454: I:0 (   0.000   0.000   0.000 ) T:175 (   1.870   2.351   5.351   8.967   8.967   8.967 )
2321.449: I:1 (   1.822   1.822   1.822 ) T:176 (   1.868   2.351   5.351   8.967   8.967   8.967 )
2331.453: I:2 (   1.790   1.814   1.814 ) T:178 (   1.867   2.351   5.351   8.967   8.967   8.967 )
2341.452: I:1 (   1.822   1.822   1.822 ) T:179 (   1.867   2.351   5.351   8.967   8.967   8.967 )
2351.457: I:3 (   1.970   1.971   1.971 ) T:182 (   1.868   2.283   5.351   8.967   8.967   8.967 )
2361.454: I:2 (   0.146   1.846   1.846 ) T:184 (   1.867   2.283   5.351   8.967   8.967   8.967 )
2371.454: I:0 (   0.000   0.000   0.000 ) T:184 (   1.867   2.283   5.351   8.967   8.967   8.967 )
2381.453: I:0 (   0.000   0.000   0.000 ) T:184 (   1.867   2.283   5.351   8.967   8.967   8.967 )
2391.454: I:0 (   0.000   0.000   0.000 ) T:184 (   1.867   2.283   5.351   8.967   8.967   8.967 )
2401.454: I:0 (   0.000   0.000   0.000 ) T:184 (   1.867   2.283   5.351   8.967   8.967   8.967 )
2411.452: I:0 (   0.000   0.000   0.000 ) T:184 (   1.867   2.283   5.351   8.967   8.967   8.967 )
2421.454: I:2 (   1.834   2.010   2.010 ) T:186 (   1.867   2.283   5.351   8.967   8.967   8.967 )
2431.453: I:0 (   0.000   0.000   0.000 ) T:186 (   1.867   2.283   5.351   8.967   8.967   8.967 )
2441.454: I:1 (   1.772   1.772   1.772 ) T:187 (   1.867   2.283   5.351   8.967   8.967   8.967 )
2451.453: I:0 (   0.000   0.000   0.000 ) T:187 (   1.867   2.283   5.351   8.967   8.967   8.967 )
2461.454: I:2 (   1.078   1.810   1.810 ) T:189 (   1.866   2.283   5.351   8.967   8.967   8.967 )
2471.453: I:0 (   0.000   0.000   0.000 ) T:189 (   1.866   2.283   5.351   8.967   8.967   8.967 )
2481.453: I:1 (   1.807   1.807   1.807 ) T:190 (   1.857   2.271   5.351   8.967   8.967   8.967 )
2491.453: I:0 (   0.000   0.000   0.000 ) T:190 (   1.857   2.271   5.351   8.967   8.967   8.967 )
2501.453: I:0 (   0.000   0.000   0.000 ) T:190 (   1.857   2.271   5.351   8.967   8.967   8.967 )
2511.454: I:0 (   0.000   0.000   0.000 ) T:190 (   1.857   2.271   5.351   8.967   8.967   8.967 )
2521.454: I:1 (   2.125   2.125   2.125 ) T:191 (   1.866   2.271   5.351   8.967   8.967   8.967 )
2531.452: I:0 (   0.000   0.000   0.000 ) T:191 (   1.866   2.271   5.351   8.967   8.967   8.967 )
2541.453: I:0 (   0.000   0.000   0.000 ) T:191 (   1.866   2.271   5.351   8.967   8.967   8.967 )
2551.454: I:0 (   0.000   0.000   0.000 ) T:191 (   1.866   2.271   5.351   8.967   8.967   8.967 )
2561.447: I:1 (   1.816   1.816   1.816 ) T:192 (   1.857   2.271   5.351   8.967   8.967   8.967 )
2571.454: I:0 (   0.000   0.000   0.000 ) T:192 (   1.857   2.271   5.351   8.967   8.967   8.967 )
2581.451: I:0 (   0.000   0.000   0.000 ) T:192 (   1.857   2.271   5.351   8.967   8.967   8.967 )
2591.453: I:2 (   2.117   2.153   2.153 ) T:194 (   1.866   2.271   5.351   8.967   8.967   8.967 )
2601.454: I:1 (   1.579   1.579   1.579 ) T:195 (   1.866   2.271   5.351   8.967   8.967   8.967 )
2611.453: I:1 (   1.781   1.781   1.781 ) T:196 (   1.857   2.271   5.351   8.967   8.967   8.967 )
2621.454: I:0 (   0.000   0.000   0.000 ) T:196 (   1.857   2.271   5.351   8.967   8.967   8.967 )
2631.451: I:0 (   0.000   0.000   0.000 ) T:196 (   1.857   2.271   5.351   8.967   8.967   8.967 )
2641.453: I:1 (   1.823   1.823   1.823 ) T:197 (   1.857   2.271   5.351   8.967   8.967   8.967 )
2651.461: I:2 (   1.766   1.806   1.806 ) T:199 (   1.856   2.271   5.351   8.967   8.967   8.967 )
2661.451: I:2 (   1.650   1.654   1.654 ) T:201 (   1.854   2.257   5.175   8.967   8.967   8.967 )
2671.451: I:0 (   0.000   0.000   0.000 ) T:201 (   1.854   2.257   5.175   8.967   8.967   8.967 )
2681.454: I:2 (   1.791   2.087   2.087 ) T:203 (   1.854   2.257   5.175   8.967   8.967   8.967 )
2691.451: I:1 (   1.882   1.882   1.882 ) T:204 (   1.854   2.257   5.175   8.967   8.967   8.967 )
2701.455: I:2 (   1.748   1.840   1.840 ) T:206 (   1.854   2.257   5.175   8.967   8.967   8.967 )
2711.452: I:2 (   1.761   1.764   1.764 ) T:208 (   1.846   2.257   5.175   8.967   8.967   8.967 )
2721.451: I:0 (   0.000   0.000   0.000 ) T:208 (   1.846   2.257   5.175   8.967   8.967   8.967 )
2731.449: I:0 (   0.000   0.000   0.000 ) T:208 (   1.846   2.257   5.175   8.967   8.967   8.967 )
2741.453: I:1 (   1.783   1.783   1.783 ) T:209 (   1.846   2.257   5.175   8.967   8.967   8.967 )
2751.452: I:1 (   2.111   2.111   2.111 ) T:210 (   1.846   2.241   5.175   8.967   8.967   8.967 )
2761.452: I:1 (   1.795   1.795   1.795 ) T:211 (   1.846   2.241   5.175   8.967   8.967   8.967 )
2771.451: I:0 (   0.000   0.000   0.000 ) T:211 (   1.846   2.241   5.175   8.967   8.967   8.967 )
2781.454: I:2 (   1.783   2.153   2.153 ) T:213 (   1.846   2.241   5.175   8.967   8.967   8.967 )
2791.451: I:2 (   1.957   1.992   1.992 ) T:215 (   1.854   2.241   5.175   8.967   8.967   8.967 )
2801.448: I:1 (   1.818   1.818   1.818 ) T:216 (   1.846   2.241   5.175   8.967   8.967   8.967 )
2811.457: I:0 (   0.000   0.000   0.000 ) T:216 (   1.846   2.241   5.175   8.967   8.967   8.967 )
2821.450: I:0 (   0.000   0.000   0.000 ) T:216 (   1.846   2.241   5.175   8.967   8.967   8.967 )
2831.508: I:1 (   1.832   1.832   1.832 ) T:217 (   1.846   2.241   5.175   8.967   8.967   8.967 )
2841.454: I:0 (   0.000   0.000   0.000 ) T:217 (   1.846   2.241   5.175   8.967   8.967   8.967 )
2851.451: I:0 (   0.000   0.000   0.000 ) T:217 (   1.846   2.241   5.175   8.967   8.967   8.967 )
2861.454: I:1 (   1.839   1.839   1.839 ) T:218 (   1.843   2.241   5.175   8.967   8.967   8.967 )
2871.457: I:1 (   1.791   1.791   1.791 ) T:219 (   1.843   2.241   5.175   8.967   8.967   8.967 )
2881.454: I:0 (   0.000   0.000   0.000 ) T:219 (   1.843   2.241   5.175   8.967   8.967   8.967 )
2891.453: I:0 (   0.000   0.000   0.000 ) T:219 (   1.843   2.241   5.175   8.967   8.967   8.967 )
2901.451: I:1 (   1.831   1.831   1.831 ) T:220 (   1.842   2.211   5.175   8.967   8.967   8.967 )
2911.445: I:0 (   0.000   0.000   0.000 ) T:220 (   1.842   2.211   5.175   8.967   8.967   8.967 )
2921.451: I:1 (   1.692   1.692   1.692 ) T:221 (   1.842   2.211   5.175   8.967   8.967   8.967 )
2931.448: I:0 (   0.000   0.000   0.000 ) T:221 (   1.842   2.211   5.175   8.967   8.967   8.967 )
2941.452: I:0 (   0.000   0.000   0.000 ) T:221 (   1.842   2.211   5.175   8.967   8.967   8.967 )
2951.448: I:3 (   1.989   2.113   2.113 ) T:224 (   1.842   2.211   5.175   8.967   8.967   8.967 )
2961.457: I:1 (   2.127   2.127   2.127 ) T:225 (   1.843   2.211   5.175   8.967   8.967   8.967 )
2971.457: I:0 (   0.000   0.000   0.000 ) T:225 (   1.843   2.211   5.175   8.967   8.967   8.967 )
2981.453: I:0 (   0.000   0.000   0.000 ) T:225 (   1.843   2.211   5.175   8.967   8.967   8.967 )
2991.453: I:0 (   0.000   0.000   0.000 ) T:225 (   1.843   2.211   5.175   8.967   8.967   8.967 )
3001.457: I:1 (   1.825   1.825   1.825 ) T:226 (   1.842   2.211   5.175   8.967   8.967   8.967 )
3011.451: I:0 (   0.000   0.000   0.000 ) T:226 (   1.842   2.211   5.175   8.967   8.967   8.967 )
3015.605: I:0 (   0.000   0.000   0.000 ) T:226 (   1.842   2.211   5.175   8.967   8.967   8.967 )
3015.645: I:0 (   0.000   0.000   0.000 ) T:226 (   1.842   2.211   5.175   8.967   8.967   8.967 )
