#[Interval percentile log between 0.000 and <Infinite> seconds (relative to StartTime)]
#[StartTime: 1524820691.840 (seconds since epoch), Fri Apr 27 11:18:11 CEST 2018]
Time: IntervalPercentiles:count ( 50% 90% Max ) TotalPercentiles:count ( 50% 90% 99% 99.9% 99.99% Max )
8.260: I:1 ( 1778.687 1778.687 1778.687 ) T:1 ( 1778.687 1778.687 1778.687 1778.687 1778.687 1778.687 )
18.243: I:0 (   0.000   0.000   0.000 ) T:1 ( 1778.687 1778.687 1778.687 1778.687 1778.687 1778.687 )
28.240: I:0 (   0.000   0.000   0.000 ) T:1 ( 1778.687 1778.687 1778.687 1778.687 1778.687 1778.687 )
38.238: I:0 (   0.000   0.000   0.000 ) T:1 ( 1778.687 1778.687 1778.687 1778.687 1778.687 1778.687 )
48.235: I:0 (   0.000   0.000   0.000 ) T:1 ( 1778.687 1778.687 1778.687 1778.687 1778.687 1778.687 )
58.235: I:0 (   0.000   0.000   0.000 ) T:1 ( 1778.687 1778.687 1778.687 1778.687 1778.687 1778.687 )
68.230: I:0 (   0.000   0.000   0.000 ) T:1 ( 1778.687 1778.687 1778.687 1778.687 1778.687 1778.687 )
78.234: I:0 (   0.000   0.000   0.000 ) T:1 ( 1778.687 1778.687 1778.687 1778.687 1778.687 1778.687 )
88.236: I:0 (   0.000   0.000   0.000 ) T:1 ( 1778.687 1778.687 1778.687 1778.687 1778.687 1778.687 )
98.234: I:0 (   0.000   0.000   0.000 ) T:1 ( 1778.687 1778.687 1778.687 1778.687 1778.687 1778.687 )
108.236: I:0 (   0.000   0.000   0.000 ) T:1 ( 1778.687 1778.687 1778.687 1778.687 1778.687 1778.687 )
118.235: I:0 (   0.000   0.000   0.000 ) T:1 ( 1778.687 1778.687 1778.687 1778.687 1778.687 1778.687 )
128.234: I:0 (   0.000   0.000   0.000 ) T:1 ( 1778.687 1778.687 1778.687 1778.687 1778.687 1778.687 )
138.234: I:0 (   0.000   0.000   0.000 ) T:1 ( 1778.687 1778.687 1778.687 1778.687 1778.687 1778.687 )
148.234: I:0 (   0.000   0.000   0.000 ) T:1 ( 1778.687 1778.687 1778.687 1778.687 1778.687 1778.687 )
158.234: I:0 (   0.000   0.000   0.000 ) T:1 ( 1778.687 1778.687 1778.687 1778.687 1778.687 1778.687 )
168.230: I:0 (   0.000   0.000   0.000 ) T:1 ( 1778.687 1778.687 1778.687 1778.687 1778.687 1778.687 )
178.234: I:0 (   0.000   0.000   0.000 ) T:1 ( 1778.687 1778.687 1778.687 1778.687 1778.687 1778.687 )
188.234: I:0 (   0.000   0.000   0.000 ) T:1 ( 1778.687 1778.687 1778.687 1778.687 1778.687 1778.687 )
198.234: I:0 (   0.000   0.000   0.000 ) T:1 ( 1778.687 1778.687 1778.687 1778.687 1778.687 1778.687 )
208.237: I:0 (   0.000   0.000   0.000 ) T:1 ( 1778.687 1778.687 1778.687 1778.687 1778.687 1778.687 )
218.234: I:0 (   0.000   0.000   0.000 ) T:1 ( 1778.687 1778.687 1778.687 1778.687 1778.687 1778.687 )
228.234: I:0 (   0.000   0.000   0.000 ) T:1 ( 1778.687 1778.687 1778.687 1778.687 1778.687 1778.687 )
238.239: I:0 (   0.000   0.000   0.000 ) T:1 ( 1778.687 1778.687 1778.687 1778.687 1778.687 1778.687 )
248.234: I:0 (   0.000   0.000   0.000 ) T:1 ( 1778.687 1778.687 1778.687 1778.687 1778.687 1778.687 )
258.234: I:0 (   0.000   0.000   0.000 ) T:1 ( 1778.687 1778.687 1778.687 1778.687 1778.687 1778.687 )
268.234: I:0 (   0.000   0.000   0.000 ) T:1 ( 1778.687 1778.687 1778.687 1778.687 1778.687 1778.687 )
278.234: I:0 (   0.000   0.000   0.000 ) T:1 ( 1778.687 1778.687 1778.687 1778.687 1778.687 1778.687 )
288.234: I:0 (   0.000   0.000   0.000 ) T:1 ( 1778.687 1778.687 1778.687 1778.687 1778.687 1778.687 )
298.234: I:0 (   0.000   0.000   0.000 ) T:1 ( 1778.687 1778.687 1778.687 1778.687 1778.687 1778.687 )
308.237: I:0 (   0.000   0.000   0.000 ) T:1 ( 1778.687 1778.687 1778.687 1778.687 1778.687 1778.687 )
318.234: I:0 (   0.000   0.000   0.000 ) T:1 ( 1778.687 1778.687 1778.687 1778.687 1778.687 1778.687 )
328.231: I:0 (   0.000   0.000   0.000 ) T:1 ( 1778.687 1778.687 1778.687 1778.687 1778.687 1778.687 )
338.232: I:0 (   0.000   0.000   0.000 ) T:1 ( 1778.687 1778.687 1778.687 1778.687 1778.687 1778.687 )
348.229: I:0 (   0.000   0.000   0.000 ) T:1 ( 1778.687 1778.687 1778.687 1778.687 1778.687 1778.687 )
358.235: I:0 (   0.000   0.000   0.000 ) T:1 ( 1778.687 1778.687 1778.687 1778.687 1778.687 1778.687 )
368.231: I:0 (   0.000   0.000   0.000 ) T:1 ( 1778.687 1778.687 1778.687 1778.687 1778.687 1778.687 )
378.234: I:0 (   0.000   0.000   0.000 ) T:1 ( 1778.687 1778.687 1778.687 1778.687 1778.687 1778.687 )
388.234: I:0 (   0.000   0.000   0.000 ) T:1 ( 1778.687 1778.687 1778.687 1778.687 1778.687 1778.687 )
398.227: I:0 (   0.000   0.000   0.000 ) T:1 ( 1778.687 1778.687 1778.687 1778.687 1778.687 1778.687 )
408.230: I:0 (   0.000   0.000   0.000 ) T:1 ( 1778.687 1778.687 1778.687 1778.687 1778.687 1778.687 )
418.237: I:0 (   0.000   0.000   0.000 ) T:1 ( 1778.687 1778.687 1778.687 1778.687 1778.687 1778.687 )
428.237: I:0 (   0.000   0.000   0.000 ) T:1 ( 1778.687 1778.687 1778.687 1778.687 1778.687 1778.687 )
438.236: I:0 (   0.000   0.000   0.000 ) T:1 ( 1778.687 1778.687 1778.687 1778.687 1778.687 1778.687 )
448.234: I:0 (   0.000   0.000   0.000 ) T:1 ( 1778.687 1778.687 1778.687 1778.687 1778.687 1778.687 )
458.234: I:0 (   0.000   0.000   0.000 ) T:1 ( 1778.687 1778.687 1778.687 1778.687 1778.687 1778.687 )
468.234: I:0 (   0.000   0.000   0.000 ) T:1 ( 1778.687 1778.687 1778.687 1778.687 1778.687 1778.687 )
478.234: I:0 (   0.000   0.000   0.000 ) T:1 ( 1778.687 1778.687 1778.687 1778.687 1778.687 1778.687 )
488.234: I:0 (   0.000   0.000   0.000 ) T:1 ( 1778.687 1778.687 1778.687 1778.687 1778.687 1778.687 )
498.234: I:0 (   0.000   0.000   0.000 ) T:1 ( 1778.687 1778.687 1778.687 1778.687 1778.687 1778.687 )
508.227: I:0 (   0.000   0.000   0.000 ) T:1 ( 1778.687 1778.687 1778.687 1778.687 1778.687 1778.687 )
518.234: I:0 (   0.000   0.000   0.000 ) T:1 ( 1778.687 1778.687 1778.687 1778.687 1778.687 1778.687 )
528.231: I:0 (   0.000   0.000   0.000 ) T:1 ( 1778.687 1778.687 1778.687 1778.687 1778.687 1778.687 )
538.227: I:0 (   0.000   0.000   0.000 ) T:1 ( 1778.687 1778.687 1778.687 1778.687 1778.687 1778.687 )
548.227: I:0 (   0.000   0.000   0.000 ) T:1 ( 1778.687 1778.687 1778.687 1778.687 1778.687 1778.687 )
558.228: I:0 (   0.000   0.000   0.000 ) T:1 ( 1778.687 1778.687 1778.687 1778.687 1778.687 1778.687 )
568.236: I:0 (   0.000   0.000   0.000 ) T:1 ( 1778.687 1778.687 1778.687 1778.687 1778.687 1778.687 )
578.235: I:0 (   0.000   0.000   0.000 ) T:1 ( 1778.687 1778.687 1778.687 1778.687 1778.687 1778.687 )
588.227: I:0 (   0.000   0.000   0.000 ) T:1 ( 1778.687 1778.687 1778.687 1778.687 1778.687 1778.687 )
598.233: I:0 (   0.000   0.000   0.000 ) T:1 ( 1778.687 1778.687 1778.687 1778.687 1778.687 1778.687 )
608.235: I:0 (   0.000   0.000   0.000 ) T:1 ( 1778.687 1778.687 1778.687 1778.687 1778.687 1778.687 )
618.234: I:0 (   0.000   0.000   0.000 ) T:1 ( 1778.687 1778.687 1778.687 1778.687 1778.687 1778.687 )
628.234: I:0 (   0.000   0.000   0.000 ) T:1 ( 1778.687 1778.687 1778.687 1778.687 1778.687 1778.687 )
638.234: I:0 (   0.000   0.000   0.000 ) T:1 ( 1778.687 1778.687 1778.687 1778.687 1778.687 1778.687 )
648.228: I:0 (   0.000   0.000   0.000 ) T:1 ( 1778.687 1778.687 1778.687 1778.687 1778.687 1778.687 )
658.233: I:0 (   0.000   0.000   0.000 ) T:1 ( 1778.687 1778.687 1778.687 1778.687 1778.687 1778.687 )
668.227: I:0 (   0.000   0.000   0.000 ) T:1 ( 1778.687 1778.687 1778.687 1778.687 1778.687 1778.687 )
678.234: I:0 (   0.000   0.000   0.000 ) T:1 ( 1778.687 1778.687 1778.687 1778.687 1778.687 1778.687 )
688.234: I:0 (   0.000   0.000   0.000 ) T:1 ( 1778.687 1778.687 1778.687 1778.687 1778.687 1778.687 )
698.234: I:0 (   0.000   0.000   0.000 ) T:1 ( 1778.687 1778.687 1778.687 1778.687 1778.687 1778.687 )
708.234: I:0 (   0.000   0.000   0.000 ) T:1 ( 1778.687 1778.687 1778.687 1778.687 1778.687 1778.687 )
718.231: I:0 (   0.000   0.000   0.000 ) T:1 ( 1778.687 1778.687 1778.687 1778.687 1778.687 1778.687 )
728.234: I:0 (   0.000   0.000   0.000 ) T:1 ( 1778.687 1778.687 1778.687 1778.687 1778.687 1778.687 )
738.233: I:0 (   0.000   0.000   0.000 ) T:1 ( 1778.687 1778.687 1778.687 1778.687 1778.687 1778.687 )
748.236: I:0 (   0.000   0.000   0.000 ) T:1 ( 1778.687 1778.687 1778.687 1778.687 1778.687 1778.687 )
758.233: I:0 (   0.000   0.000   0.000 ) T:1 ( 1778.687 1778.687 1778.687 1778.687 1778.687 1778.687 )
768.236: I:0 (   0.000   0.000   0.000 ) T:1 ( 1778.687 1778.687 1778.687 1778.687 1778.687 1778.687 )
778.234: I:0 (   0.000   0.000   0.000 ) T:1 ( 1778.687 1778.687 1778.687 1778.687 1778.687 1778.687 )
788.234: I:0 (   0.000   0.000   0.000 ) T:1 ( 1778.687 1778.687 1778.687 1778.687 1778.687 1778.687 )
798.234: I:0 (   0.000   0.000   0.000 ) T:1 ( 1778.687 1778.687 1778.687 1778.687 1778.687 1778.687 )
808.234: I:0 (   0.000   0.000   0.000 ) T:1 ( 1778.687 1778.687 1778.687 1778.687 1778.687 1778.687 )
818.232: I:0 (   0.000   0.000   0.000 ) T:1 ( 1778.687 1778.687 1778.687 1778.687 1778.687 1778.687 )
828.232: I:0 (   0.000   0.000   0.000 ) T:1 ( 1778.687 1778.687 1778.687 1778.687 1778.687 1778.687 )
838.234: I:0 (   0.000   0.000   0.000 ) T:1 ( 1778.687 1778.687 1778.687 1778.687 1778.687 1778.687 )
848.234: I:0 (   0.000   0.000   0.000 ) T:1 ( 1778.687 1778.687 1778.687 1778.687 1778.687 1778.687 )
858.234: I:0 (   0.000   0.000   0.000 ) T:1 ( 1778.687 1778.687 1778.687 1778.687 1778.687 1778.687 )
868.234: I:0 (   0.000   0.000   0.000 ) T:1 ( 1778.687 1778.687 1778.687 1778.687 1778.687 1778.687 )
878.227: I:0 (   0.000   0.000   0.000 ) T:1 ( 1778.687 1778.687 1778.687 1778.687 1778.687 1778.687 )
888.234: I:0 (   0.000   0.000   0.000 ) T:1 ( 1778.687 1778.687 1778.687 1778.687 1778.687 1778.687 )
898.234: I:0 (   0.000   0.000   0.000 ) T:1 ( 1778.687 1778.687 1778.687 1778.687 1778.687 1778.687 )
908.233: I:0 (   0.000   0.000   0.000 ) T:1 ( 1778.687 1778.687 1778.687 1778.687 1778.687 1778.687 )
918.233: I:0 (   0.000   0.000   0.000 ) T:1 ( 1778.687 1778.687 1778.687 1778.687 1778.687 1778.687 )
928.234: I:0 (   0.000   0.000   0.000 ) T:1 ( 1778.687 1778.687 1778.687 1778.687 1778.687 1778.687 )
938.234: I:0 (   0.000   0.000   0.000 ) T:1 ( 1778.687 1778.687 1778.687 1778.687 1778.687 1778.687 )
948.234: I:0 (   0.000   0.000   0.000 ) T:1 ( 1778.687 1778.687 1778.687 1778.687 1778.687 1778.687 )
958.230: I:0 (   0.000   0.000   0.000 ) T:1 ( 1778.687 1778.687 1778.687 1778.687 1778.687 1778.687 )
968.236: I:0 (   0.000   0.000   0.000 ) T:1 ( 1778.687 1778.687 1778.687 1778.687 1778.687 1778.687 )
978.230: I:0 (   0.000   0.000   0.000 ) T:1 ( 1778.687 1778.687 1778.687 1778.687 1778.687 1778.687 )
988.229: I:0 (   0.000   0.000   0.000 ) T:1 ( 1778.687 1778.687 1778.687 1778.687 1778.687 1778.687 )
998.234: I:0 (   0.000   0.000   0.000 ) T:1 ( 1778.687 1778.687 1778.687 1778.687 1778.687 1778.687 )
1008.228: I:0 (   0.000   0.000   0.000 ) T:1 ( 1778.687 1778.687 1778.687 1778.687 1778.687 1778.687 )
1018.234: I:0 (   0.000   0.000   0.000 ) T:1 ( 1778.687 1778.687 1778.687 1778.687 1778.687 1778.687 )
1028.234: I:0 (   0.000   0.000   0.000 ) T:1 ( 1778.687 1778.687 1778.687 1778.687 1778.687 1778.687 )
1038.233: I:0 (   0.000   0.000   0.000 ) T:1 ( 1778.687 1778.687 1778.687 1778.687 1778.687 1778.687 )
1048.235: I:0 (   0.000   0.000   0.000 ) T:1 ( 1778.687 1778.687 1778.687 1778.687 1778.687 1778.687 )
1058.234: I:0 (   0.000   0.000   0.000 ) T:1 ( 1778.687 1778.687 1778.687 1778.687 1778.687 1778.687 )
1068.227: I:0 (   0.000   0.000   0.000 ) T:1 ( 1778.687 1778.687 1778.687 1778.687 1778.687 1778.687 )
1078.227: I:0 (   0.000   0.000   0.000 ) T:1 ( 1778.687 1778.687 1778.687 1778.687 1778.687 1778.687 )
1088.234: I:0 (   0.000   0.000   0.000 ) T:1 ( 1778.687 1778.687 1778.687 1778.687 1778.687 1778.687 )
1098.233: I:0 (   0.000   0.000   0.000 ) T:1 ( 1778.687 1778.687 1778.687 1778.687 1778.687 1778.687 )
1108.234: I:0 (   0.000   0.000   0.000 ) T:1 ( 1778.687 1778.687 1778.687 1778.687 1778.687 1778.687 )
1118.230: I:0 (   0.000   0.000   0.000 ) T:1 ( 1778.687 1778.687 1778.687 1778.687 1778.687 1778.687 )
1128.235: I:0 (   0.000   0.000   0.000 ) T:1 ( 1778.687 1778.687 1778.687 1778.687 1778.687 1778.687 )
1138.232: I:0 (   0.000   0.000   0.000 ) T:1 ( 1778.687 1778.687 1778.687 1778.687 1778.687 1778.687 )
1148.234: I:0 (   0.000   0.000   0.000 ) T:1 ( 1778.687 1778.687 1778.687 1778.687 1778.687 1778.687 )
1158.233: I:0 (   0.000   0.000   0.000 ) T:1 ( 1778.687 1778.687 1778.687 1778.687 1778.687 1778.687 )
1168.234: I:0 (   0.000   0.000   0.000 ) T:1 ( 1778.687 1778.687 1778.687 1778.687 1778.687 1778.687 )
1178.233: I:0 (   0.000   0.000   0.000 ) T:1 ( 1778.687 1778.687 1778.687 1778.687 1778.687 1778.687 )
1188.227: I:0 (   0.000   0.000   0.000 ) T:1 ( 1778.687 1778.687 1778.687 1778.687 1778.687 1778.687 )
1198.234: I:0 (   0.000   0.000   0.000 ) T:1 ( 1778.687 1778.687 1778.687 1778.687 1778.687 1778.687 )
1208.230: I:0 (   0.000   0.000   0.000 ) T:1 ( 1778.687 1778.687 1778.687 1778.687 1778.687 1778.687 )
1218.234: I:0 (   0.000   0.000   0.000 ) T:1 ( 1778.687 1778.687 1778.687 1778.687 1778.687 1778.687 )
1228.234: I:0 (   0.000   0.000   0.000 ) T:1 ( 1778.687 1778.687 1778.687 1778.687 1778.687 1778.687 )
1238.230: I:0 (   0.000   0.000   0.000 ) T:1 ( 1778.687 1778.687 1778.687 1778.687 1778.687 1778.687 )
1248.227: I:0 (   0.000   0.000   0.000 ) T:1 ( 1778.687 1778.687 1778.687 1778.687 1778.687 1778.687 )
1258.234: I:0 (   0.000   0.000   0.000 ) T:1 ( 1778.687 1778.687 1778.687 1778.687 1778.687 1778.687 )
1268.229: I:0 (   0.000   0.000   0.000 ) T:1 ( 1778.687 1778.687 1778.687 1778.687 1778.687 1778.687 )
1278.233: I:0 (   0.000   0.000   0.000 ) T:1 ( 1778.687 1778.687 1778.687 1778.687 1778.687 1778.687 )
1288.235: I:0 (   0.000   0.000   0.000 ) T:1 ( 1778.687 1778.687 1778.687 1778.687 1778.687 1778.687 )
1298.234: I:0 (   0.000   0.000   0.000 ) T:1 ( 1778.687 1778.687 1778.687 1778.687 1778.687 1778.687 )
1308.229: I:0 (   0.000   0.000   0.000 ) T:1 ( 1778.687 1778.687 1778.687 1778.687 1778.687 1778.687 )
1318.234: I:0 (   0.000   0.000   0.000 ) T:1 ( 1778.687 1778.687 1778.687 1778.687 1778.687 1778.687 )
1328.233: I:0 (   0.000   0.000   0.000 ) T:1 ( 1778.687 1778.687 1778.687 1778.687 1778.687 1778.687 )
1338.233: I:0 (   0.000   0.000   0.000 ) T:1 ( 1778.687 1778.687 1778.687 1778.687 1778.687 1778.687 )
1348.235: I:0 (   0.000   0.000   0.000 ) T:1 ( 1778.687 1778.687 1778.687 1778.687 1778.687 1778.687 )
1358.232: I:0 (   0.000   0.000   0.000 ) T:1 ( 1778.687 1778.687 1778.687 1778.687 1778.687 1778.687 )
1368.235: I:0 (   0.000   0.000   0.000 ) T:1 ( 1778.687 1778.687 1778.687 1778.687 1778.687 1778.687 )
1378.234: I:0 (   0.000   0.000   0.000 ) T:1 ( 1778.687 1778.687 1778.687 1778.687 1778.687 1778.687 )
1388.234: I:0 (   0.000   0.000   0.000 ) T:1 ( 1778.687 1778.687 1778.687 1778.687 1778.687 1778.687 )
1398.227: I:0 (   0.000   0.000   0.000 ) T:1 ( 1778.687 1778.687 1778.687 1778.687 1778.687 1778.687 )
1408.230: I:0 (   0.000   0.000   0.000 ) T:1 ( 1778.687 1778.687 1778.687 1778.687 1778.687 1778.687 )
1418.234: I:0 (   0.000   0.000   0.000 ) T:1 ( 1778.687 1778.687 1778.687 1778.687 1778.687 1778.687 )
1428.227: I:0 (   0.000   0.000   0.000 ) T:1 ( 1778.687 1778.687 1778.687 1778.687 1778.687 1778.687 )
1438.227: I:0 (   0.000   0.000   0.000 ) T:1 ( 1778.687 1778.687 1778.687 1778.687 1778.687 1778.687 )
1448.231: I:0 (   0.000   0.000   0.000 ) T:1 ( 1778.687 1778.687 1778.687 1778.687 1778.687 1778.687 )
1458.235: I:0 (   0.000   0.000   0.000 ) T:1 ( 1778.687 1778.687 1778.687 1778.687 1778.687 1778.687 )
1468.232: I:0 (   0.000   0.000   0.000 ) T:1 ( 1778.687 1778.687 1778.687 1778.687 1778.687 1778.687 )
1478.232: I:0 (   0.000   0.000   0.000 ) T:1 ( 1778.687 1778.687 1778.687 1778.687 1778.687 1778.687 )
1488.233: I:0 (   0.000   0.000   0.000 ) T:1 ( 1778.687 1778.687 1778.687 1778.687 1778.687 1778.687 )
1498.233: I:0 (   0.000   0.000   0.000 ) T:1 ( 1778.687 1778.687 1778.687 1778.687 1778.687 1778.687 )
1508.234: I:0 (   0.000   0.000   0.000 ) T:1 ( 1778.687 1778.687 1778.687 1778.687 1778.687 1778.687 )
1518.234: I:0 (   0.000   0.000   0.000 ) T:1 ( 1778.687 1778.687 1778.687 1778.687 1778.687 1778.687 )
1528.232: I:0 (   0.000   0.000   0.000 ) T:1 ( 1778.687 1778.687 1778.687 1778.687 1778.687 1778.687 )
1538.234: I:0 (   0.000   0.000   0.000 ) T:1 ( 1778.687 1778.687 1778.687 1778.687 1778.687 1778.687 )
1548.234: I:0 (   0.000   0.000   0.000 ) T:1 ( 1778.687 1778.687 1778.687 1778.687 1778.687 1778.687 )
1558.234: I:0 (   0.000   0.000   0.000 ) T:1 ( 1778.687 1778.687 1778.687 1778.687 1778.687 1778.687 )
1568.234: I:0 (   0.000   0.000   0.000 ) T:1 ( 1778.687 1778.687 1778.687 1778.687 1778.687 1778.687 )
1578.233: I:0 (   0.000   0.000   0.000 ) T:1 ( 1778.687 1778.687 1778.687 1778.687 1778.687 1778.687 )
1588.234: I:0 (   0.000   0.000   0.000 ) T:1 ( 1778.687 1778.687 1778.687 1778.687 1778.687 1778.687 )
1598.230: I:0 (   0.000   0.000   0.000 ) T:1 ( 1778.687 1778.687 1778.687 1778.687 1778.687 1778.687 )
1608.235: I:0 (   0.000   0.000   0.000 ) T:1 ( 1778.687 1778.687 1778.687 1778.687 1778.687 1778.687 )
1618.227: I:0 (   0.000   0.000   0.000 ) T:1 ( 1778.687 1778.687 1778.687 1778.687 1778.687 1778.687 )
1628.234: I:0 (   0.000   0.000   0.000 ) T:1 ( 1778.687 1778.687 1778.687 1778.687 1778.687 1778.687 )
1638.234: I:0 (   0.000   0.000   0.000 ) T:1 ( 1778.687 1778.687 1778.687 1778.687 1778.687 1778.687 )
1648.233: I:0 (   0.000   0.000   0.000 ) T:1 ( 1778.687 1778.687 1778.687 1778.687 1778.687 1778.687 )
1658.234: I:0 (   0.000   0.000   0.000 ) T:1 ( 1778.687 1778.687 1778.687 1778.687 1778.687 1778.687 )
1668.230: I:0 (   0.000   0.000   0.000 ) T:1 ( 1778.687 1778.687 1778.687 1778.687 1778.687 1778.687 )
1678.235: I:0 (   0.000   0.000   0.000 ) T:1 ( 1778.687 1778.687 1778.687 1778.687 1778.687 1778.687 )
1688.227: I:0 (   0.000   0.000   0.000 ) T:1 ( 1778.687 1778.687 1778.687 1778.687 1778.687 1778.687 )
1698.233: I:0 (   0.000   0.000   0.000 ) T:1 ( 1778.687 1778.687 1778.687 1778.687 1778.687 1778.687 )
1708.234: I:0 (   0.000   0.000   0.000 ) T:1 ( 1778.687 1778.687 1778.687 1778.687 1778.687 1778.687 )
1718.234: I:0 (   0.000   0.000   0.000 ) T:1 ( 1778.687 1778.687 1778.687 1778.687 1778.687 1778.687 )
1728.227: I:0 (   0.000   0.000   0.000 ) T:1 ( 1778.687 1778.687 1778.687 1778.687 1778.687 1778.687 )
1738.234: I:0 (   0.000   0.000   0.000 ) T:1 ( 1778.687 1778.687 1778.687 1778.687 1778.687 1778.687 )
1748.234: I:0 (   0.000   0.000   0.000 ) T:1 ( 1778.687 1778.687 1778.687 1778.687 1778.687 1778.687 )
1758.234: I:0 (   0.000   0.000   0.000 ) T:1 ( 1778.687 1778.687 1778.687 1778.687 1778.687 1778.687 )
1768.234: I:0 (   0.000   0.000   0.000 ) T:1 ( 1778.687 1778.687 1778.687 1778.687 1778.687 1778.687 )
1778.234: I:0 (   0.000   0.000   0.000 ) T:1 ( 1778.687 1778.687 1778.687 1778.687 1778.687 1778.687 )
1788.230: I:0 (   0.000   0.000   0.000 ) T:1 ( 1778.687 1778.687 1778.687 1778.687 1778.687 1778.687 )
1798.234: I:0 (   0.000   0.000   0.000 ) T:1 ( 1778.687 1778.687 1778.687 1778.687 1778.687 1778.687 )
1808.230: I:0 (   0.000   0.000   0.000 ) T:1 ( 1778.687 1778.687 1778.687 1778.687 1778.687 1778.687 )
1818.236: I:0 (   0.000   0.000   0.000 ) T:1 ( 1778.687 1778.687 1778.687 1778.687 1778.687 1778.687 )
1828.230: I:0 (   0.000   0.000   0.000 ) T:1 ( 1778.687 1778.687 1778.687 1778.687 1778.687 1778.687 )
1838.229: I:0 (   0.000   0.000   0.000 ) T:1 ( 1778.687 1778.687 1778.687 1778.687 1778.687 1778.687 )
1848.234: I:0 (   0.000   0.000   0.000 ) T:1 ( 1778.687 1778.687 1778.687 1778.687 1778.687 1778.687 )
1858.234: I:0 (   0.000   0.000   0.000 ) T:1 ( 1778.687 1778.687 1778.687 1778.687 1778.687 1778.687 )
1868.234: I:0 (   0.000   0.000   0.000 ) T:1 ( 1778.687 1778.687 1778.687 1778.687 1778.687 1778.687 )
1878.233: I:0 (   0.000   0.000   0.000 ) T:1 ( 1778.687 1778.687 1778.687 1778.687 1778.687 1778.687 )
1888.233: I:0 (   0.000   0.000   0.000 ) T:1 ( 1778.687 1778.687 1778.687 1778.687 1778.687 1778.687 )
1898.233: I:0 (   0.000   0.000   0.000 ) T:1 ( 1778.687 1778.687 1778.687 1778.687 1778.687 1778.687 )
1908.230: I:0 (   0.000   0.000   0.000 ) T:1 ( 1778.687 1778.687 1778.687 1778.687 1778.687 1778.687 )
1918.233: I:0 (   0.000   0.000   0.000 ) T:1 ( 1778.687 1778.687 1778.687 1778.687 1778.687 1778.687 )
1928.230: I:0 (   0.000   0.000   0.000 ) T:1 ( 1778.687 1778.687 1778.687 1778.687 1778.687 1778.687 )
1938.233: I:0 (   0.000   0.000   0.000 ) T:1 ( 1778.687 1778.687 1778.687 1778.687 1778.687 1778.687 )
1948.234: I:0 (   0.000   0.000   0.000 ) T:1 ( 1778.687 1778.687 1778.687 1778.687 1778.687 1778.687 )
1958.227: I:0 (   0.000   0.000   0.000 ) T:1 ( 1778.687 1778.687 1778.687 1778.687 1778.687 1778.687 )
1968.233: I:0 (   0.000   0.000   0.000 ) T:1 ( 1778.687 1778.687 1778.687 1778.687 1778.687 1778.687 )
1978.234: I:0 (   0.000   0.000   0.000 ) T:1 ( 1778.687 1778.687 1778.687 1778.687 1778.687 1778.687 )
1988.230: I:0 (   0.000   0.000   0.000 ) T:1 ( 1778.687 1778.687 1778.687 1778.687 1778.687 1778.687 )
1998.230: I:0 (   0.000   0.000   0.000 ) T:1 ( 1778.687 1778.687 1778.687 1778.687 1778.687 1778.687 )
2008.236: I:0 (   0.000   0.000   0.000 ) T:1 ( 1778.687 1778.687 1778.687 1778.687 1778.687 1778.687 )
2018.235: I:0 (   0.000   0.000   0.000 ) T:1 ( 1778.687 1778.687 1778.687 1778.687 1778.687 1778.687 )
2028.234: I:0 (   0.000   0.000   0.000 ) T:1 ( 1778.687 1778.687 1778.687 1778.687 1778.687 1778.687 )
2038.233: I:0 (   0.000   0.000   0.000 ) T:1 ( 1778.687 1778.687 1778.687 1778.687 1778.687 1778.687 )
2048.234: I:0 (   0.000   0.000   0.000 ) T:1 ( 1778.687 1778.687 1778.687 1778.687 1778.687 1778.687 )
2058.233: I:0 (   0.000   0.000   0.000 ) T:1 ( 1778.687 1778.687 1778.687 1778.687 1778.687 1778.687 )
2068.234: I:0 (   0.000   0.000   0.000 ) T:1 ( 1778.687 1778.687 1778.687 1778.687 1778.687 1778.687 )
2078.233: I:0 (   0.000   0.000   0.000 ) T:1 ( 1778.687 1778.687 1778.687 1778.687 1778.687 1778.687 )
2088.232: I:0 (   0.000   0.000   0.000 ) T:1 ( 1778.687 1778.687 1778.687 1778.687 1778.687 1778.687 )
2098.233: I:0 (   0.000   0.000   0.000 ) T:1 ( 1778.687 1778.687 1778.687 1778.687 1778.687 1778.687 )
2108.235: I:0 (   0.000   0.000   0.000 ) T:1 ( 1778.687 1778.687 1778.687 1778.687 1778.687 1778.687 )
2118.234: I:0 (   0.000   0.000   0.000 ) T:1 ( 1778.687 1778.687 1778.687 1778.687 1778.687 1778.687 )
2128.234: I:0 (   0.000   0.000   0.000 ) T:1 ( 1778.687 1778.687 1778.687 1778.687 1778.687 1778.687 )
2138.228: I:0 (   0.000   0.000   0.000 ) T:1 ( 1778.687 1778.687 1778.687 1778.687 1778.687 1778.687 )
2148.231: I:0 (   0.000   0.000   0.000 ) T:1 ( 1778.687 1778.687 1778.687 1778.687 1778.687 1778.687 )
2158.234: I:0 (   0.000   0.000   0.000 ) T:1 ( 1778.687 1778.687 1778.687 1778.687 1778.687 1778.687 )
2168.234: I:0 (   0.000   0.000   0.000 ) T:1 ( 1778.687 1778.687 1778.687 1778.687 1778.687 1778.687 )
2178.233: I:0 (   0.000   0.000   0.000 ) T:1 ( 1778.687 1778.687 1778.687 1778.687 1778.687 1778.687 )
2188.234: I:0 (   0.000   0.000   0.000 ) T:1 ( 1778.687 1778.687 1778.687 1778.687 1778.687 1778.687 )
2198.234: I:0 (   0.000   0.000   0.000 ) T:1 ( 1778.687 1778.687 1778.687 1778.687 1778.687 1778.687 )
2208.231: I:0 (   0.000   0.000   0.000 ) T:1 ( 1778.687 1778.687 1778.687 1778.687 1778.687 1778.687 )
2218.233: I:0 (   0.000   0.000   0.000 ) T:1 ( 1778.687 1778.687 1778.687 1778.687 1778.687 1778.687 )
2228.272: I:0 (   0.000   0.000   0.000 ) T:1 ( 1778.687 1778.687 1778.687 1778.687 1778.687 1778.687 )
2238.234: I:0 (   0.000   0.000   0.000 ) T:1 ( 1778.687 1778.687 1778.687 1778.687 1778.687 1778.687 )
2248.234: I:0 (   0.000   0.000   0.000 ) T:1 ( 1778.687 1778.687 1778.687 1778.687 1778.687 1778.687 )
2258.225: I:0 (   0.000   0.000   0.000 ) T:1 ( 1778.687 1778.687 1778.687 1778.687 1778.687 1778.687 )
2268.234: I:0 (   0.000   0.000   0.000 ) T:1 ( 1778.687 1778.687 1778.687 1778.687 1778.687 1778.687 )
2278.234: I:0 (   0.000   0.000   0.000 ) T:1 ( 1778.687 1778.687 1778.687 1778.687 1778.687 1778.687 )
2288.234: I:0 (   0.000   0.000   0.000 ) T:1 ( 1778.687 1778.687 1778.687 1778.687 1778.687 1778.687 )
2298.234: I:0 (   0.000   0.000   0.000 ) T:1 ( 1778.687 1778.687 1778.687 1778.687 1778.687 1778.687 )
2308.233: I:0 (   0.000   0.000   0.000 ) T:1 ( 1778.687 1778.687 1778.687 1778.687 1778.687 1778.687 )
2318.236: I:0 (   0.000   0.000   0.000 ) T:1 ( 1778.687 1778.687 1778.687 1778.687 1778.687 1778.687 )
2328.230: I:0 (   0.000   0.000   0.000 ) T:1 ( 1778.687 1778.687 1778.687 1778.687 1778.687 1778.687 )
2338.234: I:0 (   0.000   0.000   0.000 ) T:1 ( 1778.687 1778.687 1778.687 1778.687 1778.687 1778.687 )
2348.233: I:0 (   0.000   0.000   0.000 ) T:1 ( 1778.687 1778.687 1778.687 1778.687 1778.687 1778.687 )
2358.238: I:0 (   0.000   0.000   0.000 ) T:1 ( 1778.687 1778.687 1778.687 1778.687 1778.687 1778.687 )
2368.234: I:0 (   0.000   0.000   0.000 ) T:1 ( 1778.687 1778.687 1778.687 1778.687 1778.687 1778.687 )
2378.234: I:0 (   0.000   0.000   0.000 ) T:1 ( 1778.687 1778.687 1778.687 1778.687 1778.687 1778.687 )
2388.234: I:0 (   0.000   0.000   0.000 ) T:1 ( 1778.687 1778.687 1778.687 1778.687 1778.687 1778.687 )
2398.234: I:0 (   0.000   0.000   0.000 ) T:1 ( 1778.687 1778.687 1778.687 1778.687 1778.687 1778.687 )
2408.233: I:0 (   0.000   0.000   0.000 ) T:1 ( 1778.687 1778.687 1778.687 1778.687 1778.687 1778.687 )
2418.233: I:0 (   0.000   0.000   0.000 ) T:1 ( 1778.687 1778.687 1778.687 1778.687 1778.687 1778.687 )
2428.235: I:0 (   0.000   0.000   0.000 ) T:1 ( 1778.687 1778.687 1778.687 1778.687 1778.687 1778.687 )
2438.232: I:0 (   0.000   0.000   0.000 ) T:1 ( 1778.687 1778.687 1778.687 1778.687 1778.687 1778.687 )
2448.234: I:0 (   0.000   0.000   0.000 ) T:1 ( 1778.687 1778.687 1778.687 1778.687 1778.687 1778.687 )
2458.234: I:0 (   0.000   0.000   0.000 ) T:1 ( 1778.687 1778.687 1778.687 1778.687 1778.687 1778.687 )
2468.234: I:0 (   0.000   0.000   0.000 ) T:1 ( 1778.687 1778.687 1778.687 1778.687 1778.687 1778.687 )
2478.234: I:0 (   0.000   0.000   0.000 ) T:1 ( 1778.687 1778.687 1778.687 1778.687 1778.687 1778.687 )
2488.234: I:0 (   0.000   0.000   0.000 ) T:1 ( 1778.687 1778.687 1778.687 1778.687 1778.687 1778.687 )
2498.234: I:0 (   0.000   0.000   0.000 ) T:1 ( 1778.687 1778.687 1778.687 1778.687 1778.687 1778.687 )
2508.233: I:0 (   0.000   0.000   0.000 ) T:1 ( 1778.687 1778.687 1778.687 1778.687 1778.687 1778.687 )
2518.234: I:0 (   0.000   0.000   0.000 ) T:1 ( 1778.687 1778.687 1778.687 1778.687 1778.687 1778.687 )
2528.234: I:0 (   0.000   0.000   0.000 ) T:1 ( 1778.687 1778.687 1778.687 1778.687 1778.687 1778.687 )
2538.234: I:0 (   0.000   0.000   0.000 ) T:1 ( 1778.687 1778.687 1778.687 1778.687 1778.687 1778.687 )
2548.234: I:0 (   0.000   0.000   0.000 ) T:1 ( 1778.687 1778.687 1778.687 1778.687 1778.687 1778.687 )
2558.234: I:0 (   0.000   0.000   0.000 ) T:1 ( 1778.687 1778.687 1778.687 1778.687 1778.687 1778.687 )
2568.227: I:0 (   0.000   0.000   0.000 ) T:1 ( 1778.687 1778.687 1778.687 1778.687 1778.687 1778.687 )
2578.234: I:0 (   0.000   0.000   0.000 ) T:1 ( 1778.687 1778.687 1778.687 1778.687 1778.687 1778.687 )
2588.232: I:0 (   0.000   0.000   0.000 ) T:1 ( 1778.687 1778.687 1778.687 1778.687 1778.687 1778.687 )
2598.234: I:0 (   0.000   0.000   0.000 ) T:1 ( 1778.687 1778.687 1778.687 1778.687 1778.687 1778.687 )
2608.234: I:0 (   0.000   0.000   0.000 ) T:1 ( 1778.687 1778.687 1778.687 1778.687 1778.687 1778.687 )
2618.234: I:0 (   0.000   0.000   0.000 ) T:1 ( 1778.687 1778.687 1778.687 1778.687 1778.687 1778.687 )
2628.234: I:0 (   0.000   0.000   0.000 ) T:1 ( 1778.687 1778.687 1778.687 1778.687 1778.687 1778.687 )
2638.231: I:0 (   0.000   0.000   0.000 ) T:1 ( 1778.687 1778.687 1778.687 1778.687 1778.687 1778.687 )
2648.234: I:0 (   0.000   0.000   0.000 ) T:1 ( 1778.687 1778.687 1778.687 1778.687 1778.687 1778.687 )
2658.237: I:0 (   0.000   0.000   0.000 ) T:1 ( 1778.687 1778.687 1778.687 1778.687 1778.687 1778.687 )
2668.233: I:0 (   0.000   0.000   0.000 ) T:1 ( 1778.687 1778.687 1778.687 1778.687 1778.687 1778.687 )
2678.232: I:0 (   0.000   0.000   0.000 ) T:1 ( 1778.687 1778.687 1778.687 1778.687 1778.687 1778.687 )
2688.235: I:0 (   0.000   0.000   0.000 ) T:1 ( 1778.687 1778.687 1778.687 1778.687 1778.687 1778.687 )
2698.232: I:0 (   0.000   0.000   0.000 ) T:1 ( 1778.687 1778.687 1778.687 1778.687 1778.687 1778.687 )
2708.237: I:0 (   0.000   0.000   0.000 ) T:1 ( 1778.687 1778.687 1778.687 1778.687 1778.687 1778.687 )
2718.234: I:0 (   0.000   0.000   0.000 ) T:1 ( 1778.687 1778.687 1778.687 1778.687 1778.687 1778.687 )
2728.233: I:0 (   0.000   0.000   0.000 ) T:1 ( 1778.687 1778.687 1778.687 1778.687 1778.687 1778.687 )
2738.232: I:0 (   0.000   0.000   0.000 ) T:1 ( 1778.687 1778.687 1778.687 1778.687 1778.687 1778.687 )
2748.232: I:0 (   0.000   0.000   0.000 ) T:1 ( 1778.687 1778.687 1778.687 1778.687 1778.687 1778.687 )
2758.234: I:0 (   0.000   0.000   0.000 ) T:1 ( 1778.687 1778.687 1778.687 1778.687 1778.687 1778.687 )
2768.233: I:0 (   0.000   0.000   0.000 ) T:1 ( 1778.687 1778.687 1778.687 1778.687 1778.687 1778.687 )
2778.230: I:0 (   0.000   0.000   0.000 ) T:1 ( 1778.687 1778.687 1778.687 1778.687 1778.687 1778.687 )
2788.233: I:0 (   0.000   0.000   0.000 ) T:1 ( 1778.687 1778.687 1778.687 1778.687 1778.687 1778.687 )
2798.233: I:0 (   0.000   0.000   0.000 ) T:1 ( 1778.687 1778.687 1778.687 1778.687 1778.687 1778.687 )
2808.227: I:0 (   0.000   0.000   0.000 ) T:1 ( 1778.687 1778.687 1778.687 1778.687 1778.687 1778.687 )
2818.235: I:0 (   0.000   0.000   0.000 ) T:1 ( 1778.687 1778.687 1778.687 1778.687 1778.687 1778.687 )
2828.230: I:0 (   0.000   0.000   0.000 ) T:1 ( 1778.687 1778.687 1778.687 1778.687 1778.687 1778.687 )
2838.289: I:0 (   0.000   0.000   0.000 ) T:1 ( 1778.687 1778.687 1778.687 1778.687 1778.687 1778.687 )
2848.234: I:0 (   0.000   0.000   0.000 ) T:1 ( 1778.687 1778.687 1778.687 1778.687 1778.687 1778.687 )
2858.233: I:0 (   0.000   0.000   0.000 ) T:1 ( 1778.687 1778.687 1778.687 1778.687 1778.687 1778.687 )
2868.234: I:0 (   0.000   0.000   0.000 ) T:1 ( 1778.687 1778.687 1778.687 1778.687 1778.687 1778.687 )
2878.234: I:0 (   0.000   0.000   0.000 ) T:1 ( 1778.687 1778.687 1778.687 1778.687 1778.687 1778.687 )
2888.234: I:0 (   0.000   0.000   0.000 ) T:1 ( 1778.687 1778.687 1778.687 1778.687 1778.687 1778.687 )
2898.234: I:0 (   0.000   0.000   0.000 ) T:1 ( 1778.687 1778.687 1778.687 1778.687 1778.687 1778.687 )
2908.231: I:0 (   0.000   0.000   0.000 ) T:1 ( 1778.687 1778.687 1778.687 1778.687 1778.687 1778.687 )
2918.227: I:0 (   0.000   0.000   0.000 ) T:1 ( 1778.687 1778.687 1778.687 1778.687 1778.687 1778.687 )
2928.232: I:0 (   0.000   0.000   0.000 ) T:1 ( 1778.687 1778.687 1778.687 1778.687 1778.687 1778.687 )
2938.229: I:0 (   0.000   0.000   0.000 ) T:1 ( 1778.687 1778.687 1778.687 1778.687 1778.687 1778.687 )
2948.234: I:0 (   0.000   0.000   0.000 ) T:1 ( 1778.687 1778.687 1778.687 1778.687 1778.687 1778.687 )
2958.227: I:0 (   0.000   0.000   0.000 ) T:1 ( 1778.687 1778.687 1778.687 1778.687 1778.687 1778.687 )
2968.237: I:0 (   0.000   0.000   0.000 ) T:1 ( 1778.687 1778.687 1778.687 1778.687 1778.687 1778.687 )
2978.234: I:0 (   0.000   0.000   0.000 ) T:1 ( 1778.687 1778.687 1778.687 1778.687 1778.687 1778.687 )
2988.230: I:0 (   0.000   0.000   0.000 ) T:1 ( 1778.687 1778.687 1778.687 1778.687 1778.687 1778.687 )
2998.234: I:0 (   0.000   0.000   0.000 ) T:1 ( 1778.687 1778.687 1778.687 1778.687 1778.687 1778.687 )
3008.237: I:0 (   0.000   0.000   0.000 ) T:1 ( 1778.687 1778.687 1778.687 1778.687 1778.687 1778.687 )
3018.233: I:0 (   0.000   0.000   0.000 ) T:1 ( 1778.687 1778.687 1778.687 1778.687 1778.687 1778.687 )
3022.387: I:0 (   0.000   0.000   0.000 ) T:1 ( 1778.687 1778.687 1778.687 1778.687 1778.687 1778.687 )
3022.422: I:0 (   0.000   0.000   0.000 ) T:1 ( 1778.687 1778.687 1778.687 1778.687 1778.687 1778.687 )
