#[Interval percentile log between 0.000 and <Infinite> seconds (relative to StartTime)]
#[StartTime: 1524820709.732 (seconds since epoch), Fri Apr 27 11:18:29 CEST 2018]
Time: IntervalPercentiles:count ( 50% 90% Max ) TotalPercentiles:count ( 50% 90% 99% 99.9% 99.99% Max )
0.331: I:1 (   0.862   0.862   0.862 ) T:1 (   0.862   0.862   0.862   0.862   0.862   0.862 )
10.329: I:2 (   0.518   0.700   0.700 ) T:3 (   0.700   0.862   0.862   0.862   0.862   0.862 )
20.329: I:0 (   0.000   0.000   0.000 ) T:3 (   0.700   0.862   0.862   0.862   0.862   0.862 )
30.328: I:1 (   0.371   0.371   0.371 ) T:4 (   0.518   0.862   0.862   0.862   0.862   0.862 )
40.328: I:0 (   0.000   0.000   0.000 ) T:4 (   0.518   0.862   0.862   0.862   0.862   0.862 )
50.327: I:2 (   0.560   0.566   0.566 ) T:6 (   0.560   0.862   0.862   0.862   0.862   0.862 )
60.328: I:1 (   0.422   0.422   0.422 ) T:7 (   0.560   0.862   0.862   0.862   0.862   0.862 )
70.328: I:1 (   0.367   0.367   0.367 ) T:8 (   0.518   0.862   0.862   0.862   0.862   0.862 )
80.328: I:3 (   0.463   0.494   0.494 ) T:11 (   0.494   0.700   0.862   0.862   0.862   0.862 )
90.328: I:0 (   0.000   0.000   0.000 ) T:11 (   0.494   0.700   0.862   0.862   0.862   0.862 )
100.328: I:0 (   0.000   0.000   0.000 ) T:11 (   0.494   0.700   0.862   0.862   0.862   0.862 )
110.328: I:0 (   0.000   0.000   0.000 ) T:11 (   0.494   0.700   0.862   0.862   0.862   0.862 )
120.328: I:1 (   0.332   0.332   0.332 ) T:12 (   0.463   0.700   0.862   0.862   0.862   0.862 )
130.328: I:0 (   0.000   0.000   0.000 ) T:12 (   0.463   0.700   0.862   0.862   0.862   0.862 )
140.328: I:2 (   0.369   0.413   0.413 ) T:14 (   0.422   0.700   0.862   0.862   0.862   0.862 )
150.328: I:1 (   0.380   0.380   0.380 ) T:15 (   0.422   0.700   0.862   0.862   0.862   0.862 )
160.328: I:0 (   0.000   0.000   0.000 ) T:15 (   0.422   0.700   0.862   0.862   0.862   0.862 )
170.328: I:0 (   0.000   0.000   0.000 ) T:15 (   0.422   0.700   0.862   0.862   0.862   0.862 )
180.327: I:0 (   0.000   0.000   0.000 ) T:15 (   0.422   0.700   0.862   0.862   0.862   0.862 )
190.328: I:1 (   0.346   0.346   0.346 ) T:16 (   0.413   0.700   0.862   0.862   0.862   0.862 )
200.328: I:0 (   0.000   0.000   0.000 ) T:16 (   0.413   0.700   0.862   0.862   0.862   0.862 )
210.328: I:0 (   0.000   0.000   0.000 ) T:16 (   0.413   0.700   0.862   0.862   0.862   0.862 )
220.331: I:1 (   0.347   0.347   0.347 ) T:17 (   0.413   0.700   0.862   0.862   0.862   0.862 )
230.328: I:0 (   0.000   0.000   0.000 ) T:17 (   0.413   0.700   0.862   0.862   0.862   0.862 )
240.328: I:0 (   0.000   0.000   0.000 ) T:17 (   0.413   0.700   0.862   0.862   0.862   0.862 )
250.328: I:0 (   0.000   0.000   0.000 ) T:17 (   0.413   0.700   0.862   0.862   0.862   0.862 )
260.328: I:1 (   0.368   0.368   0.368 ) T:18 (   0.380   0.700   0.862   0.862   0.862   0.862 )
270.328: I:2 (   0.302   0.353   0.353 ) T:20 (   0.371   0.566   0.862   0.862   0.862   0.862 )
280.328: I:1 (   0.346   0.346   0.346 ) T:21 (   0.371   0.566   0.862   0.862   0.862   0.862 )
290.327: I:3 (   0.285   0.295   0.295 ) T:24 (   0.368   0.566   0.862   0.862   0.862   0.862 )
300.328: I:0 (   0.000   0.000   0.000 ) T:24 (   0.368   0.566   0.862   0.862   0.862   0.862 )
310.328: I:0 (   0.000   0.000   0.000 ) T:24 (   0.368   0.566   0.862   0.862   0.862   0.862 )
320.327: I:0 (   0.000   0.000   0.000 ) T:24 (   0.368   0.566   0.862   0.862   0.862   0.862 )
330.327: I:0 (   0.000   0.000   0.000 ) T:24 (   0.368   0.566   0.862   0.862   0.862   0.862 )
340.328: I:2 (   0.288   0.291   0.291 ) T:26 (   0.367   0.566   0.862   0.862   0.862   0.862 )
350.327: I:4 (   0.316   0.363   0.363 ) T:30 (   0.353   0.560   0.862   0.862   0.862   0.862 )
360.327: I:1 (   0.249   0.249   0.249 ) T:31 (   0.353   0.560   0.862   0.862   0.862   0.862 )
370.328: I:1 (   0.253   0.253   0.253 ) T:32 (   0.348   0.560   0.862   0.862   0.862   0.862 )
380.327: I:1 (   0.328   0.328   0.328 ) T:33 (   0.348   0.560   0.862   0.862   0.862   0.862 )
390.327: I:3 (   0.296   0.304   0.304 ) T:36 (   0.346   0.560   0.862   0.862   0.862   0.862 )
400.328: I:0 (   0.000   0.000   0.000 ) T:36 (   0.346   0.560   0.862   0.862   0.862   0.862 )
410.328: I:0 (   0.000   0.000   0.000 ) T:36 (   0.346   0.560   0.862   0.862   0.862   0.862 )
420.328: I:2 (   0.250   0.447   0.447 ) T:38 (   0.346   0.560   0.862   0.862   0.862   0.862 )
430.328: I:0 (   0.000   0.000   0.000 ) T:38 (   0.346   0.560   0.862   0.862   0.862   0.862 )
440.328: I:1 (   0.254   0.254   0.254 ) T:39 (   0.346   0.560   0.862   0.862   0.862   0.862 )
450.328: I:2 (   0.299   0.380   0.380 ) T:41 (   0.346   0.518   0.862   0.862   0.862   0.862 )
460.328: I:1 (   0.219   0.219   0.219 ) T:42 (   0.346   0.518   0.862   0.862   0.862   0.862 )
470.328: I:1 (   0.252   0.252   0.252 ) T:43 (   0.346   0.518   0.862   0.862   0.862   0.862 )
480.328: I:0 (   0.000   0.000   0.000 ) T:43 (   0.346   0.518   0.862   0.862   0.862   0.862 )
490.327: I:1 (   0.223   0.223   0.223 ) T:44 (   0.337   0.518   0.862   0.862   0.862   0.862 )
500.328: I:0 (   0.000   0.000   0.000 ) T:44 (   0.337   0.518   0.862   0.862   0.862   0.862 )
510.327: I:2 (   0.240   0.258   0.258 ) T:46 (   0.332   0.518   0.862   0.862   0.862   0.862 )
520.327: I:2 (   0.266   0.294   0.294 ) T:48 (   0.328   0.518   0.862   0.862   0.862   0.862 )
530.327: I:1 (   0.228   0.228   0.228 ) T:49 (   0.328   0.518   0.862   0.862   0.862   0.862 )
540.327: I:4 (   0.236   0.263   0.263 ) T:53 (   0.304   0.494   0.862   0.862   0.862   0.862 )
550.328: I:1 (   0.238   0.238   0.238 ) T:54 (   0.302   0.494   0.862   0.862   0.862   0.862 )
560.328: I:2 (   0.219   0.249   0.249 ) T:56 (   0.299   0.494   0.862   0.862   0.862   0.862 )
570.327: I:0 (   0.000   0.000   0.000 ) T:56 (   0.299   0.494   0.862   0.862   0.862   0.862 )
580.328: I:0 (   0.000   0.000   0.000 ) T:56 (   0.299   0.494   0.862   0.862   0.862   0.862 )
590.328: I:0 (   0.000   0.000   0.000 ) T:56 (   0.299   0.494   0.862   0.862   0.862   0.862 )
600.328: I:0 (   0.000   0.000   0.000 ) T:56 (   0.299   0.494   0.862   0.862   0.862   0.862 )
610.328: I:2 (   0.197   0.283   0.283 ) T:58 (   0.296   0.494   0.862   0.862   0.862   0.862 )
620.328: I:3 (   0.218   0.227   0.227 ) T:61 (   0.295   0.463   0.862   0.862   0.862   0.862 )
630.327: I:2 (   0.254   0.258   0.258 ) T:63 (   0.294   0.463   0.862   0.862   0.862   0.862 )
640.328: I:0 (   0.000   0.000   0.000 ) T:63 (   0.294   0.463   0.862   0.862   0.862   0.862 )
650.327: I:1 (   0.218   0.218   0.218 ) T:64 (   0.291   0.463   0.862   0.862   0.862   0.862 )
660.328: I:2 (   0.194   0.282   0.282 ) T:66 (   0.288   0.463   0.862   0.862   0.862   0.862 )
670.328: I:3 (   0.194   0.213   0.213 ) T:69 (   0.285   0.463   0.862   0.862   0.862   0.862 )
680.328: I:1 (   0.181   0.181   0.181 ) T:70 (   0.283   0.447   0.862   0.862   0.862   0.862 )
690.328: I:0 (   0.000   0.000   0.000 ) T:70 (   0.283   0.447   0.862   0.862   0.862   0.862 )
700.327: I:0 (   0.000   0.000   0.000 ) T:70 (   0.283   0.447   0.862   0.862   0.862   0.862 )
710.328: I:1 (   0.204   0.204   0.204 ) T:71 (   0.283   0.447   0.862   0.862   0.862   0.862 )
720.327: I:1 (   0.238   0.238   0.238 ) T:72 (   0.282   0.447   0.862   0.862   0.862   0.862 )
730.328: I:1 (   0.175   0.175   0.175 ) T:73 (   0.282   0.447   0.862   0.862   0.862   0.862 )
740.328: I:1 (   0.193   0.193   0.193 ) T:74 (   0.266   0.447   0.862   0.862   0.862   0.862 )
750.328: I:1 (   0.177   0.177   0.177 ) T:75 (   0.266   0.447   0.862   0.862   0.862   0.862 )
760.328: I:1 (   0.212   0.212   0.212 ) T:76 (   0.264   0.447   0.862   0.862   0.862   0.862 )
770.328: I:2 (   0.183   0.253   0.253 ) T:78 (   0.263   0.447   0.862   0.862   0.862   0.862 )
780.328: I:0 (   0.000   0.000   0.000 ) T:78 (   0.263   0.447   0.862   0.862   0.862   0.862 )
790.327: I:0 (   0.000   0.000   0.000 ) T:78 (   0.263   0.447   0.862   0.862   0.862   0.862 )
800.328: I:1 (   0.192   0.192   0.192 ) T:79 (   0.263   0.447   0.862   0.862   0.862   0.862 )
810.327: I:2 (   0.221   0.236   0.236 ) T:81 (   0.258   0.422   0.862   0.862   0.862   0.862 )
820.328: I:0 (   0.000   0.000   0.000 ) T:81 (   0.258   0.422   0.862   0.862   0.862   0.862 )
830.328: I:1 (   0.207   0.207   0.207 ) T:82 (   0.258   0.422   0.862   0.862   0.862   0.862 )
840.328: I:0 (   0.000   0.000   0.000 ) T:82 (   0.258   0.422   0.862   0.862   0.862   0.862 )
850.328: I:0 (   0.000   0.000   0.000 ) T:82 (   0.258   0.422   0.862   0.862   0.862   0.862 )
860.327: I:0 (   0.000   0.000   0.000 ) T:82 (   0.258   0.422   0.862   0.862   0.862   0.862 )
870.328: I:0 (   0.000   0.000   0.000 ) T:82 (   0.258   0.422   0.862   0.862   0.862   0.862 )
880.328: I:0 (   0.000   0.000   0.000 ) T:82 (   0.258   0.422   0.862   0.862   0.862   0.862 )
890.328: I:1 (   0.211   0.211   0.211 ) T:83 (   0.258   0.422   0.862   0.862   0.862   0.862 )
900.328: I:1 (   0.202   0.202   0.202 ) T:84 (   0.254   0.422   0.862   0.862   0.862   0.862 )
910.328: I:0 (   0.000   0.000   0.000 ) T:84 (   0.254   0.422   0.862   0.862   0.862   0.862 )
920.328: I:1 (   0.198   0.198   0.198 ) T:85 (   0.254   0.422   0.862   0.862   0.862   0.862 )
930.327: I:0 (   0.000   0.000   0.000 ) T:85 (   0.254   0.422   0.862   0.862   0.862   0.862 )
940.327: I:0 (   0.000   0.000   0.000 ) T:85 (   0.254   0.422   0.862   0.862   0.862   0.862 )
950.328: I:0 (   0.000   0.000   0.000 ) T:85 (   0.254   0.422   0.862   0.862   0.862   0.862 )
960.327: I:2 (   0.187   0.207   0.207 ) T:87 (   0.254   0.422   0.862   0.862   0.862   0.862 )
970.327: I:0 (   0.000   0.000   0.000 ) T:87 (   0.254   0.422   0.862   0.862   0.862   0.862 )
980.328: I:1 (   0.200   0.200   0.200 ) T:88 (   0.253   0.422   0.862   0.862   0.862   0.862 )
990.327: I:1 (   0.250   0.250   0.250 ) T:89 (   0.253   0.422   0.862   0.862   0.862   0.862 )
1000.328: I:1 (   0.175   0.175   0.175 ) T:90 (   0.253   0.413   0.862   0.862   0.862   0.862 )
1010.328: I:1 (   0.191   0.191   0.191 ) T:91 (   0.253   0.413   0.862   0.862   0.862   0.862 )
1020.328: I:0 (   0.000   0.000   0.000 ) T:91 (   0.253   0.413   0.862   0.862   0.862   0.862 )
1030.328: I:2 (   0.177   0.196   0.196 ) T:93 (   0.252   0.413   0.862   0.862   0.862   0.862 )
1040.331: I:0 (   0.000   0.000   0.000 ) T:93 (   0.252   0.413   0.862   0.862   0.862   0.862 )
1050.327: I:0 (   0.000   0.000   0.000 ) T:93 (   0.252   0.413   0.862   0.862   0.862   0.862 )
1060.327: I:1 (   0.209   0.209   0.209 ) T:94 (   0.252   0.413   0.862   0.862   0.862   0.862 )
1070.328: I:1 (   0.208   0.208   0.208 ) T:95 (   0.252   0.413   0.862   0.862   0.862   0.862 )
1080.328: I:1 (   0.187   0.187   0.187 ) T:96 (   0.250   0.413   0.862   0.862   0.862   0.862 )
1090.327: I:0 (   0.000   0.000   0.000 ) T:96 (   0.250   0.413   0.862   0.862   0.862   0.862 )
1100.327: I:2 (   0.180   0.229   0.229 ) T:98 (   0.250   0.413   0.862   0.862   0.862   0.862 )
1110.328: I:0 (   0.000   0.000   0.000 ) T:98 (   0.250   0.413   0.862   0.862   0.862   0.862 )
1120.328: I:1 (   0.189   0.189   0.189 ) T:99 (   0.250   0.413   0.862   0.862   0.862   0.862 )
1130.328: I:1 (   0.208   0.208   0.208 ) T:100 (   0.249   0.380   0.700   0.862   0.862   0.862 )
1140.328: I:0 (   0.000   0.000   0.000 ) T:100 (   0.249   0.380   0.700   0.862   0.862   0.862 )
1150.328: I:0 (   0.000   0.000   0.000 ) T:100 (   0.249   0.380   0.700   0.862   0.862   0.862 )
1160.328: I:2 (   0.191   0.217   0.217 ) T:102 (   0.249   0.380   0.700   0.862   0.862   0.862 )
1170.327: I:0 (   0.000   0.000   0.000 ) T:102 (   0.249   0.380   0.700   0.862   0.862   0.862 )
1180.328: I:3 (   0.194   0.226   0.226 ) T:105 (   0.240   0.380   0.700   0.862   0.862   0.862 )
1190.327: I:1 (   0.206   0.206   0.206 ) T:106 (   0.239   0.380   0.700   0.862   0.862   0.862 )
1200.328: I:0 (   0.000   0.000   0.000 ) T:106 (   0.239   0.380   0.700   0.862   0.862   0.862 )
1210.328: I:2 (   0.184   0.240   0.240 ) T:108 (   0.239   0.380   0.700   0.862   0.862   0.862 )
1220.327: I:0 (   0.000   0.000   0.000 ) T:108 (   0.239   0.380   0.700   0.862   0.862   0.862 )
1230.327: I:5 (   0.201   0.237   0.237 ) T:113 (   0.238   0.380   0.700   0.862   0.862   0.862 )
1240.328: I:1 (   0.143   0.143   0.143 ) T:114 (   0.237   0.380   0.700   0.862   0.862   0.862 )
1250.327: I:1 (   0.131   0.131   0.131 ) T:115 (   0.237   0.380   0.700   0.862   0.862   0.862 )
1260.328: I:2 (   0.185   0.281   0.281 ) T:117 (   0.237   0.380   0.700   0.862   0.862   0.862 )
1270.328: I:1 (   0.190   0.190   0.190 ) T:118 (   0.236   0.380   0.700   0.862   0.862   0.862 )
1280.328: I:2 (   0.183   0.193   0.193 ) T:120 (   0.236   0.371   0.700   0.862   0.862   0.862 )
1290.327: I:2 (   0.197   0.235   0.235 ) T:122 (   0.235   0.371   0.700   0.862   0.862   0.862 )
1300.328: I:0 (   0.000   0.000   0.000 ) T:122 (   0.235   0.371   0.700   0.862   0.862   0.862 )
1310.328: I:0 (   0.000   0.000   0.000 ) T:122 (   0.235   0.371   0.700   0.862   0.862   0.862 )
1320.328: I:0 (   0.000   0.000   0.000 ) T:122 (   0.235   0.371   0.700   0.862   0.862   0.862 )
1330.328: I:0 (   0.000   0.000   0.000 ) T:122 (   0.235   0.371   0.700   0.862   0.862   0.862 )
1340.328: I:3 (   0.197   0.228   0.228 ) T:125 (   0.229   0.371   0.700   0.862   0.862   0.862 )
1350.328: I:1 (   0.202   0.202   0.202 ) T:126 (   0.228   0.371   0.700   0.862   0.862   0.862 )
1360.328: I:1 (   0.203   0.203   0.203 ) T:127 (   0.228   0.371   0.700   0.862   0.862   0.862 )
1370.328: I:2 (   0.224   0.246   0.246 ) T:129 (   0.228   0.371   0.700   0.862   0.862   0.862 )
1380.327: I:2 (   0.142   0.216   0.216 ) T:131 (   0.228   0.369   0.700   0.862   0.862   0.862 )
1390.327: I:1 (   0.195   0.195   0.195 ) T:132 (   0.227   0.369   0.700   0.862   0.862   0.862 )
1400.328: I:1 (   0.181   0.181   0.181 ) T:133 (   0.227   0.369   0.700   0.862   0.862   0.862 )
1410.327: I:2 (   0.179   0.220   0.220 ) T:135 (   0.226   0.369   0.700   0.862   0.862   0.862 )
1420.327: I:0 (   0.000   0.000   0.000 ) T:135 (   0.226   0.369   0.700   0.862   0.862   0.862 )
1430.328: I:1 (   0.202   0.202   0.202 ) T:136 (   0.224   0.369   0.700   0.862   0.862   0.862 )
1440.328: I:4 (   0.183   0.199   0.199 ) T:140 (   0.221   0.368   0.700   0.862   0.862   0.862 )
1450.328: I:2 (   0.187   0.189   0.189 ) T:142 (   0.220   0.368   0.700   0.862   0.862   0.862 )
1460.328: I:1 (   0.216   0.216   0.216 ) T:143 (   0.220   0.368   0.700   0.862   0.862   0.862 )
1470.327: I:0 (   0.000   0.000   0.000 ) T:143 (   0.220   0.368   0.700   0.862   0.862   0.862 )
1480.328: I:3 (   0.215   0.257   0.257 ) T:146 (   0.220   0.368   0.700   0.862   0.862   0.862 )
1490.328: I:0 (   0.000   0.000   0.000 ) T:146 (   0.220   0.368   0.700   0.862   0.862   0.862 )
1500.328: I:0 (   0.000   0.000   0.000 ) T:146 (   0.220   0.368   0.700   0.862   0.862   0.862 )
1510.328: I:1 (   0.222   0.222   0.222 ) T:147 (   0.220   0.368   0.700   0.862   0.862   0.862 )
1520.328: I:1 (   0.162   0.162   0.162 ) T:148 (   0.220   0.368   0.700   0.862   0.862   0.862 )
1530.328: I:1 (   0.207   0.207   0.207 ) T:149 (   0.220   0.368   0.700   0.862   0.862   0.862 )
1540.328: I:1 (   0.228   0.228   0.228 ) T:150 (   0.220   0.367   0.700   0.862   0.862   0.862 )
1550.328: I:0 (   0.000   0.000   0.000 ) T:150 (   0.220   0.367   0.700   0.862   0.862   0.862 )
1560.328: I:0 (   0.000   0.000   0.000 ) T:150 (   0.220   0.367   0.700   0.862   0.862   0.862 )
1570.328: I:0 (   0.000   0.000   0.000 ) T:150 (   0.220   0.367   0.700   0.862   0.862   0.862 )
1580.327: I:0 (   0.000   0.000   0.000 ) T:150 (   0.220   0.367   0.700   0.862   0.862   0.862 )
1590.327: I:1 (   0.198   0.198   0.198 ) T:151 (   0.220   0.367   0.700   0.862   0.862   0.862 )
1600.327: I:0 (   0.000   0.000   0.000 ) T:151 (   0.220   0.367   0.700   0.862   0.862   0.862 )
1610.331: I:2 (   0.188   0.227   0.227 ) T:153 (   0.220   0.367   0.700   0.862   0.862   0.862 )
1620.328: I:1 (   0.228   0.228   0.228 ) T:154 (   0.220   0.367   0.700   0.862   0.862   0.862 )
1630.328: I:1 (   0.184   0.184   0.184 ) T:155 (   0.220   0.367   0.700   0.862   0.862   0.862 )
1640.328: I:2 (   0.189   0.200   0.200 ) T:157 (   0.219   0.367   0.700   0.862   0.862   0.862 )
1650.327: I:0 (   0.000   0.000   0.000 ) T:157 (   0.219   0.367   0.700   0.862   0.862   0.862 )
1660.328: I:0 (   0.000   0.000   0.000 ) T:157 (   0.219   0.367   0.700   0.862   0.862   0.862 )
1670.327: I:0 (   0.000   0.000   0.000 ) T:157 (   0.219   0.367   0.700   0.862   0.862   0.862 )
1680.328: I:0 (   0.000   0.000   0.000 ) T:157 (   0.219   0.367   0.700   0.862   0.862   0.862 )
1690.327: I:0 (   0.000   0.000   0.000 ) T:157 (   0.219   0.367   0.700   0.862   0.862   0.862 )
1700.328: I:1 (   0.194   0.194   0.194 ) T:158 (   0.219   0.367   0.700   0.862   0.862   0.862 )
1710.327: I:1 (   0.206   0.206   0.206 ) T:159 (   0.219   0.367   0.700   0.862   0.862   0.862 )
1720.328: I:0 (   0.000   0.000   0.000 ) T:159 (   0.219   0.367   0.700   0.862   0.862   0.862 )
1730.328: I:0 (   0.000   0.000   0.000 ) T:159 (   0.219   0.367   0.700   0.862   0.862   0.862 )
1740.327: I:0 (   0.000   0.000   0.000 ) T:159 (   0.219   0.367   0.700   0.862   0.862   0.862 )
1750.328: I:2 (   0.194   0.204   0.204 ) T:161 (   0.218   0.363   0.700   0.862   0.862   0.862 )
1760.328: I:2 (   0.125   0.206   0.206 ) T:163 (   0.218   0.363   0.700   0.862   0.862   0.862 )
1770.327: I:1 (   0.159   0.159   0.159 ) T:164 (   0.217   0.363   0.700   0.862   0.862   0.862 )
1780.328: I:1 (   0.221   0.221   0.221 ) T:165 (   0.218   0.363   0.700   0.862   0.862   0.862 )
1790.327: I:1 (   0.187   0.187   0.187 ) T:166 (   0.217   0.363   0.700   0.862   0.862   0.862 )
1800.331: I:3 (   0.174   0.285   0.285 ) T:169 (   0.217   0.363   0.700   0.862   0.862   0.862 )
1810.327: I:0 (   0.000   0.000   0.000 ) T:169 (   0.217   0.363   0.700   0.862   0.862   0.862 )
1820.328: I:1 (   0.205   0.205   0.205 ) T:170 (   0.216   0.353   0.700   0.862   0.862   0.862 )
1830.327: I:0 (   0.000   0.000   0.000 ) T:170 (   0.216   0.353   0.700   0.862   0.862   0.862 )
1840.328: I:0 (   0.000   0.000   0.000 ) T:170 (   0.216   0.353   0.700   0.862   0.862   0.862 )
1850.327: I:2 (   0.198   0.267   0.267 ) T:172 (   0.216   0.353   0.700   0.862   0.862   0.862 )
1860.328: I:1 (   0.197   0.197   0.197 ) T:173 (   0.216   0.353   0.700   0.862   0.862   0.862 )
1870.328: I:0 (   0.000   0.000   0.000 ) T:173 (   0.216   0.353   0.700   0.862   0.862   0.862 )
1880.328: I:4 (   0.175   0.198   0.198 ) T:177 (   0.215   0.353   0.700   0.862   0.862   0.862 )
1890.327: I:1 (   0.188   0.188   0.188 ) T:178 (   0.213   0.353   0.700   0.862   0.862   0.862 )
1900.328: I:1 (   0.187   0.187   0.187 ) T:179 (   0.213   0.353   0.700   0.862   0.862   0.862 )
1910.328: I:2 (   0.161   0.200   0.200 ) T:181 (   0.212   0.348   0.700   0.862   0.862   0.862 )
1920.328: I:1 (   0.209   0.209   0.209 ) T:182 (   0.211   0.348   0.700   0.862   0.862   0.862 )
1930.327: I:0 (   0.000   0.000   0.000 ) T:182 (   0.211   0.348   0.700   0.862   0.862   0.862 )
1940.327: I:0 (   0.000   0.000   0.000 ) T:182 (   0.211   0.348   0.700   0.862   0.862   0.862 )
1950.327: I:0 (   0.000   0.000   0.000 ) T:182 (   0.211   0.348   0.700   0.862   0.862   0.862 )
1960.328: I:0 (   0.000   0.000   0.000 ) T:182 (   0.211   0.348   0.700   0.862   0.862   0.862 )
1970.327: I:0 (   0.000   0.000   0.000 ) T:182 (   0.211   0.348   0.700   0.862   0.862   0.862 )
1980.327: I:1 (   0.200   0.200   0.200 ) T:183 (   0.211   0.348   0.700   0.862   0.862   0.862 )
1990.328: I:1 (   0.181   0.181   0.181 ) T:184 (   0.209   0.348   0.700   0.862   0.862   0.862 )
2000.328: I:0 (   0.000   0.000   0.000 ) T:184 (   0.209   0.348   0.700   0.862   0.862   0.862 )
2010.327: I:0 (   0.000   0.000   0.000 ) T:184 (   0.209   0.348   0.700   0.862   0.862   0.862 )
2020.327: I:0 (   0.000   0.000   0.000 ) T:184 (   0.209   0.348   0.700   0.862   0.862   0.862 )
2030.328: I:1 (   0.220   0.220   0.220 ) T:185 (   0.211   0.348   0.700   0.862   0.862   0.862 )
2040.327: I:3 (   0.214   0.224   0.224 ) T:188 (   0.211   0.348   0.700   0.862   0.862   0.862 )
2050.328: I:1 (   0.197   0.197   0.197 ) T:189 (   0.211   0.348   0.700   0.862   0.862   0.862 )
2060.327: I:1 (   0.176   0.176   0.176 ) T:190 (   0.209   0.347   0.700   0.862   0.862   0.862 )
2070.327: I:2 (   0.110   0.184   0.184 ) T:192 (   0.209   0.347   0.700   0.862   0.862   0.862 )
2080.328: I:1 (   0.217   0.217   0.217 ) T:193 (   0.209   0.347   0.700   0.862   0.862   0.862 )
2090.327: I:0 (   0.000   0.000   0.000 ) T:193 (   0.209   0.347   0.700   0.862   0.862   0.862 )
2100.327: I:0 (   0.000   0.000   0.000 ) T:193 (   0.209   0.347   0.700   0.862   0.862   0.862 )
2110.328: I:0 (   0.000   0.000   0.000 ) T:193 (   0.209   0.347   0.700   0.862   0.862   0.862 )
2120.327: I:0 (   0.000   0.000   0.000 ) T:193 (   0.209   0.347   0.700   0.862   0.862   0.862 )
2130.327: I:1 (   0.202   0.202   0.202 ) T:194 (   0.209   0.347   0.700   0.862   0.862   0.862 )
2140.328: I:1 (   0.158   0.158   0.158 ) T:195 (   0.209   0.347   0.700   0.862   0.862   0.862 )
2150.328: I:2 (   0.194   0.218   0.218 ) T:197 (   0.209   0.347   0.700   0.862   0.862   0.862 )
2160.327: I:0 (   0.000   0.000   0.000 ) T:197 (   0.209   0.347   0.700   0.862   0.862   0.862 )
2170.327: I:2 (   0.191   0.193   0.193 ) T:199 (   0.209   0.347   0.700   0.862   0.862   0.862 )
2180.327: I:0 (   0.000   0.000   0.000 ) T:199 (   0.209   0.347   0.700   0.862   0.862   0.862 )
2190.328: I:1 (   0.195   0.195   0.195 ) T:200 (   0.208   0.346   0.566   0.862   0.862   0.862 )
2200.328: I:0 (   0.000   0.000   0.000 ) T:200 (   0.208   0.346   0.566   0.862   0.862   0.862 )
2210.327: I:2 (   0.198   0.205   0.205 ) T:202 (   0.208   0.346   0.566   0.862   0.862   0.862 )
2220.328: I:1 (   0.192   0.192   0.192 ) T:203 (   0.208   0.346   0.566   0.862   0.862   0.862 )
2230.328: I:0 (   0.000   0.000   0.000 ) T:203 (   0.208   0.346   0.566   0.862   0.862   0.862 )
2240.327: I:1 (   0.194   0.194   0.194 ) T:204 (   0.207   0.346   0.566   0.862   0.862   0.862 )
2250.327: I:1 (   0.183   0.183   0.183 ) T:205 (   0.207   0.346   0.566   0.862   0.862   0.862 )
2260.328: I:0 (   0.000   0.000   0.000 ) T:205 (   0.207   0.346   0.566   0.862   0.862   0.862 )
2270.328: I:0 (   0.000   0.000   0.000 ) T:205 (   0.207   0.346   0.566   0.862   0.862   0.862 )
2280.327: I:0 (   0.000   0.000   0.000 ) T:205 (   0.207   0.346   0.566   0.862   0.862   0.862 )
2290.327: I:0 (   0.000   0.000   0.000 ) T:205 (   0.207   0.346   0.566   0.862   0.862   0.862 )
2300.328: I:0 (   0.000   0.000   0.000 ) T:205 (   0.207   0.346   0.566   0.862   0.862   0.862 )
2310.327: I:0 (   0.000   0.000   0.000 ) T:205 (   0.207   0.346   0.566   0.862   0.862   0.862 )
2320.328: I:0 (   0.000   0.000   0.000 ) T:205 (   0.207   0.346   0.566   0.862   0.862   0.862 )
2330.327: I:1 (   0.343   0.343   0.343 ) T:206 (   0.207   0.346   0.566   0.862   0.862   0.862 )
2340.328: I:2 (   0.195   0.209   0.209 ) T:208 (   0.207   0.346   0.566   0.862   0.862   0.862 )
2350.327: I:2 (   0.107   0.167   0.167 ) T:210 (   0.207   0.346   0.566   0.862   0.862   0.862 )
2360.328: I:1 (   0.172   0.172   0.172 ) T:211 (   0.207   0.346   0.566   0.862   0.862   0.862 )
2370.328: I:1 (   0.175   0.175   0.175 ) T:212 (   0.207   0.346   0.566   0.862   0.862   0.862 )
2380.328: I:0 (   0.000   0.000   0.000 ) T:212 (   0.207   0.346   0.566   0.862   0.862   0.862 )
2390.328: I:0 (   0.000   0.000   0.000 ) T:212 (   0.207   0.346   0.566   0.862   0.862   0.862 )
2400.327: I:0 (   0.000   0.000   0.000 ) T:212 (   0.207   0.346   0.566   0.862   0.862   0.862 )
2410.328: I:1 (   0.141   0.141   0.141 ) T:213 (   0.207   0.346   0.566   0.862   0.862   0.862 )
2420.328: I:1 (   0.196   0.196   0.196 ) T:214 (   0.206   0.346   0.566   0.862   0.862   0.862 )
2430.328: I:2 (   0.179   0.220   0.220 ) T:216 (   0.206   0.346   0.566   0.862   0.862   0.862 )
2440.327: I:0 (   0.000   0.000   0.000 ) T:216 (   0.206   0.346   0.566   0.862   0.862   0.862 )
2450.327: I:2 (   0.185   0.198   0.198 ) T:218 (   0.206   0.346   0.566   0.862   0.862   0.862 )
2460.328: I:0 (   0.000   0.000   0.000 ) T:218 (   0.206   0.346   0.566   0.862   0.862   0.862 )
2470.327: I:0 (   0.000   0.000   0.000 ) T:218 (   0.206   0.346   0.566   0.862   0.862   0.862 )
2480.328: I:0 (   0.000   0.000   0.000 ) T:218 (   0.206   0.346   0.566   0.862   0.862   0.862 )
2490.327: I:0 (   0.000   0.000   0.000 ) T:218 (   0.206   0.346   0.566   0.862   0.862   0.862 )
2500.328: I:0 (   0.000   0.000   0.000 ) T:218 (   0.206   0.346   0.566   0.862   0.862   0.862 )
2510.328: I:0 (   0.000   0.000   0.000 ) T:218 (   0.206   0.346   0.566   0.862   0.862   0.862 )
2520.327: I:0 (   0.000   0.000   0.000 ) T:218 (   0.206   0.346   0.566   0.862   0.862   0.862 )
2530.328: I:2 (   0.188   0.192   0.192 ) T:220 (   0.206   0.343   0.566   0.862   0.862   0.862 )
2540.327: I:1 (   0.201   0.201   0.201 ) T:221 (   0.206   0.343   0.566   0.862   0.862   0.862 )
2550.327: I:1 (   0.193   0.193   0.193 ) T:222 (   0.205   0.343   0.566   0.862   0.862   0.862 )
2560.327: I:2 (   0.190   0.238   0.238 ) T:224 (   0.205   0.343   0.566   0.862   0.862   0.862 )
2570.327: I:2 (   0.181   0.204   0.204 ) T:226 (   0.205   0.343   0.566   0.862   0.862   0.862 )
2580.328: I:0 (   0.000   0.000   0.000 ) T:226 (   0.205   0.343   0.566   0.862   0.862   0.862 )
2590.328: I:1 (   0.209   0.209   0.209 ) T:227 (   0.205   0.343   0.566   0.862   0.862   0.862 )
2600.327: I:1 (   0.207   0.207   0.207 ) T:228 (   0.205   0.343   0.566   0.862   0.862   0.862 )
2610.327: I:0 (   0.000   0.000   0.000 ) T:228 (   0.205   0.343   0.566   0.862   0.862   0.862 )
2620.327: I:1 (   0.201   0.201   0.201 ) T:229 (   0.205   0.343   0.566   0.862   0.862   0.862 )
2630.327: I:0 (   0.000   0.000   0.000 ) T:229 (   0.205   0.343   0.566   0.862   0.862   0.862 )
2640.327: I:1 (   0.241   0.241   0.241 ) T:230 (   0.205   0.337   0.566   0.862   0.862   0.862 )
2650.327: I:1 (   0.196   0.196   0.196 ) T:231 (   0.205   0.337   0.566   0.862   0.862   0.862 )
2660.327: I:1 (   0.183   0.183   0.183 ) T:232 (   0.205   0.337   0.566   0.862   0.862   0.862 )
2670.327: I:0 (   0.000   0.000   0.000 ) T:232 (   0.205   0.337   0.566   0.862   0.862   0.862 )
2680.328: I:3 (   0.190   0.192   0.192 ) T:235 (   0.204   0.337   0.566   0.862   0.862   0.862 )
2690.328: I:1 (   0.197   0.197   0.197 ) T:236 (   0.204   0.337   0.566   0.862   0.862   0.862 )
2700.327: I:0 (   0.000   0.000   0.000 ) T:236 (   0.204   0.337   0.566   0.862   0.862   0.862 )
2710.327: I:2 (   0.176   0.192   0.192 ) T:238 (   0.204   0.337   0.566   0.862   0.862   0.862 )
2720.327: I:0 (   0.000   0.000   0.000 ) T:238 (   0.204   0.337   0.566   0.862   0.862   0.862 )
2730.327: I:2 (   0.182   0.202   0.202 ) T:240 (   0.203   0.332   0.566   0.862   0.862   0.862 )
2740.327: I:0 (   0.000   0.000   0.000 ) T:240 (   0.203   0.332   0.566   0.862   0.862   0.862 )
2750.328: I:4 (   0.183   0.191   0.191 ) T:244 (   0.202   0.332   0.566   0.862   0.862   0.862 )
2760.327: I:1 (   0.249   0.249   0.249 ) T:245 (   0.202   0.332   0.566   0.862   0.862   0.862 )
2770.327: I:2 (   0.124   0.233   0.233 ) T:247 (   0.202   0.332   0.566   0.862   0.862   0.862 )
2780.327: I:0 (   0.000   0.000   0.000 ) T:247 (   0.202   0.332   0.566   0.862   0.862   0.862 )
2790.327: I:0 (   0.000   0.000   0.000 ) T:247 (   0.202   0.332   0.566   0.862   0.862   0.862 )
2800.328: I:2 (   0.117   0.216   0.216 ) T:249 (   0.202   0.332   0.566   0.862   0.862   0.862 )
2810.327: I:0 (   0.000   0.000   0.000 ) T:249 (   0.202   0.332   0.566   0.862   0.862   0.862 )
2820.387: I:0 (   0.000   0.000   0.000 ) T:249 (   0.202   0.332   0.566   0.862   0.862   0.862 )
2830.328: I:1 (   0.207   0.207   0.207 ) T:250 (   0.202   0.328   0.566   0.862   0.862   0.862 )
2840.328: I:1 (   0.231   0.231   0.231 ) T:251 (   0.203   0.328   0.566   0.862   0.862   0.862 )
2850.327: I:1 (   0.145   0.145   0.145 ) T:252 (   0.202   0.328   0.566   0.862   0.862   0.862 )
2860.327: I:2 (   0.149   0.172   0.172 ) T:254 (   0.202   0.328   0.566   0.862   0.862   0.862 )
2870.327: I:1 (   0.172   0.172   0.172 ) T:255 (   0.202   0.328   0.566   0.862   0.862   0.862 )
2880.327: I:0 (   0.000   0.000   0.000 ) T:255 (   0.202   0.328   0.566   0.862   0.862   0.862 )
2890.327: I:1 (   0.227   0.227   0.227 ) T:256 (   0.202   0.328   0.566   0.862   0.862   0.862 )
2900.327: I:1 (   0.403   0.403   0.403 ) T:257 (   0.202   0.332   0.566   0.862   0.862   0.862 )
2910.327: I:2 (   0.153   0.191   0.191 ) T:259 (   0.202   0.332   0.566   0.862   0.862   0.862 )
2920.327: I:0 (   0.000   0.000   0.000 ) T:259 (   0.202   0.332   0.566   0.862   0.862   0.862 )
2930.327: I:2 (   0.173   0.198   0.198 ) T:261 (   0.202   0.328   0.566   0.862   0.862   0.862 )
2940.327: I:0 (   0.000   0.000   0.000 ) T:261 (   0.202   0.328   0.566   0.862   0.862   0.862 )
2950.327: I:1 (   0.168   0.168   0.168 ) T:262 (   0.202   0.328   0.566   0.862   0.862   0.862 )
2960.327: I:0 (   0.000   0.000   0.000 ) T:262 (   0.202   0.328   0.566   0.862   0.862   0.862 )
2970.327: I:0 (   0.000   0.000   0.000 ) T:262 (   0.202   0.328   0.566   0.862   0.862   0.862 )
2980.327: I:0 (   0.000   0.000   0.000 ) T:262 (   0.202   0.328   0.566   0.862   0.862   0.862 )
2990.327: I:1 (   0.217   0.217   0.217 ) T:263 (   0.202   0.328   0.566   0.862   0.862   0.862 )
3000.327: I:2 (   0.196   0.251   0.251 ) T:265 (   0.202   0.328   0.566   0.862   0.862   0.862 )
3004.484: I:0 (   0.000   0.000   0.000 ) T:265 (   0.202   0.328   0.566   0.862   0.862   0.862 )
3004.506: I:0 (   0.000   0.000   0.000 ) T:265 (   0.202   0.328   0.566   0.862   0.862   0.862 )
