#[Interval percentile log between 0.000 and <Infinite> seconds (relative to StartTime)]
#[StartTime: 1524820690.093 (seconds since epoch), Fri Apr 27 11:18:10 CEST 2018]
Time: IntervalPercentiles:count ( 50% 90% Max ) TotalPercentiles:count ( 50% 90% 99% 99.9% 99.99% Max )
9.981: I:1 (   0.001   0.001   0.001 ) T:1 (   0.001   0.001   0.001   0.001   0.001   0.001 )
19.967: I:1 (   0.001   0.001   0.001 ) T:2 (   0.001   0.001   0.001   0.001   0.001   0.001 )
29.967: I:1 (   0.001   0.001   0.001 ) T:3 (   0.001   0.001   0.001   0.001   0.001   0.001 )
39.967: I:1 (   0.001   0.001   0.001 ) T:4 (   0.001   0.001   0.001   0.001   0.001   0.001 )
49.966: I:1 (   0.001   0.001   0.001 ) T:5 (   0.001   0.001   0.001   0.001   0.001   0.001 )
59.966: I:1 (   0.001   0.001   0.001 ) T:6 (   0.001   0.001   0.001   0.001   0.001   0.001 )
69.966: I:1 (   0.001   0.001   0.001 ) T:7 (   0.001   0.001   0.001   0.001   0.001   0.001 )
79.966: I:1 (   0.001   0.001   0.001 ) T:8 (   0.001   0.001   0.001   0.001   0.001   0.001 )
89.966: I:1 (   0.002   0.002   0.002 ) T:9 (   0.001   0.002   0.002   0.002   0.002   0.002 )
99.966: I:1 (   0.002   0.002   0.002 ) T:10 (   0.001   0.002   0.002   0.002   0.002   0.002 )
109.966: I:1 (   0.002   0.002   0.002 ) T:11 (   0.001   0.002   0.002   0.002   0.002   0.002 )
119.966: I:1 (   0.002   0.002   0.002 ) T:12 (   0.001   0.002   0.002   0.002   0.002   0.002 )
129.966: I:1 (   0.002   0.002   0.002 ) T:13 (   0.001   0.002   0.002   0.002   0.002   0.002 )
139.966: I:1 (   0.002   0.002   0.002 ) T:14 (   0.001   0.002   0.002   0.002   0.002   0.002 )
149.966: I:1 (   0.002   0.002   0.002 ) T:15 (   0.001   0.002   0.002   0.002   0.002   0.002 )
159.966: I:1 (   0.002   0.002   0.002 ) T:16 (   0.001   0.002   0.002   0.002   0.002   0.002 )
169.966: I:1 (   0.002   0.002   0.002 ) T:17 (   0.002   0.002   0.002   0.002   0.002   0.002 )
179.966: I:1 (   0.002   0.002   0.002 ) T:18 (   0.002   0.002   0.002   0.002   0.002   0.002 )
189.966: I:1 (   0.002   0.002   0.002 ) T:19 (   0.002   0.002   0.002   0.002   0.002   0.002 )
199.966: I:1 (   0.002   0.002   0.002 ) T:20 (   0.002   0.002   0.002   0.002   0.002   0.002 )
209.966: I:1 (   0.002   0.002   0.002 ) T:21 (   0.002   0.002   0.002   0.002   0.002   0.002 )
219.966: I:1 (   0.002   0.002   0.002 ) T:22 (   0.002   0.002   0.002   0.002   0.002   0.002 )
229.966: I:1 (   0.002   0.002   0.002 ) T:23 (   0.002   0.002   0.002   0.002   0.002   0.002 )
239.969: I:1 (   0.002   0.002   0.002 ) T:24 (   0.002   0.002   0.002   0.002   0.002   0.002 )
249.966: I:1 (   0.002   0.002   0.002 ) T:25 (   0.002   0.002   0.002   0.002   0.002   0.002 )
259.966: I:1 (   0.001   0.001   0.001 ) T:26 (   0.002   0.002   0.002   0.002   0.002   0.002 )
269.966: I:1 (   0.001   0.001   0.001 ) T:27 (   0.002   0.002   0.002   0.002   0.002   0.002 )
279.966: I:1 (   0.001   0.001   0.001 ) T:28 (   0.002   0.002   0.002   0.002   0.002   0.002 )
289.966: I:1 (   0.001   0.001   0.001 ) T:29 (   0.002   0.002   0.002   0.002   0.002   0.002 )
299.966: I:1 (   0.001   0.001   0.001 ) T:30 (   0.002   0.002   0.002   0.002   0.002   0.002 )
309.966: I:1 (   0.001   0.001   0.001 ) T:31 (   0.002   0.002   0.002   0.002   0.002   0.002 )
319.966: I:1 (   0.001   0.001   0.001 ) T:32 (   0.002   0.002   0.002   0.002   0.002   0.002 )
329.966: I:1 (   0.001   0.001   0.001 ) T:33 (   0.002   0.002   0.002   0.002   0.002   0.002 )
339.966: I:1 (   0.001   0.001   0.001 ) T:34 (   0.001   0.002   0.002   0.002   0.002   0.002 )
349.965: I:1 (   0.001   0.001   0.001 ) T:35 (   0.001   0.002   0.002   0.002   0.002   0.002 )
359.965: I:1 (   0.001   0.001   0.001 ) T:36 (   0.001   0.002   0.002   0.002   0.002   0.002 )
369.966: I:1 (   0.001   0.001   0.001 ) T:37 (   0.001   0.002   0.002   0.002   0.002   0.002 )
379.966: I:1 (   0.002   0.002   0.002 ) T:38 (   0.001   0.002   0.002   0.002   0.002   0.002 )
389.966: I:1 (   0.002   0.002   0.002 ) T:39 (   0.001   0.002   0.002   0.002   0.002   0.002 )
399.965: I:1 (   0.002   0.002   0.002 ) T:40 (   0.001   0.002   0.002   0.002   0.002   0.002 )
409.965: I:1 (   0.002   0.002   0.002 ) T:41 (   0.002   0.002   0.002   0.002   0.002   0.002 )
419.966: I:1 (   0.002   0.002   0.002 ) T:42 (   0.002   0.002   0.002   0.002   0.002   0.002 )
429.966: I:1 (   0.002   0.002   0.002 ) T:43 (   0.002   0.002   0.002   0.002   0.002   0.002 )
439.966: I:1 (   0.002   0.002   0.002 ) T:44 (   0.002   0.002   0.002   0.002   0.002   0.002 )
449.966: I:1 (   0.002   0.002   0.002 ) T:45 (   0.002   0.002   0.002   0.002   0.002   0.002 )
459.966: I:1 (   0.002   0.002   0.002 ) T:46 (   0.002   0.002   0.002   0.002   0.002   0.002 )
469.966: I:1 (   0.002   0.002   0.002 ) T:47 (   0.002   0.002   0.002   0.002   0.002   0.002 )
479.966: I:1 (   0.002   0.002   0.002 ) T:48 (   0.002   0.002   0.002   0.002   0.002   0.002 )
489.966: I:1 (   0.002   0.002   0.002 ) T:49 (   0.002   0.002   0.002   0.002   0.002   0.002 )
499.966: I:1 (   0.002   0.002   0.002 ) T:50 (   0.002   0.002   0.002   0.002   0.002   0.002 )
509.965: I:1 (   0.002   0.002   0.002 ) T:51 (   0.002   0.002   0.002   0.002   0.002   0.002 )
519.965: I:1 (   0.002   0.002   0.002 ) T:52 (   0.002   0.002   0.002   0.002   0.002   0.002 )
529.966: I:1 (   0.002   0.002   0.002 ) T:53 (   0.002   0.002   0.002   0.002   0.002   0.002 )
539.965: I:1 (   0.002   0.002   0.002 ) T:54 (   0.002   0.002   0.002   0.002   0.002   0.002 )
549.964: I:1 (   0.002   0.002   0.002 ) T:55 (   0.002   0.002   0.002   0.002   0.002   0.002 )
559.964: I:1 (   0.002   0.002   0.002 ) T:56 (   0.002   0.002   0.002   0.002   0.002   0.002 )
569.965: I:1 (   0.002   0.002   0.002 ) T:57 (   0.002   0.002   0.002   0.002   0.002   0.002 )
579.966: I:1 (   0.002   0.002   0.002 ) T:58 (   0.002   0.002   0.002   0.002   0.002   0.002 )
589.965: I:1 (   0.002   0.002   0.002 ) T:59 (   0.002   0.002   0.002   0.002   0.002   0.002 )
599.965: I:1 (   0.002   0.002   0.002 ) T:60 (   0.002   0.002   0.002   0.002   0.002   0.002 )
609.966: I:1 (   0.002   0.002   0.002 ) T:61 (   0.002   0.002   0.002   0.002   0.002   0.002 )
619.966: I:1 (   0.002   0.002   0.002 ) T:62 (   0.002   0.002   0.002   0.002   0.002   0.002 )
629.966: I:1 (   0.002   0.002   0.002 ) T:63 (   0.002   0.002   0.002   0.002   0.002   0.002 )
639.966: I:1 (   0.002   0.002   0.002 ) T:64 (   0.002   0.002   0.002   0.002   0.002   0.002 )
649.966: I:1 (   0.002   0.002   0.002 ) T:65 (   0.002   0.002   0.002   0.002   0.002   0.002 )
659.966: I:1 (   0.002   0.002   0.002 ) T:66 (   0.002   0.002   0.002   0.002   0.002   0.002 )
669.965: I:1 (   0.002   0.002   0.002 ) T:67 (   0.002   0.002   0.002   0.002   0.002   0.002 )
679.965: I:1 (   0.002   0.002   0.002 ) T:68 (   0.002   0.002   0.002   0.002   0.002   0.002 )
689.966: I:1 (   0.002   0.002   0.002 ) T:69 (   0.002   0.002   0.002   0.002   0.002   0.002 )
699.966: I:1 (   0.002   0.002   0.002 ) T:70 (   0.002   0.002   0.002   0.002   0.002   0.002 )
709.966: I:1 (   0.002   0.002   0.002 ) T:71 (   0.002   0.002   0.002   0.002   0.002   0.002 )
719.965: I:1 (   0.001   0.001   0.001 ) T:72 (   0.002   0.002   0.002   0.002   0.002   0.002 )
729.965: I:1 (   0.001   0.001   0.001 ) T:73 (   0.002   0.002   0.002   0.002   0.002   0.002 )
739.965: I:1 (   0.001   0.001   0.001 ) T:74 (   0.002   0.002   0.002   0.002   0.002   0.002 )
749.965: I:1 (   0.001   0.001   0.001 ) T:75 (   0.002   0.002   0.002   0.002   0.002   0.002 )
759.966: I:1 (   0.001   0.001   0.001 ) T:76 (   0.002   0.002   0.002   0.002   0.002   0.002 )
769.966: I:1 (   0.001   0.001   0.001 ) T:77 (   0.002   0.002   0.002   0.002   0.002   0.002 )
779.966: I:1 (   0.002   0.002   0.002 ) T:78 (   0.002   0.002   0.002   0.002   0.002   0.002 )
789.966: I:1 (   0.002   0.002   0.002 ) T:79 (   0.002   0.002   0.002   0.002   0.002   0.002 )
799.966: I:1 (   0.002   0.002   0.002 ) T:80 (   0.002   0.002   0.002   0.002   0.002   0.002 )
809.966: I:1 (   0.002   0.002   0.002 ) T:81 (   0.002   0.002   0.002   0.002   0.002   0.002 )
819.966: I:1 (   0.002   0.002   0.002 ) T:82 (   0.002   0.002   0.002   0.002   0.002   0.002 )
829.965: I:1 (   0.001   0.001   0.001 ) T:83 (   0.002   0.002   0.002   0.002   0.002   0.002 )
839.965: I:1 (   0.001   0.001   0.001 ) T:84 (   0.002   0.002   0.002   0.002   0.002   0.002 )
849.966: I:1 (   0.001   0.001   0.001 ) T:85 (   0.002   0.002   0.002   0.002   0.002   0.002 )
859.966: I:1 (   0.001   0.001   0.001 ) T:86 (   0.002   0.002   0.002   0.002   0.002   0.002 )
869.966: I:1 (   0.001   0.001   0.001 ) T:87 (   0.002   0.002   0.002   0.002   0.002   0.002 )
879.965: I:1 (   0.002   0.002   0.002 ) T:88 (   0.002   0.002   0.002   0.002   0.002   0.002 )
889.965: I:1 (   0.002   0.002   0.002 ) T:89 (   0.002   0.002   0.002   0.002   0.002   0.002 )
899.966: I:1 (   0.002   0.002   0.002 ) T:90 (   0.002   0.002   0.002   0.002   0.002   0.002 )
909.966: I:1 (   0.002   0.002   0.002 ) T:91 (   0.002   0.002   0.002   0.002   0.002   0.002 )
919.966: I:1 (   0.002   0.002   0.002 ) T:92 (   0.002   0.002   0.002   0.002   0.002   0.002 )
929.966: I:1 (   0.002   0.002   0.002 ) T:93 (   0.002   0.002   0.002   0.002   0.002   0.002 )
939.966: I:1 (   0.002   0.002   0.002 ) T:94 (   0.002   0.002   0.002   0.002   0.002   0.002 )
949.966: I:1 (   0.002   0.002   0.002 ) T:95 (   0.002   0.002   0.002   0.002   0.002   0.002 )
959.965: I:1 (   0.002   0.002   0.002 ) T:96 (   0.002   0.002   0.002   0.002   0.002   0.002 )
969.965: I:1 (   0.002   0.002   0.002 ) T:97 (   0.002   0.002   0.002   0.002   0.002   0.002 )
979.965: I:1 (   0.002   0.002   0.002 ) T:98 (   0.002   0.002   0.002   0.002   0.002   0.002 )
989.965: I:1 (   0.001   0.001   0.001 ) T:99 (   0.002   0.002   0.002   0.002   0.002   0.002 )
999.966: I:1 (   0.001   0.001   0.001 ) T:100 (   0.002   0.002   0.002   0.002   0.002   0.002 )
1009.965: I:1 (   0.001   0.001   0.001 ) T:101 (   0.002   0.002   0.002   0.002   0.002   0.002 )
1019.965: I:1 (   0.001   0.001   0.001 ) T:102 (   0.002   0.002   0.002   0.002   0.002   0.002 )
1029.966: I:1 (   0.001   0.001   0.001 ) T:103 (   0.002   0.002   0.002   0.002   0.002   0.002 )
1039.966: I:1 (   0.001   0.001   0.001 ) T:104 (   0.002   0.002   0.002   0.002   0.002   0.002 )
1049.966: I:1 (   0.001   0.001   0.001 ) T:105 (   0.002   0.002   0.002   0.002   0.002   0.002 )
1059.966: I:1 (   0.001   0.001   0.001 ) T:106 (   0.002   0.002   0.002   0.002   0.002   0.002 )
1069.965: I:1 (   0.001   0.001   0.001 ) T:107 (   0.002   0.002   0.002   0.002   0.002   0.002 )
1079.964: I:1 (   0.001   0.001   0.001 ) T:108 (   0.002   0.002   0.002   0.002   0.002   0.002 )
1089.965: I:1 (   0.001   0.001   0.001 ) T:109 (   0.002   0.002   0.002   0.002   0.002   0.002 )
1099.966: I:1 (   0.001   0.001   0.001 ) T:110 (   0.002   0.002   0.002   0.002   0.002   0.002 )
1109.966: I:1 (   0.002   0.002   0.002 ) T:111 (   0.002   0.002   0.002   0.002   0.002   0.002 )
1119.965: I:1 (   0.002   0.002   0.002 ) T:112 (   0.002   0.002   0.002   0.002   0.002   0.002 )
1129.965: I:1 (   0.002   0.002   0.002 ) T:113 (   0.002   0.002   0.002   0.002   0.002   0.002 )
1139.966: I:1 (   0.002   0.002   0.002 ) T:114 (   0.002   0.002   0.002   0.002   0.002   0.002 )
1149.966: I:1 (   0.002   0.002   0.002 ) T:115 (   0.002   0.002   0.002   0.002   0.002   0.002 )
1159.966: I:1 (   0.002   0.002   0.002 ) T:116 (   0.002   0.002   0.002   0.002   0.002   0.002 )
1169.966: I:1 (   0.002   0.002   0.002 ) T:117 (   0.002   0.002   0.002   0.002   0.002   0.002 )
1179.966: I:1 (   0.002   0.002   0.002 ) T:118 (   0.002   0.002   0.002   0.002   0.002   0.002 )
1189.965: I:1 (   0.002   0.002   0.002 ) T:119 (   0.002   0.002   0.002   0.002   0.002   0.002 )
1199.965: I:1 (   0.002   0.002   0.002 ) T:120 (   0.002   0.002   0.002   0.002   0.002   0.002 )
1209.965: I:1 (   0.002   0.002   0.002 ) T:121 (   0.002   0.002   0.002   0.002   0.002   0.002 )
1219.965: I:1 (   0.002   0.002   0.002 ) T:122 (   0.002   0.002   0.002   0.002   0.002   0.002 )
1229.966: I:1 (   0.002   0.002   0.002 ) T:123 (   0.002   0.002   0.002   0.002   0.002   0.002 )
1239.965: I:1 (   0.002   0.002   0.002 ) T:124 (   0.002   0.002   0.002   0.002   0.002   0.002 )
1249.964: I:1 (   0.002   0.002   0.002 ) T:125 (   0.002   0.002   0.002   0.002   0.002   0.002 )
1259.965: I:1 (   0.002   0.002   0.002 ) T:126 (   0.002   0.002   0.002   0.002   0.002   0.002 )
1269.966: I:1 (   0.001   0.001   0.001 ) T:127 (   0.002   0.002   0.002   0.002   0.002   0.002 )
1279.966: I:1 (   0.002   0.002   0.002 ) T:128 (   0.002   0.002   0.002   0.002   0.002   0.002 )
1289.966: I:1 (   0.002   0.002   0.002 ) T:129 (   0.002   0.002   0.002   0.002   0.002   0.002 )
1299.966: I:1 (   0.002   0.002   0.002 ) T:130 (   0.002   0.002   0.002   0.002   0.002   0.002 )
1309.965: I:1 (   0.002   0.002   0.002 ) T:131 (   0.002   0.002   0.002   0.002   0.002   0.002 )
1319.965: I:1 (   0.002   0.002   0.002 ) T:132 (   0.002   0.002   0.002   0.002   0.002   0.002 )
1329.966: I:1 (   0.001   0.001   0.001 ) T:133 (   0.002   0.002   0.002   0.002   0.002   0.002 )
1339.966: I:1 (   0.001   0.001   0.001 ) T:134 (   0.002   0.002   0.002   0.002   0.002   0.002 )
1349.966: I:1 (   0.001   0.001   0.001 ) T:135 (   0.002   0.002   0.002   0.002   0.002   0.002 )
1359.966: I:1 (   0.001   0.001   0.001 ) T:136 (   0.002   0.002   0.002   0.002   0.002   0.002 )
1369.966: I:1 (   0.001   0.001   0.001 ) T:137 (   0.002   0.002   0.002   0.002   0.002   0.002 )
1379.966: I:1 (   0.001   0.001   0.001 ) T:138 (   0.002   0.002   0.002   0.002   0.002   0.002 )
1389.966: I:1 (   0.001   0.001   0.001 ) T:139 (   0.002   0.002   0.002   0.002   0.002   0.002 )
1399.965: I:1 (   0.001   0.001   0.001 ) T:140 (   0.002   0.002   0.002   0.002   0.002   0.002 )
1409.964: I:1 (   0.001   0.001   0.001 ) T:141 (   0.002   0.002   0.002   0.002   0.002   0.002 )
1419.965: I:1 (   0.001   0.001   0.001 ) T:142 (   0.002   0.002   0.002   0.002   0.002   0.002 )
1429.965: I:1 (   0.001   0.001   0.001 ) T:143 (   0.002   0.002   0.002   0.002   0.002   0.002 )
1439.964: I:1 (   0.001   0.001   0.001 ) T:144 (   0.002   0.002   0.002   0.002   0.002   0.002 )
1449.965: I:1 (   0.001   0.001   0.001 ) T:145 (   0.002   0.002   0.002   0.002   0.002   0.002 )
1459.966: I:1 (   0.001   0.001   0.001 ) T:146 (   0.002   0.002   0.002   0.002   0.002   0.002 )
1469.966: I:1 (   0.001   0.001   0.001 ) T:147 (   0.002   0.002   0.002   0.002   0.002   0.002 )
1479.966: I:1 (   0.001   0.001   0.001 ) T:148 (   0.002   0.002   0.002   0.002   0.002   0.002 )
1489.965: I:1 (   0.001   0.001   0.001 ) T:149 (   0.002   0.002   0.002   0.002   0.002   0.002 )
1499.965: I:1 (   0.001   0.001   0.001 ) T:150 (   0.002   0.002   0.002   0.002   0.002   0.002 )
1509.966: I:1 (   0.001   0.001   0.001 ) T:151 (   0.002   0.002   0.002   0.002   0.002   0.002 )
1519.966: I:1 (   0.001   0.001   0.001 ) T:152 (   0.002   0.002   0.002   0.002   0.002   0.002 )
1529.966: I:1 (   0.001   0.001   0.001 ) T:153 (   0.002   0.002   0.002   0.002   0.002   0.002 )
1539.966: I:1 (   0.001   0.001   0.001 ) T:154 (   0.002   0.002   0.002   0.002   0.002   0.002 )
1549.966: I:1 (   0.001   0.001   0.001 ) T:155 (   0.002   0.002   0.002   0.002   0.002   0.002 )
1559.966: I:1 (   0.001   0.001   0.001 ) T:156 (   0.002   0.002   0.002   0.002   0.002   0.002 )
1569.966: I:1 (   0.001   0.001   0.001 ) T:157 (   0.002   0.002   0.002   0.002   0.002   0.002 )
1579.966: I:1 (   0.001   0.001   0.001 ) T:158 (   0.002   0.002   0.002   0.002   0.002   0.002 )
1589.966: I:1 (   0.001   0.001   0.001 ) T:159 (   0.002   0.002   0.002   0.002   0.002   0.002 )
1599.965: I:1 (   0.001   0.001   0.001 ) T:160 (   0.002   0.002   0.002   0.002   0.002   0.002 )
1609.965: I:1 (   0.001   0.001   0.001 ) T:161 (   0.002   0.002   0.002   0.002   0.002   0.002 )
1619.965: I:1 (   0.001   0.001   0.001 ) T:162 (   0.002   0.002   0.002   0.002   0.002   0.002 )
1629.965: I:1 (   0.001   0.001   0.001 ) T:163 (   0.002   0.002   0.002   0.002   0.002   0.002 )
1639.966: I:1 (   0.001   0.001   0.001 ) T:164 (   0.002   0.002   0.002   0.002   0.002   0.002 )
1649.966: I:1 (   0.001   0.001   0.001 ) T:165 (   0.002   0.002   0.002   0.002   0.002   0.002 )
1659.966: I:1 (   0.001   0.001   0.001 ) T:166 (   0.002   0.002   0.002   0.002   0.002   0.002 )
1669.965: I:1 (   0.001   0.001   0.001 ) T:167 (   0.002   0.002   0.002   0.002   0.002   0.002 )
1679.965: I:1 (   0.001   0.001   0.001 ) T:168 (   0.002   0.002   0.002   0.002   0.002   0.002 )
1689.965: I:1 (   0.001   0.001   0.001 ) T:169 (   0.002   0.002   0.002   0.002   0.002   0.002 )
1699.965: I:1 (   0.001   0.001   0.001 ) T:170 (   0.002   0.002   0.002   0.002   0.002   0.002 )
1709.966: I:1 (   0.001   0.001   0.001 ) T:171 (   0.002   0.002   0.002   0.002   0.002   0.002 )
1719.966: I:1 (   0.001   0.001   0.001 ) T:172 (   0.002   0.002   0.002   0.002   0.002   0.002 )
1729.965: I:1 (   0.001   0.001   0.001 ) T:173 (   0.002   0.002   0.002   0.002   0.002   0.002 )
1739.965: I:1 (   0.001   0.001   0.001 ) T:174 (   0.002   0.002   0.002   0.002   0.002   0.002 )
1749.966: I:1 (   0.001   0.001   0.001 ) T:175 (   0.002   0.002   0.002   0.002   0.002   0.002 )
1759.966: I:1 (   0.001   0.001   0.001 ) T:176 (   0.001   0.002   0.002   0.002   0.002   0.002 )
1769.966: I:1 (   0.001   0.001   0.001 ) T:177 (   0.001   0.002   0.002   0.002   0.002   0.002 )
1779.966: I:1 (   0.001   0.001   0.001 ) T:178 (   0.001   0.002   0.002   0.002   0.002   0.002 )
1789.965: I:1 (   0.001   0.001   0.001 ) T:179 (   0.001   0.002   0.002   0.002   0.002   0.002 )
1799.965: I:1 (   0.001   0.001   0.001 ) T:180 (   0.001   0.002   0.002   0.002   0.002   0.002 )
1809.965: I:1 (   0.001   0.001   0.001 ) T:181 (   0.001   0.002   0.002   0.002   0.002   0.002 )
1819.970: I:1 (   0.001   0.001   0.001 ) T:182 (   0.001   0.002   0.002   0.002   0.002   0.002 )
1829.964: I:1 (   0.001   0.001   0.001 ) T:183 (   0.001   0.002   0.002   0.002   0.002   0.002 )
1839.965: I:1 (   0.001   0.001   0.001 ) T:184 (   0.001   0.002   0.002   0.002   0.002   0.002 )
1849.966: I:1 (   0.001   0.001   0.001 ) T:185 (   0.001   0.002   0.002   0.002   0.002   0.002 )
1859.966: I:1 (   0.001   0.001   0.001 ) T:186 (   0.001   0.002   0.002   0.002   0.002   0.002 )
1869.966: I:1 (   0.001   0.001   0.001 ) T:187 (   0.001   0.002   0.002   0.002   0.002   0.002 )
1879.966: I:1 (   0.002   0.002   0.002 ) T:188 (   0.001   0.002   0.002   0.002   0.002   0.002 )
1889.966: I:1 (   0.002   0.002   0.002 ) T:189 (   0.001   0.002   0.002   0.002   0.002   0.002 )
1899.966: I:1 (   0.002   0.002   0.002 ) T:190 (   0.001   0.002   0.002   0.002   0.002   0.002 )
1909.965: I:1 (   0.002   0.002   0.002 ) T:191 (   0.001   0.002   0.002   0.002   0.002   0.002 )
1919.965: I:1 (   0.002   0.002   0.002 ) T:192 (   0.001   0.002   0.002   0.002   0.002   0.002 )
1929.966: I:1 (   0.002   0.002   0.002 ) T:193 (   0.001   0.002   0.002   0.002   0.002   0.002 )
1939.966: I:1 (   0.002   0.002   0.002 ) T:194 (   0.001   0.002   0.002   0.002   0.002   0.002 )
1949.966: I:1 (   0.002   0.002   0.002 ) T:195 (   0.001   0.002   0.002   0.002   0.002   0.002 )
1959.965: I:1 (   0.002   0.002   0.002 ) T:196 (   0.001   0.002   0.002   0.002   0.002   0.002 )
1969.965: I:1 (   0.002   0.002   0.002 ) T:197 (   0.001   0.002   0.002   0.002   0.002   0.002 )
1979.966: I:1 (   0.002   0.002   0.002 ) T:198 (   0.001   0.002   0.002   0.002   0.002   0.002 )
1989.965: I:1 (   0.002   0.002   0.002 ) T:199 (   0.002   0.002   0.002   0.002   0.002   0.002 )
1999.964: I:1 (   0.002   0.002   0.002 ) T:200 (   0.002   0.002   0.002   0.002   0.002   0.002 )
2009.965: I:1 (   0.002   0.002   0.002 ) T:201 (   0.002   0.002   0.002   0.002   0.002   0.002 )
2019.966: I:1 (   0.002   0.002   0.002 ) T:202 (   0.002   0.002   0.002   0.002   0.002   0.002 )
2029.966: I:1 (   0.002   0.002   0.002 ) T:203 (   0.002   0.002   0.002   0.002   0.002   0.002 )
2039.965: I:1 (   0.002   0.002   0.002 ) T:204 (   0.002   0.002   0.002   0.002   0.002   0.002 )
2049.965: I:1 (   0.002   0.002   0.002 ) T:205 (   0.002   0.002   0.002   0.002   0.002   0.002 )
2059.966: I:1 (   0.002   0.002   0.002 ) T:206 (   0.002   0.002   0.002   0.002   0.002   0.002 )
2069.966: I:1 (   0.002   0.002   0.002 ) T:207 (   0.002   0.002   0.002   0.002   0.002   0.002 )
2079.966: I:1 (   0.002   0.002   0.002 ) T:208 (   0.002   0.002   0.002   0.002   0.002   0.002 )
2089.966: I:1 (   0.002   0.002   0.002 ) T:209 (   0.002   0.002   0.002   0.002   0.002   0.002 )
2099.966: I:1 (   0.002   0.002   0.002 ) T:210 (   0.002   0.002   0.002   0.002   0.002   0.002 )
2109.966: I:1 (   0.002   0.002   0.002 ) T:211 (   0.002   0.002   0.002   0.002   0.002   0.002 )
2119.966: I:1 (   0.002   0.002   0.002 ) T:212 (   0.002   0.002   0.002   0.002   0.002   0.002 )
2129.966: I:1 (   0.002   0.002   0.002 ) T:213 (   0.002   0.002   0.002   0.002   0.002   0.002 )
2139.966: I:1 (   0.002   0.002   0.002 ) T:214 (   0.002   0.002   0.002   0.002   0.002   0.002 )
2149.965: I:1 (   0.002   0.002   0.002 ) T:215 (   0.002   0.002   0.002   0.002   0.002   0.002 )
2159.965: I:1 (   0.002   0.002   0.002 ) T:216 (   0.002   0.002   0.002   0.002   0.002   0.002 )
2169.966: I:1 (   0.002   0.002   0.002 ) T:217 (   0.002   0.002   0.002   0.002   0.002   0.002 )
2179.966: I:1 (   0.002   0.002   0.002 ) T:218 (   0.002   0.002   0.002   0.002   0.002   0.002 )
2189.966: I:1 (   0.002   0.002   0.002 ) T:219 (   0.002   0.002   0.002   0.002   0.002   0.002 )
2199.966: I:1 (   0.002   0.002   0.002 ) T:220 (   0.002   0.002   0.002   0.002   0.002   0.002 )
2209.966: I:1 (   0.002   0.002   0.002 ) T:221 (   0.002   0.002   0.002   0.002   0.002   0.002 )
2219.966: I:1 (   0.002   0.002   0.002 ) T:222 (   0.002   0.002   0.002   0.002   0.002   0.002 )
2229.966: I:1 (   0.002   0.002   0.002 ) T:223 (   0.002   0.002   0.002   0.002   0.002   0.002 )
2239.966: I:1 (   0.002   0.002   0.002 ) T:224 (   0.002   0.002   0.002   0.002   0.002   0.002 )
2249.966: I:1 (   0.002   0.002   0.002 ) T:225 (   0.002   0.002   0.002   0.002   0.002   0.002 )
2259.965: I:1 (   0.002   0.002   0.002 ) T:226 (   0.002   0.002   0.002   0.002   0.002   0.002 )
2269.965: I:1 (   0.002   0.002   0.002 ) T:227 (   0.002   0.002   0.002   0.002   0.002   0.002 )
2279.966: I:1 (   0.002   0.002   0.002 ) T:228 (   0.002   0.002   0.002   0.002   0.002   0.002 )
2289.966: I:1 (   0.002   0.002   0.002 ) T:229 (   0.002   0.002   0.002   0.002   0.002   0.002 )
2299.966: I:1 (   0.002   0.002   0.002 ) T:230 (   0.002   0.002   0.002   0.002   0.002   0.002 )
2309.966: I:1 (   0.002   0.002   0.002 ) T:231 (   0.002   0.002   0.002   0.002   0.002   0.002 )
2319.966: I:1 (   0.002   0.002   0.002 ) T:232 (   0.002   0.002   0.002   0.002   0.002   0.002 )
2329.965: I:1 (   0.002   0.002   0.002 ) T:233 (   0.002   0.002   0.002   0.002   0.002   0.002 )
2339.965: I:1 (   0.002   0.002   0.002 ) T:234 (   0.002   0.002   0.002   0.002   0.002   0.002 )
2349.966: I:1 (   0.002   0.002   0.002 ) T:235 (   0.002   0.002   0.002   0.002   0.002   0.002 )
2359.966: I:1 (   0.002   0.002   0.002 ) T:236 (   0.002   0.002   0.002   0.002   0.002   0.002 )
2369.966: I:1 (   0.002   0.002   0.002 ) T:237 (   0.002   0.002   0.002   0.002   0.002   0.002 )
2379.966: I:1 (   0.002   0.002   0.002 ) T:238 (   0.002   0.002   0.002   0.002   0.002   0.002 )
2389.966: I:1 (   0.002   0.002   0.002 ) T:239 (   0.002   0.002   0.002   0.002   0.002   0.002 )
2399.966: I:1 (   0.002   0.002   0.002 ) T:240 (   0.002   0.002   0.002   0.002   0.002   0.002 )
2409.966: I:1 (   0.002   0.002   0.002 ) T:241 (   0.002   0.002   0.002   0.002   0.002   0.002 )
2419.966: I:1 (   0.002   0.002   0.002 ) T:242 (   0.002   0.002   0.002   0.002   0.002   0.002 )
2429.966: I:1 (   0.002   0.002   0.002 ) T:243 (   0.002   0.002   0.002   0.002   0.002   0.002 )
2439.966: I:1 (   0.002   0.002   0.002 ) T:244 (   0.002   0.002   0.002   0.002   0.002   0.002 )
2449.966: I:1 (   0.002   0.002   0.002 ) T:245 (   0.002   0.002   0.002   0.002   0.002   0.002 )
2459.966: I:1 (   0.002   0.002   0.002 ) T:246 (   0.002   0.002   0.002   0.002   0.002   0.002 )
2469.966: I:1 (   0.002   0.002   0.002 ) T:247 (   0.002   0.002   0.002   0.002   0.002   0.002 )
2479.966: I:1 (   0.002   0.002   0.002 ) T:248 (   0.002   0.002   0.002   0.002   0.002   0.002 )
2489.966: I:1 (   0.002   0.002   0.002 ) T:249 (   0.002   0.002   0.002   0.002   0.002   0.002 )
2499.966: I:1 (   0.002   0.002   0.002 ) T:250 (   0.002   0.002   0.002   0.002   0.002   0.002 )
2509.966: I:1 (   0.002   0.002   0.002 ) T:251 (   0.002   0.002   0.002   0.002   0.002   0.002 )
2519.966: I:1 (   0.002   0.002   0.002 ) T:252 (   0.002   0.002   0.002   0.002   0.002   0.002 )
2529.966: I:1 (   0.002   0.002   0.002 ) T:253 (   0.002   0.002   0.002   0.002   0.002   0.002 )
2539.966: I:1 (   0.002   0.002   0.002 ) T:254 (   0.002   0.002   0.002   0.002   0.002   0.002 )
2549.966: I:1 (   0.002   0.002   0.002 ) T:255 (   0.002   0.002   0.002   0.002   0.002   0.002 )
2559.966: I:1 (   0.002   0.002   0.002 ) T:256 (   0.002   0.002   0.002   0.002   0.002   0.002 )
2569.965: I:1 (   0.002   0.002   0.002 ) T:257 (   0.002   0.002   0.002   0.002   0.002   0.002 )
2579.965: I:1 (   0.002   0.002   0.002 ) T:258 (   0.002   0.002   0.002   0.002   0.002   0.002 )
2589.966: I:1 (   0.002   0.002   0.002 ) T:259 (   0.002   0.002   0.002   0.002   0.002   0.002 )
2599.966: I:1 (   0.002   0.002   0.002 ) T:260 (   0.002   0.002   0.002   0.002   0.002   0.002 )
2609.966: I:1 (   0.002   0.002   0.002 ) T:261 (   0.002   0.002   0.002   0.002   0.002   0.002 )
2619.966: I:1 (   0.002   0.002   0.002 ) T:262 (   0.002   0.002   0.002   0.002   0.002   0.002 )
2629.966: I:1 (   0.002   0.002   0.002 ) T:263 (   0.002   0.002   0.002   0.002   0.002   0.002 )
2639.966: I:1 (   0.002   0.002   0.002 ) T:264 (   0.002   0.002   0.002   0.002   0.002   0.002 )
2649.966: I:1 (   0.002   0.002   0.002 ) T:265 (   0.002   0.002   0.002   0.002   0.002   0.002 )
2659.966: I:1 (   0.002   0.002   0.002 ) T:266 (   0.002   0.002   0.002   0.002   0.002   0.002 )
2669.965: I:1 (   0.002   0.002   0.002 ) T:267 (   0.002   0.002   0.002   0.002   0.002   0.002 )
2679.964: I:1 (   0.002   0.002   0.002 ) T:268 (   0.002   0.002   0.002   0.002   0.002   0.002 )
2689.965: I:1 (   0.002   0.002   0.002 ) T:269 (   0.002   0.002   0.002   0.002   0.002   0.002 )
2699.966: I:1 (   0.002   0.002   0.002 ) T:270 (   0.002   0.002   0.002   0.002   0.002   0.002 )
2709.966: I:1 (   0.002   0.002   0.002 ) T:271 (   0.002   0.002   0.002   0.002   0.002   0.002 )
2719.966: I:1 (   0.002   0.002   0.002 ) T:272 (   0.002   0.002   0.002   0.002   0.002   0.002 )
2729.966: I:1 (   0.002   0.002   0.002 ) T:273 (   0.002   0.002   0.002   0.002   0.002   0.002 )
2739.966: I:1 (   0.002   0.002   0.002 ) T:274 (   0.002   0.002   0.002   0.002   0.002   0.002 )
2749.966: I:1 (   0.002   0.002   0.002 ) T:275 (   0.002   0.002   0.002   0.002   0.002   0.002 )
2759.966: I:1 (   0.002   0.002   0.002 ) T:276 (   0.002   0.002   0.002   0.002   0.002   0.002 )
2769.966: I:1 (   0.002   0.002   0.002 ) T:277 (   0.002   0.002   0.002   0.002   0.002   0.002 )
2779.965: I:1 (   0.002   0.002   0.002 ) T:278 (   0.002   0.002   0.002   0.002   0.002   0.002 )
2789.964: I:1 (   0.002   0.002   0.002 ) T:279 (   0.002   0.002   0.002   0.002   0.002   0.002 )
2799.965: I:1 (   0.002   0.002   0.002 ) T:280 (   0.002   0.002   0.002   0.002   0.002   0.002 )
2809.965: I:1 (   0.002   0.002   0.002 ) T:281 (   0.002   0.002   0.002   0.002   0.002   0.002 )
2819.965: I:1 (   0.002   0.002   0.002 ) T:282 (   0.002   0.002   0.002   0.002   0.002   0.002 )
2829.965: I:1 (   0.002   0.002   0.002 ) T:283 (   0.002   0.002   0.002   0.002   0.002   0.002 )
2840.024: I:1 (   0.001   0.001   0.001 ) T:284 (   0.002   0.002   0.002   0.002   0.002   0.002 )
2849.966: I:1 (   0.001   0.001   0.001 ) T:285 (   0.002   0.002   0.002   0.002   0.002   0.002 )
2859.966: I:1 (   0.001   0.001   0.001 ) T:286 (   0.002   0.002   0.002   0.002   0.002   0.002 )
2869.966: I:1 (   0.001   0.001   0.001 ) T:287 (   0.002   0.002   0.002   0.002   0.002   0.002 )
2879.966: I:1 (   0.001   0.001   0.001 ) T:288 (   0.002   0.002   0.002   0.002   0.002   0.002 )
2889.966: I:1 (   0.001   0.001   0.001 ) T:289 (   0.002   0.002   0.002   0.002   0.002   0.002 )
2899.966: I:1 (   0.001   0.001   0.001 ) T:290 (   0.002   0.002   0.002   0.002   0.002   0.002 )
2909.966: I:1 (   0.001   0.001   0.001 ) T:291 (   0.002   0.002   0.002   0.002   0.002   0.002 )
2919.965: I:1 (   0.001   0.001   0.001 ) T:292 (   0.002   0.002   0.002   0.002   0.002   0.002 )
2929.965: I:1 (   0.001   0.001   0.001 ) T:293 (   0.002   0.002   0.002   0.002   0.002   0.002 )
2939.966: I:1 (   0.001   0.001   0.001 ) T:294 (   0.002   0.002   0.002   0.002   0.002   0.002 )
2949.966: I:1 (   0.001   0.001   0.001 ) T:295 (   0.002   0.002   0.002   0.002   0.002   0.002 )
2959.965: I:1 (   0.002   0.002   0.002 ) T:296 (   0.002   0.002   0.002   0.002   0.002   0.002 )
2969.965: I:1 (   0.002   0.002   0.002 ) T:297 (   0.002   0.002   0.002   0.002   0.002   0.002 )
2979.966: I:1 (   0.002   0.002   0.002 ) T:298 (   0.002   0.002   0.002   0.002   0.002   0.002 )
2989.965: I:1 (   0.002   0.002   0.002 ) T:299 (   0.002   0.002   0.002   0.002   0.002   0.002 )
2999.965: I:1 (   0.002   0.002   0.002 ) T:300 (   0.002   0.002   0.002   0.002   0.002   0.002 )
3009.966: I:1 (   0.002   0.002   0.002 ) T:301 (   0.002   0.002   0.002   0.002   0.002   0.002 )
3019.966: I:1 (   0.002   0.002   0.002 ) T:302 (   0.002   0.002   0.002   0.002   0.002   0.002 )
3024.122: I:2 (   0.002   0.002   0.002 ) T:304 (   0.002   0.002   0.002   0.002   0.002   0.002 )
3024.142: I:0 (   0.000   0.000   0.000 ) T:304 (   0.002   0.002   0.002   0.002   0.002   0.002 )
