#[Interval percentile log between 0.000 and <Infinite> seconds (relative to StartTime)]
#[StartTime: 1524503793.410 (seconds since epoch), Mon Apr 23 19:16:33 CEST 2018]
Time: IntervalPercentiles:count ( 50% 90% Max ) TotalPercentiles:count ( 50% 90% 99% 99.9% 99.99% Max )
9.979: I:1 (   0.000   0.000   0.000 ) T:1 (   0.000   0.000   0.000   0.000   0.000   0.000 )
19.963: I:1 (   0.003   0.003   0.003 ) T:2 (   0.000   0.003   0.003   0.003   0.003   0.003 )
29.963: I:1 (   0.002   0.002   0.002 ) T:3 (   0.002   0.003   0.003   0.003   0.003   0.003 )
39.961: I:1 (   0.002   0.002   0.002 ) T:4 (   0.002   0.003   0.003   0.003   0.003   0.003 )
49.962: I:1 (   0.002   0.002   0.002 ) T:5 (   0.002   0.003   0.003   0.003   0.003   0.003 )
59.965: I:1 (   0.003   0.003   0.003 ) T:6 (   0.002   0.003   0.003   0.003   0.003   0.003 )
69.961: I:1 (   0.003   0.003   0.003 ) T:7 (   0.002   0.003   0.003   0.003   0.003   0.003 )
79.961: I:1 (   0.002   0.002   0.002 ) T:8 (   0.002   0.003   0.003   0.003   0.003   0.003 )
89.961: I:1 (   0.003   0.003   0.003 ) T:9 (   0.002   0.003   0.003   0.003   0.003   0.003 )
99.961: I:1 (   0.003   0.003   0.003 ) T:10 (   0.002   0.003   0.003   0.003   0.003   0.003 )
109.961: I:1 (   0.003   0.003   0.003 ) T:11 (   0.003   0.003   0.003   0.003   0.003   0.003 )
119.961: I:1 (   0.004   0.004   0.004 ) T:12 (   0.003   0.003   0.004   0.004   0.004   0.004 )
129.961: I:1 (   0.003   0.003   0.003 ) T:13 (   0.003   0.003   0.004   0.004   0.004   0.004 )
139.961: I:1 (   0.004   0.004   0.004 ) T:14 (   0.003   0.004   0.004   0.004   0.004   0.004 )
149.961: I:1 (   0.004   0.004   0.004 ) T:15 (   0.003   0.004   0.004   0.004   0.004   0.004 )
159.961: I:1 (   0.004   0.004   0.004 ) T:16 (   0.003   0.004   0.004   0.004   0.004   0.004 )
169.960: I:1 (   0.004   0.004   0.004 ) T:17 (   0.003   0.004   0.004   0.004   0.004   0.004 )
179.961: I:1 (   0.005   0.005   0.005 ) T:18 (   0.003   0.004   0.005   0.005   0.005   0.005 )
189.961: I:1 (   0.004   0.004   0.004 ) T:19 (   0.003   0.004   0.005   0.005   0.005   0.005 )
199.961: I:1 (   0.005   0.005   0.005 ) T:20 (   0.003   0.004   0.005   0.005   0.005   0.005 )
209.961: I:1 (   0.005   0.005   0.005 ) T:21 (   0.003   0.005   0.005   0.005   0.005   0.005 )
219.961: I:1 (   0.004   0.004   0.004 ) T:22 (   0.003   0.005   0.005   0.005   0.005   0.005 )
229.962: I:1 (   0.005   0.005   0.005 ) T:23 (   0.003   0.005   0.005   0.005   0.005   0.005 )
239.960: I:1 (   0.005   0.005   0.005 ) T:24 (   0.003   0.005   0.005   0.005   0.005   0.005 )
249.961: I:1 (   0.004   0.004   0.004 ) T:25 (   0.004   0.005   0.005   0.005   0.005   0.005 )
259.960: I:1 (   0.005   0.005   0.005 ) T:26 (   0.004   0.005   0.005   0.005   0.005   0.005 )
269.959: I:1 (   0.005   0.005   0.005 ) T:27 (   0.004   0.005   0.005   0.005   0.005   0.005 )
279.960: I:1 (   0.004   0.004   0.004 ) T:28 (   0.004   0.005   0.005   0.005   0.005   0.005 )
289.961: I:1 (   0.005   0.005   0.005 ) T:29 (   0.004   0.005   0.005   0.005   0.005   0.005 )
299.960: I:1 (   0.005   0.005   0.005 ) T:30 (   0.004   0.005   0.005   0.005   0.005   0.005 )
309.961: I:1 (   0.005   0.005   0.005 ) T:31 (   0.004   0.005   0.005   0.005   0.005   0.005 )
319.960: I:1 (   0.005   0.005   0.005 ) T:32 (   0.004   0.005   0.005   0.005   0.005   0.005 )
329.961: I:1 (   0.005   0.005   0.005 ) T:33 (   0.004   0.005   0.005   0.005   0.005   0.005 )
339.961: I:1 (   0.005   0.005   0.005 ) T:34 (   0.004   0.005   0.005   0.005   0.005   0.005 )
349.960: I:1 (   0.005   0.005   0.005 ) T:35 (   0.004   0.005   0.005   0.005   0.005   0.005 )
359.961: I:1 (   0.005   0.005   0.005 ) T:36 (   0.004   0.005   0.005   0.005   0.005   0.005 )
369.961: I:1 (   0.005   0.005   0.005 ) T:37 (   0.004   0.005   0.005   0.005   0.005   0.005 )
379.960: I:1 (   0.005   0.005   0.005 ) T:38 (   0.004   0.005   0.005   0.005   0.005   0.005 )
389.960: I:1 (   0.005   0.005   0.005 ) T:39 (   0.004   0.005   0.005   0.005   0.005   0.005 )
399.960: I:1 (   0.005   0.005   0.005 ) T:40 (   0.004   0.005   0.005   0.005   0.005   0.005 )
409.960: I:1 (   0.006   0.006   0.006 ) T:41 (   0.004   0.005   0.006   0.006   0.006   0.006 )
419.959: I:1 (   0.005   0.005   0.005 ) T:42 (   0.004   0.005   0.006   0.006   0.006   0.006 )
429.960: I:1 (   0.005   0.005   0.005 ) T:43 (   0.005   0.005   0.006   0.006   0.006   0.006 )
439.960: I:1 (   0.005   0.005   0.005 ) T:44 (   0.005   0.005   0.006   0.006   0.006   0.006 )
449.960: I:1 (   0.005   0.005   0.005 ) T:45 (   0.005   0.005   0.006   0.006   0.006   0.006 )
459.960: I:1 (   0.005   0.005   0.005 ) T:46 (   0.005   0.005   0.006   0.006   0.006   0.006 )
469.960: I:1 (   0.006   0.006   0.006 ) T:47 (   0.005   0.005   0.006   0.006   0.006   0.006 )
479.960: I:1 (   0.005   0.005   0.005 ) T:48 (   0.005   0.005   0.006   0.006   0.006   0.006 )
489.960: I:1 (   0.005   0.005   0.005 ) T:49 (   0.005   0.005   0.006   0.006   0.006   0.006 )
499.961: I:1 (   0.005   0.005   0.005 ) T:50 (   0.005   0.005   0.006   0.006   0.006   0.006 )
509.960: I:1 (   0.005   0.005   0.005 ) T:51 (   0.005   0.005   0.006   0.006   0.006   0.006 )
519.960: I:1 (   0.006   0.006   0.006 ) T:52 (   0.005   0.005   0.006   0.006   0.006   0.006 )
529.960: I:1 (   0.005   0.005   0.005 ) T:53 (   0.005   0.005   0.006   0.006   0.006   0.006 )
539.960: I:1 (   0.005   0.005   0.005 ) T:54 (   0.005   0.005   0.006   0.006   0.006   0.006 )
549.962: I:1 (   0.006   0.006   0.006 ) T:55 (   0.005   0.005   0.006   0.006   0.006   0.006 )
559.960: I:1 (   0.006   0.006   0.006 ) T:56 (   0.005   0.005   0.006   0.006   0.006   0.006 )
569.960: I:1 (   0.005   0.005   0.005 ) T:57 (   0.005   0.005   0.006   0.006   0.006   0.006 )
579.960: I:1 (   0.006   0.006   0.006 ) T:58 (   0.005   0.006   0.006   0.006   0.006   0.006 )
589.960: I:1 (   0.005   0.005   0.005 ) T:59 (   0.005   0.006   0.006   0.006   0.006   0.006 )
599.960: I:1 (   0.006   0.006   0.006 ) T:60 (   0.005   0.006   0.006   0.006   0.006   0.006 )
609.960: I:1 (   0.006   0.006   0.006 ) T:61 (   0.005   0.006   0.006   0.006   0.006   0.006 )
619.960: I:1 (   0.006   0.006   0.006 ) T:62 (   0.005   0.006   0.006   0.006   0.006   0.006 )
629.960: I:1 (   0.005   0.005   0.005 ) T:63 (   0.005   0.006   0.006   0.006   0.006   0.006 )
639.960: I:1 (   0.006   0.006   0.006 ) T:64 (   0.005   0.006   0.006   0.006   0.006   0.006 )
649.960: I:1 (   0.006   0.006   0.006 ) T:65 (   0.005   0.006   0.006   0.006   0.006   0.006 )
659.960: I:1 (   0.006   0.006   0.006 ) T:66 (   0.005   0.006   0.006   0.006   0.006   0.006 )
669.962: I:1 (   0.005   0.005   0.005 ) T:67 (   0.005   0.006   0.006   0.006   0.006   0.006 )
679.960: I:1 (   0.006   0.006   0.006 ) T:68 (   0.005   0.006   0.006   0.006   0.006   0.006 )
689.960: I:1 (   0.005   0.005   0.005 ) T:69 (   0.005   0.006   0.006   0.006   0.006   0.006 )
699.960: I:1 (   0.006   0.006   0.006 ) T:70 (   0.005   0.006   0.006   0.006   0.006   0.006 )
709.960: I:1 (   0.006   0.006   0.006 ) T:71 (   0.005   0.006   0.006   0.006   0.006   0.006 )
719.960: I:1 (   0.006   0.006   0.006 ) T:72 (   0.005   0.006   0.006   0.006   0.006   0.006 )
729.960: I:1 (   0.006   0.006   0.006 ) T:73 (   0.005   0.006   0.006   0.006   0.006   0.006 )
739.962: I:1 (   0.007   0.007   0.007 ) T:74 (   0.005   0.006   0.007   0.007   0.007   0.007 )
749.959: I:1 (   0.006   0.006   0.006 ) T:75 (   0.005   0.006   0.007   0.007   0.007   0.007 )
759.959: I:1 (   0.005   0.005   0.005 ) T:76 (   0.005   0.006   0.007   0.007   0.007   0.007 )
769.960: I:1 (   0.006   0.006   0.006 ) T:77 (   0.005   0.006   0.007   0.007   0.007   0.007 )
779.960: I:1 (   0.006   0.006   0.006 ) T:78 (   0.005   0.006   0.007   0.007   0.007   0.007 )
789.960: I:1 (   0.007   0.007   0.007 ) T:79 (   0.005   0.006   0.007   0.007   0.007   0.007 )
799.960: I:1 (   0.006   0.006   0.006 ) T:80 (   0.005   0.006   0.007   0.007   0.007   0.007 )
809.960: I:1 (   0.007   0.007   0.007 ) T:81 (   0.005   0.006   0.007   0.007   0.007   0.007 )
819.960: I:1 (   0.006   0.006   0.006 ) T:82 (   0.005   0.006   0.007   0.007   0.007   0.007 )
829.960: I:1 (   0.003   0.003   0.003 ) T:83 (   0.005   0.006   0.007   0.007   0.007   0.007 )
839.960: I:1 (   0.007   0.007   0.007 ) T:84 (   0.005   0.006   0.007   0.007   0.007   0.007 )
849.959: I:1 (   0.007   0.007   0.007 ) T:85 (   0.005   0.006   0.007   0.007   0.007   0.007 )
859.960: I:1 (   0.006   0.006   0.006 ) T:86 (   0.005   0.006   0.007   0.007   0.007   0.007 )
869.960: I:1 (   0.008   0.008   0.008 ) T:87 (   0.005   0.006   0.008   0.008   0.008   0.008 )
879.960: I:1 (   0.007   0.007   0.007 ) T:88 (   0.005   0.006   0.008   0.008   0.008   0.008 )
889.962: I:1 (   0.007   0.007   0.007 ) T:89 (   0.005   0.006   0.008   0.008   0.008   0.008 )
899.960: I:1 (   0.008   0.008   0.008 ) T:90 (   0.005   0.006   0.008   0.008   0.008   0.008 )
909.960: I:1 (   0.007   0.007   0.007 ) T:91 (   0.005   0.007   0.008   0.008   0.008   0.008 )
919.960: I:1 (   0.007   0.007   0.007 ) T:92 (   0.005   0.007   0.008   0.008   0.008   0.008 )
929.960: I:1 (   0.008   0.008   0.008 ) T:93 (   0.005   0.007   0.008   0.008   0.008   0.008 )
939.960: I:1 (   0.007   0.007   0.007 ) T:94 (   0.005   0.007   0.008   0.008   0.008   0.008 )
949.960: I:1 (   0.008   0.008   0.008 ) T:95 (   0.005   0.007   0.008   0.008   0.008   0.008 )
959.960: I:1 (   0.007   0.007   0.007 ) T:96 (   0.005   0.007   0.008   0.008   0.008   0.008 )
969.959: I:1 (   0.009   0.009   0.009 ) T:97 (   0.005   0.007   0.009   0.009   0.009   0.009 )
979.960: I:1 (   0.008   0.008   0.008 ) T:98 (   0.005   0.007   0.009   0.009   0.009   0.009 )
989.960: I:1 (   0.008   0.008   0.008 ) T:99 (   0.005   0.007   0.009   0.009   0.009   0.009 )
999.960: I:1 (   0.007   0.007   0.007 ) T:100 (   0.005   0.007   0.008   0.009   0.009   0.009 )
1009.959: I:1 (   0.008   0.008   0.008 ) T:101 (   0.005   0.007   0.008   0.009   0.009   0.009 )
1019.960: I:1 (   0.008   0.008   0.008 ) T:102 (   0.005   0.007   0.008   0.009   0.009   0.009 )
1029.960: I:1 (   0.008   0.008   0.008 ) T:103 (   0.005   0.007   0.008   0.009   0.009   0.009 )
1039.960: I:1 (   0.008   0.008   0.008 ) T:104 (   0.005   0.008   0.008   0.009   0.009   0.009 )
1049.960: I:1 (   0.008   0.008   0.008 ) T:105 (   0.005   0.008   0.008   0.009   0.009   0.009 )
1059.959: I:1 (   0.008   0.008   0.008 ) T:106 (   0.005   0.008   0.008   0.009   0.009   0.009 )
1069.960: I:1 (   0.008   0.008   0.008 ) T:107 (   0.005   0.008   0.008   0.009   0.009   0.009 )
1079.962: I:1 (   0.010   0.010   0.010 ) T:108 (   0.005   0.008   0.009   0.010   0.010   0.010 )
1089.960: I:1 (   0.009   0.009   0.009 ) T:109 (   0.005   0.008   0.009   0.010   0.010   0.010 )
1099.959: I:1 (   0.009   0.009   0.009 ) T:110 (   0.005   0.008   0.009   0.010   0.010   0.010 )
1109.960: I:1 (   0.009   0.009   0.009 ) T:111 (   0.005   0.008   0.009   0.010   0.010   0.010 )
1119.960: I:1 (   0.010   0.010   0.010 ) T:112 (   0.005   0.008   0.010   0.010   0.010   0.010 )
1129.959: I:1 (   0.009   0.009   0.009 ) T:113 (   0.005   0.008   0.010   0.010   0.010   0.010 )
1139.960: I:1 (   0.010   0.010   0.010 ) T:114 (   0.005   0.008   0.010   0.010   0.010   0.010 )
1149.959: I:1 (   0.011   0.011   0.011 ) T:115 (   0.005   0.008   0.010   0.011   0.011   0.011 )
1159.959: I:1 (   0.011   0.011   0.011 ) T:116 (   0.005   0.008   0.011   0.011   0.011   0.011 )
1169.960: I:1 (   0.010   0.010   0.010 ) T:117 (   0.006   0.008   0.011   0.011   0.011   0.011 )
1179.960: I:1 (   0.011   0.011   0.011 ) T:118 (   0.006   0.009   0.011   0.011   0.011   0.011 )
1189.960: I:1 (   0.010   0.010   0.010 ) T:119 (   0.006   0.009   0.011   0.011   0.011   0.011 )
1199.960: I:1 (   0.011   0.011   0.011 ) T:120 (   0.006   0.009   0.011   0.011   0.011   0.011 )
1209.960: I:1 (   0.012   0.012   0.012 ) T:121 (   0.006   0.009   0.011   0.012   0.012   0.012 )
1219.960: I:1 (   0.012   0.012   0.012 ) T:122 (   0.006   0.009   0.012   0.012   0.012   0.012 )
1229.960: I:1 (   0.012   0.012   0.012 ) T:123 (   0.006   0.009   0.012   0.012   0.012   0.012 )
1239.960: I:1 (   0.012   0.012   0.012 ) T:124 (   0.006   0.010   0.012   0.012   0.012   0.012 )
1249.959: I:1 (   0.012   0.012   0.012 ) T:125 (   0.006   0.010   0.012   0.012   0.012   0.012 )
1259.960: I:1 (   0.014   0.014   0.014 ) T:126 (   0.006   0.010   0.012   0.014   0.014   0.014 )
1269.959: I:1 (   0.012   0.012   0.012 ) T:127 (   0.006   0.010   0.012   0.014   0.014   0.014 )
1279.960: I:1 (   0.013   0.013   0.013 ) T:128 (   0.006   0.010   0.013   0.014   0.014   0.014 )
1289.960: I:1 (   0.014   0.014   0.014 ) T:129 (   0.006   0.011   0.014   0.014   0.014   0.014 )
1299.960: I:1 (   0.013   0.013   0.013 ) T:130 (   0.006   0.011   0.014   0.014   0.014   0.014 )
1309.960: I:1 (   0.015   0.015   0.015 ) T:131 (   0.006   0.011   0.014   0.015   0.015   0.015 )
1319.960: I:1 (   0.013   0.013   0.013 ) T:132 (   0.006   0.011   0.014   0.015   0.015   0.015 )
1329.960: I:1 (   0.017   0.017   0.017 ) T:133 (   0.006   0.011   0.015   0.017   0.017   0.017 )
1339.960: I:1 (   0.016   0.016   0.016 ) T:134 (   0.006   0.012   0.016   0.017   0.017   0.017 )
1349.960: I:1 (   0.017   0.017   0.017 ) T:135 (   0.006   0.012   0.017   0.017   0.017   0.017 )
1359.960: I:1 (   0.019   0.019   0.019 ) T:136 (   0.006   0.012   0.017   0.019   0.019   0.019 )
1369.960: I:1 (   0.018   0.018   0.018 ) T:137 (   0.006   0.012   0.018   0.019   0.019   0.019 )
1379.960: I:1 (   0.021   0.021   0.021 ) T:138 (   0.006   0.012   0.019   0.021   0.021   0.021 )
1389.960: I:1 (   0.023   0.023   0.023 ) T:139 (   0.006   0.012   0.021   0.023   0.023   0.023 )
1399.959: I:1 (   0.021   0.021   0.021 ) T:140 (   0.006   0.012   0.021   0.023   0.023   0.023 )
1409.960: I:1 (   0.022   0.022   0.022 ) T:141 (   0.006   0.013   0.022   0.023   0.023   0.023 )
1419.960: I:1 (   0.023   0.023   0.023 ) T:142 (   0.006   0.013   0.023   0.023   0.023   0.023 )
1429.960: I:1 (   0.025   0.025   0.025 ) T:143 (   0.006   0.013   0.023   0.025   0.025   0.025 )
1439.960: I:1 (   0.025   0.025   0.025 ) T:144 (   0.006   0.014   0.025   0.025   0.025   0.025 )
1449.960: I:1 (   0.028   0.028   0.028 ) T:145 (   0.006   0.014   0.025   0.028   0.028   0.028 )
1459.960: I:1 (   0.031   0.031   0.031 ) T:146 (   0.006   0.015   0.028   0.031   0.031   0.031 )
1469.960: I:1 (   0.033   0.033   0.033 ) T:147 (   0.006   0.016   0.031   0.033   0.033   0.033 )
1479.960: I:1 (   0.020   0.020   0.020 ) T:148 (   0.006   0.017   0.031   0.033   0.033   0.033 )
1489.960: I:1 (   0.021   0.021   0.021 ) T:149 (   0.006   0.017   0.031   0.033   0.033   0.033 )
1499.960: I:1 (   0.022   0.022   0.022 ) T:150 (   0.006   0.017   0.031   0.033   0.033   0.033 )
1509.960: I:1 (   0.025   0.025   0.025 ) T:151 (   0.006   0.018   0.031   0.033   0.033   0.033 )
1519.960: I:1 (   0.025   0.025   0.025 ) T:152 (   0.006   0.019   0.031   0.033   0.033   0.033 )
1529.959: I:1 (   0.025   0.025   0.025 ) T:153 (   0.006   0.020   0.031   0.033   0.033   0.033 )
1539.961: I:1 (   0.024   0.024   0.024 ) T:154 (   0.006   0.021   0.031   0.033   0.033   0.033 )
1549.960: I:1 (   0.030   0.030   0.030 ) T:155 (   0.006   0.021   0.031   0.033   0.033   0.033 )
1559.960: I:1 (   0.029   0.029   0.029 ) T:156 (   0.006   0.021   0.031   0.033   0.033   0.033 )
1569.960: I:1 (   0.032   0.032   0.032 ) T:157 (   0.006   0.022   0.032   0.033   0.033   0.033 )
1579.959: I:1 (   0.023   0.023   0.023 ) T:158 (   0.006   0.022   0.032   0.033   0.033   0.033 )
1589.960: I:1 (   0.020   0.020   0.020 ) T:159 (   0.006   0.022   0.032   0.033   0.033   0.033 )
1599.960: I:1 (   0.020   0.020   0.020 ) T:160 (   0.006   0.022   0.032   0.033   0.033   0.033 )
1609.960: I:1 (   0.020   0.020   0.020 ) T:161 (   0.006   0.022   0.032   0.033   0.033   0.033 )
1619.960: I:1 (   0.020   0.020   0.020 ) T:162 (   0.006   0.022   0.032   0.033   0.033   0.033 )
1629.960: I:1 (   0.025   0.025   0.025 ) T:163 (   0.007   0.022   0.032   0.033   0.033   0.033 )
1639.959: I:1 (   0.025   0.025   0.025 ) T:164 (   0.007   0.023   0.032   0.033   0.033   0.033 )
1649.960: I:1 (   0.026   0.026   0.026 ) T:165 (   0.007   0.023   0.032   0.033   0.033   0.033 )
1659.960: I:1 (   0.026   0.026   0.026 ) T:166 (   0.007   0.023   0.032   0.033   0.033   0.033 )
1669.960: I:1 (   0.028   0.028   0.028 ) T:167 (   0.007   0.024   0.032   0.033   0.033   0.033 )
1679.960: I:1 (   0.017   0.017   0.017 ) T:168 (   0.007   0.024   0.032   0.033   0.033   0.033 )
1689.959: I:1 (   0.013   0.013   0.013 ) T:169 (   0.007   0.024   0.032   0.033   0.033   0.033 )
1699.960: I:1 (   0.015   0.015   0.015 ) T:170 (   0.007   0.023   0.032   0.033   0.033   0.033 )
1709.959: I:1 (   0.016   0.016   0.016 ) T:171 (   0.007   0.023   0.032   0.033   0.033   0.033 )
1719.959: I:1 (   0.016   0.016   0.016 ) T:172 (   0.007   0.023   0.032   0.033   0.033   0.033 )
1729.960: I:1 (   0.016   0.016   0.016 ) T:173 (   0.007   0.023   0.032   0.033   0.033   0.033 )
1739.959: I:1 (   0.018   0.018   0.018 ) T:174 (   0.007   0.023   0.032   0.033   0.033   0.033 )
1749.960: I:1 (   0.017   0.017   0.017 ) T:175 (   0.007   0.023   0.032   0.033   0.033   0.033 )
1759.960: I:1 (   0.018   0.018   0.018 ) T:176 (   0.007   0.023   0.032   0.033   0.033   0.033 )
1769.959: I:1 (   0.017   0.017   0.017 ) T:177 (   0.007   0.023   0.032   0.033   0.033   0.033 )
1779.960: I:1 (   0.018   0.018   0.018 ) T:178 (   0.007   0.023   0.032   0.033   0.033   0.033 )
1789.960: I:1 (   0.019   0.019   0.019 ) T:179 (   0.007   0.023   0.032   0.033   0.033   0.033 )
1799.959: I:1 (   0.018   0.018   0.018 ) T:180 (   0.007   0.023   0.032   0.033   0.033   0.033 )
1809.959: I:1 (   0.020   0.020   0.020 ) T:181 (   0.007   0.023   0.032   0.033   0.033   0.033 )
1819.959: I:1 (   0.020   0.020   0.020 ) T:182 (   0.007   0.023   0.032   0.033   0.033   0.033 )
1829.961: I:1 (   0.020   0.020   0.020 ) T:183 (   0.007   0.023   0.032   0.033   0.033   0.033 )
1839.959: I:1 (   0.027   0.027   0.027 ) T:184 (   0.007   0.023   0.032   0.033   0.033   0.033 )
1849.960: I:1 (   0.025   0.025   0.025 ) T:185 (   0.007   0.024   0.032   0.033   0.033   0.033 )
1859.960: I:1 (   0.026   0.026   0.026 ) T:186 (   0.007   0.025   0.032   0.033   0.033   0.033 )
1869.960: I:1 (   0.024   0.024   0.024 ) T:187 (   0.008   0.025   0.032   0.033   0.033   0.033 )
1879.960: I:1 (   0.026   0.026   0.026 ) T:188 (   0.008   0.025   0.032   0.033   0.033   0.033 )
1889.960: I:1 (   0.027   0.027   0.027 ) T:189 (   0.008   0.025   0.032   0.033   0.033   0.033 )
1899.960: I:1 (   0.027   0.027   0.027 ) T:190 (   0.008   0.025   0.032   0.033   0.033   0.033 )
1909.960: I:1 (   0.032   0.032   0.032 ) T:191 (   0.008   0.025   0.032   0.033   0.033   0.033 )
1919.959: I:1 (   0.027   0.027   0.027 ) T:192 (   0.008   0.025   0.032   0.033   0.033   0.033 )
1929.960: I:1 (   0.021   0.021   0.021 ) T:193 (   0.008   0.025   0.032   0.033   0.033   0.033 )
1939.959: I:1 (   0.024   0.024   0.024 ) T:194 (   0.008   0.025   0.032   0.033   0.033   0.033 )
1949.960: I:1 (   0.025   0.025   0.025 ) T:195 (   0.008   0.025   0.032   0.033   0.033   0.033 )
1959.960: I:1 (   0.028   0.028   0.028 ) T:196 (   0.008   0.025   0.032   0.033   0.033   0.033 )
1969.960: I:1 (   0.032   0.032   0.032 ) T:197 (   0.008   0.025   0.032   0.033   0.033   0.033 )
1979.960: I:1 (   0.029   0.029   0.029 ) T:198 (   0.008   0.025   0.032   0.033   0.033   0.033 )
1989.959: I:1 (   0.024   0.024   0.024 ) T:199 (   0.008   0.025   0.032   0.033   0.033   0.033 )
1999.960: I:1 (   0.029   0.029   0.029 ) T:200 (   0.008   0.025   0.032   0.033   0.033   0.033 )
2009.960: I:1 (   0.031   0.031   0.031 ) T:201 (   0.008   0.026   0.032   0.033   0.033   0.033 )
2019.960: I:1 (   0.031   0.031   0.031 ) T:202 (   0.008   0.026   0.032   0.033   0.033   0.033 )
2029.960: I:1 (   0.031   0.031   0.031 ) T:203 (   0.008   0.026   0.032   0.033   0.033   0.033 )
2039.960: I:1 (   0.024   0.024   0.024 ) T:204 (   0.008   0.026   0.032   0.033   0.033   0.033 )
2049.960: I:1 (   0.019   0.019   0.019 ) T:205 (   0.008   0.026   0.032   0.033   0.033   0.033 )
2059.960: I:1 (   0.025   0.025   0.025 ) T:206 (   0.008   0.026   0.032   0.033   0.033   0.033 )
2069.960: I:1 (   0.023   0.023   0.023 ) T:207 (   0.008   0.026   0.032   0.033   0.033   0.033 )
2079.960: I:1 (   0.024   0.024   0.024 ) T:208 (   0.008   0.026   0.032   0.033   0.033   0.033 )
2089.961: I:1 (   0.028   0.028   0.028 ) T:209 (   0.008   0.026   0.032   0.033   0.033   0.033 )
2099.960: I:1 (   0.027   0.027   0.027 ) T:210 (   0.008   0.026   0.032   0.033   0.033   0.033 )
2109.960: I:1 (   0.017   0.017   0.017 ) T:211 (   0.008   0.026   0.032   0.033   0.033   0.033 )
2119.960: I:1 (   0.017   0.017   0.017 ) T:212 (   0.008   0.026   0.032   0.033   0.033   0.033 )
2129.960: I:1 (   0.017   0.017   0.017 ) T:213 (   0.009   0.026   0.032   0.033   0.033   0.033 )
2139.960: I:1 (   0.019   0.019   0.019 ) T:214 (   0.009   0.026   0.032   0.033   0.033   0.033 )
2149.960: I:1 (   0.017   0.017   0.017 ) T:215 (   0.009   0.026   0.032   0.033   0.033   0.033 )
2159.959: I:1 (   0.021   0.021   0.021 ) T:216 (   0.009   0.026   0.032   0.033   0.033   0.033 )
2169.960: I:1 (   0.021   0.021   0.021 ) T:217 (   0.009   0.026   0.032   0.033   0.033   0.033 )
2179.959: I:1 (   0.020   0.020   0.020 ) T:218 (   0.009   0.026   0.032   0.033   0.033   0.033 )
2189.960: I:1 (   0.021   0.021   0.021 ) T:219 (   0.009   0.026   0.032   0.033   0.033   0.033 )
2199.960: I:1 (   0.020   0.020   0.020 ) T:220 (   0.009   0.026   0.032   0.033   0.033   0.033 )
2209.960: I:1 (   0.024   0.024   0.024 ) T:221 (   0.009   0.026   0.032   0.033   0.033   0.033 )
2219.959: I:1 (   0.025   0.025   0.025 ) T:222 (   0.009   0.026   0.032   0.033   0.033   0.033 )
2229.960: I:1 (   0.026   0.026   0.026 ) T:223 (   0.010   0.026   0.032   0.033   0.033   0.033 )
2239.960: I:1 (   0.029   0.029   0.029 ) T:224 (   0.010   0.026   0.032   0.033   0.033   0.033 )
2249.960: I:1 (   0.023   0.023   0.023 ) T:225 (   0.010   0.026   0.032   0.033   0.033   0.033 )
2259.959: I:1 (   0.020   0.020   0.020 ) T:226 (   0.010   0.026   0.032   0.033   0.033   0.033 )
2269.959: I:1 (   0.019   0.019   0.019 ) T:227 (   0.010   0.026   0.032   0.033   0.033   0.033 )
2279.959: I:1 (   0.019   0.019   0.019 ) T:228 (   0.010   0.026   0.032   0.033   0.033   0.033 )
2289.960: I:1 (   0.020   0.020   0.020 ) T:229 (   0.010   0.026   0.032   0.033   0.033   0.033 )
2299.959: I:1 (   0.021   0.021   0.021 ) T:230 (   0.010   0.026   0.032   0.033   0.033   0.033 )
2309.960: I:1 (   0.020   0.020   0.020 ) T:231 (   0.010   0.026   0.032   0.033   0.033   0.033 )
2319.960: I:1 (   0.019   0.019   0.019 ) T:232 (   0.010   0.026   0.032   0.033   0.033   0.033 )
2329.959: I:1 (   0.020   0.020   0.020 ) T:233 (   0.011   0.026   0.032   0.033   0.033   0.033 )
2339.960: I:1 (   0.027   0.027   0.027 ) T:234 (   0.011   0.026   0.032   0.033   0.033   0.033 )
2349.959: I:1 (   0.028   0.028   0.028 ) T:235 (   0.011   0.027   0.032   0.033   0.033   0.033 )
2359.960: I:1 (   0.031   0.031   0.031 ) T:236 (   0.011   0.027   0.032   0.033   0.033   0.033 )
2369.959: I:1 (   0.020   0.020   0.020 ) T:237 (   0.011   0.027   0.032   0.033   0.033   0.033 )
2379.959: I:1 (   0.016   0.016   0.016 ) T:238 (   0.011   0.027   0.032   0.033   0.033   0.033 )
2389.961: I:1 (   0.019   0.019   0.019 ) T:239 (   0.011   0.027   0.032   0.033   0.033   0.033 )
2399.960: I:1 (   0.023   0.023   0.023 ) T:240 (   0.011   0.027   0.032   0.033   0.033   0.033 )
2409.960: I:1 (   0.021   0.021   0.021 ) T:241 (   0.012   0.027   0.032   0.033   0.033   0.033 )
2419.959: I:1 (   0.022   0.022   0.022 ) T:242 (   0.012   0.027   0.032   0.033   0.033   0.033 )
2429.959: I:1 (   0.024   0.024   0.024 ) T:243 (   0.012   0.027   0.032   0.033   0.033   0.033 )
2439.959: I:1 (   0.022   0.022   0.022 ) T:244 (   0.012   0.027   0.032   0.033   0.033   0.033 )
2449.960: I:1 (   0.026   0.026   0.026 ) T:245 (   0.012   0.027   0.032   0.033   0.033   0.033 )
2459.961: I:1 (   0.025   0.025   0.025 ) T:246 (   0.012   0.027   0.032   0.033   0.033   0.033 )
2469.959: I:1 (   0.029   0.029   0.029 ) T:247 (   0.012   0.027   0.032   0.033   0.033   0.033 )
2479.959: I:1 (   0.021   0.021   0.021 ) T:248 (   0.012   0.027   0.032   0.033   0.033   0.033 )
2489.960: I:1 (   0.025   0.025   0.025 ) T:249 (   0.012   0.027   0.032   0.033   0.033   0.033 )
2499.960: I:1 (   0.029   0.029   0.029 ) T:250 (   0.012   0.027   0.032   0.033   0.033   0.033 )
2509.960: I:1 (   0.027   0.027   0.027 ) T:251 (   0.012   0.027   0.032   0.033   0.033   0.033 )
2519.959: I:1 (   0.030   0.030   0.030 ) T:252 (   0.012   0.027   0.032   0.033   0.033   0.033 )
2529.960: I:1 (   0.014   0.014   0.014 ) T:253 (   0.013   0.027   0.032   0.033   0.033   0.033 )
2539.960: I:1 (   0.016   0.016   0.016 ) T:254 (   0.013   0.027   0.032   0.033   0.033   0.033 )
2549.960: I:1 (   0.018   0.018   0.018 ) T:255 (   0.013   0.027   0.032   0.033   0.033   0.033 )
2559.961: I:1 (   0.015   0.015   0.015 ) T:256 (   0.013   0.027   0.032   0.033   0.033   0.033 )
2569.960: I:1 (   0.012   0.012   0.012 ) T:257 (   0.013   0.027   0.032   0.033   0.033   0.033 )
2579.960: I:1 (   0.018   0.018   0.018 ) T:258 (   0.013   0.027   0.032   0.033   0.033   0.033 )
2589.960: I:1 (   0.021   0.021   0.021 ) T:259 (   0.013   0.027   0.032   0.033   0.033   0.033 )
2599.960: I:1 (   0.023   0.023   0.023 ) T:260 (   0.013   0.027   0.032   0.033   0.033   0.033 )
2609.960: I:1 (   0.025   0.025   0.025 ) T:261 (   0.013   0.027   0.032   0.033   0.033   0.033 )
2619.959: I:1 (   0.027   0.027   0.027 ) T:262 (   0.013   0.027   0.032   0.033   0.033   0.033 )
2629.960: I:1 (   0.030   0.030   0.030 ) T:263 (   0.014   0.027   0.032   0.033   0.033   0.033 )
2639.961: I:1 (   0.026   0.026   0.026 ) T:264 (   0.014   0.027   0.032   0.033   0.033   0.033 )
2649.960: I:1 (   0.023   0.023   0.023 ) T:265 (   0.014   0.027   0.032   0.033   0.033   0.033 )
2659.960: I:1 (   0.023   0.023   0.023 ) T:266 (   0.014   0.027   0.032   0.033   0.033   0.033 )
2669.960: I:1 (   0.025   0.025   0.025 ) T:267 (   0.014   0.027   0.032   0.033   0.033   0.033 )
2679.959: I:1 (   0.030   0.030   0.030 ) T:268 (   0.014   0.027   0.032   0.033   0.033   0.033 )
2689.959: I:1 (   0.021   0.021   0.021 ) T:269 (   0.015   0.027   0.032   0.033   0.033   0.033 )
2699.959: I:1 (   0.016   0.016   0.016 ) T:270 (   0.015   0.027   0.032   0.033   0.033   0.033 )
2709.959: I:1 (   0.019   0.019   0.019 ) T:271 (   0.015   0.027   0.032   0.033   0.033   0.033 )
2719.960: I:1 (   0.018   0.018   0.018 ) T:272 (   0.015   0.027   0.032   0.033   0.033   0.033 )
2729.959: I:1 (   0.022   0.022   0.022 ) T:273 (   0.015   0.027   0.032   0.033   0.033   0.033 )
2739.960: I:1 (   0.023   0.023   0.023 ) T:274 (   0.015   0.027   0.032   0.033   0.033   0.033 )
2749.959: I:1 (   0.024   0.024   0.024 ) T:275 (   0.016   0.027   0.032   0.033   0.033   0.033 )
2759.960: I:1 (   0.027   0.027   0.027 ) T:276 (   0.016   0.027   0.032   0.033   0.033   0.033 )
2769.959: I:1 (   0.024   0.024   0.024 ) T:277 (   0.016   0.027   0.032   0.033   0.033   0.033 )
2779.960: I:1 (   0.019   0.019   0.019 ) T:278 (   0.016   0.027   0.032   0.033   0.033   0.033 )
2789.960: I:1 (   0.021   0.021   0.021 ) T:279 (   0.016   0.027   0.032   0.033   0.033   0.033 )
2799.960: I:1 (   0.021   0.021   0.021 ) T:280 (   0.016   0.027   0.032   0.033   0.033   0.033 )
2809.960: I:1 (   0.023   0.023   0.023 ) T:281 (   0.016   0.027   0.032   0.033   0.033   0.033 )
2819.959: I:1 (   0.023   0.023   0.023 ) T:282 (   0.016   0.027   0.032   0.033   0.033   0.033 )
2829.960: I:1 (   0.024   0.024   0.024 ) T:283 (   0.016   0.027   0.032   0.033   0.033   0.033 )
2839.960: I:1 (   0.015   0.015   0.015 ) T:284 (   0.016   0.027   0.032   0.033   0.033   0.033 )
2849.960: I:1 (   0.013   0.013   0.013 ) T:285 (   0.016   0.027   0.032   0.033   0.033   0.033 )
2859.959: I:1 (   0.014   0.014   0.014 ) T:286 (   0.016   0.027   0.032   0.033   0.033   0.033 )
2869.960: I:1 (   0.012   0.012   0.012 ) T:287 (   0.016   0.027   0.032   0.033   0.033   0.033 )
2879.960: I:1 (   0.013   0.013   0.013 ) T:288 (   0.016   0.027   0.032   0.033   0.033   0.033 )
2889.960: I:1 (   0.016   0.016   0.016 ) T:289 (   0.016   0.027   0.032   0.033   0.033   0.033 )
2899.960: I:1 (   0.019   0.019   0.019 ) T:290 (   0.016   0.027   0.032   0.033   0.033   0.033 )
2909.960: I:1 (   0.017   0.017   0.017 ) T:291 (   0.016   0.027   0.032   0.033   0.033   0.033 )
2919.959: I:1 (   0.012   0.012   0.012 ) T:292 (   0.016   0.027   0.032   0.033   0.033   0.033 )
2929.960: I:1 (   0.015   0.015   0.015 ) T:293 (   0.016   0.027   0.032   0.033   0.033   0.033 )
2939.962: I:1 (   0.011   0.011   0.011 ) T:294 (   0.016   0.027   0.032   0.033   0.033   0.033 )
2949.960: I:1 (   0.011   0.011   0.011 ) T:295 (   0.016   0.027   0.032   0.033   0.033   0.033 )
2959.960: I:1 (   0.006   0.006   0.006 ) T:296 (   0.016   0.027   0.032   0.033   0.033   0.033 )
2969.959: I:1 (   0.013   0.013   0.013 ) T:297 (   0.016   0.027   0.032   0.033   0.033   0.033 )
2979.960: I:1 (   0.009   0.009   0.009 ) T:298 (   0.015   0.027   0.032   0.033   0.033   0.033 )
2989.959: I:1 (   0.013   0.013   0.013 ) T:299 (   0.015   0.027   0.032   0.033   0.033   0.033 )
2999.959: I:1 (   0.016   0.016   0.016 ) T:300 (   0.015   0.027   0.032   0.033   0.033   0.033 )
3009.960: I:1 (   0.022   0.022   0.022 ) T:301 (   0.016   0.027   0.032   0.033   0.033   0.033 )
3019.959: I:1 (   0.024   0.024   0.024 ) T:302 (   0.016   0.027   0.032   0.033   0.033   0.033 )
3029.959: I:1 (   0.024   0.024   0.024 ) T:303 (   0.016   0.027   0.032   0.033   0.033   0.033 )
3039.960: I:1 (   0.024   0.024   0.024 ) T:304 (   0.016   0.027   0.032   0.033   0.033   0.033 )
3049.960: I:1 (   0.027   0.027   0.027 ) T:305 (   0.016   0.027   0.032   0.033   0.033   0.033 )
3059.960: I:1 (   0.027   0.027   0.027 ) T:306 (   0.016   0.027   0.032   0.033   0.033   0.033 )
3069.959: I:1 (   0.021   0.021   0.021 ) T:307 (   0.016   0.027   0.032   0.033   0.033   0.033 )
3079.961: I:1 (   0.017   0.017   0.017 ) T:308 (   0.016   0.027   0.032   0.033   0.033   0.033 )
3089.959: I:1 (   0.018   0.018   0.018 ) T:309 (   0.016   0.027   0.032   0.033   0.033   0.033 )
3099.960: I:1 (   0.015   0.015   0.015 ) T:310 (   0.016   0.027   0.032   0.033   0.033   0.033 )
3109.960: I:1 (   0.018   0.018   0.018 ) T:311 (   0.016   0.027   0.032   0.033   0.033   0.033 )
3119.959: I:1 (   0.018   0.018   0.018 ) T:312 (   0.016   0.027   0.032   0.033   0.033   0.033 )
3129.961: I:1 (   0.019   0.019   0.019 ) T:313 (   0.016   0.027   0.032   0.033   0.033   0.033 )
3139.959: I:1 (   0.019   0.019   0.019 ) T:314 (   0.016   0.027   0.032   0.033   0.033   0.033 )
3149.960: I:1 (   0.019   0.019   0.019 ) T:315 (   0.016   0.027   0.032   0.033   0.033   0.033 )
3159.960: I:1 (   0.016   0.016   0.016 ) T:316 (   0.016   0.027   0.032   0.033   0.033   0.033 )
3169.959: I:1 (   0.011   0.011   0.011 ) T:317 (   0.016   0.027   0.032   0.033   0.033   0.033 )
3179.960: I:1 (   0.020   0.020   0.020 ) T:318 (   0.016   0.027   0.032   0.033   0.033   0.033 )
3189.959: I:1 (   0.014   0.014   0.014 ) T:319 (   0.016   0.027   0.032   0.033   0.033   0.033 )
3199.960: I:1 (   0.008   0.008   0.008 ) T:320 (   0.016   0.027   0.032   0.033   0.033   0.033 )
3209.960: I:1 (   0.013   0.013   0.013 ) T:321 (   0.016   0.027   0.032   0.033   0.033   0.033 )
3219.960: I:1 (   0.016   0.016   0.016 ) T:322 (   0.016   0.027   0.032   0.033   0.033   0.033 )
3229.960: I:1 (   0.016   0.016   0.016 ) T:323 (   0.016   0.027   0.032   0.033   0.033   0.033 )
3239.959: I:1 (   0.017   0.017   0.017 ) T:324 (   0.016   0.027   0.032   0.033   0.033   0.033 )
3249.960: I:1 (   0.020   0.020   0.020 ) T:325 (   0.016   0.027   0.032   0.033   0.033   0.033 )
3259.959: I:1 (   0.017   0.017   0.017 ) T:326 (   0.016   0.027   0.032   0.033   0.033   0.033 )
3269.960: I:1 (   0.021   0.021   0.021 ) T:327 (   0.016   0.027   0.032   0.033   0.033   0.033 )
3279.959: I:1 (   0.016   0.016   0.016 ) T:328 (   0.016   0.027   0.032   0.033   0.033   0.033 )
3289.959: I:1 (   0.018   0.018   0.018 ) T:329 (   0.016   0.027   0.032   0.033   0.033   0.033 )
3299.960: I:1 (   0.021   0.021   0.021 ) T:330 (   0.016   0.027   0.032   0.033   0.033   0.033 )
3309.960: I:1 (   0.022   0.022   0.022 ) T:331 (   0.016   0.027   0.032   0.033   0.033   0.033 )
3319.962: I:1 (   0.022   0.022   0.022 ) T:332 (   0.016   0.027   0.032   0.033   0.033   0.033 )
3329.960: I:1 (   0.021   0.021   0.021 ) T:333 (   0.016   0.027   0.032   0.033   0.033   0.033 )
3340.143: I:1 (   0.020   0.020   0.020 ) T:334 (   0.016   0.027   0.032   0.033   0.033   0.033 )
3350.091: I:1 (   0.007   0.007   0.007 ) T:335 (   0.016   0.027   0.032   0.033   0.033   0.033 )
3360.036: I:1 (   0.009   0.009   0.009 ) T:336 (   0.016   0.027   0.032   0.033   0.033   0.033 )
3370.252: I:1 (   0.006   0.006   0.006 ) T:337 (   0.016   0.027   0.032   0.033   0.033   0.033 )
3379.960: I:1 (   0.008   0.008   0.008 ) T:338 (   0.016   0.027   0.032   0.033   0.033   0.033 )
3390.118: I:1 (   0.003   0.003   0.003 ) T:339 (   0.016   0.027   0.032   0.033   0.033   0.033 )
3399.959: I:1 (   0.007   0.007   0.007 ) T:340 (   0.016   0.027   0.032   0.033   0.033   0.033 )
3409.961: I:1 (   0.008   0.008   0.008 ) T:341 (   0.016   0.027   0.032   0.033   0.033   0.033 )
3419.959: I:1 (   0.010   0.010   0.010 ) T:342 (   0.016   0.027   0.032   0.033   0.033   0.033 )
3429.960: I:1 (   0.012   0.012   0.012 ) T:343 (   0.016   0.027   0.032   0.033   0.033   0.033 )
3440.047: I:1 (   0.008   0.008   0.008 ) T:344 (   0.016   0.027   0.032   0.033   0.033   0.033 )
3450.006: I:1 (   0.007   0.007   0.007 ) T:345 (   0.016   0.027   0.032   0.033   0.033   0.033 )
3461.016: I:1 (   0.005   0.005   0.005 ) T:346 (   0.016   0.027   0.032   0.033   0.033   0.033 )
3470.063: I:1 (   0.005   0.005   0.005 ) T:347 (   0.016   0.027   0.032   0.033   0.033   0.033 )
3480.237: I:1 (   0.008   0.008   0.008 ) T:348 (   0.016   0.027   0.032   0.033   0.033   0.033 )
3490.013: I:1 (   0.006   0.006   0.006 ) T:349 (   0.016   0.027   0.032   0.033   0.033   0.033 )
3500.073: I:1 (   0.007   0.007   0.007 ) T:350 (   0.016   0.026   0.032   0.033   0.033   0.033 )
3510.295: I:1 (   0.008   0.008   0.008 ) T:351 (   0.016   0.026   0.032   0.033   0.033   0.033 )
3519.959: I:1 (   0.005   0.005   0.005 ) T:352 (   0.016   0.026   0.032   0.033   0.033   0.033 )
3529.959: I:1 (   0.011   0.011   0.011 ) T:353 (   0.016   0.026   0.032   0.033   0.033   0.033 )
3539.959: I:1 (   0.019   0.019   0.019 ) T:354 (   0.016   0.026   0.032   0.033   0.033   0.033 )
3549.959: I:1 (   0.028   0.028   0.028 ) T:355 (   0.016   0.027   0.032   0.033   0.033   0.033 )
3559.960: I:1 (   0.023   0.023   0.023 ) T:356 (   0.016   0.027   0.032   0.033   0.033   0.033 )
3569.960: I:1 (   0.025   0.025   0.025 ) T:357 (   0.016   0.027   0.032   0.033   0.033   0.033 )
3579.960: I:1 (   0.029   0.029   0.029 ) T:358 (   0.016   0.027   0.032   0.033   0.033   0.033 )
3589.960: I:1 (   0.028   0.028   0.028 ) T:359 (   0.016   0.027   0.032   0.033   0.033   0.033 )
3599.960: I:1 (   0.029   0.029   0.029 ) T:360 (   0.016   0.027   0.032   0.033   0.033   0.033 )
3609.960: I:1 (   0.033   0.033   0.033 ) T:361 (   0.016   0.027   0.032   0.033   0.033   0.033 )
3619.960: I:1 (   0.020   0.020   0.020 ) T:362 (   0.016   0.027   0.032   0.033   0.033   0.033 )
3629.960: I:1 (   0.020   0.020   0.020 ) T:363 (   0.016   0.027   0.032   0.033   0.033   0.033 )
3639.960: I:1 (   0.021   0.021   0.021 ) T:364 (   0.016   0.027   0.032   0.033   0.033   0.033 )
3649.960: I:1 (   0.021   0.021   0.021 ) T:365 (   0.016   0.027   0.032   0.033   0.033   0.033 )
3659.960: I:1 (   0.023   0.023   0.023 ) T:366 (   0.016   0.027   0.032   0.033   0.033   0.033 )
3669.960: I:1 (   0.026   0.026   0.026 ) T:367 (   0.016   0.027   0.032   0.033   0.033   0.033 )
3679.960: I:1 (   0.028   0.028   0.028 ) T:368 (   0.016   0.027   0.032   0.033   0.033   0.033 )
3689.960: I:1 (   0.032   0.032   0.032 ) T:369 (   0.016   0.027   0.032   0.033   0.033   0.033 )
3699.960: I:1 (   0.032   0.032   0.032 ) T:370 (   0.016   0.027   0.032   0.033   0.033   0.033 )
3709.960: I:1 (   0.024   0.024   0.024 ) T:371 (   0.016   0.027   0.032   0.033   0.033   0.033 )
3719.959: I:1 (   0.022   0.022   0.022 ) T:372 (   0.016   0.027   0.032   0.033   0.033   0.033 )
3729.960: I:1 (   0.026   0.026   0.026 ) T:373 (   0.016   0.027   0.032   0.033   0.033   0.033 )
3739.960: I:1 (   0.025   0.025   0.025 ) T:374 (   0.016   0.027   0.032   0.033   0.033   0.033 )
3749.959: I:1 (   0.031   0.031   0.031 ) T:375 (   0.017   0.027   0.032   0.033   0.033   0.033 )
3759.960: I:1 (   0.025   0.025   0.025 ) T:376 (   0.017   0.027   0.032   0.033   0.033   0.033 )
3769.960: I:1 (   0.023   0.023   0.023 ) T:377 (   0.017   0.027   0.032   0.033   0.033   0.033 )
3779.960: I:1 (   0.023   0.023   0.023 ) T:378 (   0.017   0.027   0.032   0.033   0.033   0.033 )
3789.960: I:1 (   0.027   0.027   0.027 ) T:379 (   0.017   0.027   0.032   0.033   0.033   0.033 )
3799.959: I:1 (   0.026   0.026   0.026 ) T:380 (   0.017   0.027   0.032   0.033   0.033   0.033 )
3809.960: I:1 (   0.028   0.028   0.028 ) T:381 (   0.017   0.027   0.032   0.033   0.033   0.033 )
3819.960: I:1 (   0.032   0.032   0.032 ) T:382 (   0.017   0.027   0.032   0.033   0.033   0.033 )
3829.959: I:1 (   0.020   0.020   0.020 ) T:383 (   0.017   0.027   0.032   0.033   0.033   0.033 )
3839.959: I:1 (   0.016   0.016   0.016 ) T:384 (   0.017   0.027   0.032   0.033   0.033   0.033 )
3845.984: I:2 (   0.009   0.017   0.017 ) T:386 (   0.017   0.027   0.032   0.033   0.033   0.033 )
3846.023: I:0 (   0.000   0.000   0.000 ) T:386 (   0.017   0.027   0.032   0.033   0.033   0.033 )
