#[Interval percentile log between 0.000 and <Infinite> seconds (relative to StartTime)]
#[StartTime: 1524503793.409 (seconds since epoch), Mon Apr 23 19:16:33 CEST 2018]
Time: IntervalPercentiles:count ( 50% 90% Max ) TotalPercentiles:count ( 50% 90% 99% 99.9% 99.99% Max )
9.963: I:1 (   0.001   0.001   0.001 ) T:1 (   0.001   0.001   0.001   0.001   0.001   0.001 )
19.961: I:1 (   0.001   0.001   0.001 ) T:2 (   0.001   0.001   0.001   0.001   0.001   0.001 )
29.961: I:1 (   0.001   0.001   0.001 ) T:3 (   0.001   0.001   0.001   0.001   0.001   0.001 )
39.960: I:1 (   0.001   0.001   0.001 ) T:4 (   0.001   0.001   0.001   0.001   0.001   0.001 )
49.960: I:1 (   0.001   0.001   0.001 ) T:5 (   0.001   0.001   0.001   0.001   0.001   0.001 )
59.964: I:1 (   0.001   0.001   0.001 ) T:6 (   0.001   0.001   0.001   0.001   0.001   0.001 )
69.960: I:1 (   0.001   0.001   0.001 ) T:7 (   0.001   0.001   0.001   0.001   0.001   0.001 )
79.960: I:1 (   0.001   0.001   0.001 ) T:8 (   0.001   0.001   0.001   0.001   0.001   0.001 )
89.960: I:1 (   0.001   0.001   0.001 ) T:9 (   0.001   0.001   0.001   0.001   0.001   0.001 )
99.960: I:1 (   0.001   0.001   0.001 ) T:10 (   0.001   0.001   0.001   0.001   0.001   0.001 )
109.960: I:1 (   0.001   0.001   0.001 ) T:11 (   0.001   0.001   0.001   0.001   0.001   0.001 )
119.960: I:1 (   0.001   0.001   0.001 ) T:12 (   0.001   0.001   0.001   0.001   0.001   0.001 )
129.960: I:1 (   0.001   0.001   0.001 ) T:13 (   0.001   0.001   0.001   0.001   0.001   0.001 )
139.960: I:1 (   0.001   0.001   0.001 ) T:14 (   0.001   0.001   0.001   0.001   0.001   0.001 )
149.960: I:1 (   0.001   0.001   0.001 ) T:15 (   0.001   0.001   0.001   0.001   0.001   0.001 )
159.960: I:1 (   0.001   0.001   0.001 ) T:16 (   0.001   0.001   0.001   0.001   0.001   0.001 )
169.960: I:1 (   0.001   0.001   0.001 ) T:17 (   0.001   0.001   0.001   0.001   0.001   0.001 )
179.960: I:1 (   0.001   0.001   0.001 ) T:18 (   0.001   0.001   0.001   0.001   0.001   0.001 )
189.960: I:1 (   0.001   0.001   0.001 ) T:19 (   0.001   0.001   0.001   0.001   0.001   0.001 )
199.960: I:1 (   0.001   0.001   0.001 ) T:20 (   0.001   0.001   0.001   0.001   0.001   0.001 )
209.960: I:1 (   0.001   0.001   0.001 ) T:21 (   0.001   0.001   0.001   0.001   0.001   0.001 )
219.960: I:1 (   0.001   0.001   0.001 ) T:22 (   0.001   0.001   0.001   0.001   0.001   0.001 )
229.960: I:1 (   0.001   0.001   0.001 ) T:23 (   0.001   0.001   0.001   0.001   0.001   0.001 )
239.960: I:1 (   0.001   0.001   0.001 ) T:24 (   0.001   0.001   0.001   0.001   0.001   0.001 )
249.960: I:1 (   0.001   0.001   0.001 ) T:25 (   0.001   0.001   0.001   0.001   0.001   0.001 )
259.960: I:1 (   0.001   0.001   0.001 ) T:26 (   0.001   0.001   0.001   0.001   0.001   0.001 )
269.959: I:1 (   0.001   0.001   0.001 ) T:27 (   0.001   0.001   0.001   0.001   0.001   0.001 )
279.960: I:1 (   0.001   0.001   0.001 ) T:28 (   0.001   0.001   0.001   0.001   0.001   0.001 )
289.960: I:1 (   0.001   0.001   0.001 ) T:29 (   0.001   0.001   0.001   0.001   0.001   0.001 )
299.960: I:1 (   0.001   0.001   0.001 ) T:30 (   0.001   0.001   0.001   0.001   0.001   0.001 )
309.960: I:1 (   0.001   0.001   0.001 ) T:31 (   0.001   0.001   0.001   0.001   0.001   0.001 )
319.960: I:1 (   0.001   0.001   0.001 ) T:32 (   0.001   0.001   0.001   0.001   0.001   0.001 )
329.960: I:1 (   0.001   0.001   0.001 ) T:33 (   0.001   0.001   0.001   0.001   0.001   0.001 )
339.960: I:1 (   0.001   0.001   0.001 ) T:34 (   0.001   0.001   0.001   0.001   0.001   0.001 )
349.960: I:1 (   0.001   0.001   0.001 ) T:35 (   0.001   0.001   0.001   0.001   0.001   0.001 )
359.960: I:1 (   0.001   0.001   0.001 ) T:36 (   0.001   0.001   0.001   0.001   0.001   0.001 )
369.960: I:1 (   0.001   0.001   0.001 ) T:37 (   0.001   0.001   0.001   0.001   0.001   0.001 )
379.960: I:1 (   0.001   0.001   0.001 ) T:38 (   0.001   0.001   0.001   0.001   0.001   0.001 )
389.960: I:1 (   0.001   0.001   0.001 ) T:39 (   0.001   0.001   0.001   0.001   0.001   0.001 )
399.960: I:1 (   0.001   0.001   0.001 ) T:40 (   0.001   0.001   0.001   0.001   0.001   0.001 )
409.960: I:1 (   0.001   0.001   0.001 ) T:41 (   0.001   0.001   0.001   0.001   0.001   0.001 )
419.959: I:1 (   0.001   0.001   0.001 ) T:42 (   0.001   0.001   0.001   0.001   0.001   0.001 )
429.960: I:1 (   0.001   0.001   0.001 ) T:43 (   0.001   0.001   0.001   0.001   0.001   0.001 )
439.960: I:1 (   0.001   0.001   0.001 ) T:44 (   0.001   0.001   0.001   0.001   0.001   0.001 )
449.960: I:1 (   0.001   0.001   0.001 ) T:45 (   0.001   0.001   0.001   0.001   0.001   0.001 )
459.960: I:1 (   0.001   0.001   0.001 ) T:46 (   0.001   0.001   0.001   0.001   0.001   0.001 )
469.960: I:1 (   0.001   0.001   0.001 ) T:47 (   0.001   0.001   0.001   0.001   0.001   0.001 )
479.960: I:1 (   0.001   0.001   0.001 ) T:48 (   0.001   0.001   0.001   0.001   0.001   0.001 )
489.960: I:1 (   0.001   0.001   0.001 ) T:49 (   0.001   0.001   0.001   0.001   0.001   0.001 )
499.960: I:1 (   0.001   0.001   0.001 ) T:50 (   0.001   0.001   0.001   0.001   0.001   0.001 )
509.960: I:1 (   0.001   0.001   0.001 ) T:51 (   0.001   0.001   0.001   0.001   0.001   0.001 )
519.960: I:1 (   0.001   0.001   0.001 ) T:52 (   0.001   0.001   0.001   0.001   0.001   0.001 )
529.960: I:1 (   0.001   0.001   0.001 ) T:53 (   0.001   0.001   0.001   0.001   0.001   0.001 )
539.960: I:1 (   0.001   0.001   0.001 ) T:54 (   0.001   0.001   0.001   0.001   0.001   0.001 )
549.960: I:1 (   0.001   0.001   0.001 ) T:55 (   0.001   0.001   0.001   0.001   0.001   0.001 )
559.960: I:1 (   0.001   0.001   0.001 ) T:56 (   0.001   0.001   0.001   0.001   0.001   0.001 )
569.960: I:1 (   0.001   0.001   0.001 ) T:57 (   0.001   0.001   0.001   0.001   0.001   0.001 )
579.960: I:1 (   0.001   0.001   0.001 ) T:58 (   0.001   0.001   0.001   0.001   0.001   0.001 )
589.960: I:1 (   0.001   0.001   0.001 ) T:59 (   0.001   0.001   0.001   0.001   0.001   0.001 )
599.960: I:1 (   0.001   0.001   0.001 ) T:60 (   0.001   0.001   0.001   0.001   0.001   0.001 )
609.960: I:1 (   0.001   0.001   0.001 ) T:61 (   0.001   0.001   0.001   0.001   0.001   0.001 )
619.960: I:1 (   0.001   0.001   0.001 ) T:62 (   0.001   0.001   0.001   0.001   0.001   0.001 )
629.960: I:1 (   0.001   0.001   0.001 ) T:63 (   0.001   0.001   0.001   0.001   0.001   0.001 )
639.960: I:1 (   0.001   0.001   0.001 ) T:64 (   0.001   0.001   0.001   0.001   0.001   0.001 )
649.960: I:1 (   0.001   0.001   0.001 ) T:65 (   0.001   0.001   0.001   0.001   0.001   0.001 )
659.960: I:1 (   0.001   0.001   0.001 ) T:66 (   0.001   0.001   0.001   0.001   0.001   0.001 )
669.962: I:1 (   0.001   0.001   0.001 ) T:67 (   0.001   0.001   0.001   0.001   0.001   0.001 )
679.959: I:1 (   0.001   0.001   0.001 ) T:68 (   0.001   0.001   0.001   0.001   0.001   0.001 )
689.960: I:1 (   0.001   0.001   0.001 ) T:69 (   0.001   0.001   0.001   0.001   0.001   0.001 )
699.960: I:1 (   0.001   0.001   0.001 ) T:70 (   0.001   0.001   0.001   0.001   0.001   0.001 )
709.960: I:1 (   0.001   0.001   0.001 ) T:71 (   0.001   0.001   0.001   0.001   0.001   0.001 )
719.960: I:1 (   0.001   0.001   0.001 ) T:72 (   0.001   0.001   0.001   0.001   0.001   0.001 )
729.959: I:1 (   0.001   0.001   0.001 ) T:73 (   0.001   0.001   0.001   0.001   0.001   0.001 )
739.961: I:1 (   0.001   0.001   0.001 ) T:74 (   0.001   0.001   0.001   0.001   0.001   0.001 )
749.958: I:1 (   0.001   0.001   0.001 ) T:75 (   0.001   0.001   0.001   0.001   0.001   0.001 )
759.959: I:1 (   0.001   0.001   0.001 ) T:76 (   0.001   0.001   0.001   0.001   0.001   0.001 )
769.960: I:1 (   0.001   0.001   0.001 ) T:77 (   0.001   0.001   0.001   0.001   0.001   0.001 )
779.959: I:1 (   0.001   0.001   0.001 ) T:78 (   0.001   0.001   0.001   0.001   0.001   0.001 )
789.960: I:1 (   0.001   0.001   0.001 ) T:79 (   0.001   0.001   0.001   0.001   0.001   0.001 )
799.960: I:1 (   0.001   0.001   0.001 ) T:80 (   0.001   0.001   0.001   0.001   0.001   0.001 )
809.960: I:1 (   0.001   0.001   0.001 ) T:81 (   0.001   0.001   0.001   0.001   0.001   0.001 )
819.960: I:1 (   0.001   0.001   0.001 ) T:82 (   0.001   0.001   0.001   0.001   0.001   0.001 )
829.959: I:1 (   0.001   0.001   0.001 ) T:83 (   0.001   0.001   0.001   0.001   0.001   0.001 )
839.960: I:1 (   0.001   0.001   0.001 ) T:84 (   0.001   0.001   0.001   0.001   0.001   0.001 )
849.959: I:1 (   0.001   0.001   0.001 ) T:85 (   0.001   0.001   0.001   0.001   0.001   0.001 )
859.960: I:1 (   0.001   0.001   0.001 ) T:86 (   0.001   0.001   0.001   0.001   0.001   0.001 )
869.960: I:1 (   0.001   0.001   0.001 ) T:87 (   0.001   0.001   0.001   0.001   0.001   0.001 )
879.960: I:1 (   0.001   0.001   0.001 ) T:88 (   0.001   0.001   0.001   0.001   0.001   0.001 )
889.961: I:1 (   0.001   0.001   0.001 ) T:89 (   0.001   0.001   0.001   0.001   0.001   0.001 )
899.958: I:1 (   0.001   0.001   0.001 ) T:90 (   0.001   0.001   0.001   0.001   0.001   0.001 )
909.960: I:1 (   0.001   0.001   0.001 ) T:91 (   0.001   0.001   0.001   0.001   0.001   0.001 )
919.959: I:1 (   0.001   0.001   0.001 ) T:92 (   0.001   0.001   0.001   0.001   0.001   0.001 )
929.960: I:1 (   0.001   0.001   0.001 ) T:93 (   0.001   0.001   0.001   0.001   0.001   0.001 )
939.960: I:1 (   0.001   0.001   0.001 ) T:94 (   0.001   0.001   0.001   0.001   0.001   0.001 )
949.960: I:1 (   0.001   0.001   0.001 ) T:95 (   0.001   0.001   0.001   0.001   0.001   0.001 )
959.960: I:1 (   0.001   0.001   0.001 ) T:96 (   0.001   0.001   0.001   0.001   0.001   0.001 )
969.960: I:1 (   0.001   0.001   0.001 ) T:97 (   0.001   0.001   0.001   0.001   0.001   0.001 )
979.959: I:1 (   0.001   0.001   0.001 ) T:98 (   0.001   0.001   0.001   0.001   0.001   0.001 )
989.960: I:1 (   0.001   0.001   0.001 ) T:99 (   0.001   0.001   0.001   0.001   0.001   0.001 )
999.959: I:1 (   0.001   0.001   0.001 ) T:100 (   0.001   0.001   0.001   0.001   0.001   0.001 )
1009.959: I:1 (   0.001   0.001   0.001 ) T:101 (   0.001   0.001   0.001   0.001   0.001   0.001 )
1019.960: I:1 (   0.001   0.001   0.001 ) T:102 (   0.001   0.001   0.001   0.001   0.001   0.001 )
1029.959: I:1 (   0.001   0.001   0.001 ) T:103 (   0.001   0.001   0.001   0.001   0.001   0.001 )
1039.960: I:1 (   0.001   0.001   0.001 ) T:104 (   0.001   0.001   0.001   0.001   0.001   0.001 )
1049.960: I:1 (   0.001   0.001   0.001 ) T:105 (   0.001   0.001   0.001   0.001   0.001   0.001 )
1059.959: I:1 (   0.001   0.001   0.001 ) T:106 (   0.001   0.001   0.001   0.001   0.001   0.001 )
1069.960: I:1 (   0.001   0.001   0.001 ) T:107 (   0.001   0.001   0.001   0.001   0.001   0.001 )
1079.961: I:1 (   0.001   0.001   0.001 ) T:108 (   0.001   0.001   0.001   0.001   0.001   0.001 )
1089.960: I:1 (   0.001   0.001   0.001 ) T:109 (   0.001   0.001   0.001   0.001   0.001   0.001 )
1099.959: I:1 (   0.001   0.001   0.001 ) T:110 (   0.001   0.001   0.001   0.001   0.001   0.001 )
1109.960: I:1 (   0.001   0.001   0.001 ) T:111 (   0.001   0.001   0.001   0.001   0.001   0.001 )
1119.960: I:1 (   0.001   0.001   0.001 ) T:112 (   0.001   0.001   0.001   0.001   0.001   0.001 )
1129.959: I:1 (   0.001   0.001   0.001 ) T:113 (   0.001   0.001   0.001   0.001   0.001   0.001 )
1139.959: I:1 (   0.001   0.001   0.001 ) T:114 (   0.001   0.001   0.001   0.001   0.001   0.001 )
1149.959: I:1 (   0.001   0.001   0.001 ) T:115 (   0.001   0.001   0.001   0.001   0.001   0.001 )
1159.959: I:1 (   0.001   0.001   0.001 ) T:116 (   0.001   0.001   0.001   0.001   0.001   0.001 )
1169.960: I:1 (   0.001   0.001   0.001 ) T:117 (   0.001   0.001   0.001   0.001   0.001   0.001 )
1179.960: I:1 (   0.001   0.001   0.001 ) T:118 (   0.001   0.001   0.001   0.001   0.001   0.001 )
1189.960: I:1 (   0.001   0.001   0.001 ) T:119 (   0.001   0.001   0.001   0.001   0.001   0.001 )
1199.960: I:1 (   0.001   0.001   0.001 ) T:120 (   0.001   0.001   0.001   0.001   0.001   0.001 )
1209.959: I:1 (   0.001   0.001   0.001 ) T:121 (   0.001   0.001   0.001   0.001   0.001   0.001 )
1219.960: I:1 (   0.001   0.001   0.001 ) T:122 (   0.001   0.001   0.001   0.001   0.001   0.001 )
1229.960: I:1 (   0.001   0.001   0.001 ) T:123 (   0.001   0.001   0.001   0.001   0.001   0.001 )
1239.960: I:1 (   0.001   0.001   0.001 ) T:124 (   0.001   0.001   0.001   0.001   0.001   0.001 )
1249.959: I:1 (   0.001   0.001   0.001 ) T:125 (   0.001   0.001   0.001   0.001   0.001   0.001 )
1259.959: I:1 (   0.002   0.002   0.002 ) T:126 (   0.001   0.001   0.001   0.002   0.002   0.002 )
1269.960: I:1 (   0.001   0.001   0.001 ) T:127 (   0.001   0.001   0.001   0.002   0.002   0.002 )
1279.960: I:1 (   0.001   0.001   0.001 ) T:128 (   0.001   0.001   0.001   0.002   0.002   0.002 )
1289.959: I:1 (   0.001   0.001   0.001 ) T:129 (   0.001   0.001   0.001   0.002   0.002   0.002 )
1299.960: I:1 (   0.001   0.001   0.001 ) T:130 (   0.001   0.001   0.001   0.002   0.002   0.002 )
1309.960: I:1 (   0.001   0.001   0.001 ) T:131 (   0.001   0.001   0.001   0.002   0.002   0.002 )
1319.959: I:1 (   0.001   0.001   0.001 ) T:132 (   0.001   0.001   0.001   0.002   0.002   0.002 )
1329.960: I:1 (   0.001   0.001   0.001 ) T:133 (   0.001   0.001   0.001   0.002   0.002   0.002 )
1339.960: I:1 (   0.001   0.001   0.001 ) T:134 (   0.001   0.001   0.001   0.002   0.002   0.002 )
1349.960: I:1 (   0.001   0.001   0.001 ) T:135 (   0.001   0.001   0.001   0.002   0.002   0.002 )
1359.960: I:1 (   0.001   0.001   0.001 ) T:136 (   0.001   0.001   0.001   0.002   0.002   0.002 )
1369.960: I:1 (   0.001   0.001   0.001 ) T:137 (   0.001   0.001   0.001   0.002   0.002   0.002 )
1379.959: I:1 (   0.001   0.001   0.001 ) T:138 (   0.001   0.001   0.001   0.002   0.002   0.002 )
1389.960: I:1 (   0.001   0.001   0.001 ) T:139 (   0.001   0.001   0.001   0.002   0.002   0.002 )
1399.959: I:1 (   0.001   0.001   0.001 ) T:140 (   0.001   0.001   0.001   0.002   0.002   0.002 )
1409.960: I:1 (   0.001   0.001   0.001 ) T:141 (   0.001   0.001   0.001   0.002   0.002   0.002 )
1419.960: I:1 (   0.001   0.001   0.001 ) T:142 (   0.001   0.001   0.001   0.002   0.002   0.002 )
1429.959: I:1 (   0.001   0.001   0.001 ) T:143 (   0.001   0.001   0.001   0.002   0.002   0.002 )
1439.961: I:1 (   0.001   0.001   0.001 ) T:144 (   0.001   0.001   0.001   0.002   0.002   0.002 )
1449.958: I:1 (   0.001   0.001   0.001 ) T:145 (   0.001   0.001   0.001   0.002   0.002   0.002 )
1459.960: I:1 (   0.001   0.001   0.001 ) T:146 (   0.001   0.001   0.001   0.002   0.002   0.002 )
1469.960: I:1 (   0.001   0.001   0.001 ) T:147 (   0.001   0.001   0.001   0.002   0.002   0.002 )
1479.959: I:1 (   0.001   0.001   0.001 ) T:148 (   0.001   0.001   0.001   0.002   0.002   0.002 )
1489.960: I:1 (   0.001   0.001   0.001 ) T:149 (   0.001   0.001   0.001   0.002   0.002   0.002 )
1499.959: I:1 (   0.002   0.002   0.002 ) T:150 (   0.001   0.001   0.002   0.002   0.002   0.002 )
1509.959: I:1 (   0.002   0.002   0.002 ) T:151 (   0.001   0.001   0.002   0.002   0.002   0.002 )
1519.960: I:1 (   0.002   0.002   0.002 ) T:152 (   0.001   0.001   0.002   0.002   0.002   0.002 )
1529.959: I:1 (   0.002   0.002   0.002 ) T:153 (   0.001   0.001   0.002   0.002   0.002   0.002 )
1539.961: I:1 (   0.002   0.002   0.002 ) T:154 (   0.001   0.001   0.002   0.002   0.002   0.002 )
1549.960: I:1 (   0.001   0.001   0.001 ) T:155 (   0.001   0.001   0.002   0.002   0.002   0.002 )
1559.960: I:1 (   0.001   0.001   0.001 ) T:156 (   0.001   0.001   0.002   0.002   0.002   0.002 )
1569.960: I:1 (   0.001   0.001   0.001 ) T:157 (   0.001   0.001   0.002   0.002   0.002   0.002 )
1579.959: I:1 (   0.001   0.001   0.001 ) T:158 (   0.001   0.001   0.002   0.002   0.002   0.002 )
1589.960: I:1 (   0.001   0.001   0.001 ) T:159 (   0.001   0.001   0.002   0.002   0.002   0.002 )
1599.959: I:1 (   0.001   0.001   0.001 ) T:160 (   0.001   0.001   0.002   0.002   0.002   0.002 )
1609.960: I:1 (   0.001   0.001   0.001 ) T:161 (   0.001   0.001   0.002   0.002   0.002   0.002 )
1619.959: I:1 (   0.001   0.001   0.001 ) T:162 (   0.001   0.001   0.002   0.002   0.002   0.002 )
1629.959: I:1 (   0.001   0.001   0.001 ) T:163 (   0.001   0.001   0.002   0.002   0.002   0.002 )
1639.959: I:1 (   0.001   0.001   0.001 ) T:164 (   0.001   0.001   0.002   0.002   0.002   0.002 )
1649.959: I:1 (   0.001   0.001   0.001 ) T:165 (   0.001   0.001   0.002   0.002   0.002   0.002 )
1659.959: I:1 (   0.001   0.001   0.001 ) T:166 (   0.001   0.001   0.002   0.002   0.002   0.002 )
1669.960: I:1 (   0.001   0.001   0.001 ) T:167 (   0.001   0.001   0.002   0.002   0.002   0.002 )
1679.960: I:1 (   0.001   0.001   0.001 ) T:168 (   0.001   0.001   0.002   0.002   0.002   0.002 )
1689.959: I:1 (   0.001   0.001   0.001 ) T:169 (   0.001   0.001   0.002   0.002   0.002   0.002 )
1699.959: I:1 (   0.001   0.001   0.001 ) T:170 (   0.001   0.001   0.002   0.002   0.002   0.002 )
1709.959: I:1 (   0.001   0.001   0.001 ) T:171 (   0.001   0.001   0.002   0.002   0.002   0.002 )
1719.959: I:1 (   0.001   0.001   0.001 ) T:172 (   0.001   0.001   0.002   0.002   0.002   0.002 )
1729.960: I:1 (   0.001   0.001   0.001 ) T:173 (   0.001   0.001   0.002   0.002   0.002   0.002 )
1739.959: I:1 (   0.001   0.001   0.001 ) T:174 (   0.001   0.001   0.002   0.002   0.002   0.002 )
1749.959: I:1 (   0.001   0.001   0.001 ) T:175 (   0.001   0.001   0.002   0.002   0.002   0.002 )
1759.960: I:1 (   0.001   0.001   0.001 ) T:176 (   0.001   0.001   0.002   0.002   0.002   0.002 )
1769.959: I:1 (   0.001   0.001   0.001 ) T:177 (   0.001   0.001   0.002   0.002   0.002   0.002 )
1779.959: I:1 (   0.001   0.001   0.001 ) T:178 (   0.001   0.001   0.002   0.002   0.002   0.002 )
1789.959: I:1 (   0.001   0.001   0.001 ) T:179 (   0.001   0.001   0.002   0.002   0.002   0.002 )
1799.959: I:1 (   0.001   0.001   0.001 ) T:180 (   0.001   0.001   0.002   0.002   0.002   0.002 )
1809.959: I:1 (   0.001   0.001   0.001 ) T:181 (   0.001   0.001   0.002   0.002   0.002   0.002 )
1819.959: I:1 (   0.001   0.001   0.001 ) T:182 (   0.001   0.001   0.002   0.002   0.002   0.002 )
1829.960: I:1 (   0.001   0.001   0.001 ) T:183 (   0.001   0.001   0.002   0.002   0.002   0.002 )
1839.959: I:1 (   0.001   0.001   0.001 ) T:184 (   0.001   0.001   0.002   0.002   0.002   0.002 )
1849.959: I:1 (   0.001   0.001   0.001 ) T:185 (   0.001   0.001   0.002   0.002   0.002   0.002 )
1859.960: I:1 (   0.001   0.001   0.001 ) T:186 (   0.001   0.001   0.002   0.002   0.002   0.002 )
1869.959: I:1 (   0.001   0.001   0.001 ) T:187 (   0.001   0.001   0.002   0.002   0.002   0.002 )
1879.959: I:1 (   0.001   0.001   0.001 ) T:188 (   0.001   0.001   0.002   0.002   0.002   0.002 )
1889.960: I:1 (   0.002   0.002   0.002 ) T:189 (   0.001   0.001   0.002   0.002   0.002   0.002 )
1899.959: I:1 (   0.002   0.002   0.002 ) T:190 (   0.001   0.001   0.002   0.002   0.002   0.002 )
1909.959: I:1 (   0.002   0.002   0.002 ) T:191 (   0.001   0.001   0.002   0.002   0.002   0.002 )
1919.959: I:1 (   0.002   0.002   0.002 ) T:192 (   0.001   0.001   0.002   0.002   0.002   0.002 )
1929.960: I:1 (   0.002   0.002   0.002 ) T:193 (   0.001   0.001   0.002   0.002   0.002   0.002 )
1939.959: I:1 (   0.002   0.002   0.002 ) T:194 (   0.001   0.001   0.002   0.002   0.002   0.002 )
1949.959: I:1 (   0.002   0.002   0.002 ) T:195 (   0.001   0.001   0.002   0.002   0.002   0.002 )
1959.959: I:1 (   0.001   0.001   0.001 ) T:196 (   0.001   0.001   0.002   0.002   0.002   0.002 )
1969.959: I:1 (   0.001   0.001   0.001 ) T:197 (   0.001   0.001   0.002   0.002   0.002   0.002 )
1979.959: I:1 (   0.001   0.001   0.001 ) T:198 (   0.001   0.001   0.002   0.002   0.002   0.002 )
1989.959: I:1 (   0.001   0.001   0.001 ) T:199 (   0.001   0.001   0.002   0.002   0.002   0.002 )
1999.959: I:1 (   0.001   0.001   0.001 ) T:200 (   0.001   0.001   0.002   0.002   0.002   0.002 )
2009.960: I:1 (   0.001   0.001   0.001 ) T:201 (   0.001   0.001   0.002   0.002   0.002   0.002 )
2019.959: I:1 (   0.001   0.001   0.001 ) T:202 (   0.001   0.001   0.002   0.002   0.002   0.002 )
2029.959: I:1 (   0.001   0.001   0.001 ) T:203 (   0.001   0.001   0.002   0.002   0.002   0.002 )
2039.960: I:1 (   0.001   0.001   0.001 ) T:204 (   0.001   0.001   0.002   0.002   0.002   0.002 )
2049.960: I:1 (   0.001   0.001   0.001 ) T:205 (   0.001   0.001   0.002   0.002   0.002   0.002 )
2059.959: I:1 (   0.001   0.001   0.001 ) T:206 (   0.001   0.001   0.002   0.002   0.002   0.002 )
2069.960: I:1 (   0.001   0.001   0.001 ) T:207 (   0.001   0.001   0.002   0.002   0.002   0.002 )
2079.960: I:1 (   0.001   0.001   0.001 ) T:208 (   0.001   0.001   0.002   0.002   0.002   0.002 )
2089.961: I:1 (   0.001   0.001   0.001 ) T:209 (   0.001   0.001   0.002   0.002   0.002   0.002 )
2099.960: I:1 (   0.001   0.001   0.001 ) T:210 (   0.001   0.001   0.002   0.002   0.002   0.002 )
2109.959: I:1 (   0.001   0.001   0.001 ) T:211 (   0.001   0.001   0.002   0.002   0.002   0.002 )
2119.959: I:1 (   0.001   0.001   0.001 ) T:212 (   0.001   0.001   0.002   0.002   0.002   0.002 )
2129.960: I:1 (   0.001   0.001   0.001 ) T:213 (   0.001   0.001   0.002   0.002   0.002   0.002 )
2139.959: I:1 (   0.001   0.001   0.001 ) T:214 (   0.001   0.001   0.002   0.002   0.002   0.002 )
2149.959: I:1 (   0.001   0.001   0.001 ) T:215 (   0.001   0.001   0.002   0.002   0.002   0.002 )
2159.959: I:1 (   0.001   0.001   0.001 ) T:216 (   0.001   0.001   0.002   0.002   0.002   0.002 )
2169.959: I:1 (   0.001   0.001   0.001 ) T:217 (   0.001   0.001   0.002   0.002   0.002   0.002 )
2179.959: I:1 (   0.001   0.001   0.001 ) T:218 (   0.001   0.001   0.002   0.002   0.002   0.002 )
2189.959: I:1 (   0.001   0.001   0.001 ) T:219 (   0.001   0.001   0.002   0.002   0.002   0.002 )
2199.959: I:1 (   0.001   0.001   0.001 ) T:220 (   0.001   0.001   0.002   0.002   0.002   0.002 )
2209.959: I:1 (   0.001   0.001   0.001 ) T:221 (   0.001   0.001   0.002   0.002   0.002   0.002 )
2219.959: I:1 (   0.001   0.001   0.001 ) T:222 (   0.001   0.001   0.002   0.002   0.002   0.002 )
2229.959: I:1 (   0.001   0.001   0.001 ) T:223 (   0.001   0.001   0.002   0.002   0.002   0.002 )
2239.959: I:1 (   0.001   0.001   0.001 ) T:224 (   0.001   0.001   0.002   0.002   0.002   0.002 )
2249.960: I:1 (   0.001   0.001   0.001 ) T:225 (   0.001   0.001   0.002   0.002   0.002   0.002 )
2259.959: I:1 (   0.001   0.001   0.001 ) T:226 (   0.001   0.001   0.002   0.002   0.002   0.002 )
2269.959: I:1 (   0.001   0.001   0.001 ) T:227 (   0.001   0.001   0.002   0.002   0.002   0.002 )
2279.959: I:1 (   0.001   0.001   0.001 ) T:228 (   0.001   0.001   0.002   0.002   0.002   0.002 )
2289.959: I:1 (   0.001   0.001   0.001 ) T:229 (   0.001   0.001   0.002   0.002   0.002   0.002 )
2299.959: I:1 (   0.001   0.001   0.001 ) T:230 (   0.001   0.001   0.002   0.002   0.002   0.002 )
2309.959: I:1 (   0.001   0.001   0.001 ) T:231 (   0.001   0.001   0.002   0.002   0.002   0.002 )
2319.960: I:1 (   0.001   0.001   0.001 ) T:232 (   0.001   0.001   0.002   0.002   0.002   0.002 )
2329.959: I:1 (   0.001   0.001   0.001 ) T:233 (   0.001   0.001   0.002   0.002   0.002   0.002 )
2339.960: I:1 (   0.001   0.001   0.001 ) T:234 (   0.001   0.001   0.002   0.002   0.002   0.002 )
2349.959: I:1 (   0.001   0.001   0.001 ) T:235 (   0.001   0.001   0.002   0.002   0.002   0.002 )
2359.959: I:1 (   0.001   0.001   0.001 ) T:236 (   0.001   0.001   0.002   0.002   0.002   0.002 )
2369.959: I:1 (   0.001   0.001   0.001 ) T:237 (   0.001   0.001   0.002   0.002   0.002   0.002 )
2379.959: I:1 (   0.001   0.001   0.001 ) T:238 (   0.001   0.001   0.002   0.002   0.002   0.002 )
2389.960: I:1 (   0.001   0.001   0.001 ) T:239 (   0.001   0.001   0.002   0.002   0.002   0.002 )
2399.959: I:1 (   0.001   0.001   0.001 ) T:240 (   0.001   0.001   0.002   0.002   0.002   0.002 )
2409.960: I:1 (   0.001   0.001   0.001 ) T:241 (   0.001   0.001   0.002   0.002   0.002   0.002 )
2419.959: I:1 (   0.001   0.001   0.001 ) T:242 (   0.001   0.001   0.002   0.002   0.002   0.002 )
2429.959: I:1 (   0.001   0.001   0.001 ) T:243 (   0.001   0.001   0.002   0.002   0.002   0.002 )
2439.959: I:1 (   0.001   0.001   0.001 ) T:244 (   0.001   0.001   0.002   0.002   0.002   0.002 )
2449.959: I:1 (   0.001   0.001   0.001 ) T:245 (   0.001   0.001   0.002   0.002   0.002   0.002 )
2459.961: I:1 (   0.001   0.001   0.001 ) T:246 (   0.001   0.001   0.002   0.002   0.002   0.002 )
2469.958: I:1 (   0.001   0.001   0.001 ) T:247 (   0.001   0.001   0.002   0.002   0.002   0.002 )
2479.959: I:1 (   0.001   0.001   0.001 ) T:248 (   0.001   0.001   0.002   0.002   0.002   0.002 )
2489.959: I:1 (   0.001   0.001   0.001 ) T:249 (   0.001   0.001   0.002   0.002   0.002   0.002 )
2499.959: I:1 (   0.001   0.001   0.001 ) T:250 (   0.001   0.001   0.002   0.002   0.002   0.002 )
2509.959: I:1 (   0.001   0.001   0.001 ) T:251 (   0.001   0.001   0.002   0.002   0.002   0.002 )
2519.960: I:1 (   0.001   0.001   0.001 ) T:252 (   0.001   0.001   0.002   0.002   0.002   0.002 )
2529.959: I:1 (   0.002   0.002   0.002 ) T:253 (   0.001   0.001   0.002   0.002   0.002   0.002 )
2539.960: I:1 (   0.002   0.002   0.002 ) T:254 (   0.001   0.001   0.002   0.002   0.002   0.002 )
2549.960: I:1 (   0.002   0.002   0.002 ) T:255 (   0.001   0.001   0.002   0.002   0.002   0.002 )
2559.960: I:1 (   0.002   0.002   0.002 ) T:256 (   0.001   0.001   0.002   0.002   0.002   0.002 )
2569.959: I:1 (   0.002   0.002   0.002 ) T:257 (   0.001   0.001   0.002   0.002   0.002   0.002 )
2579.959: I:1 (   0.002   0.002   0.002 ) T:258 (   0.001   0.001   0.002   0.002   0.002   0.002 )
2589.959: I:1 (   0.002   0.002   0.002 ) T:259 (   0.001   0.001   0.002   0.002   0.002   0.002 )
2599.959: I:1 (   0.002   0.002   0.002 ) T:260 (   0.001   0.001   0.002   0.002   0.002   0.002 )
2609.959: I:1 (   0.002   0.002   0.002 ) T:261 (   0.001   0.001   0.002   0.002   0.002   0.002 )
2619.959: I:1 (   0.002   0.002   0.002 ) T:262 (   0.001   0.001   0.002   0.002   0.002   0.002 )
2629.959: I:1 (   0.002   0.002   0.002 ) T:263 (   0.001   0.001   0.002   0.002   0.002   0.002 )
2639.961: I:1 (   0.002   0.002   0.002 ) T:264 (   0.001   0.001   0.002   0.002   0.002   0.002 )
2649.958: I:1 (   0.002   0.002   0.002 ) T:265 (   0.001   0.001   0.002   0.002   0.002   0.002 )
2659.959: I:1 (   0.002   0.002   0.002 ) T:266 (   0.001   0.002   0.002   0.002   0.002   0.002 )
2669.959: I:1 (   0.001   0.001   0.001 ) T:267 (   0.001   0.002   0.002   0.002   0.002   0.002 )
2679.959: I:1 (   0.001   0.001   0.001 ) T:268 (   0.001   0.002   0.002   0.002   0.002   0.002 )
2689.959: I:1 (   0.001   0.001   0.001 ) T:269 (   0.001   0.002   0.002   0.002   0.002   0.002 )
2699.959: I:1 (   0.001   0.001   0.001 ) T:270 (   0.001   0.001   0.002   0.002   0.002   0.002 )
2709.959: I:1 (   0.001   0.001   0.001 ) T:271 (   0.001   0.001   0.002   0.002   0.002   0.002 )
2719.960: I:1 (   0.001   0.001   0.001 ) T:272 (   0.001   0.001   0.002   0.002   0.002   0.002 )
2729.959: I:1 (   0.001   0.001   0.001 ) T:273 (   0.001   0.001   0.002   0.002   0.002   0.002 )
2739.959: I:1 (   0.001   0.001   0.001 ) T:274 (   0.001   0.001   0.002   0.002   0.002   0.002 )
2749.959: I:1 (   0.002   0.002   0.002 ) T:275 (   0.001   0.002   0.002   0.002   0.002   0.002 )
2759.959: I:1 (   0.002   0.002   0.002 ) T:276 (   0.001   0.002   0.002   0.002   0.002   0.002 )
2769.959: I:1 (   0.001   0.001   0.001 ) T:277 (   0.001   0.002   0.002   0.002   0.002   0.002 )
2779.959: I:1 (   0.001   0.001   0.001 ) T:278 (   0.001   0.002   0.002   0.002   0.002   0.002 )
2789.959: I:1 (   0.001   0.001   0.001 ) T:279 (   0.001   0.002   0.002   0.002   0.002   0.002 )
2799.960: I:1 (   0.001   0.001   0.001 ) T:280 (   0.001   0.002   0.002   0.002   0.002   0.002 )
2809.959: I:1 (   0.001   0.001   0.001 ) T:281 (   0.001   0.002   0.002   0.002   0.002   0.002 )
2819.959: I:1 (   0.001   0.001   0.001 ) T:282 (   0.001   0.002   0.002   0.002   0.002   0.002 )
2829.959: I:1 (   0.001   0.001   0.001 ) T:283 (   0.001   0.002   0.002   0.002   0.002   0.002 )
2839.959: I:1 (   0.002   0.002   0.002 ) T:284 (   0.001   0.002   0.002   0.002   0.002   0.002 )
2849.959: I:1 (   0.002   0.002   0.002 ) T:285 (   0.001   0.002   0.002   0.002   0.002   0.002 )
2859.959: I:1 (   0.002   0.002   0.002 ) T:286 (   0.001   0.002   0.002   0.002   0.002   0.002 )
2869.959: I:1 (   0.002   0.002   0.002 ) T:287 (   0.001   0.002   0.002   0.002   0.002   0.002 )
2879.959: I:1 (   0.002   0.002   0.002 ) T:288 (   0.001   0.002   0.002   0.002   0.002   0.002 )
2889.960: I:1 (   0.002   0.002   0.002 ) T:289 (   0.001   0.002   0.002   0.002   0.002   0.002 )
2899.959: I:1 (   0.002   0.002   0.002 ) T:290 (   0.001   0.002   0.002   0.002   0.002   0.002 )
2909.959: I:1 (   0.002   0.002   0.002 ) T:291 (   0.001   0.002   0.002   0.002   0.002   0.002 )
2919.959: I:1 (   0.002   0.002   0.002 ) T:292 (   0.001   0.002   0.002   0.002   0.002   0.002 )
2929.961: I:1 (   0.002   0.002   0.002 ) T:293 (   0.001   0.002   0.002   0.002   0.002   0.002 )
2939.961: I:1 (   0.002   0.002   0.002 ) T:294 (   0.001   0.002   0.002   0.002   0.002   0.002 )
2949.960: I:1 (   0.002   0.002   0.002 ) T:295 (   0.001   0.002   0.002   0.002   0.002   0.002 )
2959.960: I:1 (   0.002   0.002   0.002 ) T:296 (   0.001   0.002   0.002   0.002   0.002   0.002 )
2969.959: I:1 (   0.002   0.002   0.002 ) T:297 (   0.001   0.002   0.002   0.002   0.002   0.002 )
2979.959: I:1 (   0.002   0.002   0.002 ) T:298 (   0.001   0.002   0.002   0.002   0.002   0.002 )
2989.959: I:1 (   0.002   0.002   0.002 ) T:299 (   0.001   0.002   0.002   0.002   0.002   0.002 )
2999.959: I:1 (   0.002   0.002   0.002 ) T:300 (   0.001   0.002   0.002   0.002   0.002   0.002 )
3009.960: I:1 (   0.002   0.002   0.002 ) T:301 (   0.001   0.002   0.002   0.002   0.002   0.002 )
3019.959: I:1 (   0.002   0.002   0.002 ) T:302 (   0.001   0.002   0.002   0.002   0.002   0.002 )
3029.959: I:1 (   0.002   0.002   0.002 ) T:303 (   0.001   0.002   0.002   0.002   0.002   0.002 )
3039.959: I:1 (   0.002   0.002   0.002 ) T:304 (   0.001   0.002   0.002   0.002   0.002   0.002 )
3049.959: I:1 (   0.002   0.002   0.002 ) T:305 (   0.001   0.002   0.002   0.002   0.002   0.002 )
3059.960: I:1 (   0.002   0.002   0.002 ) T:306 (   0.001   0.002   0.002   0.002   0.002   0.002 )
3069.959: I:1 (   0.002   0.002   0.002 ) T:307 (   0.001   0.002   0.002   0.002   0.002   0.002 )
3079.961: I:1 (   0.001   0.001   0.001 ) T:308 (   0.001   0.002   0.002   0.002   0.002   0.002 )
3089.958: I:1 (   0.001   0.001   0.001 ) T:309 (   0.001   0.002   0.002   0.002   0.002   0.002 )
3099.959: I:1 (   0.001   0.001   0.001 ) T:310 (   0.001   0.002   0.002   0.002   0.002   0.002 )
3109.959: I:1 (   0.001   0.001   0.001 ) T:311 (   0.001   0.002   0.002   0.002   0.002   0.002 )
3119.959: I:1 (   0.001   0.001   0.001 ) T:312 (   0.001   0.002   0.002   0.002   0.002   0.002 )
3129.961: I:1 (   0.001   0.001   0.001 ) T:313 (   0.001   0.002   0.002   0.002   0.002   0.002 )
3139.958: I:1 (   0.001   0.001   0.001 ) T:314 (   0.001   0.002   0.002   0.002   0.002   0.002 )
3149.959: I:1 (   0.001   0.001   0.001 ) T:315 (   0.001   0.002   0.002   0.002   0.002   0.002 )
3159.960: I:1 (   0.002   0.002   0.002 ) T:316 (   0.001   0.002   0.002   0.002   0.002   0.002 )
3169.959: I:1 (   0.002   0.002   0.002 ) T:317 (   0.001   0.002   0.002   0.002   0.002   0.002 )
3179.959: I:1 (   0.002   0.002   0.002 ) T:318 (   0.001   0.002   0.002   0.002   0.002   0.002 )
3189.959: I:1 (   0.002   0.002   0.002 ) T:319 (   0.001   0.002   0.002   0.002   0.002   0.002 )
3199.959: I:1 (   0.002   0.002   0.002 ) T:320 (   0.001   0.002   0.002   0.002   0.002   0.002 )
3209.960: I:1 (   0.002   0.002   0.002 ) T:321 (   0.001   0.002   0.002   0.002   0.002   0.002 )
3219.959: I:1 (   0.002   0.002   0.002 ) T:322 (   0.001   0.002   0.002   0.002   0.002   0.002 )
3229.959: I:1 (   0.002   0.002   0.002 ) T:323 (   0.001   0.002   0.002   0.002   0.002   0.002 )
3239.959: I:1 (   0.002   0.002   0.002 ) T:324 (   0.001   0.002   0.002   0.002   0.002   0.002 )
3249.959: I:1 (   0.002   0.002   0.002 ) T:325 (   0.001   0.002   0.002   0.002   0.002   0.002 )
3259.959: I:1 (   0.002   0.002   0.002 ) T:326 (   0.001   0.002   0.002   0.002   0.002   0.002 )
3269.959: I:1 (   0.002   0.002   0.002 ) T:327 (   0.001   0.002   0.002   0.002   0.002   0.002 )
3279.959: I:1 (   0.002   0.002   0.002 ) T:328 (   0.001   0.002   0.002   0.002   0.002   0.002 )
3289.959: I:1 (   0.002   0.002   0.002 ) T:329 (   0.001   0.002   0.002   0.002   0.002   0.002 )
3299.959: I:1 (   0.002   0.002   0.002 ) T:330 (   0.001   0.002   0.002   0.002   0.002   0.002 )
3309.959: I:1 (   0.002   0.002   0.002 ) T:331 (   0.001   0.002   0.002   0.002   0.002   0.002 )
3319.960: I:1 (   0.002   0.002   0.002 ) T:332 (   0.001   0.002   0.002   0.002   0.002   0.002 )
3329.959: I:1 (   0.002   0.002   0.002 ) T:333 (   0.001   0.002   0.002   0.002   0.002   0.002 )
3340.143: I:1 (   0.002   0.002   0.002 ) T:334 (   0.001   0.002   0.002   0.002   0.002   0.002 )
3350.090: I:1 (   0.002   0.002   0.002 ) T:335 (   0.001   0.002   0.002   0.002   0.002   0.002 )
3360.035: I:1 (   0.002   0.002   0.002 ) T:336 (   0.001   0.002   0.002   0.002   0.002   0.002 )
3370.252: I:1 (   0.002   0.002   0.002 ) T:337 (   0.001   0.002   0.002   0.002   0.002   0.002 )
3379.960: I:1 (   0.002   0.002   0.002 ) T:338 (   0.001   0.002   0.002   0.002   0.002   0.002 )
3390.119: I:1 (   0.002   0.002   0.002 ) T:339 (   0.001   0.002   0.002   0.002   0.002   0.002 )
3399.958: I:1 (   0.002   0.002   0.002 ) T:340 (   0.001   0.002   0.002   0.002   0.002   0.002 )
3409.961: I:1 (   0.002   0.002   0.002 ) T:341 (   0.001   0.002   0.002   0.002   0.002   0.002 )
3419.958: I:1 (   0.002   0.002   0.002 ) T:342 (   0.001   0.002   0.002   0.002   0.002   0.002 )
3429.960: I:1 (   0.002   0.002   0.002 ) T:343 (   0.001   0.002   0.002   0.002   0.002   0.002 )
3440.046: I:1 (   0.002   0.002   0.002 ) T:344 (   0.001   0.002   0.002   0.002   0.002   0.002 )
3450.004: I:1 (   0.003   0.003   0.003 ) T:345 (   0.001   0.002   0.002   0.003   0.003   0.003 )
3461.016: I:1 (   0.003   0.003   0.003 ) T:346 (   0.001   0.002   0.002   0.003   0.003   0.003 )
3470.063: I:1 (   0.003   0.003   0.003 ) T:347 (   0.001   0.002   0.002   0.003   0.003   0.003 )
3480.237: I:1 (   0.003   0.003   0.003 ) T:348 (   0.001   0.002   0.003   0.003   0.003   0.003 )
3490.013: I:1 (   0.003   0.003   0.003 ) T:349 (   0.001   0.002   0.003   0.003   0.003   0.003 )
3500.074: I:1 (   0.003   0.003   0.003 ) T:350 (   0.001   0.002   0.003   0.003   0.003   0.003 )
3510.294: I:1 (   0.003   0.003   0.003 ) T:351 (   0.001   0.002   0.003   0.003   0.003   0.003 )
3519.959: I:1 (   0.003   0.003   0.003 ) T:352 (   0.001   0.002   0.003   0.003   0.003   0.003 )
3529.959: I:1 (   0.003   0.003   0.003 ) T:353 (   0.001   0.002   0.003   0.003   0.003   0.003 )
3539.959: I:1 (   0.003   0.003   0.003 ) T:354 (   0.001   0.002   0.003   0.003   0.003   0.003 )
3549.959: I:1 (   0.002   0.002   0.002 ) T:355 (   0.001   0.002   0.003   0.003   0.003   0.003 )
3559.960: I:1 (   0.002   0.002   0.002 ) T:356 (   0.001   0.002   0.003   0.003   0.003   0.003 )
3569.959: I:1 (   0.002   0.002   0.002 ) T:357 (   0.001   0.002   0.003   0.003   0.003   0.003 )
3579.959: I:1 (   0.002   0.002   0.002 ) T:358 (   0.001   0.002   0.003   0.003   0.003   0.003 )
3589.959: I:1 (   0.002   0.002   0.002 ) T:359 (   0.001   0.002   0.003   0.003   0.003   0.003 )
3599.959: I:1 (   0.002   0.002   0.002 ) T:360 (   0.001   0.002   0.003   0.003   0.003   0.003 )
3609.959: I:1 (   0.002   0.002   0.002 ) T:361 (   0.001   0.002   0.003   0.003   0.003   0.003 )
3619.960: I:1 (   0.002   0.002   0.002 ) T:362 (   0.001   0.002   0.003   0.003   0.003   0.003 )
3629.959: I:1 (   0.002   0.002   0.002 ) T:363 (   0.001   0.002   0.003   0.003   0.003   0.003 )
3639.959: I:1 (   0.002   0.002   0.002 ) T:364 (   0.001   0.002   0.003   0.003   0.003   0.003 )
3649.959: I:1 (   0.002   0.002   0.002 ) T:365 (   0.001   0.002   0.003   0.003   0.003   0.003 )
3659.959: I:1 (   0.002   0.002   0.002 ) T:366 (   0.001   0.002   0.003   0.003   0.003   0.003 )
3669.959: I:1 (   0.002   0.002   0.002 ) T:367 (   0.001   0.002   0.003   0.003   0.003   0.003 )
3679.959: I:1 (   0.001   0.001   0.001 ) T:368 (   0.001   0.002   0.003   0.003   0.003   0.003 )
3689.959: I:1 (   0.001   0.001   0.001 ) T:369 (   0.001   0.002   0.003   0.003   0.003   0.003 )
3699.959: I:1 (   0.001   0.001   0.001 ) T:370 (   0.001   0.002   0.003   0.003   0.003   0.003 )
3709.959: I:1 (   0.001   0.001   0.001 ) T:371 (   0.001   0.002   0.003   0.003   0.003   0.003 )
3719.959: I:1 (   0.001   0.001   0.001 ) T:372 (   0.001   0.002   0.003   0.003   0.003   0.003 )
3729.959: I:1 (   0.001   0.001   0.001 ) T:373 (   0.001   0.002   0.003   0.003   0.003   0.003 )
3739.959: I:1 (   0.001   0.001   0.001 ) T:374 (   0.001   0.002   0.003   0.003   0.003   0.003 )
3749.959: I:1 (   0.001   0.001   0.001 ) T:375 (   0.001   0.002   0.003   0.003   0.003   0.003 )
3759.959: I:1 (   0.001   0.001   0.001 ) T:376 (   0.001   0.002   0.003   0.003   0.003   0.003 )
3769.959: I:1 (   0.001   0.001   0.001 ) T:377 (   0.001   0.002   0.003   0.003   0.003   0.003 )
3779.959: I:1 (   0.001   0.001   0.001 ) T:378 (   0.001   0.002   0.003   0.003   0.003   0.003 )
3789.959: I:1 (   0.001   0.001   0.001 ) T:379 (   0.001   0.002   0.003   0.003   0.003   0.003 )
3799.959: I:1 (   0.001   0.001   0.001 ) T:380 (   0.001   0.002   0.003   0.003   0.003   0.003 )
3809.959: I:1 (   0.001   0.001   0.001 ) T:381 (   0.001   0.002   0.003   0.003   0.003   0.003 )
3819.960: I:1 (   0.001   0.001   0.001 ) T:382 (   0.001   0.002   0.003   0.003   0.003   0.003 )
3829.959: I:1 (   0.001   0.001   0.001 ) T:383 (   0.001   0.002   0.003   0.003   0.003   0.003 )
3839.959: I:1 (   0.001   0.001   0.001 ) T:384 (   0.001   0.002   0.003   0.003   0.003   0.003 )
3845.983: I:2 (   0.001   0.001   0.001 ) T:386 (   0.001   0.002   0.003   0.003   0.003   0.003 )
3846.019: I:0 (   0.000   0.000   0.000 ) T:386 (   0.001   0.002   0.003   0.003   0.003   0.003 )
