#[Interval percentile log between 0.000 and <Infinite> seconds (relative to StartTime)]
#[StartTime: 1524893362.559 (seconds since epoch), Sat Apr 28 07:29:22 CEST 2018]
Time: IntervalPercentiles:count ( 50% 90% Max ) TotalPercentiles:count ( 50% 90% 99% 99.9% 99.99% Max )
9.556: I:6572 (   1.226   2.739   3.539 ) T:6572 (   1.226   2.739   3.203   3.379   3.539   3.539 )
19.534: I:2979 (   3.545   4.487   7.119 ) T:9551 (   1.759   3.957   4.639   4.699   7.119   7.119 )
29.528: I:2261 (   4.939   5.663   6.455 ) T:11812 (   2.153   4.899   5.743   5.831   6.455   7.119 )
39.534: I:1875 (   6.019   6.627  11.103 ) T:13687 (   2.485   5.695   6.667   6.795   9.511  11.103 )
49.526: I:1666 (   6.947   7.467   9.799 ) T:15353 (   2.779   6.379   7.487   7.599   9.799  11.103 )
59.524: I:1509 (   7.751   8.231  10.639 ) T:16862 (   3.049   7.023   8.223   8.343  10.639  11.103 )
69.524: I:1386 (   8.455   8.887  10.959 ) T:18248 (   3.301   7.595   8.855   8.999  10.959  11.103 )
79.524: I:1292 (   9.127   9.535   9.727 ) T:19540 (   3.531   8.123   9.487   9.639  10.959  11.103 )
89.524: I:1208 (   9.759  10.143  13.319 ) T:20748 (   3.749   8.607  10.071  10.223  10.959  13.319 )
99.523: I:1142 (  10.343  10.719  14.415 ) T:21890 (   3.955   9.079  10.623  10.791  11.103  14.415 )
109.524: I:1089 (  10.919  11.255  19.263 ) T:22979 (   4.151   9.519  11.151  11.367  13.319  19.263 )
119.526: I:1033 (  11.463  11.783  15.631 ) T:24012 (   4.327   9.951  11.695  12.839  15.447  19.263 )
129.524: I:992 (  11.935  12.279  12.879 ) T:25004 (   4.503  10.359  12.167  12.839  15.447  19.263 )
139.527: I:958 (  12.431  12.743  13.263 ) T:25962 (   4.675  10.759  12.647  12.887  15.447  19.263 )
149.524: I:925 (  12.935  13.183  14.535 ) T:26887 (   4.847  11.135  13.079  13.551  15.447  19.263 )
159.523: I:899 (  13.319  13.623  15.343 ) T:27786 (   5.003  11.551  13.479  13.703  15.447  19.263 )
169.523: I:870 (  13.767  14.039  14.599 ) T:28656 (   5.159  11.895  13.887  14.127  15.447  19.263 )
179.523: I:845 (  14.199  14.471  14.663 ) T:29501 (   5.311  12.271  14.311  14.543  15.447  19.263 )
189.524: I:818 (  14.607  14.895  24.415 ) T:30319 (   5.463  12.591  14.703  15.007  15.631  24.415 )
199.524: I:801 (  15.015  15.271  15.455 ) T:31120 (   5.603  12.943  15.095  15.343  15.631  24.415 )
209.523: I:780 (  15.399  15.647  15.791 ) T:31900 (   5.751  13.223  15.455  15.695  15.791  24.415 )
219.523: I:760 (  15.783  16.039  16.175 ) T:32660 (   5.891  13.535  15.831  16.079  16.175  24.415 )
229.523: I:740 (  16.159  16.399  16.847 ) T:33400 (   6.019  13.823  16.183  16.447  16.847  24.415 )
239.523: I:721 (  16.543  16.815  27.039 ) T:34121 (   6.147  14.127  16.559  16.879  21.871  27.039 )
249.523: I:712 (  16.911  17.119  17.823 ) T:34833 (   6.279  14.423  16.927  17.183  21.871  27.039 )
259.523: I:699 (  17.247  17.471  17.711 ) T:35532 (   6.403  14.703  17.263  17.519  21.871  27.039 )
269.522: I:684 (  17.583  17.807  17.935 ) T:36216 (   6.531  15.007  17.583  17.839  21.871  27.039 )
279.523: I:667 (  17.919  18.143  18.431 ) T:36883 (   6.651  15.279  17.903  18.175  21.871  27.039 )
289.522: I:662 (  18.255  18.463  18.687 ) T:37545 (   6.767  15.527  18.239  18.511  21.871  27.039 )
299.522: I:647 (  18.623  18.831  29.967 ) T:38192 (   6.883  15.791  18.575  19.039  24.415  29.967 )
309.523: I:632 (  18.895  19.103  19.279 ) T:38824 (   6.995  16.071  18.879  19.151  24.415  29.967 )
319.522: I:628 (  19.215  19.423  19.615 ) T:39452 (   7.107  16.335  19.167  19.439  24.415  29.967 )
329.522: I:616 (  19.519  19.695  19.967 ) T:40068 (   7.211  16.607  19.455  19.727  21.871  29.967 )
339.522: I:609 (  19.791  19.999  20.239 ) T:40677 (   7.323  16.895  19.727  20.015  21.871  29.967 )
349.534: I:597 (  20.111  20.303  20.575 ) T:41274 (   7.431  17.103  20.015  20.335  21.871  29.967 )
359.524: I:587 (  20.431  20.623  23.807 ) T:41861 (   7.539  17.343  20.319  20.655  23.807  29.967 )
369.523: I:580 (  20.687  20.879  21.695 ) T:42441 (   7.647  17.583  20.623  20.975  23.807  29.967 )
379.523: I:576 (  20.975  21.167  22.015 ) T:43017 (   7.743  17.823  20.895  21.199  23.807  29.967 )
389.522: I:568 (  21.247  21.439  22.287 ) T:43585 (   7.855  18.063  21.167  21.487  23.807  29.967 )
399.522: I:560 (  21.535  21.711  22.399 ) T:44145 (   7.947  18.287  21.439  21.743  23.807  29.967 )
409.523: I:551 (  21.807  21.999  27.231 ) T:44696 (   8.043  18.559  21.679  22.031  24.415  29.967 )
419.522: I:543 (  22.127  22.287  22.975 ) T:45239 (   8.139  18.783  21.967  22.319  24.415  29.967 )
429.522: I:537 (  22.367  22.559  22.991 ) T:45776 (   8.239  19.007  22.239  22.575  24.415  29.967 )
439.522: I:533 (  22.623  22.799  23.951 ) T:46309 (   8.343  19.199  22.495  22.815  24.415  29.967 )
449.522: I:527 (  22.879  23.055  24.159 ) T:46836 (   8.431  19.423  22.735  23.087  24.415  29.967 )
459.523: I:520 (  23.151  23.327  23.487 ) T:47356 (   8.519  19.631  22.991  23.343  24.415  29.967 )
469.522: I:515 (  23.407  23.599  23.887 ) T:47871 (   8.615  19.807  23.263  23.631  24.415  29.967 )
479.524: I:507 (  23.743  23.903  33.247 ) T:48378 (   8.703  20.031  23.503  23.919  27.039  33.247 )
489.521: I:503 (  23.935  24.111  24.319 ) T:48881 (   8.791  20.255  23.807  24.127  27.039  33.247 )
499.523: I:493 (  24.175  24.351  24.847 ) T:49374 (   8.871  20.479  24.015  24.367  27.039  33.247 )
509.523: I:494 (  24.415  24.591  28.399 ) T:49868 (   8.967  20.671  24.239  24.607  27.231  33.247 )
519.522: I:492 (  24.655  24.831  29.215 ) T:50360 (   9.055  20.879  24.463  24.847  27.231  33.247 )
529.523: I:482 (  24.911  25.103  27.167 ) T:50842 (   9.143  21.071  24.703  25.119  27.231  33.247 )
539.523: I:480 (  25.183  25.375  29.247 ) T:51322 (   9.223  21.263  24.943  25.407  27.791  33.247 )
549.523: I:474 (  25.375  25.551  25.807 ) T:51796 (   9.319  21.455  25.215  25.599  27.791  33.247 )
559.523: I:472 (  25.615  25.791  27.343 ) T:52268 (   9.407  21.647  25.423  25.839  27.791  33.247 )
569.522: I:467 (  25.839  26.015  28.959 ) T:52735 (   9.487  21.855  25.647  26.047  28.399  33.247 )
579.523: I:464 (  26.063  26.255  29.119 ) T:53199 (   9.567  22.079  25.871  26.271  28.959  33.247 )
589.522: I:462 (  26.303  26.479  27.263 ) T:53661 (   9.647  22.255  26.095  26.511  28.959  33.247 )
599.523: I:452 (  26.543  26.735  28.863 ) T:54113 (   9.727  22.447  26.303  26.751  28.959  33.247 )
609.523: I:452 (  26.751  26.911  27.359 ) T:54565 (   9.807  22.623  26.543  26.927  28.959  33.247 )
619.523: I:445 (  26.959  27.135  27.727 ) T:55010 (   9.879  22.799  26.767  27.151  28.959  33.247 )
629.523: I:443 (  27.167  27.359  31.311 ) T:55453 (   9.959  22.991  26.943  27.359  29.119  33.247 )
639.523: I:440 (  27.391  27.567  28.335 ) T:55893 (  10.047  23.167  27.167  27.567  29.119  33.247 )
649.523: I:437 (  27.599  27.791  28.559 ) T:56330 (  10.119  23.359  27.375  27.791  29.119  33.247 )
659.536: I:435 (  27.839  28.031  33.759 ) T:56765 (  10.199  23.551  27.583  28.031  29.535  33.759 )
669.523: I:427 (  28.079  28.255  32.863 ) T:57192 (  10.271  23.791  27.791  28.255  29.967  33.759 )
679.523: I:426 (  28.255  28.415  29.327 ) T:57618 (  10.351  23.935  28.015  28.431  29.967  33.759 )
689.523: I:426 (  28.447  28.639  30.671 ) T:58044 (  10.431  24.095  28.223  28.639  30.671  33.759 )
699.523: I:421 (  28.671  28.863  33.503 ) T:58465 (  10.503  24.271  28.399  28.863  31.311  33.759 )
709.523: I:417 (  28.895  29.087  29.391 ) T:58882 (  10.575  24.431  28.623  29.087  31.311  33.759 )
719.524: I:413 (  29.103  29.295  33.215 ) T:59295 (  10.647  24.591  28.831  29.279  31.839  33.759 )
729.523: I:408 (  29.343  29.535  32.383 ) T:59703 (  10.727  24.767  29.023  29.535  32.383  33.759 )
739.524: I:408 (  29.487  29.663  30.543 ) T:60111 (  10.799  24.943  29.231  29.727  31.839  33.759 )
749.521: I:408 (  29.679  29.871  31.263 ) T:60519 (  10.879  25.135  29.439  29.903  31.839  33.759 )
759.523: I:403 (  29.871  30.079  33.119 ) T:60922 (  10.951  25.327  29.615  30.079  32.383  33.759 )
769.523: I:400 (  30.079  30.271  30.687 ) T:61322 (  11.023  25.471  29.807  30.271  32.383  33.759 )
779.523: I:398 (  30.287  30.479  34.335 ) T:61720 (  11.103  25.631  29.999  30.479  32.863  34.335 )
789.523: I:397 (  30.479  30.687  33.055 ) T:62117 (  11.167  25.791  30.191  30.687  33.055  34.335 )
799.523: I:395 (  30.703  30.879  31.791 ) T:62512 (  11.231  25.951  30.383  30.895  33.055  34.335 )
809.522: I:393 (  30.879  31.039  33.375 ) T:62905 (  11.303  26.111  30.575  31.055  33.119  34.335 )
819.523: I:389 (  31.055  31.263  32.927 ) T:63294 (  11.383  26.271  30.783  31.263  33.119  34.335 )
829.522: I:387 (  31.263  31.471  31.919 ) T:63681 (  11.463  26.415  30.959  31.471  33.119  34.335 )
839.523: I:379 (  31.487  31.663  41.663 ) T:64060 (  11.527  26.623  31.135  31.647  33.375  41.663 )
849.523: I:382 (  31.615  31.807  32.239 ) T:64442 (  11.591  26.767  31.327  31.807  33.375  41.663 )
859.523: I:378 (  31.871  32.063  35.807 ) T:64820 (  11.671  26.895  31.535  32.047  33.759  41.663 )
869.523: I:376 (  32.015  32.191  35.999 ) T:65196 (  11.735  27.039  31.679  32.207  34.335  41.663 )
879.523: I:373 (  32.191  32.367  33.503 ) T:65569 (  11.799  27.199  31.903  32.383  34.335  41.663 )
889.523: I:372 (  32.383  32.543  33.503 ) T:65941 (  11.871  27.359  32.063  32.575  34.335  41.663 )
899.522: I:370 (  32.591  32.767  33.215 ) T:66311 (  11.943  27.503  32.239  32.751  34.335  41.663 )
909.523: I:366 (  32.751  32.927  33.311 ) T:66677 (  11.999  27.647  32.415  32.927  34.335  41.663 )
919.523: I:365 (  32.927  33.183  36.127 ) T:67042 (  12.063  27.807  32.607  33.151  35.231  41.663 )
929.522: I:362 (  33.119  33.311  36.543 ) T:67404 (  12.135  27.967  32.767  33.311  35.487  41.663 )
939.523: I:364 (  33.279  33.471  33.695 ) T:67768 (  12.199  28.127  32.959  33.471  35.487  41.663 )
949.523: I:357 (  33.471  33.663  34.079 ) T:68125 (  12.271  28.271  33.151  33.663  35.487  41.663 )
959.523: I:359 (  33.663  33.855  37.759 ) T:68484 (  12.327  28.399  33.311  33.823  35.999  41.663 )
969.522: I:356 (  33.823  34.015  34.431 ) T:68840 (  12.391  28.559  33.471  33.983  35.999  41.663 )
979.523: I:356 (  33.983  34.207  36.223 ) T:69196 (  12.455  28.703  33.663  34.175  36.127  41.663 )
989.522: I:354 (  34.207  34.431  38.207 ) T:69550 (  12.511  28.863  33.823  34.399  36.351  41.663 )
999.523: I:350 (  34.399  34.591  35.071 ) T:69900 (  12.583  28.991  33.983  34.559  36.351  41.663 )
1009.523: I:348 (  34.559  34.783  35.487 ) T:70248 (  12.655  29.167  34.175  34.751  36.223  41.663 )
1019.522: I:350 (  34.751  34.911  38.751 ) T:70598 (  12.719  29.343  34.367  34.879  36.351  41.663 )
1029.522: I:347 (  34.911  35.135  35.679 ) T:70945 (  12.775  29.471  34.559  35.071  36.351  41.663 )
1039.522: I:345 (  35.103  35.295  36.031 ) T:71290 (  12.839  29.583  34.719  35.263  36.351  41.663 )
1049.523: I:342 (  35.263  35.519  40.543 ) T:71632 (  12.903  29.727  34.879  35.487  37.343  41.663 )
1059.522: I:343 (  35.487  35.647  36.991 ) T:71975 (  12.959  29.855  35.039  35.647  37.343  41.663 )
1069.522: I:337 (  35.615  35.807  36.223 ) T:72312 (  13.015  30.015  35.231  35.807  37.343  41.663 )
1079.523: I:337 (  35.775  35.999  37.087 ) T:72649 (  13.071  30.143  35.423  35.967  37.343  41.663 )
1089.522: I:336 (  35.935  36.127  36.479 ) T:72985 (  13.127  30.287  35.583  36.127  37.343  41.663 )
1099.522: I:335 (  36.095  36.287  36.575 ) T:73320 (  13.175  30.431  35.743  36.255  37.343  41.663 )
1109.522: I:332 (  36.255  36.447  36.767 ) T:73652 (  13.239  30.543  35.871  36.415  37.343  41.663 )
1119.523: I:332 (  36.415  36.703  39.519 ) T:73984 (  13.303  30.719  36.031  36.639  38.623  41.663 )
1129.522: I:328 (  36.639  36.831  37.151 ) T:74312 (  13.375  30.847  36.191  36.831  38.623  41.663 )
1139.522: I:328 (  36.767  36.959  37.247 ) T:74640 (  13.423  30.975  36.351  36.927  38.623  41.663 )
1149.522: I:329 (  36.895  37.119  37.599 ) T:74969 (  13.471  31.103  36.511  37.087  38.623  41.663 )
1159.523: I:324 (  37.055  37.247  37.631 ) T:75293 (  13.535  31.247  36.703  37.215  38.623  41.663 )
1169.523: I:322 (  37.247  37.407  37.759 ) T:75615 (  13.591  31.375  36.831  37.375  38.623  41.663 )
1179.522: I:322 (  37.375  37.599  38.975 ) T:75937 (  13.639  31.535  36.991  37.535  38.751  41.663 )
1189.523: I:323 (  37.599  37.823  40.095 ) T:76260 (  13.695  31.647  37.119  37.759  38.975  41.663 )
1199.522: I:320 (  37.727  37.951  40.415 ) T:76580 (  13.751  31.791  37.279  37.887  39.039  41.663 )
1209.522: I:317 (  37.855  38.047  38.399 ) T:76897 (  13.815  31.951  37.439  38.015  39.039  41.663 )
1219.522: I:320 (  38.015  38.207  38.655 ) T:77217 (  13.863  32.047  37.631  38.175  39.039  41.663 )
1229.523: I:318 (  38.175  38.367  38.847 ) T:77535 (  13.919  32.175  37.791  38.303  39.039  41.663 )
1239.523: I:315 (  38.303  38.495  39.871 ) T:77850 (  13.983  32.303  37.919  38.463  39.039  41.663 )
1249.533: I:318 (  38.399  38.527  38.911 ) T:78168 (  14.039  32.447  38.047  38.527  39.039  41.663 )
1259.523: I:313 (  38.591  38.847  44.223 ) T:78481 (  14.103  32.591  38.207  38.751  39.679  44.223 )
1269.523: I:311 (  38.719  38.911  39.327 ) T:78792 (  14.159  32.703  38.335  38.879  39.679  44.223 )
1279.522: I:312 (  38.847  39.071  39.455 ) T:79104 (  14.215  32.831  38.431  39.007  39.679  44.223 )
1289.522: I:310 (  39.007  39.167  39.551 ) T:79414 (  14.271  32.959  38.591  39.135  39.679  44.223 )
1299.522: I:309 (  39.135  39.359  40.159 ) T:79723 (  14.319  33.119  38.751  39.263  39.871  44.223 )
1309.522: I:308 (  39.295  39.487  39.935 ) T:80031 (  14.375  33.215  38.879  39.455  39.871  44.223 )
1319.524: I:306 (  39.423  39.871  45.471 ) T:80337 (  14.431  33.375  39.007  39.647  41.055  45.471 )
1329.523: I:303 (  39.615  39.839  40.319 ) T:80640 (  14.487  33.471  39.135  39.807  41.055  45.471 )
1339.522: I:304 (  39.743  39.903  40.607 ) T:80944 (  14.543  33.599  39.295  39.935  41.055  45.471 )
1349.523: I:298 (  39.871  40.095  40.575 ) T:81242 (  14.599  33.727  39.423  40.063  41.055  45.471 )
1359.522: I:304 (  40.031  40.255  42.047 ) T:81546 (  14.655  33.855  39.615  40.223  41.567  45.471 )
1369.523: I:297 (  40.191  40.383  40.959 ) T:81843 (  14.711  33.983  39.743  40.383  41.567  45.471 )
1379.522: I:301 (  40.351  40.511  41.887 ) T:82144 (  14.767  34.079  39.871  40.511  41.663  45.471 )
1389.523: I:298 (  40.511  40.767  41.919 ) T:82442 (  14.815  34.271  39.999  40.703  41.791  45.471 )
1399.522: I:300 (  40.639  40.863  41.247 ) T:82742 (  14.863  34.399  40.191  40.831  41.791  45.471 )
1409.523: I:297 (  40.767  40.927  41.279 ) T:83039 (  14.927  34.527  40.319  40.927  41.791  45.471 )
1419.524: I:296 (  40.895  41.119  44.095 ) T:83335 (  14.975  34.655  40.447  41.055  41.887  45.471 )
1429.521: I:294 (  41.087  41.279  43.199 ) T:83629 (  15.031  34.783  40.639  41.215  42.111  45.471 )
1439.523: I:289 (  41.247  42.623  45.343 ) T:83918 (  15.079  34.879  40.767  41.535  42.975  45.471 )
1449.534: I:292 (  41.343  41.535  42.943 ) T:84210 (  15.127  35.007  40.863  41.631  42.975  45.471 )
1459.523: I:292 (  41.567  41.855  47.615 ) T:84502 (  15.183  35.135  41.023  41.855  44.223  47.615 )
1469.522: I:291 (  41.663  41.855  42.207 ) T:84793 (  15.231  35.263  41.151  41.919  44.223  47.615 )
1479.523: I:289 (  41.791  42.015  43.615 ) T:85082 (  15.279  35.423  41.343  42.079  44.223  47.615 )
1489.522: I:287 (  41.951  42.143  42.559 ) T:85369 (  15.343  35.519  41.471  42.207  44.223  47.615 )
1499.523: I:287 (  42.079  42.303  43.551 ) T:85656 (  15.391  35.647  41.663  42.335  44.223  47.615 )
1509.523: I:284 (  42.207  42.463  43.615 ) T:85940 (  15.439  35.743  41.791  42.495  44.223  47.615 )
1519.523: I:285 (  42.399  42.719  47.295 ) T:86225 (  15.487  35.871  41.919  42.655  44.543  47.615 )
1529.523: I:283 (  42.591  42.815  43.391 ) T:86508 (  15.535  35.967  42.015  42.783  44.543  47.615 )
1539.523: I:282 (  42.687  42.943  43.359 ) T:86790 (  15.583  36.095  42.175  42.911  44.543  47.615 )
1549.523: I:282 (  42.815  43.071  44.671 ) T:87072 (  15.639  36.191  42.303  43.039  44.575  47.615 )
1559.523: I:281 (  42.943  43.199  43.519 ) T:87353 (  15.687  36.319  42.495  43.199  44.575  47.615 )
1569.523: I:281 (  43.071  43.295  43.679 ) T:87634 (  15.735  36.415  42.655  43.295  44.575  47.615 )
1579.523: I:279 (  43.199  43.455  43.807 ) T:87913 (  15.791  36.575  42.783  43.391  44.575  47.615 )
1589.523: I:278 (  43.327  43.647  49.631 ) T:88191 (  15.847  36.703  42.879  43.583  44.703  49.631 )
1599.523: I:275 (  43.519  43.807  44.159 ) T:88466 (  15.887  36.799  43.007  43.743  44.703  49.631 )
1609.522: I:278 (  43.647  43.903  44.319 ) T:88744 (  15.943  36.895  43.135  43.839  44.703  49.631 )
1619.523: I:275 (  43.775  43.967  44.607 ) T:89019 (  15.999  37.023  43.263  43.935  44.703  49.631 )
1629.522: I:277 (  43.903  44.127  44.511 ) T:89296 (  16.047  37.119  43.391  44.063  44.703  49.631 )
1639.522: I:276 (  44.031  44.191  44.703 ) T:89572 (  16.095  37.215  43.551  44.159  44.703  49.631 )
1649.523: I:273 (  44.159  44.447  46.815 ) T:89845 (  16.135  37.343  43.711  44.287  46.271  49.631 )
1659.523: I:272 (  44.351  44.671  50.591 ) T:90117 (  16.183  37.439  43.807  44.543  46.271  50.591 )
1669.523: I:272 (  44.447  44.703  44.991 ) T:90389 (  16.239  37.599  43.903  44.671  46.271  50.591 )
1679.523: I:271 (  44.607  44.895  46.463 ) T:90660 (  16.295  37.727  44.031  44.799  46.463  50.591 )
1689.522: I:272 (  44.703  44.959  45.343 ) T:90932 (  16.343  37.823  44.159  44.927  46.463  50.591 )
1699.522: I:269 (  44.831  45.023  45.407 ) T:91201 (  16.399  37.919  44.287  44.991  46.463  50.591 )
1709.522: I:270 (  44.959  45.183  45.439 ) T:91471 (  16.447  38.015  44.479  45.119  46.463  50.591 )
1719.521: I:271 (  45.087  45.311  45.695 ) T:91742 (  16.495  38.143  44.639  45.247  46.463  50.591 )
1729.523: I:266 (  45.311  45.663  48.127 ) T:92008 (  16.543  38.239  44.735  45.471  47.295  50.591 )
1739.523: I:263 (  45.407  45.663  46.079 ) T:92271 (  16.591  38.303  44.863  45.631  47.295  50.591 )
1749.523: I:266 (  45.503  45.759  46.143 ) T:92537 (  16.639  38.399  44.959  45.727  47.295  50.591 )
1759.523: I:264 (  45.631  45.919  46.271 ) T:92801 (  16.687  38.463  45.087  45.855  47.295  50.591 )
1769.522: I:266 (  45.759  45.983  46.335 ) T:93067 (  16.735  38.623  45.247  45.919  47.295  50.591 )
1779.523: I:263 (  45.855  46.079  46.431 ) T:93330 (  16.783  38.719  45.407  46.047  47.295  50.591 )
1789.523: I:263 (  45.983  46.239  50.623 ) T:93593 (  16.847  38.815  45.535  46.175  47.647  50.623 )
1799.523: I:261 (  46.175  46.463  47.167 ) T:93854 (  16.895  38.911  45.631  46.335  47.647  50.623 )
1809.523: I:260 (  46.303  46.527  46.975 ) T:94114 (  16.927  39.007  45.727  46.463  47.647  50.623 )
1819.522: I:261 (  46.399  46.655  47.039 ) T:94375 (  16.975  39.103  45.855  46.591  47.647  50.623 )
1829.522: I:258 (  46.495  46.719  47.551 ) T:94633 (  17.007  39.199  45.951  46.687  47.647  50.623 )
1839.522: I:260 (  46.623  46.847  47.199 ) T:94893 (  17.055  39.327  46.079  46.783  47.647  50.623 )
1849.523: I:255 (  46.751  46.943  47.551 ) T:95148 (  17.103  39.423  46.239  46.911  47.647  50.623 )
1859.523: I:259 (  46.879  47.231  50.335 ) T:95407 (  17.167  39.551  46.367  47.103  47.871  50.623 )
1869.522: I:258 (  47.071  47.359  47.647 ) T:95665 (  17.215  39.679  46.495  47.231  47.871  50.623 )
1879.522: I:255 (  47.167  47.423  47.871 ) T:95920 (  17.263  39.775  46.591  47.359  47.871  50.623 )
1889.523: I:256 (  47.295  47.551  47.807 ) T:96176 (  17.311  39.871  46.719  47.455  47.871  50.623 )
1899.523: I:256 (  47.391  47.711  48.095 ) T:96432 (  17.359  39.967  46.815  47.583  48.063  50.623 )
1909.522: I:256 (  47.519  47.775  48.127 ) T:96688 (  17.391  40.063  46.975  47.679  48.127  50.623 )
1919.521: I:256 (  47.647  47.871  49.375 ) T:96944 (  17.439  40.191  47.103  47.807  48.127  50.623 )
1929.523: I:251 (  47.775  48.127  51.103 ) T:97195 (  17.487  40.287  47.231  47.967  49.631  51.103 )
1939.522: I:253 (  47.935  48.223  48.735 ) T:97448 (  17.535  40.383  47.359  48.095  49.631  51.103 )
1949.523: I:248 (  48.031  48.287  48.575 ) T:97696 (  17.583  40.511  47.455  48.223  49.631  51.103 )
1959.523: I:250 (  48.159  48.447  49.087 ) T:97946 (  17.631  40.607  47.583  48.319  49.631  51.103 )
1969.523: I:250 (  48.255  48.543  49.055 ) T:98196 (  17.663  40.735  47.679  48.447  49.631  51.103 )
1979.523: I:251 (  48.383  48.639  49.247 ) T:98447 (  17.711  40.799  47.807  48.575  49.631  51.103 )
1989.523: I:249 (  48.511  48.735  49.183 ) T:98696 (  17.775  40.895  47.967  48.639  49.631  51.103 )
1999.522: I:250 (  48.703  48.991  49.503 ) T:98946 (  17.807  40.991  48.095  48.831  49.631  51.103 )
2009.523: I:248 (  48.767  49.055  49.887 ) T:99194 (  17.855  41.087  48.191  48.959  49.727  51.103 )
2019.523: I:248 (  48.895  49.151  49.631 ) T:99442 (  17.887  41.215  48.287  49.055  49.727  51.103 )
2029.523: I:245 (  48.991  49.279  49.695 ) T:99687 (  17.935  41.343  48.415  49.151  49.727  51.103 )
2039.523: I:245 (  49.119  49.407  57.951 ) T:99932 (  17.983  41.439  48.511  49.279  49.887  57.951 )
2049.523: I:247 (  49.215  49.407  50.399 ) T:100179 (  18.015  41.599  48.671  49.375  50.015  57.951 )
2059.523: I:245 (  49.343  49.663  54.911 ) T:100424 (  18.063  41.695  48.799  49.503  50.335  57.951 )
2069.523: I:242 (  49.535  49.855  50.655 ) T:100666 (  18.111  41.791  48.927  49.695  50.399  57.951 )
2079.523: I:241 (  49.631  49.919  50.495 ) T:100907 (  18.143  41.855  49.023  49.791  50.463  57.951 )
2089.523: I:242 (  49.727  50.047  50.463 ) T:101149 (  18.191  41.951  49.119  49.919  50.463  57.951 )
2099.523: I:244 (  49.855  50.111  51.743 ) T:101393 (  18.239  42.047  49.215  50.015  50.591  57.951 )
2109.523: I:243 (  49.951  50.175  50.527 ) T:101636 (  18.287  42.143  49.343  50.143  50.591  57.951 )
2119.523: I:243 (  50.079  50.367  50.879 ) T:101879 (  18.335  42.239  49.471  50.239  50.687  57.951 )
2129.523: I:240 (  50.271  50.655  52.895 ) T:102119 (  18.383  42.367  49.631  50.463  51.583  57.951 )
2139.523: I:241 (  50.367  50.719  51.007 ) T:102360 (  18.431  42.495  49.727  50.559  51.583  57.951 )
2149.523: I:240 (  50.495  50.719  51.039 ) T:102600 (  18.463  42.623  49.855  50.655  51.583  57.951 )
2159.523: I:239 (  50.591  50.815  56.415 ) T:102839 (  18.511  42.719  49.951  50.783  52.063  57.951 )
2169.523: I:238 (  50.655  50.911  51.647 ) T:103077 (  18.559  42.783  50.047  50.847  52.063  57.951 )
2179.523: I:237 (  50.783  51.071  51.647 ) T:103314 (  18.607  42.879  50.175  50.911  52.063  57.951 )
2189.532: I:239 (  50.911  51.167  55.039 ) T:103553 (  18.655  42.975  50.335  51.071  52.127  57.951 )
2199.523: I:236 (  51.103  51.423  52.927 ) T:103789 (  18.687  43.071  50.463  51.263  52.287  57.951 )
2209.523: I:235 (  51.199  51.487  51.807 ) T:104024 (  18.735  43.167  50.559  51.391  52.287  57.951 )
2219.523: I:236 (  51.263  51.583  52.255 ) T:104260 (  18.767  43.263  50.655  51.487  52.287  57.951 )
2229.522: I:235 (  51.391  51.647  51.967 ) T:104495 (  18.815  43.327  50.751  51.583  52.287  57.951 )
2239.523: I:235 (  51.487  51.807  52.223 ) T:104730 (  18.863  43.487  50.847  51.679  52.287  57.951 )
2249.523: I:231 (  51.615  51.839  52.287 ) T:104961 (  18.911  43.583  50.943  51.743  52.287  57.951 )
2259.523: I:234 (  51.775  52.159  59.743 ) T:105195 (  18.943  43.679  51.135  51.935  53.407  59.743 )
2269.523: I:233 (  51.903  52.223  52.703 ) T:105428 (  18.991  43.775  51.263  52.063  53.407  59.743 )
2279.523: I:234 (  51.999  52.351  55.199 ) T:105662 (  19.023  43.839  51.359  52.191  53.535  59.743 )
2289.523: I:231 (  52.095  52.351  52.799 ) T:105893 (  19.071  43.935  51.455  52.319  53.535  59.743 )
2299.523: I:232 (  52.223  52.479  52.895 ) T:106125 (  19.103  43.999  51.551  52.415  53.535  59.743 )
2309.523: I:231 (  52.287  52.543  52.959 ) T:106356 (  19.135  44.095  51.679  52.479  53.535  59.743 )
2319.523: I:228 (  52.447  52.735  55.519 ) T:106584 (  19.167  44.191  51.775  52.639  53.951  59.743 )
2329.522: I:232 (  52.575  52.831  53.439 ) T:106816 (  19.199  44.287  51.935  52.735  53.951  59.743 )
2339.523: I:231 (  52.671  52.927  53.983 ) T:107047 (  19.231  44.447  52.031  52.831  53.951  59.743 )
2349.523: I:226 (  52.735  52.991  53.407 ) T:107273 (  19.279  44.543  52.159  52.927  53.951  59.743 )
2359.523: I:229 (  52.831  53.087  53.663 ) T:107502 (  19.327  44.639  52.255  53.023  53.951  59.743 )
2369.523: I:228 (  52.959  53.183  53.791 ) T:107730 (  19.359  44.703  52.351  53.119  53.951  59.743 )
2379.523: I:230 (  53.055  53.247  53.631 ) T:107960 (  19.407  44.799  52.479  53.183  53.951  59.743 )
2389.523: I:225 (  53.247  53.631  56.607 ) T:108185 (  19.439  44.895  52.607  53.407  54.207  59.743 )
2399.523: I:226 (  53.343  53.727  62.879 ) T:108411 (  19.471  44.959  52.671  53.535  54.975  62.879 )
2409.523: I:226 (  53.439  53.759  54.463 ) T:108637 (  19.519  45.055  52.767  53.631  54.975  62.879 )
2419.523: I:227 (  53.535  53.823  54.495 ) T:108864 (  19.551  45.151  52.863  53.759  54.975  62.879 )
2429.522: I:225 (  53.599  53.951  54.751 ) T:109089 (  19.583  45.279  52.959  53.823  54.975  62.879 )
2439.523: I:223 (  53.727  53.983  54.591 ) T:109312 (  19.631  45.375  53.055  53.919  54.975  62.879 )
2449.525: I:225 (  53.919  54.367  56.191 ) T:109537 (  19.663  45.471  53.183  54.111  55.519  62.879 )
2459.523: I:224 (  54.015  54.271  55.839 ) T:109761 (  19.695  45.567  53.343  54.207  55.551  62.879 )
2469.523: I:225 (  54.079  54.431  54.847 ) T:109986 (  19.727  45.631  53.439  54.303  55.551  62.879 )
2479.523: I:223 (  54.175  54.463  55.263 ) T:110209 (  19.775  45.727  53.567  54.399  55.519  62.879 )
2489.523: I:219 (  54.271  54.623  55.263 ) T:110428 (  19.823  45.791  53.631  54.495  55.519  62.879 )
2499.523: I:222 (  54.399  54.687  55.359 ) T:110650 (  19.871  45.887  53.727  54.591  55.519  62.879 )
2509.523: I:222 (  54.559  54.975  56.255 ) T:110872 (  19.903  45.951  53.855  54.751  55.839  62.879 )
2519.522: I:223 (  54.687  55.007  56.927 ) T:111095 (  19.935  46.047  53.983  54.879  56.063  62.879 )
2529.523: I:221 (  54.751  55.071  55.583 ) T:111316 (  19.983  46.175  54.111  54.975  56.063  62.879 )
2539.523: I:221 (  54.847  55.167  55.615 ) T:111537 (  20.015  46.271  54.207  55.071  56.063  62.879 )
2549.522: I:221 (  54.943  55.263  55.743 ) T:111758 (  20.063  46.367  54.303  55.167  56.063  62.879 )
2559.523: I:219 (  55.071  55.391  55.839 ) T:111977 (  20.111  46.463  54.399  55.263  56.063  62.879 )
2569.524: I:220 (  55.135  55.551  57.535 ) T:112197 (  20.143  46.527  54.495  55.359  56.191  62.879 )
2579.521: I:220 (  55.359  55.647  56.031 ) T:112417 (  20.175  46.623  54.655  55.519  56.191  62.879 )
2589.523: I:217 (  55.423  55.743  56.191 ) T:112634 (  20.223  46.687  54.751  55.615  56.191  62.879 )
2599.523: I:219 (  55.519  55.807  56.191 ) T:112853 (  20.255  46.751  54.847  55.711  56.191  62.879 )
2609.523: I:218 (  55.615  55.903  56.383 ) T:113071 (  20.303  46.847  54.943  55.775  56.223  62.879 )
2619.523: I:217 (  55.711  56.063  56.767 ) T:113288 (  20.351  46.975  55.039  55.871  56.383  62.879 )
2629.522: I:218 (  55.807  56.127  57.759 ) T:113506 (  20.399  47.103  55.135  55.967  56.575  62.879 )
2639.523: I:216 (  56.031  56.415  58.751 ) T:113722 (  20.431  47.199  55.263  56.159  56.927  62.879 )
2649.523: I:215 (  56.095  56.415  56.799 ) T:113937 (  20.463  47.263  55.391  56.255  56.927  62.879 )
2659.523: I:216 (  56.127  56.447  57.087 ) T:114153 (  20.495  47.359  55.487  56.351  56.959  62.879 )
2669.523: I:216 (  56.255  56.479  56.959 ) T:114369 (  20.543  47.423  55.583  56.415  56.959  62.879 )
2679.523: I:214 (  56.351  56.575  56.927 ) T:114583 (  20.575  47.519  55.679  56.511  56.959  62.879 )
2689.530: I:216 (  56.447  56.735  57.087 ) T:114799 (  20.623  47.583  55.775  56.607  56.991  62.879 )
2699.523: I:212 (  56.671  56.991  60.479 ) T:115011 (  20.655  47.679  55.839  56.767  57.439  62.879 )
2709.523: I:214 (  56.703  57.023  57.535 ) T:115225 (  20.703  47.775  55.999  56.863  57.535  62.879 )
2719.523: I:214 (  56.767  57.087  57.663 ) T:115439 (  20.735  47.871  56.127  56.959  57.535  62.879 )
2729.523: I:209 (  56.895  57.215  57.663 ) T:115648 (  20.767  47.999  56.191  57.055  57.567  62.879 )
2739.523: I:211 (  56.959  57.279  57.695 ) T:115859 (  20.815  48.063  56.287  57.151  57.631  62.879 )
2749.523: I:212 (  57.087  57.343  57.791 ) T:116071 (  20.847  48.127  56.383  57.215  57.695  62.879 )
2759.525: I:211 (  57.279  57.631  59.999 ) T:116282 (  20.895  48.223  56.479  57.407  58.015  62.879 )
2769.522: I:213 (  57.311  57.727  58.495 ) T:116495 (  20.943  48.287  56.607  57.503  58.239  62.879 )
2779.523: I:210 (  57.407  57.759  58.623 ) T:116705 (  20.975  48.383  56.703  57.631  58.303  62.879 )
2789.523: I:209 (  57.503  57.823  58.431 ) T:116914 (  21.007  48.479  56.799  57.695  58.335  62.879 )
2799.523: I:207 (  57.599  57.887  58.527 ) T:117121 (  21.039  48.543  56.895  57.791  58.431  62.879 )
2809.522: I:212 (  57.695  58.047  58.623 ) T:117333 (  21.087  48.671  56.991  57.887  58.495  62.879 )
2819.523: I:209 (  57.919  58.207  59.967 ) T:117542 (  21.103  48.767  57.087  58.047  58.623  62.879 )
2829.523: I:209 (  57.951  58.271  59.103 ) T:117751 (  21.135  48.831  57.215  58.143  58.719  62.879 )
2839.523: I:209 (  58.015  58.367  66.559 ) T:117960 (  21.183  48.927  57.343  58.207  58.783  66.559 )
2849.523: I:209 (  58.111  58.463  60.191 ) T:118169 (  21.215  49.023  57.439  58.335  59.103  66.559 )
2859.522: I:208 (  58.207  58.655  59.071 ) T:118377 (  21.279  49.087  57.535  58.431  59.103  66.559 )
2869.523: I:207 (  58.303  58.687  60.479 ) T:118584 (  21.311  49.151  57.631  58.527  59.327  66.559 )
2879.523: I:205 (  58.527  58.847  61.023 ) T:118789 (  21.343  49.247  57.695  58.687  59.359  66.559 )
2889.523: I:205 (  58.591  58.975  59.679 ) T:118994 (  21.391  49.311  57.823  58.783  59.359  66.559 )
2899.522: I:208 (  58.655  59.007  59.551 ) T:119202 (  21.439  49.375  57.951  58.879  59.551  66.559 )
2909.523: I:206 (  58.751  59.039  59.519 ) T:119408 (  21.455  49.503  58.047  58.975  59.551  66.559 )
2919.522: I:206 (  58.847  59.199  59.743 ) T:119614 (  21.503  49.631  58.111  59.039  59.679  66.559 )
2929.523: I:206 (  58.975  59.359  62.559 ) T:119820 (  21.535  49.695  58.207  59.167  60.191  66.559 )
2939.523: I:204 (  59.135  59.487  59.999 ) T:120024 (  21.567  49.791  58.303  59.295  59.999  66.559 )
2949.523: I:205 (  59.167  59.487  60.063 ) T:120229 (  21.599  49.855  58.431  59.359  60.063  66.559 )
2959.523: I:204 (  59.231  59.551  60.159 ) T:120433 (  21.631  49.951  58.559  59.455  60.159  66.559 )
2969.523: I:204 (  59.327  59.679  59.999 ) T:120637 (  21.663  50.015  58.655  59.519  60.159  66.559 )
2979.523: I:203 (  59.423  59.711  60.319 ) T:120840 (  21.711  50.079  58.751  59.615  60.255  66.559 )
2989.523: I:204 (  59.615  59.967  64.511 ) T:121044 (  21.743  50.175  58.815  59.743  60.479  66.559 )
2999.523: I:203 (  59.743  60.095  68.223 ) T:121247 (  21.791  50.303  58.943  59.903  61.055  68.223 )
3009.521: I:204 (  59.775  60.063  61.119 ) T:121451 (  21.839  50.399  59.039  59.967  61.055  68.223 )
3019.523: I:201 (  59.839  60.191  60.671 ) T:121652 (  21.871  50.495  59.135  60.063  61.055  68.223 )
3029.523: I:202 (  59.935  60.287  63.871 ) T:121854 (  21.903  50.559  59.231  60.127  61.087  68.223 )
3039.523: I:202 (  60.031  60.351  62.911 ) T:122056 (  21.935  50.623  59.327  60.255  61.631  68.223 )
3049.522: I:203 (  60.223  60.511  60.895 ) T:122259 (  21.967  50.719  59.391  60.383  61.631  68.223 )
3059.523: I:201 (  60.287  60.639  64.639 ) T:122460 (  21.999  50.783  59.487  60.511  61.823  68.223 )
3069.523: I:202 (  60.383  60.703  61.503 ) T:122662 (  22.047  50.847  59.615  60.575  61.823  68.223 )
3079.522: I:202 (  60.415  60.799  61.375 ) T:122864 (  22.079  50.911  59.743  60.639  61.823  68.223 )
3089.523: I:199 (  60.511  60.927  64.831 ) T:123063 (  22.127  51.039  59.839  60.767  61.919  68.223 )
3099.523: I:198 (  60.703  61.119  66.495 ) T:123261 (  22.159  51.167  59.903  60.895  62.751  68.223 )
3109.523: I:198 (  60.831  61.279  62.207 ) T:123459 (  22.191  51.263  59.967  61.055  62.751  68.223 )
3119.523: I:197 (  60.959  61.375  67.199 ) T:123656 (  22.239  51.327  60.063  61.151  62.911  68.223 )
3129.523: I:199 (  60.959  61.311  62.079 ) T:123855 (  22.271  51.391  60.191  61.247  62.911  68.223 )
3139.523: I:199 (  61.055  61.439  62.079 ) T:124054 (  22.303  51.455  60.319  61.311  62.911  68.223 )
3149.522: I:199 (  61.151  61.471  63.615 ) T:124253 (  22.335  51.551  60.415  61.375  63.615  68.223 )
3159.523: I:197 (  61.343  61.695  66.495 ) T:124450 (  22.367  51.615  60.479  61.503  63.647  68.223 )
3169.523: I:198 (  61.407  61.855  62.751 ) T:124648 (  22.399  51.679  60.575  61.631  63.647  68.223 )
3179.523: I:197 (  61.471  61.791  66.111 ) T:124845 (  22.431  51.775  60.703  61.695  63.839  68.223 )
3189.522: I:197 (  61.535  61.887  62.399 ) T:125042 (  22.463  51.903  60.831  61.791  63.839  68.223 )
3199.523: I:197 (  61.631  61.951  62.783 ) T:125239 (  22.511  51.967  60.927  61.855  63.839  68.223 )
3209.524: I:192 (  61.791  62.303  66.431 ) T:125431 (  22.543  52.063  61.023  61.983  65.023  68.223 )
3219.523: I:194 (  61.919  62.303  64.959 ) T:125625 (  22.575  52.127  61.087  62.079  65.023  68.223 )
3229.522: I:197 (  61.951  62.303  62.783 ) T:125822 (  22.607  52.223  61.183  62.175  65.023  68.223 )
3239.523: I:195 (  62.079  62.399  67.263 ) T:126017 (  22.639  52.287  61.311  62.303  65.151  68.223 )
3249.522: I:196 (  62.111  62.495  63.135 ) T:126213 (  22.687  52.351  61.407  62.399  65.151  68.223 )
3259.523: I:194 (  62.239  62.559  64.159 ) T:126407 (  22.719  52.447  61.503  62.463  65.151  68.223 )
3269.523: I:194 (  62.399  62.719  63.263 ) T:126601 (  22.751  52.543  61.567  62.559  65.151  68.223 )
3272.828: I:47 (  62.463  62.911  63.551 ) T:126648 (  22.767  52.543  61.599  62.591  65.151  68.223 )
3272.883: I:0 (   0.000   0.000   0.000 ) T:126648 (  22.767  52.543  61.599  62.591  65.151  68.223 )
