#[Interval percentile log between 0.000 and <Infinite> seconds (relative to StartTime)]
#[StartTime: 1524856564.381 (seconds since epoch), Fri Apr 27 21:16:04 CEST 2018]
Time: IntervalPercentiles:count ( 50% 90% Max ) TotalPercentiles:count ( 50% 90% 99% 99.9% 99.99% Max )
9.993: I:1 (   0.015   0.015   0.015 ) T:1 (   0.015   0.015   0.015   0.015   0.015   0.015 )
19.976: I:1 (   0.087   0.087   0.087 ) T:2 (   0.015   0.087   0.087   0.087   0.087   0.087 )
29.978: I:1 (   0.039   0.039   0.039 ) T:3 (   0.039   0.087   0.087   0.087   0.087   0.087 )
39.975: I:1 (   0.047   0.047   0.047 ) T:4 (   0.039   0.087   0.087   0.087   0.087   0.087 )
49.975: I:1 (   0.057   0.057   0.057 ) T:5 (   0.047   0.087   0.087   0.087   0.087   0.087 )
59.975: I:1 (   0.060   0.060   0.060 ) T:6 (   0.047   0.087   0.087   0.087   0.087   0.087 )
69.975: I:1 (   0.057   0.057   0.057 ) T:7 (   0.057   0.087   0.087   0.087   0.087   0.087 )
79.974: I:1 (   0.067   0.067   0.067 ) T:8 (   0.057   0.087   0.087   0.087   0.087   0.087 )
89.976: I:1 (   0.084   0.084   0.084 ) T:9 (   0.057   0.087   0.087   0.087   0.087   0.087 )
99.976: I:1 (   0.101   0.101   0.101 ) T:10 (   0.057   0.087   0.101   0.101   0.101   0.101 )
109.975: I:1 (   0.035   0.035   0.035 ) T:11 (   0.057   0.087   0.101   0.101   0.101   0.101 )
119.975: I:1 (   0.069   0.069   0.069 ) T:12 (   0.057   0.087   0.101   0.101   0.101   0.101 )
129.975: I:1 (   0.103   0.103   0.103 ) T:13 (   0.060   0.101   0.103   0.103   0.103   0.103 )
139.975: I:1 (   0.048   0.048   0.048 ) T:14 (   0.057   0.101   0.103   0.103   0.103   0.103 )
149.974: I:1 (   0.065   0.065   0.065 ) T:15 (   0.060   0.101   0.103   0.103   0.103   0.103 )
159.975: I:1 (   0.075   0.075   0.075 ) T:16 (   0.060   0.101   0.103   0.103   0.103   0.103 )
169.975: I:1 (   0.092   0.092   0.092 ) T:17 (   0.065   0.101   0.103   0.103   0.103   0.103 )
179.974: I:1 (   0.029   0.029   0.029 ) T:18 (   0.060   0.101   0.103   0.103   0.103   0.103 )
189.974: I:1 (   0.043   0.043   0.043 ) T:19 (   0.060   0.101   0.103   0.103   0.103   0.103 )
199.973: I:1 (   0.061   0.061   0.061 ) T:20 (   0.060   0.092   0.103   0.103   0.103   0.103 )
209.975: I:1 (   0.079   0.079   0.079 ) T:21 (   0.061   0.092   0.103   0.103   0.103   0.103 )
219.974: I:1 (   0.039   0.039   0.039 ) T:22 (   0.060   0.092   0.103   0.103   0.103   0.103 )
229.973: I:1 (   0.063   0.063   0.063 ) T:23 (   0.061   0.092   0.103   0.103   0.103   0.103 )
239.974: I:1 (   0.029   0.029   0.029 ) T:24 (   0.060   0.092   0.103   0.103   0.103   0.103 )
249.975: I:1 (   0.060   0.060   0.060 ) T:25 (   0.060   0.092   0.103   0.103   0.103   0.103 )
259.975: I:1 (   0.027   0.027   0.027 ) T:26 (   0.060   0.092   0.103   0.103   0.103   0.103 )
269.974: I:1 (   0.067   0.067   0.067 ) T:27 (   0.060   0.092   0.103   0.103   0.103   0.103 )
279.972: I:1 (   0.044   0.044   0.044 ) T:28 (   0.060   0.092   0.103   0.103   0.103   0.103 )
289.972: I:1 (   0.027   0.027   0.027 ) T:29 (   0.060   0.092   0.103   0.103   0.103   0.103 )
299.974: I:1 (   0.065   0.065   0.065 ) T:30 (   0.060   0.087   0.103   0.103   0.103   0.103 )
309.975: I:1 (   0.048   0.048   0.048 ) T:31 (   0.060   0.087   0.103   0.103   0.103   0.103 )
319.974: I:1 (   0.042   0.042   0.042 ) T:32 (   0.057   0.087   0.103   0.103   0.103   0.103 )
329.975: I:1 (   0.033   0.033   0.033 ) T:33 (   0.057   0.087   0.103   0.103   0.103   0.103 )
339.972: I:1 (   0.032   0.032   0.032 ) T:34 (   0.057   0.087   0.103   0.103   0.103   0.103 )
349.978: I:1 (   0.034   0.034   0.034 ) T:35 (   0.057   0.087   0.103   0.103   0.103   0.103 )
359.974: I:1 (   0.031   0.031   0.031 ) T:36 (   0.048   0.087   0.103   0.103   0.103   0.103 )
369.973: I:1 (   0.034   0.034   0.034 ) T:37 (   0.048   0.087   0.103   0.103   0.103   0.103 )
379.975: I:1 (   0.036   0.036   0.036 ) T:38 (   0.048   0.087   0.103   0.103   0.103   0.103 )
389.975: I:1 (   0.050   0.050   0.050 ) T:39 (   0.048   0.087   0.103   0.103   0.103   0.103 )
399.974: I:1 (   0.068   0.068   0.068 ) T:40 (   0.048   0.084   0.103   0.103   0.103   0.103 )
409.974: I:1 (   0.035   0.035   0.035 ) T:41 (   0.048   0.084   0.103   0.103   0.103   0.103 )
419.974: I:1 (   0.053   0.053   0.053 ) T:42 (   0.048   0.084   0.103   0.103   0.103   0.103 )
429.974: I:1 (   0.038   0.038   0.038 ) T:43 (   0.048   0.084   0.103   0.103   0.103   0.103 )
439.973: I:1 (   0.055   0.055   0.055 ) T:44 (   0.048   0.084   0.103   0.103   0.103   0.103 )
449.974: I:1 (   0.042   0.042   0.042 ) T:45 (   0.048   0.084   0.103   0.103   0.103   0.103 )
459.974: I:1 (   0.030   0.030   0.030 ) T:46 (   0.048   0.084   0.103   0.103   0.103   0.103 )
469.974: I:1 (   0.065   0.065   0.065 ) T:47 (   0.048   0.084   0.103   0.103   0.103   0.103 )
479.973: I:1 (   0.062   0.062   0.062 ) T:48 (   0.048   0.084   0.103   0.103   0.103   0.103 )
489.974: I:1 (   0.063   0.063   0.063 ) T:49 (   0.050   0.084   0.103   0.103   0.103   0.103 )
499.974: I:1 (   0.067   0.067   0.067 ) T:50 (   0.050   0.079   0.103   0.103   0.103   0.103 )
509.974: I:1 (   0.062   0.062   0.062 ) T:51 (   0.053   0.079   0.103   0.103   0.103   0.103 )
519.974: I:1 (   0.067   0.067   0.067 ) T:52 (   0.053   0.079   0.103   0.103   0.103   0.103 )
529.974: I:1 (   0.062   0.062   0.062 ) T:53 (   0.055   0.079   0.103   0.103   0.103   0.103 )
539.974: I:1 (   0.064   0.064   0.064 ) T:54 (   0.055   0.079   0.103   0.103   0.103   0.103 )
549.974: I:1 (   0.062   0.062   0.062 ) T:55 (   0.057   0.079   0.103   0.103   0.103   0.103 )
559.973: I:1 (   0.040   0.040   0.040 ) T:56 (   0.055   0.079   0.103   0.103   0.103   0.103 )
569.973: I:1 (   0.048   0.048   0.048 ) T:57 (   0.055   0.079   0.103   0.103   0.103   0.103 )
579.973: I:1 (   0.045   0.045   0.045 ) T:58 (   0.053   0.079   0.103   0.103   0.103   0.103 )
589.974: I:1 (   0.051   0.051   0.051 ) T:59 (   0.053   0.079   0.103   0.103   0.103   0.103 )
599.975: I:1 (   0.052   0.052   0.052 ) T:60 (   0.052   0.075   0.103   0.103   0.103   0.103 )
609.972: I:1 (   0.058   0.058   0.058 ) T:61 (   0.053   0.075   0.103   0.103   0.103   0.103 )
619.974: I:1 (   0.057   0.057   0.057 ) T:62 (   0.053   0.075   0.103   0.103   0.103   0.103 )
629.973: I:1 (   0.066   0.066   0.066 ) T:63 (   0.055   0.075   0.103   0.103   0.103   0.103 )
639.972: I:1 (   0.042   0.042   0.042 ) T:64 (   0.053   0.075   0.103   0.103   0.103   0.103 )
649.974: I:1 (   0.041   0.041   0.041 ) T:65 (   0.053   0.075   0.103   0.103   0.103   0.103 )
659.974: I:1 (   0.055   0.055   0.055 ) T:66 (   0.053   0.075   0.103   0.103   0.103   0.103 )
669.976: I:1 (   0.060   0.060   0.060 ) T:67 (   0.055   0.075   0.103   0.103   0.103   0.103 )
679.974: I:1 (   0.036   0.036   0.036 ) T:68 (   0.053   0.075   0.103   0.103   0.103   0.103 )
689.974: I:1 (   0.048   0.048   0.048 ) T:69 (   0.053   0.075   0.103   0.103   0.103   0.103 )
699.974: I:1 (   0.058   0.058   0.058 ) T:70 (   0.053   0.069   0.103   0.103   0.103   0.103 )
709.972: I:1 (   0.071   0.071   0.071 ) T:71 (   0.055   0.071   0.103   0.103   0.103   0.103 )
719.975: I:1 (   0.054   0.054   0.054 ) T:72 (   0.054   0.071   0.103   0.103   0.103   0.103 )
729.972: I:1 (   0.069   0.069   0.069 ) T:73 (   0.055   0.071   0.103   0.103   0.103   0.103 )
739.972: I:1 (   0.049   0.049   0.049 ) T:74 (   0.054   0.071   0.103   0.103   0.103   0.103 )
749.974: I:1 (   0.068   0.068   0.068 ) T:75 (   0.055   0.071   0.103   0.103   0.103   0.103 )
759.973: I:1 (   0.047   0.047   0.047 ) T:76 (   0.054   0.071   0.103   0.103   0.103   0.103 )
769.974: I:1 (   0.067   0.067   0.067 ) T:77 (   0.055   0.071   0.103   0.103   0.103   0.103 )
779.975: I:1 (   0.056   0.056   0.056 ) T:78 (   0.055   0.071   0.103   0.103   0.103   0.103 )
789.974: I:1 (   0.040   0.040   0.040 ) T:79 (   0.055   0.071   0.103   0.103   0.103   0.103 )
799.973: I:1 (   0.058   0.058   0.058 ) T:80 (   0.055   0.069   0.103   0.103   0.103   0.103 )
809.974: I:1 (   0.043   0.043   0.043 ) T:81 (   0.055   0.069   0.103   0.103   0.103   0.103 )
819.974: I:1 (   0.071   0.071   0.071 ) T:82 (   0.055   0.071   0.103   0.103   0.103   0.103 )
829.974: I:1 (   0.061   0.061   0.061 ) T:83 (   0.055   0.071   0.103   0.103   0.103   0.103 )
839.973: I:1 (   0.040   0.040   0.040 ) T:84 (   0.055   0.071   0.103   0.103   0.103   0.103 )
849.973: I:1 (   0.071   0.071   0.071 ) T:85 (   0.055   0.071   0.103   0.103   0.103   0.103 )
859.973: I:1 (   0.059   0.059   0.059 ) T:86 (   0.055   0.071   0.103   0.103   0.103   0.103 )
869.974: I:1 (   0.042   0.042   0.042 ) T:87 (   0.055   0.071   0.103   0.103   0.103   0.103 )
879.972: I:1 (   0.068   0.068   0.068 ) T:88 (   0.055   0.071   0.103   0.103   0.103   0.103 )
889.974: I:1 (   0.061   0.061   0.061 ) T:89 (   0.056   0.071   0.103   0.103   0.103   0.103 )
899.974: I:1 (   0.040   0.040   0.040 ) T:90 (   0.055   0.071   0.103   0.103   0.103   0.103 )
909.973: I:1 (   0.073   0.073   0.073 ) T:91 (   0.056   0.071   0.103   0.103   0.103   0.103 )
919.974: I:1 (   0.067   0.067   0.067 ) T:92 (   0.056   0.071   0.103   0.103   0.103   0.103 )
929.974: I:1 (   0.055   0.055   0.055 ) T:93 (   0.056   0.071   0.103   0.103   0.103   0.103 )
939.973: I:1 (   0.047   0.047   0.047 ) T:94 (   0.055   0.071   0.103   0.103   0.103   0.103 )
949.974: I:1 (   0.045   0.045   0.045 ) T:95 (   0.055   0.071   0.103   0.103   0.103   0.103 )
959.973: I:1 (   0.064   0.064   0.064 ) T:96 (   0.055   0.071   0.103   0.103   0.103   0.103 )
969.973: I:1 (   0.063   0.063   0.063 ) T:97 (   0.056   0.071   0.103   0.103   0.103   0.103 )
979.972: I:1 (   0.060   0.060   0.060 ) T:98 (   0.056   0.071   0.103   0.103   0.103   0.103 )
989.974: I:1 (   0.053   0.053   0.053 ) T:99 (   0.056   0.071   0.103   0.103   0.103   0.103 )
999.973: I:1 (   0.050   0.050   0.050 ) T:100 (   0.055   0.071   0.101   0.103   0.103   0.103 )
1009.973: I:1 (   0.055   0.055   0.055 ) T:101 (   0.055   0.071   0.101   0.103   0.103   0.103 )
1019.974: I:1 (   0.045   0.045   0.045 ) T:102 (   0.055   0.071   0.101   0.103   0.103   0.103 )
1029.973: I:1 (   0.051   0.051   0.051 ) T:103 (   0.055   0.071   0.101   0.103   0.103   0.103 )
1039.974: I:1 (   0.063   0.063   0.063 ) T:104 (   0.055   0.071   0.101   0.103   0.103   0.103 )
1049.974: I:1 (   0.069   0.069   0.069 ) T:105 (   0.055   0.071   0.101   0.103   0.103   0.103 )
1059.974: I:1 (   0.076   0.076   0.076 ) T:106 (   0.055   0.071   0.101   0.103   0.103   0.103 )
1069.973: I:1 (   0.078   0.078   0.078 ) T:107 (   0.056   0.071   0.101   0.103   0.103   0.103 )
1079.974: I:1 (   0.077   0.077   0.077 ) T:108 (   0.056   0.073   0.101   0.103   0.103   0.103 )
1089.973: I:1 (   0.052   0.052   0.052 ) T:109 (   0.056   0.073   0.101   0.103   0.103   0.103 )
1099.973: I:1 (   0.054   0.054   0.054 ) T:110 (   0.055   0.071   0.101   0.103   0.103   0.103 )
1109.975: I:1 (   0.059   0.059   0.059 ) T:111 (   0.056   0.071   0.101   0.103   0.103   0.103 )
1119.974: I:1 (   0.065   0.065   0.065 ) T:112 (   0.056   0.071   0.101   0.103   0.103   0.103 )
1129.977: I:1 (   0.076   0.076   0.076 ) T:113 (   0.057   0.073   0.101   0.103   0.103   0.103 )
1139.973: I:1 (   0.047   0.047   0.047 ) T:114 (   0.056   0.073   0.101   0.103   0.103   0.103 )
1149.974: I:1 (   0.063   0.063   0.063 ) T:115 (   0.057   0.073   0.101   0.103   0.103   0.103 )
1159.973: I:1 (   0.060   0.060   0.060 ) T:116 (   0.057   0.073   0.101   0.103   0.103   0.103 )
1169.974: I:1 (   0.078   0.078   0.078 ) T:117 (   0.057   0.075   0.101   0.103   0.103   0.103 )
1179.973: I:1 (   0.055   0.055   0.055 ) T:118 (   0.057   0.075   0.101   0.103   0.103   0.103 )
1189.974: I:1 (   0.065   0.065   0.065 ) T:119 (   0.057   0.075   0.101   0.103   0.103   0.103 )
1199.973: I:1 (   0.064   0.064   0.064 ) T:120 (   0.057   0.073   0.101   0.103   0.103   0.103 )
1209.974: I:1 (   0.051   0.051   0.051 ) T:121 (   0.057   0.073   0.101   0.103   0.103   0.103 )
1219.974: I:1 (   0.071   0.071   0.071 ) T:122 (   0.057   0.073   0.101   0.103   0.103   0.103 )
1229.974: I:1 (   0.082   0.082   0.082 ) T:123 (   0.057   0.075   0.101   0.103   0.103   0.103 )
1239.972: I:1 (   0.053   0.053   0.053 ) T:124 (   0.057   0.075   0.101   0.103   0.103   0.103 )
1249.974: I:1 (   0.066   0.066   0.066 ) T:125 (   0.057   0.075   0.101   0.103   0.103   0.103 )
1259.974: I:1 (   0.050   0.050   0.050 ) T:126 (   0.057   0.075   0.101   0.103   0.103   0.103 )
1269.974: I:1 (   0.056   0.056   0.056 ) T:127 (   0.057   0.075   0.101   0.103   0.103   0.103 )
1279.973: I:1 (   0.080   0.080   0.080 ) T:128 (   0.057   0.076   0.101   0.103   0.103   0.103 )
1289.973: I:1 (   0.065   0.065   0.065 ) T:129 (   0.057   0.076   0.101   0.103   0.103   0.103 )
1299.974: I:1 (   0.081   0.081   0.081 ) T:130 (   0.057   0.076   0.101   0.103   0.103   0.103 )
1309.973: I:1 (   0.055   0.055   0.055 ) T:131 (   0.057   0.076   0.101   0.103   0.103   0.103 )
1319.974: I:1 (   0.071   0.071   0.071 ) T:132 (   0.057   0.076   0.101   0.103   0.103   0.103 )
1329.974: I:1 (   0.079   0.079   0.079 ) T:133 (   0.058   0.076   0.101   0.103   0.103   0.103 )
1339.973: I:1 (   0.068   0.068   0.068 ) T:134 (   0.058   0.076   0.101   0.103   0.103   0.103 )
1349.974: I:1 (   0.052   0.052   0.052 ) T:135 (   0.058   0.076   0.101   0.103   0.103   0.103 )
1359.973: I:1 (   0.066   0.066   0.066 ) T:136 (   0.058   0.076   0.101   0.103   0.103   0.103 )
1369.974: I:1 (   0.052   0.052   0.052 ) T:137 (   0.058   0.076   0.101   0.103   0.103   0.103 )
1379.972: I:1 (   0.087   0.087   0.087 ) T:138 (   0.058   0.077   0.101   0.103   0.103   0.103 )
1389.974: I:1 (   0.065   0.065   0.065 ) T:139 (   0.058   0.077   0.101   0.103   0.103   0.103 )
1399.975: I:1 (   0.066   0.066   0.066 ) T:140 (   0.058   0.076   0.101   0.103   0.103   0.103 )
1409.974: I:1 (   0.064   0.064   0.064 ) T:141 (   0.058   0.076   0.101   0.103   0.103   0.103 )
1419.973: I:1 (   0.087   0.087   0.087 ) T:142 (   0.058   0.077   0.101   0.103   0.103   0.103 )
1429.974: I:1 (   0.087   0.087   0.087 ) T:143 (   0.059   0.078   0.101   0.103   0.103   0.103 )
1439.974: I:1 (   0.081   0.081   0.081 ) T:144 (   0.059   0.078   0.101   0.103   0.103   0.103 )
1449.972: I:1 (   0.067   0.067   0.067 ) T:145 (   0.059   0.078   0.101   0.103   0.103   0.103 )
1459.972: I:1 (   0.074   0.074   0.074 ) T:146 (   0.059   0.078   0.101   0.103   0.103   0.103 )
1469.974: I:1 (   0.090   0.090   0.090 ) T:147 (   0.060   0.079   0.101   0.103   0.103   0.103 )
1479.973: I:1 (   0.060   0.060   0.060 ) T:148 (   0.060   0.079   0.101   0.103   0.103   0.103 )
1489.974: I:1 (   0.069   0.069   0.069 ) T:149 (   0.060   0.079   0.101   0.103   0.103   0.103 )
1499.973: I:1 (   0.091   0.091   0.091 ) T:150 (   0.060   0.079   0.101   0.103   0.103   0.103 )
1509.973: I:1 (   0.064   0.064   0.064 ) T:151 (   0.060   0.079   0.101   0.103   0.103   0.103 )
1519.973: I:1 (   0.057   0.057   0.057 ) T:152 (   0.060   0.079   0.101   0.103   0.103   0.103 )
1529.974: I:1 (   0.065   0.065   0.065 ) T:153 (   0.060   0.079   0.101   0.103   0.103   0.103 )
1539.972: I:1 (   0.072   0.072   0.072 ) T:154 (   0.060   0.079   0.101   0.103   0.103   0.103 )
1549.974: I:1 (   0.061   0.061   0.061 ) T:155 (   0.060   0.079   0.101   0.103   0.103   0.103 )
1559.973: I:1 (   0.074   0.074   0.074 ) T:156 (   0.060   0.079   0.101   0.103   0.103   0.103 )
1569.972: I:1 (   0.066   0.066   0.066 ) T:157 (   0.060   0.079   0.101   0.103   0.103   0.103 )
1579.972: I:1 (   0.078   0.078   0.078 ) T:158 (   0.060   0.079   0.101   0.103   0.103   0.103 )
1589.975: I:1 (   0.088   0.088   0.088 ) T:159 (   0.060   0.079   0.101   0.103   0.103   0.103 )
1599.972: I:1 (   0.065   0.065   0.065 ) T:160 (   0.060   0.079   0.101   0.103   0.103   0.103 )
1609.972: I:1 (   0.064   0.064   0.064 ) T:161 (   0.061   0.079   0.101   0.103   0.103   0.103 )
1619.973: I:1 (   0.082   0.082   0.082 ) T:162 (   0.061   0.079   0.101   0.103   0.103   0.103 )
1629.974: I:1 (   0.094   0.094   0.094 ) T:163 (   0.061   0.080   0.101   0.103   0.103   0.103 )
1639.973: I:1 (   0.092   0.092   0.092 ) T:164 (   0.061   0.081   0.101   0.103   0.103   0.103 )
1649.973: I:1 (   0.063   0.063   0.063 ) T:165 (   0.061   0.081   0.101   0.103   0.103   0.103 )
1659.974: I:1 (   0.076   0.076   0.076 ) T:166 (   0.061   0.081   0.101   0.103   0.103   0.103 )
1669.973: I:1 (   0.066   0.066   0.066 ) T:167 (   0.061   0.081   0.101   0.103   0.103   0.103 )
1679.974: I:1 (   0.087   0.087   0.087 ) T:168 (   0.061   0.081   0.101   0.103   0.103   0.103 )
1689.975: I:1 (   0.096   0.096   0.096 ) T:169 (   0.062   0.082   0.101   0.103   0.103   0.103 )
1699.975: I:1 (   0.077   0.077   0.077 ) T:170 (   0.062   0.081   0.101   0.103   0.103   0.103 )
1709.974: I:1 (   0.086   0.086   0.086 ) T:171 (   0.062   0.082   0.101   0.103   0.103   0.103 )
1719.973: I:1 (   0.070   0.070   0.070 ) T:172 (   0.062   0.082   0.101   0.103   0.103   0.103 )
1729.974: I:1 (   0.073   0.073   0.073 ) T:173 (   0.062   0.082   0.101   0.103   0.103   0.103 )
1739.973: I:1 (   0.065   0.065   0.065 ) T:174 (   0.062   0.082   0.101   0.103   0.103   0.103 )
1749.974: I:1 (   0.065   0.065   0.065 ) T:175 (   0.062   0.082   0.101   0.103   0.103   0.103 )
1759.973: I:1 (   0.086   0.086   0.086 ) T:176 (   0.062   0.082   0.101   0.103   0.103   0.103 )
1769.973: I:1 (   0.082   0.082   0.082 ) T:177 (   0.063   0.082   0.101   0.103   0.103   0.103 )
1779.975: I:1 (   0.098   0.098   0.098 ) T:178 (   0.063   0.084   0.101   0.103   0.103   0.103 )
1789.974: I:1 (   0.066   0.066   0.066 ) T:179 (   0.063   0.084   0.101   0.103   0.103   0.103 )
1799.973: I:1 (   0.093   0.093   0.093 ) T:180 (   0.063   0.084   0.101   0.103   0.103   0.103 )
1809.974: I:1 (   0.092   0.092   0.092 ) T:181 (   0.063   0.086   0.101   0.103   0.103   0.103 )
1819.975: I:1 (   0.084   0.084   0.084 ) T:182 (   0.063   0.086   0.101   0.103   0.103   0.103 )
1829.975: I:1 (   0.069   0.069   0.069 ) T:183 (   0.063   0.086   0.101   0.103   0.103   0.103 )
1839.974: I:1 (   0.095   0.095   0.095 ) T:184 (   0.063   0.086   0.101   0.103   0.103   0.103 )
1849.974: I:1 (   0.078   0.078   0.078 ) T:185 (   0.063   0.086   0.101   0.103   0.103   0.103 )
1859.972: I:1 (   0.101   0.101   0.101 ) T:186 (   0.063   0.087   0.101   0.103   0.103   0.103 )
1869.972: I:1 (   0.080   0.080   0.080 ) T:187 (   0.063   0.087   0.101   0.103   0.103   0.103 )
1879.975: I:1 (   0.079   0.079   0.079 ) T:188 (   0.063   0.087   0.101   0.103   0.103   0.103 )
1889.972: I:1 (   0.096   0.096   0.096 ) T:189 (   0.064   0.087   0.101   0.103   0.103   0.103 )
1899.974: I:1 (   0.083   0.083   0.083 ) T:190 (   0.064   0.087   0.101   0.103   0.103   0.103 )
1909.972: I:1 (   0.097   0.097   0.097 ) T:191 (   0.064   0.087   0.101   0.103   0.103   0.103 )
1919.972: I:1 (   0.095   0.095   0.095 ) T:192 (   0.064   0.087   0.101   0.103   0.103   0.103 )
1929.973: I:1 (   0.103   0.103   0.103 ) T:193 (   0.064   0.087   0.103   0.103   0.103   0.103 )
1939.974: I:1 (   0.104   0.104   0.104 ) T:194 (   0.064   0.087   0.103   0.104   0.104   0.104 )
1949.974: I:1 (   0.094   0.094   0.094 ) T:195 (   0.064   0.088   0.103   0.104   0.104   0.104 )
1959.973: I:1 (   0.104   0.104   0.104 ) T:196 (   0.064   0.090   0.104   0.104   0.104   0.104 )
1969.973: I:1 (   0.107   0.107   0.107 ) T:197 (   0.064   0.091   0.104   0.107   0.107   0.107 )
1979.972: I:1 (   0.099   0.099   0.099 ) T:198 (   0.064   0.092   0.104   0.107   0.107   0.107 )
1989.972: I:1 (   0.102   0.102   0.102 ) T:199 (   0.064   0.092   0.104   0.107   0.107   0.107 )
1999.972: I:1 (   0.076   0.076   0.076 ) T:200 (   0.064   0.092   0.104   0.107   0.107   0.107 )
2009.972: I:1 (   0.101   0.101   0.101 ) T:201 (   0.065   0.092   0.104   0.107   0.107   0.107 )
2019.972: I:1 (   0.077   0.077   0.077 ) T:202 (   0.065   0.092   0.104   0.107   0.107   0.107 )
2029.977: I:1 (   0.096   0.096   0.096 ) T:203 (   0.065   0.092   0.104   0.107   0.107   0.107 )
2039.973: I:1 (   0.076   0.076   0.076 ) T:204 (   0.065   0.092   0.104   0.107   0.107   0.107 )
2049.973: I:1 (   0.084   0.084   0.084 ) T:205 (   0.065   0.092   0.104   0.107   0.107   0.107 )
2059.973: I:1 (   0.101   0.101   0.101 ) T:206 (   0.065   0.093   0.104   0.107   0.107   0.107 )
2069.973: I:1 (   0.093   0.093   0.093 ) T:207 (   0.065   0.093   0.104   0.107   0.107   0.107 )
2079.974: I:1 (   0.107   0.107   0.107 ) T:208 (   0.065   0.094   0.104   0.107   0.107   0.107 )
2089.973: I:1 (   0.098   0.098   0.098 ) T:209 (   0.065   0.094   0.104   0.107   0.107   0.107 )
2099.972: I:1 (   0.083   0.083   0.083 ) T:210 (   0.065   0.094   0.104   0.107   0.107   0.107 )
2109.972: I:1 (   0.096   0.096   0.096 ) T:211 (   0.065   0.094   0.104   0.107   0.107   0.107 )
2119.973: I:1 (   0.089   0.089   0.089 ) T:212 (   0.065   0.094   0.104   0.107   0.107   0.107 )
2129.975: I:1 (   0.110   0.110   0.110 ) T:213 (   0.065   0.095   0.107   0.110   0.110   0.110 )
2139.972: I:1 (   0.082   0.082   0.082 ) T:214 (   0.065   0.095   0.107   0.110   0.110   0.110 )
2149.974: I:1 (   0.094   0.094   0.094 ) T:215 (   0.065   0.095   0.107   0.110   0.110   0.110 )
2159.973: I:1 (   0.083   0.083   0.083 ) T:216 (   0.065   0.095   0.107   0.110   0.110   0.110 )
2169.973: I:1 (   0.113   0.113   0.113 ) T:217 (   0.065   0.095   0.107   0.113   0.113   0.113 )
2179.973: I:1 (   0.092   0.092   0.092 ) T:218 (   0.065   0.095   0.107   0.113   0.113   0.113 )
2189.973: I:1 (   0.083   0.083   0.083 ) T:219 (   0.065   0.095   0.107   0.113   0.113   0.113 )
2199.972: I:1 (   0.083   0.083   0.083 ) T:220 (   0.065   0.095   0.107   0.113   0.113   0.113 )
2209.972: I:1 (   0.083   0.083   0.083 ) T:221 (   0.065   0.095   0.107   0.113   0.113   0.113 )
2219.973: I:1 (   0.091   0.091   0.091 ) T:222 (   0.065   0.095   0.107   0.113   0.113   0.113 )
2229.973: I:1 (   0.111   0.111   0.111 ) T:223 (   0.066   0.095   0.110   0.113   0.113   0.113 )
2239.973: I:1 (   0.112   0.112   0.112 ) T:224 (   0.066   0.096   0.111   0.113   0.113   0.113 )
2249.973: I:1 (   0.105   0.105   0.105 ) T:225 (   0.066   0.096   0.111   0.113   0.113   0.113 )
2259.973: I:1 (   0.090   0.090   0.090 ) T:226 (   0.066   0.096   0.111   0.113   0.113   0.113 )
2269.973: I:1 (   0.090   0.090   0.090 ) T:227 (   0.066   0.096   0.111   0.113   0.113   0.113 )
2279.975: I:1 (   0.109   0.109   0.109 ) T:228 (   0.066   0.096   0.111   0.113   0.113   0.113 )
2289.974: I:1 (   0.108   0.108   0.108 ) T:229 (   0.066   0.096   0.111   0.113   0.113   0.113 )
2299.973: I:1 (   0.097   0.097   0.097 ) T:230 (   0.066   0.096   0.111   0.113   0.113   0.113 )
2309.974: I:1 (   0.099   0.099   0.099 ) T:231 (   0.066   0.097   0.111   0.113   0.113   0.113 )
2319.973: I:1 (   0.096   0.096   0.096 ) T:232 (   0.066   0.097   0.111   0.113   0.113   0.113 )
2329.973: I:1 (   0.087   0.087   0.087 ) T:233 (   0.066   0.097   0.111   0.113   0.113   0.113 )
2339.973: I:1 (   0.090   0.090   0.090 ) T:234 (   0.066   0.097   0.111   0.113   0.113   0.113 )
2349.975: I:1 (   0.088   0.088   0.088 ) T:235 (   0.066   0.097   0.111   0.113   0.113   0.113 )
2359.972: I:1 (   0.111   0.111   0.111 ) T:236 (   0.066   0.097   0.111   0.113   0.113   0.113 )
2369.973: I:1 (   0.102   0.102   0.102 ) T:237 (   0.067   0.098   0.111   0.113   0.113   0.113 )
2379.975: I:1 (   0.108   0.108   0.108 ) T:238 (   0.067   0.098   0.111   0.113   0.113   0.113 )
2389.972: I:1 (   0.111   0.111   0.111 ) T:239 (   0.067   0.099   0.111   0.113   0.113   0.113 )
2399.973: I:1 (   0.100   0.100   0.100 ) T:240 (   0.067   0.099   0.111   0.113   0.113   0.113 )
2409.973: I:1 (   0.089   0.089   0.089 ) T:241 (   0.067   0.099   0.111   0.113   0.113   0.113 )
2419.973: I:1 (   0.090   0.090   0.090 ) T:242 (   0.067   0.099   0.111   0.113   0.113   0.113 )
2429.974: I:1 (   0.094   0.094   0.094 ) T:243 (   0.067   0.099   0.111   0.113   0.113   0.113 )
2439.974: I:1 (   0.096   0.096   0.096 ) T:244 (   0.067   0.099   0.111   0.113   0.113   0.113 )
2449.973: I:1 (   0.087   0.087   0.087 ) T:245 (   0.067   0.099   0.111   0.113   0.113   0.113 )
2459.973: I:1 (   0.111   0.111   0.111 ) T:246 (   0.067   0.099   0.111   0.113   0.113   0.113 )
2469.972: I:1 (   0.090   0.090   0.090 ) T:247 (   0.067   0.099   0.111   0.113   0.113   0.113 )
2479.972: I:1 (   0.115   0.115   0.115 ) T:248 (   0.067   0.100   0.112   0.115   0.115   0.115 )
2489.973: I:1 (   0.105   0.105   0.105 ) T:249 (   0.067   0.101   0.112   0.115   0.115   0.115 )
2499.973: I:1 (   0.091   0.091   0.091 ) T:250 (   0.067   0.100   0.112   0.115   0.115   0.115 )
2509.973: I:1 (   0.091   0.091   0.091 ) T:251 (   0.068   0.100   0.112   0.115   0.115   0.115 )
2519.974: I:1 (   0.089   0.089   0.089 ) T:252 (   0.068   0.100   0.112   0.115   0.115   0.115 )
2529.974: I:1 (   0.093   0.093   0.093 ) T:253 (   0.068   0.100   0.112   0.115   0.115   0.115 )
2539.974: I:1 (   0.117   0.117   0.117 ) T:254 (   0.068   0.101   0.113   0.117   0.117   0.117 )
2549.974: I:1 (   0.088   0.088   0.088 ) T:255 (   0.068   0.101   0.113   0.117   0.117   0.117 )
2559.974: I:1 (   0.088   0.088   0.088 ) T:256 (   0.068   0.101   0.113   0.117   0.117   0.117 )
2569.973: I:1 (   0.111   0.111   0.111 ) T:257 (   0.068   0.101   0.113   0.117   0.117   0.117 )
2579.974: I:1 (   0.117   0.117   0.117 ) T:258 (   0.068   0.101   0.115   0.117   0.117   0.117 )
2589.973: I:1 (   0.119   0.119   0.119 ) T:259 (   0.069   0.101   0.117   0.119   0.119   0.119 )
2599.973: I:1 (   0.114   0.114   0.114 ) T:260 (   0.069   0.101   0.117   0.119   0.119   0.119 )
2609.973: I:1 (   0.107   0.107   0.107 ) T:261 (   0.069   0.102   0.117   0.119   0.119   0.119 )
2619.973: I:1 (   0.088   0.088   0.088 ) T:262 (   0.069   0.102   0.117   0.119   0.119   0.119 )
2629.974: I:1 (   0.111   0.111   0.111 ) T:263 (   0.069   0.102   0.117   0.119   0.119   0.119 )
2639.973: I:1 (   0.110   0.110   0.110 ) T:264 (   0.069   0.103   0.117   0.119   0.119   0.119 )
2649.972: I:1 (   0.102   0.102   0.102 ) T:265 (   0.069   0.103   0.117   0.119   0.119   0.119 )
2659.972: I:1 (   0.112   0.112   0.112 ) T:266 (   0.069   0.103   0.117   0.119   0.119   0.119 )
2669.972: I:1 (   0.098   0.098   0.098 ) T:267 (   0.069   0.103   0.117   0.119   0.119   0.119 )
2679.975: I:1 (   0.096   0.096   0.096 ) T:268 (   0.069   0.103   0.117   0.119   0.119   0.119 )
2689.974: I:1 (   0.090   0.090   0.090 ) T:269 (   0.070   0.103   0.117   0.119   0.119   0.119 )
2699.972: I:1 (   0.106   0.106   0.106 ) T:270 (   0.070   0.103   0.117   0.119   0.119   0.119 )
2709.972: I:1 (   0.113   0.113   0.113 ) T:271 (   0.071   0.104   0.117   0.119   0.119   0.119 )
2719.974: I:1 (   0.095   0.095   0.095 ) T:272 (   0.071   0.104   0.117   0.119   0.119   0.119 )
2729.973: I:1 (   0.108   0.108   0.108 ) T:273 (   0.071   0.104   0.117   0.119   0.119   0.119 )
2739.973: I:1 (   0.102   0.102   0.102 ) T:274 (   0.071   0.104   0.117   0.119   0.119   0.119 )
2749.974: I:1 (   0.117   0.117   0.117 ) T:275 (   0.071   0.105   0.117   0.119   0.119   0.119 )
2759.973: I:1 (   0.122   0.122   0.122 ) T:276 (   0.071   0.105   0.117   0.122   0.122   0.122 )
2769.974: I:1 (   0.111   0.111   0.111 ) T:277 (   0.071   0.106   0.117   0.122   0.122   0.122 )
2779.973: I:1 (   0.132   0.132   0.132 ) T:278 (   0.071   0.107   0.119   0.132   0.132   0.132 )
2789.974: I:1 (   0.120   0.120   0.120 ) T:279 (   0.071   0.107   0.120   0.132   0.132   0.132 )
2799.972: I:1 (   0.132   0.132   0.132 ) T:280 (   0.071   0.107   0.122   0.132   0.132   0.132 )
2809.975: I:1 (   0.136   0.136   0.136 ) T:281 (   0.072   0.107   0.132   0.136   0.136   0.136 )
2819.974: I:1 (   0.119   0.119   0.119 ) T:282 (   0.072   0.108   0.132   0.136   0.136   0.136 )
2829.974: I:1 (   0.124   0.124   0.124 ) T:283 (   0.073   0.108   0.132   0.136   0.136   0.136 )
2839.976: I:1 (   0.125   0.125   0.125 ) T:284 (   0.073   0.108   0.132   0.136   0.136   0.136 )
2849.974: I:1 (   0.136   0.136   0.136 ) T:285 (   0.073   0.109   0.132   0.136   0.136   0.136 )
2859.973: I:1 (   0.038   0.038   0.038 ) T:286 (   0.073   0.109   0.132   0.136   0.136   0.136 )
2869.973: I:1 (   0.050   0.050   0.050 ) T:287 (   0.073   0.109   0.132   0.136   0.136   0.136 )
2879.973: I:1 (   0.064   0.064   0.064 ) T:288 (   0.072   0.109   0.132   0.136   0.136   0.136 )
2889.974: I:1 (   0.058   0.058   0.058 ) T:289 (   0.072   0.109   0.132   0.136   0.136   0.136 )
2899.973: I:1 (   0.068   0.068   0.068 ) T:290 (   0.071   0.108   0.132   0.136   0.136   0.136 )
2909.972: I:1 (   0.057   0.057   0.057 ) T:291 (   0.071   0.108   0.132   0.136   0.136   0.136 )
2919.972: I:1 (   0.057   0.057   0.057 ) T:292 (   0.071   0.108   0.132   0.136   0.136   0.136 )
2929.974: I:1 (   0.051   0.051   0.051 ) T:293 (   0.071   0.108   0.132   0.136   0.136   0.136 )
2939.972: I:1 (   0.079   0.079   0.079 ) T:294 (   0.071   0.108   0.132   0.136   0.136   0.136 )
2949.972: I:1 (   0.076   0.076   0.076 ) T:295 (   0.071   0.108   0.132   0.136   0.136   0.136 )
2959.973: I:1 (   0.068   0.068   0.068 ) T:296 (   0.071   0.108   0.132   0.136   0.136   0.136 )
2969.975: I:1 (   0.065   0.065   0.065 ) T:297 (   0.071   0.108   0.132   0.136   0.136   0.136 )
2979.974: I:1 (   0.089   0.089   0.089 ) T:298 (   0.071   0.108   0.132   0.136   0.136   0.136 )
2989.973: I:1 (   0.077   0.077   0.077 ) T:299 (   0.071   0.108   0.132   0.136   0.136   0.136 )
2999.973: I:1 (   0.073   0.073   0.073 ) T:300 (   0.071   0.108   0.132   0.136   0.136   0.136 )
3009.973: I:1 (   0.074   0.074   0.074 ) T:301 (   0.072   0.108   0.132   0.136   0.136   0.136 )
3019.973: I:1 (   0.081   0.081   0.081 ) T:302 (   0.072   0.108   0.132   0.136   0.136   0.136 )
3029.974: I:1 (   0.085   0.085   0.085 ) T:303 (   0.073   0.108   0.132   0.136   0.136   0.136 )
3039.973: I:1 (   0.093   0.093   0.093 ) T:304 (   0.073   0.108   0.132   0.136   0.136   0.136 )
3049.973: I:1 (   0.098   0.098   0.098 ) T:305 (   0.073   0.108   0.132   0.136   0.136   0.136 )
3059.974: I:1 (   0.098   0.098   0.098 ) T:306 (   0.073   0.108   0.132   0.136   0.136   0.136 )
3069.974: I:1 (   0.107   0.107   0.107 ) T:307 (   0.073   0.108   0.132   0.136   0.136   0.136 )
3079.974: I:1 (   0.089   0.089   0.089 ) T:308 (   0.073   0.108   0.132   0.136   0.136   0.136 )
3089.972: I:1 (   0.118   0.118   0.118 ) T:309 (   0.074   0.108   0.132   0.136   0.136   0.136 )
3099.972: I:1 (   0.093   0.093   0.093 ) T:310 (   0.074   0.108   0.132   0.136   0.136   0.136 )
3109.972: I:1 (   0.095   0.095   0.095 ) T:311 (   0.074   0.108   0.132   0.136   0.136   0.136 )
3119.972: I:1 (   0.104   0.104   0.104 ) T:312 (   0.074   0.108   0.132   0.136   0.136   0.136 )
3129.974: I:1 (   0.122   0.122   0.122 ) T:313 (   0.074   0.108   0.132   0.136   0.136   0.136 )
3139.973: I:1 (   0.113   0.113   0.113 ) T:314 (   0.074   0.109   0.132   0.136   0.136   0.136 )
3149.973: I:1 (   0.112   0.112   0.112 ) T:315 (   0.075   0.110   0.132   0.136   0.136   0.136 )
3159.973: I:1 (   0.120   0.120   0.120 ) T:316 (   0.075   0.110   0.132   0.136   0.136   0.136 )
3169.974: I:1 (   0.111   0.111   0.111 ) T:317 (   0.076   0.111   0.132   0.136   0.136   0.136 )
3179.983: I:1 (   0.126   0.126   0.126 ) T:318 (   0.076   0.111   0.132   0.136   0.136   0.136 )
3189.973: I:1 (   0.137   0.137   0.137 ) T:319 (   0.076   0.111   0.132   0.137   0.137   0.137 )
3199.974: I:1 (   0.126   0.126   0.126 ) T:320 (   0.076   0.111   0.132   0.137   0.137   0.137 )
3209.974: I:1 (   0.143   0.143   0.143 ) T:321 (   0.076   0.111   0.136   0.143   0.143   0.143 )
3219.974: I:1 (   0.122   0.122   0.122 ) T:322 (   0.076   0.111   0.136   0.143   0.143   0.143 )
3229.974: I:1 (   0.149   0.149   0.149 ) T:323 (   0.076   0.111   0.136   0.149   0.149   0.149 )
3239.972: I:1 (   0.147   0.147   0.147 ) T:324 (   0.076   0.111   0.137   0.149   0.149   0.149 )
3249.972: I:1 (   0.142   0.142   0.142 ) T:325 (   0.076   0.111   0.142   0.149   0.149   0.149 )
3259.973: I:1 (   0.142   0.142   0.142 ) T:326 (   0.076   0.112   0.142   0.149   0.149   0.149 )
3269.973: I:1 (   0.145   0.145   0.145 ) T:327 (   0.076   0.112   0.143   0.149   0.149   0.149 )
3279.972: I:1 (   0.134   0.134   0.134 ) T:328 (   0.076   0.112   0.143   0.149   0.149   0.149 )
3289.974: I:1 (   0.158   0.158   0.158 ) T:329 (   0.077   0.113   0.145   0.158   0.158   0.158 )
3290.188: I:2 (   0.149   0.150   0.150 ) T:331 (   0.077   0.113   0.149   0.158   0.158   0.158 )
3290.212: I:0 (   0.000   0.000   0.000 ) T:331 (   0.077   0.113   0.149   0.158   0.158   0.158 )
