#[Interval percentile log between 0.000 and <Infinite> seconds (relative to StartTime)]
#[StartTime: 1524301488.858 (seconds since epoch), Sat Apr 21 11:04:48 CEST 2018]
Time: IntervalPercentiles:count ( 50% 90% Max ) TotalPercentiles:count ( 50% 90% 99% 99.9% 99.99% Max )
9.978: I:1 (   0.000   0.000   0.000 ) T:1 (   0.000   0.000   0.000   0.000   0.000   0.000 )
19.964: I:1 (   0.003   0.003   0.003 ) T:2 (   0.000   0.003   0.003   0.003   0.003   0.003 )
29.964: I:1 (   0.000   0.000   0.000 ) T:3 (   0.000   0.003   0.003   0.003   0.003   0.003 )
39.962: I:1 (   0.001   0.001   0.001 ) T:4 (   0.000   0.003   0.003   0.003   0.003   0.003 )
49.962: I:1 (   0.000   0.000   0.000 ) T:5 (   0.000   0.003   0.003   0.003   0.003   0.003 )
59.961: I:1 (   0.000   0.000   0.000 ) T:6 (   0.000   0.003   0.003   0.003   0.003   0.003 )
69.962: I:1 (   0.000   0.000   0.000 ) T:7 (   0.000   0.003   0.003   0.003   0.003   0.003 )
79.962: I:1 (   0.000   0.000   0.000 ) T:8 (   0.000   0.003   0.003   0.003   0.003   0.003 )
89.962: I:1 (   0.000   0.000   0.000 ) T:9 (   0.000   0.003   0.003   0.003   0.003   0.003 )
99.962: I:1 (   0.001   0.001   0.001 ) T:10 (   0.000   0.001   0.003   0.003   0.003   0.003 )
109.962: I:1 (   0.000   0.000   0.000 ) T:11 (   0.000   0.001   0.003   0.003   0.003   0.003 )
119.962: I:1 (   0.000   0.000   0.000 ) T:12 (   0.000   0.001   0.003   0.003   0.003   0.003 )
129.962: I:1 (   0.000   0.000   0.000 ) T:13 (   0.000   0.001   0.003   0.003   0.003   0.003 )
139.961: I:1 (   0.001   0.001   0.001 ) T:14 (   0.000   0.001   0.003   0.003   0.003   0.003 )
149.962: I:1 (   0.000   0.000   0.000 ) T:15 (   0.000   0.001   0.003   0.003   0.003   0.003 )
159.962: I:1 (   0.000   0.000   0.000 ) T:16 (   0.000   0.001   0.003   0.003   0.003   0.003 )
169.962: I:1 (   0.000   0.000   0.000 ) T:17 (   0.000   0.001   0.003   0.003   0.003   0.003 )
179.961: I:1 (   0.001   0.001   0.001 ) T:18 (   0.000   0.001   0.003   0.003   0.003   0.003 )
189.960: I:1 (   0.000   0.000   0.000 ) T:19 (   0.000   0.001   0.003   0.003   0.003   0.003 )
199.962: I:1 (   0.000   0.000   0.000 ) T:20 (   0.000   0.001   0.003   0.003   0.003   0.003 )
209.962: I:1 (   0.000   0.000   0.000 ) T:21 (   0.000   0.001   0.003   0.003   0.003   0.003 )
219.962: I:1 (   0.001   0.001   0.001 ) T:22 (   0.000   0.001   0.003   0.003   0.003   0.003 )
229.962: I:1 (   0.000   0.000   0.000 ) T:23 (   0.000   0.001   0.003   0.003   0.003   0.003 )
239.961: I:1 (   0.001   0.001   0.001 ) T:24 (   0.000   0.001   0.003   0.003   0.003   0.003 )
249.960: I:1 (   0.000   0.000   0.000 ) T:25 (   0.000   0.001   0.003   0.003   0.003   0.003 )
259.962: I:1 (   0.000   0.000   0.000 ) T:26 (   0.000   0.001   0.003   0.003   0.003   0.003 )
269.961: I:1 (   0.001   0.001   0.001 ) T:27 (   0.000   0.001   0.003   0.003   0.003   0.003 )
279.962: I:1 (   0.000   0.000   0.000 ) T:28 (   0.000   0.001   0.003   0.003   0.003   0.003 )
289.961: I:1 (   0.001   0.001   0.001 ) T:29 (   0.000   0.001   0.003   0.003   0.003   0.003 )
299.961: I:1 (   0.000   0.000   0.000 ) T:30 (   0.000   0.001   0.003   0.003   0.003   0.003 )
309.961: I:1 (   0.001   0.001   0.001 ) T:31 (   0.000   0.001   0.003   0.003   0.003   0.003 )
319.967: I:1 (   0.000   0.000   0.000 ) T:32 (   0.000   0.001   0.003   0.003   0.003   0.003 )
329.962: I:1 (   0.001   0.001   0.001 ) T:33 (   0.000   0.001   0.003   0.003   0.003   0.003 )
339.962: I:1 (   0.000   0.000   0.000 ) T:34 (   0.000   0.001   0.003   0.003   0.003   0.003 )
349.962: I:1 (   0.001   0.001   0.001 ) T:35 (   0.000   0.001   0.003   0.003   0.003   0.003 )
359.961: I:1 (   0.000   0.000   0.000 ) T:36 (   0.000   0.001   0.003   0.003   0.003   0.003 )
369.961: I:1 (   0.001   0.001   0.001 ) T:37 (   0.000   0.001   0.003   0.003   0.003   0.003 )
379.960: I:1 (   0.000   0.000   0.000 ) T:38 (   0.000   0.001   0.003   0.003   0.003   0.003 )
389.961: I:1 (   0.001   0.001   0.001 ) T:39 (   0.000   0.001   0.003   0.003   0.003   0.003 )
399.961: I:1 (   0.001   0.001   0.001 ) T:40 (   0.000   0.001   0.003   0.003   0.003   0.003 )
409.961: I:1 (   0.000   0.000   0.000 ) T:41 (   0.000   0.001   0.003   0.003   0.003   0.003 )
419.961: I:1 (   0.001   0.001   0.001 ) T:42 (   0.000   0.001   0.003   0.003   0.003   0.003 )
429.961: I:1 (   0.001   0.001   0.001 ) T:43 (   0.000   0.001   0.003   0.003   0.003   0.003 )
439.961: I:1 (   0.000   0.000   0.000 ) T:44 (   0.000   0.001   0.003   0.003   0.003   0.003 )
449.961: I:1 (   0.001   0.001   0.001 ) T:45 (   0.000   0.001   0.003   0.003   0.003   0.003 )
459.960: I:1 (   0.001   0.001   0.001 ) T:46 (   0.000   0.001   0.003   0.003   0.003   0.003 )
469.960: I:1 (   0.000   0.000   0.000 ) T:47 (   0.000   0.001   0.003   0.003   0.003   0.003 )
479.961: I:1 (   0.001   0.001   0.001 ) T:48 (   0.000   0.001   0.003   0.003   0.003   0.003 )
489.961: I:1 (   0.001   0.001   0.001 ) T:49 (   0.000   0.001   0.003   0.003   0.003   0.003 )
499.961: I:1 (   0.001   0.001   0.001 ) T:50 (   0.000   0.001   0.003   0.003   0.003   0.003 )
509.962: I:1 (   0.001   0.001   0.001 ) T:51 (   0.000   0.001   0.003   0.003   0.003   0.003 )
519.961: I:1 (   0.000   0.000   0.000 ) T:52 (   0.000   0.001   0.003   0.003   0.003   0.003 )
529.960: I:1 (   0.001   0.001   0.001 ) T:53 (   0.000   0.001   0.003   0.003   0.003   0.003 )
539.961: I:1 (   0.001   0.001   0.001 ) T:54 (   0.000   0.001   0.003   0.003   0.003   0.003 )
549.960: I:1 (   0.001   0.001   0.001 ) T:55 (   0.000   0.001   0.003   0.003   0.003   0.003 )
559.961: I:1 (   0.001   0.001   0.001 ) T:56 (   0.000   0.001   0.003   0.003   0.003   0.003 )
569.961: I:1 (   0.001   0.001   0.001 ) T:57 (   0.000   0.001   0.003   0.003   0.003   0.003 )
579.961: I:1 (   0.001   0.001   0.001 ) T:58 (   0.000   0.001   0.003   0.003   0.003   0.003 )
589.962: I:1 (   0.001   0.001   0.001 ) T:59 (   0.001   0.001   0.003   0.003   0.003   0.003 )
599.961: I:1 (   0.001   0.001   0.001 ) T:60 (   0.001   0.001   0.003   0.003   0.003   0.003 )
609.961: I:1 (   0.001   0.001   0.001 ) T:61 (   0.001   0.001   0.003   0.003   0.003   0.003 )
619.961: I:1 (   0.001   0.001   0.001 ) T:62 (   0.001   0.001   0.003   0.003   0.003   0.003 )
629.961: I:1 (   0.001   0.001   0.001 ) T:63 (   0.001   0.001   0.003   0.003   0.003   0.003 )
639.961: I:1 (   0.001   0.001   0.001 ) T:64 (   0.001   0.001   0.003   0.003   0.003   0.003 )
649.961: I:1 (   0.001   0.001   0.001 ) T:65 (   0.001   0.001   0.003   0.003   0.003   0.003 )
659.961: I:1 (   0.001   0.001   0.001 ) T:66 (   0.001   0.001   0.003   0.003   0.003   0.003 )
669.961: I:1 (   0.001   0.001   0.001 ) T:67 (   0.001   0.001   0.003   0.003   0.003   0.003 )
679.961: I:1 (   0.002   0.002   0.002 ) T:68 (   0.001   0.001   0.003   0.003   0.003   0.003 )
689.961: I:1 (   0.001   0.001   0.001 ) T:69 (   0.001   0.001   0.003   0.003   0.003   0.003 )
699.961: I:1 (   0.001   0.001   0.001 ) T:70 (   0.001   0.001   0.003   0.003   0.003   0.003 )
709.961: I:1 (   0.002   0.002   0.002 ) T:71 (   0.001   0.001   0.003   0.003   0.003   0.003 )
719.961: I:1 (   0.001   0.001   0.001 ) T:72 (   0.001   0.001   0.003   0.003   0.003   0.003 )
729.961: I:1 (   0.001   0.001   0.001 ) T:73 (   0.001   0.001   0.003   0.003   0.003   0.003 )
739.961: I:1 (   0.002   0.002   0.002 ) T:74 (   0.001   0.001   0.003   0.003   0.003   0.003 )
749.960: I:1 (   0.001   0.001   0.001 ) T:75 (   0.001   0.001   0.003   0.003   0.003   0.003 )
759.961: I:1 (   0.002   0.002   0.002 ) T:76 (   0.001   0.001   0.003   0.003   0.003   0.003 )
769.961: I:1 (   0.001   0.001   0.001 ) T:77 (   0.001   0.001   0.003   0.003   0.003   0.003 )
779.961: I:1 (   0.002   0.002   0.002 ) T:78 (   0.001   0.001   0.003   0.003   0.003   0.003 )
789.961: I:1 (   0.001   0.001   0.001 ) T:79 (   0.001   0.001   0.003   0.003   0.003   0.003 )
799.960: I:1 (   0.002   0.002   0.002 ) T:80 (   0.001   0.001   0.003   0.003   0.003   0.003 )
809.960: I:1 (   0.002   0.002   0.002 ) T:81 (   0.001   0.001   0.003   0.003   0.003   0.003 )
819.961: I:1 (   0.001   0.001   0.001 ) T:82 (   0.001   0.001   0.003   0.003   0.003   0.003 )
829.961: I:1 (   0.002   0.002   0.002 ) T:83 (   0.001   0.002   0.003   0.003   0.003   0.003 )
839.961: I:1 (   0.002   0.002   0.002 ) T:84 (   0.001   0.002   0.003   0.003   0.003   0.003 )
849.960: I:1 (   0.001   0.001   0.001 ) T:85 (   0.001   0.002   0.003   0.003   0.003   0.003 )
859.961: I:1 (   0.002   0.002   0.002 ) T:86 (   0.001   0.002   0.003   0.003   0.003   0.003 )
869.961: I:1 (   0.002   0.002   0.002 ) T:87 (   0.001   0.002   0.003   0.003   0.003   0.003 )
879.961: I:1 (   0.001   0.001   0.001 ) T:88 (   0.001   0.002   0.003   0.003   0.003   0.003 )
889.961: I:1 (   0.002   0.002   0.002 ) T:89 (   0.001   0.002   0.003   0.003   0.003   0.003 )
899.960: I:1 (   0.002   0.002   0.002 ) T:90 (   0.001   0.002   0.003   0.003   0.003   0.003 )
909.961: I:1 (   0.001   0.001   0.001 ) T:91 (   0.001   0.002   0.003   0.003   0.003   0.003 )
919.961: I:1 (   0.002   0.002   0.002 ) T:92 (   0.001   0.002   0.003   0.003   0.003   0.003 )
929.961: I:1 (   0.002   0.002   0.002 ) T:93 (   0.001   0.002   0.003   0.003   0.003   0.003 )
939.961: I:1 (   0.001   0.001   0.001 ) T:94 (   0.001   0.002   0.003   0.003   0.003   0.003 )
949.961: I:1 (   0.001   0.001   0.001 ) T:95 (   0.001   0.002   0.003   0.003   0.003   0.003 )
959.962: I:1 (   0.001   0.001   0.001 ) T:96 (   0.001   0.002   0.003   0.003   0.003   0.003 )
969.959: I:1 (   0.001   0.001   0.001 ) T:97 (   0.001   0.002   0.003   0.003   0.003   0.003 )
979.961: I:1 (   0.001   0.001   0.001 ) T:98 (   0.001   0.002   0.003   0.003   0.003   0.003 )
989.960: I:1 (   0.002   0.002   0.002 ) T:99 (   0.001   0.002   0.003   0.003   0.003   0.003 )
999.961: I:1 (   0.002   0.002   0.002 ) T:100 (   0.001   0.002   0.002   0.003   0.003   0.003 )
1009.961: I:1 (   0.002   0.002   0.002 ) T:101 (   0.001   0.002   0.002   0.003   0.003   0.003 )
1019.961: I:1 (   0.002   0.002   0.002 ) T:102 (   0.001   0.002   0.002   0.003   0.003   0.003 )
1029.961: I:1 (   0.002   0.002   0.002 ) T:103 (   0.001   0.002   0.002   0.003   0.003   0.003 )
1039.961: I:1 (   0.001   0.001   0.001 ) T:104 (   0.001   0.002   0.002   0.003   0.003   0.003 )
1049.961: I:1 (   0.002   0.002   0.002 ) T:105 (   0.001   0.002   0.002   0.003   0.003   0.003 )
1059.961: I:1 (   0.002   0.002   0.002 ) T:106 (   0.001   0.002   0.002   0.003   0.003   0.003 )
1069.961: I:1 (   0.002   0.002   0.002 ) T:107 (   0.001   0.002   0.002   0.003   0.003   0.003 )
1079.961: I:1 (   0.002   0.002   0.002 ) T:108 (   0.001   0.002   0.002   0.003   0.003   0.003 )
1083.379: I:2 (   0.001   0.002   0.002 ) T:110 (   0.001   0.002   0.002   0.003   0.003   0.003 )
1083.406: I:0 (   0.000   0.000   0.000 ) T:110 (   0.001   0.002   0.002   0.003   0.003   0.003 )
