#[Interval percentile log between 0.000 and <Infinite> seconds (relative to StartTime)]
#[StartTime: 1524301488.843 (seconds since epoch), Sat Apr 21 11:04:48 CEST 2018]
Time: IntervalPercentiles:count ( 50% 90% Max ) TotalPercentiles:count ( 50% 90% 99% 99.9% 99.99% Max )
9.974: I:1 (   0.003   0.003   0.003 ) T:1 (   0.003   0.003   0.003   0.003   0.003   0.003 )
19.974: I:1 (   0.011   0.011   0.011 ) T:2 (   0.003   0.011   0.011   0.011   0.011   0.011 )
29.974: I:1 (   0.011   0.011   0.011 ) T:3 (   0.011   0.011   0.011   0.011   0.011   0.011 )
39.974: I:1 (   0.011   0.011   0.011 ) T:4 (   0.011   0.011   0.011   0.011   0.011   0.011 )
49.974: I:1 (   0.011   0.011   0.011 ) T:5 (   0.011   0.011   0.011   0.011   0.011   0.011 )
59.974: I:1 (   0.011   0.011   0.011 ) T:6 (   0.011   0.011   0.011   0.011   0.011   0.011 )
69.974: I:1 (   0.011   0.011   0.011 ) T:7 (   0.011   0.011   0.011   0.011   0.011   0.011 )
79.974: I:1 (   0.010   0.010   0.010 ) T:8 (   0.011   0.011   0.011   0.011   0.011   0.011 )
89.974: I:1 (   0.010   0.010   0.010 ) T:9 (   0.011   0.011   0.011   0.011   0.011   0.011 )
99.974: I:1 (   0.010   0.010   0.010 ) T:10 (   0.011   0.011   0.011   0.011   0.011   0.011 )
109.974: I:1 (   0.010   0.010   0.010 ) T:11 (   0.011   0.011   0.011   0.011   0.011   0.011 )
119.974: I:1 (   0.010   0.010   0.010 ) T:12 (   0.010   0.011   0.011   0.011   0.011   0.011 )
129.974: I:1 (   0.010   0.010   0.010 ) T:13 (   0.010   0.011   0.011   0.011   0.011   0.011 )
139.974: I:1 (   0.010   0.010   0.010 ) T:14 (   0.010   0.011   0.011   0.011   0.011   0.011 )
149.974: I:1 (   0.010   0.010   0.010 ) T:15 (   0.010   0.011   0.011   0.011   0.011   0.011 )
159.974: I:1 (   0.010   0.010   0.010 ) T:16 (   0.010   0.011   0.011   0.011   0.011   0.011 )
169.974: I:1 (   0.010   0.010   0.010 ) T:17 (   0.010   0.011   0.011   0.011   0.011   0.011 )
179.974: I:1 (   0.010   0.010   0.010 ) T:18 (   0.010   0.011   0.011   0.011   0.011   0.011 )
189.974: I:1 (   0.010   0.010   0.010 ) T:19 (   0.010   0.011   0.011   0.011   0.011   0.011 )
199.974: I:1 (   0.010   0.010   0.010 ) T:20 (   0.010   0.011   0.011   0.011   0.011   0.011 )
209.974: I:1 (   0.010   0.010   0.010 ) T:21 (   0.010   0.011   0.011   0.011   0.011   0.011 )
219.974: I:1 (   0.010   0.010   0.010 ) T:22 (   0.010   0.011   0.011   0.011   0.011   0.011 )
229.974: I:1 (   0.010   0.010   0.010 ) T:23 (   0.010   0.011   0.011   0.011   0.011   0.011 )
239.974: I:1 (   0.010   0.010   0.010 ) T:24 (   0.010   0.011   0.011   0.011   0.011   0.011 )
249.974: I:1 (   0.010   0.010   0.010 ) T:25 (   0.010   0.011   0.011   0.011   0.011   0.011 )
259.974: I:1 (   0.010   0.010   0.010 ) T:26 (   0.010   0.011   0.011   0.011   0.011   0.011 )
269.974: I:1 (   0.010   0.010   0.010 ) T:27 (   0.010   0.011   0.011   0.011   0.011   0.011 )
279.974: I:1 (   0.010   0.010   0.010 ) T:28 (   0.010   0.011   0.011   0.011   0.011   0.011 )
289.974: I:1 (   0.010   0.010   0.010 ) T:29 (   0.010   0.011   0.011   0.011   0.011   0.011 )
299.974: I:1 (   0.010   0.010   0.010 ) T:30 (   0.010   0.011   0.011   0.011   0.011   0.011 )
309.974: I:1 (   0.010   0.010   0.010 ) T:31 (   0.010   0.011   0.011   0.011   0.011   0.011 )
319.980: I:1 (   0.010   0.010   0.010 ) T:32 (   0.010   0.011   0.011   0.011   0.011   0.011 )
329.974: I:1 (   0.010   0.010   0.010 ) T:33 (   0.010   0.011   0.011   0.011   0.011   0.011 )
339.974: I:1 (   0.010   0.010   0.010 ) T:34 (   0.010   0.011   0.011   0.011   0.011   0.011 )
349.974: I:1 (   0.010   0.010   0.010 ) T:35 (   0.010   0.011   0.011   0.011   0.011   0.011 )
359.974: I:1 (   0.010   0.010   0.010 ) T:36 (   0.010   0.011   0.011   0.011   0.011   0.011 )
369.974: I:1 (   0.010   0.010   0.010 ) T:37 (   0.010   0.011   0.011   0.011   0.011   0.011 )
379.974: I:1 (   0.010   0.010   0.010 ) T:38 (   0.010   0.011   0.011   0.011   0.011   0.011 )
389.974: I:1 (   0.010   0.010   0.010 ) T:39 (   0.010   0.011   0.011   0.011   0.011   0.011 )
399.974: I:1 (   0.010   0.010   0.010 ) T:40 (   0.010   0.011   0.011   0.011   0.011   0.011 )
409.974: I:1 (   0.010   0.010   0.010 ) T:41 (   0.010   0.011   0.011   0.011   0.011   0.011 )
419.974: I:1 (   0.010   0.010   0.010 ) T:42 (   0.010   0.011   0.011   0.011   0.011   0.011 )
429.974: I:1 (   0.010   0.010   0.010 ) T:43 (   0.010   0.011   0.011   0.011   0.011   0.011 )
439.974: I:1 (   0.010   0.010   0.010 ) T:44 (   0.010   0.011   0.011   0.011   0.011   0.011 )
449.974: I:1 (   0.010   0.010   0.010 ) T:45 (   0.010   0.011   0.011   0.011   0.011   0.011 )
459.974: I:1 (   0.010   0.010   0.010 ) T:46 (   0.010   0.011   0.011   0.011   0.011   0.011 )
469.974: I:1 (   0.010   0.010   0.010 ) T:47 (   0.010   0.011   0.011   0.011   0.011   0.011 )
479.974: I:1 (   0.010   0.010   0.010 ) T:48 (   0.010   0.011   0.011   0.011   0.011   0.011 )
489.974: I:1 (   0.010   0.010   0.010 ) T:49 (   0.010   0.011   0.011   0.011   0.011   0.011 )
499.974: I:1 (   0.010   0.010   0.010 ) T:50 (   0.010   0.011   0.011   0.011   0.011   0.011 )
509.974: I:1 (   0.010   0.010   0.010 ) T:51 (   0.010   0.011   0.011   0.011   0.011   0.011 )
519.974: I:1 (   0.010   0.010   0.010 ) T:52 (   0.010   0.011   0.011   0.011   0.011   0.011 )
529.974: I:1 (   0.010   0.010   0.010 ) T:53 (   0.010   0.011   0.011   0.011   0.011   0.011 )
539.974: I:1 (   0.010   0.010   0.010 ) T:54 (   0.010   0.011   0.011   0.011   0.011   0.011 )
549.974: I:1 (   0.010   0.010   0.010 ) T:55 (   0.010   0.011   0.011   0.011   0.011   0.011 )
559.974: I:1 (   0.010   0.010   0.010 ) T:56 (   0.010   0.011   0.011   0.011   0.011   0.011 )
569.974: I:1 (   0.010   0.010   0.010 ) T:57 (   0.010   0.011   0.011   0.011   0.011   0.011 )
579.974: I:1 (   0.010   0.010   0.010 ) T:58 (   0.010   0.011   0.011   0.011   0.011   0.011 )
589.974: I:1 (   0.010   0.010   0.010 ) T:59 (   0.010   0.011   0.011   0.011   0.011   0.011 )
599.974: I:1 (   0.010   0.010   0.010 ) T:60 (   0.010   0.010   0.011   0.011   0.011   0.011 )
609.974: I:1 (   0.010   0.010   0.010 ) T:61 (   0.010   0.010   0.011   0.011   0.011   0.011 )
619.974: I:1 (   0.010   0.010   0.010 ) T:62 (   0.010   0.010   0.011   0.011   0.011   0.011 )
629.974: I:1 (   0.010   0.010   0.010 ) T:63 (   0.010   0.010   0.011   0.011   0.011   0.011 )
639.974: I:1 (   0.010   0.010   0.010 ) T:64 (   0.010   0.010   0.011   0.011   0.011   0.011 )
649.974: I:1 (   0.010   0.010   0.010 ) T:65 (   0.010   0.010   0.011   0.011   0.011   0.011 )
659.974: I:1 (   0.010   0.010   0.010 ) T:66 (   0.010   0.010   0.011   0.011   0.011   0.011 )
669.974: I:1 (   0.010   0.010   0.010 ) T:67 (   0.010   0.010   0.011   0.011   0.011   0.011 )
679.974: I:1 (   0.010   0.010   0.010 ) T:68 (   0.010   0.010   0.011   0.011   0.011   0.011 )
689.974: I:1 (   0.010   0.010   0.010 ) T:69 (   0.010   0.010   0.011   0.011   0.011   0.011 )
699.974: I:1 (   0.010   0.010   0.010 ) T:70 (   0.010   0.010   0.011   0.011   0.011   0.011 )
709.974: I:1 (   0.010   0.010   0.010 ) T:71 (   0.010   0.010   0.011   0.011   0.011   0.011 )
719.974: I:1 (   0.010   0.010   0.010 ) T:72 (   0.010   0.010   0.011   0.011   0.011   0.011 )
729.974: I:1 (   0.010   0.010   0.010 ) T:73 (   0.010   0.010   0.011   0.011   0.011   0.011 )
739.974: I:1 (   0.010   0.010   0.010 ) T:74 (   0.010   0.010   0.011   0.011   0.011   0.011 )
749.974: I:1 (   0.010   0.010   0.010 ) T:75 (   0.010   0.010   0.011   0.011   0.011   0.011 )
759.974: I:1 (   0.010   0.010   0.010 ) T:76 (   0.010   0.010   0.011   0.011   0.011   0.011 )
769.974: I:1 (   0.010   0.010   0.010 ) T:77 (   0.010   0.010   0.011   0.011   0.011   0.011 )
779.974: I:1 (   0.010   0.010   0.010 ) T:78 (   0.010   0.010   0.011   0.011   0.011   0.011 )
789.974: I:1 (   0.010   0.010   0.010 ) T:79 (   0.010   0.010   0.011   0.011   0.011   0.011 )
799.974: I:1 (   0.010   0.010   0.010 ) T:80 (   0.010   0.010   0.011   0.011   0.011   0.011 )
809.974: I:1 (   0.010   0.010   0.010 ) T:81 (   0.010   0.010   0.011   0.011   0.011   0.011 )
819.974: I:1 (   0.010   0.010   0.010 ) T:82 (   0.010   0.010   0.011   0.011   0.011   0.011 )
829.974: I:1 (   0.010   0.010   0.010 ) T:83 (   0.010   0.010   0.011   0.011   0.011   0.011 )
839.974: I:1 (   0.010   0.010   0.010 ) T:84 (   0.010   0.010   0.011   0.011   0.011   0.011 )
849.974: I:1 (   0.010   0.010   0.010 ) T:85 (   0.010   0.010   0.011   0.011   0.011   0.011 )
859.974: I:1 (   0.010   0.010   0.010 ) T:86 (   0.010   0.010   0.011   0.011   0.011   0.011 )
869.974: I:1 (   0.010   0.010   0.010 ) T:87 (   0.010   0.010   0.011   0.011   0.011   0.011 )
879.974: I:1 (   0.010   0.010   0.010 ) T:88 (   0.010   0.010   0.011   0.011   0.011   0.011 )
889.974: I:1 (   0.010   0.010   0.010 ) T:89 (   0.010   0.010   0.011   0.011   0.011   0.011 )
899.974: I:1 (   0.010   0.010   0.010 ) T:90 (   0.010   0.010   0.011   0.011   0.011   0.011 )
909.974: I:1 (   0.010   0.010   0.010 ) T:91 (   0.010   0.010   0.011   0.011   0.011   0.011 )
919.974: I:1 (   0.010   0.010   0.010 ) T:92 (   0.010   0.010   0.011   0.011   0.011   0.011 )
929.974: I:1 (   0.010   0.010   0.010 ) T:93 (   0.010   0.010   0.011   0.011   0.011   0.011 )
939.974: I:1 (   0.010   0.010   0.010 ) T:94 (   0.010   0.010   0.011   0.011   0.011   0.011 )
949.974: I:1 (   0.010   0.010   0.010 ) T:95 (   0.010   0.010   0.011   0.011   0.011   0.011 )
959.974: I:1 (   0.010   0.010   0.010 ) T:96 (   0.010   0.010   0.011   0.011   0.011   0.011 )
969.974: I:1 (   0.010   0.010   0.010 ) T:97 (   0.010   0.010   0.011   0.011   0.011   0.011 )
979.974: I:1 (   0.010   0.010   0.010 ) T:98 (   0.010   0.010   0.011   0.011   0.011   0.011 )
989.974: I:1 (   0.010   0.010   0.010 ) T:99 (   0.010   0.010   0.011   0.011   0.011   0.011 )
999.974: I:1 (   0.010   0.010   0.010 ) T:100 (   0.010   0.010   0.011   0.011   0.011   0.011 )
1009.974: I:1 (   0.010   0.010   0.010 ) T:101 (   0.010   0.010   0.011   0.011   0.011   0.011 )
1019.974: I:1 (   0.010   0.010   0.010 ) T:102 (   0.010   0.010   0.011   0.011   0.011   0.011 )
1029.974: I:1 (   0.010   0.010   0.010 ) T:103 (   0.010   0.010   0.011   0.011   0.011   0.011 )
1039.974: I:1 (   0.010   0.010   0.010 ) T:104 (   0.010   0.010   0.011   0.011   0.011   0.011 )
1049.974: I:1 (   0.010   0.010   0.010 ) T:105 (   0.010   0.010   0.011   0.011   0.011   0.011 )
1059.974: I:1 (   0.010   0.010   0.010 ) T:106 (   0.010   0.010   0.011   0.011   0.011   0.011 )
1069.974: I:1 (   0.010   0.010   0.010 ) T:107 (   0.010   0.010   0.011   0.011   0.011   0.011 )
1079.974: I:1 (   0.010   0.010   0.010 ) T:108 (   0.010   0.010   0.011   0.011   0.011   0.011 )
1083.392: I:2 (   0.003   0.010   0.010 ) T:110 (   0.010   0.010   0.011   0.011   0.011   0.011 )
1083.415: I:0 (   0.000   0.000   0.000 ) T:110 (   0.010   0.010   0.011   0.011   0.011   0.011 )
