#[Interval percentile log between 0.000 and <Infinite> seconds (relative to StartTime)]
#[StartTime: 1524776581.795 (seconds since epoch), Thu Apr 26 23:03:01 CEST 2018]
Time: IntervalPercentiles:count ( 50% 90% Max ) TotalPercentiles:count ( 50% 90% 99% 99.9% 99.99% Max )
5.411: I:2566 (   0.093   0.255 165.119 ) T:2566 (   0.093   0.255   1.081 163.455 165.119 165.119 )
15.398: I:8592 (   0.043   0.083 403.455 ) T:11158 (   0.051   0.119   0.467 164.991 325.631 403.455 )
25.394: I:18097 (   0.034   0.048 919.039 ) T:29255 (   0.034   0.081   0.272 125.119 325.631 919.039 )
35.394: I:29182 (   0.034   0.037 880.639 ) T:58437 (   0.034   0.060   0.182  93.951 403.455 919.039 )
45.394: I:28293 (   0.034   0.036 367.359 ) T:86730 (   0.034   0.050   0.150  15.087 325.631 919.039 )
55.393: I:38740 (   0.034   0.036 900.095 ) T:125470 (   0.034   0.041   0.123   0.666 306.175 919.039 )
65.393: I:30628 (   0.034   0.036  20.031 ) T:156098 (   0.034   0.038   0.107   0.556 283.391 919.039 )
75.392: I:32938 (   0.034   0.037 383.999 ) T:189036 (   0.034   0.038   0.098   0.476 260.607 919.039 )
85.394: I:26037 (   0.034   0.037 204.799 ) T:215073 (   0.034   0.038   0.093   0.435 229.631 919.039 )
95.393: I:20414 (   0.034   0.049 300.799 ) T:235487 (   0.034   0.038   0.091   0.422 254.463 919.039 )
105.392: I:36615 (   0.034   0.036 622.079 ) T:272102 (   0.034   0.037   0.087   0.381 254.463 919.039 )
115.393: I:35284 (   0.034   0.036 586.239 ) T:307386 (   0.034   0.037   0.086   0.352 241.151 919.039 )
125.394: I:33637 (   0.034   0.036 523.519 ) T:341023 (   0.034   0.037   0.085   0.324 229.631 919.039 )
135.393: I:26876 (   0.034   0.036 784.383 ) T:367899 (   0.034   0.037   0.084   0.311 243.327 919.039 )
145.393: I:33367 (   0.034   0.036 839.167 ) T:401266 (   0.034   0.037   0.083   0.294 241.151 919.039 )
155.392: I:31351 (   0.034   0.036 449.023 ) T:432617 (   0.034   0.037   0.083   0.283 241.151 919.039 )
165.394: I:29963 (   0.034   0.036 764.415 ) T:462580 (   0.034   0.037   0.082   0.267 243.327 919.039 )
175.393: I:40644 (   0.035   0.037 727.551 ) T:503224 (   0.034   0.037   0.081   0.247 241.151 919.039 )
185.392: I:38389 (   0.035   0.037 830.463 ) T:541613 (   0.034   0.037   0.081   0.232 229.631 919.039 )
195.393: I:31213 (   0.035   0.037 324.095 ) T:572826 (   0.034   0.037   0.080   0.224 225.023 919.039 )
205.392: I:41855 (   0.035   0.037  17.423 ) T:614681 (   0.035   0.037   0.079   0.215 209.535 919.039 )
215.392: I:38773 (   0.036   0.037 819.199 ) T:653454 (   0.035   0.037   0.079   0.208 205.055 919.039 )
225.394: I:36881 (   0.036   0.038 432.127 ) T:690335 (   0.035   0.037   0.078   0.203 198.271 919.039 )
235.394: I:32637 (   0.036   0.038 921.599 ) T:722972 (   0.035   0.037   0.078   0.201 199.167 921.599 )
245.393: I:36770 (   0.036   0.038  20.463 ) T:759742 (   0.035   0.037   0.078   0.197 196.991 921.599 )
255.394: I:32461 (   0.036   0.037 796.159 ) T:792203 (   0.035   0.037   0.077   0.195 195.071 921.599 )
265.392: I:38466 (   0.036   0.037 248.319 ) T:830669 (   0.035   0.037   0.076   0.191 189.439 921.599 )
275.392: I:21049 (   0.036   0.038 499.455 ) T:851718 (   0.035   0.037   0.076   0.190 194.431 921.599 )
285.393: I:29813 (   0.036   0.037 760.319 ) T:881531 (   0.035   0.037   0.076   0.189 197.119 921.599 )
295.393: I:33248 (   0.036   0.037 1332.223 ) T:914779 (   0.035   0.037   0.075   0.186 199.167 1332.223 )
305.392: I:34721 (   0.036   0.037 536.575 ) T:949500 (   0.035   0.037   0.075   0.183 198.271 1332.223 )
315.392: I:35530 (   0.036   0.037 1710.079 ) T:985030 (   0.035   0.037   0.075   0.182 195.071 1710.079 )
325.392: I:38122 (   0.036   0.037 338.687 ) T:1023152 (   0.035   0.037   0.075   0.177 194.431 1710.079 )
335.393: I:39013 (   0.036   0.037 351.999 ) T:1062165 (   0.035   0.037   0.074   0.174 194.175 1710.079 )
345.392: I:35652 (   0.036   0.038 446.975 ) T:1097817 (   0.035   0.037   0.074   0.172 194.175 1710.079 )
355.392: I:47866 (   0.036   0.037  32.031 ) T:1145683 (   0.035   0.037   0.073   0.168 184.319 1710.079 )
365.394: I:21355 (   0.036   0.038 501.247 ) T:1167038 (   0.035   0.037   0.073   0.168 189.439 1710.079 )
375.393: I:20696 (   0.036   0.037 316.671 ) T:1187734 (   0.035   0.037   0.073   0.168 196.991 1710.079 )
385.392: I:40053 (   0.036   0.037  88.447 ) T:1227787 (   0.035   0.037   0.072   0.165 194.175 1710.079 )
395.393: I:23407 (   0.036   0.037 396.543 ) T:1251194 (   0.035   0.037   0.072   0.164 196.991 1710.079 )
405.394: I:44769 (   0.036   0.037 461.567 ) T:1295963 (   0.035   0.037   0.071   0.162 194.431 1710.079 )
415.392: I:41881 (   0.036   0.037 268.287 ) T:1337844 (   0.035   0.037   0.070   0.160 193.151 1710.079 )
425.392: I:32153 (   0.036   0.037 2174.975 ) T:1369997 (   0.035   0.037   0.070   0.159 188.287 2174.975 )
435.394: I:21382 (   0.036   0.038 649.727 ) T:1391379 (   0.035   0.037   0.070   0.158 193.151 2174.975 )
445.392: I:40532 (   0.036   0.037 284.927 ) T:1431911 (   0.035   0.037   0.070   0.157 193.151 2174.975 )
455.392: I:42522 (   0.036   0.037 308.991 ) T:1474433 (   0.035   0.037   0.069   0.155 188.287 2174.975 )
465.392: I:30873 (   0.036   0.038 1064.959 ) T:1505306 (   0.035   0.037   0.069   0.154 184.319 2174.975 )
475.393: I:30645 (   0.037   0.039 2543.615 ) T:1535951 (   0.035   0.037   0.069   0.153 184.831 2543.615 )
485.394: I:33415 (   0.037   0.038 527.871 ) T:1569366 (   0.035   0.037   0.068   0.152 194.175 2543.615 )
495.393: I:35669 (   0.037   0.038 976.895 ) T:1605035 (   0.035   0.037   0.068   0.152 193.151 2543.615 )
505.393: I:35167 (   0.037   0.038 305.407 ) T:1640202 (   0.036   0.038   0.068   0.151 184.831 2543.615 )
515.392: I:27686 (   0.037   0.038 668.671 ) T:1667888 (   0.036   0.038   0.068   0.150 193.151 2543.615 )
525.393: I:25380 (   0.037   0.038 201.855 ) T:1693268 (   0.036   0.038   0.068   0.150 188.287 2543.615 )
535.392: I:48957 (   0.037   0.038   0.172 ) T:1742225 (   0.036   0.038   0.067   0.148 183.935 2543.615 )
545.393: I:33552 (   0.037   0.038 423.935 ) T:1775777 (   0.036   0.038   0.067   0.147 182.655 2543.615 )
555.393: I:37904 (   0.037   0.038 584.191 ) T:1813681 (   0.036   0.038   0.067   0.146 181.631 2543.615 )
565.392: I:38725 (   0.037   0.038 508.927 ) T:1852406 (   0.036   0.038   0.066   0.145 181.375 2543.615 )
575.393: I:36999 (   0.037   0.039 670.719 ) T:1889405 (   0.036   0.038   0.066   0.145 181.375 2543.615 )
585.393: I:20272 (   0.037   0.039 630.271 ) T:1909677 (   0.036   0.038   0.066   0.144 181.631 2543.615 )
595.392: I:36755 (   0.037   0.039 387.327 ) T:1946432 (   0.036   0.038   0.066   0.144 182.655 2543.615 )
605.414: I:31619 (   0.037   0.039 702.463 ) T:1978051 (   0.036   0.038   0.066   0.143 183.935 2543.615 )
615.392: I:31571 (   0.038   0.040 712.703 ) T:2009622 (   0.036   0.038   0.066   0.143 183.679 2543.615 )
625.392: I:37642 (   0.038   0.039 373.247 ) T:2047264 (   0.036   0.038   0.066   0.142 182.655 2543.615 )
635.393: I:22868 (   0.038   0.039 400.383 ) T:2070132 (   0.036   0.038   0.066   0.142 184.319 2543.615 )
645.393: I:30235 (   0.038   0.039 702.463 ) T:2100367 (   0.036   0.038   0.066   0.141 184.319 2543.615 )
655.393: I:33209 (   0.038   0.039 212.607 ) T:2133576 (   0.036   0.038   0.065   0.140 183.935 2543.615 )
665.392: I:33622 (   0.038   0.040 945.663 ) T:2167198 (   0.036   0.038   0.065   0.140 184.191 2543.615 )
675.394: I:37798 (   0.038   0.039 571.391 ) T:2204996 (   0.036   0.038   0.065   0.139 183.935 2543.615 )
685.392: I:37992 (   0.038   0.039 707.583 ) T:2242988 (   0.036   0.038   0.065   0.139 184.319 2543.615 )
695.394: I:26894 (   0.038   0.039 738.815 ) T:2269882 (   0.036   0.038   0.065   0.138 184.319 2543.615 )
705.392: I:18108 (   0.038   0.039 295.935 ) T:2287990 (   0.036   0.038   0.065   0.138 188.287 2543.615 )
715.392: I:26232 (   0.038   0.040 462.079 ) T:2314222 (   0.036   0.038   0.065   0.138 194.175 2543.615 )
725.393: I:29000 (   0.038   0.039 1529.855 ) T:2343222 (   0.036   0.038   0.065   0.138 194.431 2543.615 )
735.393: I:39668 (   0.038   0.039 411.903 ) T:2382890 (   0.036   0.038   0.065   0.137 194.431 2543.615 )
745.394: I:33269 (   0.038   0.039 350.719 ) T:2416159 (   0.036   0.038   0.065   0.137 194.431 2543.615 )
755.393: I:27367 (   0.038   0.039 822.271 ) T:2443526 (   0.036   0.038   0.065   0.137 195.071 2543.615 )
765.394: I:13497 (   0.038   0.056 1431.551 ) T:2457023 (   0.036   0.038   0.065   0.137 197.119 2543.615 )
775.392: I:33877 (   0.038   0.040 336.383 ) T:2490900 (   0.036   0.039   0.065   0.137 197.119 2543.615 )
785.394: I:35844 (   0.038   0.039   0.257 ) T:2526744 (   0.036   0.039   0.065   0.136 195.327 2543.615 )
795.423: I:32909 (   0.038   0.039 659.455 ) T:2559653 (   0.036   0.039   0.065   0.136 195.327 2543.615 )
805.393: I:44769 (   0.038   0.039 781.823 ) T:2604422 (   0.036   0.039   0.065   0.135 194.559 2543.615 )
815.393: I:35505 (   0.038   0.040 319.231 ) T:2639927 (   0.036   0.039   0.065   0.134 194.431 2543.615 )
825.392: I:38574 (   0.038   0.039 702.463 ) T:2678501 (   0.036   0.039   0.065   0.134 194.431 2543.615 )
835.392: I:21310 (   0.038   0.039 2181.119 ) T:2699811 (   0.036   0.039   0.065   0.134 194.815 2543.615 )
845.393: I:22326 (   0.038   0.039 2351.103 ) T:2722137 (   0.036   0.039   0.064   0.133 194.559 2543.615 )
855.392: I:30819 (   0.038   0.039 724.991 ) T:2752956 (   0.036   0.039   0.064   0.133 195.327 2543.615 )
865.392: I:39399 (   0.038   0.039 575.487 ) T:2792355 (   0.036   0.039   0.064   0.133 194.559 2543.615 )
875.392: I:27307 (   0.038   0.039 339.967 ) T:2819662 (   0.037   0.039   0.064   0.132 194.431 2543.615 )
885.392: I:37177 (   0.038   0.039 432.639 ) T:2856839 (   0.037   0.039   0.064   0.132 194.175 2543.615 )
895.392: I:15339 (   0.038   0.047 785.407 ) T:2872178 (   0.037   0.039   0.065   0.132 194.431 2543.615 )
905.392: I:32659 (   0.038   0.039 736.255 ) T:2904837 (   0.037   0.039   0.065   0.132 194.431 2543.615 )
915.392: I:32705 (   0.038   0.039 486.655 ) T:2937542 (   0.037   0.039   0.065   0.131 194.431 2543.615 )
925.392: I:36391 (   0.037   0.039 818.175 ) T:2973933 (   0.037   0.039   0.065   0.131 194.431 2543.615 )
935.506: I:39628 (   0.037   0.039 651.775 ) T:3013561 (   0.037   0.039   0.065   0.131 194.175 2543.615 )
945.394: I:13318 (   0.037   0.039 317.951 ) T:3026879 (   0.037   0.039   0.065   0.131 195.071 2543.615 )
955.393: I:12263 (   0.038   0.042 297.727 ) T:3039142 (   0.037   0.039   0.066   0.131 196.991 2543.615 )
965.394: I:15689 (   0.038   0.041 1057.791 ) T:3054831 (   0.037   0.039   0.066   0.131 197.119 2543.615 )
975.394: I:33614 (   0.037   0.039 624.639 ) T:3088445 (   0.037   0.039   0.066   0.131 197.119 2543.615 )
985.394: I:13825 (   0.037   0.039 308.223 ) T:3102270 (   0.037   0.039   0.066   0.131 198.271 2543.615 )
995.394: I:40946 (   0.037   0.039 596.479 ) T:3143216 (   0.037   0.039   0.066   0.131 199.039 2543.615 )
1005.393: I:28137 (   0.037   0.039 1507.327 ) T:3171353 (   0.037   0.039   0.066   0.130 200.575 2543.615 )
1015.393: I:32367 (   0.037   0.039 184.575 ) T:3203720 (   0.037   0.039   0.066   0.130 198.271 2543.615 )
1025.392: I:46148 (   0.038   0.039 223.487 ) T:3249868 (   0.037   0.039   0.066   0.129 197.119 2543.615 )
1035.394: I:23638 (   0.038   0.041 357.887 ) T:3273506 (   0.037   0.039   0.066   0.129 197.375 2543.615 )
1045.392: I:8831 (   0.039   0.092 270.847 ) T:3282337 (   0.037   0.039   0.069   0.130 199.167 2543.615 )
1055.393: I:12120 (   0.039   0.057 287.999 ) T:3294457 (   0.037   0.039   0.070   0.131 201.855 2543.615 )
1065.392: I:19193 (   0.038   0.043 532.479 ) T:3313650 (   0.037   0.039   0.070   0.131 203.263 2543.615 )
1075.393: I:38386 (   0.038   0.039 114.943 ) T:3352036 (   0.037   0.039   0.070   0.130 200.447 2543.615 )
1085.392: I:32982 (   0.038   0.039 239.999 ) T:3385018 (   0.037   0.039   0.070   0.130 199.167 2543.615 )
1095.392: I:16909 (   0.038   0.039 285.951 ) T:3401927 (   0.037   0.039   0.070   0.130 201.727 2543.615 )
1105.394: I:10752 (   0.038   0.070 1319.935 ) T:3412679 (   0.037   0.039   0.071   0.130 203.519 2543.615 )
1115.393: I:26659 (   0.038   0.041 338.943 ) T:3439338 (   0.037   0.039   0.071   0.130 203.775 2543.615 )
1125.393: I:37407 (   0.038   0.039 295.423 ) T:3476745 (   0.037   0.039   0.071   0.130 203.263 2543.615 )
1135.393: I:23826 (   0.038   0.039 558.079 ) T:3500571 (   0.037   0.039   0.071   0.130 203.775 2543.615 )
1145.392: I:21258 (   0.038   0.039 299.775 ) T:3521829 (   0.037   0.039   0.071   0.130 204.671 2543.615 )
1155.392: I:29456 (   0.038   0.039 942.591 ) T:3551285 (   0.037   0.039   0.071   0.130 204.671 2543.615 )
1165.392: I:37356 (   0.038   0.039 774.143 ) T:3588641 (   0.037   0.039   0.070   0.129 204.799 2543.615 )
1175.392: I:41075 (   0.038   0.039   0.218 ) T:3629716 (   0.037   0.039   0.070   0.129 203.775 2543.615 )
1185.392: I:41699 (   0.038   0.039 1733.631 ) T:3671415 (   0.037   0.039   0.070   0.128 201.855 2543.615 )
1195.394: I:15686 (   0.038   0.055 865.791 ) T:3687101 (   0.037   0.039   0.070   0.129 203.519 2543.615 )
1205.394: I:28191 (   0.037   0.039 435.711 ) T:3715292 (   0.037   0.039   0.070   0.128 203.775 2543.615 )
1215.392: I:27501 (   0.038   0.039 2351.103 ) T:3742793 (   0.037   0.039   0.070   0.128 204.543 2543.615 )
1225.685: I:40038 (   0.038   0.039 1056.767 ) T:3782831 (   0.037   0.039   0.070   0.128 203.775 2543.615 )
1235.393: I:22665 (   0.038   0.039 737.791 ) T:3805496 (   0.037   0.039   0.070   0.128 204.799 2543.615 )
1245.393: I:30621 (   0.038   0.039 316.415 ) T:3836117 (   0.037   0.039   0.070   0.128 204.799 2543.615 )
1255.394: I:41383 (   0.038   0.039 111.359 ) T:3877500 (   0.037   0.039   0.070   0.127 203.775 2543.615 )
1265.394: I:30857 (   0.038   0.039 847.871 ) T:3908357 (   0.037   0.039   0.070   0.127 204.543 2543.615 )
1275.393: I:20637 (   0.037   0.039 888.319 ) T:3928994 (   0.037   0.039   0.070   0.127 205.055 2543.615 )
1285.393: I:37083 (   0.038   0.039 621.055 ) T:3966077 (   0.037   0.039   0.070   0.127 204.927 2543.615 )
1295.394: I:37084 (   0.038   0.039 911.871 ) T:4003161 (   0.037   0.039   0.069   0.127 204.799 2543.615 )
1305.394: I:34610 (   0.038   0.039 713.727 ) T:4037771 (   0.037   0.039   0.069   0.126 204.799 2543.615 )
1315.392: I:39342 (   0.038   0.039 705.535 ) T:4077113 (   0.037   0.039   0.069   0.126 205.055 2543.615 )
1325.393: I:33019 (   0.038   0.039 948.735 ) T:4110132 (   0.037   0.039   0.069   0.126 205.055 2543.615 )
1335.393: I:26078 (   0.038   0.040 302.079 ) T:4136210 (   0.037   0.039   0.069   0.126 205.055 2543.615 )
1345.394: I:28963 (   0.038   0.040 570.879 ) T:4165173 (   0.037   0.039   0.069   0.126 207.231 2543.615 )
1355.393: I:35353 (   0.038   0.039 308.991 ) T:4200526 (   0.037   0.039   0.069   0.126 205.055 2543.615 )
1365.394: I:28606 (   0.038   0.039 391.935 ) T:4229132 (   0.037   0.039   0.069   0.126 206.975 2543.615 )
1375.392: I:34649 (   0.038   0.039 325.887 ) T:4263781 (   0.037   0.039   0.069   0.125 206.975 2543.615 )
1385.394: I:33195 (   0.038   0.039 644.095 ) T:4296976 (   0.037   0.039   0.069   0.125 207.231 2543.615 )
1395.393: I:26907 (   0.038   0.039 294.399 ) T:4323883 (   0.037   0.039   0.069   0.125 206.847 2543.615 )
1405.392: I:25937 (   0.037   0.039 1034.751 ) T:4349820 (   0.037   0.039   0.069   0.125 207.359 2543.615 )
1415.394: I:30341 (   0.037   0.039 355.327 ) T:4380161 (   0.037   0.039   0.069   0.125 208.127 2543.615 )
1425.392: I:36012 (   0.038   0.039 917.503 ) T:4416173 (   0.037   0.039   0.068   0.125 208.255 2543.615 )
1435.394: I:28006 (   0.037   0.039 975.871 ) T:4444179 (   0.037   0.039   0.068   0.125 208.127 2543.615 )
1445.394: I:39645 (   0.038   0.039 478.207 ) T:4483824 (   0.037   0.039   0.068   0.125 207.359 2543.615 )
1455.392: I:29454 (   0.038   0.039 441.855 ) T:4513278 (   0.037   0.039   0.068   0.125 207.359 2543.615 )
1465.392: I:35384 (   0.038   0.039 666.623 ) T:4548662 (   0.037   0.039   0.068   0.125 208.127 2543.615 )
1475.394: I:28642 (   0.038   0.039 4065.279 ) T:4577304 (   0.037   0.039   0.068   0.124 207.359 4065.279 )
1485.394: I:28853 (   0.038   0.039 609.791 ) T:4606157 (   0.037   0.039   0.068   0.124 207.359 4065.279 )
1495.394: I:17439 (   0.038   0.040 629.759 ) T:4623596 (   0.037   0.039   0.068   0.124 207.231 4065.279 )
1505.393: I:23918 (   0.038   0.039   0.204 ) T:4647514 (   0.037   0.039   0.068   0.124 206.975 4065.279 )
1515.392: I:31639 (   0.038   0.040 790.527 ) T:4679153 (   0.037   0.039   0.068   0.124 207.231 4065.279 )
1525.392: I:32493 (   0.038   0.040 458.239 ) T:4711646 (   0.037   0.039   0.068   0.124 206.847 4065.279 )
1535.392: I:18461 (   0.038   0.040 522.751 ) T:4730107 (   0.037   0.039   0.068   0.124 206.975 4065.279 )
1545.394: I:34504 (   0.038   0.040 1299.455 ) T:4764611 (   0.037   0.039   0.068   0.124 207.231 4065.279 )
1555.393: I:30984 (   0.038   0.039 740.863 ) T:4795595 (   0.037   0.039   0.068   0.124 207.359 4065.279 )
1565.394: I:15649 (   0.038   0.040 565.759 ) T:4811244 (   0.037   0.039   0.068   0.124 209.279 4065.279 )
1575.393: I:38934 (   0.038   0.040 491.775 ) T:4850178 (   0.037   0.039   0.068   0.124 209.535 4065.279 )
1585.394: I:17966 (   0.038   0.040 312.831 ) T:4868144 (   0.037   0.039   0.068   0.124 209.919 4065.279 )
1595.392: I:30564 (   0.038   0.040 370.175 ) T:4898708 (   0.037   0.039   0.069   0.124 209.535 4065.279 )
1605.393: I:34641 (   0.038   0.040 565.247 ) T:4933349 (   0.037   0.039   0.069   0.124 209.279 4065.279 )
1617.770: I:25041 (   0.038   0.040 187.647 ) T:4958390 (   0.037   0.039   0.069   0.124 208.255 4065.279 )
1625.392: I:28482 (   0.038   0.040 4825.087 ) T:4986872 (   0.037   0.039   0.069   0.124 208.255 4825.087 )
1635.392: I:46551 (   0.038   0.040 184.319 ) T:5033423 (   0.037   0.039   0.069   0.124 207.231 4825.087 )
1645.394: I:25231 (   0.038   0.040 432.127 ) T:5058654 (   0.037   0.039   0.068   0.124 207.359 4825.087 )
1655.392: I:31499 (   0.038   0.039 826.367 ) T:5090153 (   0.037   0.039   0.068   0.124 207.359 4825.087 )
1665.393: I:30132 (   0.038   0.040 334.335 ) T:5120285 (   0.037   0.039   0.068   0.123 207.359 4825.087 )
1675.394: I:13667 (   0.038   0.039 453.887 ) T:5133952 (   0.037   0.039   0.068   0.123 208.255 4825.087 )
1685.394: I:15505 (   0.038   0.039 477.183 ) T:5149457 (   0.037   0.039   0.068   0.124 209.535 4825.087 )
1695.392: I:16890 (   0.038   0.040 473.343 ) T:5166347 (   0.037   0.039   0.068   0.124 209.919 4825.087 )
1705.392: I:33961 (   0.038   0.039 448.511 ) T:5200308 (   0.037   0.039   0.068   0.123 209.535 4825.087 )
1715.394: I:16209 (   0.038   0.039 972.287 ) T:5216517 (   0.037   0.039   0.068   0.123 212.479 4825.087 )
1725.392: I:22428 (   0.038   0.040 320.255 ) T:5238945 (   0.037   0.039   0.068   0.124 213.759 4825.087 )
1735.392: I:29271 (   0.038   0.040 509.951 ) T:5268216 (   0.037   0.039   0.068   0.123 213.759 4825.087 )
1745.393: I:28655 (   0.038   0.039 1132.543 ) T:5296871 (   0.037   0.039   0.068   0.123 214.527 4825.087 )
1755.394: I:31016 (   0.038   0.040 592.383 ) T:5327887 (   0.037   0.039   0.068   0.123 214.527 4825.087 )
1765.393: I:12478 (   0.038   0.064 619.519 ) T:5340365 (   0.037   0.039   0.069   0.124 215.295 4825.087 )
1775.392: I:29186 (   0.038   0.040 1724.415 ) T:5369551 (   0.037   0.039   0.069   0.123 215.679 4825.087 )
1785.394: I:24665 (   0.038   0.040 990.207 ) T:5394216 (   0.037   0.039   0.069   0.123 215.295 4825.087 )
1795.392: I:30499 (   0.038   0.039 782.335 ) T:5424715 (   0.037   0.039   0.069   0.123 216.063 4825.087 )
1805.392: I:41398 (   0.038   0.040 424.191 ) T:5466113 (   0.037   0.039   0.069   0.123 216.063 4825.087 )
1815.393: I:33252 (   0.038   0.040 561.151 ) T:5499365 (   0.037   0.039   0.069   0.123 216.063 4825.087 )
1825.392: I:32451 (   0.038   0.040 1016.319 ) T:5531816 (   0.037   0.039   0.069   0.123 215.807 4825.087 )
1835.394: I:24340 (   0.038   0.040 956.927 ) T:5556156 (   0.037   0.039   0.069   0.123 215.807 4825.087 )
1845.394: I:38202 (   0.038   0.040 517.887 ) T:5594358 (   0.037   0.039   0.069   0.123 215.679 4825.087 )
1855.392: I:34157 (   0.038   0.040 491.007 ) T:5628515 (   0.037   0.039   0.068   0.123 215.295 4825.087 )
1865.392: I:37925 (   0.038   0.039 537.087 ) T:5666440 (   0.037   0.039   0.068   0.123 215.295 4825.087 )
1875.392: I:26137 (   0.038   0.040 387.839 ) T:5692577 (   0.037   0.039   0.068   0.123 215.295 4825.087 )
1885.394: I:31147 (   0.038   0.040 517.375 ) T:5723724 (   0.037   0.039   0.068   0.123 214.527 4825.087 )
1895.394: I:30696 (   0.038   0.039 298.751 ) T:5754420 (   0.037   0.039   0.068   0.123 215.295 4825.087 )
1905.392: I:35159 (   0.038   0.039 807.935 ) T:5789579 (   0.037   0.039   0.068   0.123 215.295 4825.087 )
1915.393: I:32477 (   0.038   0.039 485.375 ) T:5822056 (   0.037   0.039   0.068   0.123 215.039 4825.087 )
1925.393: I:31442 (   0.038   0.039 686.079 ) T:5853498 (   0.037   0.039   0.068   0.123 215.039 4825.087 )
1935.394: I:38070 (   0.038   0.040 794.111 ) T:5891568 (   0.037   0.039   0.068   0.122 215.679 4825.087 )
1945.394: I:36847 (   0.038   0.039 301.311 ) T:5928415 (   0.037   0.039   0.068   0.122 215.295 4825.087 )
1955.394: I:35840 (   0.038   0.040 184.447 ) T:5964255 (   0.037   0.039   0.067   0.122 214.527 4825.087 )
1965.393: I:34866 (   0.038   0.039 641.023 ) T:5999121 (   0.037   0.039   0.067   0.122 215.039 4825.087 )
1975.394: I:21129 (   0.038   0.039 329.983 ) T:6020250 (   0.037   0.039   0.067   0.122 214.527 4825.087 )
1985.393: I:17135 (   0.038   0.039 1709.055 ) T:6037385 (   0.037   0.039   0.067   0.122 215.679 4825.087 )
1995.392: I:39071 (   0.038   0.040 606.719 ) T:6076456 (   0.037   0.039   0.067   0.122 215.679 4825.087 )
2005.393: I:19192 (   0.038   0.040 445.183 ) T:6095648 (   0.037   0.039   0.067   0.122 215.679 4825.087 )
2015.392: I:27724 (   0.038   0.040 741.887 ) T:6123372 (   0.037   0.039   0.067   0.122 215.679 4825.087 )
2025.394: I:21628 (   0.038   0.040 1002.495 ) T:6145000 (   0.037   0.039   0.067   0.122 215.807 4825.087 )
2035.393: I:37501 (   0.038   0.040 819.199 ) T:6182501 (   0.037   0.039   0.067   0.122 216.063 4825.087 )
2045.393: I:40330 (   0.038   0.040 584.703 ) T:6222831 (   0.037   0.039   0.067   0.122 216.447 4825.087 )
2055.393: I:34396 (   0.038   0.040 445.951 ) T:6257227 (   0.037   0.039   0.067   0.122 216.831 4825.087 )
2065.393: I:19234 (   0.038   0.053 1120.255 ) T:6276461 (   0.037   0.039   0.067   0.122 217.087 4825.087 )
2075.394: I:35682 (   0.038   0.040 203.391 ) T:6312143 (   0.037   0.039   0.067   0.122 215.807 4825.087 )
2085.394: I:17233 (   0.038   0.040 540.159 ) T:6329376 (   0.037   0.039   0.067   0.122 216.831 4825.087 )
2095.394: I:31138 (   0.038   0.040 326.399 ) T:6360514 (   0.037   0.039   0.067   0.122 215.807 4825.087 )
2105.392: I:33495 (   0.038   0.040 3299.327 ) T:6394009 (   0.037   0.039   0.067   0.122 215.679 4825.087 )
2115.394: I:34196 (   0.038   0.040 514.815 ) T:6428205 (   0.037   0.039   0.067   0.122 215.679 4825.087 )
2125.393: I:28310 (   0.038   0.040 766.975 ) T:6456515 (   0.037   0.039   0.067   0.122 215.295 4825.087 )
2135.392: I:28737 (   0.038   0.039 540.671 ) T:6485252 (   0.037   0.039   0.067   0.122 215.679 4825.087 )
2145.393: I:32764 (   0.038   0.040 830.975 ) T:6518016 (   0.037   0.039   0.067   0.122 215.807 4825.087 )
2155.393: I:29330 (   0.038   0.040 495.615 ) T:6547346 (   0.037   0.039   0.067   0.122 215.807 4825.087 )
2165.392: I:39519 (   0.038   0.040 391.935 ) T:6586865 (   0.037   0.039   0.067   0.122 215.679 4825.087 )
2175.393: I:51066 (   0.038   0.040 332.031 ) T:6637931 (   0.037   0.039   0.067   0.122 215.295 4825.087 )
2185.392: I:16695 (   0.038   0.055 1908.735 ) T:6654626 (   0.037   0.039   0.067   0.122 215.807 4825.087 )
2195.393: I:25345 (   0.038   0.055 471.807 ) T:6679971 (   0.037   0.039   0.068   0.122 215.807 4825.087 )
2205.393: I:17918 (   0.038   0.055 433.407 ) T:6697889 (   0.037   0.039   0.068   0.122 217.215 4825.087 )
2215.393: I:34461 (   0.038   0.040 559.615 ) T:6732350 (   0.037   0.039   0.068   0.122 216.831 4825.087 )
2225.392: I:47950 (   0.038   0.040 912.383 ) T:6780300 (   0.037   0.039   0.068   0.122 215.679 4825.087 )
2235.393: I:40312 (   0.038   0.040 308.223 ) T:6820612 (   0.037   0.039   0.068   0.122 215.295 4825.087 )
2245.393: I:37564 (   0.038   0.040 1169.407 ) T:6858176 (   0.037   0.039   0.068   0.121 215.679 4825.087 )
2255.392: I:31891 (   0.038   0.040 390.911 ) T:6890067 (   0.037   0.039   0.069   0.121 215.295 4825.087 )
2265.394: I:40066 (   0.038   0.040 554.495 ) T:6930133 (   0.037   0.039   0.069   0.121 214.527 4825.087 )
2275.393: I:15616 (   0.038   0.055 828.927 ) T:6945749 (   0.037   0.039   0.069   0.121 215.679 4825.087 )
2285.392: I:27610 (   0.038   0.039 882.175 ) T:6973359 (   0.037   0.039   0.069   0.121 215.679 4825.087 )
2295.393: I:21746 (   0.038   0.046 490.495 ) T:6995105 (   0.037   0.039   0.069   0.121 215.679 4825.087 )
2305.394: I:41094 (   0.038   0.040 202.751 ) T:7036199 (   0.037   0.039   0.069   0.121 214.527 4825.087 )
2315.394: I:40882 (   0.038   0.040 565.759 ) T:7077081 (   0.037   0.039   0.069   0.121 214.527 4825.087 )
2325.392: I:39019 (   0.038   0.040 778.751 ) T:7116100 (   0.038   0.039   0.069   0.121 213.887 4825.087 )
2335.393: I:20608 (   0.038   0.039 535.551 ) T:7136708 (   0.038   0.039   0.069   0.121 214.271 4825.087 )
2345.392: I:24590 (   0.038   0.039 652.799 ) T:7161298 (   0.038   0.039   0.069   0.121 214.527 4825.087 )
2355.393: I:33303 (   0.038   0.040 560.127 ) T:7194601 (   0.038   0.039   0.069   0.121 214.527 4825.087 )
2365.392: I:22624 (   0.038   0.040 876.031 ) T:7217225 (   0.038   0.039   0.068   0.121 215.039 4825.087 )
2375.392: I:40669 (   0.038   0.040 192.127 ) T:7257894 (   0.038   0.039   0.068   0.121 214.015 4825.087 )
2385.392: I:37479 (   0.038   0.040  39.455 ) T:7295373 (   0.038   0.039   0.068   0.121 213.119 4825.087 )
2395.393: I:22461 (   0.038   0.040 523.263 ) T:7317834 (   0.038   0.039   0.068   0.121 212.735 4825.087 )
2405.394: I:14141 (   0.038   0.056 503.039 ) T:7331975 (   0.038   0.039   0.069   0.121 213.759 4825.087 )
2415.393: I:24254 (   0.038   0.039 282.879 ) T:7356229 (   0.038   0.039   0.069   0.121 213.759 4825.087 )
2425.394: I:29192 (   0.038   0.039 360.703 ) T:7385421 (   0.038   0.039   0.068   0.121 213.759 4825.087 )
2435.394: I:24407 (   0.038   0.039 986.111 ) T:7409828 (   0.038   0.039   0.068   0.121 214.271 4825.087 )
2445.392: I:25147 (   0.038   0.041 643.071 ) T:7434975 (   0.038   0.039   0.069   0.121 214.527 4825.087 )
2455.392: I:37291 (   0.038   0.040 1388.543 ) T:7472266 (   0.038   0.039   0.069   0.121 214.015 4825.087 )
2465.394: I:21016 (   0.038   0.040 295.935 ) T:7493282 (   0.038   0.039   0.069   0.121 214.527 4825.087 )
2475.394: I:21235 (   0.038   0.039 831.487 ) T:7514517 (   0.038   0.039   0.069   0.121 215.295 4825.087 )
2485.394: I:24126 (   0.038   0.039 286.463 ) T:7538643 (   0.038   0.039   0.069   0.121 215.295 4825.087 )
2495.394: I:31386 (   0.038   0.040 203.775 ) T:7570029 (   0.038   0.039   0.069   0.121 214.271 4825.087 )
2505.393: I:22175 (   0.038   0.040 349.183 ) T:7592204 (   0.038   0.039   0.069   0.121 215.295 4825.087 )
2515.393: I:16243 (   0.038   0.040 304.127 ) T:7608447 (   0.038   0.039   0.069   0.121 215.679 4825.087 )
2525.393: I:19256 (   0.038   0.040 665.599 ) T:7627703 (   0.038   0.039   0.069   0.121 216.063 4825.087 )
2535.393: I:28773 (   0.038   0.039 663.039 ) T:7656476 (   0.038   0.039   0.069   0.121 216.447 4825.087 )
2545.392: I:28813 (   0.038   0.039 445.695 ) T:7685289 (   0.038   0.039   0.069   0.121 216.831 4825.087 )
2555.394: I:34605 (   0.038   0.040 505.343 ) T:7719894 (   0.038   0.039   0.069   0.121 216.831 4825.087 )
2565.392: I:38908 (   0.038   0.040  71.743 ) T:7758802 (   0.038   0.039   0.069   0.121 215.679 4825.087 )
2575.393: I:27889 (   0.038   0.040 280.831 ) T:7786691 (   0.038   0.039   0.069   0.121 215.679 4825.087 )
2585.393: I:28831 (   0.038   0.040 678.399 ) T:7815522 (   0.038   0.039   0.069   0.121 216.447 4825.087 )
2595.392: I:16442 (   0.038   0.039 1623.039 ) T:7831964 (   0.038   0.039   0.069   0.121 217.215 4825.087 )
2605.392: I:39248 (   0.038   0.040 496.383 ) T:7871212 (   0.038   0.039   0.069   0.121 217.215 4825.087 )
2615.394: I:32923 (   0.038   0.040 413.951 ) T:7904135 (   0.038   0.039   0.069   0.121 217.215 4825.087 )
2625.393: I:35234 (   0.038   0.040 357.375 ) T:7939369 (   0.038   0.039   0.069   0.121 217.599 4825.087 )
2635.393: I:26654 (   0.038   0.040 540.671 ) T:7966023 (   0.038   0.039   0.068   0.121 217.983 4825.087 )
2645.394: I:39314 (   0.038   0.040 235.519 ) T:8005337 (   0.038   0.039   0.068   0.121 217.343 4825.087 )
2655.394: I:31685 (   0.038   0.040 522.751 ) T:8037022 (   0.038   0.039   0.068   0.121 217.599 4825.087 )
2667.680: I:19518 (   0.038   0.040 5734.399 ) T:8056540 (   0.038   0.039   0.068   0.121 217.983 5734.399 )
2675.392: I:27407 (   0.038   0.040 208.639 ) T:8083947 (   0.038   0.039   0.068   0.121 217.343 5734.399 )
2685.393: I:28730 (   0.038   0.040 567.295 ) T:8112677 (   0.038   0.039   0.068   0.121 217.215 5734.399 )
2695.393: I:36791 (   0.038   0.040 757.247 ) T:8149468 (   0.038   0.039   0.068   0.121 217.215 5734.399 )
2705.394: I:40770 (   0.038   0.040 723.967 ) T:8190238 (   0.038   0.039   0.068   0.121 217.087 5734.399 )
2715.394: I:39378 (   0.038   0.040 671.231 ) T:8229616 (   0.038   0.039   0.068   0.121 216.831 5734.399 )
2725.577: I:33387 (   0.038   0.040 561.663 ) T:8263003 (   0.038   0.039   0.068   0.121 216.063 5734.399 )
2735.392: I:17537 (   0.038   0.040 313.599 ) T:8280540 (   0.038   0.039   0.068   0.121 216.447 5734.399 )
2745.393: I:27785 (   0.038   0.040 254.591 ) T:8308325 (   0.038   0.039   0.068   0.121 216.063 5734.399 )
2755.448: I:39864 (   0.038   0.040 732.671 ) T:8348189 (   0.038   0.039   0.068   0.121 215.679 5734.399 )
2765.392: I:35110 (   0.038   0.040 670.719 ) T:8383299 (   0.038   0.039   0.068   0.121 215.679 5734.399 )
2775.394: I:35441 (   0.038   0.040 1137.663 ) T:8418740 (   0.038   0.039   0.068   0.121 215.679 5734.399 )
2785.394: I:18293 (   0.038   0.040 292.351 ) T:8437033 (   0.038   0.039   0.068   0.121 215.807 5734.399 )
2795.393: I:18156 (   0.038   0.040 500.735 ) T:8455189 (   0.038   0.039   0.068   0.121 217.087 5734.399 )
2805.392: I:34208 (   0.038   0.040 1025.535 ) T:8489397 (   0.038   0.039   0.068   0.121 217.343 5734.399 )
2815.393: I:41000 (   0.038   0.040 285.951 ) T:8530397 (   0.038   0.039   0.068   0.121 216.831 5734.399 )
2825.393: I:28727 (   0.038   0.040 820.735 ) T:8559124 (   0.038   0.039   0.068   0.121 216.831 5734.399 )
2835.394: I:34478 (   0.038   0.040 629.759 ) T:8593602 (   0.038   0.039   0.068   0.121 216.447 5734.399 )
2845.394: I:31121 (   0.038   0.040 1701.887 ) T:8624723 (   0.038   0.039   0.068   0.121 217.087 5734.399 )
2855.392: I:31489 (   0.038   0.040 320.255 ) T:8656212 (   0.038   0.039   0.069   0.121 216.831 5734.399 )
2865.394: I:36475 (   0.038   0.040 693.759 ) T:8692687 (   0.038   0.039   0.068   0.121 216.447 5734.399 )
2875.392: I:25541 (   0.038   0.040 1773.567 ) T:8718228 (   0.038   0.039   0.068   0.121 217.087 5734.399 )
2885.394: I:29679 (   0.038   0.040 387.583 ) T:8747907 (   0.038   0.039   0.068   0.121 217.343 5734.399 )
2895.392: I:24914 (   0.038   0.039 632.831 ) T:8772821 (   0.038   0.039   0.068   0.121 217.215 5734.399 )
2905.392: I:32905 (   0.038   0.040 825.855 ) T:8805726 (   0.038   0.039   0.068   0.121 217.215 5734.399 )
2915.393: I:39756 (   0.038   0.040 257.663 ) T:8845482 (   0.038   0.039   0.068   0.121 216.447 5734.399 )
2925.392: I:34898 (   0.038   0.040 723.455 ) T:8880380 (   0.038   0.039   0.068   0.121 216.831 5734.399 )
2935.394: I:25919 (   0.038   0.039 270.591 ) T:8906299 (   0.038   0.039   0.068   0.121 216.831 5734.399 )
2945.392: I:31822 (   0.038   0.040 397.823 ) T:8938121 (   0.038   0.039   0.068   0.121 217.087 5734.399 )
2955.393: I:33266 (   0.038   0.040 901.119 ) T:8971387 (   0.038   0.039   0.068   0.121 217.215 5734.399 )
2965.394: I:29984 (   0.038   0.040 764.415 ) T:9001371 (   0.038   0.039   0.068   0.121 216.831 5734.399 )
2975.392: I:38878 (   0.038   0.040 977.407 ) T:9040249 (   0.038   0.039   0.068   0.121 216.447 5734.399 )
2985.393: I:29167 (   0.038   0.040 819.199 ) T:9069416 (   0.038   0.039   0.068   0.121 217.215 5734.399 )
2995.724: I:36673 (   0.038   0.040 629.247 ) T:9106089 (   0.038   0.039   0.068   0.121 217.087 5734.399 )
3005.394: I:23586 (   0.038   0.040 339.199 ) T:9129675 (   0.038   0.039   0.068   0.121 217.599 5734.399 )
3015.393: I:20360 (   0.038   0.040 853.503 ) T:9150035 (   0.038   0.039   0.068   0.121 217.215 5734.399 )
3025.394: I:22676 (   0.038   0.042 575.487 ) T:9172711 (   0.038   0.039   0.068   0.121 217.215 5734.399 )
3035.394: I:28782 (   0.038   0.040 535.551 ) T:9201493 (   0.038   0.039   0.068   0.121 217.343 5734.399 )
3045.393: I:37290 (   0.038   0.040 318.207 ) T:9238783 (   0.038   0.039   0.068   0.121 217.215 5734.399 )
3055.394: I:26278 (   0.038   0.040 722.943 ) T:9265061 (   0.038   0.039   0.068   0.121 217.599 5734.399 )
3065.394: I:27804 (   0.039   0.040 904.703 ) T:9292865 (   0.038   0.039   0.068   0.121 218.239 5734.399 )
3075.394: I:38433 (   0.038   0.040 288.511 ) T:9331298 (   0.038   0.039   0.068   0.121 217.983 5734.399 )
3085.393: I:39262 (   0.038   0.040 270.335 ) T:9370560 (   0.038   0.039   0.068   0.121 217.599 5734.399 )
3095.392: I:13504 (   0.038   0.039 2519.039 ) T:9384064 (   0.038   0.039   0.068   0.121 218.367 5734.399 )
3105.394: I:36447 (   0.038   0.039 164.351 ) T:9420511 (   0.038   0.039   0.068   0.121 217.599 5734.399 )
3115.394: I:17621 (   0.038   0.041 381.439 ) T:9438132 (   0.038   0.039   0.068   0.121 218.111 5734.399 )
3125.394: I:20705 (   0.038   0.039 2181.119 ) T:9458837 (   0.038   0.039   0.068   0.121 218.111 5734.399 )
3135.394: I:38136 (   0.038   0.040 445.695 ) T:9496973 (   0.038   0.039   0.068   0.121 217.599 5734.399 )
3145.393: I:30000 (   0.038   0.040 604.671 ) T:9526973 (   0.038   0.039   0.068   0.121 217.343 5734.399 )
3155.394: I:23914 (   0.038   0.039 449.279 ) T:9550887 (   0.038   0.039   0.068   0.121 217.343 5734.399 )
3165.392: I:23459 (   0.038   0.039 2291.711 ) T:9574346 (   0.038   0.039   0.068   0.121 217.599 5734.399 )
3175.392: I:34677 (   0.038   0.039 295.423 ) T:9609023 (   0.038   0.039   0.068   0.121 217.599 5734.399 )
3185.393: I:40851 (   0.038   0.039 826.367 ) T:9649874 (   0.038   0.039   0.068   0.121 217.343 5734.399 )
3195.392: I:27855 (   0.038   0.039 974.335 ) T:9677729 (   0.038   0.039   0.067   0.121 217.599 5734.399 )
3205.392: I:40420 (   0.038   0.039 752.127 ) T:9718149 (   0.038   0.039   0.067   0.121 217.599 5734.399 )
3215.393: I:38648 (   0.038   0.040 545.791 ) T:9756797 (   0.038   0.039   0.067   0.121 217.599 5734.399 )
3225.394: I:15634 (   0.038   0.057 608.767 ) T:9772431 (   0.038   0.039   0.068   0.121 218.111 5734.399 )
3235.392: I:17082 (   0.038   0.056 337.151 ) T:9789513 (   0.038   0.039   0.068   0.121 218.111 5734.399 )
3245.393: I:35969 (   0.038   0.040 790.015 ) T:9825482 (   0.038   0.039   0.068   0.121 217.599 5734.399 )
3255.394: I:31759 (   0.038   0.040 353.791 ) T:9857241 (   0.038   0.039   0.068   0.121 217.343 5734.399 )
3265.392: I:16034 (   0.038   0.041 1532.927 ) T:9873275 (   0.038   0.039   0.068   0.121 217.599 5734.399 )
3275.444: I:35928 (   0.038   0.039 611.327 ) T:9909203 (   0.038   0.039   0.068   0.121 217.343 5734.399 )
3285.392: I:42885 (   0.038   0.040 302.591 ) T:9952088 (   0.038   0.039   0.068   0.121 217.087 5734.399 )
3295.393: I:34819 (   0.038   0.040 785.919 ) T:9986907 (   0.038   0.039   0.068   0.122 216.447 5734.399 )
3298.898: I:13093 (   0.038   0.040 298.239 ) T:10000000 (   0.038   0.039   0.068   0.122 216.063 5734.399 )
3298.918: I:0 (   0.000   0.000   0.000 ) T:10000000 (   0.038   0.039   0.068   0.122 216.063 5734.399 )
