#[Interval percentile log between 0.000 and <Infinite> seconds (relative to StartTime)]
#[StartTime: 1524776581.801 (seconds since epoch), Thu Apr 26 23:03:01 CEST 2018]
Time: IntervalPercentiles:count ( 50% 90% Max ) TotalPercentiles:count ( 50% 90% 99% 99.9% 99.99% Max )
5.437: I:3420 (   0.100   0.262 276.223 ) T:3420 (   0.100   0.262   0.797 123.839 276.223 276.223 )
15.415: I:11455 (   0.047   0.095 335.103 ) T:14875 (   0.057   0.129   0.497 162.431 284.415 335.103 )
25.407: I:24359 (   0.039   0.053 460.799 ) T:39234 (   0.040   0.090   0.312 134.783 284.415 460.799 )
35.405: I:38681 (   0.039   0.042 286.207 ) T:77915 (   0.039   0.066   0.196  94.079 257.919 460.799 )
45.404: I:37725 (   0.039   0.042 508.415 ) T:115640 (   0.039   0.056   0.163   8.319 265.471 508.415 )
55.404: I:51651 (   0.039   0.041 870.399 ) T:167291 (   0.039   0.046   0.135   1.527 259.199 870.399 )
65.401: I:40839 (   0.039   0.041 1104.895 ) T:208130 (   0.039   0.043   0.122   1.343 284.415 1104.895 )
75.398: I:44072 (   0.039   0.043 757.247 ) T:252202 (   0.039   0.043   0.112   1.241 284.415 1104.895 )
85.404: I:34560 (   0.039   0.042 889.855 ) T:286762 (   0.039   0.043   0.106   1.207 305.919 1104.895 )
95.408: I:27220 (   0.039   0.053 957.439 ) T:313982 (   0.039   0.043   0.103   1.216 310.783 1104.895 )
105.397: I:48961 (   0.039   0.042 893.951 ) T:362943 (   0.039   0.043   0.100   1.184 310.783 1104.895 )
115.401: I:46904 (   0.039   0.042 805.375 ) T:409847 (   0.039   0.043   0.098   1.163 312.831 1104.895 )
125.404: I:44850 (   0.039   0.042 673.279 ) T:454697 (   0.039   0.043   0.096   1.149 313.343 1104.895 )
135.401: I:35834 (   0.039   0.042 1117.183 ) T:490531 (   0.039   0.042   0.095   1.143 315.135 1117.183 )
145.401: I:44488 (   0.039   0.042 847.359 ) T:535019 (   0.039   0.042   0.094   1.134 315.135 1117.183 )
155.396: I:41940 (   0.039   0.042 1193.983 ) T:576959 (   0.039   0.042   0.093   1.130 317.439 1193.983 )
165.403: I:39813 (   0.039   0.042 406.015 ) T:616772 (   0.039   0.042   0.092   1.129 317.439 1193.983 )
175.401: I:54192 (   0.040   0.043 792.063 ) T:670964 (   0.039   0.042   0.091   1.124 313.343 1193.983 )
185.399: I:51186 (   0.040   0.043 1062.911 ) T:722150 (   0.039   0.042   0.090   1.118 306.175 1193.983 )
195.401: I:41618 (   0.040   0.043 1541.119 ) T:763768 (   0.039   0.043   0.090   1.116 306.175 1541.119 )
205.396: I:55923 (   0.040   0.043 976.895 ) T:819691 (   0.039   0.043   0.089   1.112 306.175 1541.119 )
215.397: I:51711 (   0.040   0.043 928.255 ) T:871402 (   0.039   0.043   0.088   1.111 306.175 1541.119 )
225.403: I:49045 (   0.040   0.044 1812.479 ) T:920447 (   0.039   0.043   0.087   1.109 305.151 1812.479 )
235.403: I:43514 (   0.041   0.044 850.431 ) T:963961 (   0.039   0.043   0.087   1.109 305.919 1812.479 )
245.399: I:49027 (   0.040   0.044 689.151 ) T:1012988 (   0.039   0.043   0.087   1.108 314.111 1812.479 )
255.404: I:43282 (   0.040   0.043 504.831 ) T:1056270 (   0.039   0.043   0.086   1.104 315.135 1812.479 )
265.399: I:51287 (   0.040   0.043 1668.095 ) T:1107557 (   0.040   0.043   0.086   1.101 317.439 1812.479 )
275.398: I:28203 (   0.040   0.043 3227.647 ) T:1135760 (   0.040   0.043   0.085   1.100 317.439 3227.647 )
285.401: I:39615 (   0.040   0.043 471.807 ) T:1175375 (   0.040   0.043   0.085   1.098 314.111 3227.647 )
295.403: I:44330 (   0.040   0.043 894.463 ) T:1219705 (   0.040   0.043   0.085   1.094 312.831 3227.647 )
305.400: I:46310 (   0.040   0.043 978.943 ) T:1266015 (   0.040   0.043   0.084   1.092 310.783 3227.647 )
315.398: I:47514 (   0.040   0.043 689.663 ) T:1313529 (   0.040   0.043   0.084   1.088 310.783 3227.647 )
325.398: I:50815 (   0.040   0.043 790.527 ) T:1364344 (   0.040   0.043   0.084   1.085 310.783 3227.647 )
335.403: I:51874 (   0.040   0.043 947.199 ) T:1416218 (   0.040   0.043   0.083   1.081 307.455 3227.647 )
345.400: I:47536 (   0.040   0.043 761.343 ) T:1463754 (   0.040   0.043   0.083   1.078 310.783 3227.647 )
355.396: I:63823 (   0.040   0.043 853.503 ) T:1527577 (   0.040   0.043   0.082   1.070 307.455 3227.647 )
365.403: I:28473 (   0.040   0.043 1688.575 ) T:1556050 (   0.040   0.043   0.082   1.068 312.831 3227.647 )
375.399: I:27729 (   0.040   0.043 458.239 ) T:1583779 (   0.040   0.043   0.082   1.067 314.111 3227.647 )
385.399: I:53375 (   0.040   0.043 1947.647 ) T:1637154 (   0.040   0.043   0.082   1.060 313.343 3227.647 )
395.404: I:31165 (   0.040   0.043 829.951 ) T:1668319 (   0.040   0.043   0.081   1.060 314.111 3227.647 )
405.404: I:59630 (   0.040   0.043 916.991 ) T:1727949 (   0.040   0.043   0.081   1.055 310.783 3227.647 )
415.397: I:55972 (   0.040   0.043 809.983 ) T:1783921 (   0.040   0.043   0.080   1.050 307.455 3227.647 )
425.397: I:42875 (   0.040   0.043 1033.727 ) T:1826796 (   0.040   0.043   0.080   1.048 310.783 3227.647 )
435.405: I:28375 (   0.040   0.043 853.503 ) T:1855171 (   0.040   0.043   0.080   1.048 316.159 3227.647 )
445.397: I:54185 (   0.040   0.043 852.991 ) T:1909356 (   0.040   0.043   0.080   1.046 315.135 3227.647 )
455.400: I:56555 (   0.040   0.043 920.575 ) T:1965911 (   0.040   0.043   0.079   1.043 312.831 3227.647 )
465.397: I:41281 (   0.041   0.044 3033.087 ) T:2007192 (   0.040   0.043   0.079   1.042 310.783 3227.647 )
475.402: I:40741 (   0.041   0.044 744.959 ) T:2047933 (   0.040   0.043   0.079   1.041 310.783 3227.647 )
485.403: I:44554 (   0.041   0.044 637.951 ) T:2092487 (   0.040   0.043   0.079   1.041 307.455 3227.647 )
495.402: I:47559 (   0.041   0.044 735.743 ) T:2140046 (   0.040   0.043   0.078   1.040 306.175 3227.647 )
505.402: I:46890 (   0.042   0.044 987.647 ) T:2186936 (   0.040   0.043   0.078   1.039 307.455 3227.647 )
515.397: I:37049 (   0.041   0.044 421.631 ) T:2223985 (   0.040   0.043   0.078   1.040 307.455 3227.647 )
525.402: I:33830 (   0.041   0.044 2420.735 ) T:2257815 (   0.040   0.043   0.078   1.039 307.455 3227.647 )
535.395: I:65260 (   0.041   0.044 1102.847 ) T:2323075 (   0.040   0.043   0.078   1.037 305.663 3227.647 )
545.401: I:44626 (   0.041   0.044 1081.343 ) T:2367701 (   0.040   0.043   0.077   1.036 306.175 3227.647 )
555.400: I:50539 (   0.042   0.044 939.007 ) T:2418240 (   0.040   0.043   0.077   1.035 305.663 3227.647 )
565.401: I:51746 (   0.041   0.044 909.311 ) T:2469986 (   0.040   0.043   0.077   1.035 305.407 3227.647 )
575.403: I:49220 (   0.041   0.044 1276.927 ) T:2519206 (   0.040   0.043   0.077   1.034 305.151 3227.647 )
585.403: I:27028 (   0.042   0.045 1542.143 ) T:2546234 (   0.040   0.043   0.076   1.034 305.919 3227.647 )
595.397: I:49104 (   0.042   0.044 712.191 ) T:2595338 (   0.040   0.043   0.076   1.034 306.175 3227.647 )
605.419: I:42204 (   0.042   0.045 293.119 ) T:2637542 (   0.040   0.044   0.076   1.033 305.151 3227.647 )
615.397: I:42094 (   0.042   0.045 990.719 ) T:2679636 (   0.040   0.044   0.076   1.033 305.407 3227.647 )
625.400: I:50048 (   0.042   0.045 738.303 ) T:2729684 (   0.040   0.044   0.076   1.032 305.663 3227.647 )
635.402: I:30492 (   0.042   0.045 685.567 ) T:2760176 (   0.040   0.044   0.076   1.033 305.407 3227.647 )
645.401: I:40312 (   0.042   0.045 762.367 ) T:2800488 (   0.040   0.044   0.076   1.032 305.151 3227.647 )
655.406: I:44279 (   0.042   0.045 3600.383 ) T:2844767 (   0.040   0.044   0.076   1.032 304.127 3600.383 )
665.401: I:44829 (   0.042   0.045 555.007 ) T:2889596 (   0.040   0.044   0.075   1.031 305.151 3600.383 )
675.404: I:50397 (   0.042   0.045 879.103 ) T:2939993 (   0.040   0.044   0.075   1.031 304.127 3600.383 )
685.434: I:50777 (   0.041   0.044 591.871 ) T:2990770 (   0.040   0.044   0.075   1.031 302.335 3600.383 )
695.403: I:35738 (   0.042   0.044 2281.471 ) T:3026508 (   0.040   0.044   0.075   1.031 302.335 3600.383 )
705.397: I:24278 (   0.041   0.044 603.135 ) T:3050786 (   0.040   0.044   0.075   1.031 305.151 3600.383 )
715.397: I:34951 (   0.042   0.045 445.695 ) T:3085737 (   0.040   0.044   0.075   1.031 305.151 3600.383 )
725.401: I:38559 (   0.042   0.044 612.863 ) T:3124296 (   0.040   0.044   0.075   1.031 302.335 3600.383 )
735.401: I:52890 (   0.042   0.045 492.799 ) T:3177186 (   0.040   0.044   0.075   1.031 302.335 3600.383 )
745.403: I:44358 (   0.042   0.045 743.423 ) T:3221544 (   0.041   0.044   0.075   1.030 302.335 3600.383 )
755.403: I:36489 (   0.041   0.044 1127.423 ) T:3258033 (   0.041   0.044   0.075   1.031 302.335 3600.383 )
765.405: I:17998 (   0.043   0.062 412.671 ) T:3276031 (   0.041   0.044   0.075   1.031 304.127 3600.383 )
775.396: I:45294 (   0.042   0.045 698.367 ) T:3321325 (   0.041   0.044   0.075   1.031 302.335 3600.383 )
785.401: I:47667 (   0.042   0.045 1209.343 ) T:3368992 (   0.041   0.044   0.075   1.030 302.335 3600.383 )
795.428: I:43986 (   0.042   0.044 1381.375 ) T:3412978 (   0.041   0.044   0.075   1.030 304.127 3600.383 )
805.402: I:59583 (   0.042   0.045 711.679 ) T:3472561 (   0.041   0.044   0.075   1.029 300.287 3600.383 )
815.398: I:47449 (   0.042   0.045 837.119 ) T:3520010 (   0.041   0.044   0.074   1.029 302.335 3600.383 )
825.397: I:51450 (   0.042   0.045 629.759 ) T:3571460 (   0.041   0.044   0.074   1.028 300.287 3600.383 )
835.397: I:28420 (   0.042   0.045 705.535 ) T:3599880 (   0.041   0.044   0.074   1.028 302.335 3600.383 )
845.403: I:29635 (   0.042   0.045 1291.263 ) T:3629515 (   0.041   0.044   0.074   1.028 302.335 3600.383 )
855.397: I:41216 (   0.042   0.045 1087.487 ) T:3670731 (   0.041   0.044   0.074   1.028 300.287 3600.383 )
865.396: I:52527 (   0.042   0.045 915.455 ) T:3723258 (   0.041   0.044   0.074   1.028 299.775 3600.383 )
875.397: I:36429 (   0.042   0.045 3524.607 ) T:3759687 (   0.041   0.044   0.074   1.027 299.775 3600.383 )
885.396: I:49550 (   0.042   0.045 933.375 ) T:3809237 (   0.041   0.044   0.074   1.027 297.471 3600.383 )
895.401: I:20333 (   0.043   0.055 2637.823 ) T:3829570 (   0.041   0.044   0.074   1.027 299.775 3600.383 )
905.396: I:43669 (   0.042   0.045 820.735 ) T:3873239 (   0.041   0.044   0.075   1.027 296.703 3600.383 )
915.396: I:43612 (   0.042   0.045 749.567 ) T:3916851 (   0.041   0.044   0.075   1.027 300.287 3600.383 )
925.397: I:48532 (   0.042   0.045 743.423 ) T:3965383 (   0.041   0.044   0.075   1.026 300.287 3600.383 )
935.510: I:52818 (   0.042   0.045 859.647 ) T:4018201 (   0.041   0.044   0.075   1.026 299.775 3600.383 )
945.403: I:17638 (   0.042   0.045 457.727 ) T:4035839 (   0.041   0.044   0.075   1.026 299.775 3600.383 )
955.403: I:16348 (   0.042   0.048 696.319 ) T:4052187 (   0.041   0.044   0.075   1.027 299.775 3600.383 )
965.404: I:20919 (   0.041   0.047 462.847 ) T:4073106 (   0.041   0.044   0.075   1.027 300.287 3600.383 )
975.403: I:44821 (   0.042   0.045 684.031 ) T:4117927 (   0.041   0.044   0.075   1.027 301.055 3600.383 )
985.405: I:18433 (   0.042   0.045 698.879 ) T:4136360 (   0.041   0.044   0.075   1.027 302.335 3600.383 )
995.403: I:54594 (   0.042   0.044 351.743 ) T:4190954 (   0.041   0.044   0.075   1.027 300.287 3600.383 )
1005.402: I:37517 (   0.042   0.045 555.519 ) T:4228471 (   0.041   0.044   0.075   1.027 301.055 3600.383 )
1015.399: I:43154 (   0.042   0.044 979.967 ) T:4271625 (   0.041   0.044   0.075   1.026 301.055 3600.383 )
1025.395: I:61643 (   0.042   0.045 1132.543 ) T:4333268 (   0.041   0.044   0.075   1.026 297.471 3600.383 )
1035.403: I:31444 (   0.043   0.047 610.303 ) T:4364712 (   0.041   0.044   0.076   1.026 299.775 3600.383 )
1045.397: I:11882 (   0.044   0.101 1544.191 ) T:4376594 (   0.041   0.044   0.078   1.027 300.287 3600.383 )
1055.402: I:16014 (   0.044   0.065 458.751 ) T:4392608 (   0.041   0.044   0.078   1.027 300.287 3600.383 )
1065.398: I:25730 (   0.043   0.049 334.079 ) T:4418338 (   0.041   0.044   0.078   1.027 300.287 3600.383 )
1075.401: I:51042 (   0.042   0.045 1392.639 ) T:4469380 (   0.041   0.044   0.078   1.027 299.775 3600.383 )
1085.398: I:43998 (   0.042   0.045 847.359 ) T:4513378 (   0.041   0.044   0.078   1.027 299.775 3600.383 )
1095.401: I:22522 (   0.042   0.045 801.791 ) T:4535900 (   0.041   0.044   0.078   1.027 300.287 3600.383 )
1105.405: I:14338 (   0.043   0.077 352.255 ) T:4550238 (   0.041   0.044   0.078   1.028 300.287 3600.383 )
1115.399: I:35545 (   0.043   0.047 598.015 ) T:4585783 (   0.041   0.044   0.079   1.028 300.287 3600.383 )
1125.401: I:49875 (   0.042   0.045 872.959 ) T:4635658 (   0.041   0.044   0.079   1.028 299.775 3600.383 )
1135.403: I:31768 (   0.042   0.045 1048.063 ) T:4667426 (   0.041   0.044   0.078   1.028 300.287 3600.383 )
1145.397: I:28466 (   0.042   0.045 727.551 ) T:4695892 (   0.041   0.044   0.078   1.028 300.287 3600.383 )
1155.403: I:39288 (   0.042   0.045 766.975 ) T:4735180 (   0.041   0.044   0.078   1.028 301.055 3600.383 )
1165.396: I:49799 (   0.042   0.045 560.639 ) T:4784979 (   0.041   0.044   0.078   1.027 299.775 3600.383 )
1175.400: I:54641 (   0.042   0.045 897.023 ) T:4839620 (   0.041   0.044   0.078   1.027 297.471 3600.383 )
1185.398: I:55656 (   0.042   0.045 756.735 ) T:4895276 (   0.041   0.044   0.078   1.026 296.703 3600.383 )
1195.404: I:20856 (   0.043   0.062 275.967 ) T:4916132 (   0.041   0.044   0.078   1.027 295.935 3600.383 )
1205.404: I:37589 (   0.042   0.045 1046.015 ) T:4953721 (   0.041   0.044   0.078   1.026 295.679 3600.383 )
1215.402: I:36668 (   0.042   0.045 1725.439 ) T:4990389 (   0.041   0.044   0.078   1.026 294.911 3600.383 )
1225.689: I:53511 (   0.042   0.045 776.191 ) T:5043900 (   0.041   0.044   0.078   1.026 294.911 3600.383 )
1235.400: I:30094 (   0.042   0.045 401.151 ) T:5073994 (   0.041   0.044   0.078   1.026 294.911 3600.383 )
1245.403: I:40827 (   0.042   0.045 1095.679 ) T:5114821 (   0.041   0.044   0.078   1.026 294.143 3600.383 )
1255.402: I:55178 (   0.042   0.045 1025.535 ) T:5169999 (   0.041   0.044   0.078   1.026 294.143 3600.383 )
1265.403: I:41142 (   0.042   0.045 678.399 ) T:5211141 (   0.041   0.044   0.078   1.026 293.887 3600.383 )
1275.402: I:27516 (   0.042   0.045 240.255 ) T:5238657 (   0.041   0.044   0.078   1.026 292.863 3600.383 )
1285.401: I:49445 (   0.042   0.045 785.919 ) T:5288102 (   0.041   0.044   0.078   1.025 293.119 3600.383 )
1295.402: I:49444 (   0.042   0.045 1355.775 ) T:5337546 (   0.041   0.044   0.077   1.025 292.863 3600.383 )
1305.403: I:46149 (   0.042   0.045 621.567 ) T:5383695 (   0.041   0.044   0.077   1.025 292.863 3600.383 )
1315.397: I:52594 (   0.042   0.045 783.871 ) T:5436289 (   0.041   0.044   0.077   1.025 292.351 3600.383 )
1325.401: I:43886 (   0.042   0.045 572.415 ) T:5480175 (   0.041   0.044   0.077   1.024 291.583 3600.383 )
1335.403: I:34771 (   0.043   0.046 1087.487 ) T:5514946 (   0.041   0.045   0.077   1.024 292.863 3600.383 )
1345.402: I:38617 (   0.042   0.045 563.199 ) T:5553563 (   0.041   0.045   0.077   1.024 292.863 3600.383 )
1355.400: I:47136 (   0.042   0.045 954.879 ) T:5600699 (   0.041   0.045   0.077   1.024 292.863 3600.383 )
1365.402: I:38142 (   0.042   0.045 1396.735 ) T:5638841 (   0.041   0.045   0.077   1.024 294.143 3600.383 )
1375.397: I:46328 (   0.042   0.045 966.143 ) T:5685169 (   0.041   0.045   0.077   1.024 294.143 3600.383 )
1385.403: I:44130 (   0.042   0.045 712.191 ) T:5729299 (   0.041   0.045   0.077   1.023 294.143 3600.383 )
1395.402: I:35878 (   0.042   0.045 963.583 ) T:5765177 (   0.041   0.045   0.077   1.024 295.167 3600.383 )
1405.487: I:34706 (   0.042   0.045 366.079 ) T:5799883 (   0.041   0.045   0.077   1.024 294.911 3600.383 )
1415.403: I:40332 (   0.042   0.045 1015.295 ) T:5840215 (   0.041   0.045   0.077   1.023 294.143 3600.383 )
1425.396: I:48136 (   0.042   0.045 596.479 ) T:5888351 (   0.041   0.045   0.077   1.023 294.143 3600.383 )
1435.403: I:37219 (   0.042   0.045 1151.999 ) T:5925570 (   0.041   0.045   0.077   1.023 295.167 3600.383 )
1445.405: I:52861 (   0.042   0.045 814.591 ) T:5978431 (   0.041   0.045   0.077   1.023 295.167 3600.383 )
1455.396: I:39388 (   0.042   0.045 724.991 ) T:6017819 (   0.041   0.045   0.076   1.022 296.191 3600.383 )
1465.396: I:47184 (   0.042   0.044 630.271 ) T:6065003 (   0.041   0.045   0.076   1.022 295.935 3600.383 )
1475.403: I:38068 (   0.042   0.045 112.447 ) T:6103071 (   0.041   0.045   0.076   1.022 295.167 3600.383 )
1485.403: I:38469 (   0.042   0.045 1247.231 ) T:6141540 (   0.041   0.045   0.076   1.022 294.911 3600.383 )
1495.501: I:23253 (   0.042   0.045 2404.351 ) T:6164793 (   0.041   0.045   0.076   1.021 295.167 3600.383 )
1505.400: I:31891 (   0.042   0.045 2172.927 ) T:6196684 (   0.041   0.045   0.076   1.021 295.423 3600.383 )
1515.400: I:42185 (   0.042   0.045 555.519 ) T:6238869 (   0.041   0.045   0.076   1.021 295.167 3600.383 )
1525.400: I:43325 (   0.042   0.045 1071.103 ) T:6282194 (   0.041   0.045   0.076   1.021 295.423 3600.383 )
1535.397: I:24744 (   0.042   0.046 931.839 ) T:6306938 (   0.041   0.045   0.076   1.021 295.679 3600.383 )
1545.403: I:45876 (   0.042   0.045 857.599 ) T:6352814 (   0.041   0.045   0.076   1.020 294.911 3600.383 )
1555.401: I:41312 (   0.042   0.045 524.799 ) T:6394126 (   0.041   0.045   0.076   1.020 294.911 3600.383 )
1565.404: I:20869 (   0.042   0.045 454.399 ) T:6414995 (   0.041   0.045   0.076   1.020 294.911 3600.383 )
1575.400: I:51908 (   0.042   0.045 618.495 ) T:6466903 (   0.041   0.045   0.076   1.020 293.887 3600.383 )
1585.405: I:23955 (   0.042   0.047 1018.879 ) T:6490858 (   0.041   0.045   0.077   1.020 294.911 3600.383 )
1595.398: I:40890 (   0.043   0.046 1032.703 ) T:6531748 (   0.041   0.045   0.077   1.020 295.167 3600.383 )
1605.400: I:46048 (   0.042   0.045 1045.503 ) T:6577796 (   0.041   0.045   0.077   1.020 295.167 3600.383 )
1617.779: I:33390 (   0.042   0.045 856.575 ) T:6611186 (   0.041   0.045   0.077   1.020 294.911 3600.383 )
1625.398: I:38118 (   0.043   0.045 573.951 ) T:6649304 (   0.041   0.045   0.077   1.019 294.143 3600.383 )
1635.396: I:62053 (   0.043   0.045 959.999 ) T:6711357 (   0.041   0.045   0.077   1.019 292.351 3600.383 )
1645.403: I:33514 (   0.042   0.045 1954.815 ) T:6744871 (   0.041   0.045   0.077   1.019 292.863 3600.383 )
1655.396: I:42118 (   0.042   0.045 657.407 ) T:6786989 (   0.041   0.045   0.076   1.019 292.863 3600.383 )
1665.401: I:40056 (   0.042   0.045 785.407 ) T:6827045 (   0.041   0.045   0.076   1.019 293.887 3600.383 )
1675.403: I:18223 (   0.042   0.045 741.375 ) T:6845268 (   0.041   0.045   0.076   1.019 294.911 3600.383 )
1685.404: I:20672 (   0.042   0.045 628.735 ) T:6865940 (   0.041   0.045   0.076   1.019 295.423 3600.383 )
1695.398: I:22667 (   0.042   0.045 601.599 ) T:6888607 (   0.041   0.045   0.076   1.019 295.423 3600.383 )
1705.399: I:45136 (   0.042   0.045 883.711 ) T:6933743 (   0.041   0.045   0.076   1.019 295.423 3600.383 )
1715.403: I:21612 (   0.042   0.045 364.799 ) T:6955355 (   0.041   0.045   0.076   1.019 295.423 3600.383 )
1725.399: I:30022 (   0.042   0.045 708.607 ) T:6985377 (   0.041   0.045   0.076   1.019 295.679 3600.383 )
1735.398: I:39042 (   0.042   0.046 951.807 ) T:7024419 (   0.041   0.045   0.076   1.019 295.423 3600.383 )
1745.401: I:38198 (   0.042   0.045 655.871 ) T:7062617 (   0.041   0.045   0.076   1.019 295.679 3600.383 )
1755.405: I:41232 (   0.042   0.045 1218.559 ) T:7103849 (   0.041   0.045   0.076   1.019 295.679 3600.383 )
1765.403: I:16638 (   0.043   0.071 359.423 ) T:7120487 (   0.041   0.045   0.077   1.019 295.679 3600.383 )
1775.398: I:39057 (   0.042   0.046 810.495 ) T:7159544 (   0.041   0.045   0.077   1.019 295.423 3600.383 )
1785.403: I:32744 (   0.042   0.045 2936.831 ) T:7192288 (   0.041   0.045   0.077   1.019 295.167 3600.383 )
1795.397: I:40800 (   0.042   0.045 694.271 ) T:7233088 (   0.041   0.045   0.077   1.018 294.911 3600.383 )
1805.396: I:55176 (   0.042   0.045 1137.663 ) T:7288264 (   0.041   0.045   0.077   1.018 294.911 3600.383 )
1815.402: I:44222 (   0.042   0.045 837.631 ) T:7332486 (   0.041   0.045   0.077   1.018 294.143 3600.383 )
1825.397: I:43397 (   0.043   0.045 850.431 ) T:7375883 (   0.041   0.045   0.076   1.018 295.167 3600.383 )
1835.402: I:32325 (   0.042   0.045 517.887 ) T:7408208 (   0.041   0.045   0.077   1.018 295.167 3600.383 )
1845.402: I:50935 (   0.042   0.045 538.111 ) T:7459143 (   0.041   0.045   0.076   1.017 295.167 3600.383 )
1855.395: I:45655 (   0.042   0.045 1056.767 ) T:7504798 (   0.041   0.045   0.076   1.017 295.423 3600.383 )
1865.398: I:50539 (   0.042   0.045 493.823 ) T:7555337 (   0.041   0.045   0.076   1.017 295.423 3600.383 )
1875.396: I:34892 (   0.042   0.045 1029.631 ) T:7590229 (   0.041   0.045   0.076   1.017 295.423 3600.383 )
1885.403: I:41402 (   0.042   0.045 915.455 ) T:7631631 (   0.041   0.045   0.076   1.017 295.679 3600.383 )
1895.403: I:40929 (   0.042   0.045 590.335 ) T:7672560 (   0.041   0.045   0.076   1.017 295.423 3600.383 )
1905.397: I:47016 (   0.042   0.045 1273.855 ) T:7719576 (   0.042   0.045   0.076   1.016 295.423 3600.383 )
1915.401: I:43163 (   0.042   0.045 1822.719 ) T:7762739 (   0.042   0.045   0.076   1.016 295.167 3600.383 )
1925.402: I:41925 (   0.042   0.045 1113.087 ) T:7804664 (   0.042   0.045   0.076   1.016 294.911 3600.383 )
1935.403: I:50759 (   0.042   0.045 262.399 ) T:7855423 (   0.042   0.045   0.076   1.016 292.863 3600.383 )
1945.403: I:49129 (   0.042   0.044 815.103 ) T:7904552 (   0.042   0.045   0.076   1.016 293.887 3600.383 )
1955.402: I:47786 (   0.042   0.045 1338.367 ) T:7952338 (   0.042   0.045   0.076   1.015 293.119 3600.383 )
1965.400: I:46488 (   0.042   0.045 740.351 ) T:7998826 (   0.042   0.045   0.076   1.015 292.863 3600.383 )
1975.404: I:28174 (   0.042   0.045 1064.959 ) T:8027000 (   0.042   0.045   0.076   1.015 294.143 3600.383 )
1985.402: I:22844 (   0.042   0.045 479.743 ) T:8049844 (   0.042   0.045   0.076   1.015 295.167 3600.383 )
1995.396: I:52216 (   0.042   0.045 662.527 ) T:8102060 (   0.042   0.045   0.076   1.015 293.887 3600.383 )
2005.400: I:25470 (   0.043   0.046 653.311 ) T:8127530 (   0.042   0.045   0.076   1.015 295.167 3600.383 )
2015.400: I:36965 (   0.042   0.045 645.119 ) T:8164495 (   0.042   0.045   0.076   1.015 295.167 3600.383 )
2025.404: I:28837 (   0.042   0.045 579.583 ) T:8193332 (   0.042   0.045   0.076   1.015 295.423 3600.383 )
2035.401: I:50000 (   0.043   0.046 581.631 ) T:8243332 (   0.042   0.045   0.075   1.015 294.143 3600.383 )
2045.404: I:53775 (   0.042   0.045 1670.143 ) T:8297107 (   0.042   0.045   0.075   1.015 293.119 3600.383 )
2055.401: I:45953 (   0.042   0.045 656.895 ) T:8343060 (   0.042   0.045   0.075   1.015 292.351 3600.383 )
2065.401: I:25552 (   0.043   0.057 395.775 ) T:8368612 (   0.042   0.045   0.076   1.015 292.863 3600.383 )
2075.403: I:47578 (   0.042   0.045 776.191 ) T:8416190 (   0.042   0.045   0.076   1.014 293.887 3600.383 )
2085.402: I:22978 (   0.043   0.046 532.991 ) T:8439168 (   0.042   0.045   0.076   1.015 295.423 3600.383 )
2095.402: I:41516 (   0.043   0.045 1616.895 ) T:8480684 (   0.042   0.045   0.076   1.014 295.423 3600.383 )
2105.397: I:44797 (   0.043   0.046 611.327 ) T:8525481 (   0.042   0.045   0.076   1.014 295.679 3600.383 )
2115.403: I:45458 (   0.043   0.045 795.135 ) T:8570939 (   0.042   0.045   0.075   1.014 295.679 3600.383 )
2125.402: I:37747 (   0.042   0.045 1105.919 ) T:8608686 (   0.042   0.045   0.075   1.014 295.679 3600.383 )
2135.397: I:38445 (   0.042   0.045 523.263 ) T:8647131 (   0.042   0.045   0.075   1.014 295.935 3600.383 )
2145.403: I:43556 (   0.042   0.045 599.039 ) T:8690687 (   0.042   0.045   0.075   1.014 295.679 3600.383 )
2155.400: I:39106 (   0.042   0.046 773.119 ) T:8729793 (   0.042   0.045   0.076   1.014 295.679 3600.383 )
2165.396: I:52819 (   0.042   0.045 564.735 ) T:8782612 (   0.042   0.045   0.076   1.013 295.679 3600.383 )
2175.400: I:67961 (   0.042   0.045 833.535 ) T:8850573 (   0.042   0.045   0.075   1.013 295.423 3600.383 )
2185.401: I:22310 (   0.043   0.061 267.519 ) T:8872883 (   0.042   0.045   0.076   1.013 295.167 3600.383 )
2195.402: I:33744 (   0.042   0.059 409.855 ) T:8906627 (   0.042   0.045   0.076   1.013 294.143 3600.383 )
2205.403: I:23889 (   0.043   0.061 467.967 ) T:8930516 (   0.042   0.045   0.076   1.013 294.911 3600.383 )
2215.400: I:45949 (   0.042   0.045 599.039 ) T:8976465 (   0.042   0.045   0.076   1.013 295.423 3600.383 )
2225.398: I:64081 (   0.042   0.045 766.975 ) T:9040546 (   0.042   0.045   0.076   1.013 293.887 3600.383 )
2235.401: I:53601 (   0.043   0.046 705.023 ) T:9094147 (   0.042   0.045   0.076   1.013 293.887 3600.383 )
2245.400: I:50086 (   0.043   0.046 559.615 ) T:9144233 (   0.042   0.045   0.076   1.013 292.863 3600.383 )
2255.401: I:42649 (   0.043   0.046 743.423 ) T:9186882 (   0.042   0.045   0.076   1.013 293.119 3600.383 )
2265.402: I:53295 (   0.042   0.045 732.159 ) T:9240177 (   0.042   0.045   0.076   1.013 292.863 3600.383 )
2275.401: I:20820 (   0.043   0.062 555.519 ) T:9260997 (   0.042   0.045   0.076   1.013 292.863 3600.383 )
2285.396: I:36929 (   0.043   0.045 515.327 ) T:9297926 (   0.042   0.045   0.076   1.013 294.911 3600.383 )
2295.400: I:28878 (   0.043   0.052 742.911 ) T:9326804 (   0.042   0.045   0.076   1.013 294.911 3600.383 )
2305.402: I:54794 (   0.043   0.046 486.143 ) T:9381598 (   0.042   0.045   0.076   1.013 293.119 3600.383 )
2315.403: I:54509 (   0.043   0.046 1295.359 ) T:9436107 (   0.042   0.045   0.076   1.012 292.863 3600.383 )
2325.396: I:52114 (   0.043   0.045 1395.711 ) T:9488221 (   0.042   0.045   0.076   1.012 292.863 3600.383 )
2335.400: I:27389 (   0.042   0.045 578.559 ) T:9515610 (   0.042   0.045   0.076   1.012 294.143 3600.383 )
2345.396: I:32896 (   0.042   0.045 755.199 ) T:9548506 (   0.042   0.045   0.076   1.012 295.167 3600.383 )
2355.402: I:44294 (   0.042   0.045 1179.647 ) T:9592800 (   0.042   0.045   0.076   1.012 295.167 3600.383 )
2365.396: I:30295 (   0.042   0.045 563.199 ) T:9623095 (   0.042   0.045   0.076   1.012 295.167 3600.383 )
2375.395: I:54210 (   0.042   0.045 1499.135 ) T:9677305 (   0.042   0.045   0.076   1.012 294.911 3600.383 )
2385.395: I:49967 (   0.043   0.046 826.879 ) T:9727272 (   0.042   0.045   0.076   1.012 295.679 3600.383 )
2395.402: I:29839 (   0.042   0.045 3934.207 ) T:9757111 (   0.042   0.045   0.076   1.012 295.423 3934.207 )
2405.405: I:18854 (   0.043   0.061 510.207 ) T:9775965 (   0.042   0.045   0.076   1.012 295.679 3934.207 )
2415.401: I:32372 (   0.042   0.045 862.719 ) T:9808337 (   0.042   0.045   0.076   1.012 295.935 3934.207 )
2425.403: I:38890 (   0.042   0.045 527.359 ) T:9847227 (   0.042   0.045   0.076   1.012 295.679 3934.207 )
2435.404: I:32542 (   0.042   0.045 562.687 ) T:9879769 (   0.042   0.045   0.076   1.012 295.935 3934.207 )
2445.399: I:33625 (   0.043   0.046 563.711 ) T:9913394 (   0.042   0.045   0.076   1.012 295.935 3934.207 )
2455.396: I:49745 (   0.043   0.045 835.583 ) T:9963139 (   0.042   0.045   0.076   1.012 295.679 3934.207 )
2465.404: I:27902 (   0.042   0.047 802.303 ) T:9991041 (   0.042   0.045   0.077   1.012 295.679 3934.207 )
2475.404: I:28313 (   0.042   0.045 440.063 ) T:10019354 (   0.042   0.045   0.077   1.012 295.935 3934.207 )
2485.403: I:32168 (   0.042   0.044 752.639 ) T:10051522 (   0.042   0.045   0.076   1.012 296.191 3934.207 )
2495.403: I:41848 (   0.042   0.044 945.663 ) T:10093370 (   0.042   0.045   0.076   1.011 296.191 3934.207 )
2505.398: I:29678 (   0.042   0.045 1161.215 ) T:10123048 (   0.042   0.045   0.076   1.011 296.191 3934.207 )
2515.405: I:21547 (   0.042   0.045 456.703 ) T:10144595 (   0.042   0.045   0.076   1.012 296.191 3934.207 )
2525.400: I:25676 (   0.042   0.045 1016.319 ) T:10170271 (   0.042   0.045   0.076   1.012 296.191 3934.207 )
2535.401: I:38363 (   0.042   0.045 505.343 ) T:10208634 (   0.042   0.045   0.076   1.011 296.703 3934.207 )
2545.396: I:38536 (   0.042   0.045 599.039 ) T:10247170 (   0.042   0.045   0.076   1.011 297.215 3934.207 )
2555.402: I:46142 (   0.042   0.045 701.439 ) T:10293312 (   0.042   0.045   0.076   1.011 297.215 3934.207 )
2565.395: I:51867 (   0.042   0.045 767.999 ) T:10345179 (   0.042   0.045   0.076   1.011 296.703 3934.207 )
2575.401: I:37075 (   0.042   0.045 1030.143 ) T:10382254 (   0.042   0.045   0.076   1.011 296.703 3934.207 )
2585.400: I:38441 (   0.042   0.045 529.919 ) T:10420695 (   0.042   0.045   0.076   1.011 296.703 3934.207 )
2595.398: I:22031 (   0.042   0.045 421.119 ) T:10442726 (   0.042   0.045   0.076   1.011 296.447 3934.207 )
2605.396: I:52341 (   0.042   0.045 499.199 ) T:10495067 (   0.042   0.045   0.076   1.011 296.703 3934.207 )
2615.402: I:43778 (   0.042   0.045 670.207 ) T:10538845 (   0.042   0.045   0.076   1.010 296.703 3934.207 )
2625.403: I:46979 (   0.042   0.045 1015.295 ) T:10585824 (   0.042   0.045   0.076   1.010 296.959 3934.207 )
2635.401: I:35539 (   0.042   0.045 1972.223 ) T:10621363 (   0.042   0.045   0.076   1.010 296.959 3934.207 )
2645.403: I:52418 (   0.042   0.045 988.159 ) T:10673781 (   0.042   0.045   0.076   1.010 296.703 3934.207 )
2655.404: I:42247 (   0.043   0.046 457.983 ) T:10716028 (   0.042   0.045   0.076   1.010 297.215 3934.207 )
2667.689: I:26148 (   0.043   0.045 1492.991 ) T:10742176 (   0.042   0.045   0.076   1.010 297.215 3934.207 )
2675.402: I:36419 (   0.042   0.045 741.375 ) T:10778595 (   0.042   0.045   0.076   1.009 297.215 3934.207 )
2685.402: I:38305 (   0.042   0.045 1056.767 ) T:10816900 (   0.042   0.045   0.076   1.009 297.471 3934.207 )
2695.405: I:49165 (   0.042   0.045 1331.199 ) T:10866065 (   0.042   0.045   0.076   1.009 297.215 3934.207 )
2705.403: I:54251 (   0.042   0.045 633.855 ) T:10920316 (   0.042   0.045   0.076   1.009 296.959 3934.207 )
2715.404: I:52528 (   0.042   0.045 1677.311 ) T:10972844 (   0.042   0.045   0.076   1.008 296.703 3934.207 )
2725.587: I:44628 (   0.042   0.045 746.495 ) T:11017472 (   0.042   0.045   0.076   1.008 296.447 3934.207 )
2735.398: I:23345 (   0.042   0.045 4444.159 ) T:11040817 (   0.042   0.045   0.076   1.008 296.703 4444.159 )
2745.400: I:37020 (   0.042   0.045 1075.199 ) T:11077837 (   0.042   0.045   0.076   1.008 296.959 4444.159 )
2755.453: I:53204 (   0.042   0.045 482.047 ) T:11131041 (   0.042   0.045   0.076   1.008 296.447 4444.159 )
2765.397: I:46817 (   0.042   0.045 684.031 ) T:11177858 (   0.042   0.045   0.076   1.007 296.703 4444.159 )
2775.403: I:47127 (   0.042   0.045 511.231 ) T:11224985 (   0.042   0.045   0.076   1.007 296.447 4444.159 )
2785.404: I:24391 (   0.042   0.045 1438.719 ) T:11249376 (   0.042   0.045   0.076   1.007 296.703 4444.159 )
2795.401: I:24209 (   0.042   0.045 316.927 ) T:11273585 (   0.042   0.045   0.076   1.007 296.447 4444.159 )
2805.397: I:45738 (   0.042   0.045 465.407 ) T:11319323 (   0.042   0.045   0.076   1.007 296.191 4444.159 )
2815.400: I:54539 (   0.042   0.045 600.575 ) T:11373862 (   0.042   0.045   0.076   1.007 295.935 4444.159 )
2825.403: I:38302 (   0.043   0.045 1528.831 ) T:11412164 (   0.042   0.045   0.076   1.006 296.191 4444.159 )
2835.403: I:45972 (   0.042   0.045 1135.615 ) T:11458136 (   0.042   0.045   0.076   1.006 295.935 4444.159 )
2845.404: I:41492 (   0.043   0.045 612.351 ) T:11499628 (   0.042   0.045   0.076   1.006 295.935 4444.159 )
2855.397: I:42124 (   0.042   0.046 984.575 ) T:11541752 (   0.042   0.045   0.076   1.006 295.679 4444.159 )
2865.402: I:48496 (   0.042   0.045 967.679 ) T:11590248 (   0.042   0.045   0.076   1.005 295.423 4444.159 )
2875.396: I:34183 (   0.043   0.045 1089.535 ) T:11624431 (   0.042   0.045   0.076   1.005 295.679 4444.159 )
2885.404: I:39443 (   0.042   0.045 601.087 ) T:11663874 (   0.042   0.045   0.076   1.005 295.679 4444.159 )
2895.398: I:33375 (   0.042   0.045 596.479 ) T:11697249 (   0.042   0.045   0.076   1.005 295.679 4444.159 )
2905.396: I:43839 (   0.042   0.045 1225.727 ) T:11741088 (   0.042   0.045   0.076   1.005 295.679 4444.159 )
2915.401: I:52887 (   0.042   0.045 734.719 ) T:11793975 (   0.042   0.045   0.076   1.004 295.935 4444.159 )
2925.396: I:46659 (   0.042   0.045 632.319 ) T:11840634 (   0.042   0.045   0.076   1.004 295.679 4444.159 )
2935.403: I:34431 (   0.042   0.045 1838.079 ) T:11875065 (   0.042   0.045   0.076   1.004 295.935 4444.159 )
2945.396: I:42545 (   0.042   0.045 938.495 ) T:11917610 (   0.042   0.045   0.076   1.003 296.191 4444.159 )
2955.399: I:44349 (   0.042   0.045 592.383 ) T:11961959 (   0.042   0.045   0.076   1.003 295.935 4444.159 )
2965.403: I:39867 (   0.042   0.045 1670.143 ) T:12001826 (   0.042   0.045   0.076   1.003 295.935 4444.159 )
2975.397: I:51965 (   0.042   0.045 856.575 ) T:12053791 (   0.042   0.045   0.075   1.003 295.679 4444.159 )
2985.402: I:38763 (   0.042   0.045 689.151 ) T:12092554 (   0.042   0.045   0.075   1.002 295.679 4444.159 )
2995.802: I:49054 (   0.042   0.045 1467.391 ) T:12141608 (   0.042   0.045   0.075   1.002 295.679 4444.159 )
3005.403: I:31291 (   0.042   0.045 1465.343 ) T:12172899 (   0.042   0.045   0.075   1.002 295.679 4444.159 )
3015.400: I:27147 (   0.043   0.045 3602.431 ) T:12200046 (   0.042   0.045   0.075   1.002 295.679 4444.159 )
3025.404: I:30234 (   0.043   0.048 587.263 ) T:12230280 (   0.042   0.045   0.075   1.002 295.679 4444.159 )
3035.403: I:38376 (   0.042   0.045 716.287 ) T:12268656 (   0.042   0.045   0.075   1.002 295.679 4444.159 )
3045.403: I:49720 (   0.042   0.045 1387.519 ) T:12318376 (   0.042   0.045   0.075   1.001 295.679 4444.159 )
3055.403: I:35036 (   0.042   0.045 785.407 ) T:12353412 (   0.042   0.045   0.075   1.001 295.423 4444.159 )
3065.405: I:37075 (   0.043   0.046 619.519 ) T:12390487 (   0.042   0.045   0.075   1.001 295.423 4444.159 )
3075.403: I:51242 (   0.042   0.045 589.311 ) T:12441729 (   0.042   0.045   0.075   1.001 294.911 4444.159 )
3085.401: I:52351 (   0.042   0.045 780.799 ) T:12494080 (   0.042   0.045   0.075   1.000 295.423 4444.159 )
3095.397: I:18139 (   0.042   0.045 427.519 ) T:12512219 (   0.042   0.045   0.075   1.000 295.679 4444.159 )
3105.402: I:48461 (   0.042   0.045 804.863 ) T:12560680 (   0.042   0.045   0.075   1.000 295.679 4444.159 )
3115.403: I:23495 (   0.042   0.047 400.639 ) T:12584175 (   0.042   0.045   0.076   1.000 295.935 4444.159 )
3125.403: I:27605 (   0.042   0.045 560.127 ) T:12611780 (   0.042   0.045   0.076   1.000 296.191 4444.159 )
3135.402: I:50849 (   0.042   0.045 718.335 ) T:12662629 (   0.042   0.045   0.076   1.000 296.191 4444.159 )
3145.401: I:40002 (   0.042   0.045 881.663 ) T:12702631 (   0.042   0.045   0.075   1.000 296.191 4444.159 )
3155.404: I:31884 (   0.042   0.045 658.943 ) T:12734515 (   0.042   0.045   0.075   0.999 296.191 4444.159 )
3165.396: I:31405 (   0.042   0.045 817.151 ) T:12765920 (   0.042   0.045   0.075   0.999 296.447 4444.159 )
3175.398: I:46267 (   0.042   0.045 583.679 ) T:12812187 (   0.042   0.045   0.075   0.999 296.447 4444.159 )
3185.402: I:54310 (   0.042   0.045 471.039 ) T:12866497 (   0.042   0.045   0.075   0.999 296.191 4444.159 )
3195.397: I:37274 (   0.042   0.045 1454.079 ) T:12903771 (   0.042   0.045   0.075   0.998 296.191 4444.159 )
3205.396: I:53884 (   0.042   0.045 572.415 ) T:12957655 (   0.042   0.045   0.075   0.998 296.191 4444.159 )
3215.403: I:51408 (   0.042   0.045 569.343 ) T:13009063 (   0.042   0.045   0.075   0.997 296.191 4444.159 )
3225.405: I:20843 (   0.043   0.064 393.471 ) T:13029906 (   0.042   0.045   0.075   0.997 295.935 4444.159 )
3235.400: I:22927 (   0.043   0.062 1560.575 ) T:13052833 (   0.042   0.045   0.076   0.997 295.935 4444.159 )
3245.401: I:47808 (   0.042   0.045 926.207 ) T:13100641 (   0.042   0.045   0.076   0.997 295.935 4444.159 )
3255.403: I:42346 (   0.043   0.045 1011.199 ) T:13142987 (   0.042   0.045   0.076   0.997 295.935 4444.159 )
3265.398: I:21526 (   0.042   0.047 498.175 ) T:13164513 (   0.042   0.045   0.076   0.997 295.935 4444.159 )
3275.627: I:49522 (   0.042   0.045 728.063 ) T:13214035 (   0.042   0.045   0.076   0.996 295.935 4444.159 )
3285.397: I:55540 (   0.043   0.045 654.335 ) T:13269575 (   0.042   0.045   0.076   0.996 295.679 4444.159 )
3295.401: I:46299 (   0.043   0.045 1907.711 ) T:13315874 (   0.042   0.045   0.076   0.995 295.679 4444.159 )
3298.902: I:17458 (   0.042   0.045 301.055 ) T:13333332 (   0.042   0.045   0.076   0.995 295.679 4444.159 )
3298.948: I:0 (   0.000   0.000   0.000 ) T:13333332 (   0.042   0.045   0.076   0.995 295.679 4444.159 )
