#[Interval percentile log between 0.000 and <Infinite> seconds (relative to StartTime)]
#[StartTime: 1524776581.795 (seconds since epoch), Thu Apr 26 23:03:01 CEST 2018]
Time: IntervalPercentiles:count ( 50% 90% Max ) TotalPercentiles:count ( 50% 90% 99% 99.9% 99.99% Max )
5.434: I:2566 (   0.093   0.255 165.119 ) T:2566 (   0.093   0.255   1.081 163.455 165.119 165.119 )
15.413: I:8592 (   0.043   0.083 403.455 ) T:11158 (   0.051   0.119   0.467 164.991 325.631 403.455 )
25.406: I:18207 (   0.034   0.048 919.039 ) T:29365 (   0.034   0.081   0.270 125.119 325.631 919.039 )
35.404: I:29072 (   0.034   0.037 880.639 ) T:58437 (   0.034   0.060   0.182  93.951 403.455 919.039 )
45.405: I:28293 (   0.034   0.036 367.359 ) T:86730 (   0.034   0.050   0.150  15.087 325.631 919.039 )
55.405: I:38740 (   0.034   0.036 900.095 ) T:125470 (   0.034   0.041   0.123   0.666 306.175 919.039 )
65.403: I:30628 (   0.034   0.036  20.031 ) T:156098 (   0.034   0.038   0.107   0.556 283.391 919.039 )
75.400: I:33012 (   0.034   0.037 383.999 ) T:189110 (   0.034   0.038   0.098   0.476 260.607 919.039 )
85.405: I:25963 (   0.034   0.037 204.799 ) T:215073 (   0.034   0.038   0.093   0.435 229.631 919.039 )
95.408: I:20414 (   0.034   0.049 300.799 ) T:235487 (   0.034   0.038   0.091   0.422 254.463 919.039 )
105.399: I:36682 (   0.034   0.036 622.079 ) T:272169 (   0.034   0.037   0.087   0.381 254.463 919.039 )
115.403: I:35217 (   0.034   0.036 586.239 ) T:307386 (   0.034   0.037   0.086   0.352 241.151 919.039 )
125.405: I:33637 (   0.034   0.036 523.519 ) T:341023 (   0.034   0.037   0.085   0.324 229.631 919.039 )
135.403: I:26876 (   0.034   0.036 784.383 ) T:367899 (   0.034   0.037   0.084   0.312 243.327 919.039 )
145.403: I:33367 (   0.034   0.036 839.167 ) T:401266 (   0.034   0.037   0.083   0.294 241.151 919.039 )
155.399: I:31418 (   0.034   0.036 449.023 ) T:432684 (   0.034   0.037   0.083   0.283 241.151 919.039 )
165.405: I:29896 (   0.035   0.037 764.415 ) T:462580 (   0.034   0.037   0.082   0.267 243.327 919.039 )
175.403: I:40644 (   0.035   0.037 727.551 ) T:503224 (   0.034   0.037   0.081   0.247 241.151 919.039 )
185.401: I:38389 (   0.035   0.037 830.463 ) T:541613 (   0.034   0.037   0.081   0.232 229.631 919.039 )
195.403: I:31213 (   0.035   0.037 324.095 ) T:572826 (   0.035   0.037   0.080   0.224 225.023 919.039 )
205.398: I:41913 (   0.035   0.037  17.423 ) T:614739 (   0.035   0.037   0.079   0.215 209.535 919.039 )
215.399: I:38775 (   0.036   0.037 819.199 ) T:653514 (   0.035   0.037   0.079   0.209 205.055 919.039 )
225.405: I:36821 (   0.036   0.038 432.127 ) T:690335 (   0.035   0.037   0.078   0.204 198.271 919.039 )
235.405: I:32637 (   0.036   0.038 921.599 ) T:722972 (   0.035   0.037   0.078   0.201 199.167 921.599 )
245.401: I:36770 (   0.036   0.038  20.463 ) T:759742 (   0.035   0.037   0.078   0.197 196.991 921.599 )
255.406: I:32461 (   0.036   0.037 796.159 ) T:792203 (   0.035   0.037   0.077   0.195 195.071 921.599 )
265.400: I:38466 (   0.036   0.037 248.319 ) T:830669 (   0.035   0.037   0.076   0.191 189.439 921.599 )
275.399: I:21114 (   0.036   0.038 499.455 ) T:851783 (   0.035   0.037   0.076   0.190 194.431 921.599 )
285.402: I:29748 (   0.036   0.037 760.319 ) T:881531 (   0.035   0.037   0.076   0.189 197.119 921.599 )
295.405: I:33248 (   0.036   0.037 1332.223 ) T:914779 (   0.035   0.037   0.075   0.186 199.167 1332.223 )
305.401: I:34732 (   0.036   0.037 536.575 ) T:949511 (   0.035   0.037   0.075   0.183 198.271 1332.223 )
315.400: I:35592 (   0.036   0.037 1710.079 ) T:985103 (   0.035   0.037   0.075   0.182 195.071 1710.079 )
325.400: I:38127 (   0.036   0.037 338.687 ) T:1023230 (   0.035   0.037   0.075   0.177 194.431 1710.079 )
335.404: I:38935 (   0.036   0.037 351.999 ) T:1062165 (   0.035   0.037   0.074   0.174 194.175 1710.079 )
345.402: I:35652 (   0.036   0.038 446.975 ) T:1097817 (   0.035   0.037   0.074   0.172 194.175 1710.079 )
355.399: I:47866 (   0.036   0.037  32.031 ) T:1145683 (   0.035   0.037   0.073   0.168 184.319 1710.079 )
365.405: I:21355 (   0.036   0.038 501.247 ) T:1167038 (   0.035   0.037   0.073   0.168 189.439 1710.079 )
375.401: I:20760 (   0.036   0.037 316.671 ) T:1187798 (   0.035   0.037   0.073   0.168 196.991 1710.079 )
385.401: I:40044 (   0.036   0.037  88.447 ) T:1227842 (   0.035   0.037   0.072   0.165 194.175 1710.079 )
395.406: I:23361 (   0.036   0.037 396.543 ) T:1251203 (   0.035   0.037   0.072   0.165 196.991 1710.079 )
405.406: I:44760 (   0.036   0.037 461.567 ) T:1295963 (   0.035   0.037   0.071   0.162 194.431 1710.079 )
415.399: I:41943 (   0.036   0.038 268.287 ) T:1337906 (   0.035   0.037   0.071   0.160 193.151 1710.079 )
425.399: I:32153 (   0.036   0.037 2174.975 ) T:1370059 (   0.035   0.037   0.070   0.159 184.831 2174.975 )
435.406: I:21320 (   0.036   0.038 649.727 ) T:1391379 (   0.035   0.037   0.070   0.158 193.151 2174.975 )
445.399: I:40599 (   0.036   0.037 284.927 ) T:1431978 (   0.035   0.037   0.070   0.157 193.151 2174.975 )
455.402: I:42455 (   0.036   0.037 308.991 ) T:1474433 (   0.035   0.037   0.069   0.155 188.287 2174.975 )
465.399: I:30925 (   0.036   0.038 1064.959 ) T:1505358 (   0.035   0.037   0.069   0.154 184.319 2174.975 )
475.404: I:30593 (   0.037   0.039 2543.615 ) T:1535951 (   0.035   0.037   0.069   0.153 184.831 2543.615 )
485.405: I:33415 (   0.037   0.038 527.871 ) T:1569366 (   0.035   0.037   0.069   0.152 194.175 2543.615 )
495.403: I:35669 (   0.037   0.038 976.895 ) T:1605035 (   0.036   0.038   0.068   0.152 193.151 2543.615 )
505.405: I:35167 (   0.037   0.039 305.407 ) T:1640202 (   0.036   0.038   0.068   0.151 184.831 2543.615 )
515.399: I:27748 (   0.037   0.038 668.671 ) T:1667950 (   0.036   0.038   0.068   0.150 193.151 2543.615 )
525.405: I:25378 (   0.037   0.038 201.855 ) T:1693328 (   0.036   0.038   0.068   0.150 188.287 2543.615 )
535.398: I:48952 (   0.037   0.038   0.172 ) T:1742280 (   0.036   0.038   0.067   0.148 183.935 2543.615 )
545.403: I:33497 (   0.037   0.038 423.935 ) T:1775777 (   0.036   0.038   0.067   0.147 182.655 2543.615 )
555.402: I:37904 (   0.037   0.038 584.191 ) T:1813681 (   0.036   0.038   0.067   0.146 181.631 2543.615 )
565.401: I:38804 (   0.037   0.038 508.927 ) T:1852485 (   0.036   0.038   0.066   0.145 181.375 2543.615 )
575.405: I:36920 (   0.037   0.039 670.719 ) T:1889405 (   0.036   0.038   0.066   0.145 181.375 2543.615 )
585.405: I:20272 (   0.038   0.039 630.271 ) T:1909677 (   0.036   0.038   0.066   0.144 181.631 2543.615 )
595.399: I:36812 (   0.037   0.039 387.327 ) T:1946489 (   0.036   0.038   0.066   0.144 182.655 2543.615 )
605.421: I:31628 (   0.037   0.039 702.463 ) T:1978117 (   0.036   0.038   0.066   0.143 183.935 2543.615 )
615.399: I:31570 (   0.038   0.040 712.703 ) T:2009687 (   0.036   0.038   0.066   0.143 183.679 2543.615 )
625.402: I:37577 (   0.038   0.039 373.247 ) T:2047264 (   0.036   0.038   0.066   0.142 182.655 2543.615 )
635.404: I:22868 (   0.038   0.039 400.383 ) T:2070132 (   0.036   0.038   0.066   0.142 184.319 2543.615 )
645.403: I:30235 (   0.038   0.039 702.463 ) T:2100367 (   0.036   0.038   0.066   0.141 184.319 2543.615 )
655.407: I:33209 (   0.038   0.040 212.607 ) T:2133576 (   0.036   0.038   0.066   0.141 183.935 2543.615 )
665.403: I:33622 (   0.038   0.040 945.663 ) T:2167198 (   0.036   0.038   0.065   0.140 184.191 2543.615 )
675.406: I:37798 (   0.038   0.039 571.391 ) T:2204996 (   0.036   0.038   0.065   0.140 183.935 2543.615 )
685.436: I:38049 (   0.038   0.039 707.583 ) T:2243045 (   0.036   0.038   0.065   0.139 184.319 2543.615 )
695.405: I:26837 (   0.038   0.039 738.815 ) T:2269882 (   0.036   0.038   0.065   0.139 184.319 2543.615 )
705.399: I:18171 (   0.038   0.039 295.935 ) T:2288053 (   0.036   0.038   0.065   0.139 188.287 2543.615 )
715.399: I:26216 (   0.038   0.040 462.079 ) T:2314269 (   0.036   0.038   0.065   0.138 194.175 2543.615 )
725.403: I:28953 (   0.038   0.039 1529.855 ) T:2343222 (   0.036   0.038   0.065   0.138 194.431 2543.615 )
735.403: I:39668 (   0.038   0.039 411.903 ) T:2382890 (   0.036   0.038   0.065   0.137 194.431 2543.615 )
745.405: I:33269 (   0.038   0.039 350.719 ) T:2416159 (   0.036   0.038   0.065   0.137 194.431 2543.615 )
755.405: I:27367 (   0.038   0.039 822.271 ) T:2443526 (   0.036   0.038   0.065   0.137 195.071 2543.615 )
765.407: I:13497 (   0.038   0.056 1431.551 ) T:2457023 (   0.036   0.039   0.065   0.137 197.119 2543.615 )
775.398: I:33936 (   0.038   0.040 336.383 ) T:2490959 (   0.036   0.039   0.065   0.137 197.119 2543.615 )
785.404: I:35785 (   0.038   0.039   0.257 ) T:2526744 (   0.036   0.039   0.065   0.136 195.327 2543.615 )
795.430: I:32955 (   0.038   0.039 659.455 ) T:2559699 (   0.036   0.039   0.065   0.136 195.327 2543.615 )
805.405: I:44723 (   0.038   0.039 781.823 ) T:2604422 (   0.036   0.039   0.065   0.135 194.559 2543.615 )
815.400: I:35554 (   0.038   0.040 319.231 ) T:2639976 (   0.036   0.039   0.065   0.134 194.431 2543.615 )
825.398: I:38581 (   0.038   0.039 702.463 ) T:2678557 (   0.036   0.039   0.065   0.134 194.431 2543.615 )
835.399: I:21314 (   0.038   0.040 2181.119 ) T:2699871 (   0.036   0.039   0.065   0.134 194.815 2543.615 )
845.405: I:22266 (   0.038   0.039 2351.103 ) T:2722137 (   0.036   0.039   0.065   0.133 194.559 2543.615 )
855.399: I:30878 (   0.038   0.039 724.991 ) T:2753015 (   0.036   0.039   0.064   0.133 195.327 2543.615 )
865.398: I:39396 (   0.038   0.039 575.487 ) T:2792411 (   0.037   0.039   0.064   0.133 194.559 2543.615 )
875.399: I:27311 (   0.038   0.039 339.967 ) T:2819722 (   0.037   0.039   0.065   0.133 194.431 2543.615 )
885.398: I:37173 (   0.038   0.039 432.639 ) T:2856895 (   0.037   0.039   0.064   0.132 194.175 2543.615 )
895.401: I:15283 (   0.038   0.048 785.407 ) T:2872178 (   0.037   0.039   0.065   0.132 194.431 2543.615 )
905.398: I:32720 (   0.038   0.039 736.255 ) T:2904898 (   0.037   0.039   0.065   0.132 194.431 2543.615 )
915.398: I:32705 (   0.038   0.039 486.655 ) T:2937603 (   0.037   0.039   0.065   0.131 194.431 2543.615 )
925.399: I:36397 (   0.037   0.039 818.175 ) T:2974000 (   0.037   0.039   0.065   0.131 194.431 2543.615 )
935.512: I:39618 (   0.037   0.039 651.775 ) T:3013618 (   0.037   0.039   0.065   0.131 194.175 2543.615 )
945.405: I:13261 (   0.037   0.039 317.951 ) T:3026879 (   0.037   0.039   0.065   0.131 195.071 2543.615 )
955.404: I:12263 (   0.038   0.042 297.727 ) T:3039142 (   0.037   0.039   0.066   0.131 196.991 2543.615 )
965.405: I:15689 (   0.038   0.041 1057.791 ) T:3054831 (   0.037   0.039   0.066   0.131 197.119 2543.615 )
975.406: I:33614 (   0.037   0.039 624.639 ) T:3088445 (   0.037   0.039   0.066   0.131 197.119 2543.615 )
985.406: I:13825 (   0.037   0.039 308.223 ) T:3102270 (   0.037   0.039   0.066   0.131 198.271 2543.615 )
995.405: I:40946 (   0.037   0.039 596.479 ) T:3143216 (   0.037   0.039   0.066   0.131 199.039 2543.615 )
1005.404: I:28137 (   0.037   0.039 1507.327 ) T:3171353 (   0.037   0.039   0.066   0.130 200.575 2543.615 )
1015.402: I:32367 (   0.037   0.039 184.575 ) T:3203720 (   0.037   0.039   0.066   0.130 198.271 2543.615 )
1025.398: I:46202 (   0.038   0.039 223.487 ) T:3249922 (   0.037   0.039   0.066   0.129 197.119 2543.615 )
1035.405: I:23584 (   0.038   0.041 357.887 ) T:3273506 (   0.037   0.039   0.066   0.129 197.375 2543.615 )
1045.399: I:8899 (   0.039   0.092 270.847 ) T:3282405 (   0.037   0.039   0.069   0.130 199.167 2543.615 )
1055.403: I:12052 (   0.039   0.057 287.999 ) T:3294457 (   0.037   0.039   0.070   0.131 201.855 2543.615 )
1065.399: I:19257 (   0.038   0.043 532.479 ) T:3313714 (   0.037   0.039   0.070   0.131 203.263 2543.615 )
1075.403: I:38322 (   0.038   0.039 114.943 ) T:3352036 (   0.037   0.039   0.070   0.130 200.447 2543.615 )
1085.400: I:32998 (   0.038   0.039 239.999 ) T:3385034 (   0.037   0.039   0.070   0.130 199.167 2543.615 )
1095.403: I:16893 (   0.038   0.039 285.951 ) T:3401927 (   0.037   0.039   0.070   0.130 201.727 2543.615 )
1105.406: I:10752 (   0.039   0.070 1319.935 ) T:3412679 (   0.037   0.039   0.071   0.131 203.519 2543.615 )
1115.402: I:26659 (   0.038   0.041 338.943 ) T:3439338 (   0.037   0.039   0.071   0.130 203.775 2543.615 )
1125.403: I:37407 (   0.038   0.039 295.423 ) T:3476745 (   0.037   0.039   0.071   0.130 203.263 2543.615 )
1135.405: I:23826 (   0.038   0.039 558.079 ) T:3500571 (   0.037   0.039   0.071   0.130 203.775 2543.615 )
1145.399: I:21313 (   0.038   0.039 299.775 ) T:3521884 (   0.037   0.039   0.071   0.130 204.671 2543.615 )
1155.402: I:29462 (   0.038   0.039 942.591 ) T:3551346 (   0.037   0.039   0.071   0.130 204.671 2543.615 )
1165.398: I:37353 (   0.038   0.039 774.143 ) T:3588699 (   0.037   0.039   0.071   0.130 204.799 2543.615 )
1175.403: I:41017 (   0.038   0.039   0.218 ) T:3629716 (   0.037   0.039   0.070   0.129 203.775 2543.615 )
1185.400: I:41742 (   0.038   0.039 1733.631 ) T:3671458 (   0.037   0.039   0.070   0.128 201.855 2543.615 )
1195.405: I:15643 (   0.038   0.055 865.791 ) T:3687101 (   0.037   0.039   0.070   0.129 203.519 2543.615 )
1205.406: I:28191 (   0.037   0.039 435.711 ) T:3715292 (   0.037   0.039   0.070   0.129 203.775 2543.615 )
1215.404: I:27501 (   0.038   0.039 2351.103 ) T:3742793 (   0.037   0.039   0.070   0.128 204.543 2543.615 )
1225.691: I:40098 (   0.038   0.039 1056.767 ) T:3782891 (   0.037   0.039   0.070   0.128 203.775 2543.615 )
1235.402: I:22605 (   0.038   0.039 737.791 ) T:3805496 (   0.037   0.039   0.070   0.128 204.799 2543.615 )
1245.405: I:30621 (   0.038   0.039 316.415 ) T:3836117 (   0.037   0.039   0.070   0.128 204.799 2543.615 )
1255.405: I:41383 (   0.038   0.039 111.359 ) T:3877500 (   0.037   0.039   0.070   0.127 203.775 2543.615 )
1265.405: I:30857 (   0.038   0.039 847.871 ) T:3908357 (   0.037   0.039   0.070   0.127 204.543 2543.615 )
1275.404: I:20637 (   0.038   0.039 888.319 ) T:3928994 (   0.037   0.039   0.070   0.127 205.055 2543.615 )
1285.404: I:37083 (   0.038   0.039 621.055 ) T:3966077 (   0.037   0.039   0.070   0.127 204.927 2543.615 )
1295.404: I:37084 (   0.038   0.039 911.871 ) T:4003161 (   0.037   0.039   0.070   0.127 204.799 2543.615 )
1305.405: I:34610 (   0.038   0.039 713.727 ) T:4037771 (   0.037   0.039   0.069   0.126 204.799 2543.615 )
1315.399: I:39406 (   0.038   0.039 705.535 ) T:4077177 (   0.037   0.039   0.069   0.126 205.055 2543.615 )
1325.403: I:32955 (   0.038   0.039 948.735 ) T:4110132 (   0.037   0.039   0.069   0.126 205.055 2543.615 )
1335.405: I:26078 (   0.038   0.040 302.079 ) T:4136210 (   0.037   0.039   0.069   0.126 205.055 2543.615 )
1345.404: I:28963 (   0.038   0.040 570.879 ) T:4165173 (   0.037   0.039   0.069   0.126 207.231 2543.615 )
1355.403: I:35353 (   0.038   0.039 308.991 ) T:4200526 (   0.037   0.039   0.069   0.126 205.055 2543.615 )
1365.405: I:28606 (   0.038   0.039 391.935 ) T:4229132 (   0.037   0.039   0.069   0.126 206.975 2543.615 )
1375.399: I:34710 (   0.038   0.039 325.887 ) T:4263842 (   0.037   0.039   0.069   0.125 206.975 2543.615 )
1385.405: I:33134 (   0.038   0.040 644.095 ) T:4296976 (   0.037   0.039   0.069   0.125 207.231 2543.615 )
1395.405: I:26907 (   0.038   0.039 294.399 ) T:4323883 (   0.037   0.039   0.069   0.125 206.847 2543.615 )
1405.489: I:25994 (   0.037   0.039 1034.751 ) T:4349877 (   0.037   0.039   0.069   0.125 207.359 2543.615 )
1415.405: I:30284 (   0.037   0.039 355.327 ) T:4380161 (   0.037   0.039   0.069   0.125 208.127 2543.615 )
1425.398: I:36069 (   0.038   0.039 917.503 ) T:4416230 (   0.037   0.039   0.069   0.125 208.255 2543.615 )
1435.405: I:27949 (   0.038   0.039 975.871 ) T:4444179 (   0.037   0.039   0.068   0.125 208.127 2543.615 )
1445.407: I:39645 (   0.038   0.039 478.207 ) T:4483824 (   0.037   0.039   0.068   0.125 207.359 2543.615 )
1455.398: I:29509 (   0.038   0.039 441.855 ) T:4513333 (   0.037   0.039   0.068   0.125 207.359 2543.615 )
1465.398: I:35386 (   0.038   0.039 666.623 ) T:4548719 (   0.037   0.039   0.068   0.125 208.127 2543.615 )
1475.404: I:28585 (   0.038   0.039 4065.279 ) T:4577304 (   0.037   0.039   0.068   0.124 207.359 4065.279 )
1485.405: I:28853 (   0.038   0.039 609.791 ) T:4606157 (   0.037   0.039   0.068   0.124 207.359 4065.279 )
1495.503: I:17439 (   0.038   0.040 629.759 ) T:4623596 (   0.037   0.039   0.068   0.124 207.231 4065.279 )
1505.404: I:23918 (   0.038   0.040   0.204 ) T:4647514 (   0.037   0.039   0.068   0.124 206.975 4065.279 )
1515.402: I:31639 (   0.038   0.040 790.527 ) T:4679153 (   0.037   0.039   0.068   0.124 207.231 4065.279 )
1525.400: I:32493 (   0.038   0.040 458.239 ) T:4711646 (   0.037   0.039   0.068   0.124 206.847 4065.279 )
1535.399: I:18521 (   0.038   0.040 522.751 ) T:4730167 (   0.037   0.039   0.068   0.124 206.975 4065.279 )
1545.405: I:34444 (   0.038   0.040 1299.455 ) T:4764611 (   0.037   0.039   0.068   0.124 207.231 4065.279 )
1555.404: I:30984 (   0.038   0.040 740.863 ) T:4795595 (   0.037   0.039   0.068   0.124 207.359 4065.279 )
1565.406: I:15649 (   0.038   0.040 565.759 ) T:4811244 (   0.037   0.039   0.068   0.124 209.279 4065.279 )
1575.402: I:38934 (   0.038   0.040 491.775 ) T:4850178 (   0.037   0.039   0.068   0.124 209.535 4065.279 )
1585.406: I:17966 (   0.038   0.040 312.831 ) T:4868144 (   0.037   0.039   0.069   0.124 209.919 4065.279 )
1595.399: I:30629 (   0.038   0.040 370.175 ) T:4898773 (   0.037   0.039   0.069   0.124 209.535 4065.279 )
1605.402: I:34576 (   0.038   0.040 565.247 ) T:4933349 (   0.037   0.039   0.069   0.124 209.279 4065.279 )
1617.780: I:25041 (   0.038   0.040 187.647 ) T:4958390 (   0.037   0.039   0.069   0.124 208.255 4065.279 )
1625.399: I:28548 (   0.038   0.040 4825.087 ) T:4986938 (   0.037   0.039   0.069   0.124 208.255 4825.087 )
1635.398: I:46545 (   0.038   0.040 184.319 ) T:5033483 (   0.037   0.039   0.069   0.124 207.231 4825.087 )
1645.405: I:25171 (   0.038   0.040 432.127 ) T:5058654 (   0.037   0.039   0.068   0.124 207.359 4825.087 )
1655.398: I:31554 (   0.038   0.039 826.367 ) T:5090208 (   0.037   0.039   0.068   0.124 207.359 4825.087 )
1665.404: I:30077 (   0.038   0.040 334.335 ) T:5120285 (   0.037   0.039   0.068   0.123 207.359 4825.087 )
1675.405: I:13667 (   0.038   0.039 453.887 ) T:5133952 (   0.037   0.039   0.068   0.124 208.255 4825.087 )
1685.405: I:15505 (   0.038   0.039 477.183 ) T:5149457 (   0.037   0.039   0.068   0.124 209.535 4825.087 )
1695.399: I:16958 (   0.038   0.040 473.343 ) T:5166415 (   0.037   0.039   0.068   0.124 209.919 4825.087 )
1705.401: I:33893 (   0.038   0.039 448.511 ) T:5200308 (   0.037   0.039   0.068   0.124 209.535 4825.087 )
1715.405: I:16209 (   0.038   0.039 972.287 ) T:5216517 (   0.037   0.039   0.068   0.124 212.479 4825.087 )
1725.400: I:22483 (   0.038   0.040 320.255 ) T:5239000 (   0.037   0.039   0.068   0.124 213.759 4825.087 )
1735.399: I:29277 (   0.038   0.040 509.951 ) T:5268277 (   0.037   0.039   0.068   0.124 213.759 4825.087 )
1745.402: I:28651 (   0.038   0.039 1132.543 ) T:5296928 (   0.037   0.039   0.068   0.123 214.527 4825.087 )
1755.405: I:30959 (   0.038   0.040 592.383 ) T:5327887 (   0.037   0.039   0.068   0.123 214.527 4825.087 )
1765.404: I:12478 (   0.038   0.064 619.519 ) T:5340365 (   0.037   0.039   0.069   0.124 215.295 4825.087 )
1775.399: I:29252 (   0.038   0.040 1724.415 ) T:5369617 (   0.037   0.039   0.069   0.124 215.679 4825.087 )
1785.405: I:24599 (   0.038   0.040 990.207 ) T:5394216 (   0.037   0.039   0.069   0.123 215.295 4825.087 )
1795.399: I:30562 (   0.038   0.039 782.335 ) T:5424778 (   0.037   0.039   0.069   0.123 216.063 4825.087 )
1805.398: I:41388 (   0.038   0.040 424.191 ) T:5466166 (   0.037   0.039   0.069   0.123 216.063 4825.087 )
1815.404: I:33199 (   0.038   0.040 561.151 ) T:5499365 (   0.037   0.039   0.069   0.123 216.063 4825.087 )
1825.399: I:32512 (   0.038   0.040 1016.319 ) T:5531877 (   0.037   0.039   0.069   0.123 215.807 4825.087 )
1835.404: I:24279 (   0.038   0.040 956.927 ) T:5556156 (   0.037   0.039   0.069   0.123 215.807 4825.087 )
1845.405: I:38202 (   0.038   0.040 517.887 ) T:5594358 (   0.037   0.039   0.069   0.123 215.679 4825.087 )
1855.398: I:34210 (   0.038   0.040 491.007 ) T:5628568 (   0.037   0.039   0.069   0.123 215.295 4825.087 )
1865.399: I:37935 (   0.038   0.039 537.087 ) T:5666503 (   0.037   0.039   0.068   0.123 215.295 4825.087 )
1875.398: I:26134 (   0.038   0.040 387.839 ) T:5692637 (   0.037   0.039   0.068   0.123 215.295 4825.087 )
1885.405: I:31087 (   0.038   0.040 517.375 ) T:5723724 (   0.037   0.039   0.068   0.123 214.527 4825.087 )
1895.405: I:30696 (   0.038   0.039 298.751 ) T:5754420 (   0.037   0.039   0.068   0.123 215.295 4825.087 )
1905.399: I:35223 (   0.038   0.039 807.935 ) T:5789643 (   0.037   0.039   0.068   0.123 215.295 4825.087 )
1915.403: I:32413 (   0.038   0.039 485.375 ) T:5822056 (   0.037   0.039   0.068   0.123 215.039 4825.087 )
1925.404: I:31442 (   0.038   0.040 686.079 ) T:5853498 (   0.037   0.039   0.068   0.123 215.039 4825.087 )
1935.405: I:38070 (   0.038   0.040 794.111 ) T:5891568 (   0.037   0.039   0.068   0.122 215.679 4825.087 )
1945.405: I:36847 (   0.038   0.039 301.311 ) T:5928415 (   0.037   0.039   0.068   0.122 215.295 4825.087 )
1955.405: I:35840 (   0.038   0.040 184.447 ) T:5964255 (   0.037   0.039   0.067   0.122 214.527 4825.087 )
1965.403: I:34866 (   0.038   0.039 641.023 ) T:5999121 (   0.037   0.039   0.068   0.122 215.039 4825.087 )
1975.406: I:21129 (   0.038   0.039 329.983 ) T:6020250 (   0.037   0.039   0.067   0.122 214.527 4825.087 )
1985.404: I:17135 (   0.038   0.039 1709.055 ) T:6037385 (   0.037   0.039   0.067   0.122 215.679 4825.087 )
1995.398: I:39126 (   0.038   0.040 606.719 ) T:6076511 (   0.037   0.039   0.067   0.122 215.679 4825.087 )
2005.402: I:19137 (   0.038   0.040 445.183 ) T:6095648 (   0.037   0.039   0.067   0.122 215.679 4825.087 )
2015.402: I:27724 (   0.038   0.040 741.887 ) T:6123372 (   0.037   0.039   0.067   0.122 215.679 4825.087 )
2025.406: I:21628 (   0.038   0.040 1002.495 ) T:6145000 (   0.037   0.039   0.067   0.122 215.807 4825.087 )
2035.403: I:37501 (   0.038   0.040 819.199 ) T:6182501 (   0.037   0.039   0.067   0.122 216.063 4825.087 )
2045.406: I:40330 (   0.038   0.040 584.703 ) T:6222831 (   0.037   0.039   0.067   0.122 216.447 4825.087 )
2055.402: I:34429 (   0.038   0.040 445.951 ) T:6257260 (   0.037   0.039   0.067   0.122 216.831 4825.087 )
2065.404: I:19201 (   0.038   0.053 1120.255 ) T:6276461 (   0.037   0.039   0.068   0.122 217.087 4825.087 )
2075.405: I:35682 (   0.038   0.040 203.391 ) T:6312143 (   0.037   0.039   0.067   0.122 215.807 4825.087 )
2085.405: I:17233 (   0.038   0.040 540.159 ) T:6329376 (   0.037   0.039   0.067   0.122 216.831 4825.087 )
2095.405: I:31138 (   0.038   0.040 326.399 ) T:6360514 (   0.037   0.039   0.067   0.122 215.807 4825.087 )
2105.399: I:33559 (   0.038   0.040 3299.327 ) T:6394073 (   0.037   0.039   0.067   0.122 215.679 4825.087 )
2115.405: I:34132 (   0.038   0.040 514.815 ) T:6428205 (   0.037   0.039   0.067   0.122 215.679 4825.087 )
2125.404: I:28310 (   0.038   0.040 766.975 ) T:6456515 (   0.037   0.039   0.067   0.122 215.295 4825.087 )
2135.399: I:28797 (   0.038   0.039 540.671 ) T:6485312 (   0.037   0.039   0.067   0.122 215.679 4825.087 )
2145.405: I:32704 (   0.038   0.040 830.975 ) T:6518016 (   0.037   0.039   0.067   0.122 215.807 4825.087 )
2155.402: I:29330 (   0.038   0.040 495.615 ) T:6547346 (   0.037   0.039   0.067   0.122 215.807 4825.087 )
2165.398: I:39578 (   0.038   0.040 391.935 ) T:6586924 (   0.037   0.039   0.068   0.122 215.679 4825.087 )
2175.402: I:51007 (   0.038   0.040 332.031 ) T:6637931 (   0.037   0.039   0.067   0.122 215.295 4825.087 )
2185.403: I:16733 (   0.038   0.055 1908.735 ) T:6654664 (   0.037   0.039   0.068   0.122 215.807 4825.087 )
2195.404: I:25307 (   0.038   0.055 471.807 ) T:6679971 (   0.037   0.039   0.068   0.122 215.807 4825.087 )
2205.405: I:17918 (   0.038   0.055 433.407 ) T:6697889 (   0.037   0.039   0.068   0.122 217.215 4825.087 )
2215.402: I:34461 (   0.038   0.040 559.615 ) T:6732350 (   0.037   0.039   0.068   0.122 216.831 4825.087 )
2225.399: I:48019 (   0.038   0.040 912.383 ) T:6780369 (   0.037   0.039   0.068   0.122 215.679 4825.087 )
2235.403: I:40243 (   0.038   0.040 308.223 ) T:6820612 (   0.037   0.039   0.068   0.122 215.295 4825.087 )
2245.402: I:37564 (   0.038   0.040 1169.407 ) T:6858176 (   0.038   0.039   0.069   0.122 215.679 4825.087 )
2255.402: I:31952 (   0.038   0.040 390.911 ) T:6890128 (   0.038   0.039   0.069   0.122 215.295 4825.087 )
2265.405: I:40005 (   0.038   0.040 554.495 ) T:6930133 (   0.038   0.039   0.069   0.121 214.527 4825.087 )
2275.403: I:15616 (   0.038   0.055 828.927 ) T:6945749 (   0.038   0.039   0.069   0.121 215.679 4825.087 )
2285.398: I:27663 (   0.038   0.040 882.175 ) T:6973412 (   0.038   0.039   0.069   0.121 215.679 4825.087 )
2295.402: I:21693 (   0.038   0.047 490.495 ) T:6995105 (   0.038   0.039   0.069   0.121 215.679 4825.087 )
2305.405: I:41094 (   0.038   0.040 202.751 ) T:7036199 (   0.038   0.039   0.069   0.121 214.527 4825.087 )
2315.405: I:40882 (   0.038   0.040 565.759 ) T:7077081 (   0.038   0.039   0.069   0.121 214.527 4825.087 )
2325.398: I:39073 (   0.038   0.040 778.751 ) T:7116154 (   0.038   0.039   0.069   0.121 213.887 4825.087 )
2335.403: I:20554 (   0.038   0.039 535.551 ) T:7136708 (   0.038   0.039   0.069   0.121 214.271 4825.087 )
2345.398: I:24641 (   0.038   0.039 652.799 ) T:7161349 (   0.038   0.039   0.069   0.121 214.527 4825.087 )
2355.404: I:33252 (   0.038   0.040 560.127 ) T:7194601 (   0.038   0.039   0.069   0.121 214.527 4825.087 )
2365.398: I:22684 (   0.038   0.040 876.031 ) T:7217285 (   0.038   0.039   0.069   0.121 215.039 4825.087 )
2375.398: I:40663 (   0.038   0.040 192.127 ) T:7257948 (   0.038   0.039   0.068   0.121 214.015 4825.087 )
2385.398: I:37478 (   0.038   0.040  39.455 ) T:7295426 (   0.038   0.039   0.068   0.121 213.119 4825.087 )
2395.403: I:22408 (   0.038   0.040 523.263 ) T:7317834 (   0.038   0.039   0.068   0.121 212.735 4825.087 )
2405.407: I:14141 (   0.038   0.056 503.039 ) T:7331975 (   0.038   0.039   0.069   0.121 213.759 4825.087 )
2415.403: I:24254 (   0.038   0.039 282.879 ) T:7356229 (   0.038   0.039   0.069   0.121 213.759 4825.087 )
2425.405: I:29192 (   0.038   0.039 360.703 ) T:7385421 (   0.038   0.039   0.069   0.121 213.759 4825.087 )
2435.405: I:24407 (   0.038   0.040 986.111 ) T:7409828 (   0.038   0.039   0.069   0.121 214.271 4825.087 )
2445.400: I:25216 (   0.038   0.041 643.071 ) T:7435044 (   0.038   0.039   0.069   0.121 214.527 4825.087 )
2455.398: I:37277 (   0.038   0.040 1388.543 ) T:7472321 (   0.038   0.039   0.069   0.121 214.015 4825.087 )
2465.406: I:20961 (   0.038   0.041 295.935 ) T:7493282 (   0.038   0.039   0.069   0.121 214.527 4825.087 )
2475.405: I:21235 (   0.038   0.039 831.487 ) T:7514517 (   0.038   0.039   0.069   0.121 215.295 4825.087 )
2485.405: I:24126 (   0.038   0.039 286.463 ) T:7538643 (   0.038   0.039   0.069   0.121 215.295 4825.087 )
2495.405: I:31386 (   0.038   0.040 203.775 ) T:7570029 (   0.038   0.039   0.069   0.121 214.271 4825.087 )
2505.400: I:22223 (   0.038   0.040 349.183 ) T:7592252 (   0.038   0.039   0.069   0.121 215.295 4825.087 )
2515.406: I:16195 (   0.038   0.040 304.127 ) T:7608447 (   0.038   0.039   0.069   0.121 215.679 4825.087 )
2525.402: I:19256 (   0.038   0.040 665.599 ) T:7627703 (   0.038   0.039   0.069   0.121 216.063 4825.087 )
2535.404: I:28773 (   0.038   0.039 663.039 ) T:7656476 (   0.038   0.039   0.069   0.121 216.447 4825.087 )
2545.399: I:28869 (   0.038   0.039 445.695 ) T:7685345 (   0.038   0.039   0.069   0.121 216.831 4825.087 )
2555.405: I:34606 (   0.038   0.040 505.343 ) T:7719951 (   0.038   0.039   0.069   0.121 216.831 4825.087 )
2565.398: I:38905 (   0.038   0.040  71.743 ) T:7758856 (   0.038   0.039   0.069   0.121 215.679 4825.087 )
2575.403: I:27835 (   0.038   0.040 280.831 ) T:7786691 (   0.038   0.039   0.069   0.121 215.679 4825.087 )
2585.402: I:28831 (   0.038   0.040 678.399 ) T:7815522 (   0.038   0.039   0.069   0.121 216.447 4825.087 )
2595.399: I:16505 (   0.038   0.039 1623.039 ) T:7832027 (   0.038   0.039   0.069   0.121 217.215 4825.087 )
2605.398: I:39241 (   0.038   0.040 496.383 ) T:7871268 (   0.038   0.039   0.069   0.121 217.215 4825.087 )
2615.404: I:32867 (   0.038   0.040 413.951 ) T:7904135 (   0.038   0.039   0.069   0.121 217.215 4825.087 )
2625.405: I:35234 (   0.038   0.040 357.375 ) T:7939369 (   0.038   0.039   0.069   0.121 217.599 4825.087 )
2635.403: I:26654 (   0.038   0.040 540.671 ) T:7966023 (   0.038   0.039   0.069   0.121 217.983 4825.087 )
2645.405: I:39314 (   0.038   0.040 235.519 ) T:8005337 (   0.038   0.039   0.068   0.121 217.343 4825.087 )
2655.405: I:31685 (   0.038   0.040 522.751 ) T:8037022 (   0.038   0.039   0.068   0.121 217.599 4825.087 )
2667.691: I:19570 (   0.038   0.040 5734.399 ) T:8056592 (   0.038   0.039   0.068   0.121 217.983 5734.399 )
2675.403: I:27355 (   0.038   0.040 208.639 ) T:8083947 (   0.038   0.039   0.068   0.121 217.343 5734.399 )
2685.404: I:28730 (   0.038   0.040 567.295 ) T:8112677 (   0.038   0.039   0.068   0.121 217.215 5734.399 )
2695.405: I:36828 (   0.038   0.040 757.247 ) T:8149505 (   0.038   0.039   0.068   0.121 217.215 5734.399 )
2705.405: I:40733 (   0.038   0.040 723.967 ) T:8190238 (   0.038   0.039   0.068   0.121 217.087 5734.399 )
2715.405: I:39378 (   0.038   0.040 671.231 ) T:8229616 (   0.038   0.039   0.068   0.121 216.831 5734.399 )
2725.587: I:33451 (   0.038   0.040 561.663 ) T:8263067 (   0.038   0.039   0.068   0.121 216.063 5734.399 )
2735.398: I:17535 (   0.038   0.040 313.599 ) T:8280602 (   0.038   0.039   0.068   0.121 216.447 5734.399 )
2745.402: I:27777 (   0.038   0.040 254.591 ) T:8308379 (   0.038   0.039   0.068   0.121 216.063 5734.399 )
2755.455: I:39874 (   0.038   0.040 732.671 ) T:8348253 (   0.038   0.039   0.068   0.121 215.679 5734.399 )
2765.399: I:35111 (   0.038   0.040 670.719 ) T:8383364 (   0.038   0.039   0.068   0.121 215.679 5734.399 )
2775.405: I:35376 (   0.038   0.040 1137.663 ) T:8418740 (   0.038   0.039   0.068   0.121 215.679 5734.399 )
2785.406: I:18293 (   0.038   0.040 292.351 ) T:8437033 (   0.038   0.039   0.068   0.121 215.807 5734.399 )
2795.403: I:18156 (   0.038   0.040 500.735 ) T:8455189 (   0.038   0.039   0.068   0.121 217.087 5734.399 )
2805.399: I:34267 (   0.038   0.040 1025.535 ) T:8489456 (   0.038   0.039   0.068   0.121 217.343 5734.399 )
2815.402: I:40941 (   0.038   0.040 285.951 ) T:8530397 (   0.038   0.039   0.068   0.121 216.831 5734.399 )
2825.405: I:28727 (   0.038   0.040 820.735 ) T:8559124 (   0.038   0.039   0.068   0.121 216.831 5734.399 )
2835.405: I:34478 (   0.038   0.040 629.759 ) T:8593602 (   0.038   0.039   0.068   0.121 216.447 5734.399 )
2845.406: I:31121 (   0.038   0.040 1701.887 ) T:8624723 (   0.038   0.039   0.068   0.121 217.087 5734.399 )
2855.399: I:31554 (   0.038   0.040 320.255 ) T:8656277 (   0.038   0.039   0.069   0.121 216.831 5734.399 )
2865.405: I:36410 (   0.038   0.040 693.759 ) T:8692687 (   0.038   0.039   0.069   0.121 216.447 5734.399 )
2875.399: I:25600 (   0.038   0.040 1773.567 ) T:8718287 (   0.038   0.039   0.069   0.121 217.087 5734.399 )
2885.406: I:29620 (   0.038   0.040 387.583 ) T:8747907 (   0.038   0.039   0.068   0.121 217.343 5734.399 )
2895.399: I:24986 (   0.038   0.039 632.831 ) T:8772893 (   0.038   0.039   0.068   0.121 217.215 5734.399 )
2905.398: I:32891 (   0.038   0.040 825.855 ) T:8805784 (   0.038   0.039   0.068   0.121 217.215 5734.399 )
2915.404: I:39698 (   0.038   0.040 257.663 ) T:8845482 (   0.038   0.039   0.068   0.121 216.447 5734.399 )
2925.398: I:34957 (   0.038   0.040 723.455 ) T:8880439 (   0.038   0.039   0.068   0.121 216.831 5734.399 )
2935.405: I:25860 (   0.038   0.039 270.591 ) T:8906299 (   0.038   0.039   0.068   0.121 216.831 5734.399 )
2945.398: I:31876 (   0.038   0.040 397.823 ) T:8938175 (   0.038   0.039   0.068   0.121 217.087 5734.399 )
2955.401: I:33258 (   0.038   0.040 901.119 ) T:8971433 (   0.038   0.039   0.068   0.121 217.215 5734.399 )
2965.405: I:29938 (   0.038   0.040 764.415 ) T:9001371 (   0.038   0.039   0.068   0.121 216.831 5734.399 )
2975.399: I:38939 (   0.038   0.040 977.407 ) T:9040310 (   0.038   0.039   0.068   0.121 216.447 5734.399 )
2985.404: I:29106 (   0.038   0.040 819.199 ) T:9069416 (   0.038   0.039   0.068   0.121 217.215 5734.399 )
2995.804: I:36759 (   0.038   0.040 629.247 ) T:9106175 (   0.038   0.039   0.068   0.121 217.087 5734.399 )
3005.405: I:23500 (   0.038   0.040 339.199 ) T:9129675 (   0.038   0.039   0.068   0.121 217.599 5734.399 )
3015.402: I:20360 (   0.038   0.040 853.503 ) T:9150035 (   0.038   0.039   0.068   0.121 217.215 5734.399 )
3025.406: I:22676 (   0.038   0.042 575.487 ) T:9172711 (   0.038   0.039   0.068   0.121 217.215 5734.399 )
3035.405: I:28782 (   0.038   0.040 535.551 ) T:9201493 (   0.038   0.039   0.068   0.121 217.343 5734.399 )
3045.405: I:37290 (   0.038   0.040 318.207 ) T:9238783 (   0.038   0.039   0.068   0.121 217.215 5734.399 )
3055.405: I:26278 (   0.038   0.040 722.943 ) T:9265061 (   0.038   0.039   0.068   0.121 217.599 5734.399 )
3065.406: I:27804 (   0.039   0.040 904.703 ) T:9292865 (   0.038   0.039   0.068   0.121 218.239 5734.399 )
3075.405: I:38433 (   0.038   0.040 288.511 ) T:9331298 (   0.038   0.039   0.068   0.121 217.983 5734.399 )
3085.404: I:39262 (   0.038   0.040 270.335 ) T:9370560 (   0.038   0.039   0.068   0.121 217.599 5734.399 )
3095.399: I:13566 (   0.038   0.039 2519.039 ) T:9384126 (   0.038   0.039   0.068   0.121 218.367 5734.399 )
3105.405: I:36385 (   0.038   0.040 164.351 ) T:9420511 (   0.038   0.039   0.068   0.121 217.599 5734.399 )
3115.405: I:17621 (   0.038   0.041 381.439 ) T:9438132 (   0.038   0.039   0.068   0.121 218.111 5734.399 )
3125.405: I:20705 (   0.038   0.039 2181.119 ) T:9458837 (   0.038   0.039   0.068   0.121 218.111 5734.399 )
3135.405: I:38136 (   0.038   0.040 445.695 ) T:9496973 (   0.038   0.039   0.068   0.121 217.599 5734.399 )
3145.403: I:30000 (   0.038   0.040 604.671 ) T:9526973 (   0.038   0.040   0.068   0.121 217.343 5734.399 )
3155.406: I:23914 (   0.038   0.039 449.279 ) T:9550887 (   0.038   0.039   0.068   0.121 217.343 5734.399 )
3165.398: I:23516 (   0.038   0.039 2291.711 ) T:9574403 (   0.038   0.039   0.068   0.121 217.599 5734.399 )
3175.400: I:34695 (   0.038   0.039 295.423 ) T:9609098 (   0.038   0.039   0.068   0.121 217.599 5734.399 )
3185.404: I:40776 (   0.038   0.039 826.367 ) T:9649874 (   0.038   0.039   0.068   0.121 217.343 5734.399 )
3195.399: I:27916 (   0.038   0.039 974.335 ) T:9677790 (   0.038   0.039   0.068   0.121 217.599 5734.399 )
3205.398: I:40416 (   0.038   0.039 752.127 ) T:9718206 (   0.038   0.039   0.067   0.121 217.599 5734.399 )
3215.404: I:38591 (   0.038   0.040 545.791 ) T:9756797 (   0.038   0.039   0.067   0.121 217.599 5734.399 )
3225.407: I:15634 (   0.038   0.057 608.767 ) T:9772431 (   0.038   0.040   0.068   0.121 218.111 5734.399 )
3235.401: I:17161 (   0.038   0.056 337.151 ) T:9789592 (   0.038   0.040   0.068   0.122 218.111 5734.399 )
3245.403: I:35890 (   0.038   0.040 790.015 ) T:9825482 (   0.038   0.040   0.068   0.121 217.599 5734.399 )
3255.405: I:31759 (   0.038   0.040 353.791 ) T:9857241 (   0.038   0.040   0.068   0.121 217.343 5734.399 )
3265.400: I:16102 (   0.038   0.041 1532.927 ) T:9873343 (   0.038   0.040   0.068   0.122 217.599 5734.399 )
3275.629: I:37184 (   0.038   0.039 611.327 ) T:9910527 (   0.038   0.040   0.068   0.122 217.215 5734.399 )
3285.399: I:41621 (   0.038   0.040 302.591 ) T:9952148 (   0.038   0.040   0.068   0.122 217.087 5734.399 )
3295.404: I:34759 (   0.038   0.040 785.919 ) T:9986907 (   0.038   0.040   0.068   0.122 216.447 5734.399 )
3298.905: I:13093 (   0.038   0.040 298.239 ) T:10000000 (   0.038   0.040   0.068   0.122 216.063 5734.399 )
3298.944: I:0 (   0.000   0.000   0.000 ) T:10000000 (   0.038   0.040   0.068   0.122 216.063 5734.399 )
