#[Interval percentile log between 0.000 and <Infinite> seconds (relative to StartTime)]
#[StartTime: 1524905570.242 (seconds since epoch), Sat Apr 28 10:52:50 CEST 2018]
Time: IntervalPercentiles:count ( 50% 90% Max ) TotalPercentiles:count ( 50% 90% 99% 99.9% 99.99% Max )
9.993: I:1 (   0.000   0.000   0.000 ) T:1 (   0.000   0.000   0.000   0.000   0.000   0.000 )
19.976: I:1 (   0.002   0.002   0.002 ) T:2 (   0.000   0.002   0.002   0.002   0.002   0.002 )
29.974: I:1 (   0.001   0.001   0.001 ) T:3 (   0.001   0.002   0.002   0.002   0.002   0.002 )
39.974: I:1 (   0.001   0.001   0.001 ) T:4 (   0.001   0.002   0.002   0.002   0.002   0.002 )
49.974: I:1 (   0.001   0.001   0.001 ) T:5 (   0.001   0.002   0.002   0.002   0.002   0.002 )
59.973: I:1 (   0.002   0.002   0.002 ) T:6 (   0.001   0.002   0.002   0.002   0.002   0.002 )
69.972: I:1 (   0.001   0.001   0.001 ) T:7 (   0.001   0.002   0.002   0.002   0.002   0.002 )
79.972: I:1 (   0.001   0.001   0.001 ) T:8 (   0.001   0.002   0.002   0.002   0.002   0.002 )
89.973: I:1 (   0.001   0.001   0.001 ) T:9 (   0.001   0.002   0.002   0.002   0.002   0.002 )
99.973: I:1 (   0.001   0.001   0.001 ) T:10 (   0.001   0.002   0.002   0.002   0.002   0.002 )
109.973: I:1 (   0.001   0.001   0.001 ) T:11 (   0.001   0.002   0.002   0.002   0.002   0.002 )
119.975: I:1 (   0.001   0.001   0.001 ) T:12 (   0.001   0.002   0.002   0.002   0.002   0.002 )
129.973: I:1 (   0.001   0.001   0.001 ) T:13 (   0.001   0.002   0.002   0.002   0.002   0.002 )
139.972: I:1 (   0.001   0.001   0.001 ) T:14 (   0.001   0.002   0.002   0.002   0.002   0.002 )
149.972: I:1 (   0.001   0.001   0.001 ) T:15 (   0.001   0.002   0.002   0.002   0.002   0.002 )
159.972: I:1 (   0.000   0.000   0.000 ) T:16 (   0.001   0.002   0.002   0.002   0.002   0.002 )
169.974: I:1 (   0.001   0.001   0.001 ) T:17 (   0.001   0.002   0.002   0.002   0.002   0.002 )
179.972: I:1 (   0.002   0.002   0.002 ) T:18 (   0.001   0.002   0.002   0.002   0.002   0.002 )
189.973: I:1 (   0.001   0.001   0.001 ) T:19 (   0.001   0.002   0.002   0.002   0.002   0.002 )
199.974: I:1 (   0.001   0.001   0.001 ) T:20 (   0.001   0.002   0.002   0.002   0.002   0.002 )
209.973: I:1 (   0.002   0.002   0.002 ) T:21 (   0.001   0.002   0.002   0.002   0.002   0.002 )
219.972: I:1 (   0.000   0.000   0.000 ) T:22 (   0.001   0.002   0.002   0.002   0.002   0.002 )
229.972: I:1 (   0.002   0.002   0.002 ) T:23 (   0.001   0.002   0.002   0.002   0.002   0.002 )
239.972: I:1 (   0.002   0.002   0.002 ) T:24 (   0.001   0.002   0.002   0.002   0.002   0.002 )
249.972: I:1 (   0.001   0.001   0.001 ) T:25 (   0.001   0.002   0.002   0.002   0.002   0.002 )
259.972: I:1 (   0.002   0.002   0.002 ) T:26 (   0.001   0.002   0.002   0.002   0.002   0.002 )
269.972: I:1 (   0.001   0.001   0.001 ) T:27 (   0.001   0.002   0.002   0.002   0.002   0.002 )
279.972: I:1 (   0.002   0.002   0.002 ) T:28 (   0.001   0.002   0.002   0.002   0.002   0.002 )
289.972: I:1 (   0.001   0.001   0.001 ) T:29 (   0.001   0.002   0.002   0.002   0.002   0.002 )
299.972: I:1 (   0.003   0.003   0.003 ) T:30 (   0.001   0.002   0.003   0.003   0.003   0.003 )
309.972: I:1 (   0.001   0.001   0.001 ) T:31 (   0.001   0.002   0.003   0.003   0.003   0.003 )
319.972: I:1 (   0.001   0.001   0.001 ) T:32 (   0.001   0.002   0.003   0.003   0.003   0.003 )
329.972: I:1 (   0.002   0.002   0.002 ) T:33 (   0.001   0.002   0.003   0.003   0.003   0.003 )
339.971: I:1 (   0.002   0.002   0.002 ) T:34 (   0.001   0.002   0.003   0.003   0.003   0.003 )
349.972: I:1 (   0.000   0.000   0.000 ) T:35 (   0.001   0.002   0.003   0.003   0.003   0.003 )
359.972: I:1 (   0.001   0.001   0.001 ) T:36 (   0.001   0.002   0.003   0.003   0.003   0.003 )
369.973: I:1 (   0.001   0.001   0.001 ) T:37 (   0.001   0.002   0.003   0.003   0.003   0.003 )
379.972: I:1 (   0.002   0.002   0.002 ) T:38 (   0.001   0.002   0.003   0.003   0.003   0.003 )
389.972: I:1 (   0.001   0.001   0.001 ) T:39 (   0.001   0.002   0.003   0.003   0.003   0.003 )
399.972: I:1 (   0.001   0.001   0.001 ) T:40 (   0.001   0.002   0.003   0.003   0.003   0.003 )
409.972: I:1 (   0.001   0.001   0.001 ) T:41 (   0.001   0.002   0.003   0.003   0.003   0.003 )
420.002: I:1 (   0.002   0.002   0.002 ) T:42 (   0.001   0.002   0.003   0.003   0.003   0.003 )
429.972: I:1 (   0.001   0.001   0.001 ) T:43 (   0.001   0.002   0.003   0.003   0.003   0.003 )
439.972: I:1 (   0.003   0.003   0.003 ) T:44 (   0.001   0.002   0.003   0.003   0.003   0.003 )
449.972: I:1 (   0.001   0.001   0.001 ) T:45 (   0.001   0.002   0.003   0.003   0.003   0.003 )
459.971: I:1 (   0.002   0.002   0.002 ) T:46 (   0.001   0.002   0.003   0.003   0.003   0.003 )
469.972: I:1 (   0.001   0.001   0.001 ) T:47 (   0.001   0.002   0.003   0.003   0.003   0.003 )
479.972: I:1 (   0.001   0.001   0.001 ) T:48 (   0.001   0.002   0.003   0.003   0.003   0.003 )
489.972: I:1 (   0.001   0.001   0.001 ) T:49 (   0.001   0.002   0.003   0.003   0.003   0.003 )
499.972: I:1 (   0.001   0.001   0.001 ) T:50 (   0.001   0.002   0.003   0.003   0.003   0.003 )
509.972: I:1 (   0.001   0.001   0.001 ) T:51 (   0.001   0.002   0.003   0.003   0.003   0.003 )
519.972: I:1 (   0.001   0.001   0.001 ) T:52 (   0.001   0.002   0.003   0.003   0.003   0.003 )
529.972: I:1 (   0.001   0.001   0.001 ) T:53 (   0.001   0.002   0.003   0.003   0.003   0.003 )
539.972: I:1 (   0.002   0.002   0.002 ) T:54 (   0.001   0.002   0.003   0.003   0.003   0.003 )
549.972: I:1 (   0.003   0.003   0.003 ) T:55 (   0.001   0.002   0.003   0.003   0.003   0.003 )
559.972: I:1 (   0.002   0.002   0.002 ) T:56 (   0.001   0.002   0.003   0.003   0.003   0.003 )
569.972: I:1 (   0.001   0.001   0.001 ) T:57 (   0.001   0.002   0.003   0.003   0.003   0.003 )
579.972: I:1 (   0.001   0.001   0.001 ) T:58 (   0.001   0.002   0.003   0.003   0.003   0.003 )
589.972: I:1 (   0.000   0.000   0.000 ) T:59 (   0.001   0.002   0.003   0.003   0.003   0.003 )
599.972: I:1 (   0.001   0.001   0.001 ) T:60 (   0.001   0.002   0.003   0.003   0.003   0.003 )
609.972: I:1 (   0.001   0.001   0.001 ) T:61 (   0.001   0.002   0.003   0.003   0.003   0.003 )
619.973: I:1 (   0.002   0.002   0.002 ) T:62 (   0.001   0.002   0.003   0.003   0.003   0.003 )
629.972: I:1 (   0.003   0.003   0.003 ) T:63 (   0.001   0.002   0.003   0.003   0.003   0.003 )
639.972: I:1 (   0.001   0.001   0.001 ) T:64 (   0.001   0.002   0.003   0.003   0.003   0.003 )
649.972: I:1 (   0.000   0.000   0.000 ) T:65 (   0.001   0.002   0.003   0.003   0.003   0.003 )
659.972: I:1 (   0.002   0.002   0.002 ) T:66 (   0.001   0.002   0.003   0.003   0.003   0.003 )
669.972: I:1 (   0.001   0.001   0.001 ) T:67 (   0.001   0.002   0.003   0.003   0.003   0.003 )
679.972: I:1 (   0.003   0.003   0.003 ) T:68 (   0.001   0.002   0.003   0.003   0.003   0.003 )
689.971: I:1 (   0.002   0.002   0.002 ) T:69 (   0.001   0.002   0.003   0.003   0.003   0.003 )
699.972: I:1 (   0.000   0.000   0.000 ) T:70 (   0.001   0.002   0.003   0.003   0.003   0.003 )
709.972: I:1 (   0.001   0.001   0.001 ) T:71 (   0.001   0.002   0.003   0.003   0.003   0.003 )
719.972: I:1 (   0.001   0.001   0.001 ) T:72 (   0.001   0.002   0.003   0.003   0.003   0.003 )
729.972: I:1 (   0.003   0.003   0.003 ) T:73 (   0.001   0.002   0.003   0.003   0.003   0.003 )
739.972: I:1 (   0.000   0.000   0.000 ) T:74 (   0.001   0.002   0.003   0.003   0.003   0.003 )
749.971: I:1 (   0.001   0.001   0.001 ) T:75 (   0.001   0.002   0.003   0.003   0.003   0.003 )
759.972: I:1 (   0.001   0.001   0.001 ) T:76 (   0.001   0.002   0.003   0.003   0.003   0.003 )
769.972: I:1 (   0.002   0.002   0.002 ) T:77 (   0.001   0.002   0.003   0.003   0.003   0.003 )
779.972: I:1 (   0.000   0.000   0.000 ) T:78 (   0.001   0.002   0.003   0.003   0.003   0.003 )
789.972: I:1 (   0.003   0.003   0.003 ) T:79 (   0.001   0.002   0.003   0.003   0.003   0.003 )
799.972: I:1 (   0.001   0.001   0.001 ) T:80 (   0.001   0.002   0.003   0.003   0.003   0.003 )
809.972: I:1 (   0.002   0.002   0.002 ) T:81 (   0.001   0.002   0.003   0.003   0.003   0.003 )
819.972: I:1 (   0.002   0.002   0.002 ) T:82 (   0.001   0.002   0.003   0.003   0.003   0.003 )
829.972: I:1 (   0.002   0.002   0.002 ) T:83 (   0.001   0.002   0.003   0.003   0.003   0.003 )
839.972: I:1 (   0.001   0.001   0.001 ) T:84 (   0.001   0.002   0.003   0.003   0.003   0.003 )
849.972: I:1 (   0.002   0.002   0.002 ) T:85 (   0.001   0.002   0.003   0.003   0.003   0.003 )
859.972: I:1 (   0.002   0.002   0.002 ) T:86 (   0.001   0.002   0.003   0.003   0.003   0.003 )
869.972: I:1 (   0.002   0.002   0.002 ) T:87 (   0.001   0.002   0.003   0.003   0.003   0.003 )
879.972: I:1 (   0.001   0.001   0.001 ) T:88 (   0.001   0.002   0.003   0.003   0.003   0.003 )
889.971: I:1 (   0.001   0.001   0.001 ) T:89 (   0.001   0.002   0.003   0.003   0.003   0.003 )
899.972: I:1 (   0.000   0.000   0.000 ) T:90 (   0.001   0.002   0.003   0.003   0.003   0.003 )
909.972: I:1 (   0.001   0.001   0.001 ) T:91 (   0.001   0.002   0.003   0.003   0.003   0.003 )
919.972: I:1 (   0.001   0.001   0.001 ) T:92 (   0.001   0.002   0.003   0.003   0.003   0.003 )
929.972: I:1 (   0.001   0.001   0.001 ) T:93 (   0.001   0.002   0.003   0.003   0.003   0.003 )
939.972: I:1 (   0.002   0.002   0.002 ) T:94 (   0.001   0.002   0.003   0.003   0.003   0.003 )
950.001: I:1 (   0.002   0.002   0.002 ) T:95 (   0.001   0.002   0.003   0.003   0.003   0.003 )
959.972: I:1 (   0.002   0.002   0.002 ) T:96 (   0.001   0.002   0.003   0.003   0.003   0.003 )
969.972: I:1 (   0.003   0.003   0.003 ) T:97 (   0.001   0.002   0.003   0.003   0.003   0.003 )
979.972: I:1 (   0.002   0.002   0.002 ) T:98 (   0.001   0.002   0.003   0.003   0.003   0.003 )
989.972: I:1 (   0.002   0.002   0.002 ) T:99 (   0.001   0.002   0.003   0.003   0.003   0.003 )
999.972: I:1 (   0.004   0.004   0.004 ) T:100 (   0.001   0.002   0.003   0.004   0.004   0.004 )
1009.972: I:1 (   0.001   0.001   0.001 ) T:101 (   0.001   0.002   0.003   0.004   0.004   0.004 )
1019.972: I:1 (   0.001   0.001   0.001 ) T:102 (   0.001   0.002   0.003   0.004   0.004   0.004 )
1029.972: I:1 (   0.000   0.000   0.000 ) T:103 (   0.001   0.002   0.003   0.004   0.004   0.004 )
1039.972: I:1 (   0.001   0.001   0.001 ) T:104 (   0.001   0.002   0.003   0.004   0.004   0.004 )
1049.972: I:1 (   0.000   0.000   0.000 ) T:105 (   0.001   0.002   0.003   0.004   0.004   0.004 )
1059.972: I:1 (   0.001   0.001   0.001 ) T:106 (   0.001   0.002   0.003   0.004   0.004   0.004 )
1069.972: I:1 (   0.000   0.000   0.000 ) T:107 (   0.001   0.002   0.003   0.004   0.004   0.004 )
1079.972: I:1 (   0.001   0.001   0.001 ) T:108 (   0.001   0.002   0.003   0.004   0.004   0.004 )
1089.972: I:1 (   0.001   0.001   0.001 ) T:109 (   0.001   0.002   0.003   0.004   0.004   0.004 )
1099.972: I:1 (   0.000   0.000   0.000 ) T:110 (   0.001   0.002   0.003   0.004   0.004   0.004 )
1109.972: I:1 (   0.002   0.002   0.002 ) T:111 (   0.001   0.002   0.003   0.004   0.004   0.004 )
1119.971: I:1 (   0.001   0.001   0.001 ) T:112 (   0.001   0.002   0.003   0.004   0.004   0.004 )
1129.973: I:1 (   0.000   0.000   0.000 ) T:113 (   0.001   0.002   0.003   0.004   0.004   0.004 )
1139.971: I:1 (   0.002   0.002   0.002 ) T:114 (   0.001   0.002   0.003   0.004   0.004   0.004 )
1149.972: I:1 (   0.000   0.000   0.000 ) T:115 (   0.001   0.002   0.003   0.004   0.004   0.004 )
1159.973: I:1 (   0.002   0.002   0.002 ) T:116 (   0.001   0.002   0.003   0.004   0.004   0.004 )
1169.972: I:1 (   0.000   0.000   0.000 ) T:117 (   0.001   0.002   0.003   0.004   0.004   0.004 )
1180.014: I:1 (   0.002   0.002   0.002 ) T:118 (   0.001   0.002   0.003   0.004   0.004   0.004 )
1189.972: I:1 (   0.001   0.001   0.001 ) T:119 (   0.001   0.002   0.003   0.004   0.004   0.004 )
1199.972: I:1 (   0.001   0.001   0.001 ) T:120 (   0.001   0.002   0.003   0.004   0.004   0.004 )
1209.972: I:1 (   0.001   0.001   0.001 ) T:121 (   0.001   0.002   0.003   0.004   0.004   0.004 )
1219.972: I:1 (   0.001   0.001   0.001 ) T:122 (   0.001   0.002   0.003   0.004   0.004   0.004 )
1229.972: I:1 (   0.000   0.000   0.000 ) T:123 (   0.001   0.002   0.003   0.004   0.004   0.004 )
1239.971: I:1 (   0.001   0.001   0.001 ) T:124 (   0.001   0.002   0.003   0.004   0.004   0.004 )
1249.972: I:1 (   0.000   0.000   0.000 ) T:125 (   0.001   0.002   0.003   0.004   0.004   0.004 )
1259.972: I:1 (   0.001   0.001   0.001 ) T:126 (   0.001   0.002   0.003   0.004   0.004   0.004 )
1269.971: I:1 (   0.001   0.001   0.001 ) T:127 (   0.001   0.002   0.003   0.004   0.004   0.004 )
1279.971: I:1 (   0.000   0.000   0.000 ) T:128 (   0.001   0.002   0.003   0.004   0.004   0.004 )
1289.972: I:1 (   0.001   0.001   0.001 ) T:129 (   0.001   0.002   0.003   0.004   0.004   0.004 )
1299.971: I:1 (   0.000   0.000   0.000 ) T:130 (   0.001   0.002   0.003   0.004   0.004   0.004 )
1309.972: I:1 (   0.001   0.001   0.001 ) T:131 (   0.001   0.002   0.003   0.004   0.004   0.004 )
1319.972: I:1 (   0.001   0.001   0.001 ) T:132 (   0.001   0.002   0.003   0.004   0.004   0.004 )
1329.972: I:1 (   0.001   0.001   0.001 ) T:133 (   0.001   0.002   0.003   0.004   0.004   0.004 )
1339.972: I:1 (   0.001   0.001   0.001 ) T:134 (   0.001   0.002   0.003   0.004   0.004   0.004 )
1349.972: I:1 (   0.000   0.000   0.000 ) T:135 (   0.001   0.002   0.003   0.004   0.004   0.004 )
1359.971: I:1 (   0.001   0.001   0.001 ) T:136 (   0.001   0.002   0.003   0.004   0.004   0.004 )
1369.977: I:1 (   0.000   0.000   0.000 ) T:137 (   0.001   0.002   0.003   0.004   0.004   0.004 )
1380.014: I:1 (   0.002   0.002   0.002 ) T:138 (   0.001   0.002   0.003   0.004   0.004   0.004 )
1389.971: I:1 (   0.002   0.002   0.002 ) T:139 (   0.001   0.002   0.003   0.004   0.004   0.004 )
1399.971: I:1 (   0.000   0.000   0.000 ) T:140 (   0.001   0.002   0.003   0.004   0.004   0.004 )
1409.972: I:1 (   0.001   0.001   0.001 ) T:141 (   0.001   0.002   0.003   0.004   0.004   0.004 )
1419.971: I:1 (   0.001   0.001   0.001 ) T:142 (   0.001   0.002   0.003   0.004   0.004   0.004 )
1429.971: I:1 (   0.001   0.001   0.001 ) T:143 (   0.001   0.002   0.003   0.004   0.004   0.004 )
1439.972: I:1 (   0.000   0.000   0.000 ) T:144 (   0.001   0.002   0.003   0.004   0.004   0.004 )
1449.972: I:1 (   0.001   0.001   0.001 ) T:145 (   0.001   0.002   0.003   0.004   0.004   0.004 )
1459.972: I:1 (   0.001   0.001   0.001 ) T:146 (   0.001   0.002   0.003   0.004   0.004   0.004 )
1469.971: I:1 (   0.003   0.003   0.003 ) T:147 (   0.001   0.002   0.003   0.004   0.004   0.004 )
1479.973: I:1 (   0.000   0.000   0.000 ) T:148 (   0.001   0.002   0.003   0.004   0.004   0.004 )
1489.973: I:1 (   0.001   0.001   0.001 ) T:149 (   0.001   0.002   0.003   0.004   0.004   0.004 )
1499.973: I:1 (   0.001   0.001   0.001 ) T:150 (   0.001   0.002   0.003   0.004   0.004   0.004 )
1509.973: I:1 (   0.001   0.001   0.001 ) T:151 (   0.001   0.002   0.003   0.004   0.004   0.004 )
1519.971: I:1 (   0.000   0.000   0.000 ) T:152 (   0.001   0.002   0.003   0.004   0.004   0.004 )
1529.972: I:1 (   0.000   0.000   0.000 ) T:153 (   0.001   0.002   0.003   0.004   0.004   0.004 )
1539.972: I:1 (   0.002   0.002   0.002 ) T:154 (   0.001   0.002   0.003   0.004   0.004   0.004 )
1549.971: I:1 (   0.001   0.001   0.001 ) T:155 (   0.001   0.002   0.003   0.004   0.004   0.004 )
1559.972: I:1 (   0.001   0.001   0.001 ) T:156 (   0.001   0.002   0.003   0.004   0.004   0.004 )
1569.972: I:1 (   0.002   0.002   0.002 ) T:157 (   0.001   0.002   0.003   0.004   0.004   0.004 )
1579.971: I:1 (   0.001   0.001   0.001 ) T:158 (   0.001   0.002   0.003   0.004   0.004   0.004 )
1589.972: I:1 (   0.000   0.000   0.000 ) T:159 (   0.001   0.002   0.003   0.004   0.004   0.004 )
1599.972: I:1 (   0.001   0.001   0.001 ) T:160 (   0.001   0.002   0.003   0.004   0.004   0.004 )
1609.972: I:1 (   0.001   0.001   0.001 ) T:161 (   0.001   0.002   0.003   0.004   0.004   0.004 )
1619.972: I:1 (   0.002   0.002   0.002 ) T:162 (   0.001   0.002   0.003   0.004   0.004   0.004 )
1629.971: I:1 (   0.001   0.001   0.001 ) T:163 (   0.001   0.002   0.003   0.004   0.004   0.004 )
1639.971: I:1 (   0.000   0.000   0.000 ) T:164 (   0.001   0.002   0.003   0.004   0.004   0.004 )
1649.972: I:1 (   0.001   0.001   0.001 ) T:165 (   0.001   0.002   0.003   0.004   0.004   0.004 )
1659.972: I:1 (   0.002   0.002   0.002 ) T:166 (   0.001   0.002   0.003   0.004   0.004   0.004 )
1669.972: I:1 (   0.001   0.001   0.001 ) T:167 (   0.001   0.002   0.003   0.004   0.004   0.004 )
1679.971: I:1 (   0.001   0.001   0.001 ) T:168 (   0.001   0.002   0.003   0.004   0.004   0.004 )
1689.972: I:1 (   0.000   0.000   0.000 ) T:169 (   0.001   0.002   0.003   0.004   0.004   0.004 )
1699.971: I:1 (   0.002   0.002   0.002 ) T:170 (   0.001   0.002   0.003   0.004   0.004   0.004 )
1709.972: I:1 (   0.000   0.000   0.000 ) T:171 (   0.001   0.002   0.003   0.004   0.004   0.004 )
1719.972: I:1 (   0.001   0.001   0.001 ) T:172 (   0.001   0.002   0.003   0.004   0.004   0.004 )
1729.972: I:1 (   0.001   0.001   0.001 ) T:173 (   0.001   0.002   0.003   0.004   0.004   0.004 )
1739.972: I:1 (   0.001   0.001   0.001 ) T:174 (   0.001   0.002   0.003   0.004   0.004   0.004 )
1749.971: I:1 (   0.001   0.001   0.001 ) T:175 (   0.001   0.002   0.003   0.004   0.004   0.004 )
1759.971: I:1 (   0.000   0.000   0.000 ) T:176 (   0.001   0.002   0.003   0.004   0.004   0.004 )
1769.972: I:1 (   0.000   0.000   0.000 ) T:177 (   0.001   0.002   0.003   0.004   0.004   0.004 )
1779.972: I:1 (   0.001   0.001   0.001 ) T:178 (   0.001   0.002   0.003   0.004   0.004   0.004 )
1789.972: I:1 (   0.000   0.000   0.000 ) T:179 (   0.001   0.002   0.003   0.004   0.004   0.004 )
1799.972: I:1 (   0.001   0.001   0.001 ) T:180 (   0.001   0.002   0.003   0.004   0.004   0.004 )
1809.971: I:1 (   0.001   0.001   0.001 ) T:181 (   0.001   0.002   0.003   0.004   0.004   0.004 )
1819.971: I:1 (   0.000   0.000   0.000 ) T:182 (   0.001   0.002   0.003   0.004   0.004   0.004 )
1829.971: I:1 (   0.000   0.000   0.000 ) T:183 (   0.001   0.002   0.003   0.004   0.004   0.004 )
1839.972: I:1 (   0.000   0.000   0.000 ) T:184 (   0.001   0.002   0.003   0.004   0.004   0.004 )
1849.972: I:1 (   0.001   0.001   0.001 ) T:185 (   0.001   0.002   0.003   0.004   0.004   0.004 )
1859.972: I:1 (   0.000   0.000   0.000 ) T:186 (   0.001   0.002   0.003   0.004   0.004   0.004 )
1869.971: I:1 (   0.001   0.001   0.001 ) T:187 (   0.001   0.002   0.003   0.004   0.004   0.004 )
1879.971: I:1 (   0.000   0.000   0.000 ) T:188 (   0.001   0.002   0.003   0.004   0.004   0.004 )
1889.972: I:1 (   0.000   0.000   0.000 ) T:189 (   0.001   0.002   0.003   0.004   0.004   0.004 )
1899.972: I:1 (   0.001   0.001   0.001 ) T:190 (   0.001   0.002   0.003   0.004   0.004   0.004 )
1909.972: I:1 (   0.002   0.002   0.002 ) T:191 (   0.001   0.002   0.003   0.004   0.004   0.004 )
1919.971: I:1 (   0.002   0.002   0.002 ) T:192 (   0.001   0.002   0.003   0.004   0.004   0.004 )
1929.971: I:1 (   0.000   0.000   0.000 ) T:193 (   0.001   0.002   0.003   0.004   0.004   0.004 )
1939.972: I:1 (   0.001   0.001   0.001 ) T:194 (   0.001   0.002   0.003   0.004   0.004   0.004 )
1949.972: I:1 (   0.003   0.003   0.003 ) T:195 (   0.001   0.002   0.003   0.004   0.004   0.004 )
1959.972: I:1 (   0.000   0.000   0.000 ) T:196 (   0.001   0.002   0.003   0.004   0.004   0.004 )
1969.972: I:1 (   0.001   0.001   0.001 ) T:197 (   0.001   0.002   0.003   0.004   0.004   0.004 )
1979.971: I:1 (   0.001   0.001   0.001 ) T:198 (   0.001   0.002   0.003   0.004   0.004   0.004 )
1989.972: I:1 (   0.001   0.001   0.001 ) T:199 (   0.001   0.002   0.003   0.004   0.004   0.004 )
1999.972: I:1 (   0.001   0.001   0.001 ) T:200 (   0.001   0.002   0.003   0.004   0.004   0.004 )
2009.972: I:1 (   0.000   0.000   0.000 ) T:201 (   0.001   0.002   0.003   0.004   0.004   0.004 )
2019.972: I:1 (   0.001   0.001   0.001 ) T:202 (   0.001   0.002   0.003   0.004   0.004   0.004 )
2029.972: I:1 (   0.001   0.001   0.001 ) T:203 (   0.001   0.002   0.003   0.004   0.004   0.004 )
2039.972: I:1 (   0.001   0.001   0.001 ) T:204 (   0.001   0.002   0.003   0.004   0.004   0.004 )
2049.972: I:1 (   0.000   0.000   0.000 ) T:205 (   0.001   0.002   0.003   0.004   0.004   0.004 )
2059.972: I:1 (   0.001   0.001   0.001 ) T:206 (   0.001   0.002   0.003   0.004   0.004   0.004 )
2069.972: I:1 (   0.000   0.000   0.000 ) T:207 (   0.001   0.002   0.003   0.004   0.004   0.004 )
2079.972: I:1 (   0.002   0.002   0.002 ) T:208 (   0.001   0.002   0.003   0.004   0.004   0.004 )
2089.971: I:1 (   0.002   0.002   0.002 ) T:209 (   0.001   0.002   0.003   0.004   0.004   0.004 )
2099.971: I:1 (   0.000   0.000   0.000 ) T:210 (   0.001   0.002   0.003   0.004   0.004   0.004 )
2109.972: I:1 (   0.003   0.003   0.003 ) T:211 (   0.001   0.002   0.003   0.004   0.004   0.004 )
2119.972: I:1 (   0.000   0.000   0.000 ) T:212 (   0.001   0.002   0.003   0.004   0.004   0.004 )
2129.972: I:1 (   0.002   0.002   0.002 ) T:213 (   0.001   0.002   0.003   0.004   0.004   0.004 )
2139.972: I:1 (   0.002   0.002   0.002 ) T:214 (   0.001   0.002   0.003   0.004   0.004   0.004 )
2149.972: I:1 (   0.002   0.002   0.002 ) T:215 (   0.001   0.002   0.003   0.004   0.004   0.004 )
2159.971: I:1 (   0.000   0.000   0.000 ) T:216 (   0.001   0.002   0.003   0.004   0.004   0.004 )
2169.972: I:1 (   0.001   0.001   0.001 ) T:217 (   0.001   0.002   0.003   0.004   0.004   0.004 )
2179.970: I:1 (   0.001   0.001   0.001 ) T:218 (   0.001   0.002   0.003   0.004   0.004   0.004 )
2189.971: I:1 (   0.000   0.000   0.000 ) T:219 (   0.001   0.002   0.003   0.004   0.004   0.004 )
2199.972: I:1 (   0.001   0.001   0.001 ) T:220 (   0.001   0.002   0.003   0.004   0.004   0.004 )
2209.973: I:1 (   0.000   0.000   0.000 ) T:221 (   0.001   0.002   0.003   0.004   0.004   0.004 )
2219.972: I:1 (   0.001   0.001   0.001 ) T:222 (   0.001   0.002   0.003   0.004   0.004   0.004 )
2229.972: I:1 (   0.001   0.001   0.001 ) T:223 (   0.001   0.002   0.003   0.004   0.004   0.004 )
2239.972: I:1 (   0.001   0.001   0.001 ) T:224 (   0.001   0.002   0.003   0.004   0.004   0.004 )
2249.972: I:1 (   0.001   0.001   0.001 ) T:225 (   0.001   0.002   0.003   0.004   0.004   0.004 )
2259.971: I:1 (   0.002   0.002   0.002 ) T:226 (   0.001   0.002   0.003   0.004   0.004   0.004 )
2269.972: I:1 (   0.000   0.000   0.000 ) T:227 (   0.001   0.002   0.003   0.004   0.004   0.004 )
2279.971: I:1 (   0.001   0.001   0.001 ) T:228 (   0.001   0.002   0.003   0.004   0.004   0.004 )
2289.971: I:1 (   0.000   0.000   0.000 ) T:229 (   0.001   0.002   0.003   0.004   0.004   0.004 )
2299.971: I:1 (   0.000   0.000   0.000 ) T:230 (   0.001   0.002   0.003   0.004   0.004   0.004 )
2309.972: I:1 (   0.000   0.000   0.000 ) T:231 (   0.001   0.002   0.003   0.004   0.004   0.004 )
2319.972: I:1 (   0.003   0.003   0.003 ) T:232 (   0.001   0.002   0.003   0.004   0.004   0.004 )
2329.972: I:1 (   0.002   0.002   0.002 ) T:233 (   0.001   0.002   0.003   0.004   0.004   0.004 )
2339.972: I:1 (   0.003   0.003   0.003 ) T:234 (   0.001   0.002   0.003   0.004   0.004   0.004 )
2349.972: I:1 (   0.000   0.000   0.000 ) T:235 (   0.001   0.002   0.003   0.004   0.004   0.004 )
2359.972: I:1 (   0.001   0.001   0.001 ) T:236 (   0.001   0.002   0.003   0.004   0.004   0.004 )
2369.971: I:1 (   0.001   0.001   0.001 ) T:237 (   0.001   0.002   0.003   0.004   0.004   0.004 )
2379.972: I:1 (   0.000   0.000   0.000 ) T:238 (   0.001   0.002   0.003   0.004   0.004   0.004 )
2389.970: I:1 (   0.000   0.000   0.000 ) T:239 (   0.001   0.002   0.003   0.004   0.004   0.004 )
2399.972: I:1 (   0.000   0.000   0.000 ) T:240 (   0.001   0.002   0.003   0.004   0.004   0.004 )
2410.023: I:1 (   0.001   0.001   0.001 ) T:241 (   0.001   0.002   0.003   0.004   0.004   0.004 )
2419.971: I:1 (   0.001   0.001   0.001 ) T:242 (   0.001   0.002   0.003   0.004   0.004   0.004 )
2429.972: I:1 (   0.000   0.000   0.000 ) T:243 (   0.001   0.002   0.003   0.004   0.004   0.004 )
2439.972: I:1 (   0.001   0.001   0.001 ) T:244 (   0.001   0.002   0.003   0.004   0.004   0.004 )
2449.972: I:1 (   0.000   0.000   0.000 ) T:245 (   0.001   0.002   0.003   0.004   0.004   0.004 )
2459.971: I:1 (   0.001   0.001   0.001 ) T:246 (   0.001   0.002   0.003   0.004   0.004   0.004 )
2469.973: I:1 (   0.001   0.001   0.001 ) T:247 (   0.001   0.002   0.003   0.004   0.004   0.004 )
2479.971: I:1 (   0.001   0.001   0.001 ) T:248 (   0.001   0.002   0.003   0.004   0.004   0.004 )
2489.972: I:1 (   0.000   0.000   0.000 ) T:249 (   0.001   0.002   0.003   0.004   0.004   0.004 )
2499.972: I:1 (   0.001   0.001   0.001 ) T:250 (   0.001   0.002   0.003   0.004   0.004   0.004 )
2509.972: I:1 (   0.000   0.000   0.000 ) T:251 (   0.001   0.002   0.003   0.004   0.004   0.004 )
2519.971: I:1 (   0.001   0.001   0.001 ) T:252 (   0.001   0.002   0.003   0.004   0.004   0.004 )
2529.972: I:1 (   0.000   0.000   0.000 ) T:253 (   0.001   0.002   0.003   0.004   0.004   0.004 )
2539.972: I:1 (   0.001   0.001   0.001 ) T:254 (   0.001   0.002   0.003   0.004   0.004   0.004 )
2549.972: I:1 (   0.001   0.001   0.001 ) T:255 (   0.001   0.002   0.003   0.004   0.004   0.004 )
2559.972: I:1 (   0.001   0.001   0.001 ) T:256 (   0.001   0.002   0.003   0.004   0.004   0.004 )
2569.971: I:1 (   0.001   0.001   0.001 ) T:257 (   0.001   0.002   0.003   0.004   0.004   0.004 )
2579.971: I:1 (   0.001   0.001   0.001 ) T:258 (   0.001   0.002   0.003   0.004   0.004   0.004 )
2589.972: I:1 (   0.001   0.001   0.001 ) T:259 (   0.001   0.002   0.003   0.004   0.004   0.004 )
2599.971: I:1 (   0.001   0.001   0.001 ) T:260 (   0.001   0.002   0.003   0.004   0.004   0.004 )
2610.028: I:1 (   0.001   0.001   0.001 ) T:261 (   0.001   0.002   0.003   0.004   0.004   0.004 )
2619.972: I:1 (   0.001   0.001   0.001 ) T:262 (   0.001   0.002   0.003   0.004   0.004   0.004 )
2629.972: I:1 (   0.001   0.001   0.001 ) T:263 (   0.001   0.002   0.003   0.004   0.004   0.004 )
2639.972: I:1 (   0.002   0.002   0.002 ) T:264 (   0.001   0.002   0.003   0.004   0.004   0.004 )
2649.970: I:1 (   0.000   0.000   0.000 ) T:265 (   0.001   0.002   0.003   0.004   0.004   0.004 )
2659.972: I:1 (   0.001   0.001   0.001 ) T:266 (   0.001   0.002   0.003   0.004   0.004   0.004 )
2669.972: I:1 (   0.000   0.000   0.000 ) T:267 (   0.001   0.002   0.003   0.004   0.004   0.004 )
2679.971: I:1 (   0.001   0.001   0.001 ) T:268 (   0.001   0.002   0.003   0.004   0.004   0.004 )
2689.972: I:1 (   0.000   0.000   0.000 ) T:269 (   0.001   0.002   0.003   0.004   0.004   0.004 )
2699.972: I:1 (   0.001   0.001   0.001 ) T:270 (   0.001   0.002   0.003   0.004   0.004   0.004 )
2709.972: I:1 (   0.002   0.002   0.002 ) T:271 (   0.001   0.002   0.003   0.004   0.004   0.004 )
2719.972: I:1 (   0.002   0.002   0.002 ) T:272 (   0.001   0.002   0.003   0.004   0.004   0.004 )
2729.972: I:1 (   0.001   0.001   0.001 ) T:273 (   0.001   0.002   0.003   0.004   0.004   0.004 )
2739.972: I:1 (   0.000   0.000   0.000 ) T:274 (   0.001   0.002   0.003   0.004   0.004   0.004 )
2749.972: I:1 (   0.001   0.001   0.001 ) T:275 (   0.001   0.002   0.003   0.004   0.004   0.004 )
2759.972: I:1 (   0.000   0.000   0.000 ) T:276 (   0.001   0.002   0.003   0.004   0.004   0.004 )
2769.972: I:1 (   0.003   0.003   0.003 ) T:277 (   0.001   0.002   0.003   0.004   0.004   0.004 )
2779.972: I:1 (   0.001   0.001   0.001 ) T:278 (   0.001   0.002   0.003   0.004   0.004   0.004 )
2789.972: I:1 (   0.001   0.001   0.001 ) T:279 (   0.001   0.002   0.003   0.004   0.004   0.004 )
2799.972: I:1 (   0.002   0.002   0.002 ) T:280 (   0.001   0.002   0.003   0.004   0.004   0.004 )
2809.972: I:1 (   0.001   0.001   0.001 ) T:281 (   0.001   0.002   0.003   0.004   0.004   0.004 )
2819.972: I:1 (   0.000   0.000   0.000 ) T:282 (   0.001   0.002   0.003   0.004   0.004   0.004 )
2829.972: I:1 (   0.000   0.000   0.000 ) T:283 (   0.001   0.002   0.003   0.004   0.004   0.004 )
2839.971: I:1 (   0.001   0.001   0.001 ) T:284 (   0.001   0.002   0.003   0.004   0.004   0.004 )
2849.972: I:1 (   0.000   0.000   0.000 ) T:285 (   0.001   0.002   0.003   0.004   0.004   0.004 )
2859.972: I:1 (   0.001   0.001   0.001 ) T:286 (   0.001   0.002   0.003   0.004   0.004   0.004 )
2869.971: I:1 (   0.001   0.001   0.001 ) T:287 (   0.001   0.002   0.003   0.004   0.004   0.004 )
2879.971: I:1 (   0.000   0.000   0.000 ) T:288 (   0.001   0.002   0.003   0.004   0.004   0.004 )
2889.971: I:1 (   0.000   0.000   0.000 ) T:289 (   0.001   0.002   0.003   0.004   0.004   0.004 )
2899.974: I:1 (   0.000   0.000   0.000 ) T:290 (   0.001   0.002   0.003   0.004   0.004   0.004 )
2909.970: I:1 (   0.001   0.001   0.001 ) T:291 (   0.001   0.002   0.003   0.004   0.004   0.004 )
2919.972: I:1 (   0.000   0.000   0.000 ) T:292 (   0.001   0.002   0.003   0.004   0.004   0.004 )
2929.972: I:1 (   0.000   0.000   0.000 ) T:293 (   0.001   0.002   0.003   0.004   0.004   0.004 )
2939.972: I:1 (   0.001   0.001   0.001 ) T:294 (   0.001   0.002   0.003   0.004   0.004   0.004 )
2949.972: I:1 (   0.000   0.000   0.000 ) T:295 (   0.001   0.002   0.003   0.004   0.004   0.004 )
2959.972: I:1 (   0.001   0.001   0.001 ) T:296 (   0.001   0.002   0.003   0.004   0.004   0.004 )
2969.972: I:1 (   0.001   0.001   0.001 ) T:297 (   0.001   0.002   0.003   0.004   0.004   0.004 )
2979.972: I:1 (   0.001   0.001   0.001 ) T:298 (   0.001   0.002   0.003   0.004   0.004   0.004 )
2989.972: I:1 (   0.002   0.002   0.002 ) T:299 (   0.001   0.002   0.003   0.004   0.004   0.004 )
2999.972: I:1 (   0.000   0.000   0.000 ) T:300 (   0.001   0.002   0.003   0.004   0.004   0.004 )
3009.971: I:1 (   0.001   0.001   0.001 ) T:301 (   0.001   0.002   0.003   0.004   0.004   0.004 )
3019.972: I:1 (   0.001   0.001   0.001 ) T:302 (   0.001   0.002   0.003   0.004   0.004   0.004 )
3029.970: I:1 (   0.000   0.000   0.000 ) T:303 (   0.001   0.002   0.003   0.004   0.004   0.004 )
3039.972: I:1 (   0.000   0.000   0.000 ) T:304 (   0.001   0.002   0.003   0.004   0.004   0.004 )
3049.972: I:1 (   0.001   0.001   0.001 ) T:305 (   0.001   0.002   0.003   0.004   0.004   0.004 )
3059.972: I:1 (   0.001   0.001   0.001 ) T:306 (   0.001   0.002   0.003   0.004   0.004   0.004 )
3069.972: I:1 (   0.001   0.001   0.001 ) T:307 (   0.001   0.002   0.003   0.004   0.004   0.004 )
3079.972: I:1 (   0.001   0.001   0.001 ) T:308 (   0.001   0.002   0.003   0.004   0.004   0.004 )
3089.971: I:1 (   0.000   0.000   0.000 ) T:309 (   0.001   0.002   0.003   0.004   0.004   0.004 )
3099.971: I:1 (   0.000   0.000   0.000 ) T:310 (   0.001   0.002   0.003   0.004   0.004   0.004 )
3109.972: I:1 (   0.001   0.001   0.001 ) T:311 (   0.001   0.002   0.003   0.004   0.004   0.004 )
3119.971: I:1 (   0.000   0.000   0.000 ) T:312 (   0.001   0.002   0.003   0.004   0.004   0.004 )
3129.971: I:1 (   0.001   0.001   0.001 ) T:313 (   0.001   0.002   0.003   0.004   0.004   0.004 )
3139.972: I:1 (   0.000   0.000   0.000 ) T:314 (   0.001   0.002   0.003   0.004   0.004   0.004 )
3149.971: I:1 (   0.001   0.001   0.001 ) T:315 (   0.001   0.002   0.003   0.004   0.004   0.004 )
3159.971: I:1 (   0.000   0.000   0.000 ) T:316 (   0.001   0.002   0.003   0.004   0.004   0.004 )
3169.971: I:1 (   0.001   0.001   0.001 ) T:317 (   0.001   0.002   0.003   0.004   0.004   0.004 )
3179.971: I:1 (   0.000   0.000   0.000 ) T:318 (   0.001   0.002   0.003   0.004   0.004   0.004 )
3189.972: I:1 (   0.000   0.000   0.000 ) T:319 (   0.001   0.002   0.003   0.004   0.004   0.004 )
3199.971: I:1 (   0.000   0.000   0.000 ) T:320 (   0.001   0.002   0.003   0.004   0.004   0.004 )
3209.972: I:1 (   0.001   0.001   0.001 ) T:321 (   0.001   0.002   0.003   0.004   0.004   0.004 )
3219.972: I:1 (   0.001   0.001   0.001 ) T:322 (   0.001   0.002   0.003   0.004   0.004   0.004 )
3229.973: I:1 (   0.000   0.000   0.000 ) T:323 (   0.001   0.002   0.003   0.004   0.004   0.004 )
3239.972: I:1 (   0.001   0.001   0.001 ) T:324 (   0.001   0.002   0.003   0.004   0.004   0.004 )
3249.971: I:1 (   0.001   0.001   0.001 ) T:325 (   0.001   0.002   0.003   0.004   0.004   0.004 )
3259.972: I:1 (   0.000   0.000   0.000 ) T:326 (   0.001   0.002   0.003   0.004   0.004   0.004 )
3269.972: I:1 (   0.001   0.001   0.001 ) T:327 (   0.001   0.002   0.003   0.004   0.004   0.004 )
3279.972: I:1 (   0.000   0.000   0.000 ) T:328 (   0.001   0.002   0.003   0.004   0.004   0.004 )
3289.971: I:1 (   0.001   0.001   0.001 ) T:329 (   0.001   0.002   0.003   0.004   0.004   0.004 )
3299.972: I:1 (   0.000   0.000   0.000 ) T:330 (   0.001   0.002   0.003   0.004   0.004   0.004 )
3309.972: I:1 (   0.001   0.001   0.001 ) T:331 (   0.001   0.002   0.003   0.004   0.004   0.004 )
3319.971: I:1 (   0.001   0.001   0.001 ) T:332 (   0.001   0.002   0.003   0.004   0.004   0.004 )
3329.971: I:1 (   0.001   0.001   0.001 ) T:333 (   0.001   0.002   0.003   0.004   0.004   0.004 )
3339.971: I:1 (   0.000   0.000   0.000 ) T:334 (   0.001   0.002   0.003   0.004   0.004   0.004 )
3349.972: I:1 (   0.000   0.000   0.000 ) T:335 (   0.001   0.002   0.003   0.004   0.004   0.004 )
3360.041: I:1 (   0.001   0.001   0.001 ) T:336 (   0.001   0.002   0.003   0.004   0.004   0.004 )
3369.972: I:1 (   0.002   0.002   0.002 ) T:337 (   0.001   0.002   0.003   0.004   0.004   0.004 )
3379.972: I:1 (   0.000   0.000   0.000 ) T:338 (   0.001   0.002   0.003   0.004   0.004   0.004 )
3389.972: I:1 (   0.004   0.004   0.004 ) T:339 (   0.001   0.002   0.003   0.004   0.004   0.004 )
3399.972: I:1 (   0.001   0.001   0.001 ) T:340 (   0.001   0.002   0.003   0.004   0.004   0.004 )
3409.972: I:1 (   0.001   0.001   0.001 ) T:341 (   0.001   0.002   0.003   0.004   0.004   0.004 )
3419.974: I:1 (   0.000   0.000   0.000 ) T:342 (   0.001   0.002   0.003   0.004   0.004   0.004 )
3429.972: I:1 (   0.001   0.001   0.001 ) T:343 (   0.001   0.002   0.003   0.004   0.004   0.004 )
3439.972: I:1 (   0.001   0.001   0.001 ) T:344 (   0.001   0.002   0.003   0.004   0.004   0.004 )
3449.970: I:1 (   0.001   0.001   0.001 ) T:345 (   0.001   0.002   0.003   0.004   0.004   0.004 )
3459.971: I:1 (   0.000   0.000   0.000 ) T:346 (   0.001   0.002   0.003   0.004   0.004   0.004 )
3469.972: I:1 (   0.000   0.000   0.000 ) T:347 (   0.001   0.002   0.003   0.004   0.004   0.004 )
3479.972: I:1 (   0.001   0.001   0.001 ) T:348 (   0.001   0.002   0.003   0.004   0.004   0.004 )
3489.972: I:1 (   0.001   0.001   0.001 ) T:349 (   0.001   0.002   0.003   0.004   0.004   0.004 )
3500.032: I:1 (   0.000   0.000   0.000 ) T:350 (   0.001   0.002   0.003   0.004   0.004   0.004 )
3509.972: I:1 (   0.001   0.001   0.001 ) T:351 (   0.001   0.002   0.003   0.004   0.004   0.004 )
3519.970: I:1 (   0.000   0.000   0.000 ) T:352 (   0.001   0.002   0.003   0.004   0.004   0.004 )
3529.972: I:1 (   0.000   0.000   0.000 ) T:353 (   0.001   0.002   0.003   0.004   0.004   0.004 )
3539.972: I:1 (   0.001   0.001   0.001 ) T:354 (   0.001   0.002   0.003   0.004   0.004   0.004 )
3549.971: I:1 (   0.001   0.001   0.001 ) T:355 (   0.001   0.002   0.003   0.004   0.004   0.004 )
3560.036: I:1 (   0.000   0.000   0.000 ) T:356 (   0.001   0.002   0.003   0.004   0.004   0.004 )
3569.972: I:1 (   0.002   0.002   0.002 ) T:357 (   0.001   0.002   0.003   0.004   0.004   0.004 )
3579.972: I:1 (   0.000   0.000   0.000 ) T:358 (   0.001   0.002   0.003   0.004   0.004   0.004 )
3589.972: I:1 (   0.000   0.000   0.000 ) T:359 (   0.001   0.002   0.003   0.004   0.004   0.004 )
3599.971: I:1 (   0.001   0.001   0.001 ) T:360 (   0.001   0.002   0.003   0.004   0.004   0.004 )
3609.972: I:1 (   0.000   0.000   0.000 ) T:361 (   0.001   0.002   0.003   0.004   0.004   0.004 )
3619.971: I:1 (   0.002   0.002   0.002 ) T:362 (   0.001   0.002   0.003   0.004   0.004   0.004 )
3629.971: I:1 (   0.000   0.000   0.000 ) T:363 (   0.001   0.002   0.003   0.004   0.004   0.004 )
3639.972: I:1 (   0.000   0.000   0.000 ) T:364 (   0.001   0.002   0.003   0.004   0.004   0.004 )
3649.971: I:1 (   0.002   0.002   0.002 ) T:365 (   0.001   0.002   0.003   0.004   0.004   0.004 )
3659.972: I:1 (   0.001   0.001   0.001 ) T:366 (   0.001   0.002   0.003   0.004   0.004   0.004 )
3669.972: I:1 (   0.002   0.002   0.002 ) T:367 (   0.001   0.002   0.003   0.004   0.004   0.004 )
3679.971: I:1 (   0.000   0.000   0.000 ) T:368 (   0.001   0.002   0.003   0.004   0.004   0.004 )
3689.972: I:1 (   0.001   0.001   0.001 ) T:369 (   0.001   0.002   0.003   0.004   0.004   0.004 )
3699.972: I:1 (   0.000   0.000   0.000 ) T:370 (   0.001   0.002   0.003   0.004   0.004   0.004 )
3709.972: I:1 (   0.001   0.001   0.001 ) T:371 (   0.001   0.002   0.003   0.004   0.004   0.004 )
3719.972: I:1 (   0.001   0.001   0.001 ) T:372 (   0.001   0.002   0.003   0.004   0.004   0.004 )
3729.971: I:1 (   0.000   0.000   0.000 ) T:373 (   0.001   0.002   0.003   0.004   0.004   0.004 )
3739.971: I:1 (   0.000   0.000   0.000 ) T:374 (   0.001   0.002   0.003   0.004   0.004   0.004 )
3749.970: I:1 (   0.000   0.000   0.000 ) T:375 (   0.001   0.002   0.003   0.004   0.004   0.004 )
3759.971: I:1 (   0.000   0.000   0.000 ) T:376 (   0.001   0.002   0.003   0.004   0.004   0.004 )
3769.972: I:1 (   0.000   0.000   0.000 ) T:377 (   0.001   0.002   0.003   0.004   0.004   0.004 )
3779.971: I:1 (   0.002   0.002   0.002 ) T:378 (   0.001   0.002   0.003   0.004   0.004   0.004 )
3789.972: I:1 (   0.000   0.000   0.000 ) T:379 (   0.001   0.002   0.003   0.004   0.004   0.004 )
3799.971: I:1 (   0.000   0.000   0.000 ) T:380 (   0.001   0.002   0.003   0.004   0.004   0.004 )
3809.972: I:1 (   0.000   0.000   0.000 ) T:381 (   0.001   0.002   0.003   0.004   0.004   0.004 )
3819.972: I:1 (   0.001   0.001   0.001 ) T:382 (   0.001   0.002   0.003   0.004   0.004   0.004 )
3829.972: I:1 (   0.001   0.001   0.001 ) T:383 (   0.001   0.002   0.003   0.004   0.004   0.004 )
3839.972: I:1 (   0.000   0.000   0.000 ) T:384 (   0.001   0.002   0.003   0.004   0.004   0.004 )
3849.972: I:1 (   0.001   0.001   0.001 ) T:385 (   0.001   0.002   0.003   0.004   0.004   0.004 )
3859.971: I:1 (   0.001   0.001   0.001 ) T:386 (   0.001   0.002   0.003   0.004   0.004   0.004 )
3869.972: I:1 (   0.000   0.000   0.000 ) T:387 (   0.001   0.002   0.003   0.004   0.004   0.004 )
3879.972: I:1 (   0.000   0.000   0.000 ) T:388 (   0.001   0.002   0.003   0.004   0.004   0.004 )
3889.971: I:1 (   0.001   0.001   0.001 ) T:389 (   0.001   0.002   0.003   0.004   0.004   0.004 )
3899.972: I:1 (   0.001   0.001   0.001 ) T:390 (   0.001   0.002   0.003   0.004   0.004   0.004 )
3909.971: I:1 (   0.001   0.001   0.001 ) T:391 (   0.001   0.002   0.003   0.004   0.004   0.004 )
3919.971: I:1 (   0.000   0.000   0.000 ) T:392 (   0.001   0.002   0.003   0.004   0.004   0.004 )
3929.971: I:1 (   0.001   0.001   0.001 ) T:393 (   0.001   0.002   0.003   0.004   0.004   0.004 )
3939.971: I:1 (   0.000   0.000   0.000 ) T:394 (   0.001   0.002   0.003   0.004   0.004   0.004 )
3949.969: I:1 (   0.000   0.000   0.000 ) T:395 (   0.001   0.002   0.003   0.004   0.004   0.004 )
3959.972: I:1 (   0.000   0.000   0.000 ) T:396 (   0.001   0.002   0.003   0.004   0.004   0.004 )
3969.972: I:1 (   0.001   0.001   0.001 ) T:397 (   0.001   0.002   0.003   0.004   0.004   0.004 )
3979.972: I:1 (   0.001   0.001   0.001 ) T:398 (   0.001   0.002   0.003   0.004   0.004   0.004 )
3989.972: I:1 (   0.003   0.003   0.003 ) T:399 (   0.001   0.002   0.003   0.004   0.004   0.004 )
3999.972: I:1 (   0.001   0.001   0.001 ) T:400 (   0.001   0.002   0.003   0.004   0.004   0.004 )
4009.972: I:1 (   0.001   0.001   0.001 ) T:401 (   0.001   0.002   0.003   0.004   0.004   0.004 )
4019.970: I:1 (   0.001   0.001   0.001 ) T:402 (   0.001   0.002   0.003   0.004   0.004   0.004 )
4029.970: I:1 (   0.000   0.000   0.000 ) T:403 (   0.001   0.002   0.003   0.004   0.004   0.004 )
4039.972: I:1 (   0.000   0.000   0.000 ) T:404 (   0.001   0.002   0.003   0.004   0.004   0.004 )
4049.972: I:1 (   0.000   0.000   0.000 ) T:405 (   0.001   0.002   0.003   0.004   0.004   0.004 )
4059.971: I:1 (   0.003   0.003   0.003 ) T:406 (   0.001   0.002   0.003   0.004   0.004   0.004 )
4069.971: I:1 (   0.000   0.000   0.000 ) T:407 (   0.001   0.002   0.003   0.004   0.004   0.004 )
4079.971: I:1 (   0.000   0.000   0.000 ) T:408 (   0.001   0.002   0.003   0.004   0.004   0.004 )
4089.972: I:1 (   0.000   0.000   0.000 ) T:409 (   0.001   0.002   0.003   0.004   0.004   0.004 )
4099.971: I:1 (   0.000   0.000   0.000 ) T:410 (   0.001   0.002   0.003   0.004   0.004   0.004 )
4109.972: I:1 (   0.000   0.000   0.000 ) T:411 (   0.001   0.002   0.003   0.004   0.004   0.004 )
4119.972: I:1 (   0.001   0.001   0.001 ) T:412 (   0.001   0.002   0.003   0.004   0.004   0.004 )
4129.971: I:1 (   0.001   0.001   0.001 ) T:413 (   0.001   0.002   0.003   0.004   0.004   0.004 )
4139.972: I:1 (   0.000   0.000   0.000 ) T:414 (   0.001   0.002   0.003   0.004   0.004   0.004 )
4149.972: I:1 (   0.001   0.001   0.001 ) T:415 (   0.001   0.002   0.003   0.004   0.004   0.004 )
4159.971: I:1 (   0.000   0.000   0.000 ) T:416 (   0.001   0.002   0.003   0.004   0.004   0.004 )
4169.971: I:1 (   0.000   0.000   0.000 ) T:417 (   0.001   0.002   0.003   0.004   0.004   0.004 )
4179.971: I:1 (   0.000   0.000   0.000 ) T:418 (   0.001   0.002   0.003   0.004   0.004   0.004 )
4189.972: I:1 (   0.001   0.001   0.001 ) T:419 (   0.001   0.002   0.003   0.004   0.004   0.004 )
4194.767: I:2 (   0.000   0.001   0.001 ) T:421 (   0.001   0.002   0.003   0.004   0.004   0.004 )
4194.807: I:0 (   0.000   0.000   0.000 ) T:421 (   0.001   0.002   0.003   0.004   0.004   0.004 )
