#[Interval percentile log between 0.000 and <Infinite> seconds (relative to StartTime)]
#[StartTime: 1524402173.263 (seconds since epoch), Sun Apr 22 15:02:53 CEST 2018]
Time: IntervalPercentiles:count ( 50% 90% Max ) TotalPercentiles:count ( 50% 90% 99% 99.9% 99.99% Max )
9.990: I:1 (   0.015   0.015   0.015 ) T:1 (   0.015   0.015   0.015   0.015   0.015   0.015 )
19.976: I:1 (   0.030   0.030   0.030 ) T:2 (   0.015   0.030   0.030   0.030   0.030   0.030 )
29.974: I:1 (   0.050   0.050   0.050 ) T:3 (   0.030   0.050   0.050   0.050   0.050   0.050 )
39.972: I:1 (   0.071   0.071   0.071 ) T:4 (   0.030   0.071   0.071   0.071   0.071   0.071 )
49.972: I:1 (   0.033   0.033   0.033 ) T:5 (   0.033   0.071   0.071   0.071   0.071   0.071 )
59.973: I:1 (   0.056   0.056   0.056 ) T:6 (   0.033   0.071   0.071   0.071   0.071   0.071 )
69.972: I:1 (   0.019   0.019   0.019 ) T:7 (   0.033   0.071   0.071   0.071   0.071   0.071 )
79.972: I:1 (   0.044   0.044   0.044 ) T:8 (   0.033   0.071   0.071   0.071   0.071   0.071 )
89.969: I:1 (   0.068   0.068   0.068 ) T:9 (   0.044   0.071   0.071   0.071   0.071   0.071 )
99.972: I:1 (   0.030   0.030   0.030 ) T:10 (   0.033   0.068   0.071   0.071   0.071   0.071 )
109.971: I:1 (   0.054   0.054   0.054 ) T:11 (   0.044   0.068   0.071   0.071   0.071   0.071 )
119.971: I:1 (   0.077   0.077   0.077 ) T:12 (   0.044   0.071   0.077   0.077   0.077   0.077 )
129.971: I:1 (   0.040   0.040   0.040 ) T:13 (   0.044   0.071   0.077   0.077   0.077   0.077 )
139.971: I:1 (   0.064   0.064   0.064 ) T:14 (   0.044   0.071   0.077   0.077   0.077   0.077 )
149.971: I:1 (   0.027   0.027   0.027 ) T:15 (   0.044   0.071   0.077   0.077   0.077   0.077 )
159.971: I:1 (   0.051   0.051   0.051 ) T:16 (   0.044   0.071   0.077   0.077   0.077   0.077 )
169.972: I:1 (   0.075   0.075   0.075 ) T:17 (   0.050   0.075   0.077   0.077   0.077   0.077 )
179.969: I:1 (   0.040   0.040   0.040 ) T:18 (   0.044   0.075   0.077   0.077   0.077   0.077 )
189.972: I:1 (   0.066   0.066   0.066 ) T:19 (   0.050   0.075   0.077   0.077   0.077   0.077 )
199.972: I:1 (   0.035   0.035   0.035 ) T:20 (   0.044   0.071   0.077   0.077   0.077   0.077 )
209.972: I:1 (   0.062   0.062   0.062 ) T:21 (   0.050   0.071   0.077   0.077   0.077   0.077 )
219.972: I:1 (   0.031   0.031   0.031 ) T:22 (   0.044   0.071   0.077   0.077   0.077   0.077 )
229.969: I:1 (   0.060   0.060   0.060 ) T:23 (   0.050   0.071   0.077   0.077   0.077   0.077 )
239.970: I:1 (   0.032   0.032   0.032 ) T:24 (   0.044   0.071   0.077   0.077   0.077   0.077 )
249.972: I:1 (   0.061   0.061   0.061 ) T:25 (   0.050   0.071   0.077   0.077   0.077   0.077 )
259.969: I:1 (   0.032   0.032   0.032 ) T:26 (   0.044   0.071   0.077   0.077   0.077   0.077 )
269.972: I:1 (   0.061   0.061   0.061 ) T:27 (   0.050   0.071   0.077   0.077   0.077   0.077 )
279.972: I:1 (   0.035   0.035   0.035 ) T:28 (   0.044   0.071   0.077   0.077   0.077   0.077 )
289.969: I:1 (   0.063   0.063   0.063 ) T:29 (   0.050   0.071   0.077   0.077   0.077   0.077 )
299.972: I:1 (   0.036   0.036   0.036 ) T:30 (   0.044   0.068   0.077   0.077   0.077   0.077 )
309.969: I:1 (   0.067   0.067   0.067 ) T:31 (   0.050   0.068   0.077   0.077   0.077   0.077 )
319.971: I:1 (   0.042   0.042   0.042 ) T:32 (   0.044   0.068   0.077   0.077   0.077   0.077 )
329.971: I:1 (   0.018   0.018   0.018 ) T:33 (   0.044   0.068   0.077   0.077   0.077   0.077 )
339.972: I:1 (   0.046   0.046   0.046 ) T:34 (   0.044   0.068   0.077   0.077   0.077   0.077 )
349.971: I:1 (   0.025   0.025   0.025 ) T:35 (   0.044   0.068   0.077   0.077   0.077   0.077 )
359.970: I:1 (   0.051   0.051   0.051 ) T:36 (   0.044   0.068   0.077   0.077   0.077   0.077 )
369.972: I:1 (   0.029   0.029   0.029 ) T:37 (   0.044   0.068   0.077   0.077   0.077   0.077 )
379.972: I:1 (   0.057   0.057   0.057 ) T:38 (   0.044   0.068   0.077   0.077   0.077   0.077 )
389.969: I:1 (   0.037   0.037   0.037 ) T:39 (   0.044   0.068   0.077   0.077   0.077   0.077 )
399.972: I:1 (   0.066   0.066   0.066 ) T:40 (   0.044   0.067   0.077   0.077   0.077   0.077 )
409.971: I:1 (   0.045   0.045   0.045 ) T:41 (   0.045   0.067   0.077   0.077   0.077   0.077 )
419.971: I:1 (   0.028   0.028   0.028 ) T:42 (   0.044   0.067   0.077   0.077   0.077   0.077 )
429.970: I:1 (   0.054   0.054   0.054 ) T:43 (   0.045   0.067   0.077   0.077   0.077   0.077 )
439.973: I:1 (   0.038   0.038   0.038 ) T:44 (   0.044   0.067   0.077   0.077   0.077   0.077 )
449.971: I:1 (   0.023   0.023   0.023 ) T:45 (   0.044   0.067   0.077   0.077   0.077   0.077 )
459.971: I:1 (   0.048   0.048   0.048 ) T:46 (   0.044   0.067   0.077   0.077   0.077   0.077 )
469.972: I:1 (   0.034   0.034   0.034 ) T:47 (   0.044   0.067   0.077   0.077   0.077   0.077 )
479.971: I:1 (   0.061   0.061   0.061 ) T:48 (   0.044   0.067   0.077   0.077   0.077   0.077 )
489.971: I:1 (   0.042   0.042   0.042 ) T:49 (   0.044   0.067   0.077   0.077   0.077   0.077 )
499.972: I:1 (   0.023   0.023   0.023 ) T:50 (   0.042   0.066   0.077   0.077   0.077   0.077 )
509.972: I:1 (   0.049   0.049   0.049 ) T:51 (   0.044   0.066   0.077   0.077   0.077   0.077 )
519.971: I:1 (   0.032   0.032   0.032 ) T:52 (   0.042   0.066   0.077   0.077   0.077   0.077 )
529.971: I:1 (   0.056   0.056   0.056 ) T:53 (   0.044   0.066   0.077   0.077   0.077   0.077 )
539.971: I:1 (   0.038   0.038   0.038 ) T:54 (   0.042   0.066   0.077   0.077   0.077   0.077 )
549.971: I:1 (   0.062   0.062   0.062 ) T:55 (   0.044   0.066   0.077   0.077   0.077   0.077 )
559.971: I:1 (   0.042   0.042   0.042 ) T:56 (   0.042   0.066   0.077   0.077   0.077   0.077 )
569.971: I:1 (   0.026   0.026   0.026 ) T:57 (   0.042   0.066   0.077   0.077   0.077   0.077 )
579.971: I:1 (   0.052   0.052   0.052 ) T:58 (   0.042   0.066   0.077   0.077   0.077   0.077 )
589.971: I:1 (   0.037   0.037   0.037 ) T:59 (   0.042   0.066   0.077   0.077   0.077   0.077 )
599.971: I:1 (   0.064   0.064   0.064 ) T:60 (   0.042   0.066   0.077   0.077   0.077   0.077 )
609.971: I:1 (   0.046   0.046   0.046 ) T:61 (   0.044   0.066   0.077   0.077   0.077   0.077 )
619.970: I:1 (   0.031   0.031   0.031 ) T:62 (   0.042   0.066   0.077   0.077   0.077   0.077 )
629.971: I:1 (   0.054   0.054   0.054 ) T:63 (   0.044   0.066   0.077   0.077   0.077   0.077 )
639.972: I:1 (   0.041   0.041   0.041 ) T:64 (   0.042   0.066   0.077   0.077   0.077   0.077 )
649.971: I:1 (   0.029   0.029   0.029 ) T:65 (   0.042   0.066   0.077   0.077   0.077   0.077 )
659.971: I:1 (   0.053   0.053   0.053 ) T:66 (   0.042   0.066   0.077   0.077   0.077   0.077 )
669.971: I:1 (   0.041   0.041   0.041 ) T:67 (   0.042   0.066   0.077   0.077   0.077   0.077 )
679.971: I:1 (   0.066   0.066   0.066 ) T:68 (   0.042   0.066   0.077   0.077   0.077   0.077 )
689.971: I:1 (   0.051   0.051   0.051 ) T:69 (   0.044   0.066   0.077   0.077   0.077   0.077 )
699.971: I:1 (   0.039   0.039   0.039 ) T:70 (   0.042   0.066   0.077   0.077   0.077   0.077 )
709.971: I:1 (   0.064   0.064   0.064 ) T:71 (   0.044   0.066   0.077   0.077   0.077   0.077 )
719.971: I:1 (   0.053   0.053   0.053 ) T:72 (   0.044   0.066   0.077   0.077   0.077   0.077 )
729.971: I:1 (   0.042   0.042   0.042 ) T:73 (   0.044   0.066   0.077   0.077   0.077   0.077 )
739.972: I:1 (   0.067   0.067   0.067 ) T:74 (   0.044   0.066   0.077   0.077   0.077   0.077 )
749.971: I:1 (   0.058   0.058   0.058 ) T:75 (   0.045   0.066   0.077   0.077   0.077   0.077 )
759.974: I:1 (   0.047   0.047   0.047 ) T:76 (   0.045   0.066   0.077   0.077   0.077   0.077 )
769.971: I:1 (   0.037   0.037   0.037 ) T:77 (   0.045   0.066   0.077   0.077   0.077   0.077 )
779.971: I:1 (   0.064   0.064   0.064 ) T:78 (   0.045   0.066   0.077   0.077   0.077   0.077 )
789.971: I:1 (   0.055   0.055   0.055 ) T:79 (   0.046   0.066   0.077   0.077   0.077   0.077 )
799.971: I:1 (   0.047   0.047   0.047 ) T:80 (   0.046   0.066   0.077   0.077   0.077   0.077 )
809.971: I:1 (   0.039   0.039   0.039 ) T:81 (   0.046   0.066   0.077   0.077   0.077   0.077 )
819.971: I:1 (   0.065   0.065   0.065 ) T:82 (   0.046   0.066   0.077   0.077   0.077   0.077 )
829.971: I:1 (   0.057   0.057   0.057 ) T:83 (   0.046   0.066   0.077   0.077   0.077   0.077 )
839.971: I:1 (   0.052   0.052   0.052 ) T:84 (   0.046   0.066   0.077   0.077   0.077   0.077 )
849.971: I:1 (   0.045   0.045   0.045 ) T:85 (   0.046   0.066   0.077   0.077   0.077   0.077 )
859.971: I:1 (   0.070   0.070   0.070 ) T:86 (   0.046   0.066   0.077   0.077   0.077   0.077 )
869.971: I:1 (   0.065   0.065   0.065 ) T:87 (   0.047   0.066   0.077   0.077   0.077   0.077 )
879.971: I:1 (   0.060   0.060   0.060 ) T:88 (   0.047   0.066   0.077   0.077   0.077   0.077 )
889.971: I:1 (   0.057   0.057   0.057 ) T:89 (   0.047   0.066   0.077   0.077   0.077   0.077 )
899.971: I:1 (   0.054   0.054   0.054 ) T:90 (   0.047   0.066   0.077   0.077   0.077   0.077 )
909.971: I:1 (   0.079   0.079   0.079 ) T:91 (   0.048   0.066   0.079   0.079   0.079   0.079 )
919.971: I:1 (   0.076   0.076   0.076 ) T:92 (   0.048   0.066   0.079   0.079   0.079   0.079 )
929.970: I:1 (   0.071   0.071   0.071 ) T:93 (   0.049   0.067   0.079   0.079   0.079   0.079 )
939.971: I:1 (   0.068   0.068   0.068 ) T:94 (   0.049   0.067   0.079   0.079   0.079   0.079 )
949.970: I:1 (   0.066   0.066   0.066 ) T:95 (   0.050   0.067   0.079   0.079   0.079   0.079 )
959.970: I:1 (   0.063   0.063   0.063 ) T:96 (   0.050   0.067   0.079   0.079   0.079   0.079 )
969.971: I:1 (   0.060   0.060   0.060 ) T:97 (   0.051   0.067   0.079   0.079   0.079   0.079 )
979.971: I:1 (   0.086   0.086   0.086 ) T:98 (   0.051   0.068   0.086   0.086   0.086   0.086 )
989.972: I:1 (   0.085   0.085   0.085 ) T:99 (   0.051   0.068   0.086   0.086   0.086   0.086 )
999.969: I:1 (   0.081   0.081   0.081 ) T:100 (   0.051   0.068   0.085   0.086   0.086   0.086 )
1009.971: I:1 (   0.078   0.078   0.078 ) T:101 (   0.051   0.070   0.085   0.086   0.086   0.086 )
1019.971: I:1 (   0.076   0.076   0.076 ) T:102 (   0.051   0.071   0.085   0.086   0.086   0.086 )
1029.970: I:1 (   0.073   0.073   0.073 ) T:103 (   0.052   0.071   0.085   0.086   0.086   0.086 )
1039.970: I:1 (   0.069   0.069   0.069 ) T:104 (   0.052   0.071   0.085   0.086   0.086   0.086 )
1049.971: I:1 (   0.095   0.095   0.095 ) T:105 (   0.052   0.073   0.086   0.095   0.095   0.095 )
1059.971: I:1 (   0.092   0.092   0.092 ) T:106 (   0.052   0.075   0.092   0.095   0.095   0.095 )
1069.971: I:1 (   0.086   0.086   0.086 ) T:107 (   0.053   0.076   0.092   0.095   0.095   0.095 )
1079.971: I:1 (   0.084   0.084   0.084 ) T:108 (   0.053   0.076   0.092   0.095   0.095   0.095 )
1089.971: I:1 (   0.081   0.081   0.081 ) T:109 (   0.053   0.077   0.092   0.095   0.095   0.095 )
1099.970: I:1 (   0.077   0.077   0.077 ) T:110 (   0.053   0.077   0.092   0.095   0.095   0.095 )
1109.971: I:1 (   0.104   0.104   0.104 ) T:111 (   0.054   0.077   0.095   0.104   0.104   0.104 )
1119.972: I:1 (   0.101   0.101   0.101 ) T:112 (   0.054   0.078   0.101   0.104   0.104   0.104 )
1129.971: I:1 (   0.095   0.095   0.095 ) T:113 (   0.054   0.079   0.101   0.104   0.104   0.104 )
1139.970: I:1 (   0.092   0.092   0.092 ) T:114 (   0.054   0.081   0.101   0.104   0.104   0.104 )
1149.971: I:1 (   0.088   0.088   0.088 ) T:115 (   0.054   0.081   0.101   0.104   0.104   0.104 )
1159.971: I:1 (   0.086   0.086   0.086 ) T:116 (   0.054   0.084   0.101   0.104   0.104   0.104 )
1169.971: I:1 (   0.108   0.108   0.108 ) T:117 (   0.054   0.085   0.104   0.108   0.108   0.108 )
1179.971: I:1 (   0.106   0.106   0.106 ) T:118 (   0.054   0.086   0.106   0.108   0.108   0.108 )
1189.970: I:1 (   0.100   0.100   0.100 ) T:119 (   0.055   0.086   0.106   0.108   0.108   0.108 )
1199.970: I:1 (   0.096   0.096   0.096 ) T:120 (   0.055   0.086   0.106   0.108   0.108   0.108 )
1209.971: I:1 (   0.094   0.094   0.094 ) T:121 (   0.056   0.086   0.106   0.108   0.108   0.108 )
1219.971: I:1 (   0.090   0.090   0.090 ) T:122 (   0.056   0.088   0.106   0.108   0.108   0.108 )
1229.971: I:1 (   0.114   0.114   0.114 ) T:123 (   0.056   0.090   0.108   0.114   0.114   0.114 )
1239.971: I:1 (   0.109   0.109   0.109 ) T:124 (   0.056   0.092   0.109   0.114   0.114   0.114 )
1249.971: I:1 (   0.105   0.105   0.105 ) T:125 (   0.057   0.092   0.109   0.114   0.114   0.114 )
1259.971: I:1 (   0.102   0.102   0.102 ) T:126 (   0.057   0.094   0.109   0.114   0.114   0.114 )
1269.971: I:1 (   0.098   0.098   0.098 ) T:127 (   0.057   0.095   0.109   0.114   0.114   0.114 )
1279.971: I:1 (   0.122   0.122   0.122 ) T:128 (   0.057   0.095   0.114   0.122   0.122   0.122 )
1289.970: I:1 (   0.118   0.118   0.118 ) T:129 (   0.057   0.096   0.118   0.122   0.122   0.122 )
1299.970: I:1 (   0.113   0.113   0.113 ) T:130 (   0.057   0.096   0.118   0.122   0.122   0.122 )
1309.971: I:1 (   0.109   0.109   0.109 ) T:131 (   0.058   0.098   0.118   0.122   0.122   0.122 )
1319.970: I:1 (   0.104   0.104   0.104 ) T:132 (   0.058   0.100   0.118   0.122   0.122   0.122 )
1329.971: I:1 (   0.129   0.129   0.129 ) T:133 (   0.060   0.101   0.122   0.129   0.129   0.129 )
1339.970: I:1 (   0.125   0.125   0.125 ) T:134 (   0.060   0.102   0.125   0.129   0.129   0.129 )
1349.970: I:1 (   0.119   0.119   0.119 ) T:135 (   0.060   0.104   0.125   0.129   0.129   0.129 )
1359.970: I:1 (   0.115   0.115   0.115 ) T:136 (   0.060   0.104   0.125   0.129   0.129   0.129 )
1369.971: I:1 (   0.111   0.111   0.111 ) T:137 (   0.060   0.105   0.125   0.129   0.129   0.129 )
1379.971: I:1 (   0.135   0.135   0.135 ) T:138 (   0.060   0.106   0.129   0.135   0.135   0.135 )
1389.970: I:1 (   0.132   0.132   0.132 ) T:139 (   0.061   0.108   0.132   0.135   0.135   0.135 )
1399.970: I:1 (   0.125   0.125   0.125 ) T:140 (   0.061   0.108   0.132   0.135   0.135   0.135 )
1409.970: I:1 (   0.123   0.123   0.123 ) T:141 (   0.061   0.109   0.132   0.135   0.135   0.135 )
1419.970: I:1 (   0.120   0.120   0.120 ) T:142 (   0.061   0.109   0.132   0.135   0.135   0.135 )
1429.970: I:1 (   0.116   0.116   0.116 ) T:143 (   0.061   0.111   0.132   0.135   0.135   0.135 )
1439.971: I:1 (   0.140   0.140   0.140 ) T:144 (   0.061   0.113   0.135   0.140   0.140   0.140 )
1449.971: I:1 (   0.136   0.136   0.136 ) T:145 (   0.062   0.114   0.136   0.140   0.140   0.140 )
1459.971: I:1 (   0.131   0.131   0.131 ) T:146 (   0.062   0.115   0.136   0.140   0.140   0.140 )
1469.970: I:1 (   0.128   0.128   0.128 ) T:147 (   0.062   0.116   0.136   0.140   0.140   0.140 )
1479.971: I:1 (   0.123   0.123   0.123 ) T:148 (   0.062   0.118   0.136   0.140   0.140   0.140 )
1489.970: I:1 (   0.147   0.147   0.147 ) T:149 (   0.063   0.119   0.140   0.147   0.147   0.147 )
1499.971: I:1 (   0.144   0.144   0.144 ) T:150 (   0.063   0.119   0.144   0.147   0.147   0.147 )
1509.970: I:1 (   0.138   0.138   0.138 ) T:151 (   0.063   0.120   0.144   0.147   0.147   0.147 )
1519.970: I:1 (   0.135   0.135   0.135 ) T:152 (   0.063   0.122   0.144   0.147   0.147   0.147 )
1529.970: I:1 (   0.131   0.131   0.131 ) T:153 (   0.064   0.123   0.144   0.147   0.147   0.147 )
1539.971: I:1 (   0.128   0.128   0.128 ) T:154 (   0.064   0.123   0.144   0.147   0.147   0.147 )
1549.971: I:1 (   0.153   0.153   0.153 ) T:155 (   0.064   0.125   0.147   0.153   0.153   0.153 )
1559.971: I:1 (   0.151   0.151   0.151 ) T:156 (   0.064   0.125   0.151   0.153   0.153   0.153 )
1569.971: I:1 (   0.144   0.144   0.144 ) T:157 (   0.064   0.128   0.151   0.153   0.153   0.153 )
1579.971: I:1 (   0.142   0.142   0.142 ) T:158 (   0.064   0.128   0.151   0.153   0.153   0.153 )
1589.971: I:1 (   0.141   0.141   0.141 ) T:159 (   0.064   0.129   0.151   0.153   0.153   0.153 )
1599.971: I:1 (   0.136   0.136   0.136 ) T:160 (   0.064   0.129   0.151   0.153   0.153   0.153 )
1609.970: I:1 (   0.161   0.161   0.161 ) T:161 (   0.065   0.131   0.153   0.161   0.161   0.161 )
1619.970: I:1 (   0.158   0.158   0.158 ) T:162 (   0.065   0.131   0.158   0.161   0.161   0.161 )
1629.969: I:1 (   0.154   0.154   0.154 ) T:163 (   0.065   0.132   0.158   0.161   0.161   0.161 )
1639.970: I:1 (   0.151   0.151   0.151 ) T:164 (   0.065   0.135   0.158   0.161   0.161   0.161 )
1649.970: I:1 (   0.147   0.147   0.147 ) T:165 (   0.066   0.135   0.158   0.161   0.161   0.161 )
1659.970: I:1 (   0.144   0.144   0.144 ) T:166 (   0.066   0.136   0.158   0.161   0.161   0.161 )
1669.970: I:1 (   0.169   0.169   0.169 ) T:167 (   0.066   0.136   0.161   0.169   0.169   0.169 )
1679.970: I:1 (   0.164   0.164   0.164 ) T:168 (   0.066   0.138   0.164   0.169   0.169   0.169 )
1689.970: I:1 (   0.161   0.161   0.161 ) T:169 (   0.066   0.140   0.164   0.169   0.169   0.169 )
1699.969: I:1 (   0.158   0.158   0.158 ) T:170 (   0.066   0.140   0.164   0.169   0.169   0.169 )
1709.970: I:1 (   0.155   0.155   0.155 ) T:171 (   0.066   0.141   0.164   0.169   0.169   0.169 )
1719.971: I:1 (   0.153   0.153   0.153 ) T:172 (   0.066   0.142   0.164   0.169   0.169   0.169 )
1729.970: I:1 (   0.177   0.177   0.177 ) T:173 (   0.067   0.144   0.169   0.177   0.177   0.177 )
1739.970: I:1 (   0.175   0.175   0.175 ) T:174 (   0.067   0.144   0.175   0.177   0.177   0.177 )
1749.970: I:1 (   0.171   0.171   0.171 ) T:175 (   0.067   0.144   0.175   0.177   0.177   0.177 )
1759.970: I:1 (   0.168   0.168   0.168 ) T:176 (   0.067   0.147   0.175   0.177   0.177   0.177 )
1769.970: I:1 (   0.165   0.165   0.165 ) T:177 (   0.068   0.147   0.175   0.177   0.177   0.177 )
1779.970: I:1 (   0.163   0.163   0.163 ) T:178 (   0.068   0.151   0.175   0.177   0.177   0.177 )
1789.969: I:1 (   0.161   0.161   0.161 ) T:179 (   0.068   0.151   0.175   0.177   0.177   0.177 )
1799.970: I:1 (   0.159   0.159   0.159 ) T:180 (   0.068   0.151   0.175   0.177   0.177   0.177 )
1809.970: I:1 (   0.183   0.183   0.183 ) T:181 (   0.069   0.153   0.177   0.183   0.183   0.183 )
1819.970: I:1 (   0.180   0.180   0.180 ) T:182 (   0.069   0.153   0.180   0.183   0.183   0.183 )
1829.970: I:1 (   0.178   0.178   0.178 ) T:183 (   0.070   0.154   0.180   0.183   0.183   0.183 )
1839.969: I:1 (   0.176   0.176   0.176 ) T:184 (   0.070   0.155   0.180   0.183   0.183   0.183 )
1849.970: I:1 (   0.174   0.174   0.174 ) T:185 (   0.071   0.158   0.180   0.183   0.183   0.183 )
1859.971: I:1 (   0.170   0.170   0.170 ) T:186 (   0.071   0.158   0.180   0.183   0.183   0.183 )
1869.968: I:1 (   0.193   0.193   0.193 ) T:187 (   0.071   0.159   0.183   0.193   0.193   0.193 )
1879.971: I:1 (   0.043   0.043   0.043 ) T:188 (   0.071   0.159   0.183   0.193   0.193   0.193 )
1889.970: I:1 (   0.042   0.042   0.042 ) T:189 (   0.071   0.159   0.183   0.193   0.193   0.193 )
1899.970: I:1 (   0.040   0.040   0.040 ) T:190 (   0.070   0.158   0.183   0.193   0.193   0.193 )
1909.970: I:1 (   0.038   0.038   0.038 ) T:191 (   0.070   0.158   0.183   0.193   0.193   0.193 )
1919.971: I:1 (   0.037   0.037   0.037 ) T:192 (   0.069   0.158   0.183   0.193   0.193   0.193 )
1929.971: I:1 (   0.035   0.035   0.035 ) T:193 (   0.069   0.158   0.183   0.193   0.193   0.193 )
1939.970: I:1 (   0.058   0.058   0.058 ) T:194 (   0.068   0.158   0.183   0.193   0.193   0.193 )
1949.970: I:1 (   0.057   0.057   0.057 ) T:195 (   0.068   0.158   0.183   0.193   0.193   0.193 )
1959.970: I:1 (   0.053   0.053   0.053 ) T:196 (   0.068   0.158   0.183   0.193   0.193   0.193 )
1969.970: I:1 (   0.052   0.052   0.052 ) T:197 (   0.068   0.158   0.183   0.193   0.193   0.193 )
1979.971: I:1 (   0.050   0.050   0.050 ) T:198 (   0.067   0.158   0.183   0.193   0.193   0.193 )
1989.970: I:1 (   0.047   0.047   0.047 ) T:199 (   0.067   0.158   0.183   0.193   0.193   0.193 )
1999.971: I:1 (   0.044   0.044   0.044 ) T:200 (   0.067   0.158   0.180   0.193   0.193   0.193 )
2009.970: I:1 (   0.043   0.043   0.043 ) T:201 (   0.067   0.158   0.180   0.193   0.193   0.193 )
2019.970: I:1 (   0.067   0.067   0.067 ) T:202 (   0.067   0.158   0.180   0.193   0.193   0.193 )
2029.970: I:1 (   0.064   0.064   0.064 ) T:203 (   0.067   0.158   0.180   0.193   0.193   0.193 )
2039.970: I:1 (   0.061   0.061   0.061 ) T:204 (   0.066   0.158   0.180   0.193   0.193   0.193 )
2049.970: I:1 (   0.060   0.060   0.060 ) T:205 (   0.066   0.158   0.180   0.193   0.193   0.193 )
2059.970: I:1 (   0.057   0.057   0.057 ) T:206 (   0.066   0.158   0.180   0.193   0.193   0.193 )
2069.971: I:1 (   0.056   0.056   0.056 ) T:207 (   0.066   0.158   0.180   0.193   0.193   0.193 )
2079.970: I:1 (   0.055   0.055   0.055 ) T:208 (   0.066   0.158   0.180   0.193   0.193   0.193 )
2089.970: I:1 (   0.051   0.051   0.051 ) T:209 (   0.066   0.158   0.180   0.193   0.193   0.193 )
2099.970: I:1 (   0.076   0.076   0.076 ) T:210 (   0.066   0.155   0.180   0.193   0.193   0.193 )
2109.971: I:1 (   0.072   0.072   0.072 ) T:211 (   0.066   0.155   0.180   0.193   0.193   0.193 )
2119.970: I:1 (   0.071   0.071   0.071 ) T:212 (   0.066   0.155   0.180   0.193   0.193   0.193 )
2129.970: I:1 (   0.070   0.070   0.070 ) T:213 (   0.066   0.155   0.180   0.193   0.193   0.193 )
2139.970: I:1 (   0.069   0.069   0.069 ) T:214 (   0.066   0.155   0.180   0.193   0.193   0.193 )
2149.970: I:1 (   0.066   0.066   0.066 ) T:215 (   0.066   0.155   0.180   0.193   0.193   0.193 )
2159.970: I:1 (   0.066   0.066   0.066 ) T:216 (   0.066   0.155   0.180   0.193   0.193   0.193 )
2169.970: I:1 (   0.063   0.063   0.063 ) T:217 (   0.066   0.155   0.180   0.193   0.193   0.193 )
2179.970: I:1 (   0.088   0.088   0.088 ) T:218 (   0.066   0.155   0.180   0.193   0.193   0.193 )
2189.970: I:1 (   0.086   0.086   0.086 ) T:219 (   0.066   0.155   0.180   0.193   0.193   0.193 )
2199.970: I:1 (   0.084   0.084   0.084 ) T:220 (   0.066   0.154   0.180   0.193   0.193   0.193 )
2209.970: I:1 (   0.084   0.084   0.084 ) T:221 (   0.067   0.154   0.180   0.193   0.193   0.193 )
2219.970: I:1 (   0.082   0.082   0.082 ) T:222 (   0.067   0.154   0.180   0.193   0.193   0.193 )
2229.971: I:1 (   0.083   0.083   0.083 ) T:223 (   0.067   0.154   0.180   0.193   0.193   0.193 )
2239.971: I:1 (   0.082   0.082   0.082 ) T:224 (   0.067   0.154   0.180   0.193   0.193   0.193 )
2249.970: I:1 (   0.080   0.080   0.080 ) T:225 (   0.067   0.154   0.180   0.193   0.193   0.193 )
2259.972: I:1 (   0.079   0.079   0.079 ) T:226 (   0.067   0.154   0.180   0.193   0.193   0.193 )
2269.968: I:1 (   0.079   0.079   0.079 ) T:227 (   0.068   0.154   0.180   0.193   0.193   0.193 )
2277.267: I:2 (   0.095   0.104   0.104 ) T:229 (   0.068   0.154   0.180   0.193   0.193   0.193 )
2277.301: I:0 (   0.000   0.000   0.000 ) T:229 (   0.068   0.154   0.180   0.193   0.193   0.193 )
