#[Interval percentile log between 0.000 and <Infinite> seconds (relative to StartTime)]
#[StartTime: 1524591500.998 (seconds since epoch), Tue Apr 24 19:38:20 CEST 2018]
Time: IntervalPercentiles:count ( 50% 90% Max ) TotalPercentiles:count ( 50% 90% 99% 99.9% 99.99% Max )
9.982: I:1 (   0.000   0.000   0.000 ) T:1 (   0.000   0.000   0.000   0.000   0.000   0.000 )
19.962: I:1 (   0.007   0.007   0.007 ) T:2 (   0.000   0.007   0.007   0.007   0.007   0.007 )
29.958: I:1 (   0.002   0.002   0.002 ) T:3 (   0.002   0.007   0.007   0.007   0.007   0.007 )
39.959: I:1 (   0.002   0.002   0.002 ) T:4 (   0.002   0.007   0.007   0.007   0.007   0.007 )
49.959: I:1 (   0.002   0.002   0.002 ) T:5 (   0.002   0.007   0.007   0.007   0.007   0.007 )
59.959: I:1 (   0.002   0.002   0.002 ) T:6 (   0.002   0.007   0.007   0.007   0.007   0.007 )
69.959: I:1 (   0.002   0.002   0.002 ) T:7 (   0.002   0.007   0.007   0.007   0.007   0.007 )
79.959: I:1 (   0.002   0.002   0.002 ) T:8 (   0.002   0.007   0.007   0.007   0.007   0.007 )
89.959: I:1 (   0.003   0.003   0.003 ) T:9 (   0.002   0.007   0.007   0.007   0.007   0.007 )
99.959: I:1 (   0.003   0.003   0.003 ) T:10 (   0.002   0.003   0.007   0.007   0.007   0.007 )
109.959: I:1 (   0.002   0.002   0.002 ) T:11 (   0.002   0.003   0.007   0.007   0.007   0.007 )
119.959: I:1 (   0.004   0.004   0.004 ) T:12 (   0.002   0.004   0.007   0.007   0.007   0.007 )
129.959: I:1 (   0.003   0.003   0.003 ) T:13 (   0.002   0.004   0.007   0.007   0.007   0.007 )
139.958: I:1 (   0.005   0.005   0.005 ) T:14 (   0.002   0.005   0.007   0.007   0.007   0.007 )
149.958: I:1 (   0.005   0.005   0.005 ) T:15 (   0.002   0.005   0.007   0.007   0.007   0.007 )
159.959: I:1 (   0.005   0.005   0.005 ) T:16 (   0.002   0.005   0.007   0.007   0.007   0.007 )
169.959: I:1 (   0.007   0.007   0.007 ) T:17 (   0.003   0.007   0.007   0.007   0.007   0.007 )
179.959: I:1 (   0.006   0.006   0.006 ) T:18 (   0.003   0.007   0.007   0.007   0.007   0.007 )
189.958: I:1 (   0.007   0.007   0.007 ) T:19 (   0.003   0.007   0.007   0.007   0.007   0.007 )
199.957: I:1 (   0.008   0.008   0.008 ) T:20 (   0.003   0.007   0.008   0.008   0.008   0.008 )
209.958: I:1 (   0.010   0.010   0.010 ) T:21 (   0.003   0.007   0.010   0.010   0.010   0.010 )
219.958: I:1 (   0.010   0.010   0.010 ) T:22 (   0.003   0.008   0.010   0.010   0.010   0.010 )
229.958: I:1 (   0.012   0.012   0.012 ) T:23 (   0.004   0.010   0.012   0.012   0.012   0.012 )
239.959: I:1 (   0.014   0.014   0.014 ) T:24 (   0.004   0.010   0.014   0.014   0.014   0.014 )
249.959: I:1 (   0.015   0.015   0.015 ) T:25 (   0.005   0.012   0.015   0.015   0.015   0.015 )
259.959: I:1 (   0.014   0.014   0.014 ) T:26 (   0.005   0.014   0.015   0.015   0.015   0.015 )
269.959: I:1 (   0.014   0.014   0.014 ) T:27 (   0.005   0.014   0.015   0.015   0.015   0.015 )
279.959: I:1 (   0.016   0.016   0.016 ) T:28 (   0.005   0.014   0.016   0.016   0.016   0.016 )
289.958: I:1 (   0.012   0.012   0.012 ) T:29 (   0.005   0.014   0.016   0.016   0.016   0.016 )
299.958: I:1 (   0.014   0.014   0.014 ) T:30 (   0.005   0.014   0.016   0.016   0.016   0.016 )
309.959: I:1 (   0.014   0.014   0.014 ) T:31 (   0.006   0.014   0.016   0.016   0.016   0.016 )
319.959: I:1 (   0.014   0.014   0.014 ) T:32 (   0.006   0.014   0.016   0.016   0.016   0.016 )
329.958: I:1 (   0.014   0.014   0.014 ) T:33 (   0.007   0.014   0.016   0.016   0.016   0.016 )
339.957: I:1 (   0.015   0.015   0.015 ) T:34 (   0.007   0.014   0.016   0.016   0.016   0.016 )
349.957: I:1 (   0.013   0.013   0.013 ) T:35 (   0.007   0.014   0.016   0.016   0.016   0.016 )
359.958: I:1 (   0.012   0.012   0.012 ) T:36 (   0.007   0.014   0.016   0.016   0.016   0.016 )
369.958: I:1 (   0.017   0.017   0.017 ) T:37 (   0.007   0.015   0.017   0.017   0.017   0.017 )
379.957: I:1 (   0.012   0.012   0.012 ) T:38 (   0.007   0.015   0.017   0.017   0.017   0.017 )
389.957: I:1 (   0.012   0.012   0.012 ) T:39 (   0.008   0.015   0.017   0.017   0.017   0.017 )
399.957: I:1 (   0.012   0.012   0.012 ) T:40 (   0.008   0.014   0.017   0.017   0.017   0.017 )
409.957: I:1 (   0.011   0.011   0.011 ) T:41 (   0.010   0.014   0.017   0.017   0.017   0.017 )
419.957: I:1 (   0.013   0.013   0.013 ) T:42 (   0.010   0.014   0.017   0.017   0.017   0.017 )
429.957: I:1 (   0.015   0.015   0.015 ) T:43 (   0.010   0.015   0.017   0.017   0.017   0.017 )
439.957: I:1 (   0.014   0.014   0.014 ) T:44 (   0.010   0.015   0.017   0.017   0.017   0.017 )
449.957: I:1 (   0.014   0.014   0.014 ) T:45 (   0.011   0.015   0.017   0.017   0.017   0.017 )
459.957: I:1 (   0.013   0.013   0.013 ) T:46 (   0.011   0.015   0.017   0.017   0.017   0.017 )
469.957: I:1 (   0.015   0.015   0.015 ) T:47 (   0.012   0.015   0.017   0.017   0.017   0.017 )
479.957: I:1 (   0.013   0.013   0.013 ) T:48 (   0.012   0.015   0.017   0.017   0.017   0.017 )
489.957: I:1 (   0.008   0.008   0.008 ) T:49 (   0.012   0.015   0.017   0.017   0.017   0.017 )
499.957: I:1 (   0.011   0.011   0.011 ) T:50 (   0.011   0.015   0.017   0.017   0.017   0.017 )
509.957: I:1 (   0.013   0.013   0.013 ) T:51 (   0.012   0.015   0.017   0.017   0.017   0.017 )
519.957: I:1 (   0.013   0.013   0.013 ) T:52 (   0.012   0.015   0.017   0.017   0.017   0.017 )
529.957: I:1 (   0.010   0.010   0.010 ) T:53 (   0.012   0.015   0.017   0.017   0.017   0.017 )
539.957: I:1 (   0.016   0.016   0.016 ) T:54 (   0.012   0.015   0.017   0.017   0.017   0.017 )
549.957: I:1 (   0.015   0.015   0.015 ) T:55 (   0.012   0.015   0.017   0.017   0.017   0.017 )
559.957: I:1 (   0.016   0.016   0.016 ) T:56 (   0.012   0.015   0.017   0.017   0.017   0.017 )
569.957: I:1 (   0.008   0.008   0.008 ) T:57 (   0.012   0.015   0.017   0.017   0.017   0.017 )
579.957: I:1 (   0.019   0.019   0.019 ) T:58 (   0.012   0.015   0.019   0.019   0.019   0.019 )
589.957: I:1 (   0.019   0.019   0.019 ) T:59 (   0.012   0.016   0.019   0.019   0.019   0.019 )
599.958: I:1 (   0.017   0.017   0.017 ) T:60 (   0.012   0.016   0.019   0.019   0.019   0.019 )
609.958: I:1 (   0.010   0.010   0.010 ) T:61 (   0.012   0.016   0.019   0.019   0.019   0.019 )
619.957: I:1 (   0.014   0.014   0.014 ) T:62 (   0.012   0.016   0.019   0.019   0.019   0.019 )
629.957: I:1 (   0.013   0.013   0.013 ) T:63 (   0.012   0.016   0.019   0.019   0.019   0.019 )
639.957: I:1 (   0.015   0.015   0.015 ) T:64 (   0.012   0.016   0.019   0.019   0.019   0.019 )
649.957: I:1 (   0.012   0.012   0.012 ) T:65 (   0.012   0.016   0.019   0.019   0.019   0.019 )
659.957: I:1 (   0.017   0.017   0.017 ) T:66 (   0.012   0.016   0.019   0.019   0.019   0.019 )
669.958: I:1 (   0.016   0.016   0.016 ) T:67 (   0.012   0.016   0.019   0.019   0.019   0.019 )
679.958: I:1 (   0.010   0.010   0.010 ) T:68 (   0.012   0.016   0.019   0.019   0.019   0.019 )
689.957: I:1 (   0.016   0.016   0.016 ) T:69 (   0.012   0.016   0.019   0.019   0.019   0.019 )
699.957: I:1 (   0.017   0.017   0.017 ) T:70 (   0.012   0.016   0.019   0.019   0.019   0.019 )
709.957: I:1 (   0.019   0.019   0.019 ) T:71 (   0.012   0.016   0.019   0.019   0.019   0.019 )
719.957: I:1 (   0.010   0.010   0.010 ) T:72 (   0.012   0.016   0.019   0.019   0.019   0.019 )
729.957: I:1 (   0.022   0.022   0.022 ) T:73 (   0.012   0.017   0.022   0.022   0.022   0.022 )
739.957: I:1 (   0.018   0.018   0.018 ) T:74 (   0.012   0.017   0.022   0.022   0.022   0.022 )
749.957: I:1 (   0.018   0.018   0.018 ) T:75 (   0.013   0.017   0.022   0.022   0.022   0.022 )
759.957: I:1 (   0.012   0.012   0.012 ) T:76 (   0.012   0.017   0.022   0.022   0.022   0.022 )
769.957: I:1 (   0.022   0.022   0.022 ) T:77 (   0.013   0.017   0.022   0.022   0.022   0.022 )
779.957: I:1 (   0.019   0.019   0.019 ) T:78 (   0.013   0.018   0.022   0.022   0.022   0.022 )
789.957: I:1 (   0.022   0.022   0.022 ) T:79 (   0.013   0.018   0.022   0.022   0.022   0.022 )
799.957: I:1 (   0.012   0.012   0.012 ) T:80 (   0.013   0.018   0.022   0.022   0.022   0.022 )
809.957: I:1 (   0.019   0.019   0.019 ) T:81 (   0.013   0.018   0.022   0.022   0.022   0.022 )
819.957: I:1 (   0.022   0.022   0.022 ) T:82 (   0.013   0.019   0.022   0.022   0.022   0.022 )
829.957: I:1 (   0.023   0.023   0.023 ) T:83 (   0.013   0.019   0.023   0.023   0.023   0.023 )
839.957: I:1 (   0.014   0.014   0.014 ) T:84 (   0.013   0.019   0.023   0.023   0.023   0.023 )
849.957: I:1 (   0.022   0.022   0.022 ) T:85 (   0.013   0.019   0.023   0.023   0.023   0.023 )
859.957: I:1 (   0.024   0.024   0.024 ) T:86 (   0.013   0.019   0.024   0.024   0.024   0.024 )
869.957: I:1 (   0.023   0.023   0.023 ) T:87 (   0.013   0.019   0.024   0.024   0.024   0.024 )
879.957: I:1 (   0.017   0.017   0.017 ) T:88 (   0.013   0.019   0.024   0.024   0.024   0.024 )
889.957: I:1 (   0.019   0.019   0.019 ) T:89 (   0.013   0.019   0.024   0.024   0.024   0.024 )
899.957: I:1 (   0.018   0.018   0.018 ) T:90 (   0.013   0.019   0.024   0.024   0.024   0.024 )
909.957: I:1 (   0.016   0.016   0.016 ) T:91 (   0.013   0.019   0.024   0.024   0.024   0.024 )
919.957: I:1 (   0.018   0.018   0.018 ) T:92 (   0.013   0.019   0.024   0.024   0.024   0.024 )
929.957: I:1 (   0.019   0.019   0.019 ) T:93 (   0.014   0.019   0.024   0.024   0.024   0.024 )
939.960: I:1 (   0.022   0.022   0.022 ) T:94 (   0.014   0.019   0.024   0.024   0.024   0.024 )
949.957: I:1 (   0.015   0.015   0.015 ) T:95 (   0.014   0.019   0.024   0.024   0.024   0.024 )
959.957: I:1 (   0.013   0.013   0.013 ) T:96 (   0.014   0.019   0.024   0.024   0.024   0.024 )
969.957: I:1 (   0.021   0.021   0.021 ) T:97 (   0.014   0.021   0.024   0.024   0.024   0.024 )
979.960: I:1 (   0.023   0.023   0.023 ) T:98 (   0.014   0.022   0.024   0.024   0.024   0.024 )
989.957: I:1 (   0.017   0.017   0.017 ) T:99 (   0.014   0.022   0.024   0.024   0.024   0.024 )
999.957: I:1 (   0.013   0.013   0.013 ) T:100 (   0.014   0.021   0.023   0.024   0.024   0.024 )
1009.957: I:1 (   0.020   0.020   0.020 ) T:101 (   0.014   0.021   0.023   0.024   0.024   0.024 )
1019.957: I:1 (   0.025   0.025   0.025 ) T:102 (   0.014   0.022   0.024   0.025   0.025   0.025 )
1029.957: I:1 (   0.015   0.015   0.015 ) T:103 (   0.014   0.022   0.024   0.025   0.025   0.025 )
1039.957: I:1 (   0.013   0.013   0.013 ) T:104 (   0.014   0.022   0.024   0.025   0.025   0.025 )
1049.957: I:1 (   0.020   0.020   0.020 ) T:105 (   0.014   0.022   0.024   0.025   0.025   0.025 )
1059.957: I:1 (   0.023   0.023   0.023 ) T:106 (   0.014   0.022   0.024   0.025   0.025   0.025 )
1069.957: I:1 (   0.014   0.014   0.014 ) T:107 (   0.014   0.022   0.024   0.025   0.025   0.025 )
1079.957: I:1 (   0.019   0.019   0.019 ) T:108 (   0.014   0.022   0.024   0.025   0.025   0.025 )
1089.957: I:1 (   0.026   0.026   0.026 ) T:109 (   0.014   0.022   0.025   0.026   0.026   0.026 )
1099.957: I:1 (   0.024   0.024   0.024 ) T:110 (   0.014   0.022   0.025   0.026   0.026   0.026 )
1109.957: I:1 (   0.019   0.019   0.019 ) T:111 (   0.014   0.022   0.025   0.026   0.026   0.026 )
1119.957: I:1 (   0.015   0.015   0.015 ) T:112 (   0.014   0.022   0.025   0.026   0.026   0.026 )
1129.960: I:1 (   0.023   0.023   0.023 ) T:113 (   0.014   0.022   0.025   0.026   0.026   0.026 )
1139.957: I:1 (   0.020   0.020   0.020 ) T:114 (   0.014   0.022   0.025   0.026   0.026   0.026 )
1149.957: I:1 (   0.015   0.015   0.015 ) T:115 (   0.014   0.022   0.025   0.026   0.026   0.026 )
1159.957: I:1 (   0.008   0.008   0.008 ) T:116 (   0.014   0.022   0.025   0.026   0.026   0.026 )
1169.957: I:1 (   0.017   0.017   0.017 ) T:117 (   0.014   0.022   0.025   0.026   0.026   0.026 )
1179.957: I:1 (   0.013   0.013   0.013 ) T:118 (   0.014   0.022   0.025   0.026   0.026   0.026 )
1189.957: I:1 (   0.013   0.013   0.013 ) T:119 (   0.014   0.022   0.025   0.026   0.026   0.026 )
1199.957: I:1 (   0.008   0.008   0.008 ) T:120 (   0.014   0.022   0.025   0.026   0.026   0.026 )
1209.957: I:1 (   0.016   0.016   0.016 ) T:121 (   0.014   0.022   0.025   0.026   0.026   0.026 )
1219.957: I:1 (   0.016   0.016   0.016 ) T:122 (   0.014   0.022   0.025   0.026   0.026   0.026 )
1229.957: I:1 (   0.018   0.018   0.018 ) T:123 (   0.014   0.022   0.025   0.026   0.026   0.026 )
1239.957: I:1 (   0.004   0.004   0.004 ) T:124 (   0.014   0.022   0.025   0.026   0.026   0.026 )
1249.957: I:1 (   0.018   0.018   0.018 ) T:125 (   0.014   0.022   0.025   0.026   0.026   0.026 )
1259.957: I:1 (   0.018   0.018   0.018 ) T:126 (   0.014   0.022   0.025   0.026   0.026   0.026 )
1269.957: I:1 (   0.019   0.019   0.019 ) T:127 (   0.014   0.022   0.025   0.026   0.026   0.026 )
1279.957: I:1 (   0.008   0.008   0.008 ) T:128 (   0.014   0.022   0.025   0.026   0.026   0.026 )
1289.957: I:1 (   0.017   0.017   0.017 ) T:129 (   0.014   0.022   0.025   0.026   0.026   0.026 )
1299.957: I:1 (   0.021   0.021   0.021 ) T:130 (   0.014   0.022   0.025   0.026   0.026   0.026 )
1309.957: I:1 (   0.020   0.020   0.020 ) T:131 (   0.014   0.022   0.025   0.026   0.026   0.026 )
1319.960: I:1 (   0.012   0.012   0.012 ) T:132 (   0.014   0.022   0.025   0.026   0.026   0.026 )
1329.957: I:1 (   0.012   0.012   0.012 ) T:133 (   0.014   0.022   0.025   0.026   0.026   0.026 )
1339.957: I:1 (   0.020   0.020   0.020 ) T:134 (   0.014   0.022   0.025   0.026   0.026   0.026 )
1349.957: I:1 (   0.023   0.023   0.023 ) T:135 (   0.014   0.022   0.025   0.026   0.026   0.026 )
1359.957: I:1 (   0.017   0.017   0.017 ) T:136 (   0.014   0.022   0.025   0.026   0.026   0.026 )
1369.957: I:1 (   0.016   0.016   0.016 ) T:137 (   0.014   0.022   0.025   0.026   0.026   0.026 )
1379.957: I:1 (   0.025   0.025   0.025 ) T:138 (   0.014   0.022   0.025   0.026   0.026   0.026 )
1389.957: I:1 (   0.022   0.022   0.022 ) T:139 (   0.015   0.022   0.025   0.026   0.026   0.026 )
1399.957: I:1 (   0.020   0.020   0.020 ) T:140 (   0.015   0.022   0.025   0.026   0.026   0.026 )
1409.957: I:1 (   0.007   0.007   0.007 ) T:141 (   0.015   0.022   0.025   0.026   0.026   0.026 )
1419.957: I:1 (   0.025   0.025   0.025 ) T:142 (   0.015   0.022   0.025   0.026   0.026   0.026 )
1429.957: I:1 (   0.019   0.019   0.019 ) T:143 (   0.015   0.022   0.025   0.026   0.026   0.026 )
1439.957: I:1 (   0.020   0.020   0.020 ) T:144 (   0.015   0.022   0.025   0.026   0.026   0.026 )
1449.957: I:1 (   0.008   0.008   0.008 ) T:145 (   0.015   0.022   0.025   0.026   0.026   0.026 )
1459.957: I:1 (   0.018   0.018   0.018 ) T:146 (   0.015   0.022   0.025   0.026   0.026   0.026 )
1469.957: I:1 (   0.016   0.016   0.016 ) T:147 (   0.015   0.022   0.025   0.026   0.026   0.026 )
1479.957: I:1 (   0.017   0.017   0.017 ) T:148 (   0.015   0.022   0.025   0.026   0.026   0.026 )
1489.957: I:1 (   0.007   0.007   0.007 ) T:149 (   0.015   0.022   0.025   0.026   0.026   0.026 )
1499.957: I:1 (   0.020   0.020   0.020 ) T:150 (   0.015   0.022   0.025   0.026   0.026   0.026 )
1509.957: I:1 (   0.016   0.016   0.016 ) T:151 (   0.015   0.022   0.025   0.026   0.026   0.026 )
1519.957: I:1 (   0.021   0.021   0.021 ) T:152 (   0.015   0.022   0.025   0.026   0.026   0.026 )
1529.957: I:1 (   0.007   0.007   0.007 ) T:153 (   0.015   0.022   0.025   0.026   0.026   0.026 )
1539.957: I:1 (   0.020   0.020   0.020 ) T:154 (   0.015   0.022   0.025   0.026   0.026   0.026 )
1549.957: I:1 (   0.019   0.019   0.019 ) T:155 (   0.015   0.022   0.025   0.026   0.026   0.026 )
1559.957: I:1 (   0.024   0.024   0.024 ) T:156 (   0.015   0.022   0.025   0.026   0.026   0.026 )
1569.957: I:1 (   0.015   0.015   0.015 ) T:157 (   0.015   0.022   0.025   0.026   0.026   0.026 )
1579.957: I:1 (   0.013   0.013   0.013 ) T:158 (   0.015   0.022   0.025   0.026   0.026   0.026 )
1589.957: I:1 (   0.025   0.025   0.025 ) T:159 (   0.015   0.022   0.025   0.026   0.026   0.026 )
1599.957: I:1 (   0.020   0.020   0.020 ) T:160 (   0.015   0.022   0.025   0.026   0.026   0.026 )
1609.957: I:1 (   0.021   0.021   0.021 ) T:161 (   0.015   0.022   0.025   0.026   0.026   0.026 )
1619.957: I:1 (   0.007   0.007   0.007 ) T:162 (   0.015   0.022   0.025   0.026   0.026   0.026 )
1629.957: I:1 (   0.011   0.011   0.011 ) T:163 (   0.015   0.022   0.025   0.026   0.026   0.026 )
1639.957: I:1 (   0.000   0.000   0.000 ) T:164 (   0.015   0.022   0.025   0.026   0.026   0.026 )
1649.957: I:1 (   0.000   0.000   0.000 ) T:165 (   0.015   0.022   0.025   0.026   0.026   0.026 )
1659.957: I:1 (   0.017   0.017   0.017 ) T:166 (   0.015   0.022   0.025   0.026   0.026   0.026 )
1669.957: I:1 (   0.026   0.026   0.026 ) T:167 (   0.015   0.022   0.026   0.026   0.026   0.026 )
1679.957: I:1 (   0.031   0.031   0.031 ) T:168 (   0.015   0.022   0.026   0.031   0.031   0.031 )
1689.957: I:1 (   0.024   0.024   0.024 ) T:169 (   0.015   0.023   0.026   0.031   0.031   0.031 )
1699.957: I:1 (   0.028   0.028   0.028 ) T:170 (   0.015   0.023   0.028   0.031   0.031   0.031 )
1709.957: I:1 (   0.017   0.017   0.017 ) T:171 (   0.015   0.023   0.028   0.031   0.031   0.031 )
1719.957: I:1 (   0.019   0.019   0.019 ) T:172 (   0.015   0.023   0.028   0.031   0.031   0.031 )
1729.957: I:1 (   0.019   0.019   0.019 ) T:173 (   0.015   0.023   0.028   0.031   0.031   0.031 )
1739.957: I:1 (   0.017   0.017   0.017 ) T:174 (   0.015   0.023   0.028   0.031   0.031   0.031 )
1749.957: I:1 (   0.020   0.020   0.020 ) T:175 (   0.015   0.023   0.028   0.031   0.031   0.031 )
1759.957: I:1 (   0.024   0.024   0.024 ) T:176 (   0.015   0.023   0.028   0.031   0.031   0.031 )
1769.957: I:1 (   0.022   0.022   0.022 ) T:177 (   0.015   0.023   0.028   0.031   0.031   0.031 )
1779.957: I:1 (   0.023   0.023   0.023 ) T:178 (   0.015   0.023   0.028   0.031   0.031   0.031 )
1789.957: I:1 (   0.021   0.021   0.021 ) T:179 (   0.016   0.023   0.028   0.031   0.031   0.031 )
1799.957: I:1 (   0.020   0.020   0.020 ) T:180 (   0.016   0.023   0.028   0.031   0.031   0.031 )
1809.957: I:1 (   0.021   0.021   0.021 ) T:181 (   0.016   0.023   0.028   0.031   0.031   0.031 )
1819.957: I:1 (   0.024   0.024   0.024 ) T:182 (   0.016   0.023   0.028   0.031   0.031   0.031 )
1829.957: I:1 (   0.022   0.022   0.022 ) T:183 (   0.016   0.023   0.028   0.031   0.031   0.031 )
1839.957: I:1 (   0.016   0.016   0.016 ) T:184 (   0.016   0.023   0.028   0.031   0.031   0.031 )
1849.957: I:1 (   0.013   0.013   0.013 ) T:185 (   0.016   0.023   0.028   0.031   0.031   0.031 )
1859.957: I:1 (   0.016   0.016   0.016 ) T:186 (   0.016   0.023   0.028   0.031   0.031   0.031 )
1869.957: I:1 (   0.017   0.017   0.017 ) T:187 (   0.016   0.023   0.028   0.031   0.031   0.031 )
1879.957: I:1 (   0.017   0.017   0.017 ) T:188 (   0.016   0.023   0.028   0.031   0.031   0.031 )
1889.957: I:1 (   0.017   0.017   0.017 ) T:189 (   0.016   0.023   0.028   0.031   0.031   0.031 )
1899.957: I:1 (   0.019   0.019   0.019 ) T:190 (   0.016   0.023   0.028   0.031   0.031   0.031 )
1909.957: I:1 (   0.021   0.021   0.021 ) T:191 (   0.016   0.023   0.028   0.031   0.031   0.031 )
1919.957: I:1 (   0.019   0.019   0.019 ) T:192 (   0.016   0.023   0.028   0.031   0.031   0.031 )
1929.957: I:1 (   0.019   0.019   0.019 ) T:193 (   0.016   0.023   0.028   0.031   0.031   0.031 )
1939.957: I:1 (   0.019   0.019   0.019 ) T:194 (   0.016   0.023   0.028   0.031   0.031   0.031 )
1949.957: I:1 (   0.021   0.021   0.021 ) T:195 (   0.016   0.023   0.028   0.031   0.031   0.031 )
1959.957: I:1 (   0.023   0.023   0.023 ) T:196 (   0.016   0.023   0.028   0.031   0.031   0.031 )
1969.957: I:1 (   0.015   0.015   0.015 ) T:197 (   0.016   0.023   0.028   0.031   0.031   0.031 )
1979.957: I:1 (   0.015   0.015   0.015 ) T:198 (   0.016   0.023   0.028   0.031   0.031   0.031 )
1989.958: I:1 (   0.016   0.016   0.016 ) T:199 (   0.016   0.023   0.028   0.031   0.031   0.031 )
1999.958: I:1 (   0.015   0.015   0.015 ) T:200 (   0.016   0.023   0.026   0.031   0.031   0.031 )
2009.957: I:1 (   0.015   0.015   0.015 ) T:201 (   0.016   0.023   0.026   0.031   0.031   0.031 )
2019.957: I:1 (   0.018   0.018   0.018 ) T:202 (   0.016   0.023   0.026   0.031   0.031   0.031 )
2029.957: I:1 (   0.021   0.021   0.021 ) T:203 (   0.016   0.023   0.026   0.031   0.031   0.031 )
2039.957: I:1 (   0.015   0.015   0.015 ) T:204 (   0.016   0.023   0.026   0.031   0.031   0.031 )
2049.957: I:1 (   0.020   0.020   0.020 ) T:205 (   0.016   0.023   0.026   0.031   0.031   0.031 )
2059.957: I:1 (   0.024   0.024   0.024 ) T:206 (   0.016   0.023   0.026   0.031   0.031   0.031 )
2069.957: I:1 (   0.027   0.027   0.027 ) T:207 (   0.016   0.023   0.027   0.031   0.031   0.031 )
2079.957: I:1 (   0.017   0.017   0.017 ) T:208 (   0.016   0.023   0.027   0.031   0.031   0.031 )
2089.957: I:1 (   0.025   0.025   0.025 ) T:209 (   0.016   0.023   0.027   0.031   0.031   0.031 )
2099.957: I:1 (   0.023   0.023   0.023 ) T:210 (   0.016   0.023   0.027   0.031   0.031   0.031 )
2109.957: I:1 (   0.022   0.022   0.022 ) T:211 (   0.016   0.023   0.027   0.031   0.031   0.031 )
2119.957: I:1 (   0.010   0.010   0.010 ) T:212 (   0.016   0.023   0.027   0.031   0.031   0.031 )
2129.957: I:1 (   0.022   0.022   0.022 ) T:213 (   0.016   0.023   0.027   0.031   0.031   0.031 )
2139.957: I:1 (   0.026   0.026   0.026 ) T:214 (   0.016   0.023   0.027   0.031   0.031   0.031 )
2149.957: I:1 (   0.025   0.025   0.025 ) T:215 (   0.016   0.023   0.027   0.031   0.031   0.031 )
2159.957: I:1 (   0.008   0.008   0.008 ) T:216 (   0.016   0.023   0.027   0.031   0.031   0.031 )
2169.957: I:1 (   0.021   0.021   0.021 ) T:217 (   0.016   0.023   0.027   0.031   0.031   0.031 )
2179.957: I:1 (   0.023   0.023   0.023 ) T:218 (   0.016   0.023   0.027   0.031   0.031   0.031 )
2189.957: I:1 (   0.024   0.024   0.024 ) T:219 (   0.016   0.023   0.027   0.031   0.031   0.031 )
2199.957: I:1 (   0.010   0.010   0.010 ) T:220 (   0.016   0.023   0.027   0.031   0.031   0.031 )
2209.957: I:1 (   0.018   0.018   0.018 ) T:221 (   0.016   0.023   0.027   0.031   0.031   0.031 )
2219.957: I:1 (   0.022   0.022   0.022 ) T:222 (   0.016   0.023   0.027   0.031   0.031   0.031 )
2229.957: I:1 (   0.025   0.025   0.025 ) T:223 (   0.016   0.023   0.027   0.031   0.031   0.031 )
2239.957: I:1 (   0.008   0.008   0.008 ) T:224 (   0.016   0.023   0.027   0.031   0.031   0.031 )
2249.957: I:1 (   0.014   0.014   0.014 ) T:225 (   0.016   0.023   0.027   0.031   0.031   0.031 )
2259.957: I:1 (   0.019   0.019   0.019 ) T:226 (   0.016   0.023   0.027   0.031   0.031   0.031 )
2269.957: I:1 (   0.018   0.018   0.018 ) T:227 (   0.016   0.023   0.027   0.031   0.031   0.031 )
2279.957: I:1 (   0.014   0.014   0.014 ) T:228 (   0.016   0.023   0.027   0.031   0.031   0.031 )
2289.957: I:1 (   0.009   0.009   0.009 ) T:229 (   0.016   0.023   0.027   0.031   0.031   0.031 )
2299.957: I:1 (   0.026   0.026   0.026 ) T:230 (   0.016   0.023   0.027   0.031   0.031   0.031 )
2309.957: I:1 (   0.028   0.028   0.028 ) T:231 (   0.016   0.023   0.028   0.031   0.031   0.031 )
2319.957: I:1 (   0.021   0.021   0.021 ) T:232 (   0.016   0.023   0.028   0.031   0.031   0.031 )
2329.957: I:1 (   0.004   0.004   0.004 ) T:233 (   0.016   0.023   0.028   0.031   0.031   0.031 )
2339.957: I:1 (   0.017   0.017   0.017 ) T:234 (   0.016   0.023   0.028   0.031   0.031   0.031 )
2349.957: I:1 (   0.023   0.023   0.023 ) T:235 (   0.017   0.023   0.028   0.031   0.031   0.031 )
2359.957: I:1 (   0.019   0.019   0.019 ) T:236 (   0.017   0.023   0.028   0.031   0.031   0.031 )
2369.957: I:1 (   0.014   0.014   0.014 ) T:237 (   0.017   0.023   0.028   0.031   0.031   0.031 )
2379.957: I:1 (   0.014   0.014   0.014 ) T:238 (   0.016   0.023   0.028   0.031   0.031   0.031 )
2389.957: I:1 (   0.025   0.025   0.025 ) T:239 (   0.017   0.024   0.028   0.031   0.031   0.031 )
2399.957: I:1 (   0.022   0.022   0.022 ) T:240 (   0.017   0.023   0.028   0.031   0.031   0.031 )
2409.957: I:1 (   0.020   0.020   0.020 ) T:241 (   0.017   0.023   0.028   0.031   0.031   0.031 )
2419.957: I:1 (   0.007   0.007   0.007 ) T:242 (   0.017   0.023   0.028   0.031   0.031   0.031 )
2429.957: I:1 (   0.022   0.022   0.022 ) T:243 (   0.017   0.023   0.028   0.031   0.031   0.031 )
2439.957: I:1 (   0.019   0.019   0.019 ) T:244 (   0.017   0.023   0.028   0.031   0.031   0.031 )
2449.957: I:1 (   0.023   0.023   0.023 ) T:245 (   0.017   0.023   0.028   0.031   0.031   0.031 )
2459.957: I:1 (   0.003   0.003   0.003 ) T:246 (   0.017   0.023   0.028   0.031   0.031   0.031 )
2469.957: I:1 (   0.021   0.021   0.021 ) T:247 (   0.017   0.023   0.028   0.031   0.031   0.031 )
2479.957: I:1 (   0.019   0.019   0.019 ) T:248 (   0.017   0.023   0.028   0.031   0.031   0.031 )
2489.957: I:1 (   0.021   0.021   0.021 ) T:249 (   0.017   0.023   0.028   0.031   0.031   0.031 )
2499.957: I:1 (   0.012   0.012   0.012 ) T:250 (   0.017   0.023   0.028   0.031   0.031   0.031 )
2509.957: I:1 (   0.011   0.011   0.011 ) T:251 (   0.017   0.023   0.028   0.031   0.031   0.031 )
2519.957: I:1 (   0.020   0.020   0.020 ) T:252 (   0.017   0.023   0.028   0.031   0.031   0.031 )
2529.957: I:1 (   0.025   0.025   0.025 ) T:253 (   0.017   0.023   0.028   0.031   0.031   0.031 )
2539.957: I:1 (   0.023   0.023   0.023 ) T:254 (   0.017   0.023   0.028   0.031   0.031   0.031 )
2549.957: I:1 (   0.007   0.007   0.007 ) T:255 (   0.017   0.023   0.028   0.031   0.031   0.031 )
2559.957: I:1 (   0.010   0.010   0.010 ) T:256 (   0.017   0.023   0.028   0.031   0.031   0.031 )
2569.957: I:1 (   0.000   0.000   0.000 ) T:257 (   0.017   0.023   0.028   0.031   0.031   0.031 )
2579.957: I:1 (   0.015   0.015   0.015 ) T:258 (   0.017   0.023   0.028   0.031   0.031   0.031 )
2589.957: I:1 (   0.025   0.025   0.025 ) T:259 (   0.017   0.024   0.028   0.031   0.031   0.031 )
2599.957: I:1 (   0.025   0.025   0.025 ) T:260 (   0.017   0.024   0.028   0.031   0.031   0.031 )
2609.957: I:1 (   0.026   0.026   0.026 ) T:261 (   0.017   0.024   0.028   0.031   0.031   0.031 )
2619.957: I:1 (   0.022   0.022   0.022 ) T:262 (   0.017   0.024   0.028   0.031   0.031   0.031 )
2629.960: I:1 (   0.023   0.023   0.023 ) T:263 (   0.017   0.024   0.028   0.031   0.031   0.031 )
2639.957: I:1 (   0.025   0.025   0.025 ) T:264 (   0.017   0.024   0.028   0.031   0.031   0.031 )
2649.957: I:1 (   0.021   0.021   0.021 ) T:265 (   0.017   0.024   0.028   0.031   0.031   0.031 )
2659.957: I:1 (   0.025   0.025   0.025 ) T:266 (   0.017   0.024   0.028   0.031   0.031   0.031 )
2669.957: I:1 (   0.021   0.021   0.021 ) T:267 (   0.017   0.024   0.028   0.031   0.031   0.031 )
2679.957: I:1 (   0.025   0.025   0.025 ) T:268 (   0.017   0.024   0.028   0.031   0.031   0.031 )
2689.960: I:1 (   0.023   0.023   0.023 ) T:269 (   0.017   0.024   0.028   0.031   0.031   0.031 )
2699.957: I:1 (   0.022   0.022   0.022 ) T:270 (   0.017   0.024   0.028   0.031   0.031   0.031 )
2709.957: I:1 (   0.019   0.019   0.019 ) T:271 (   0.017   0.024   0.028   0.031   0.031   0.031 )
2719.957: I:1 (   0.021   0.021   0.021 ) T:272 (   0.017   0.024   0.028   0.031   0.031   0.031 )
2729.957: I:1 (   0.023   0.023   0.023 ) T:273 (   0.017   0.024   0.028   0.031   0.031   0.031 )
2739.957: I:1 (   0.021   0.021   0.021 ) T:274 (   0.017   0.024   0.028   0.031   0.031   0.031 )
2749.957: I:1 (   0.022   0.022   0.022 ) T:275 (   0.017   0.024   0.028   0.031   0.031   0.031 )
2759.957: I:1 (   0.018   0.018   0.018 ) T:276 (   0.017   0.024   0.028   0.031   0.031   0.031 )
2769.957: I:1 (   0.021   0.021   0.021 ) T:277 (   0.017   0.024   0.028   0.031   0.031   0.031 )
2779.957: I:1 (   0.021   0.021   0.021 ) T:278 (   0.017   0.024   0.028   0.031   0.031   0.031 )
2789.957: I:1 (   0.022   0.022   0.022 ) T:279 (   0.017   0.024   0.028   0.031   0.031   0.031 )
2799.957: I:1 (   0.023   0.023   0.023 ) T:280 (   0.017   0.024   0.028   0.031   0.031   0.031 )
2809.957: I:1 (   0.023   0.023   0.023 ) T:281 (   0.017   0.024   0.028   0.031   0.031   0.031 )
2819.957: I:1 (   0.023   0.023   0.023 ) T:282 (   0.017   0.024   0.028   0.031   0.031   0.031 )
2829.957: I:1 (   0.020   0.020   0.020 ) T:283 (   0.017   0.024   0.028   0.031   0.031   0.031 )
2839.957: I:1 (   0.024   0.024   0.024 ) T:284 (   0.017   0.024   0.028   0.031   0.031   0.031 )
2849.957: I:1 (   0.023   0.023   0.023 ) T:285 (   0.017   0.024   0.028   0.031   0.031   0.031 )
2859.957: I:1 (   0.024   0.024   0.024 ) T:286 (   0.017   0.024   0.028   0.031   0.031   0.031 )
2869.957: I:1 (   0.023   0.023   0.023 ) T:287 (   0.017   0.024   0.028   0.031   0.031   0.031 )
2879.957: I:1 (   0.024   0.024   0.024 ) T:288 (   0.017   0.024   0.028   0.031   0.031   0.031 )
2889.957: I:1 (   0.021   0.021   0.021 ) T:289 (   0.017   0.024   0.028   0.031   0.031   0.031 )
2899.957: I:1 (   0.022   0.022   0.022 ) T:290 (   0.017   0.024   0.028   0.031   0.031   0.031 )
2909.957: I:1 (   0.021   0.021   0.021 ) T:291 (   0.018   0.024   0.028   0.031   0.031   0.031 )
2919.957: I:1 (   0.022   0.022   0.022 ) T:292 (   0.018   0.024   0.028   0.031   0.031   0.031 )
2929.957: I:1 (   0.024   0.024   0.024 ) T:293 (   0.018   0.024   0.028   0.031   0.031   0.031 )
2939.957: I:1 (   0.022   0.022   0.022 ) T:294 (   0.018   0.024   0.028   0.031   0.031   0.031 )
2949.957: I:1 (   0.018   0.018   0.018 ) T:295 (   0.018   0.024   0.028   0.031   0.031   0.031 )
2959.957: I:1 (   0.021   0.021   0.021 ) T:296 (   0.018   0.024   0.028   0.031   0.031   0.031 )
2969.957: I:1 (   0.020   0.020   0.020 ) T:297 (   0.018   0.024   0.028   0.031   0.031   0.031 )
2979.957: I:1 (   0.027   0.027   0.027 ) T:298 (   0.018   0.024   0.028   0.031   0.031   0.031 )
2989.957: I:1 (   0.021   0.021   0.021 ) T:299 (   0.018   0.024   0.028   0.031   0.031   0.031 )
2999.957: I:1 (   0.018   0.018   0.018 ) T:300 (   0.018   0.024   0.027   0.031   0.031   0.031 )
3009.957: I:1 (   0.013   0.013   0.013 ) T:301 (   0.018   0.024   0.027   0.031   0.031   0.031 )
3019.957: I:1 (   0.024   0.024   0.024 ) T:302 (   0.018   0.024   0.027   0.031   0.031   0.031 )
3029.957: I:1 (   0.025   0.025   0.025 ) T:303 (   0.018   0.024   0.027   0.031   0.031   0.031 )
3039.957: I:1 (   0.022   0.022   0.022 ) T:304 (   0.018   0.024   0.027   0.031   0.031   0.031 )
3049.957: I:1 (   0.015   0.015   0.015 ) T:305 (   0.018   0.024   0.027   0.031   0.031   0.031 )
3059.957: I:1 (   0.025   0.025   0.025 ) T:306 (   0.018   0.024   0.027   0.031   0.031   0.031 )
3069.957: I:1 (   0.024   0.024   0.024 ) T:307 (   0.018   0.024   0.027   0.031   0.031   0.031 )
3079.957: I:1 (   0.024   0.024   0.024 ) T:308 (   0.018   0.024   0.027   0.031   0.031   0.031 )
3089.957: I:1 (   0.010   0.010   0.010 ) T:309 (   0.018   0.024   0.027   0.031   0.031   0.031 )
3099.957: I:1 (   0.024   0.024   0.024 ) T:310 (   0.018   0.024   0.027   0.031   0.031   0.031 )
3109.957: I:1 (   0.026   0.026   0.026 ) T:311 (   0.018   0.024   0.027   0.031   0.031   0.031 )
3119.957: I:1 (   0.025   0.025   0.025 ) T:312 (   0.018   0.024   0.027   0.031   0.031   0.031 )
3129.957: I:1 (   0.005   0.005   0.005 ) T:313 (   0.018   0.024   0.027   0.031   0.031   0.031 )
3139.957: I:1 (   0.015   0.015   0.015 ) T:314 (   0.018   0.024   0.027   0.031   0.031   0.031 )
3149.957: I:1 (   0.025   0.025   0.025 ) T:315 (   0.018   0.024   0.027   0.031   0.031   0.031 )
3159.957: I:1 (   0.024   0.024   0.024 ) T:316 (   0.018   0.024   0.027   0.031   0.031   0.031 )
3169.957: I:1 (   0.007   0.007   0.007 ) T:317 (   0.018   0.024   0.027   0.031   0.031   0.031 )
3179.957: I:1 (   0.012   0.012   0.012 ) T:318 (   0.018   0.024   0.027   0.031   0.031   0.031 )
3189.957: I:1 (   0.021   0.021   0.021 ) T:319 (   0.018   0.024   0.027   0.031   0.031   0.031 )
3199.957: I:1 (   0.021   0.021   0.021 ) T:320 (   0.018   0.024   0.027   0.031   0.031   0.031 )
3209.957: I:1 (   0.019   0.019   0.019 ) T:321 (   0.018   0.024   0.027   0.031   0.031   0.031 )
3219.957: I:1 (   0.012   0.012   0.012 ) T:322 (   0.018   0.024   0.027   0.031   0.031   0.031 )
3229.957: I:1 (   0.025   0.025   0.025 ) T:323 (   0.018   0.024   0.027   0.031   0.031   0.031 )
3239.957: I:1 (   0.023   0.023   0.023 ) T:324 (   0.018   0.024   0.027   0.031   0.031   0.031 )
3249.957: I:1 (   0.023   0.023   0.023 ) T:325 (   0.018   0.024   0.027   0.031   0.031   0.031 )
3259.957: I:1 (   0.007   0.007   0.007 ) T:326 (   0.018   0.024   0.027   0.031   0.031   0.031 )
3269.957: I:1 (   0.020   0.020   0.020 ) T:327 (   0.018   0.024   0.027   0.031   0.031   0.031 )
3279.957: I:1 (   0.023   0.023   0.023 ) T:328 (   0.018   0.024   0.027   0.031   0.031   0.031 )
3289.957: I:1 (   0.023   0.023   0.023 ) T:329 (   0.018   0.024   0.027   0.031   0.031   0.031 )
3299.957: I:1 (   0.004   0.004   0.004 ) T:330 (   0.018   0.024   0.027   0.031   0.031   0.031 )
3309.957: I:1 (   0.023   0.023   0.023 ) T:331 (   0.018   0.024   0.027   0.031   0.031   0.031 )
3319.957: I:1 (   0.018   0.018   0.018 ) T:332 (   0.018   0.024   0.027   0.031   0.031   0.031 )
3329.957: I:1 (   0.023   0.023   0.023 ) T:333 (   0.018   0.024   0.027   0.031   0.031   0.031 )
3339.957: I:1 (   0.013   0.013   0.013 ) T:334 (   0.018   0.024   0.027   0.031   0.031   0.031 )
3349.957: I:1 (   0.015   0.015   0.015 ) T:335 (   0.018   0.024   0.027   0.031   0.031   0.031 )
3359.957: I:1 (   0.026   0.026   0.026 ) T:336 (   0.018   0.024   0.027   0.031   0.031   0.031 )
3369.957: I:1 (   0.020   0.020   0.020 ) T:337 (   0.018   0.024   0.027   0.031   0.031   0.031 )
3379.957: I:1 (   0.011   0.011   0.011 ) T:338 (   0.018   0.024   0.027   0.031   0.031   0.031 )
3389.957: I:1 (   0.005   0.005   0.005 ) T:339 (   0.018   0.024   0.027   0.031   0.031   0.031 )
3399.957: I:1 (   0.022   0.022   0.022 ) T:340 (   0.018   0.024   0.027   0.031   0.031   0.031 )
3409.957: I:1 (   0.024   0.024   0.024 ) T:341 (   0.018   0.024   0.027   0.031   0.031   0.031 )
3419.957: I:1 (   0.022   0.022   0.022 ) T:342 (   0.018   0.024   0.027   0.031   0.031   0.031 )
3429.957: I:1 (   0.006   0.006   0.006 ) T:343 (   0.018   0.024   0.027   0.031   0.031   0.031 )
3439.957: I:1 (   0.022   0.022   0.022 ) T:344 (   0.018   0.024   0.027   0.031   0.031   0.031 )
3449.957: I:1 (   0.022   0.022   0.022 ) T:345 (   0.018   0.024   0.027   0.031   0.031   0.031 )
3459.957: I:1 (   0.024   0.024   0.024 ) T:346 (   0.018   0.024   0.027   0.031   0.031   0.031 )
3469.957: I:1 (   0.008   0.008   0.008 ) T:347 (   0.018   0.024   0.027   0.031   0.031   0.031 )
3479.957: I:1 (   0.012   0.012   0.012 ) T:348 (   0.018   0.024   0.027   0.031   0.031   0.031 )
3489.957: I:1 (   0.000   0.000   0.000 ) T:349 (   0.018   0.024   0.027   0.031   0.031   0.031 )
3499.957: I:1 (   0.001   0.001   0.001 ) T:350 (   0.018   0.024   0.027   0.031   0.031   0.031 )
3509.957: I:1 (   0.020   0.020   0.020 ) T:351 (   0.018   0.024   0.027   0.031   0.031   0.031 )
3519.957: I:1 (   0.025   0.025   0.025 ) T:352 (   0.018   0.024   0.027   0.031   0.031   0.031 )
3529.957: I:1 (   0.021   0.021   0.021 ) T:353 (   0.018   0.024   0.027   0.031   0.031   0.031 )
3539.957: I:1 (   0.021   0.021   0.021 ) T:354 (   0.018   0.024   0.027   0.031   0.031   0.031 )
3549.957: I:1 (   0.020   0.020   0.020 ) T:355 (   0.018   0.024   0.027   0.031   0.031   0.031 )
3559.957: I:1 (   0.021   0.021   0.021 ) T:356 (   0.018   0.024   0.027   0.031   0.031   0.031 )
3569.957: I:1 (   0.025   0.025   0.025 ) T:357 (   0.018   0.024   0.027   0.031   0.031   0.031 )
3579.957: I:1 (   0.016   0.016   0.016 ) T:358 (   0.018   0.024   0.027   0.031   0.031   0.031 )
3589.957: I:1 (   0.022   0.022   0.022 ) T:359 (   0.018   0.024   0.027   0.031   0.031   0.031 )
3599.957: I:1 (   0.024   0.024   0.024 ) T:360 (   0.018   0.024   0.027   0.031   0.031   0.031 )
3609.957: I:1 (   0.024   0.024   0.024 ) T:361 (   0.019   0.024   0.027   0.031   0.031   0.031 )
3619.957: I:1 (   0.022   0.022   0.022 ) T:362 (   0.019   0.024   0.027   0.031   0.031   0.031 )
3629.957: I:1 (   0.021   0.021   0.021 ) T:363 (   0.019   0.024   0.027   0.031   0.031   0.031 )
3639.957: I:1 (   0.021   0.021   0.021 ) T:364 (   0.019   0.024   0.027   0.031   0.031   0.031 )
3649.957: I:1 (   0.018   0.018   0.018 ) T:365 (   0.019   0.024   0.027   0.031   0.031   0.031 )
3659.957: I:1 (   0.024   0.024   0.024 ) T:366 (   0.019   0.024   0.027   0.031   0.031   0.031 )
3669.957: I:1 (   0.024   0.024   0.024 ) T:367 (   0.019   0.024   0.027   0.031   0.031   0.031 )
3679.957: I:1 (   0.021   0.021   0.021 ) T:368 (   0.019   0.024   0.027   0.031   0.031   0.031 )
3689.957: I:1 (   0.022   0.022   0.022 ) T:369 (   0.019   0.024   0.027   0.031   0.031   0.031 )
3699.957: I:1 (   0.022   0.022   0.022 ) T:370 (   0.019   0.024   0.027   0.031   0.031   0.031 )
3709.957: I:1 (   0.019   0.019   0.019 ) T:371 (   0.019   0.024   0.027   0.031   0.031   0.031 )
3719.957: I:1 (   0.026   0.026   0.026 ) T:372 (   0.019   0.024   0.027   0.031   0.031   0.031 )
3729.957: I:1 (   0.022   0.022   0.022 ) T:373 (   0.019   0.024   0.027   0.031   0.031   0.031 )
3739.957: I:1 (   0.022   0.022   0.022 ) T:374 (   0.019   0.024   0.027   0.031   0.031   0.031 )
3749.957: I:1 (   0.023   0.023   0.023 ) T:375 (   0.019   0.024   0.027   0.031   0.031   0.031 )
3759.957: I:1 (   0.016   0.016   0.016 ) T:376 (   0.019   0.024   0.027   0.031   0.031   0.031 )
3769.957: I:1 (   0.014   0.014   0.014 ) T:377 (   0.019   0.024   0.027   0.031   0.031   0.031 )
3779.957: I:1 (   0.016   0.016   0.016 ) T:378 (   0.019   0.024   0.027   0.031   0.031   0.031 )
3789.957: I:1 (   0.017   0.017   0.017 ) T:379 (   0.019   0.024   0.027   0.031   0.031   0.031 )
3799.957: I:1 (   0.019   0.019   0.019 ) T:380 (   0.019   0.024   0.027   0.031   0.031   0.031 )
3809.957: I:1 (   0.022   0.022   0.022 ) T:381 (   0.019   0.024   0.027   0.031   0.031   0.031 )
3819.957: I:1 (   0.021   0.021   0.021 ) T:382 (   0.019   0.024   0.027   0.031   0.031   0.031 )
3829.957: I:1 (   0.021   0.021   0.021 ) T:383 (   0.019   0.024   0.027   0.031   0.031   0.031 )
3839.957: I:1 (   0.020   0.020   0.020 ) T:384 (   0.019   0.024   0.027   0.031   0.031   0.031 )
3849.957: I:1 (   0.022   0.022   0.022 ) T:385 (   0.019   0.024   0.027   0.031   0.031   0.031 )
3859.957: I:1 (   0.024   0.024   0.024 ) T:386 (   0.019   0.024   0.027   0.031   0.031   0.031 )
3869.957: I:1 (   0.023   0.023   0.023 ) T:387 (   0.019   0.024   0.027   0.031   0.031   0.031 )
3879.957: I:1 (   0.018   0.018   0.018 ) T:388 (   0.019   0.024   0.027   0.031   0.031   0.031 )
3889.957: I:1 (   0.020   0.020   0.020 ) T:389 (   0.019   0.024   0.027   0.031   0.031   0.031 )
3899.957: I:1 (   0.022   0.022   0.022 ) T:390 (   0.019   0.024   0.027   0.031   0.031   0.031 )
3909.957: I:1 (   0.016   0.016   0.016 ) T:391 (   0.019   0.024   0.027   0.031   0.031   0.031 )
3919.957: I:1 (   0.015   0.015   0.015 ) T:392 (   0.019   0.024   0.027   0.031   0.031   0.031 )
3929.957: I:1 (   0.024   0.024   0.024 ) T:393 (   0.019   0.024   0.027   0.031   0.031   0.031 )
3939.957: I:1 (   0.016   0.016   0.016 ) T:394 (   0.019   0.024   0.027   0.031   0.031   0.031 )
3949.957: I:1 (   0.026   0.026   0.026 ) T:395 (   0.019   0.024   0.027   0.031   0.031   0.031 )
3959.957: I:1 (   0.011   0.011   0.011 ) T:396 (   0.019   0.024   0.027   0.031   0.031   0.031 )
3969.957: I:1 (   0.016   0.016   0.016 ) T:397 (   0.019   0.024   0.027   0.031   0.031   0.031 )
3979.957: I:1 (   0.022   0.022   0.022 ) T:398 (   0.019   0.024   0.027   0.031   0.031   0.031 )
3989.957: I:1 (   0.023   0.023   0.023 ) T:399 (   0.019   0.024   0.027   0.031   0.031   0.031 )
3999.957: I:1 (   0.005   0.005   0.005 ) T:400 (   0.019   0.024   0.027   0.031   0.031   0.031 )
4009.957: I:1 (   0.015   0.015   0.015 ) T:401 (   0.019   0.024   0.027   0.031   0.031   0.031 )
4019.957: I:1 (   0.023   0.023   0.023 ) T:402 (   0.019   0.024   0.027   0.031   0.031   0.031 )
4029.957: I:1 (   0.024   0.024   0.024 ) T:403 (   0.019   0.024   0.027   0.031   0.031   0.031 )
4039.957: I:1 (   0.006   0.006   0.006 ) T:404 (   0.019   0.024   0.027   0.031   0.031   0.031 )
4049.957: I:1 (   0.019   0.019   0.019 ) T:405 (   0.019   0.024   0.027   0.031   0.031   0.031 )
4059.957: I:1 (   0.021   0.021   0.021 ) T:406 (   0.019   0.024   0.027   0.031   0.031   0.031 )
4069.957: I:1 (   0.025   0.025   0.025 ) T:407 (   0.019   0.024   0.027   0.031   0.031   0.031 )
4079.957: I:1 (   0.014   0.014   0.014 ) T:408 (   0.019   0.024   0.027   0.031   0.031   0.031 )
4089.957: I:1 (   0.016   0.016   0.016 ) T:409 (   0.019   0.024   0.027   0.031   0.031   0.031 )
4099.957: I:1 (   0.028   0.028   0.028 ) T:410 (   0.019   0.024   0.027   0.031   0.031   0.031 )
4109.957: I:1 (   0.018   0.018   0.018 ) T:411 (   0.019   0.024   0.027   0.031   0.031   0.031 )
4119.957: I:1 (   0.017   0.017   0.017 ) T:412 (   0.019   0.024   0.027   0.031   0.031   0.031 )
4129.957: I:1 (   0.010   0.010   0.010 ) T:413 (   0.019   0.024   0.027   0.031   0.031   0.031 )
4139.957: I:1 (   0.015   0.015   0.015 ) T:414 (   0.019   0.024   0.027   0.031   0.031   0.031 )
4149.957: I:1 (   0.023   0.023   0.023 ) T:415 (   0.019   0.024   0.027   0.031   0.031   0.031 )
4159.957: I:1 (   0.023   0.023   0.023 ) T:416 (   0.019   0.024   0.027   0.031   0.031   0.031 )
4169.957: I:1 (   0.003   0.003   0.003 ) T:417 (   0.019   0.024   0.027   0.031   0.031   0.031 )
4179.957: I:1 (   0.019   0.019   0.019 ) T:418 (   0.019   0.024   0.027   0.031   0.031   0.031 )
4189.957: I:1 (   0.022   0.022   0.022 ) T:419 (   0.019   0.024   0.027   0.031   0.031   0.031 )
4199.957: I:1 (   0.023   0.023   0.023 ) T:420 (   0.019   0.024   0.027   0.031   0.031   0.031 )
4209.957: I:1 (   0.007   0.007   0.007 ) T:421 (   0.019   0.024   0.027   0.031   0.031   0.031 )
4219.957: I:1 (   0.016   0.016   0.016 ) T:422 (   0.019   0.024   0.027   0.031   0.031   0.031 )
4229.957: I:1 (   0.022   0.022   0.022 ) T:423 (   0.019   0.024   0.027   0.031   0.031   0.031 )
4239.957: I:1 (   0.023   0.023   0.023 ) T:424 (   0.019   0.024   0.027   0.031   0.031   0.031 )
4249.957: I:1 (   0.015   0.015   0.015 ) T:425 (   0.019   0.024   0.027   0.031   0.031   0.031 )
4259.957: I:1 (   0.010   0.010   0.010 ) T:426 (   0.019   0.024   0.027   0.031   0.031   0.031 )
4270.026: I:1 (   0.021   0.021   0.021 ) T:427 (   0.019   0.024   0.027   0.031   0.031   0.031 )
4279.957: I:1 (   0.022   0.022   0.022 ) T:428 (   0.019   0.024   0.027   0.031   0.031   0.031 )
4289.957: I:1 (   0.027   0.027   0.027 ) T:429 (   0.019   0.024   0.027   0.031   0.031   0.031 )
4299.957: I:1 (   0.003   0.003   0.003 ) T:430 (   0.019   0.024   0.027   0.031   0.031   0.031 )
4309.957: I:1 (   0.020   0.020   0.020 ) T:431 (   0.019   0.024   0.027   0.031   0.031   0.031 )
4319.957: I:1 (   0.026   0.026   0.026 ) T:432 (   0.019   0.024   0.027   0.031   0.031   0.031 )
4329.957: I:1 (   0.019   0.019   0.019 ) T:433 (   0.019   0.024   0.027   0.031   0.031   0.031 )
4339.957: I:1 (   0.005   0.005   0.005 ) T:434 (   0.019   0.024   0.027   0.031   0.031   0.031 )
4349.957: I:1 (   0.021   0.021   0.021 ) T:435 (   0.019   0.024   0.027   0.031   0.031   0.031 )
4359.957: I:1 (   0.025   0.025   0.025 ) T:436 (   0.019   0.024   0.027   0.031   0.031   0.031 )
4369.957: I:1 (   0.022   0.022   0.022 ) T:437 (   0.019   0.024   0.027   0.031   0.031   0.031 )
4379.957: I:1 (   0.013   0.013   0.013 ) T:438 (   0.019   0.024   0.027   0.031   0.031   0.031 )
4389.957: I:1 (   0.013   0.013   0.013 ) T:439 (   0.019   0.024   0.027   0.031   0.031   0.031 )
4399.957: I:1 (   0.020   0.020   0.020 ) T:440 (   0.019   0.024   0.027   0.031   0.031   0.031 )
4409.957: I:1 (   0.005   0.005   0.005 ) T:441 (   0.019   0.024   0.027   0.031   0.031   0.031 )
4419.957: I:1 (   0.000   0.000   0.000 ) T:442 (   0.019   0.024   0.027   0.031   0.031   0.031 )
4429.957: I:1 (   0.017   0.017   0.017 ) T:443 (   0.019   0.024   0.027   0.031   0.031   0.031 )
4439.957: I:1 (   0.023   0.023   0.023 ) T:444 (   0.019   0.024   0.027   0.031   0.031   0.031 )
4449.957: I:1 (   0.021   0.021   0.021 ) T:445 (   0.019   0.024   0.027   0.031   0.031   0.031 )
4459.957: I:1 (   0.023   0.023   0.023 ) T:446 (   0.019   0.024   0.027   0.031   0.031   0.031 )
4469.957: I:1 (   0.024   0.024   0.024 ) T:447 (   0.019   0.024   0.027   0.031   0.031   0.031 )
4479.957: I:1 (   0.026   0.026   0.026 ) T:448 (   0.019   0.024   0.027   0.031   0.031   0.031 )
4489.957: I:1 (   0.022   0.022   0.022 ) T:449 (   0.019   0.024   0.027   0.031   0.031   0.031 )
4499.957: I:1 (   0.021   0.021   0.021 ) T:450 (   0.019   0.024   0.027   0.031   0.031   0.031 )
4509.957: I:1 (   0.021   0.021   0.021 ) T:451 (   0.019   0.024   0.027   0.031   0.031   0.031 )
4519.957: I:1 (   0.023   0.023   0.023 ) T:452 (   0.019   0.024   0.027   0.031   0.031   0.031 )
4529.957: I:1 (   0.023   0.023   0.023 ) T:453 (   0.019   0.024   0.027   0.031   0.031   0.031 )
4539.957: I:1 (   0.015   0.015   0.015 ) T:454 (   0.019   0.024   0.027   0.031   0.031   0.031 )
4549.957: I:1 (   0.025   0.025   0.025 ) T:455 (   0.019   0.024   0.027   0.031   0.031   0.031 )
4559.957: I:1 (   0.022   0.022   0.022 ) T:456 (   0.019   0.024   0.027   0.031   0.031   0.031 )
4569.957: I:1 (   0.019   0.019   0.019 ) T:457 (   0.019   0.024   0.027   0.031   0.031   0.031 )
4579.957: I:1 (   0.020   0.020   0.020 ) T:458 (   0.019   0.024   0.027   0.031   0.031   0.031 )
4589.957: I:1 (   0.027   0.027   0.027 ) T:459 (   0.019   0.024   0.027   0.031   0.031   0.031 )
4599.957: I:1 (   0.023   0.023   0.023 ) T:460 (   0.019   0.024   0.027   0.031   0.031   0.031 )
4609.957: I:1 (   0.024   0.024   0.024 ) T:461 (   0.019   0.024   0.027   0.031   0.031   0.031 )
4619.957: I:1 (   0.022   0.022   0.022 ) T:462 (   0.019   0.024   0.027   0.031   0.031   0.031 )
4629.957: I:1 (   0.024   0.024   0.024 ) T:463 (   0.019   0.024   0.027   0.031   0.031   0.031 )
4639.957: I:1 (   0.024   0.024   0.024 ) T:464 (   0.019   0.024   0.027   0.031   0.031   0.031 )
4649.957: I:1 (   0.021   0.021   0.021 ) T:465 (   0.019   0.024   0.027   0.031   0.031   0.031 )
4659.957: I:1 (   0.023   0.023   0.023 ) T:466 (   0.019   0.024   0.027   0.031   0.031   0.031 )
4669.957: I:1 (   0.027   0.027   0.027 ) T:467 (   0.019   0.024   0.027   0.031   0.031   0.031 )
4679.957: I:1 (   0.020   0.020   0.020 ) T:468 (   0.019   0.024   0.027   0.031   0.031   0.031 )
4689.957: I:1 (   0.021   0.021   0.021 ) T:469 (   0.019   0.024   0.027   0.031   0.031   0.031 )
4699.960: I:1 (   0.024   0.024   0.024 ) T:470 (   0.019   0.024   0.027   0.031   0.031   0.031 )
4709.957: I:1 (   0.021   0.021   0.021 ) T:471 (   0.019   0.024   0.027   0.031   0.031   0.031 )
4719.957: I:1 (   0.021   0.021   0.021 ) T:472 (   0.019   0.024   0.027   0.031   0.031   0.031 )
4729.957: I:1 (   0.019   0.019   0.019 ) T:473 (   0.019   0.024   0.027   0.031   0.031   0.031 )
4739.957: I:1 (   0.023   0.023   0.023 ) T:474 (   0.019   0.024   0.027   0.031   0.031   0.031 )
4749.957: I:1 (   0.020   0.020   0.020 ) T:475 (   0.019   0.024   0.027   0.031   0.031   0.031 )
4759.957: I:1 (   0.019   0.019   0.019 ) T:476 (   0.019   0.024   0.027   0.031   0.031   0.031 )
4769.957: I:1 (   0.021   0.021   0.021 ) T:477 (   0.019   0.024   0.027   0.031   0.031   0.031 )
4779.957: I:1 (   0.021   0.021   0.021 ) T:478 (   0.019   0.024   0.027   0.031   0.031   0.031 )
4789.957: I:1 (   0.022   0.022   0.022 ) T:479 (   0.019   0.024   0.027   0.031   0.031   0.031 )
4799.957: I:1 (   0.021   0.021   0.021 ) T:480 (   0.019   0.024   0.027   0.031   0.031   0.031 )
4809.957: I:1 (   0.011   0.011   0.011 ) T:481 (   0.019   0.024   0.027   0.031   0.031   0.031 )
4819.957: I:1 (   0.024   0.024   0.024 ) T:482 (   0.019   0.024   0.027   0.031   0.031   0.031 )
4829.957: I:1 (   0.018   0.018   0.018 ) T:483 (   0.019   0.024   0.027   0.031   0.031   0.031 )
4839.957: I:1 (   0.021   0.021   0.021 ) T:484 (   0.019   0.024   0.027   0.031   0.031   0.031 )
4849.957: I:1 (   0.012   0.012   0.012 ) T:485 (   0.019   0.024   0.027   0.031   0.031   0.031 )
4859.957: I:1 (   0.021   0.021   0.021 ) T:486 (   0.019   0.024   0.027   0.031   0.031   0.031 )
4869.957: I:1 (   0.022   0.022   0.022 ) T:487 (   0.019   0.024   0.027   0.031   0.031   0.031 )
4879.957: I:1 (   0.021   0.021   0.021 ) T:488 (   0.019   0.024   0.027   0.031   0.031   0.031 )
4889.957: I:1 (   0.016   0.016   0.016 ) T:489 (   0.019   0.024   0.027   0.031   0.031   0.031 )
4899.957: I:1 (   0.020   0.020   0.020 ) T:490 (   0.019   0.024   0.027   0.031   0.031   0.031 )
4909.957: I:1 (   0.024   0.024   0.024 ) T:491 (   0.019   0.024   0.027   0.031   0.031   0.031 )
4919.957: I:1 (   0.023   0.023   0.023 ) T:492 (   0.019   0.024   0.027   0.031   0.031   0.031 )
4929.957: I:1 (   0.008   0.008   0.008 ) T:493 (   0.019   0.024   0.027   0.031   0.031   0.031 )
4939.957: I:1 (   0.020   0.020   0.020 ) T:494 (   0.019   0.024   0.027   0.031   0.031   0.031 )
4949.957: I:1 (   0.023   0.023   0.023 ) T:495 (   0.019   0.024   0.027   0.031   0.031   0.031 )
4959.957: I:1 (   0.019   0.019   0.019 ) T:496 (   0.019   0.024   0.027   0.031   0.031   0.031 )
4969.957: I:1 (   0.009   0.009   0.009 ) T:497 (   0.019   0.024   0.027   0.031   0.031   0.031 )
4979.957: I:1 (   0.020   0.020   0.020 ) T:498 (   0.019   0.024   0.027   0.031   0.031   0.031 )
4989.957: I:1 (   0.019   0.019   0.019 ) T:499 (   0.019   0.024   0.027   0.031   0.031   0.031 )
4999.957: I:1 (   0.021   0.021   0.021 ) T:500 (   0.019   0.024   0.027   0.031   0.031   0.031 )
5009.957: I:1 (   0.013   0.013   0.013 ) T:501 (   0.019   0.024   0.027   0.031   0.031   0.031 )
5019.957: I:1 (   0.013   0.013   0.013 ) T:502 (   0.019   0.024   0.027   0.031   0.031   0.031 )
5029.957: I:1 (   0.023   0.023   0.023 ) T:503 (   0.019   0.024   0.027   0.031   0.031   0.031 )
5039.957: I:1 (   0.023   0.023   0.023 ) T:504 (   0.019   0.024   0.027   0.031   0.031   0.031 )
5049.957: I:1 (   0.016   0.016   0.016 ) T:505 (   0.019   0.024   0.027   0.031   0.031   0.031 )
5059.957: I:1 (   0.008   0.008   0.008 ) T:506 (   0.019   0.024   0.027   0.031   0.031   0.031 )
5069.957: I:1 (   0.021   0.021   0.021 ) T:507 (   0.019   0.024   0.027   0.031   0.031   0.031 )
5079.957: I:1 (   0.027   0.027   0.027 ) T:508 (   0.019   0.024   0.027   0.031   0.031   0.031 )
5089.957: I:1 (   0.021   0.021   0.021 ) T:509 (   0.019   0.024   0.027   0.031   0.031   0.031 )
5099.957: I:1 (   0.004   0.004   0.004 ) T:510 (   0.019   0.024   0.027   0.031   0.031   0.031 )
5109.957: I:1 (   0.021   0.021   0.021 ) T:511 (   0.019   0.024   0.027   0.031   0.031   0.031 )
5119.957: I:1 (   0.022   0.022   0.022 ) T:512 (   0.019   0.024   0.027   0.031   0.031   0.031 )
5129.957: I:1 (   0.025   0.025   0.025 ) T:513 (   0.019   0.024   0.027   0.031   0.031   0.031 )
5139.957: I:1 (   0.013   0.013   0.013 ) T:514 (   0.019   0.024   0.027   0.031   0.031   0.031 )
5149.960: I:1 (   0.015   0.015   0.015 ) T:515 (   0.019   0.024   0.027   0.031   0.031   0.031 )
5159.957: I:1 (   0.024   0.024   0.024 ) T:516 (   0.019   0.024   0.027   0.031   0.031   0.031 )
5169.957: I:1 (   0.023   0.023   0.023 ) T:517 (   0.019   0.024   0.027   0.031   0.031   0.031 )
5179.957: I:1 (   0.016   0.016   0.016 ) T:518 (   0.019   0.024   0.027   0.031   0.031   0.031 )
5189.957: I:1 (   0.006   0.006   0.006 ) T:519 (   0.019   0.024   0.027   0.031   0.031   0.031 )
5199.957: I:1 (   0.023   0.023   0.023 ) T:520 (   0.019   0.024   0.027   0.031   0.031   0.031 )
5209.957: I:1 (   0.025   0.025   0.025 ) T:521 (   0.019   0.024   0.027   0.031   0.031   0.031 )
5219.957: I:1 (   0.018   0.018   0.018 ) T:522 (   0.019   0.024   0.027   0.031   0.031   0.031 )
5229.957: I:1 (   0.004   0.004   0.004 ) T:523 (   0.019   0.024   0.027   0.031   0.031   0.031 )
5239.957: I:1 (   0.018   0.018   0.018 ) T:524 (   0.019   0.024   0.027   0.031   0.031   0.031 )
5249.957: I:1 (   0.023   0.023   0.023 ) T:525 (   0.019   0.024   0.027   0.031   0.031   0.031 )
5259.957: I:1 (   0.020   0.020   0.020 ) T:526 (   0.019   0.024   0.027   0.031   0.031   0.031 )
5269.957: I:1 (   0.009   0.009   0.009 ) T:527 (   0.019   0.024   0.027   0.031   0.031   0.031 )
5279.957: I:1 (   0.016   0.016   0.016 ) T:528 (   0.019   0.024   0.027   0.031   0.031   0.031 )
5289.957: I:1 (   0.024   0.024   0.024 ) T:529 (   0.019   0.024   0.027   0.031   0.031   0.031 )
5299.957: I:1 (   0.022   0.022   0.022 ) T:530 (   0.019   0.024   0.027   0.031   0.031   0.031 )
5309.957: I:1 (   0.019   0.019   0.019 ) T:531 (   0.019   0.024   0.027   0.031   0.031   0.031 )
5320.514: I:1 (   0.008   0.008   0.008 ) T:532 (   0.019   0.024   0.027   0.031   0.031   0.031 )
5329.958: I:1 (   0.013   0.013   0.013 ) T:533 (   0.019   0.024   0.027   0.031   0.031   0.031 )
5339.957: I:1 (   0.000   0.000   0.000 ) T:534 (   0.019   0.024   0.027   0.031   0.031   0.031 )
5349.958: I:1 (   0.003   0.003   0.003 ) T:535 (   0.019   0.024   0.027   0.031   0.031   0.031 )
5359.958: I:1 (   0.026   0.026   0.026 ) T:536 (   0.019   0.024   0.027   0.031   0.031   0.031 )
5369.957: I:1 (   0.025   0.025   0.025 ) T:537 (   0.019   0.024   0.027   0.031   0.031   0.031 )
5379.957: I:1 (   0.024   0.024   0.024 ) T:538 (   0.019   0.024   0.027   0.031   0.031   0.031 )
5389.957: I:1 (   0.022   0.022   0.022 ) T:539 (   0.019   0.024   0.027   0.031   0.031   0.031 )
5399.957: I:1 (   0.023   0.023   0.023 ) T:540 (   0.019   0.024   0.027   0.031   0.031   0.031 )
5409.957: I:1 (   0.023   0.023   0.023 ) T:541 (   0.019   0.024   0.027   0.031   0.031   0.031 )
5419.957: I:1 (   0.020   0.020   0.020 ) T:542 (   0.019   0.024   0.027   0.031   0.031   0.031 )
5429.957: I:1 (   0.024   0.024   0.024 ) T:543 (   0.019   0.024   0.027   0.031   0.031   0.031 )
5439.957: I:1 (   0.024   0.024   0.024 ) T:544 (   0.019   0.024   0.027   0.031   0.031   0.031 )
5449.960: I:1 (   0.024   0.024   0.024 ) T:545 (   0.020   0.024   0.027   0.031   0.031   0.031 )
5459.957: I:1 (   0.019   0.019   0.019 ) T:546 (   0.019   0.024   0.027   0.031   0.031   0.031 )
5469.957: I:1 (   0.021   0.021   0.021 ) T:547 (   0.020   0.024   0.027   0.031   0.031   0.031 )
5479.957: I:1 (   0.020   0.020   0.020 ) T:548 (   0.020   0.024   0.027   0.031   0.031   0.031 )
5489.957: I:1 (   0.019   0.019   0.019 ) T:549 (   0.020   0.024   0.027   0.031   0.031   0.031 )
5499.957: I:1 (   0.020   0.020   0.020 ) T:550 (   0.020   0.024   0.027   0.031   0.031   0.031 )
5509.957: I:1 (   0.023   0.023   0.023 ) T:551 (   0.020   0.024   0.027   0.031   0.031   0.031 )
5519.957: I:1 (   0.024   0.024   0.024 ) T:552 (   0.020   0.024   0.027   0.031   0.031   0.031 )
5529.957: I:1 (   0.021   0.021   0.021 ) T:553 (   0.020   0.024   0.027   0.031   0.031   0.031 )
5539.957: I:1 (   0.020   0.020   0.020 ) T:554 (   0.020   0.024   0.027   0.031   0.031   0.031 )
5549.957: I:1 (   0.021   0.021   0.021 ) T:555 (   0.020   0.024   0.027   0.031   0.031   0.031 )
5559.957: I:1 (   0.024   0.024   0.024 ) T:556 (   0.020   0.024   0.027   0.031   0.031   0.031 )
5569.957: I:1 (   0.024   0.024   0.024 ) T:557 (   0.020   0.024   0.027   0.031   0.031   0.031 )
5579.957: I:1 (   0.016   0.016   0.016 ) T:558 (   0.020   0.024   0.027   0.031   0.031   0.031 )
5589.957: I:1 (   0.020   0.020   0.020 ) T:559 (   0.020   0.024   0.027   0.031   0.031   0.031 )
5599.957: I:1 (   0.021   0.021   0.021 ) T:560 (   0.020   0.024   0.027   0.031   0.031   0.031 )
5609.957: I:1 (   0.021   0.021   0.021 ) T:561 (   0.020   0.024   0.027   0.031   0.031   0.031 )
5619.957: I:1 (   0.020   0.020   0.020 ) T:562 (   0.020   0.024   0.027   0.031   0.031   0.031 )
5629.957: I:1 (   0.024   0.024   0.024 ) T:563 (   0.020   0.024   0.027   0.031   0.031   0.031 )
5639.957: I:1 (   0.023   0.023   0.023 ) T:564 (   0.020   0.024   0.027   0.031   0.031   0.031 )
5649.958: I:1 (   0.024   0.024   0.024 ) T:565 (   0.020   0.024   0.027   0.031   0.031   0.031 )
5659.958: I:1 (   0.024   0.024   0.024 ) T:566 (   0.020   0.024   0.027   0.031   0.031   0.031 )
5669.957: I:1 (   0.025   0.025   0.025 ) T:567 (   0.020   0.024   0.027   0.031   0.031   0.031 )
5679.957: I:1 (   0.015   0.015   0.015 ) T:568 (   0.020   0.024   0.027   0.031   0.031   0.031 )
5689.957: I:1 (   0.015   0.015   0.015 ) T:569 (   0.020   0.024   0.027   0.031   0.031   0.031 )
5699.957: I:1 (   0.020   0.020   0.020 ) T:570 (   0.020   0.024   0.027   0.031   0.031   0.031 )
5709.957: I:1 (   0.023   0.023   0.023 ) T:571 (   0.020   0.024   0.027   0.031   0.031   0.031 )
5719.957: I:1 (   0.018   0.018   0.018 ) T:572 (   0.020   0.024   0.027   0.031   0.031   0.031 )
5729.957: I:1 (   0.016   0.016   0.016 ) T:573 (   0.020   0.024   0.027   0.031   0.031   0.031 )
5739.957: I:1 (   0.022   0.022   0.022 ) T:574 (   0.020   0.024   0.027   0.031   0.031   0.031 )
5749.957: I:1 (   0.019   0.019   0.019 ) T:575 (   0.020   0.024   0.027   0.031   0.031   0.031 )
5759.957: I:1 (   0.010   0.010   0.010 ) T:576 (   0.020   0.024   0.027   0.031   0.031   0.031 )
5769.957: I:1 (   0.021   0.021   0.021 ) T:577 (   0.020   0.024   0.027   0.031   0.031   0.031 )
5779.957: I:1 (   0.021   0.021   0.021 ) T:578 (   0.020   0.024   0.027   0.031   0.031   0.031 )
5789.957: I:1 (   0.020   0.020   0.020 ) T:579 (   0.020   0.024   0.027   0.031   0.031   0.031 )
5799.957: I:1 (   0.009   0.009   0.009 ) T:580 (   0.020   0.024   0.027   0.031   0.031   0.031 )
5809.957: I:1 (   0.024   0.024   0.024 ) T:581 (   0.020   0.024   0.027   0.031   0.031   0.031 )
5819.957: I:1 (   0.020   0.020   0.020 ) T:582 (   0.020   0.024   0.027   0.031   0.031   0.031 )
5829.957: I:1 (   0.018   0.018   0.018 ) T:583 (   0.020   0.024   0.027   0.031   0.031   0.031 )
5839.957: I:1 (   0.009   0.009   0.009 ) T:584 (   0.020   0.024   0.027   0.031   0.031   0.031 )
5849.957: I:1 (   0.016   0.016   0.016 ) T:585 (   0.020   0.024   0.027   0.031   0.031   0.031 )
5859.957: I:1 (   0.020   0.020   0.020 ) T:586 (   0.020   0.024   0.027   0.031   0.031   0.031 )
5869.957: I:1 (   0.023   0.023   0.023 ) T:587 (   0.020   0.024   0.027   0.031   0.031   0.031 )
5879.957: I:1 (   0.003   0.003   0.003 ) T:588 (   0.020   0.024   0.027   0.031   0.031   0.031 )
5889.957: I:1 (   0.020   0.020   0.020 ) T:589 (   0.020   0.024   0.027   0.031   0.031   0.031 )
5899.957: I:1 (   0.019   0.019   0.019 ) T:590 (   0.020   0.024   0.027   0.031   0.031   0.031 )
5909.957: I:1 (   0.023   0.023   0.023 ) T:591 (   0.020   0.024   0.027   0.031   0.031   0.031 )
5919.957: I:1 (   0.012   0.012   0.012 ) T:592 (   0.020   0.024   0.027   0.031   0.031   0.031 )
5929.957: I:1 (   0.015   0.015   0.015 ) T:593 (   0.020   0.024   0.027   0.031   0.031   0.031 )
5939.957: I:1 (   0.020   0.020   0.020 ) T:594 (   0.020   0.024   0.027   0.031   0.031   0.031 )
5949.957: I:1 (   0.026   0.026   0.026 ) T:595 (   0.020   0.024   0.027   0.031   0.031   0.031 )
5959.957: I:1 (   0.018   0.018   0.018 ) T:596 (   0.020   0.024   0.027   0.031   0.031   0.031 )
5969.957: I:1 (   0.012   0.012   0.012 ) T:597 (   0.020   0.024   0.027   0.031   0.031   0.031 )
5979.957: I:1 (   0.017   0.017   0.017 ) T:598 (   0.020   0.024   0.027   0.031   0.031   0.031 )
5989.957: I:1 (   0.019   0.019   0.019 ) T:599 (   0.020   0.024   0.027   0.031   0.031   0.031 )
5999.957: I:1 (   0.018   0.018   0.018 ) T:600 (   0.020   0.024   0.027   0.031   0.031   0.031 )
6009.957: I:1 (   0.004   0.004   0.004 ) T:601 (   0.020   0.024   0.027   0.031   0.031   0.031 )
6019.957: I:1 (   0.022   0.022   0.022 ) T:602 (   0.020   0.024   0.027   0.031   0.031   0.031 )
6029.957: I:1 (   0.024   0.024   0.024 ) T:603 (   0.020   0.024   0.027   0.031   0.031   0.031 )
6039.957: I:1 (   0.022   0.022   0.022 ) T:604 (   0.020   0.024   0.027   0.031   0.031   0.031 )
6049.957: I:1 (   0.011   0.011   0.011 ) T:605 (   0.020   0.024   0.027   0.031   0.031   0.031 )
6059.957: I:1 (   0.014   0.014   0.014 ) T:606 (   0.020   0.024   0.027   0.031   0.031   0.031 )
6069.957: I:1 (   0.020   0.020   0.020 ) T:607 (   0.020   0.024   0.027   0.031   0.031   0.031 )
6079.957: I:1 (   0.022   0.022   0.022 ) T:608 (   0.020   0.024   0.027   0.031   0.031   0.031 )
6089.957: I:1 (   0.023   0.023   0.023 ) T:609 (   0.020   0.024   0.027   0.031   0.031   0.031 )
6099.957: I:1 (   0.010   0.010   0.010 ) T:610 (   0.020   0.024   0.027   0.031   0.031   0.031 )
6109.957: I:1 (   0.022   0.022   0.022 ) T:611 (   0.020   0.024   0.027   0.031   0.031   0.031 )
6119.957: I:1 (   0.022   0.022   0.022 ) T:612 (   0.020   0.024   0.027   0.031   0.031   0.031 )
6129.957: I:1 (   0.019   0.019   0.019 ) T:613 (   0.020   0.024   0.027   0.031   0.031   0.031 )
6139.957: I:1 (   0.004   0.004   0.004 ) T:614 (   0.020   0.024   0.027   0.031   0.031   0.031 )
6149.957: I:1 (   0.023   0.023   0.023 ) T:615 (   0.020   0.024   0.027   0.031   0.031   0.031 )
6159.957: I:1 (   0.020   0.020   0.020 ) T:616 (   0.020   0.024   0.027   0.031   0.031   0.031 )
6169.957: I:1 (   0.023   0.023   0.023 ) T:617 (   0.020   0.024   0.027   0.031   0.031   0.031 )
6179.957: I:1 (   0.009   0.009   0.009 ) T:618 (   0.020   0.024   0.027   0.031   0.031   0.031 )
6189.957: I:1 (   0.018   0.018   0.018 ) T:619 (   0.020   0.024   0.027   0.031   0.031   0.031 )
6199.957: I:1 (   0.022   0.022   0.022 ) T:620 (   0.020   0.024   0.027   0.031   0.031   0.031 )
6209.957: I:1 (   0.018   0.018   0.018 ) T:621 (   0.020   0.024   0.027   0.031   0.031   0.031 )
6219.957: I:1 (   0.019   0.019   0.019 ) T:622 (   0.020   0.024   0.027   0.031   0.031   0.031 )
6229.957: I:1 (   0.009   0.009   0.009 ) T:623 (   0.020   0.024   0.027   0.031   0.031   0.031 )
6239.957: I:1 (   0.021   0.021   0.021 ) T:624 (   0.020   0.024   0.027   0.031   0.031   0.031 )
6249.957: I:1 (   0.025   0.025   0.025 ) T:625 (   0.020   0.024   0.027   0.031   0.031   0.031 )
6259.957: I:1 (   0.002   0.002   0.002 ) T:626 (   0.020   0.024   0.027   0.031   0.031   0.031 )
6269.957: I:1 (   0.000   0.000   0.000 ) T:627 (   0.020   0.024   0.027   0.031   0.031   0.031 )
6279.957: I:1 (   0.008   0.008   0.008 ) T:628 (   0.020   0.024   0.027   0.031   0.031   0.031 )
6289.957: I:1 (   0.021   0.021   0.021 ) T:629 (   0.020   0.024   0.027   0.031   0.031   0.031 )
6299.957: I:1 (   0.024   0.024   0.024 ) T:630 (   0.020   0.024   0.027   0.031   0.031   0.031 )
6309.957: I:1 (   0.023   0.023   0.023 ) T:631 (   0.020   0.024   0.027   0.031   0.031   0.031 )
6319.957: I:1 (   0.023   0.023   0.023 ) T:632 (   0.020   0.024   0.027   0.031   0.031   0.031 )
6329.957: I:1 (   0.017   0.017   0.017 ) T:633 (   0.020   0.024   0.027   0.031   0.031   0.031 )
6339.957: I:1 (   0.023   0.023   0.023 ) T:634 (   0.020   0.024   0.027   0.031   0.031   0.031 )
6349.957: I:1 (   0.021   0.021   0.021 ) T:635 (   0.020   0.024   0.027   0.031   0.031   0.031 )
6359.957: I:1 (   0.020   0.020   0.020 ) T:636 (   0.020   0.024   0.027   0.031   0.031   0.031 )
6369.957: I:1 (   0.020   0.020   0.020 ) T:637 (   0.020   0.024   0.027   0.031   0.031   0.031 )
6379.957: I:1 (   0.023   0.023   0.023 ) T:638 (   0.020   0.024   0.027   0.031   0.031   0.031 )
6389.957: I:1 (   0.021   0.021   0.021 ) T:639 (   0.020   0.024   0.027   0.031   0.031   0.031 )
6399.957: I:1 (   0.023   0.023   0.023 ) T:640 (   0.020   0.024   0.027   0.031   0.031   0.031 )
6409.957: I:1 (   0.022   0.022   0.022 ) T:641 (   0.020   0.024   0.027   0.031   0.031   0.031 )
6419.957: I:1 (   0.023   0.023   0.023 ) T:642 (   0.020   0.024   0.027   0.031   0.031   0.031 )
6429.957: I:1 (   0.019   0.019   0.019 ) T:643 (   0.020   0.024   0.027   0.031   0.031   0.031 )
6439.957: I:1 (   0.025   0.025   0.025 ) T:644 (   0.020   0.024   0.027   0.031   0.031   0.031 )
6449.957: I:1 (   0.022   0.022   0.022 ) T:645 (   0.020   0.024   0.027   0.031   0.031   0.031 )
6459.960: I:1 (   0.021   0.021   0.021 ) T:646 (   0.020   0.024   0.027   0.031   0.031   0.031 )
6469.957: I:1 (   0.020   0.020   0.020 ) T:647 (   0.020   0.024   0.027   0.031   0.031   0.031 )
6479.957: I:1 (   0.021   0.021   0.021 ) T:648 (   0.020   0.024   0.027   0.031   0.031   0.031 )
6489.957: I:1 (   0.016   0.016   0.016 ) T:649 (   0.020   0.024   0.027   0.031   0.031   0.031 )
6499.957: I:1 (   0.021   0.021   0.021 ) T:650 (   0.020   0.024   0.027   0.031   0.031   0.031 )
6509.957: I:1 (   0.023   0.023   0.023 ) T:651 (   0.020   0.024   0.027   0.031   0.031   0.031 )
6519.957: I:1 (   0.023   0.023   0.023 ) T:652 (   0.020   0.024   0.027   0.031   0.031   0.031 )
6529.957: I:1 (   0.019   0.019   0.019 ) T:653 (   0.020   0.024   0.027   0.031   0.031   0.031 )
6539.957: I:1 (   0.023   0.023   0.023 ) T:654 (   0.020   0.024   0.027   0.031   0.031   0.031 )
6549.957: I:1 (   0.020   0.020   0.020 ) T:655 (   0.020   0.024   0.027   0.031   0.031   0.031 )
6559.957: I:1 (   0.023   0.023   0.023 ) T:656 (   0.020   0.024   0.027   0.031   0.031   0.031 )
6569.957: I:1 (   0.019   0.019   0.019 ) T:657 (   0.020   0.024   0.027   0.031   0.031   0.031 )
6579.957: I:1 (   0.023   0.023   0.023 ) T:658 (   0.020   0.024   0.027   0.031   0.031   0.031 )
6589.957: I:1 (   0.018   0.018   0.018 ) T:659 (   0.020   0.024   0.027   0.031   0.031   0.031 )
6599.960: I:1 (   0.022   0.022   0.022 ) T:660 (   0.020   0.024   0.027   0.031   0.031   0.031 )
6609.957: I:1 (   0.020   0.020   0.020 ) T:661 (   0.020   0.024   0.027   0.031   0.031   0.031 )
6619.957: I:1 (   0.023   0.023   0.023 ) T:662 (   0.020   0.024   0.027   0.031   0.031   0.031 )
6629.957: I:1 (   0.023   0.023   0.023 ) T:663 (   0.020   0.024   0.027   0.031   0.031   0.031 )
6639.957: I:1 (   0.021   0.021   0.021 ) T:664 (   0.020   0.024   0.027   0.031   0.031   0.031 )
6649.957: I:1 (   0.017   0.017   0.017 ) T:665 (   0.020   0.024   0.027   0.031   0.031   0.031 )
6659.957: I:1 (   0.020   0.020   0.020 ) T:666 (   0.020   0.024   0.027   0.031   0.031   0.031 )
6669.957: I:1 (   0.022   0.022   0.022 ) T:667 (   0.020   0.024   0.027   0.031   0.031   0.031 )
6679.957: I:1 (   0.016   0.016   0.016 ) T:668 (   0.020   0.024   0.027   0.031   0.031   0.031 )
6689.957: I:1 (   0.019   0.019   0.019 ) T:669 (   0.020   0.024   0.027   0.031   0.031   0.031 )
6699.957: I:1 (   0.021   0.021   0.021 ) T:670 (   0.020   0.024   0.027   0.031   0.031   0.031 )
6709.957: I:1 (   0.022   0.022   0.022 ) T:671 (   0.020   0.024   0.027   0.031   0.031   0.031 )
6719.957: I:1 (   0.016   0.016   0.016 ) T:672 (   0.020   0.024   0.027   0.031   0.031   0.031 )
6729.957: I:1 (   0.018   0.018   0.018 ) T:673 (   0.020   0.024   0.027   0.031   0.031   0.031 )
6739.957: I:1 (   0.022   0.022   0.022 ) T:674 (   0.020   0.024   0.027   0.031   0.031   0.031 )
6749.957: I:1 (   0.021   0.021   0.021 ) T:675 (   0.020   0.024   0.027   0.031   0.031   0.031 )
6759.957: I:1 (   0.017   0.017   0.017 ) T:676 (   0.020   0.024   0.027   0.031   0.031   0.031 )
6769.957: I:1 (   0.012   0.012   0.012 ) T:677 (   0.020   0.024   0.027   0.031   0.031   0.031 )
6779.957: I:1 (   0.024   0.024   0.024 ) T:678 (   0.020   0.024   0.027   0.031   0.031   0.031 )
6789.957: I:1 (   0.020   0.020   0.020 ) T:679 (   0.020   0.024   0.027   0.031   0.031   0.031 )
6799.957: I:1 (   0.021   0.021   0.021 ) T:680 (   0.020   0.024   0.027   0.031   0.031   0.031 )
6809.957: I:1 (   0.009   0.009   0.009 ) T:681 (   0.020   0.024   0.027   0.031   0.031   0.031 )
6819.957: I:1 (   0.023   0.023   0.023 ) T:682 (   0.020   0.024   0.027   0.031   0.031   0.031 )
6829.957: I:1 (   0.019   0.019   0.019 ) T:683 (   0.020   0.024   0.027   0.031   0.031   0.031 )
6839.957: I:1 (   0.021   0.021   0.021 ) T:684 (   0.020   0.024   0.027   0.031   0.031   0.031 )
6849.957: I:1 (   0.004   0.004   0.004 ) T:685 (   0.020   0.024   0.027   0.031   0.031   0.031 )
6859.957: I:1 (   0.026   0.026   0.026 ) T:686 (   0.020   0.024   0.027   0.031   0.031   0.031 )
6869.957: I:1 (   0.025   0.025   0.025 ) T:687 (   0.020   0.024   0.027   0.031   0.031   0.031 )
6879.957: I:1 (   0.022   0.022   0.022 ) T:688 (   0.020   0.024   0.027   0.031   0.031   0.031 )
6889.957: I:1 (   0.012   0.012   0.012 ) T:689 (   0.020   0.024   0.027   0.031   0.031   0.031 )
6899.957: I:1 (   0.001   0.001   0.001 ) T:690 (   0.020   0.024   0.027   0.031   0.031   0.031 )
6905.767: I:2 (   0.000   0.000   0.000 ) T:692 (   0.020   0.024   0.027   0.031   0.031   0.031 )
6905.787: I:0 (   0.000   0.000   0.000 ) T:692 (   0.020   0.024   0.027   0.031   0.031   0.031 )
