#[Interval percentile log between 0.000 and <Infinite> seconds (relative to StartTime)]
#[StartTime: 1524591503.695 (seconds since epoch), Tue Apr 24 19:38:23 CEST 2018]
Time: IntervalPercentiles:count ( 50% 90% Max ) TotalPercentiles:count ( 50% 90% 99% 99.9% 99.99% Max )
7.286: I:11 ( 365.567 470.783 525.823 ) T:11 ( 365.567 470.783 525.823 525.823 525.823 525.823 )
17.267: I:13 ( 364.287 517.119 553.983 ) T:24 ( 364.287 517.119 553.983 553.983 553.983 553.983 )
27.263: I:13 ( 335.359 469.759 472.319 ) T:37 ( 361.471 472.319 553.983 553.983 553.983 553.983 )
37.263: I:16 ( 308.223 423.423 437.503 ) T:53 ( 339.967 469.759 553.983 553.983 553.983 553.983 )
47.263: I:15 ( 334.591 515.071 515.327 ) T:68 ( 339.711 470.783 553.983 553.983 553.983 553.983 )
57.263: I:14 ( 336.383 510.975 671.743 ) T:82 ( 339.711 470.783 671.743 671.743 671.743 671.743 )
67.263: I:16 ( 279.039 424.447 544.767 ) T:98 ( 335.359 470.783 671.743 671.743 671.743 671.743 )
77.263: I:16 ( 288.255 435.199 454.143 ) T:114 ( 334.335 469.759 553.983 671.743 671.743 671.743 )
87.263: I:15 ( 325.631 492.543 503.039 ) T:129 ( 334.335 470.783 553.983 671.743 671.743 671.743 )
97.263: I:14 ( 354.303 403.455 412.671 ) T:143 ( 334.591 469.759 553.983 671.743 671.743 671.743 )
107.263: I:16 ( 298.239 420.095 427.519 ) T:159 ( 334.335 467.199 553.983 671.743 671.743 671.743 )
117.263: I:15 ( 299.007 476.671 480.767 ) T:174 ( 328.959 467.199 553.983 671.743 671.743 671.743 )
127.263: I:17 ( 306.175 387.327 416.511 ) T:191 ( 326.911 462.847 553.983 671.743 671.743 671.743 )
137.260: I:16 ( 302.079 399.615 423.423 ) T:207 ( 325.631 454.143 544.767 671.743 671.743 671.743 )
147.263: I:17 ( 231.935 453.375 517.631 ) T:224 ( 318.463 453.375 544.767 671.743 671.743 671.743 )
157.263: I:19 ( 246.655 375.295 407.039 ) T:243 ( 315.647 449.535 544.767 671.743 671.743 671.743 )
167.263: I:14 ( 339.711 458.495 527.871 ) T:257 ( 316.927 450.303 544.767 671.743 671.743 671.743 )
177.263: I:14 ( 364.799 553.471 560.127 ) T:271 ( 321.023 454.143 553.983 671.743 671.743 671.743 )
187.262: I:16 ( 284.671 405.503 407.551 ) T:287 ( 316.927 453.375 553.983 671.743 671.743 671.743 )
197.262: I:17 ( 296.447 441.855 470.015 ) T:304 ( 315.903 450.303 553.471 671.743 671.743 671.743 )
207.263: I:16 ( 280.319 424.703 462.335 ) T:320 ( 315.647 449.535 553.471 671.743 671.743 671.743 )
217.262: I:16 ( 355.583 457.983 474.111 ) T:336 ( 315.647 450.303 553.471 671.743 671.743 671.743 )
227.262: I:17 ( 266.239 479.487 647.167 ) T:353 ( 315.647 450.303 553.983 671.743 671.743 671.743 )
237.262: I:18 ( 291.583 438.271 487.423 ) T:371 ( 314.879 449.535 553.983 671.743 671.743 671.743 )
247.262: I:16 ( 318.719 369.407 643.071 ) T:387 ( 315.135 449.535 560.127 671.743 671.743 671.743 )
257.262: I:16 ( 279.551 372.735 387.327 ) T:403 ( 314.623 444.159 553.983 671.743 671.743 671.743 )
267.262: I:18 ( 266.239 419.327 531.967 ) T:421 ( 311.807 442.367 553.983 671.743 671.743 671.743 )
277.263: I:16 ( 294.399 376.319 453.119 ) T:437 ( 311.039 442.367 553.983 671.743 671.743 671.743 )
287.260: I:17 ( 299.519 423.679 648.191 ) T:454 ( 308.735 442.111 560.127 671.743 671.743 671.743 )
297.261: I:17 ( 319.231 423.423 656.383 ) T:471 ( 308.735 441.855 643.071 671.743 671.743 671.743 )
307.262: I:17 ( 254.591 437.759 443.135 ) T:488 ( 306.431 441.855 643.071 671.743 671.743 671.743 )
317.262: I:17 ( 296.703 411.135 506.367 ) T:505 ( 306.431 439.807 560.127 671.743 671.743 671.743 )
327.262: I:16 ( 268.287 412.671 446.463 ) T:521 ( 306.431 439.551 560.127 671.743 671.743 671.743 )
337.261: I:15 ( 305.151 492.799 562.687 ) T:536 ( 306.175 439.807 562.687 671.743 671.743 671.743 )
347.261: I:15 ( 300.031 445.695 554.495 ) T:551 ( 306.175 439.807 562.687 671.743 671.743 671.743 )
357.262: I:20 ( 210.047 382.719 438.783 ) T:571 ( 304.895 438.783 562.687 671.743 671.743 671.743 )
367.261: I:15 ( 290.815 414.207 674.815 ) T:586 ( 303.871 438.783 643.071 674.815 674.815 674.815 )
377.261: I:15 ( 383.231 447.231 479.999 ) T:601 ( 305.151 438.783 562.687 674.815 674.815 674.815 )
387.261: I:15 ( 341.759 423.167 485.631 ) T:616 ( 305.407 438.783 562.687 674.815 674.815 674.815 )
397.261: I:16 ( 282.111 464.383 464.895 ) T:632 ( 305.151 439.551 562.687 674.815 674.815 674.815 )
407.262: I:15 ( 349.183 398.335 416.511 ) T:647 ( 306.175 438.783 562.687 674.815 674.815 674.815 )
417.262: I:17 ( 296.959 468.479 500.223 ) T:664 ( 305.919 438.783 562.687 674.815 674.815 674.815 )
427.262: I:15 ( 317.439 404.735 462.079 ) T:679 ( 308.223 438.783 562.687 674.815 674.815 674.815 )
437.262: I:18 ( 271.103 380.927 383.743 ) T:697 ( 306.175 437.759 562.687 674.815 674.815 674.815 )
447.261: I:15 ( 344.575 433.151 465.407 ) T:712 ( 307.199 437.503 560.127 674.815 674.815 674.815 )
457.261: I:19 ( 270.079 347.647 393.727 ) T:731 ( 305.919 435.199 560.127 674.815 674.815 674.815 )
467.262: I:16 ( 262.399 428.799 442.879 ) T:747 ( 305.151 435.199 560.127 674.815 674.815 674.815 )
477.261: I:11 ( 307.967 470.527 3491.839 ) T:758 ( 305.407 435.711 562.687 3491.839 3491.839 3491.839 )
487.261: I:15 ( 322.815 394.495 442.879 ) T:773 ( 306.431 435.199 562.687 3491.839 3491.839 3491.839 )
497.262: I:16 ( 322.303 412.415 474.111 ) T:789 ( 307.199 435.199 562.687 3491.839 3491.839 3491.839 )
507.263: I:17 ( 304.383 399.359 538.111 ) T:806 ( 307.199 433.919 560.127 3491.839 3491.839 3491.839 )
517.262: I:12 ( 280.831 423.423 530.943 ) T:818 ( 306.175 433.919 560.127 3491.839 3491.839 3491.839 )
527.261: I:17 ( 293.119 409.343 468.223 ) T:835 ( 305.919 433.151 560.127 3491.839 3491.839 3491.839 )
537.261: I:17 ( 270.847 398.079 457.215 ) T:852 ( 304.895 432.383 560.127 3491.839 3491.839 3491.839 )
547.261: I:17 ( 294.911 414.975 549.887 ) T:869 ( 304.895 432.383 560.127 3491.839 3491.839 3491.839 )
557.260: I:10 ( 306.943 468.479 4098.047 ) T:879 ( 305.151 433.151 562.687 4098.047 4098.047 4098.047 )
567.261: I:19 ( 246.015 407.551 467.711 ) T:898 ( 304.383 432.383 562.687 4098.047 4098.047 4098.047 )
577.262: I:19 ( 253.567 369.151 376.831 ) T:917 ( 302.335 429.311 560.127 4098.047 4098.047 4098.047 )
587.262: I:17 ( 280.575 379.903 437.247 ) T:934 ( 302.079 428.799 560.127 4098.047 4098.047 4098.047 )
597.263: I:10 ( 343.551 423.679 4124.671 ) T:944 ( 302.335 428.799 562.687 4124.671 4124.671 4124.671 )
607.262: I:14 ( 324.095 470.527 800.255 ) T:958 ( 302.591 432.383 643.071 4124.671 4124.671 4124.671 )
617.261: I:15 ( 323.839 522.751 571.391 ) T:973 ( 303.871 432.383 643.071 4124.671 4124.671 4124.671 )
627.260: I:16 ( 275.711 436.735 467.711 ) T:989 ( 303.359 432.383 643.071 4124.671 4124.671 4124.671 )
637.260: I:13 ( 254.975 467.455 4032.511 ) T:1002 ( 302.335 432.383 643.071 4098.047 4124.671 4124.671 )
647.260: I:17 ( 293.887 459.007 469.759 ) T:1019 ( 302.335 433.151 643.071 4098.047 4124.671 4124.671 )
657.260: I:16 ( 298.495 413.695 457.983 ) T:1035 ( 302.335 432.383 643.071 4098.047 4124.671 4124.671 )
667.261: I:10 ( 362.239 464.383 536.575 ) T:1045 ( 304.127 435.199 643.071 4098.047 4124.671 4124.671 )
677.262: I:15 ( 274.687 419.071 443.647 ) T:1060 ( 302.591 433.919 643.071 4098.047 4124.671 4124.671 )
687.262: I:15 ( 347.391 421.887 519.423 ) T:1075 ( 304.127 433.919 643.071 4098.047 4124.671 4124.671 )
697.262: I:16 ( 301.823 429.823 592.895 ) T:1091 ( 304.127 433.151 643.071 4098.047 4124.671 4124.671 )
707.262: I:8 ( 332.799 601.087 601.087 ) T:1099 ( 304.383 435.199 643.071 4098.047 4124.671 4124.671 )
717.262: I:17 ( 278.015 405.759 3848.191 ) T:1116 ( 303.871 433.919 643.071 4098.047 4124.671 4124.671 )
727.261: I:17 ( 283.391 396.287 421.375 ) T:1133 ( 303.359 432.383 643.071 4098.047 4124.671 4124.671 )
737.261: I:16 ( 306.687 424.703 460.543 ) T:1149 ( 303.871 432.383 643.071 4098.047 4124.671 4124.671 )
747.261: I:11 ( 326.655 416.255 2777.087 ) T:1160 ( 303.871 432.383 647.167 4098.047 4124.671 4124.671 )
757.261: I:17 ( 284.927 394.239 440.575 ) T:1177 ( 302.591 432.383 647.167 4098.047 4124.671 4124.671 )
767.261: I:16 ( 334.335 451.327 474.623 ) T:1193 ( 304.127 432.383 647.167 4098.047 4124.671 4124.671 )
777.261: I:18 ( 250.239 365.311 454.655 ) T:1211 ( 303.359 432.127 643.071 4098.047 4124.671 4124.671 )
787.262: I:8 ( 369.151 3753.983 3753.983 ) T:1219 ( 303.871 433.151 647.167 4098.047 4124.671 4124.671 )
797.261: I:15 ( 328.191 417.023 451.071 ) T:1234 ( 304.383 432.383 647.167 4098.047 4124.671 4124.671 )
807.261: I:16 ( 268.287 430.847 473.087 ) T:1250 ( 304.127 432.383 647.167 4098.047 4124.671 4124.671 )
817.262: I:18 ( 279.295 473.855 533.503 ) T:1268 ( 303.359 432.383 647.167 4098.047 4124.671 4124.671 )
827.262: I:11 ( 287.231 369.663 378.111 ) T:1279 ( 303.359 432.383 647.167 4098.047 4124.671 4124.671 )
837.261: I:16 ( 273.919 485.375 540.159 ) T:1295 ( 303.359 432.383 647.167 4098.047 4124.671 4124.671 )
847.260: I:15 ( 313.343 459.263 523.519 ) T:1310 ( 303.359 432.383 643.071 4098.047 4124.671 4124.671 )
857.261: I:16 ( 315.903 477.439 599.039 ) T:1326 ( 304.127 433.151 643.071 4098.047 4124.671 4124.671 )
867.261: I:12 ( 258.175 379.391 3446.783 ) T:1338 ( 303.359 433.151 647.167 4098.047 4124.671 4124.671 )
877.261: I:17 ( 299.263 396.287 446.719 ) T:1355 ( 303.359 432.383 647.167 4098.047 4124.671 4124.671 )
887.261: I:16 ( 280.831 527.871 533.503 ) T:1371 ( 303.359 433.151 647.167 4098.047 4124.671 4124.671 )
897.261: I:14 ( 287.999 403.967 488.703 ) T:1385 ( 303.103 433.151 647.167 4098.047 4124.671 4124.671 )
907.261: I:14 ( 250.751 385.023 4210.687 ) T:1399 ( 302.335 433.151 648.191 4124.671 4210.687 4210.687 )
917.261: I:16 ( 334.335 433.151 452.351 ) T:1415 ( 303.103 433.151 647.167 4124.671 4210.687 4210.687 )
927.262: I:18 ( 304.383 414.463 422.143 ) T:1433 ( 303.359 432.383 647.167 4124.671 4210.687 4210.687 )
937.264: I:11 ( 315.135 404.991 770.047 ) T:1444 ( 303.359 432.383 648.191 4124.671 4210.687 4210.687 )
947.260: I:11 ( 383.487 516.351 5443.583 ) T:1455 ( 304.383 433.151 656.383 4210.687 5443.583 5443.583 )
957.260: I:15 ( 338.175 447.743 476.159 ) T:1470 ( 304.383 433.151 656.383 4210.687 5443.583 5443.583 )
967.261: I:16 ( 303.103 428.287 447.743 ) T:1486 ( 304.383 433.151 656.383 4210.687 5443.583 5443.583 )
977.264: I:13 ( 298.239 370.175 418.303 ) T:1499 ( 304.383 432.383 656.383 4210.687 5443.583 5443.583 )
987.261: I:11 ( 335.103 689.151 5533.695 ) T:1510 ( 304.895 433.151 671.743 5443.583 5533.695 5533.695 )
997.262: I:16 ( 315.647 435.711 493.823 ) T:1526 ( 305.407 434.175 671.743 5443.583 5533.695 5533.695 )
1007.261: I:18 ( 288.511 445.695 489.983 ) T:1544 ( 304.639 435.199 671.743 5443.583 5533.695 5533.695 )
1017.260: I:12 ( 289.535 485.119 509.439 ) T:1556 ( 304.639 435.711 671.743 5443.583 5533.695 5533.695 )
1027.261: I:10 ( 299.263 395.519 520.191 ) T:1566 ( 304.639 435.711 671.743 5443.583 5533.695 5533.695 )
1037.262: I:17 ( 291.071 454.143 486.655 ) T:1583 ( 304.639 435.711 671.743 5443.583 5533.695 5533.695 )
1047.261: I:16 ( 310.527 460.031 498.175 ) T:1599 ( 304.895 437.247 671.743 5443.583 5533.695 5533.695 )
1057.261: I:11 ( 383.487 433.407 519.423 ) T:1610 ( 305.151 436.735 656.383 5443.583 5533.695 5533.695 )
1067.262: I:13 ( 242.303 369.151 498.175 ) T:1623 ( 304.383 436.735 656.383 5443.583 5533.695 5533.695 )
1077.262: I:16 ( 288.767 416.255 445.695 ) T:1639 ( 304.383 436.735 656.383 5443.583 5533.695 5533.695 )
1087.262: I:16 ( 347.647 476.159 498.687 ) T:1655 ( 304.895 437.247 656.383 5443.583 5533.695 5533.695 )
1097.262: I:14 ( 270.335 382.463 508.927 ) T:1669 ( 304.383 437.247 656.383 5443.583 5533.695 5533.695 )
1107.262: I:12 ( 248.575 364.799 6160.383 ) T:1681 ( 304.127 437.247 671.743 5533.695 6160.383 6160.383 )
1117.261: I:15 ( 305.919 442.879 502.783 ) T:1696 ( 304.127 437.247 671.743 5533.695 6160.383 6160.383 )
1127.263: I:13 ( 384.767 505.855 536.575 ) T:1709 ( 304.639 438.271 656.383 5533.695 6160.383 6160.383 )
1137.260: I:15 ( 290.303 446.463 634.879 ) T:1724 ( 304.383 438.271 656.383 5533.695 6160.383 6160.383 )
1147.260: I:9 ( 294.911 487.423 487.423 ) T:1733 ( 304.383 438.271 656.383 5533.695 6160.383 6160.383 )
1157.261: I:18 ( 270.079 418.047 474.879 ) T:1751 ( 303.871 438.015 656.383 5533.695 6160.383 6160.383 )
1167.262: I:14 ( 366.591 423.935 447.999 ) T:1765 ( 304.383 438.015 656.383 5533.695 6160.383 6160.383 )
1177.261: I:13 ( 314.111 410.879 842.751 ) T:1778 ( 304.383 438.015 671.743 5533.695 6160.383 6160.383 )
1187.261: I:8 ( 191.359 6660.095 6660.095 ) T:1786 ( 304.383 438.015 674.815 6160.383 6660.095 6660.095 )
1197.262: I:16 ( 305.663 458.751 468.991 ) T:1802 ( 304.383 438.015 671.743 6160.383 6660.095 6660.095 )
1207.261: I:15 ( 357.887 419.839 494.847 ) T:1817 ( 304.639 438.015 671.743 6160.383 6660.095 6660.095 )
1217.260: I:16 ( 318.207 434.943 547.327 ) T:1833 ( 305.151 437.759 671.743 6160.383 6660.095 6660.095 )
1227.261: I:3 ( 346.879 400.127 400.127 ) T:1836 ( 305.151 437.759 671.743 6160.383 6660.095 6660.095 )
1237.261: I:16 ( 338.175 423.167 505.855 ) T:1852 ( 305.407 437.503 671.743 6160.383 6660.095 6660.095 )
1247.260: I:16 ( 321.023 489.215 490.239 ) T:1868 ( 305.663 437.759 671.743 6160.383 6660.095 6660.095 )
1257.261: I:16 ( 306.687 400.895 477.183 ) T:1884 ( 305.663 437.503 671.743 6160.383 6660.095 6660.095 )
1267.261: I:6 ( 301.055 480.767 480.767 ) T:1890 ( 305.663 437.503 671.743 6160.383 6660.095 6660.095 )
1277.261: I:13 ( 305.407 481.279 7852.031 ) T:1903 ( 305.663 438.015 671.743 6660.095 7852.031 7852.031 )
1287.261: I:16 ( 313.599 381.951 395.519 ) T:1919 ( 305.919 437.759 671.743 6660.095 7852.031 7852.031 )
1297.261: I:18 ( 266.495 387.071 422.399 ) T:1937 ( 305.663 437.247 671.743 6660.095 7852.031 7852.031 )
1307.262: I:11 ( 350.207 429.055 462.079 ) T:1948 ( 305.663 437.247 671.743 6660.095 7852.031 7852.031 )
1317.264: I:11 ( 337.151 482.559 6967.295 ) T:1959 ( 305.919 437.503 674.815 6967.295 7852.031 7852.031 )
1327.261: I:17 ( 279.551 384.255 488.959 ) T:1976 ( 305.663 437.247 674.815 6967.295 7852.031 7852.031 )
1337.262: I:19 ( 220.287 432.383 451.071 ) T:1995 ( 304.895 437.247 674.815 6967.295 7852.031 7852.031 )
1347.261: I:14 ( 319.231 393.471 451.327 ) T:2009 ( 305.151 437.247 671.743 6660.095 7852.031 7852.031 )
1357.261: I:12 ( 188.543 501.247 6492.159 ) T:2021 ( 304.383 437.247 674.815 6660.095 7852.031 7852.031 )
1367.261: I:18 ( 254.719 437.503 467.199 ) T:2039 ( 304.127 437.247 674.815 6660.095 7852.031 7852.031 )
1377.260: I:17 ( 247.935 452.351 460.031 ) T:2056 ( 303.615 437.247 674.815 6660.095 7852.031 7852.031 )
1387.261: I:15 ( 297.215 443.647 478.207 ) T:2071 ( 303.615 437.247 674.815 6660.095 7852.031 7852.031 )
1397.262: I:6 ( 343.039 7024.639 7024.639 ) T:2077 ( 303.871 437.503 689.151 6967.295 7852.031 7852.031 )
1407.261: I:18 ( 241.663 414.975 465.663 ) T:2095 ( 303.359 437.503 689.151 6967.295 7852.031 7852.031 )
1417.260: I:14 ( 360.191 437.247 470.527 ) T:2109 ( 303.871 437.503 674.815 6967.295 7852.031 7852.031 )
1427.260: I:17 ( 262.015 449.791 481.279 ) T:2126 ( 303.359 437.503 674.815 6967.295 7852.031 7852.031 )
1437.260: I:8 ( 286.975 362.495 362.495 ) T:2134 ( 303.359 437.247 674.815 6967.295 7852.031 7852.031 )
1447.261: I:18 ( 278.015 369.919 389.631 ) T:2152 ( 303.103 437.247 674.815 6967.295 7852.031 7852.031 )
1457.261: I:15 ( 293.119 436.479 497.151 ) T:2167 ( 303.103 437.247 674.815 6967.295 7852.031 7852.031 )
1467.260: I:16 ( 293.631 447.231 456.703 ) T:2183 ( 303.103 437.247 674.815 6967.295 7852.031 7852.031 )
1477.261: I:6 ( 166.911 6959.103 6959.103 ) T:2189 ( 302.591 437.247 689.151 6967.295 7852.031 7852.031 )
1487.262: I:17 ( 270.335 421.119 488.703 ) T:2206 ( 302.591 437.247 674.815 6967.295 7852.031 7852.031 )
1497.262: I:15 ( 319.487 432.895 435.711 ) T:2221 ( 303.103 436.479 674.815 6967.295 7852.031 7852.031 )
1507.262: I:16 ( 279.295 427.519 448.767 ) T:2237 ( 303.103 436.479 674.815 6967.295 7852.031 7852.031 )
1517.262: I:5 ( 353.791 427.263 427.263 ) T:2242 ( 303.359 435.711 674.815 6967.295 7852.031 7852.031 )
1527.262: I:16 ( 289.023 380.671 7086.079 ) T:2258 ( 303.103 435.711 689.151 7024.639 7852.031 7852.031 )
1537.261: I:15 ( 319.487 435.967 549.375 ) T:2273 ( 303.103 435.711 689.151 7024.639 7852.031 7852.031 )
1547.260: I:17 ( 308.991 443.391 510.207 ) T:2290 ( 303.103 435.711 689.151 7024.639 7852.031 7852.031 )
1557.260: I:10 ( 282.367 427.775 433.407 ) T:2300 ( 303.103 435.711 674.815 7024.639 7852.031 7852.031 )
1567.261: I:9 ( 358.911 414.719 414.719 ) T:2309 ( 303.359 435.711 674.815 7024.639 7852.031 7852.031 )
1577.262: I:15 ( 252.031 499.967 503.039 ) T:2324 ( 303.103 435.711 674.815 7024.639 7852.031 7852.031 )
1587.262: I:17 ( 301.823 475.135 483.071 ) T:2341 ( 303.103 435.711 674.815 7024.639 7852.031 7852.031 )
1597.262: I:15 ( 273.663 437.503 470.783 ) T:2356 ( 302.591 435.711 674.815 7024.639 7852.031 7852.031 )
1607.262: I:5 ( 258.431 8945.663 8945.663 ) T:2361 ( 302.591 435.711 689.151 7086.079 8945.663 8945.663 )
1617.262: I:6 ( 308.735 522.751 522.751 ) T:2367 ( 302.591 435.967 689.151 7086.079 8945.663 8945.663 )
1627.262: I:0 (   0.000   0.000   0.000 ) T:2367 ( 302.591 435.967 689.151 7086.079 8945.663 8945.663 )
1637.262: I:0 (   0.000   0.000   0.000 ) T:2367 ( 302.591 435.967 689.151 7086.079 8945.663 8945.663 )
1647.261: I:12 ( 385.535 426.239 22740.991 ) T:2379 ( 303.103 435.967 770.047 7852.031 22740.991 22740.991 )
1657.261: I:17 ( 229.631 428.031 502.783 ) T:2396 ( 302.591 435.711 770.047 7852.031 22740.991 22740.991 )
1667.262: I:18 ( 247.679 452.607 492.799 ) T:2414 ( 302.335 435.711 689.151 7852.031 22740.991 22740.991 )
1677.262: I:18 ( 318.463 401.919 438.783 ) T:2432 ( 302.591 435.711 689.151 7852.031 22740.991 22740.991 )
1687.262: I:17 ( 274.175 401.919 414.463 ) T:2449 ( 302.335 435.711 689.151 7852.031 22740.991 22740.991 )
1697.261: I:16 ( 320.511 469.503 475.135 ) T:2465 ( 302.591 435.711 689.151 7852.031 22740.991 22740.991 )
1707.261: I:18 ( 276.735 439.039 468.479 ) T:2483 ( 302.335 435.711 689.151 7852.031 22740.991 22740.991 )
1717.261: I:17 ( 286.207 376.575 396.287 ) T:2500 ( 301.823 435.455 674.815 7852.031 22740.991 22740.991 )
1727.260: I:16 ( 321.023 375.295 419.071 ) T:2516 ( 302.079 435.455 674.815 7852.031 22740.991 22740.991 )
1737.261: I:16 ( 300.799 525.823 531.967 ) T:2532 ( 302.079 435.711 674.815 7852.031 22740.991 22740.991 )
1747.261: I:19 ( 258.943 400.895 435.199 ) T:2551 ( 301.823 435.455 674.815 7852.031 22740.991 22740.991 )
1757.260: I:15 ( 351.487 418.303 455.423 ) T:2566 ( 301.823 435.455 674.815 7852.031 22740.991 22740.991 )
1767.261: I:16 ( 299.519 368.895 412.159 ) T:2582 ( 301.823 435.199 674.815 7852.031 22740.991 22740.991 )
1777.261: I:16 ( 298.751 380.927 560.127 ) T:2598 ( 301.823 435.199 674.815 7852.031 22740.991 22740.991 )
1787.261: I:17 ( 285.439 416.255 451.839 ) T:2615 ( 301.823 434.943 671.743 7852.031 22740.991 22740.991 )
1797.261: I:15 ( 333.311 422.399 445.183 ) T:2630 ( 302.079 434.943 671.743 7852.031 22740.991 22740.991 )
1807.261: I:17 ( 300.031 479.999 633.343 ) T:2647 ( 302.079 434.943 671.743 7852.031 22740.991 22740.991 )
1817.262: I:16 ( 325.119 390.911 526.335 ) T:2663 ( 302.335 434.943 671.743 7852.031 22740.991 22740.991 )
1827.262: I:17 ( 278.271 387.071 447.231 ) T:2680 ( 302.079 434.175 671.743 7852.031 22740.991 22740.991 )
1837.262: I:14 ( 313.087 465.663 733.183 ) T:2694 ( 302.335 434.943 674.815 7852.031 22740.991 22740.991 )
1847.262: I:17 ( 303.615 414.463 420.095 ) T:2711 ( 302.335 434.175 671.743 7852.031 22740.991 22740.991 )
1857.261: I:16 ( 262.015 488.703 515.839 ) T:2727 ( 302.335 434.943 671.743 7852.031 22740.991 22740.991 )
1867.260: I:17 ( 292.351 464.383 600.575 ) T:2744 ( 302.079 435.199 671.743 7852.031 22740.991 22740.991 )
1877.261: I:15 ( 299.263 424.703 478.207 ) T:2759 ( 302.079 435.199 671.743 7852.031 22740.991 22740.991 )
1887.261: I:17 ( 292.607 487.167 545.791 ) T:2776 ( 302.079 435.199 671.743 7852.031 22740.991 22740.991 )
1897.261: I:16 ( 250.239 552.447 615.423 ) T:2792 ( 301.823 435.199 671.743 7852.031 22740.991 22740.991 )
1907.262: I:16 ( 283.135 363.519 503.295 ) T:2808 ( 301.823 435.199 656.383 7852.031 22740.991 22740.991 )
1917.261: I:16 ( 301.311 373.503 410.111 ) T:2824 ( 301.823 434.943 656.383 7852.031 22740.991 22740.991 )
1927.260: I:16 ( 284.671 363.263 711.167 ) T:2840 ( 301.567 434.943 671.743 7852.031 22740.991 22740.991 )
1937.260: I:15 ( 287.231 382.207 398.079 ) T:2855 ( 301.567 434.175 671.743 7852.031 22740.991 22740.991 )
1947.261: I:18 ( 280.063 382.719 503.295 ) T:2873 ( 301.311 434.175 671.743 7852.031 22740.991 22740.991 )
1957.262: I:14 ( 324.863 444.415 1380.351 ) T:2887 ( 301.567 434.175 674.815 7852.031 22740.991 22740.991 )
1967.261: I:17 ( 291.327 396.287 406.783 ) T:2904 ( 301.567 433.919 671.743 7852.031 22740.991 22740.991 )
1977.260: I:15 ( 322.559 445.951 543.743 ) T:2919 ( 301.567 434.175 671.743 7852.031 22740.991 22740.991 )
1987.261: I:15 ( 367.359 400.895 553.471 ) T:2934 ( 301.823 433.919 671.743 7852.031 22740.991 22740.991 )
1997.261: I:14 ( 257.919 403.711 1979.391 ) T:2948 ( 301.823 433.919 674.815 7852.031 22740.991 22740.991 )
2007.261: I:15 ( 327.935 440.319 455.167 ) T:2963 ( 302.079 433.919 674.815 7852.031 22740.991 22740.991 )
2017.262: I:17 ( 281.087 374.015 537.087 ) T:2980 ( 301.823 433.663 674.815 7852.031 22740.991 22740.991 )
2027.262: I:13 ( 354.047 454.143 454.655 ) T:2993 ( 302.079 433.919 674.815 7852.031 22740.991 22740.991 )
2037.262: I:15 ( 269.311 355.583 440.575 ) T:3008 ( 301.567 433.919 671.743 7086.079 22740.991 22740.991 )
2047.262: I:16 ( 284.671 427.519 476.671 ) T:3024 ( 301.567 433.663 671.743 7086.079 22740.991 22740.991 )
2057.262: I:17 ( 313.343 369.663 439.807 ) T:3041 ( 301.567 433.663 671.743 7086.079 22740.991 22740.991 )
2067.261: I:13 ( 268.543 599.039 3315.711 ) T:3054 ( 301.055 433.919 674.815 7086.079 22740.991 22740.991 )
2077.260: I:17 ( 284.415 472.831 495.359 ) T:3071 ( 301.055 433.919 674.815 7086.079 22740.991 22740.991 )
2087.261: I:15 ( 323.071 426.239 476.927 ) T:3086 ( 301.567 433.919 674.815 7086.079 22740.991 22740.991 )
2097.262: I:16 ( 290.559 421.631 440.575 ) T:3102 ( 301.311 433.663 671.743 7086.079 22740.991 22740.991 )
2107.262: I:7 ( 302.079 1192.959 1192.959 ) T:3109 ( 301.567 433.919 674.815 7086.079 22740.991 22740.991 )
2117.262: I:16 ( 325.887 485.887 566.271 ) T:3125 ( 301.567 434.175 674.815 7086.079 22740.991 22740.991 )
2127.261: I:17 ( 302.591 385.279 418.559 ) T:3142 ( 301.567 433.663 674.815 7086.079 22740.991 22740.991 )
2137.261: I:17 ( 295.935 450.303 469.503 ) T:3159 ( 301.567 433.919 674.815 7086.079 22740.991 22740.991 )
2147.261: I:7 ( 316.671 458.751 458.751 ) T:3166 ( 301.567 433.919 674.815 7086.079 22740.991 22740.991 )
2157.261: I:17 ( 271.615 411.647 459.263 ) T:3183 ( 301.311 433.663 674.815 7086.079 22740.991 22740.991 )
2167.261: I:14 ( 307.455 438.015 807.935 ) T:3197 ( 301.567 433.919 689.151 7086.079 22740.991 22740.991 )
2177.261: I:17 ( 316.415 448.767 492.287 ) T:3214 ( 301.567 433.919 674.815 7086.079 22740.991 22740.991 )
2187.262: I:7 ( 284.159 363.775 363.775 ) T:3221 ( 301.567 433.663 674.815 7086.079 22740.991 22740.991 )
2197.262: I:14 ( 329.215 707.583 6463.487 ) T:3235 ( 301.823 433.919 707.583 7086.079 22740.991 22740.991 )
2207.262: I:16 ( 330.495 482.815 523.007 ) T:3251 ( 301.823 433.919 707.583 7086.079 22740.991 22740.991 )
2217.261: I:16 ( 301.823 517.119 539.135 ) T:3267 ( 301.823 434.175 707.583 7086.079 22740.991 22740.991 )
2227.261: I:9 ( 256.255 391.935 391.935 ) T:3276 ( 301.823 434.175 707.583 7086.079 22740.991 22740.991 )
2237.261: I:14 ( 318.975 419.839 7286.783 ) T:3290 ( 301.823 433.919 711.167 7286.783 22740.991 22740.991 )
2247.261: I:17 ( 285.439 452.095 491.263 ) T:3307 ( 301.823 434.175 707.583 7286.783 22740.991 22740.991 )
2257.261: I:17 ( 317.695 399.103 430.591 ) T:3324 ( 301.823 433.919 707.583 7286.783 22740.991 22740.991 )
2267.261: I:11 ( 331.263 430.079 457.727 ) T:3335 ( 301.823 433.919 707.583 7286.783 22740.991 22740.991 )
2277.261: I:6 ( 218.111 332.031 332.031 ) T:3341 ( 301.823 433.663 707.583 7286.783 22740.991 22740.991 )
2287.261: I:18 ( 265.215 415.743 493.311 ) T:3359 ( 301.567 433.663 707.583 7286.783 22740.991 22740.991 )
2297.261: I:17 ( 318.207 401.919 502.271 ) T:3376 ( 301.567 433.663 707.583 7286.783 22740.991 22740.991 )
2307.261: I:19 ( 238.591 422.143 456.703 ) T:3395 ( 301.055 433.407 707.583 7286.783 22740.991 22740.991 )
2317.262: I:3 ( 346.879 361.727 361.727 ) T:3398 ( 301.055 433.407 707.583 7286.783 22740.991 22740.991 )
2327.262: I:14 ( 305.919 482.815 9641.983 ) T:3412 ( 301.311 433.663 707.583 7852.031 22740.991 22740.991 )
2337.261: I:19 ( 268.031 385.023 466.687 ) T:3431 ( 301.055 433.407 707.583 7852.031 22740.991 22740.991 )
2347.261: I:16 ( 304.383 421.887 475.903 ) T:3447 ( 301.055 433.407 707.583 7852.031 22740.991 22740.991 )
2357.262: I:9 ( 326.399 447.743 447.743 ) T:3456 ( 301.055 433.407 707.583 7852.031 22740.991 22740.991 )
2367.261: I:11 ( 269.311 395.775 8126.463 ) T:3467 ( 300.799 433.407 711.167 8126.463 22740.991 22740.991 )
2377.261: I:15 ( 326.399 416.767 513.279 ) T:3482 ( 301.055 433.407 711.167 8126.463 22740.991 22740.991 )
2387.261: I:18 ( 276.223 487.423 509.439 ) T:3500 ( 300.799 433.407 707.583 8126.463 22740.991 22740.991 )
2397.261: I:15 ( 258.047 350.207 376.575 ) T:3515 ( 300.799 433.407 707.583 8126.463 22740.991 22740.991 )
2407.262: I:6 ( 260.607 7761.919 7761.919 ) T:3521 ( 300.799 433.407 711.167 8126.463 22740.991 22740.991 )
2417.262: I:18 ( 283.647 379.647 399.103 ) T:3539 ( 300.799 433.151 711.167 8126.463 22740.991 22740.991 )
2427.262: I:15 ( 324.351 393.215 425.727 ) T:3554 ( 300.799 433.151 711.167 8126.463 22740.991 22740.991 )
2437.262: I:16 ( 295.679 381.439 419.071 ) T:3570 ( 300.799 432.383 711.167 8126.463 22740.991 22740.991 )
2447.262: I:3 ( 417.023 451.583 451.583 ) T:3573 ( 300.799 432.895 711.167 8126.463 22740.991 22740.991 )
2457.261: I:15 ( 302.335 499.199 8609.791 ) T:3588 ( 300.799 433.151 733.183 8609.791 22740.991 22740.991 )
2467.260: I:17 ( 295.423 432.895 484.095 ) T:3605 ( 300.799 432.895 711.167 8609.791 22740.991 22740.991 )
2477.260: I:16 ( 302.335 424.703 440.831 ) T:3621 ( 300.799 432.895 711.167 8609.791 22740.991 22740.991 )
2487.261: I:10 ( 265.983 330.239 483.583 ) T:3631 ( 300.799 432.895 711.167 8609.791 22740.991 22740.991 )
2497.261: I:8 ( 436.991 8007.679 8007.679 ) T:3639 ( 300.799 433.407 733.183 8609.791 22740.991 22740.991 )
2507.261: I:16 ( 262.015 421.631 423.423 ) T:3655 ( 300.799 433.151 733.183 8609.791 22740.991 22740.991 )
2517.261: I:17 ( 263.423 416.255 458.495 ) T:3672 ( 300.543 433.151 733.183 8609.791 22740.991 22740.991 )
2527.261: I:15 ( 295.167 410.111 435.455 ) T:3687 ( 300.543 433.151 733.183 8609.791 22740.991 22740.991 )
2537.261: I:5 ( 319.231 7741.439 7741.439 ) T:3692 ( 300.543 433.151 770.047 8609.791 22740.991 22740.991 )
2547.261: I:5 ( 271.359 495.103 495.103 ) T:3697 ( 300.543 433.151 770.047 8609.791 22740.991 22740.991 )
2557.262: I:0 (   0.000   0.000   0.000 ) T:3697 ( 300.543 433.151 770.047 8609.791 22740.991 22740.991 )
2567.262: I:9 ( 303.871 19693.567 19693.567 ) T:3706 ( 300.543 433.151 770.047 8945.663 22740.991 22740.991 )
2577.261: I:14 ( 335.615 453.887 660.479 ) T:3720 ( 300.799 433.151 770.047 8945.663 22740.991 22740.991 )
2587.261: I:17 ( 297.471 439.295 451.071 ) T:3737 ( 300.799 433.151 770.047 8945.663 22740.991 22740.991 )
2597.262: I:16 ( 298.495 493.823 509.695 ) T:3753 ( 300.799 433.407 770.047 8945.663 22740.991 22740.991 )
2607.262: I:16 ( 294.399 420.607 478.719 ) T:3769 ( 300.799 433.407 770.047 8945.663 22740.991 22740.991 )
2617.261: I:14 ( 337.919 476.159 556.031 ) T:3783 ( 300.799 433.407 770.047 8945.663 22740.991 22740.991 )
2627.263: I:19 ( 261.759 397.055 483.839 ) T:3802 ( 300.799 433.407 733.183 8945.663 22740.991 22740.991 )
2637.260: I:15 ( 303.103 435.199 673.791 ) T:3817 ( 300.799 433.407 733.183 8945.663 22740.991 22740.991 )
2647.261: I:19 ( 204.543 446.975 466.943 ) T:3836 ( 300.799 433.407 733.183 8945.663 22740.991 22740.991 )
2657.262: I:15 ( 338.431 423.423 714.751 ) T:3851 ( 300.799 433.407 733.183 8945.663 22740.991 22740.991 )
2667.262: I:18 ( 297.215 348.927 390.143 ) T:3869 ( 300.799 433.151 733.183 8945.663 22740.991 22740.991 )
2677.261: I:16 ( 274.943 457.215 489.727 ) T:3885 ( 300.799 433.151 733.183 8945.663 22740.991 22740.991 )
2687.263: I:17 ( 293.631 441.087 461.311 ) T:3902 ( 300.799 433.407 714.751 8945.663 22740.991 22740.991 )
2697.260: I:15 ( 324.095 413.695 559.615 ) T:3917 ( 300.799 433.407 714.751 8945.663 22740.991 22740.991 )
2707.261: I:15 ( 326.911 395.263 427.263 ) T:3932 ( 300.799 433.151 714.751 8945.663 22740.991 22740.991 )
2717.262: I:18 ( 283.903 376.319 407.807 ) T:3950 ( 300.799 432.895 714.751 8945.663 22740.991 22740.991 )
2727.262: I:15 ( 365.055 402.687 451.583 ) T:3965 ( 301.055 432.895 714.751 8945.663 22740.991 22740.991 )
2737.261: I:15 ( 342.527 431.871 470.015 ) T:3980 ( 301.055 432.895 714.751 8945.663 22740.991 22740.991 )
2747.261: I:15 ( 314.623 504.063 505.855 ) T:3995 ( 301.055 433.151 714.751 8945.663 22740.991 22740.991 )
2757.262: I:15 ( 337.919 476.159 512.767 ) T:4010 ( 301.055 433.151 711.167 8609.791 22740.991 22740.991 )
2767.261: I:13 ( 396.543 466.175 476.159 ) T:4023 ( 301.055 433.151 711.167 8609.791 22740.991 22740.991 )
2777.260: I:17 ( 271.615 382.463 389.375 ) T:4040 ( 301.055 433.151 711.167 8609.791 22740.991 22740.991 )
2787.261: I:16 ( 293.119 463.103 596.479 ) T:4056 ( 301.055 433.151 711.167 8609.791 22740.991 22740.991 )
2797.261: I:15 ( 313.087 444.927 449.535 ) T:4071 ( 301.055 433.407 711.167 8609.791 22740.991 22740.991 )
2807.261: I:17 ( 302.079 422.399 436.735 ) T:4088 ( 301.055 433.407 711.167 8609.791 22740.991 22740.991 )
2817.262: I:15 ( 285.183 467.199 542.719 ) T:4103 ( 301.055 433.407 707.583 8609.791 22740.991 22740.991 )
2827.262: I:18 ( 284.415 396.799 450.047 ) T:4121 ( 301.055 433.151 707.583 8609.791 22740.991 22740.991 )
2837.261: I:15 ( 307.711 413.951 423.423 ) T:4136 ( 301.055 433.151 707.583 8609.791 22740.991 22740.991 )
2847.261: I:15 ( 345.087 471.295 1164.287 ) T:4151 ( 301.823 433.151 711.167 8609.791 22740.991 22740.991 )
2857.262: I:17 ( 283.391 408.319 486.655 ) T:4168 ( 301.311 433.151 711.167 8609.791 22740.991 22740.991 )
2867.262: I:15 ( 288.511 414.719 449.279 ) T:4183 ( 301.311 433.151 711.167 8609.791 22740.991 22740.991 )
2877.262: I:16 ( 328.703 441.855 502.015 ) T:4199 ( 301.567 433.151 711.167 8609.791 22740.991 22740.991 )
2887.262: I:14 ( 289.279 410.367 1925.119 ) T:4213 ( 301.567 433.151 711.167 8609.791 22740.991 22740.991 )
2897.262: I:15 ( 318.463 407.039 538.623 ) T:4228 ( 301.567 433.151 711.167 8609.791 22740.991 22740.991 )
2907.262: I:17 ( 278.783 417.791 488.447 ) T:4245 ( 301.567 432.895 711.167 8609.791 22740.991 22740.991 )
2917.261: I:16 ( 305.407 425.215 518.143 ) T:4261 ( 301.567 432.895 711.167 8609.791 22740.991 22740.991 )
2927.260: I:16 ( 293.119 440.831 1745.919 ) T:4277 ( 301.311 432.895 714.751 8609.791 22740.991 22740.991 )
2937.260: I:14 ( 316.671 423.935 559.103 ) T:4291 ( 301.567 432.895 714.751 8609.791 22740.991 22740.991 )
2947.260: I:16 ( 283.903 429.823 438.527 ) T:4307 ( 301.567 432.895 711.167 8609.791 22740.991 22740.991 )
2957.261: I:14 ( 287.743 529.407 2758.655 ) T:4321 ( 301.311 432.895 714.751 8609.791 22740.991 22740.991 )
2967.261: I:15 ( 348.671 423.935 502.271 ) T:4336 ( 301.567 432.895 714.751 8609.791 22740.991 22740.991 )
2977.261: I:14 ( 350.719 422.655 422.655 ) T:4350 ( 301.567 432.383 714.751 8609.791 22740.991 22740.991 )
2987.262: I:14 ( 326.655 471.551 511.999 ) T:4364 ( 301.823 432.895 714.751 8609.791 22740.991 22740.991 )
2997.262: I:10 ( 297.215 353.791 4329.471 ) T:4374 ( 301.823 432.895 733.183 8609.791 22740.991 22740.991 )
3007.262: I:16 ( 302.079 404.735 481.279 ) T:4390 ( 301.823 432.895 733.183 8609.791 22740.991 22740.991 )
3017.261: I:18 ( 286.975 408.575 452.863 ) T:4408 ( 301.823 432.895 714.751 8609.791 22740.991 22740.991 )
3027.261: I:16 ( 296.959 498.687 656.383 ) T:4424 ( 301.823 432.895 714.751 8609.791 22740.991 22740.991 )
3037.261: I:8 ( 270.079 390.655 390.655 ) T:4432 ( 301.823 432.895 714.751 8609.791 22740.991 22740.991 )
3047.261: I:18 ( 309.247 422.655 479.999 ) T:4450 ( 301.823 432.383 714.751 8609.791 22740.991 22740.991 )
3057.261: I:16 ( 286.463 399.359 400.127 ) T:4466 ( 301.823 432.383 714.751 8609.791 22740.991 22740.991 )
3067.260: I:17 ( 287.231 447.743 456.959 ) T:4483 ( 301.823 432.383 714.751 8609.791 22740.991 22740.991 )
3077.261: I:6 ( 314.879 5447.679 5447.679 ) T:4489 ( 301.823 432.895 733.183 8609.791 22740.991 22740.991 )
3087.262: I:16 ( 304.639 477.695 479.999 ) T:4505 ( 301.823 432.895 714.751 8609.791 22740.991 22740.991 )
3097.261: I:18 ( 266.495 402.175 449.023 ) T:4523 ( 301.567 432.895 714.751 8609.791 22740.991 22740.991 )
3107.260: I:16 ( 329.471 397.567 544.767 ) T:4539 ( 301.823 432.895 714.751 8609.791 22740.991 22740.991 )
3117.263: I:5 ( 191.743 406.527 406.527 ) T:4544 ( 301.567 432.383 714.751 8609.791 22740.991 22740.991 )
3127.262: I:15 ( 312.575 394.751 473.343 ) T:4559 ( 301.823 432.383 714.751 8609.791 22740.991 22740.991 )
3137.261: I:17 ( 297.471 431.871 454.911 ) T:4576 ( 301.823 432.383 714.751 8609.791 22740.991 22740.991 )
3147.261: I:16 ( 339.967 422.143 442.623 ) T:4592 ( 301.823 432.383 714.751 8609.791 22740.991 22740.991 )
3157.262: I:8 ( 244.863 494.335 494.335 ) T:4600 ( 301.823 432.383 711.167 8609.791 22740.991 22740.991 )
3167.261: I:11 ( 351.743 414.463 8212.479 ) T:4611 ( 301.823 432.383 714.751 8609.791 22740.991 22740.991 )
3177.261: I:15 ( 320.511 427.263 468.735 ) T:4626 ( 301.823 432.383 714.751 8609.791 22740.991 22740.991 )
3187.261: I:15 ( 336.127 448.511 775.679 ) T:4641 ( 302.079 432.383 733.183 8609.791 22740.991 22740.991 )
3197.260: I:14 ( 205.695 398.079 400.639 ) T:4655 ( 301.823 432.127 733.183 8609.791 22740.991 22740.991 )
3207.261: I:7 ( 364.543 440.831 440.831 ) T:4662 ( 302.079 432.127 733.183 8609.791 22740.991 22740.991 )
3217.261: I:17 ( 322.815 419.839 545.791 ) T:4679 ( 302.079 432.127 733.183 8609.791 22740.991 22740.991 )
3227.260: I:17 ( 294.399 425.727 436.223 ) T:4696 ( 302.079 431.871 733.183 8609.791 22740.991 22740.991 )
3237.261: I:16 ( 263.167 389.119 454.143 ) T:4712 ( 301.823 431.871 714.751 8609.791 22740.991 22740.991 )
3247.261: I:5 ( 318.719 8040.447 8040.447 ) T:4717 ( 301.823 432.127 733.183 8609.791 22740.991 22740.991 )
3257.260: I:15 ( 349.695 429.055 451.327 ) T:4732 ( 302.079 431.871 733.183 8609.791 22740.991 22740.991 )
3267.261: I:16 ( 300.543 391.935 394.751 ) T:4748 ( 302.079 431.871 733.183 8609.791 22740.991 22740.991 )
3277.262: I:17 ( 251.647 461.055 549.887 ) T:4765 ( 301.823 431.871 733.183 8609.791 22740.991 22740.991 )
3287.261: I:4 ( 344.575 439.039 439.039 ) T:4769 ( 302.079 431.871 733.183 8609.791 22740.991 22740.991 )
3297.260: I:17 ( 304.127 383.999 8568.831 ) T:4786 ( 302.079 431.871 770.047 8609.791 22740.991 22740.991 )
3307.261: I:15 ( 303.871 480.255 492.799 ) T:4801 ( 302.079 431.871 733.183 8609.791 22740.991 22740.991 )
3317.262: I:15 ( 340.479 437.759 597.503 ) T:4816 ( 302.079 432.127 733.183 8609.791 22740.991 22740.991 )
3327.261: I:10 ( 341.503 484.351 570.367 ) T:4826 ( 302.079 432.383 733.183 8609.791 22740.991 22740.991 )
3337.260: I:10 ( 314.879 466.687 486.143 ) T:4836 ( 302.079 432.383 733.183 8609.791 22740.991 22740.991 )
3347.260: I:18 ( 278.271 401.919 419.839 ) T:4854 ( 302.079 432.127 733.183 8609.791 22740.991 22740.991 )
3357.260: I:15 ( 304.383 442.623 456.703 ) T:4869 ( 302.079 432.383 733.183 8609.791 22740.991 22740.991 )
3367.260: I:13 ( 352.255 422.399 713.215 ) T:4882 ( 302.079 432.127 733.183 8609.791 22740.991 22740.991 )
3377.260: I:6 ( 273.151 8069.119 8069.119 ) T:4888 ( 302.079 432.383 770.047 8609.791 22740.991 22740.991 )
3387.260: I:16 ( 323.839 419.071 428.287 ) T:4904 ( 302.335 431.871 733.183 8609.791 22740.991 22740.991 )
3397.261: I:16 ( 303.103 387.583 435.455 ) T:4920 ( 302.335 431.871 733.183 8609.791 22740.991 22740.991 )
3407.261: I:15 ( 337.919 468.223 483.071 ) T:4935 ( 302.591 431.871 733.183 8609.791 22740.991 22740.991 )
3417.260: I:3 ( 268.031 354.815 354.815 ) T:4938 ( 302.591 431.871 733.183 8609.791 22740.991 22740.991 )
3427.261: I:15 ( 315.647 451.071 458.751 ) T:4953 ( 302.591 432.383 733.183 8609.791 22740.991 22740.991 )
3437.262: I:15 ( 347.647 466.943 551.423 ) T:4968 ( 302.591 432.383 733.183 8609.791 22740.991 22740.991 )
3447.262: I:17 ( 306.175 405.247 490.495 ) T:4985 ( 302.591 432.383 733.183 8609.791 22740.991 22740.991 )
3457.262: I:6 ( 273.663 431.871 431.871 ) T:4991 ( 302.591 432.127 733.183 8609.791 22740.991 22740.991 )
3467.261: I:9 ( 336.383 465.919 465.919 ) T:5000 ( 302.591 432.127 714.751 8568.831 22740.991 22740.991 )
3477.260: I:0 (   0.000   0.000   0.000 ) T:5000 ( 302.591 432.127 714.751 8568.831 22740.991 22740.991 )
3487.260: I:1 ( 21544.959 21544.959 21544.959 ) T:5001 ( 303.103 432.383 733.183 8609.791 22740.991 22740.991 )
3497.260: I:17 ( 251.519 486.399 493.823 ) T:5018 ( 302.591 432.383 733.183 8609.791 22740.991 22740.991 )
3507.261: I:18 ( 310.527 387.327 422.143 ) T:5036 ( 302.591 432.127 733.183 8609.791 22740.991 22740.991 )
3517.261: I:16 ( 295.167 414.207 431.615 ) T:5052 ( 302.591 431.871 733.183 8609.791 22740.991 22740.991 )
3527.261: I:16 ( 323.071 438.527 494.335 ) T:5068 ( 303.103 431.871 733.183 8609.791 22740.991 22740.991 )
3537.262: I:16 ( 310.015 415.231 587.775 ) T:5084 ( 303.103 431.871 733.183 8609.791 22740.991 22740.991 )
3547.261: I:18 ( 276.991 407.039 434.431 ) T:5102 ( 303.103 431.871 714.751 8609.791 22740.991 22740.991 )
3557.260: I:16 ( 320.767 415.999 443.647 ) T:5118 ( 303.103 431.871 714.751 8609.791 22740.991 22740.991 )
3567.260: I:15 ( 339.711 471.807 674.815 ) T:5133 ( 303.359 431.871 714.751 8609.791 22740.991 22740.991 )
3577.260: I:14 ( 353.791 449.023 473.855 ) T:5147 ( 303.615 431.871 714.751 8609.791 22740.991 22740.991 )
3587.260: I:16 ( 323.839 482.815 499.967 ) T:5163 ( 303.615 432.383 714.751 8609.791 22740.991 22740.991 )
3597.260: I:16 ( 254.591 411.647 569.855 ) T:5179 ( 303.615 432.383 714.751 8609.791 22740.991 22740.991 )
3607.261: I:16 ( 344.319 459.263 499.199 ) T:5195 ( 303.615 432.383 714.751 8609.791 22740.991 22740.991 )
3617.261: I:17 ( 302.847 427.519 457.215 ) T:5212 ( 303.615 432.127 713.215 8609.791 22740.991 22740.991 )
3627.261: I:17 ( 281.087 404.223 719.871 ) T:5229 ( 303.615 432.127 714.751 8609.791 22740.991 22740.991 )
3637.261: I:18 ( 296.703 451.839 510.463 ) T:5247 ( 303.359 432.127 714.751 8609.791 22740.991 22740.991 )
3647.260: I:17 ( 294.911 387.583 428.287 ) T:5264 ( 303.359 431.871 714.751 8609.791 22740.991 22740.991 )
3657.261: I:15 ( 318.975 494.079 500.735 ) T:5279 ( 303.359 432.127 714.751 8609.791 22740.991 22740.991 )
3667.261: I:18 ( 293.375 354.815 465.407 ) T:5297 ( 303.359 431.871 714.751 8609.791 22740.991 22740.991 )
3677.260: I:15 ( 320.255 439.551 517.631 ) T:5312 ( 303.359 431.871 713.215 8609.791 22740.991 22740.991 )
3687.261: I:18 ( 305.663 405.759 449.279 ) T:5330 ( 303.359 431.871 713.215 8609.791 22740.991 22740.991 )
3697.261: I:14 ( 345.855 443.391 488.447 ) T:5344 ( 303.615 431.871 713.215 8609.791 22740.991 22740.991 )
3707.260: I:17 ( 312.831 376.319 743.423 ) T:5361 ( 303.615 431.871 714.751 8609.791 22740.991 22740.991 )
3717.261: I:16 ( 292.863 431.871 452.863 ) T:5377 ( 303.615 431.871 714.751 8609.791 22740.991 22740.991 )
3727.262: I:16 ( 292.863 379.391 397.311 ) T:5393 ( 303.615 431.871 714.751 8609.791 22740.991 22740.991 )
3737.261: I:15 ( 313.343 472.575 759.295 ) T:5408 ( 303.615 431.871 714.751 8609.791 22740.991 22740.991 )
3747.261: I:17 ( 334.847 490.751 518.655 ) T:5425 ( 303.615 431.871 714.751 8609.791 22740.991 22740.991 )
3757.261: I:14 ( 366.847 422.399 792.063 ) T:5439 ( 303.615 431.871 719.871 8609.791 22740.991 22740.991 )
3767.261: I:15 ( 313.087 484.095 509.695 ) T:5454 ( 303.615 431.871 719.871 8609.791 22740.991 22740.991 )
3777.262: I:16 ( 294.143 433.663 590.335 ) T:5470 ( 303.615 431.871 719.871 8609.791 22740.991 22740.991 )
3787.261: I:17 ( 293.631 444.927 505.087 ) T:5487 ( 303.615 432.127 719.871 8609.791 22740.991 22740.991 )
3797.260: I:15 ( 271.871 431.615 1279.999 ) T:5502 ( 303.615 431.871 719.871 8609.791 22740.991 22740.991 )
3807.260: I:20 ( 217.599 396.799 445.951 ) T:5522 ( 303.359 431.871 719.871 8609.791 22740.991 22740.991 )
3817.261: I:17 ( 277.247 417.535 598.527 ) T:5539 ( 303.359 431.871 719.871 8609.791 22740.991 22740.991 )
3827.261: I:15 ( 319.487 491.263 512.511 ) T:5554 ( 303.359 431.871 719.871 8609.791 22740.991 22740.991 )
3837.260: I:16 ( 263.935 386.559 1413.119 ) T:5570 ( 303.359 431.871 733.183 8609.791 22740.991 22740.991 )
3847.260: I:16 ( 295.679 421.119 436.735 ) T:5586 ( 303.359 431.871 733.183 8609.791 22740.991 22740.991 )
3857.261: I:17 ( 321.791 454.911 456.191 ) T:5603 ( 303.359 431.871 719.871 8609.791 22740.991 22740.991 )
3867.261: I:12 ( 292.863 414.975 448.511 ) T:5615 ( 303.359 431.871 719.871 8609.791 22740.991 22740.991 )
3877.261: I:18 ( 274.431 414.463 464.895 ) T:5633 ( 303.103 431.871 719.871 8609.791 22740.991 22740.991 )
3887.269: I:16 ( 298.751 449.535 537.087 ) T:5649 ( 303.103 431.871 719.871 8609.791 22740.991 22740.991 )
3897.261: I:15 ( 320.511 423.935 527.871 ) T:5664 ( 303.359 431.871 719.871 8609.791 22740.991 22740.991 )
3907.261: I:11 ( 273.663 433.151 4247.551 ) T:5675 ( 303.103 431.871 733.183 8609.791 22740.991 22740.991 )
3917.261: I:16 ( 310.783 422.143 516.863 ) T:5691 ( 303.359 431.871 733.183 8609.791 22740.991 22740.991 )
3927.260: I:14 ( 351.743 460.031 463.871 ) T:5705 ( 303.359 431.871 719.871 8609.791 22740.991 22740.991 )
3937.261: I:18 ( 245.503 451.327 455.935 ) T:5723 ( 303.359 431.871 719.871 8609.791 22740.991 22740.991 )
3947.261: I:11 ( 244.351 388.863 4894.719 ) T:5734 ( 303.359 431.871 733.183 8609.791 22740.991 22740.991 )
3957.260: I:15 ( 305.919 475.647 491.263 ) T:5749 ( 303.359 432.383 733.183 8609.791 22740.991 22740.991 )
3967.261: I:19 ( 241.663 415.487 419.839 ) T:5768 ( 303.103 431.871 733.183 8609.791 22740.991 22740.991 )
3977.262: I:20 ( 212.607 375.295 417.535 ) T:5788 ( 303.103 431.871 733.183 8609.791 22740.991 22740.991 )
3987.262: I:7 ( 316.415 6070.271 6070.271 ) T:5795 ( 303.103 431.871 743.423 8609.791 22740.991 22740.991 )
3997.261: I:16 ( 298.239 510.975 559.103 ) T:5811 ( 303.103 431.871 733.183 8609.791 22740.991 22740.991 )
4007.261: I:19 ( 264.959 355.583 399.359 ) T:5830 ( 302.591 431.871 733.183 8609.791 22740.991 22740.991 )
4017.261: I:17 ( 286.975 475.391 477.695 ) T:5847 ( 302.591 431.871 733.183 8609.791 22740.991 22740.991 )
4027.261: I:5 ( 336.127 472.831 472.831 ) T:5852 ( 302.591 431.871 733.183 8609.791 22740.991 22740.991 )
4037.262: I:15 ( 271.871 366.335 450.815 ) T:5867 ( 302.591 431.871 733.183 8609.791 22740.991 22740.991 )
4047.262: I:14 ( 344.063 415.231 418.047 ) T:5881 ( 302.847 431.871 733.183 8609.791 22740.991 22740.991 )
4057.261: I:18 ( 283.391 398.079 438.271 ) T:5899 ( 302.591 431.871 733.183 8609.791 22740.991 22740.991 )
4067.261: I:11 ( 298.239 409.855 423.167 ) T:5910 ( 302.591 431.615 719.871 8609.791 22740.991 22740.991 )
4077.262: I:10 ( 258.815 302.591 558.079 ) T:5920 ( 302.591 431.615 719.871 8609.791 22740.991 22740.991 )
4087.262: I:18 ( 290.047 384.767 412.415 ) T:5938 ( 302.591 431.615 719.871 8609.791 22740.991 22740.991 )
4097.261: I:17 ( 331.775 492.543 617.983 ) T:5955 ( 302.591 431.615 719.871 8609.791 22740.991 22740.991 )
4107.261: I:11 ( 383.487 490.751 497.151 ) T:5966 ( 302.847 431.871 719.871 8609.791 22740.991 22740.991 )
4117.261: I:8 ( 259.071 7213.055 7213.055 ) T:5974 ( 302.591 431.871 733.183 8609.791 22740.991 22740.991 )
4127.261: I:16 ( 285.439 419.327 457.727 ) T:5990 ( 302.591 431.871 733.183 8609.791 22740.991 22740.991 )
4137.261: I:18 ( 292.607 399.359 476.671 ) T:6008 ( 302.591 431.871 719.871 8568.831 22740.991 22740.991 )
4147.261: I:17 ( 273.663 455.679 470.271 ) T:6025 ( 302.591 431.871 719.871 8568.831 22740.991 22740.991 )
4157.261: I:3 ( 301.311 8863.743 8863.743 ) T:6028 ( 302.591 431.871 733.183 8609.791 22740.991 22740.991 )
4167.260: I:13 ( 396.543 479.231 520.191 ) T:6041 ( 302.847 432.127 733.183 8609.791 22740.991 22740.991 )
4177.261: I:17 ( 307.455 426.495 465.151 ) T:6058 ( 303.103 432.127 733.183 8609.791 22740.991 22740.991 )
4187.262: I:17 ( 281.855 426.495 439.295 ) T:6075 ( 302.847 431.871 733.183 8609.791 22740.991 22740.991 )
4197.262: I:7 ( 345.087 427.007 427.007 ) T:6082 ( 303.103 431.871 733.183 8609.791 22740.991 22740.991 )
4207.262: I:13 ( 274.431 368.127 8146.943 ) T:6095 ( 303.103 431.871 743.423 8609.791 22740.991 22740.991 )
4217.261: I:16 ( 295.935 467.455 553.471 ) T:6111 ( 303.103 431.871 733.183 8609.791 22740.991 22740.991 )
4227.260: I:16 ( 280.063 385.023 390.399 ) T:6127 ( 302.847 431.871 733.183 8609.791 22740.991 22740.991 )
4237.261: I:13 ( 264.447 415.999 434.687 ) T:6140 ( 302.847 431.871 733.183 8609.791 22740.991 22740.991 )
4247.261: I:9 ( 254.975 374.527 374.527 ) T:6149 ( 302.847 431.871 733.183 8609.791 22740.991 22740.991 )
4257.260: I:15 ( 319.999 471.551 493.567 ) T:6164 ( 302.847 431.871 733.183 8609.791 22740.991 22740.991 )
4267.329: I:16 ( 299.263 435.455 439.807 ) T:6180 ( 302.847 431.871 733.183 8609.791 22740.991 22740.991 )
4277.260: I:19 ( 249.087 379.391 433.407 ) T:6199 ( 302.591 431.871 733.183 8609.791 22740.991 22740.991 )
4287.261: I:3 ( 344.575 8155.135 8155.135 ) T:6202 ( 302.591 431.871 733.183 8609.791 22740.991 22740.991 )
4297.262: I:16 ( 319.999 440.063 473.599 ) T:6218 ( 302.847 431.871 733.183 8609.791 22740.991 22740.991 )
4307.261: I:17 ( 286.207 400.895 404.735 ) T:6235 ( 302.591 431.615 733.183 8609.791 22740.991 22740.991 )
4317.260: I:18 ( 284.927 379.391 398.591 ) T:6253 ( 302.591 431.615 733.183 8609.791 22740.991 22740.991 )
4327.261: I:4 ( 318.207 406.271 406.271 ) T:6257 ( 302.591 431.615 733.183 8609.791 22740.991 22740.991 )
4337.261: I:14 ( 324.607 436.479 7962.623 ) T:6271 ( 302.847 431.615 743.423 8609.791 22740.991 22740.991 )
4347.261: I:16 ( 354.047 439.039 460.799 ) T:6287 ( 303.103 431.615 743.423 8609.791 22740.991 22740.991 )
4357.262: I:16 ( 306.431 412.671 413.951 ) T:6303 ( 303.103 431.615 733.183 8609.791 22740.991 22740.991 )
4367.261: I:11 ( 327.679 358.143 369.663 ) T:6314 ( 303.103 431.615 733.183 8609.791 22740.991 22740.991 )
4377.260: I:8 ( 282.879 433.407 433.407 ) T:6322 ( 303.103 431.615 733.183 8609.791 22740.991 22740.991 )
4387.260: I:15 ( 360.703 468.479 523.519 ) T:6337 ( 303.103 431.615 733.183 8609.791 22740.991 22740.991 )
4397.260: I:2 ( 309.247 446.975 446.975 ) T:6339 ( 303.359 431.615 733.183 8609.791 22740.991 22740.991 )
4407.260: I:0 (   0.000   0.000   0.000 ) T:6339 ( 303.359 431.615 733.183 8609.791 22740.991 22740.991 )
4417.260: I:12 ( 295.935 414.719 20774.911 ) T:6351 ( 303.359 431.615 743.423 8863.743 22740.991 22740.991 )
4427.260: I:16 ( 327.167 526.847 535.551 ) T:6367 ( 303.359 431.615 743.423 8863.743 22740.991 22740.991 )
4437.261: I:15 ( 332.031 431.359 443.647 ) T:6382 ( 303.615 431.615 743.423 8863.743 22740.991 22740.991 )
4447.262: I:15 ( 361.727 441.087 494.335 ) T:6397 ( 303.615 431.615 743.423 8863.743 22740.991 22740.991 )
4457.262: I:16 ( 324.863 368.639 377.343 ) T:6413 ( 303.615 431.615 733.183 8863.743 22740.991 22740.991 )
4467.261: I:18 ( 272.639 394.239 433.407 ) T:6431 ( 303.615 431.615 733.183 8863.743 22740.991 22740.991 )
4477.261: I:18 ( 286.207 391.167 419.327 ) T:6449 ( 303.615 431.359 733.183 8863.743 22740.991 22740.991 )
4487.261: I:16 ( 303.871 477.695 500.223 ) T:6465 ( 303.615 431.359 733.183 8863.743 22740.991 22740.991 )
4497.260: I:16 ( 287.231 395.007 479.487 ) T:6481 ( 303.615 431.359 733.183 8863.743 22740.991 22740.991 )
4507.260: I:14 ( 333.311 703.999 772.607 ) T:6495 ( 303.615 431.615 743.423 8863.743 22740.991 22740.991 )
4517.260: I:15 ( 332.031 383.999 416.511 ) T:6510 ( 303.615 431.359 733.183 8863.743 22740.991 22740.991 )
4527.260: I:15 ( 330.239 479.999 498.943 ) T:6525 ( 303.871 431.615 733.183 8863.743 22740.991 22740.991 )
4537.260: I:18 ( 275.967 380.671 552.959 ) T:6543 ( 303.871 431.359 733.183 8863.743 22740.991 22740.991 )
4547.261: I:16 ( 275.455 471.807 592.895 ) T:6559 ( 303.615 431.615 733.183 8863.743 22740.991 22740.991 )
4557.261: I:17 ( 303.871 372.223 372.735 ) T:6576 ( 303.615 431.359 733.183 8863.743 22740.991 22740.991 )
4567.260: I:17 ( 258.175 390.399 420.863 ) T:6593 ( 303.615 430.847 733.183 8863.743 22740.991 22740.991 )
4577.261: I:19 ( 250.495 386.559 419.071 ) T:6612 ( 303.615 430.591 719.871 8863.743 22740.991 22740.991 )
4587.262: I:17 ( 316.159 404.735 640.511 ) T:6629 ( 303.615 430.591 719.871 8863.743 22740.991 22740.991 )
4597.262: I:17 ( 298.751 423.679 444.927 ) T:6646 ( 303.615 430.591 719.871 8863.743 22740.991 22740.991 )
4607.262: I:18 ( 262.143 357.887 406.527 ) T:6664 ( 303.359 430.591 719.871 8863.743 22740.991 22740.991 )
4617.261: I:16 ( 337.151 453.119 453.119 ) T:6680 ( 303.615 430.591 719.871 8863.743 22740.991 22740.991 )
4627.260: I:18 ( 283.391 445.695 569.343 ) T:6698 ( 303.359 430.591 719.871 8863.743 22740.991 22740.991 )
4637.263: I:17 ( 274.943 391.679 416.767 ) T:6715 ( 303.359 430.335 714.751 8863.743 22740.991 22740.991 )
4647.261: I:16 ( 295.423 438.015 485.887 ) T:6731 ( 303.359 430.335 714.751 8863.743 22740.991 22740.991 )
4657.261: I:17 ( 337.919 391.679 411.903 ) T:6748 ( 303.359 430.335 714.751 8863.743 22740.991 22740.991 )
4667.260: I:16 ( 310.783 430.079 458.751 ) T:6764 ( 303.359 430.079 714.751 8863.743 22740.991 22740.991 )
4677.260: I:16 ( 275.967 467.199 589.823 ) T:6780 ( 303.359 430.335 714.751 8863.743 22740.991 22740.991 )
4687.261: I:17 ( 312.063 473.599 505.087 ) T:6797 ( 303.359 430.335 714.751 8863.743 22740.991 22740.991 )
4697.264: I:15 ( 293.887 475.647 994.815 ) T:6812 ( 303.359 430.335 714.751 8863.743 22740.991 22740.991 )
4707.261: I:18 ( 258.687 499.455 575.999 ) T:6830 ( 303.103 430.591 714.751 8863.743 22740.991 22740.991 )
4717.262: I:15 ( 324.607 403.711 436.735 ) T:6845 ( 303.359 430.591 714.751 8863.743 22740.991 22740.991 )
4727.261: I:14 ( 327.167 408.063 451.839 ) T:6859 ( 303.359 430.591 714.751 8863.743 22740.991 22740.991 )
4737.260: I:17 ( 259.583 431.615 440.831 ) T:6876 ( 303.359 430.591 714.751 8863.743 22740.991 22740.991 )
4747.260: I:18 ( 280.831 398.847 409.855 ) T:6894 ( 303.103 430.335 714.751 8863.743 22740.991 22740.991 )
4757.261: I:15 ( 272.383 451.839 1527.807 ) T:6909 ( 303.103 430.335 714.751 8863.743 22740.991 22740.991 )
4767.261: I:16 ( 287.999 447.231 639.999 ) T:6925 ( 303.103 430.335 714.751 8863.743 22740.991 22740.991 )
4777.260: I:15 ( 284.671 355.583 442.879 ) T:6940 ( 303.103 430.335 714.751 8863.743 22740.991 22740.991 )
4787.261: I:16 ( 295.167 345.343 377.087 ) T:6956 ( 303.103 430.079 714.751 8863.743 22740.991 22740.991 )
4797.262: I:10 ( 338.431 382.207 2092.031 ) T:6966 ( 303.103 430.079 719.871 8863.743 22740.991 22740.991 )
4807.261: I:16 ( 302.079 409.343 455.167 ) T:6982 ( 303.103 430.079 719.871 8863.743 22740.991 22740.991 )
4817.261: I:14 ( 357.375 515.327 885.759 ) T:6996 ( 303.103 430.335 733.183 8863.743 22740.991 22740.991 )
4827.262: I:18 ( 273.919 417.791 434.687 ) T:7014 ( 303.103 430.079 719.871 8609.791 22740.991 22740.991 )
4837.261: I:9 ( 358.655 4198.399 4198.399 ) T:7023 ( 303.103 430.335 733.183 8609.791 22740.991 22740.991 )
4847.260: I:16 ( 333.311 461.567 479.231 ) T:7039 ( 303.359 430.335 733.183 8609.791 22740.991 22740.991 )
4857.260: I:17 ( 284.415 465.407 721.919 ) T:7056 ( 303.359 430.335 733.183 8609.791 22740.991 22740.991 )
4867.261: I:16 ( 343.295 441.087 670.207 ) T:7072 ( 303.359 430.335 733.183 8609.791 22740.991 22740.991 )
4877.261: I:11 ( 257.919 398.079 4702.207 ) T:7083 ( 303.359 430.335 743.423 8609.791 22740.991 22740.991 )
4887.261: I:15 ( 294.399 519.167 688.639 ) T:7098 ( 303.103 430.591 743.423 8609.791 22740.991 22740.991 )
4897.261: I:16 ( 288.511 416.511 675.839 ) T:7114 ( 303.103 430.335 733.183 8609.791 22740.991 22740.991 )
4907.261: I:16 ( 327.167 425.727 428.287 ) T:7130 ( 303.103 430.079 733.183 8609.791 22740.991 22740.991 )
4917.261: I:7 ( 420.351 6131.711 6131.711 ) T:7137 ( 303.359 430.591 743.423 8609.791 22740.991 22740.991 )
4927.260: I:15 ( 317.951 460.287 492.799 ) T:7152 ( 303.359 430.591 743.423 8609.791 22740.991 22740.991 )
4937.260: I:19 ( 285.183 449.279 462.847 ) T:7171 ( 303.359 430.591 743.423 8609.791 22740.991 22740.991 )
4947.260: I:16 ( 328.447 445.951 458.751 ) T:7187 ( 303.359 430.591 743.423 8609.791 22740.991 22740.991 )
4957.261: I:6 ( 220.671 327.679 327.679 ) T:7193 ( 303.359 430.591 743.423 8609.791 22740.991 22740.991 )
4967.262: I:16 ( 287.999 334.591 443.903 ) T:7209 ( 303.359 430.591 733.183 8609.791 22740.991 22740.991 )
4977.261: I:16 ( 271.103 449.279 458.751 ) T:7225 ( 303.359 430.591 733.183 8609.791 22740.991 22740.991 )
4987.260: I:18 ( 263.679 429.823 640.511 ) T:7243 ( 303.103 430.591 733.183 8609.791 22740.991 22740.991 )
4997.261: I:10 ( 263.935 449.279 487.679 ) T:7253 ( 303.103 430.591 733.183 8609.791 22740.991 22740.991 )
5007.261: I:10 ( 281.599 385.279 386.815 ) T:7263 ( 303.103 430.591 733.183 8609.791 22740.991 22740.991 )
5017.260: I:17 ( 242.175 423.935 444.415 ) T:7280 ( 303.103 430.335 733.183 8609.791 22740.991 22740.991 )
5027.260: I:18 ( 264.447 391.935 410.111 ) T:7298 ( 302.591 430.335 733.183 8609.791 22740.991 22740.991 )
5037.261: I:11 ( 432.895 513.535 643.071 ) T:7309 ( 303.103 430.591 721.919 8609.791 22740.991 22740.991 )
5047.261: I:5 ( 276.735 8478.719 8478.719 ) T:7314 ( 302.847 430.591 733.183 8609.791 22740.991 22740.991 )
5057.260: I:16 ( 310.783 403.711 450.303 ) T:7330 ( 303.103 430.591 733.183 8609.791 22740.991 22740.991 )
5067.260: I:18 ( 276.735 445.439 448.511 ) T:7348 ( 302.847 430.591 733.183 8609.791 22740.991 22740.991 )
5077.260: I:15 ( 279.551 470.015 505.343 ) T:7363 ( 302.847 430.591 733.183 8609.791 22740.991 22740.991 )
5087.261: I:3 ( 311.551 351.999 351.999 ) T:7366 ( 302.847 430.591 733.183 8609.791 22740.991 22740.991 )
5097.261: I:18 ( 303.103 604.159 8495.103 ) T:7384 ( 303.103 430.847 743.423 8609.791 22740.991 22740.991 )
5107.260: I:16 ( 308.223 468.223 495.615 ) T:7400 ( 303.103 430.847 733.183 8609.791 22740.991 22740.991 )
5117.260: I:19 ( 251.263 431.103 438.527 ) T:7419 ( 302.847 430.847 733.183 8609.791 22740.991 22740.991 )
5127.261: I:9 ( 253.951 420.863 420.863 ) T:7428 ( 302.591 430.847 733.183 8609.791 22740.991 22740.991 )
5137.261: I:12 ( 275.711 364.031 9093.119 ) T:7440 ( 302.591 430.591 743.423 8863.743 22740.991 22740.991 )
5147.264: I:18 ( 294.655 442.111 464.383 ) T:7458 ( 302.591 430.847 743.423 8863.743 22740.991 22740.991 )
5157.261: I:19 ( 296.447 496.639 574.975 ) T:7477 ( 302.591 430.847 743.423 8863.743 22740.991 22740.991 )
5167.260: I:14 ( 304.639 398.591 602.623 ) T:7491 ( 302.591 430.591 743.423 8863.743 22740.991 22740.991 )
5177.260: I:5 ( 268.031 432.639 432.639 ) T:7496 ( 302.591 430.847 743.423 8863.743 22740.991 22740.991 )
5187.260: I:16 ( 293.375 382.719 419.839 ) T:7512 ( 302.591 430.591 733.183 8863.743 22740.991 22740.991 )
5197.260: I:17 ( 316.415 448.255 462.847 ) T:7529 ( 302.591 430.591 733.183 8863.743 22740.991 22740.991 )
5207.261: I:17 ( 292.095 397.567 469.503 ) T:7546 ( 302.591 430.591 733.183 8863.743 22740.991 22740.991 )
5217.261: I:4 ( 325.887 7909.375 7909.375 ) T:7550 ( 302.591 430.591 743.423 8863.743 22740.991 22740.991 )
5227.260: I:15 ( 286.463 425.471 595.455 ) T:7565 ( 302.591 430.591 743.423 8863.743 22740.991 22740.991 )
5237.260: I:17 ( 317.951 452.351 495.615 ) T:7582 ( 302.591 430.847 743.423 8863.743 22740.991 22740.991 )
5247.260: I:15 ( 353.023 441.087 503.807 ) T:7597 ( 302.591 430.847 743.423 8863.743 22740.991 22740.991 )
5257.261: I:7 ( 349.951 412.671 412.671 ) T:7604 ( 302.591 430.847 733.183 8863.743 22740.991 22740.991 )
5267.261: I:12 ( 287.999 364.287 8552.447 ) T:7616 ( 302.591 430.847 743.423 8863.743 22740.991 22740.991 )
5277.260: I:19 ( 245.631 396.799 401.919 ) T:7635 ( 302.591 430.591 743.423 8863.743 22740.991 22740.991 )
5287.260: I:16 ( 304.383 402.175 451.583 ) T:7651 ( 302.591 430.591 743.423 8863.743 22740.991 22740.991 )
5297.260: I:12 ( 290.047 396.031 404.991 ) T:7663 ( 302.591 430.591 743.423 8863.743 22740.991 22740.991 )
5307.260: I:7 ( 338.687 9142.271 9142.271 ) T:7670 ( 302.591 430.591 759.295 8945.663 22740.991 22740.991 )
5317.817: I:9 ( 354.303 546.815 546.815 ) T:7679 ( 302.847 430.591 759.295 8945.663 22740.991 22740.991 )
5327.261: I:0 (   0.000   0.000   0.000 ) T:7679 ( 302.847 430.591 759.295 8945.663 22740.991 22740.991 )
5337.260: I:2 ( 232.959 430.847 430.847 ) T:7681 ( 302.847 430.591 759.295 8945.663 22740.991 22740.991 )
5347.263: I:16 ( 314.623 399.615 402.943 ) T:7697 ( 303.103 430.591 759.295 8945.663 22740.991 22740.991 )
5357.260: I:18 ( 261.887 438.271 450.815 ) T:7715 ( 302.847 430.591 743.423 8945.663 22740.991 22740.991 )
5367.260: I:19 ( 302.079 399.871 420.863 ) T:7734 ( 302.847 430.591 743.423 8945.663 22740.991 22740.991 )
5377.261: I:16 ( 291.327 424.447 572.927 ) T:7750 ( 302.591 430.591 743.423 8945.663 22740.991 22740.991 )
5387.261: I:17 ( 292.863 442.623 443.391 ) T:7767 ( 302.591 430.591 743.423 8945.663 22740.991 22740.991 )
5397.260: I:16 ( 302.847 330.751 411.903 ) T:7783 ( 302.847 430.335 743.423 8945.663 22740.991 22740.991 )
5407.260: I:16 ( 294.143 394.495 396.031 ) T:7799 ( 302.591 430.335 743.423 8945.663 22740.991 22740.991 )
5417.260: I:17 ( 277.759 401.919 467.199 ) T:7816 ( 302.591 430.335 733.183 8945.663 22740.991 22740.991 )
5427.260: I:18 ( 292.863 374.271 379.391 ) T:7834 ( 302.591 430.079 733.183 8945.663 22740.991 22740.991 )
5437.260: I:17 ( 287.231 423.679 424.447 ) T:7851 ( 302.591 430.079 733.183 8945.663 22740.991 22740.991 )
5447.263: I:18 ( 272.639 380.671 451.327 ) T:7869 ( 302.591 430.079 733.183 8945.663 22740.991 22740.991 )
5457.260: I:17 ( 274.175 379.135 401.919 ) T:7886 ( 302.591 429.823 733.183 8945.663 22740.991 22740.991 )
5467.263: I:16 ( 328.191 431.871 458.239 ) T:7902 ( 302.591 429.823 721.919 8945.663 22740.991 22740.991 )
5477.261: I:15 ( 325.887 465.151 521.983 ) T:7917 ( 302.591 430.079 721.919 8945.663 22740.991 22740.991 )
5487.261: I:14 ( 300.031 500.223 603.135 ) T:7931 ( 302.591 430.079 721.919 8945.663 22740.991 22740.991 )
5497.260: I:16 ( 268.287 379.647 423.679 ) T:7947 ( 302.591 429.823 721.919 8945.663 22740.991 22740.991 )
5507.260: I:17 ( 332.799 408.831 436.479 ) T:7964 ( 302.591 429.823 721.919 8945.663 22740.991 22740.991 )
5517.260: I:15 ( 338.687 428.031 429.055 ) T:7979 ( 302.847 429.823 721.919 8945.663 22740.991 22740.991 )
5527.261: I:18 ( 262.911 353.535 445.951 ) T:7997 ( 302.847 429.567 721.919 8945.663 22740.991 22740.991 )
5537.261: I:15 ( 340.991 429.823 536.063 ) T:8012 ( 303.103 429.567 719.871 8863.743 22740.991 22740.991 )
5547.260: I:17 ( 305.407 408.575 508.415 ) T:8029 ( 303.103 429.567 719.871 8863.743 22740.991 22740.991 )
5557.260: I:18 ( 275.711 387.071 431.359 ) T:8047 ( 302.847 429.567 719.871 8863.743 22740.991 22740.991 )
5567.260: I:16 ( 285.695 482.303 623.615 ) T:8063 ( 302.847 429.567 719.871 8863.743 22740.991 22740.991 )
5577.260: I:15 ( 330.239 435.455 464.127 ) T:8078 ( 303.103 429.823 719.871 8863.743 22740.991 22740.991 )
5587.260: I:17 ( 274.431 523.775 534.015 ) T:8095 ( 303.103 429.823 719.871 8863.743 22740.991 22740.991 )
5597.260: I:16 ( 314.879 456.447 486.399 ) T:8111 ( 303.103 429.823 714.751 8863.743 22740.991 22740.991 )
5607.260: I:15 ( 362.239 447.487 461.311 ) T:8126 ( 303.103 430.079 714.751 8863.743 22740.991 22740.991 )
5617.260: I:17 ( 284.671 607.743 621.567 ) T:8143 ( 303.103 430.079 714.751 8863.743 22740.991 22740.991 )
5627.260: I:17 ( 343.807 393.983 395.775 ) T:8160 ( 303.103 429.823 714.751 8863.743 22740.991 22740.991 )
5637.260: I:17 ( 260.607 404.735 1000.447 ) T:8177 ( 303.103 429.823 719.871 8863.743 22740.991 22740.991 )
5647.261: I:17 ( 286.975 418.047 439.295 ) T:8194 ( 302.847 429.823 719.871 8863.743 22740.991 22740.991 )
5657.261: I:19 ( 278.271 378.367 389.887 ) T:8213 ( 302.847 429.823 714.751 8863.743 22740.991 22740.991 )
5667.260: I:18 ( 203.263 338.943 341.247 ) T:8231 ( 302.591 429.567 714.751 8863.743 22740.991 22740.991 )
5677.260: I:16 ( 292.863 384.511 446.975 ) T:8247 ( 302.591 429.567 714.751 8863.743 22740.991 22740.991 )
5687.260: I:17 ( 283.391 451.327 463.871 ) T:8264 ( 302.591 429.567 714.751 8863.743 22740.991 22740.991 )
5697.260: I:16 ( 293.631 433.151 496.383 ) T:8280 ( 302.591 429.567 714.751 8863.743 22740.991 22740.991 )
5707.260: I:13 ( 287.487 409.087 2424.831 ) T:8293 ( 302.591 429.567 719.871 8863.743 22740.991 22740.991 )
5717.261: I:16 ( 287.743 409.087 431.871 ) T:8309 ( 302.591 429.567 714.751 8863.743 22740.991 22740.991 )
5727.261: I:20 ( 276.991 371.967 445.695 ) T:8329 ( 302.591 429.567 714.751 8863.743 22740.991 22740.991 )
5737.261: I:15 ( 289.791 374.527 438.271 ) T:8344 ( 302.591 429.567 714.751 8863.743 22740.991 22740.991 )
5747.261: I:9 ( 322.303 4403.199 4403.199 ) T:8353 ( 302.591 429.567 719.871 8863.743 22740.991 22740.991 )
5757.260: I:15 ( 374.271 486.399 503.807 ) T:8368 ( 302.591 429.567 719.871 8863.743 22740.991 22740.991 )
5767.261: I:17 ( 270.847 456.191 468.479 ) T:8385 ( 302.591 429.567 719.871 8863.743 22740.991 22740.991 )
5777.262: I:17 ( 293.887 421.375 424.447 ) T:8402 ( 302.591 429.567 714.751 8863.743 22740.991 22740.991 )
5787.261: I:7 ( 319.231 427.007 427.007 ) T:8409 ( 302.591 429.567 714.751 8863.743 22740.991 22740.991 )
5797.260: I:19 ( 267.007 372.735 531.967 ) T:8428 ( 302.591 429.567 714.751 8863.743 22740.991 22740.991 )
5807.260: I:17 ( 322.303 429.567 532.991 ) T:8445 ( 302.591 429.567 714.751 8863.743 22740.991 22740.991 )
5817.260: I:14 ( 344.575 479.487 494.847 ) T:8459 ( 302.591 429.567 714.751 8863.743 22740.991 22740.991 )
5827.260: I:6 ( 271.871 6504.447 6504.447 ) T:8465 ( 302.591 429.567 719.871 8863.743 22740.991 22740.991 )
5837.260: I:17 ( 357.631 480.767 489.727 ) T:8482 ( 302.591 429.823 719.871 8863.743 22740.991 22740.991 )
5847.260: I:16 ( 310.783 423.423 674.815 ) T:8498 ( 302.591 429.823 719.871 8863.743 22740.991 22740.991 )
5857.260: I:17 ( 320.511 373.247 402.687 ) T:8515 ( 302.591 429.567 714.751 8863.743 22740.991 22740.991 )
5867.260: I:2 ( 396.287 444.671 444.671 ) T:8517 ( 302.591 429.823 714.751 8863.743 22740.991 22740.991 )
5877.260: I:16 ( 262.015 460.287 8503.295 ) T:8533 ( 302.591 429.823 719.871 8863.743 22740.991 22740.991 )
5887.260: I:19 ( 271.871 369.919 436.479 ) T:8552 ( 302.591 429.823 719.871 8863.743 22740.991 22740.991 )
5897.260: I:18 ( 264.959 520.191 525.823 ) T:8570 ( 302.591 429.823 719.871 8863.743 22740.991 22740.991 )
5907.260: I:9 ( 284.415 450.303 450.303 ) T:8579 ( 302.591 429.823 719.871 8863.743 22740.991 22740.991 )
5917.260: I:8 ( 258.175 425.727 425.727 ) T:8587 ( 302.591 429.823 719.871 8863.743 22740.991 22740.991 )
5927.260: I:17 ( 333.823 451.071 503.039 ) T:8604 ( 302.591 429.823 714.751 8863.743 22740.991 22740.991 )
5937.261: I:19 ( 283.647 438.015 593.407 ) T:8623 ( 302.591 429.823 714.751 8863.743 22740.991 22740.991 )
5947.262: I:12 ( 301.055 424.191 461.055 ) T:8635 ( 302.591 429.823 714.751 8863.743 22740.991 22740.991 )
5957.262: I:7 ( 217.471 8675.327 8675.327 ) T:8642 ( 302.335 429.823 719.871 8863.743 22740.991 22740.991 )
5967.261: I:19 ( 274.175 354.047 419.071 ) T:8661 ( 302.335 429.823 719.871 8863.743 22740.991 22740.991 )
5977.260: I:16 ( 319.743 403.967 464.895 ) T:8677 ( 302.335 429.823 719.871 8863.743 22740.991 22740.991 )
5987.260: I:14 ( 377.343 442.367 492.543 ) T:8691 ( 302.591 429.823 719.871 8863.743 22740.991 22740.991 )
5997.261: I:3 ( 327.679 361.215 361.215 ) T:8694 ( 302.591 429.823 719.871 8863.743 22740.991 22740.991 )
6007.261: I:16 ( 295.679 426.239 500.991 ) T:8710 ( 302.591 429.823 714.751 8863.743 22740.991 22740.991 )
6017.260: I:18 ( 283.135 358.399 397.311 ) T:8728 ( 302.335 429.567 714.751 8863.743 22740.991 22740.991 )
6027.260: I:17 ( 263.679 415.999 427.519 ) T:8745 ( 302.335 429.567 714.751 8863.743 22740.991 22740.991 )
6037.260: I:10 ( 319.231 379.135 380.415 ) T:8755 ( 302.335 429.567 714.751 8863.743 22740.991 22740.991 )
6047.260: I:9 ( 310.783 372.479 372.479 ) T:8764 ( 302.335 429.567 714.751 8863.743 22740.991 22740.991 )
6057.260: I:15 ( 338.431 431.359 457.471 ) T:8779 ( 302.591 429.567 714.751 8863.743 22740.991 22740.991 )
6067.260: I:16 ( 297.215 420.607 421.375 ) T:8795 ( 302.591 429.567 714.751 8863.743 22740.991 22740.991 )
6077.260: I:16 ( 285.183 419.839 513.535 ) T:8811 ( 302.591 429.311 713.215 8863.743 22740.991 22740.991 )
6087.260: I:5 ( 328.703 434.175 434.175 ) T:8816 ( 302.591 429.567 713.215 8863.743 22740.991 22740.991 )
6097.260: I:18 ( 269.055 470.527 540.159 ) T:8834 ( 302.591 429.567 713.215 8863.743 22740.991 22740.991 )
6107.260: I:16 ( 333.823 432.383 457.727 ) T:8850 ( 302.591 429.567 713.215 8863.743 22740.991 22740.991 )
6117.260: I:17 ( 320.255 404.479 459.007 ) T:8867 ( 302.591 429.567 713.215 8863.743 22740.991 22740.991 )
6127.261: I:3 ( 229.631 271.615 271.615 ) T:8870 ( 302.591 429.311 713.215 8863.743 22740.991 22740.991 )
6137.261: I:16 ( 294.399 403.711 456.191 ) T:8886 ( 302.591 429.311 713.215 8863.743 22740.991 22740.991 )
6147.260: I:15 ( 313.599 453.119 454.143 ) T:8901 ( 302.591 429.567 711.167 8863.743 22740.991 22740.991 )
6157.260: I:18 ( 261.119 407.807 414.207 ) T:8919 ( 302.591 429.311 711.167 8863.743 22740.991 22740.991 )
6167.260: I:6 ( 315.647 450.815 450.815 ) T:8925 ( 302.591 429.567 711.167 8863.743 22740.991 22740.991 )
6177.261: I:15 ( 212.863 335.615 7712.767 ) T:8940 ( 302.335 429.311 713.215 8863.743 22740.991 22740.991 )
6187.261: I:18 ( 275.455 473.855 476.671 ) T:8958 ( 302.335 429.567 713.215 8863.743 22740.991 22740.991 )
6197.261: I:14 ( 326.911 434.431 437.503 ) T:8972 ( 302.591 429.567 713.215 8863.743 22740.991 22740.991 )
6207.261: I:14 ( 303.871 428.543 481.535 ) T:8986 ( 302.591 429.567 713.215 8863.743 22740.991 22740.991 )
6217.260: I:7 ( 285.951 8708.095 8708.095 ) T:8993 ( 302.591 429.567 714.751 8863.743 22740.991 22740.991 )
6227.260: I:18 ( 271.103 422.911 476.415 ) T:9011 ( 302.335 429.567 713.215 8708.095 22740.991 22740.991 )
6237.260: I:15 ( 323.583 377.343 389.375 ) T:9026 ( 302.335 429.567 713.215 8708.095 22740.991 22740.991 )
6247.260: I:2 ( 293.887 296.703 296.703 ) T:9028 ( 302.335 429.567 713.215 8708.095 22740.991 22740.991 )
6257.260: I:0 (   0.000   0.000   0.000 ) T:9028 ( 302.335 429.567 713.215 8708.095 22740.991 22740.991 )
6267.260: I:6 ( 283.647 419.839 419.839 ) T:9034 ( 302.335 429.311 713.215 8708.095 22740.991 22740.991 )
6277.260: I:16 ( 302.847 368.383 481.535 ) T:9050 ( 302.335 429.311 713.215 8708.095 22740.991 22740.991 )
6287.260: I:18 ( 268.031 370.431 465.663 ) T:9068 ( 302.335 429.311 713.215 8708.095 22740.991 22740.991 )
6297.260: I:18 ( 293.119 397.311 438.783 ) T:9086 ( 302.335 429.311 713.215 8708.095 22740.991 22740.991 )
6307.260: I:18 ( 281.087 398.847 423.679 ) T:9104 ( 302.335 429.055 711.167 8708.095 22740.991 22740.991 )
6317.261: I:16 ( 319.743 400.895 403.199 ) T:9120 ( 302.335 428.799 711.167 8708.095 22740.991 22740.991 )
6327.261: I:18 ( 232.959 449.023 451.071 ) T:9138 ( 302.335 429.055 711.167 8708.095 22740.991 22740.991 )
6337.260: I:18 ( 240.895 454.399 600.063 ) T:9156 ( 302.079 429.055 711.167 8708.095 22740.991 22740.991 )
6347.260: I:16 ( 329.727 420.863 451.583 ) T:9172 ( 302.335 428.799 711.167 8708.095 22740.991 22740.991 )
6357.261: I:16 ( 290.303 393.983 442.623 ) T:9188 ( 302.335 428.799 711.167 8708.095 22740.991 22740.991 )
6367.261: I:16 ( 306.175 420.863 440.063 ) T:9204 ( 302.335 428.799 707.583 8708.095 22740.991 22740.991 )
6377.260: I:16 ( 290.559 438.527 475.391 ) T:9220 ( 302.335 428.799 707.583 8708.095 22740.991 22740.991 )
6387.260: I:17 ( 316.159 425.471 490.239 ) T:9237 ( 302.335 428.799 707.583 8708.095 22740.991 22740.991 )
6397.260: I:17 ( 327.679 396.031 426.495 ) T:9254 ( 302.335 428.287 707.583 8708.095 22740.991 22740.991 )
6407.261: I:18 ( 329.471 457.983 508.159 ) T:9272 ( 302.591 428.543 707.583 8708.095 22740.991 22740.991 )
6417.261: I:16 ( 315.903 445.183 454.143 ) T:9288 ( 302.591 428.799 707.583 8708.095 22740.991 22740.991 )
6427.260: I:17 ( 273.151 401.919 496.895 ) T:9305 ( 302.591 428.799 703.999 8708.095 22740.991 22740.991 )
6437.260: I:18 ( 263.167 398.335 444.415 ) T:9323 ( 302.591 428.543 703.999 8708.095 22740.991 22740.991 )
6447.260: I:14 ( 318.463 491.519 517.375 ) T:9337 ( 302.591 428.799 703.999 8708.095 22740.991 22740.991 )
6457.264: I:17 ( 316.159 421.375 490.495 ) T:9354 ( 302.591 428.543 703.999 8708.095 22740.991 22740.991 )
6467.261: I:20 ( 244.735 322.815 341.503 ) T:9374 ( 302.335 428.287 703.999 8708.095 22740.991 22740.991 )
6477.261: I:15 ( 306.943 424.447 495.871 ) T:9389 ( 302.335 428.287 703.999 8708.095 22740.991 22740.991 )
6487.262: I:18 ( 283.391 407.807 481.791 ) T:9407 ( 302.079 428.287 689.151 8708.095 22740.991 22740.991 )
6497.261: I:19 ( 277.247 451.071 487.423 ) T:9426 ( 302.079 428.287 689.151 8708.095 22740.991 22740.991 )
6507.260: I:18 ( 287.743 432.383 496.639 ) T:9444 ( 302.079 428.287 689.151 8708.095 22740.991 22740.991 )
6517.260: I:15 ( 348.415 502.527 508.415 ) T:9459 ( 302.079 428.799 689.151 8708.095 22740.991 22740.991 )
6527.260: I:16 ( 264.191 360.959 406.015 ) T:9475 ( 302.079 428.287 689.151 8708.095 22740.991 22740.991 )
6537.260: I:16 ( 311.807 408.319 413.439 ) T:9491 ( 302.079 428.287 689.151 8708.095 22740.991 22740.991 )
6547.260: I:18 ( 270.591 403.455 447.999 ) T:9509 ( 302.079 428.287 688.639 8708.095 22740.991 22740.991 )
6557.260: I:15 ( 310.271 428.287 949.759 ) T:9524 ( 302.079 428.287 689.151 8708.095 22740.991 22740.991 )
6567.260: I:17 ( 276.991 367.871 473.855 ) T:9541 ( 302.079 428.287 689.151 8708.095 22740.991 22740.991 )
6577.260: I:16 ( 324.607 501.247 544.767 ) T:9557 ( 302.079 428.287 689.151 8708.095 22740.991 22740.991 )
6587.260: I:17 ( 305.919 396.543 417.535 ) T:9574 ( 302.079 428.031 689.151 8708.095 22740.991 22740.991 )
6597.263: I:16 ( 270.847 345.087 351.999 ) T:9590 ( 302.079 427.775 689.151 8708.095 22740.991 22740.991 )
6607.262: I:17 ( 305.919 475.647 506.111 ) T:9607 ( 302.079 428.031 688.639 8708.095 22740.991 22740.991 )
6617.261: I:19 ( 254.079 384.767 458.239 ) T:9626 ( 301.823 427.775 688.639 8708.095 22740.991 22740.991 )
6627.260: I:17 ( 271.359 389.887 473.855 ) T:9643 ( 301.823 427.775 688.639 8708.095 22740.991 22740.991 )
6637.261: I:14 ( 283.903 452.095 3493.887 ) T:9657 ( 301.823 428.031 689.151 8708.095 22740.991 22740.991 )
6647.262: I:16 ( 342.527 442.879 484.095 ) T:9673 ( 301.823 428.031 689.151 8708.095 22740.991 22740.991 )
6657.261: I:18 ( 264.447 410.879 588.799 ) T:9691 ( 301.823 427.775 689.151 8708.095 22740.991 22740.991 )
6667.260: I:14 ( 214.911 401.663 419.583 ) T:9705 ( 301.823 427.775 688.639 8708.095 22740.991 22740.991 )
6677.262: I:14 ( 278.527 463.103 4448.255 ) T:9719 ( 301.823 427.775 689.151 8708.095 22740.991 22740.991 )
6687.261: I:16 ( 287.999 400.383 436.735 ) T:9735 ( 301.823 427.775 689.151 8708.095 22740.991 22740.991 )
6697.261: I:17 ( 283.135 412.415 454.911 ) T:9752 ( 301.823 427.519 689.151 8708.095 22740.991 22740.991 )
6707.261: I:10 ( 296.191 361.471 465.407 ) T:9762 ( 301.823 427.519 689.151 8708.095 22740.991 22740.991 )
6717.260: I:14 ( 284.415 475.135 5394.431 ) T:9776 ( 301.823 428.031 703.999 8708.095 22740.991 22740.991 )
6727.261: I:15 ( 298.239 399.615 544.767 ) T:9791 ( 301.823 427.775 703.999 8708.095 22740.991 22740.991 )
6737.261: I:17 ( 286.975 420.863 424.447 ) T:9808 ( 301.823 427.775 689.151 8708.095 22740.991 22740.991 )
6747.261: I:12 ( 298.495 401.663 441.599 ) T:9820 ( 301.823 427.519 689.151 8708.095 22740.991 22740.991 )
6757.261: I:10 ( 325.887 375.551 2553.855 ) T:9830 ( 301.823 427.519 703.999 8708.095 22740.991 22740.991 )
6767.260: I:17 ( 313.855 431.615 486.911 ) T:9847 ( 301.823 427.775 703.999 8708.095 22740.991 22740.991 )
6777.260: I:17 ( 259.071 458.495 461.567 ) T:9864 ( 301.823 428.031 703.999 8708.095 22740.991 22740.991 )
6787.260: I:15 ( 281.087 390.399 446.719 ) T:9879 ( 301.823 428.031 703.999 8708.095 22740.991 22740.991 )
6797.260: I:7 ( 225.791 7921.663 7921.663 ) T:9886 ( 301.567 428.031 707.583 8708.095 22740.991 22740.991 )
6807.260: I:16 ( 278.783 405.247 470.783 ) T:9902 ( 301.567 427.775 703.999 8708.095 22740.991 22740.991 )
6817.261: I:16 ( 248.831 455.167 699.903 ) T:9918 ( 301.567 428.031 703.999 8708.095 22740.991 22740.991 )
6827.261: I:18 ( 293.119 442.623 483.327 ) T:9936 ( 301.567 428.031 703.999 8708.095 22740.991 22740.991 )
6837.261: I:2 ( 278.527 425.983 425.983 ) T:9938 ( 301.567 428.031 703.999 8708.095 22740.991 22740.991 )
6847.261: I:19 ( 280.063 458.751 8732.671 ) T:9957 ( 301.567 428.031 707.583 8732.671 22740.991 22740.991 )
6857.260: I:18 ( 275.711 358.911 420.351 ) T:9975 ( 301.567 427.775 707.583 8732.671 22740.991 22740.991 )
6867.260: I:16 ( 284.415 421.119 475.391 ) T:9991 ( 301.567 427.775 707.583 8732.671 22740.991 22740.991 )
6877.260: I:9 ( 295.935 494.847 494.847 ) T:10000 ( 301.567 427.775 703.999 8708.095 21544.959 22740.991 )
6887.261: I:0 (   0.000   0.000   0.000 ) T:10000 ( 301.567 427.775 703.999 8708.095 21544.959 22740.991 )
6897.261: I:0 (   0.000   0.000   0.000 ) T:10000 ( 301.567 427.775 703.999 8708.095 21544.959 22740.991 )
6903.070: I:0 (   0.000   0.000   0.000 ) T:10000 ( 301.567 427.775 703.999 8708.095 21544.959 22740.991 )
6903.093: I:0 (   0.000   0.000   0.000 ) T:10000 ( 301.567 427.775 703.999 8708.095 21544.959 22740.991 )
