#[Interval percentile log between 0.000 and <Infinite> seconds (relative to StartTime)]
#[StartTime: 1524899929.061 (seconds since epoch), Sat Apr 28 09:18:49 CEST 2018]
Time: IntervalPercentiles:count ( 50% 90% Max ) TotalPercentiles:count ( 50% 90% 99% 99.9% 99.99% Max )
9.996: I:1 (   0.000   0.000   0.000 ) T:1 (   0.000   0.000   0.000   0.000   0.000   0.000 )
19.977: I:1 (   0.001   0.001   0.001 ) T:2 (   0.000   0.001   0.001   0.001   0.001   0.001 )
29.975: I:1 (   0.001   0.001   0.001 ) T:3 (   0.001   0.001   0.001   0.001   0.001   0.001 )
39.974: I:1 (   0.000   0.000   0.000 ) T:4 (   0.000   0.001   0.001   0.001   0.001   0.001 )
49.974: I:1 (   0.001   0.001   0.001 ) T:5 (   0.001   0.001   0.001   0.001   0.001   0.001 )
59.973: I:1 (   0.000   0.000   0.000 ) T:6 (   0.000   0.001   0.001   0.001   0.001   0.001 )
69.973: I:1 (   0.000   0.000   0.000 ) T:7 (   0.000   0.001   0.001   0.001   0.001   0.001 )
79.973: I:1 (   0.001   0.001   0.001 ) T:8 (   0.000   0.001   0.001   0.001   0.001   0.001 )
89.973: I:1 (   0.000   0.000   0.000 ) T:9 (   0.000   0.001   0.001   0.001   0.001   0.001 )
99.972: I:1 (   0.000   0.000   0.000 ) T:10 (   0.000   0.001   0.001   0.001   0.001   0.001 )
109.972: I:1 (   0.000   0.000   0.000 ) T:11 (   0.000   0.001   0.001   0.001   0.001   0.001 )
119.974: I:1 (   0.001   0.001   0.001 ) T:12 (   0.000   0.001   0.001   0.001   0.001   0.001 )
129.973: I:1 (   0.000   0.000   0.000 ) T:13 (   0.000   0.001   0.001   0.001   0.001   0.001 )
139.973: I:1 (   0.000   0.000   0.000 ) T:14 (   0.000   0.001   0.001   0.001   0.001   0.001 )
149.973: I:1 (   0.000   0.000   0.000 ) T:15 (   0.000   0.001   0.001   0.001   0.001   0.001 )
159.972: I:1 (   0.001   0.001   0.001 ) T:16 (   0.000   0.001   0.001   0.001   0.001   0.001 )
169.973: I:1 (   0.000   0.000   0.000 ) T:17 (   0.000   0.001   0.001   0.001   0.001   0.001 )
179.972: I:1 (   0.000   0.000   0.000 ) T:18 (   0.000   0.001   0.001   0.001   0.001   0.001 )
189.973: I:1 (   0.000   0.000   0.000 ) T:19 (   0.000   0.001   0.001   0.001   0.001   0.001 )
199.972: I:1 (   0.000   0.000   0.000 ) T:20 (   0.000   0.001   0.001   0.001   0.001   0.001 )
209.972: I:1 (   0.001   0.001   0.001 ) T:21 (   0.000   0.001   0.001   0.001   0.001   0.001 )
219.972: I:1 (   0.000   0.000   0.000 ) T:22 (   0.000   0.001   0.001   0.001   0.001   0.001 )
229.973: I:1 (   0.000   0.000   0.000 ) T:23 (   0.000   0.001   0.001   0.001   0.001   0.001 )
239.972: I:1 (   0.000   0.000   0.000 ) T:24 (   0.000   0.001   0.001   0.001   0.001   0.001 )
249.972: I:1 (   0.000   0.000   0.000 ) T:25 (   0.000   0.001   0.001   0.001   0.001   0.001 )
259.972: I:1 (   0.001   0.001   0.001 ) T:26 (   0.000   0.001   0.001   0.001   0.001   0.001 )
269.972: I:1 (   0.000   0.000   0.000 ) T:27 (   0.000   0.001   0.001   0.001   0.001   0.001 )
279.973: I:1 (   0.000   0.000   0.000 ) T:28 (   0.000   0.001   0.001   0.001   0.001   0.001 )
289.972: I:1 (   0.000   0.000   0.000 ) T:29 (   0.000   0.001   0.001   0.001   0.001   0.001 )
299.972: I:1 (   0.000   0.000   0.000 ) T:30 (   0.000   0.001   0.001   0.001   0.001   0.001 )
309.972: I:1 (   0.001   0.001   0.001 ) T:31 (   0.000   0.001   0.001   0.001   0.001   0.001 )
319.972: I:1 (   0.000   0.000   0.000 ) T:32 (   0.000   0.001   0.001   0.001   0.001   0.001 )
329.973: I:1 (   0.000   0.000   0.000 ) T:33 (   0.000   0.001   0.001   0.001   0.001   0.001 )
339.972: I:1 (   0.000   0.000   0.000 ) T:34 (   0.000   0.001   0.001   0.001   0.001   0.001 )
349.973: I:1 (   0.000   0.000   0.000 ) T:35 (   0.000   0.001   0.001   0.001   0.001   0.001 )
359.973: I:1 (   0.000   0.000   0.000 ) T:36 (   0.000   0.001   0.001   0.001   0.001   0.001 )
369.972: I:1 (   0.001   0.001   0.001 ) T:37 (   0.000   0.001   0.001   0.001   0.001   0.001 )
379.972: I:1 (   0.000   0.000   0.000 ) T:38 (   0.000   0.001   0.001   0.001   0.001   0.001 )
389.972: I:1 (   0.000   0.000   0.000 ) T:39 (   0.000   0.001   0.001   0.001   0.001   0.001 )
399.972: I:1 (   0.000   0.000   0.000 ) T:40 (   0.000   0.001   0.001   0.001   0.001   0.001 )
409.973: I:1 (   0.000   0.000   0.000 ) T:41 (   0.000   0.001   0.001   0.001   0.001   0.001 )
419.972: I:1 (   0.000   0.000   0.000 ) T:42 (   0.000   0.001   0.001   0.001   0.001   0.001 )
429.972: I:1 (   0.001   0.001   0.001 ) T:43 (   0.000   0.001   0.001   0.001   0.001   0.001 )
439.972: I:1 (   0.000   0.000   0.000 ) T:44 (   0.000   0.001   0.001   0.001   0.001   0.001 )
449.972: I:1 (   0.000   0.000   0.000 ) T:45 (   0.000   0.001   0.001   0.001   0.001   0.001 )
459.972: I:1 (   0.000   0.000   0.000 ) T:46 (   0.000   0.001   0.001   0.001   0.001   0.001 )
469.972: I:1 (   0.000   0.000   0.000 ) T:47 (   0.000   0.001   0.001   0.001   0.001   0.001 )
479.972: I:1 (   0.000   0.000   0.000 ) T:48 (   0.000   0.001   0.001   0.001   0.001   0.001 )
489.972: I:1 (   0.001   0.001   0.001 ) T:49 (   0.000   0.001   0.001   0.001   0.001   0.001 )
499.972: I:1 (   0.000   0.000   0.000 ) T:50 (   0.000   0.001   0.001   0.001   0.001   0.001 )
509.972: I:1 (   0.000   0.000   0.000 ) T:51 (   0.000   0.001   0.001   0.001   0.001   0.001 )
519.972: I:1 (   0.000   0.000   0.000 ) T:52 (   0.000   0.001   0.001   0.001   0.001   0.001 )
529.972: I:1 (   0.000   0.000   0.000 ) T:53 (   0.000   0.001   0.001   0.001   0.001   0.001 )
539.972: I:1 (   0.000   0.000   0.000 ) T:54 (   0.000   0.001   0.001   0.001   0.001   0.001 )
549.972: I:1 (   0.001   0.001   0.001 ) T:55 (   0.000   0.001   0.001   0.001   0.001   0.001 )
559.972: I:1 (   0.000   0.000   0.000 ) T:56 (   0.000   0.001   0.001   0.001   0.001   0.001 )
569.972: I:1 (   0.000   0.000   0.000 ) T:57 (   0.000   0.001   0.001   0.001   0.001   0.001 )
579.972: I:1 (   0.000   0.000   0.000 ) T:58 (   0.000   0.001   0.001   0.001   0.001   0.001 )
589.972: I:1 (   0.000   0.000   0.000 ) T:59 (   0.000   0.001   0.001   0.001   0.001   0.001 )
599.972: I:1 (   0.000   0.000   0.000 ) T:60 (   0.000   0.001   0.001   0.001   0.001   0.001 )
609.972: I:1 (   0.000   0.000   0.000 ) T:61 (   0.000   0.001   0.001   0.001   0.001   0.001 )
619.972: I:1 (   0.001   0.001   0.001 ) T:62 (   0.000   0.001   0.001   0.001   0.001   0.001 )
629.972: I:1 (   0.000   0.000   0.000 ) T:63 (   0.000   0.001   0.001   0.001   0.001   0.001 )
639.972: I:1 (   0.000   0.000   0.000 ) T:64 (   0.000   0.001   0.001   0.001   0.001   0.001 )
649.972: I:1 (   0.000   0.000   0.000 ) T:65 (   0.000   0.001   0.001   0.001   0.001   0.001 )
659.972: I:1 (   0.000   0.000   0.000 ) T:66 (   0.000   0.001   0.001   0.001   0.001   0.001 )
669.972: I:1 (   0.000   0.000   0.000 ) T:67 (   0.000   0.001   0.001   0.001   0.001   0.001 )
679.972: I:1 (   0.001   0.001   0.001 ) T:68 (   0.000   0.001   0.001   0.001   0.001   0.001 )
689.972: I:1 (   0.000   0.000   0.000 ) T:69 (   0.000   0.001   0.001   0.001   0.001   0.001 )
699.972: I:1 (   0.000   0.000   0.000 ) T:70 (   0.000   0.001   0.001   0.001   0.001   0.001 )
709.972: I:1 (   0.000   0.000   0.000 ) T:71 (   0.000   0.001   0.001   0.001   0.001   0.001 )
719.972: I:1 (   0.000   0.000   0.000 ) T:72 (   0.000   0.001   0.001   0.001   0.001   0.001 )
729.972: I:1 (   0.000   0.000   0.000 ) T:73 (   0.000   0.001   0.001   0.001   0.001   0.001 )
739.973: I:1 (   0.000   0.000   0.000 ) T:74 (   0.000   0.001   0.001   0.001   0.001   0.001 )
749.972: I:1 (   0.001   0.001   0.001 ) T:75 (   0.000   0.001   0.001   0.001   0.001   0.001 )
759.972: I:1 (   0.000   0.000   0.000 ) T:76 (   0.000   0.001   0.001   0.001   0.001   0.001 )
769.972: I:1 (   0.000   0.000   0.000 ) T:77 (   0.000   0.001   0.001   0.001   0.001   0.001 )
779.972: I:1 (   0.000   0.000   0.000 ) T:78 (   0.000   0.001   0.001   0.001   0.001   0.001 )
789.972: I:1 (   0.000   0.000   0.000 ) T:79 (   0.000   0.001   0.001   0.001   0.001   0.001 )
799.973: I:1 (   0.000   0.000   0.000 ) T:80 (   0.000   0.001   0.001   0.001   0.001   0.001 )
809.972: I:1 (   0.001   0.001   0.001 ) T:81 (   0.000   0.001   0.001   0.001   0.001   0.001 )
819.972: I:1 (   0.000   0.000   0.000 ) T:82 (   0.000   0.001   0.001   0.001   0.001   0.001 )
829.972: I:1 (   0.000   0.000   0.000 ) T:83 (   0.000   0.001   0.001   0.001   0.001   0.001 )
839.972: I:1 (   0.000   0.000   0.000 ) T:84 (   0.000   0.001   0.001   0.001   0.001   0.001 )
849.972: I:1 (   0.000   0.000   0.000 ) T:85 (   0.000   0.001   0.001   0.001   0.001   0.001 )
859.972: I:1 (   0.000   0.000   0.000 ) T:86 (   0.000   0.001   0.001   0.001   0.001   0.001 )
869.972: I:1 (   0.000   0.000   0.000 ) T:87 (   0.000   0.001   0.001   0.001   0.001   0.001 )
879.972: I:1 (   0.001   0.001   0.001 ) T:88 (   0.000   0.001   0.001   0.001   0.001   0.001 )
889.973: I:1 (   0.000   0.000   0.000 ) T:89 (   0.000   0.001   0.001   0.001   0.001   0.001 )
899.972: I:1 (   0.000   0.000   0.000 ) T:90 (   0.000   0.001   0.001   0.001   0.001   0.001 )
909.972: I:1 (   0.000   0.000   0.000 ) T:91 (   0.000   0.001   0.001   0.001   0.001   0.001 )
919.972: I:1 (   0.000   0.000   0.000 ) T:92 (   0.000   0.001   0.001   0.001   0.001   0.001 )
929.981: I:1 (   0.000   0.000   0.000 ) T:93 (   0.000   0.001   0.001   0.001   0.001   0.001 )
939.972: I:1 (   0.001   0.001   0.001 ) T:94 (   0.000   0.001   0.001   0.001   0.001   0.001 )
949.972: I:1 (   0.000   0.000   0.000 ) T:95 (   0.000   0.001   0.001   0.001   0.001   0.001 )
959.972: I:1 (   0.000   0.000   0.000 ) T:96 (   0.000   0.001   0.001   0.001   0.001   0.001 )
969.972: I:1 (   0.000   0.000   0.000 ) T:97 (   0.000   0.001   0.001   0.001   0.001   0.001 )
979.972: I:1 (   0.000   0.000   0.000 ) T:98 (   0.000   0.001   0.001   0.001   0.001   0.001 )
989.972: I:1 (   0.000   0.000   0.000 ) T:99 (   0.000   0.001   0.001   0.001   0.001   0.001 )
999.972: I:1 (   0.000   0.000   0.000 ) T:100 (   0.000   0.001   0.001   0.001   0.001   0.001 )
1009.972: I:1 (   0.001   0.001   0.001 ) T:101 (   0.000   0.001   0.001   0.001   0.001   0.001 )
1019.972: I:1 (   0.000   0.000   0.000 ) T:102 (   0.000   0.001   0.001   0.001   0.001   0.001 )
1029.972: I:1 (   0.000   0.000   0.000 ) T:103 (   0.000   0.001   0.001   0.001   0.001   0.001 )
1039.973: I:1 (   0.000   0.000   0.000 ) T:104 (   0.000   0.001   0.001   0.001   0.001   0.001 )
1049.972: I:1 (   0.000   0.000   0.000 ) T:105 (   0.000   0.001   0.001   0.001   0.001   0.001 )
1059.972: I:1 (   0.000   0.000   0.000 ) T:106 (   0.000   0.001   0.001   0.001   0.001   0.001 )
1069.972: I:1 (   0.000   0.000   0.000 ) T:107 (   0.000   0.001   0.001   0.001   0.001   0.001 )
1079.972: I:1 (   0.001   0.001   0.001 ) T:108 (   0.000   0.001   0.001   0.001   0.001   0.001 )
1089.972: I:1 (   0.000   0.000   0.000 ) T:109 (   0.000   0.001   0.001   0.001   0.001   0.001 )
1099.972: I:1 (   0.000   0.000   0.000 ) T:110 (   0.000   0.001   0.001   0.001   0.001   0.001 )
1109.972: I:1 (   0.000   0.000   0.000 ) T:111 (   0.000   0.001   0.001   0.001   0.001   0.001 )
1119.972: I:1 (   0.000   0.000   0.000 ) T:112 (   0.000   0.001   0.001   0.001   0.001   0.001 )
1129.979: I:1 (   0.000   0.000   0.000 ) T:113 (   0.000   0.001   0.001   0.001   0.001   0.001 )
1139.972: I:1 (   0.001   0.001   0.001 ) T:114 (   0.000   0.001   0.001   0.001   0.001   0.001 )
1149.972: I:1 (   0.000   0.000   0.000 ) T:115 (   0.000   0.001   0.001   0.001   0.001   0.001 )
1159.972: I:1 (   0.000   0.000   0.000 ) T:116 (   0.000   0.001   0.001   0.001   0.001   0.001 )
1169.972: I:1 (   0.000   0.000   0.000 ) T:117 (   0.000   0.001   0.001   0.001   0.001   0.001 )
1179.973: I:1 (   0.000   0.000   0.000 ) T:118 (   0.000   0.001   0.001   0.001   0.001   0.001 )
1189.973: I:1 (   0.000   0.000   0.000 ) T:119 (   0.000   0.001   0.001   0.001   0.001   0.001 )
1199.972: I:1 (   0.000   0.000   0.000 ) T:120 (   0.000   0.001   0.001   0.001   0.001   0.001 )
1209.972: I:1 (   0.001   0.001   0.001 ) T:121 (   0.000   0.001   0.001   0.001   0.001   0.001 )
1219.972: I:1 (   0.000   0.000   0.000 ) T:122 (   0.000   0.001   0.001   0.001   0.001   0.001 )
1229.971: I:1 (   0.000   0.000   0.000 ) T:123 (   0.000   0.001   0.001   0.001   0.001   0.001 )
1239.972: I:1 (   0.000   0.000   0.000 ) T:124 (   0.000   0.001   0.001   0.001   0.001   0.001 )
1249.972: I:1 (   0.000   0.000   0.000 ) T:125 (   0.000   0.001   0.001   0.001   0.001   0.001 )
1259.972: I:1 (   0.000   0.000   0.000 ) T:126 (   0.000   0.001   0.001   0.001   0.001   0.001 )
1269.973: I:1 (   0.000   0.000   0.000 ) T:127 (   0.000   0.001   0.001   0.001   0.001   0.001 )
1279.972: I:1 (   0.001   0.001   0.001 ) T:128 (   0.000   0.001   0.001   0.001   0.001   0.001 )
1289.972: I:1 (   0.000   0.000   0.000 ) T:129 (   0.000   0.001   0.001   0.001   0.001   0.001 )
1299.972: I:1 (   0.000   0.000   0.000 ) T:130 (   0.000   0.001   0.001   0.001   0.001   0.001 )
1309.972: I:1 (   0.000   0.000   0.000 ) T:131 (   0.000   0.001   0.001   0.001   0.001   0.001 )
1319.972: I:1 (   0.000   0.000   0.000 ) T:132 (   0.000   0.001   0.001   0.001   0.001   0.001 )
1329.972: I:1 (   0.000   0.000   0.000 ) T:133 (   0.000   0.001   0.001   0.001   0.001   0.001 )
1339.972: I:1 (   0.001   0.001   0.001 ) T:134 (   0.000   0.001   0.001   0.001   0.001   0.001 )
1349.972: I:1 (   0.000   0.000   0.000 ) T:135 (   0.000   0.001   0.001   0.001   0.001   0.001 )
1359.972: I:1 (   0.000   0.000   0.000 ) T:136 (   0.000   0.001   0.001   0.001   0.001   0.001 )
1369.972: I:1 (   0.000   0.000   0.000 ) T:137 (   0.000   0.001   0.001   0.001   0.001   0.001 )
1379.974: I:1 (   0.000   0.000   0.000 ) T:138 (   0.000   0.001   0.001   0.001   0.001   0.001 )
1389.972: I:1 (   0.000   0.000   0.000 ) T:139 (   0.000   0.001   0.001   0.001   0.001   0.001 )
1399.972: I:1 (   0.000   0.000   0.000 ) T:140 (   0.000   0.001   0.001   0.001   0.001   0.001 )
1409.972: I:1 (   0.001   0.001   0.001 ) T:141 (   0.000   0.001   0.001   0.001   0.001   0.001 )
1419.972: I:1 (   0.000   0.000   0.000 ) T:142 (   0.000   0.001   0.001   0.001   0.001   0.001 )
1429.972: I:1 (   0.000   0.000   0.000 ) T:143 (   0.000   0.001   0.001   0.001   0.001   0.001 )
1439.972: I:1 (   0.000   0.000   0.000 ) T:144 (   0.000   0.001   0.001   0.001   0.001   0.001 )
1449.972: I:1 (   0.000   0.000   0.000 ) T:145 (   0.000   0.001   0.001   0.001   0.001   0.001 )
1459.972: I:1 (   0.000   0.000   0.000 ) T:146 (   0.000   0.001   0.001   0.001   0.001   0.001 )
1469.972: I:1 (   0.000   0.000   0.000 ) T:147 (   0.000   0.001   0.001   0.001   0.001   0.001 )
1479.972: I:1 (   0.001   0.001   0.001 ) T:148 (   0.000   0.001   0.001   0.001   0.001   0.001 )
1489.972: I:1 (   0.000   0.000   0.000 ) T:149 (   0.000   0.001   0.001   0.001   0.001   0.001 )
1499.972: I:1 (   0.000   0.000   0.000 ) T:150 (   0.000   0.001   0.001   0.001   0.001   0.001 )
1509.972: I:1 (   0.000   0.000   0.000 ) T:151 (   0.000   0.001   0.001   0.001   0.001   0.001 )
1519.972: I:1 (   0.000   0.000   0.000 ) T:152 (   0.000   0.001   0.001   0.001   0.001   0.001 )
1529.972: I:1 (   0.000   0.000   0.000 ) T:153 (   0.000   0.001   0.001   0.001   0.001   0.001 )
1539.972: I:1 (   0.000   0.000   0.000 ) T:154 (   0.000   0.001   0.001   0.001   0.001   0.001 )
1549.972: I:1 (   0.001   0.001   0.001 ) T:155 (   0.000   0.001   0.001   0.001   0.001   0.001 )
1559.972: I:1 (   0.000   0.000   0.000 ) T:156 (   0.000   0.001   0.001   0.001   0.001   0.001 )
1569.972: I:1 (   0.000   0.000   0.000 ) T:157 (   0.000   0.001   0.001   0.001   0.001   0.001 )
1579.972: I:1 (   0.000   0.000   0.000 ) T:158 (   0.000   0.001   0.001   0.001   0.001   0.001 )
1589.972: I:1 (   0.000   0.000   0.000 ) T:159 (   0.000   0.001   0.001   0.001   0.001   0.001 )
1599.972: I:1 (   0.000   0.000   0.000 ) T:160 (   0.000   0.001   0.001   0.001   0.001   0.001 )
1609.972: I:1 (   0.001   0.001   0.001 ) T:161 (   0.000   0.001   0.001   0.001   0.001   0.001 )
1619.972: I:1 (   0.000   0.000   0.000 ) T:162 (   0.000   0.001   0.001   0.001   0.001   0.001 )
1629.972: I:1 (   0.000   0.000   0.000 ) T:163 (   0.000   0.001   0.001   0.001   0.001   0.001 )
1639.972: I:1 (   0.000   0.000   0.000 ) T:164 (   0.000   0.001   0.001   0.001   0.001   0.001 )
1649.972: I:1 (   0.000   0.000   0.000 ) T:165 (   0.000   0.001   0.001   0.001   0.001   0.001 )
1659.972: I:1 (   0.000   0.000   0.000 ) T:166 (   0.000   0.001   0.001   0.001   0.001   0.001 )
1669.972: I:1 (   0.000   0.000   0.000 ) T:167 (   0.000   0.001   0.001   0.001   0.001   0.001 )
1679.972: I:1 (   0.001   0.001   0.001 ) T:168 (   0.000   0.001   0.001   0.001   0.001   0.001 )
1689.972: I:1 (   0.000   0.000   0.000 ) T:169 (   0.000   0.001   0.001   0.001   0.001   0.001 )
1699.972: I:1 (   0.000   0.000   0.000 ) T:170 (   0.000   0.001   0.001   0.001   0.001   0.001 )
1709.972: I:1 (   0.000   0.000   0.000 ) T:171 (   0.000   0.001   0.001   0.001   0.001   0.001 )
1719.972: I:1 (   0.000   0.000   0.000 ) T:172 (   0.000   0.001   0.001   0.001   0.001   0.001 )
1729.971: I:1 (   0.000   0.000   0.000 ) T:173 (   0.000   0.001   0.001   0.001   0.001   0.001 )
1739.972: I:1 (   0.000   0.000   0.000 ) T:174 (   0.000   0.001   0.001   0.001   0.001   0.001 )
1749.972: I:1 (   0.001   0.001   0.001 ) T:175 (   0.000   0.001   0.001   0.001   0.001   0.001 )
1759.972: I:1 (   0.000   0.000   0.000 ) T:176 (   0.000   0.001   0.001   0.001   0.001   0.001 )
1769.972: I:1 (   0.000   0.000   0.000 ) T:177 (   0.000   0.001   0.001   0.001   0.001   0.001 )
1779.972: I:1 (   0.000   0.000   0.000 ) T:178 (   0.000   0.001   0.001   0.001   0.001   0.001 )
1789.972: I:1 (   0.000   0.000   0.000 ) T:179 (   0.000   0.001   0.001   0.001   0.001   0.001 )
1799.977: I:1 (   0.000   0.000   0.000 ) T:180 (   0.000   0.001   0.001   0.001   0.001   0.001 )
1809.972: I:1 (   0.001   0.001   0.001 ) T:181 (   0.000   0.001   0.001   0.001   0.001   0.001 )
1819.972: I:1 (   0.000   0.000   0.000 ) T:182 (   0.000   0.001   0.001   0.001   0.001   0.001 )
1829.972: I:1 (   0.000   0.000   0.000 ) T:183 (   0.000   0.001   0.001   0.001   0.001   0.001 )
1839.972: I:1 (   0.000   0.000   0.000 ) T:184 (   0.000   0.001   0.001   0.001   0.001   0.001 )
1849.972: I:1 (   0.000   0.000   0.000 ) T:185 (   0.000   0.001   0.001   0.001   0.001   0.001 )
1859.972: I:1 (   0.000   0.000   0.000 ) T:186 (   0.000   0.001   0.001   0.001   0.001   0.001 )
1869.972: I:1 (   0.000   0.000   0.000 ) T:187 (   0.000   0.001   0.001   0.001   0.001   0.001 )
1879.972: I:1 (   0.001   0.001   0.001 ) T:188 (   0.000   0.001   0.001   0.001   0.001   0.001 )
1889.972: I:1 (   0.000   0.000   0.000 ) T:189 (   0.000   0.001   0.001   0.001   0.001   0.001 )
1899.972: I:1 (   0.000   0.000   0.000 ) T:190 (   0.000   0.001   0.001   0.001   0.001   0.001 )
1909.973: I:1 (   0.000   0.000   0.000 ) T:191 (   0.000   0.001   0.001   0.001   0.001   0.001 )
1919.972: I:1 (   0.000   0.000   0.000 ) T:192 (   0.000   0.001   0.001   0.001   0.001   0.001 )
1929.972: I:1 (   0.000   0.000   0.000 ) T:193 (   0.000   0.001   0.001   0.001   0.001   0.001 )
1939.972: I:1 (   0.000   0.000   0.000 ) T:194 (   0.000   0.001   0.001   0.001   0.001   0.001 )
1949.972: I:1 (   0.001   0.001   0.001 ) T:195 (   0.000   0.001   0.001   0.001   0.001   0.001 )
1959.973: I:1 (   0.000   0.000   0.000 ) T:196 (   0.000   0.001   0.001   0.001   0.001   0.001 )
1969.972: I:1 (   0.000   0.000   0.000 ) T:197 (   0.000   0.001   0.001   0.001   0.001   0.001 )
1979.972: I:1 (   0.000   0.000   0.000 ) T:198 (   0.000   0.001   0.001   0.001   0.001   0.001 )
1989.972: I:1 (   0.000   0.000   0.000 ) T:199 (   0.000   0.001   0.001   0.001   0.001   0.001 )
1999.972: I:1 (   0.000   0.000   0.000 ) T:200 (   0.000   0.001   0.001   0.001   0.001   0.001 )
2009.971: I:1 (   0.001   0.001   0.001 ) T:201 (   0.000   0.001   0.001   0.001   0.001   0.001 )
2019.972: I:1 (   0.000   0.000   0.000 ) T:202 (   0.000   0.001   0.001   0.001   0.001   0.001 )
2029.972: I:1 (   0.000   0.000   0.000 ) T:203 (   0.000   0.001   0.001   0.001   0.001   0.001 )
2039.972: I:1 (   0.000   0.000   0.000 ) T:204 (   0.000   0.001   0.001   0.001   0.001   0.001 )
2049.972: I:1 (   0.000   0.000   0.000 ) T:205 (   0.000   0.001   0.001   0.001   0.001   0.001 )
2059.972: I:1 (   0.000   0.000   0.000 ) T:206 (   0.000   0.001   0.001   0.001   0.001   0.001 )
2069.972: I:1 (   0.000   0.000   0.000 ) T:207 (   0.000   0.001   0.001   0.001   0.001   0.001 )
2079.972: I:1 (   0.001   0.001   0.001 ) T:208 (   0.000   0.001   0.001   0.001   0.001   0.001 )
2089.972: I:1 (   0.000   0.000   0.000 ) T:209 (   0.000   0.001   0.001   0.001   0.001   0.001 )
2099.972: I:1 (   0.000   0.000   0.000 ) T:210 (   0.000   0.001   0.001   0.001   0.001   0.001 )
2109.972: I:1 (   0.000   0.000   0.000 ) T:211 (   0.000   0.001   0.001   0.001   0.001   0.001 )
2119.972: I:1 (   0.000   0.000   0.000 ) T:212 (   0.000   0.001   0.001   0.001   0.001   0.001 )
2129.972: I:1 (   0.000   0.000   0.000 ) T:213 (   0.000   0.001   0.001   0.001   0.001   0.001 )
2139.972: I:1 (   0.000   0.000   0.000 ) T:214 (   0.000   0.001   0.001   0.001   0.001   0.001 )
2149.972: I:1 (   0.001   0.001   0.001 ) T:215 (   0.000   0.001   0.001   0.001   0.001   0.001 )
2159.972: I:1 (   0.000   0.000   0.000 ) T:216 (   0.000   0.001   0.001   0.001   0.001   0.001 )
2169.972: I:1 (   0.000   0.000   0.000 ) T:217 (   0.000   0.001   0.001   0.001   0.001   0.001 )
2179.972: I:1 (   0.000   0.000   0.000 ) T:218 (   0.000   0.001   0.001   0.001   0.001   0.001 )
2189.973: I:1 (   0.000   0.000   0.000 ) T:219 (   0.000   0.001   0.001   0.001   0.001   0.001 )
2199.979: I:1 (   0.000   0.000   0.000 ) T:220 (   0.000   0.001   0.001   0.001   0.001   0.001 )
2209.974: I:1 (   0.001   0.001   0.001 ) T:221 (   0.000   0.001   0.001   0.001   0.001   0.001 )
2219.975: I:1 (   0.000   0.000   0.000 ) T:222 (   0.000   0.001   0.001   0.001   0.001   0.001 )
2229.974: I:1 (   0.000   0.000   0.000 ) T:223 (   0.000   0.001   0.001   0.001   0.001   0.001 )
2239.974: I:1 (   0.000   0.000   0.000 ) T:224 (   0.000   0.001   0.001   0.001   0.001   0.001 )
2249.974: I:1 (   0.000   0.000   0.000 ) T:225 (   0.000   0.001   0.001   0.001   0.001   0.001 )
2259.974: I:1 (   0.000   0.000   0.000 ) T:226 (   0.000   0.001   0.001   0.001   0.001   0.001 )
2269.974: I:1 (   0.000   0.000   0.000 ) T:227 (   0.000   0.001   0.001   0.001   0.001   0.001 )
2279.972: I:1 (   0.001   0.001   0.001 ) T:228 (   0.000   0.001   0.001   0.001   0.001   0.001 )
2289.972: I:1 (   0.000   0.000   0.000 ) T:229 (   0.000   0.001   0.001   0.001   0.001   0.001 )
2299.972: I:1 (   0.000   0.000   0.000 ) T:230 (   0.000   0.001   0.001   0.001   0.001   0.001 )
2309.972: I:1 (   0.000   0.000   0.000 ) T:231 (   0.000   0.001   0.001   0.001   0.001   0.001 )
2319.972: I:1 (   0.000   0.000   0.000 ) T:232 (   0.000   0.001   0.001   0.001   0.001   0.001 )
2329.977: I:1 (   0.000   0.000   0.000 ) T:233 (   0.000   0.001   0.001   0.001   0.001   0.001 )
2339.972: I:1 (   0.001   0.001   0.001 ) T:234 (   0.000   0.001   0.001   0.001   0.001   0.001 )
2349.972: I:1 (   0.000   0.000   0.000 ) T:235 (   0.000   0.001   0.001   0.001   0.001   0.001 )
2359.973: I:1 (   0.000   0.000   0.000 ) T:236 (   0.000   0.001   0.001   0.001   0.001   0.001 )
2369.972: I:1 (   0.000   0.000   0.000 ) T:237 (   0.000   0.001   0.001   0.001   0.001   0.001 )
2379.972: I:1 (   0.000   0.000   0.000 ) T:238 (   0.000   0.001   0.001   0.001   0.001   0.001 )
2389.972: I:1 (   0.000   0.000   0.000 ) T:239 (   0.000   0.001   0.001   0.001   0.001   0.001 )
2399.972: I:1 (   0.000   0.000   0.000 ) T:240 (   0.000   0.001   0.001   0.001   0.001   0.001 )
2409.972: I:1 (   0.001   0.001   0.001 ) T:241 (   0.000   0.001   0.001   0.001   0.001   0.001 )
2419.972: I:1 (   0.000   0.000   0.000 ) T:242 (   0.000   0.001   0.001   0.001   0.001   0.001 )
2429.972: I:1 (   0.000   0.000   0.000 ) T:243 (   0.000   0.001   0.001   0.001   0.001   0.001 )
2439.972: I:1 (   0.000   0.000   0.000 ) T:244 (   0.000   0.001   0.001   0.001   0.001   0.001 )
2449.972: I:1 (   0.000   0.000   0.000 ) T:245 (   0.000   0.001   0.001   0.001   0.001   0.001 )
2459.972: I:1 (   0.000   0.000   0.000 ) T:246 (   0.000   0.001   0.001   0.001   0.001   0.001 )
2469.972: I:1 (   0.001   0.001   0.001 ) T:247 (   0.000   0.001   0.001   0.001   0.001   0.001 )
2479.972: I:1 (   0.000   0.000   0.000 ) T:248 (   0.000   0.001   0.001   0.001   0.001   0.001 )
2489.973: I:1 (   0.000   0.000   0.000 ) T:249 (   0.000   0.001   0.001   0.001   0.001   0.001 )
2499.972: I:1 (   0.000   0.000   0.000 ) T:250 (   0.000   0.001   0.001   0.001   0.001   0.001 )
2509.972: I:1 (   0.000   0.000   0.000 ) T:251 (   0.000   0.001   0.001   0.001   0.001   0.001 )
2519.972: I:1 (   0.000   0.000   0.000 ) T:252 (   0.000   0.001   0.001   0.001   0.001   0.001 )
2529.972: I:1 (   0.001   0.001   0.001 ) T:253 (   0.000   0.001   0.001   0.001   0.001   0.001 )
2539.972: I:1 (   0.000   0.000   0.000 ) T:254 (   0.000   0.001   0.001   0.001   0.001   0.001 )
2549.974: I:1 (   0.000   0.000   0.000 ) T:255 (   0.000   0.001   0.001   0.001   0.001   0.001 )
2559.973: I:1 (   0.000   0.000   0.000 ) T:256 (   0.000   0.001   0.001   0.001   0.001   0.001 )
2569.972: I:1 (   0.000   0.000   0.000 ) T:257 (   0.000   0.001   0.001   0.001   0.001   0.001 )
2579.972: I:1 (   0.000   0.000   0.000 ) T:258 (   0.000   0.001   0.001   0.001   0.001   0.001 )
2589.972: I:1 (   0.000   0.000   0.000 ) T:259 (   0.000   0.001   0.001   0.001   0.001   0.001 )
2599.972: I:1 (   0.001   0.001   0.001 ) T:260 (   0.000   0.001   0.001   0.001   0.001   0.001 )
2609.972: I:1 (   0.000   0.000   0.000 ) T:261 (   0.000   0.001   0.001   0.001   0.001   0.001 )
2619.972: I:1 (   0.000   0.000   0.000 ) T:262 (   0.000   0.001   0.001   0.001   0.001   0.001 )
2629.972: I:1 (   0.000   0.000   0.000 ) T:263 (   0.000   0.001   0.001   0.001   0.001   0.001 )
2639.972: I:1 (   0.000   0.000   0.000 ) T:264 (   0.000   0.001   0.001   0.001   0.001   0.001 )
2649.971: I:1 (   0.000   0.000   0.000 ) T:265 (   0.000   0.001   0.001   0.001   0.001   0.001 )
2659.972: I:1 (   0.001   0.001   0.001 ) T:266 (   0.000   0.001   0.001   0.001   0.001   0.001 )
2669.972: I:1 (   0.000   0.000   0.000 ) T:267 (   0.000   0.001   0.001   0.001   0.001   0.001 )
2679.972: I:1 (   0.000   0.000   0.000 ) T:268 (   0.000   0.001   0.001   0.001   0.001   0.001 )
2689.972: I:1 (   0.000   0.000   0.000 ) T:269 (   0.000   0.001   0.001   0.001   0.001   0.001 )
2699.973: I:1 (   0.000   0.000   0.000 ) T:270 (   0.000   0.001   0.001   0.001   0.001   0.001 )
2709.972: I:1 (   0.000   0.000   0.000 ) T:271 (   0.000   0.001   0.001   0.001   0.001   0.001 )
2719.972: I:1 (   0.001   0.001   0.001 ) T:272 (   0.000   0.001   0.001   0.001   0.001   0.001 )
2729.972: I:1 (   0.000   0.000   0.000 ) T:273 (   0.000   0.001   0.001   0.001   0.001   0.001 )
2739.972: I:1 (   0.000   0.000   0.000 ) T:274 (   0.000   0.001   0.001   0.001   0.001   0.001 )
2749.972: I:1 (   0.000   0.000   0.000 ) T:275 (   0.000   0.001   0.001   0.001   0.001   0.001 )
2759.973: I:1 (   0.000   0.000   0.000 ) T:276 (   0.000   0.001   0.001   0.001   0.001   0.001 )
2769.972: I:1 (   0.000   0.000   0.000 ) T:277 (   0.000   0.001   0.001   0.001   0.001   0.001 )
2779.972: I:1 (   0.001   0.001   0.001 ) T:278 (   0.000   0.001   0.001   0.001   0.001   0.001 )
2789.973: I:1 (   0.000   0.000   0.000 ) T:279 (   0.000   0.001   0.001   0.001   0.001   0.001 )
2799.973: I:1 (   0.000   0.000   0.000 ) T:280 (   0.000   0.001   0.001   0.001   0.001   0.001 )
2809.973: I:1 (   0.000   0.000   0.000 ) T:281 (   0.000   0.001   0.001   0.001   0.001   0.001 )
2819.973: I:1 (   0.000   0.000   0.000 ) T:282 (   0.000   0.001   0.001   0.001   0.001   0.001 )
2829.972: I:1 (   0.000   0.000   0.000 ) T:283 (   0.000   0.001   0.001   0.001   0.001   0.001 )
2839.972: I:1 (   0.001   0.001   0.001 ) T:284 (   0.000   0.001   0.001   0.001   0.001   0.001 )
2849.972: I:1 (   0.000   0.000   0.000 ) T:285 (   0.000   0.001   0.001   0.001   0.001   0.001 )
2859.972: I:1 (   0.000   0.000   0.000 ) T:286 (   0.000   0.001   0.001   0.001   0.001   0.001 )
2869.972: I:1 (   0.000   0.000   0.000 ) T:287 (   0.000   0.001   0.001   0.001   0.001   0.001 )
2879.972: I:1 (   0.000   0.000   0.000 ) T:288 (   0.000   0.001   0.001   0.001   0.001   0.001 )
2889.972: I:1 (   0.000   0.000   0.000 ) T:289 (   0.000   0.001   0.001   0.001   0.001   0.001 )
2899.972: I:1 (   0.001   0.001   0.001 ) T:290 (   0.000   0.001   0.001   0.001   0.001   0.001 )
2909.972: I:1 (   0.000   0.000   0.000 ) T:291 (   0.000   0.001   0.001   0.001   0.001   0.001 )
2919.972: I:1 (   0.000   0.000   0.000 ) T:292 (   0.000   0.001   0.001   0.001   0.001   0.001 )
2929.972: I:1 (   0.000   0.000   0.000 ) T:293 (   0.000   0.001   0.001   0.001   0.001   0.001 )
2939.972: I:1 (   0.000   0.000   0.000 ) T:294 (   0.000   0.001   0.001   0.001   0.001   0.001 )
2949.972: I:1 (   0.000   0.000   0.000 ) T:295 (   0.000   0.001   0.001   0.001   0.001   0.001 )
2959.972: I:1 (   0.001   0.001   0.001 ) T:296 (   0.000   0.001   0.001   0.001   0.001   0.001 )
2969.973: I:1 (   0.000   0.000   0.000 ) T:297 (   0.000   0.001   0.001   0.001   0.001   0.001 )
2979.972: I:1 (   0.000   0.000   0.000 ) T:298 (   0.000   0.001   0.001   0.001   0.001   0.001 )
2989.972: I:1 (   0.000   0.000   0.000 ) T:299 (   0.000   0.001   0.001   0.001   0.001   0.001 )
2999.972: I:1 (   0.000   0.000   0.000 ) T:300 (   0.000   0.001   0.001   0.001   0.001   0.001 )
3009.972: I:1 (   0.000   0.000   0.000 ) T:301 (   0.000   0.001   0.001   0.001   0.001   0.001 )
3019.972: I:1 (   0.001   0.001   0.001 ) T:302 (   0.000   0.001   0.001   0.001   0.001   0.001 )
3029.972: I:1 (   0.000   0.000   0.000 ) T:303 (   0.000   0.001   0.001   0.001   0.001   0.001 )
3039.972: I:1 (   0.000   0.000   0.000 ) T:304 (   0.000   0.001   0.001   0.001   0.001   0.001 )
3049.972: I:1 (   0.000   0.000   0.000 ) T:305 (   0.000   0.001   0.001   0.001   0.001   0.001 )
3059.972: I:1 (   0.000   0.000   0.000 ) T:306 (   0.000   0.001   0.001   0.001   0.001   0.001 )
3069.972: I:1 (   0.000   0.000   0.000 ) T:307 (   0.000   0.001   0.001   0.001   0.001   0.001 )
3079.972: I:1 (   0.001   0.001   0.001 ) T:308 (   0.000   0.001   0.001   0.001   0.001   0.001 )
3089.972: I:1 (   0.000   0.000   0.000 ) T:309 (   0.000   0.001   0.001   0.001   0.001   0.001 )
3099.972: I:1 (   0.000   0.000   0.000 ) T:310 (   0.000   0.001   0.001   0.001   0.001   0.001 )
3109.972: I:1 (   0.000   0.000   0.000 ) T:311 (   0.000   0.001   0.001   0.001   0.001   0.001 )
3119.972: I:1 (   0.000   0.000   0.000 ) T:312 (   0.000   0.001   0.001   0.001   0.001   0.001 )
3129.972: I:1 (   0.001   0.001   0.001 ) T:313 (   0.000   0.001   0.001   0.001   0.001   0.001 )
3139.972: I:1 (   0.000   0.000   0.000 ) T:314 (   0.000   0.001   0.001   0.001   0.001   0.001 )
3149.972: I:1 (   0.000   0.000   0.000 ) T:315 (   0.000   0.001   0.001   0.001   0.001   0.001 )
3159.972: I:1 (   0.000   0.000   0.000 ) T:316 (   0.000   0.001   0.001   0.001   0.001   0.001 )
3169.972: I:1 (   0.000   0.000   0.000 ) T:317 (   0.000   0.001   0.001   0.001   0.001   0.001 )
3179.971: I:1 (   0.000   0.000   0.000 ) T:318 (   0.000   0.001   0.001   0.001   0.001   0.001 )
3189.974: I:1 (   0.001   0.001   0.001 ) T:319 (   0.000   0.001   0.001   0.001   0.001   0.001 )
3199.972: I:1 (   0.000   0.000   0.000 ) T:320 (   0.000   0.001   0.001   0.001   0.001   0.001 )
3209.972: I:1 (   0.000   0.000   0.000 ) T:321 (   0.000   0.001   0.001   0.001   0.001   0.001 )
3219.972: I:1 (   0.000   0.000   0.000 ) T:322 (   0.000   0.001   0.001   0.001   0.001   0.001 )
3229.972: I:1 (   0.000   0.000   0.000 ) T:323 (   0.000   0.001   0.001   0.001   0.001   0.001 )
3239.973: I:1 (   0.000   0.000   0.000 ) T:324 (   0.000   0.001   0.001   0.001   0.001   0.001 )
3249.972: I:1 (   0.001   0.001   0.001 ) T:325 (   0.000   0.001   0.001   0.001   0.001   0.001 )
3259.972: I:1 (   0.000   0.000   0.000 ) T:326 (   0.000   0.001   0.001   0.001   0.001   0.001 )
3269.972: I:1 (   0.000   0.000   0.000 ) T:327 (   0.000   0.001   0.001   0.001   0.001   0.001 )
3279.972: I:1 (   0.000   0.000   0.000 ) T:328 (   0.000   0.001   0.001   0.001   0.001   0.001 )
3289.972: I:1 (   0.000   0.000   0.000 ) T:329 (   0.000   0.001   0.001   0.001   0.001   0.001 )
3292.278: I:2 (   0.000   0.001   0.001 ) T:331 (   0.000   0.001   0.001   0.001   0.001   0.001 )
3292.322: I:0 (   0.000   0.000   0.000 ) T:331 (   0.000   0.001   0.001   0.001   0.001   0.001 )
