#[Interval percentile log between 0.000 and <Infinite> seconds (relative to StartTime)]
#[StartTime: 1524304832.547 (seconds since epoch), Sat Apr 21 12:00:32 CEST 2018]
Time: IntervalPercentiles:count ( 50% 90% Max ) TotalPercentiles:count ( 50% 90% 99% 99.9% 99.99% Max )
9.980: I:1 (   0.016   0.016   0.016 ) T:1 (   0.016   0.016   0.016   0.016   0.016   0.016 )
19.966: I:1 (   0.027   0.027   0.027 ) T:2 (   0.016   0.027   0.027   0.027   0.027   0.027 )
29.967: I:1 (   0.046   0.046   0.046 ) T:3 (   0.027   0.046   0.046   0.046   0.046   0.046 )
39.961: I:1 (   0.066   0.066   0.066 ) T:4 (   0.027   0.066   0.066   0.066   0.066   0.066 )
49.964: I:1 (   0.028   0.028   0.028 ) T:5 (   0.028   0.066   0.066   0.066   0.066   0.066 )
59.963: I:1 (   0.050   0.050   0.050 ) T:6 (   0.028   0.066   0.066   0.066   0.066   0.066 )
69.966: I:1 (   0.070   0.070   0.070 ) T:7 (   0.046   0.070   0.070   0.070   0.070   0.070 )
79.963: I:1 (   0.029   0.029   0.029 ) T:8 (   0.029   0.070   0.070   0.070   0.070   0.070 )
89.963: I:1 (   0.051   0.051   0.051 ) T:9 (   0.046   0.070   0.070   0.070   0.070   0.070 )
99.962: I:1 (   0.076   0.076   0.076 ) T:10 (   0.046   0.070   0.076   0.076   0.076   0.076 )
109.961: I:1 (   0.035   0.035   0.035 ) T:11 (   0.046   0.070   0.076   0.076   0.076   0.076 )
119.961: I:1 (   0.057   0.057   0.057 ) T:12 (   0.046   0.070   0.076   0.076   0.076   0.076 )
129.961: I:1 (   0.016   0.016   0.016 ) T:13 (   0.046   0.070   0.076   0.076   0.076   0.076 )
139.961: I:1 (   0.038   0.038   0.038 ) T:14 (   0.038   0.070   0.076   0.076   0.076   0.076 )
149.959: I:1 (   0.059   0.059   0.059 ) T:15 (   0.046   0.070   0.076   0.076   0.076   0.076 )
159.960: I:1 (   0.020   0.020   0.020 ) T:16 (   0.038   0.070   0.076   0.076   0.076   0.076 )
169.961: I:1 (   0.043   0.043   0.043 ) T:17 (   0.043   0.070   0.076   0.076   0.076   0.076 )
179.961: I:1 (   0.063   0.063   0.063 ) T:18 (   0.043   0.070   0.076   0.076   0.076   0.076 )
189.959: I:1 (   0.024   0.024   0.024 ) T:19 (   0.043   0.070   0.076   0.076   0.076   0.076 )
199.962: I:1 (   0.046   0.046   0.046 ) T:20 (   0.043   0.066   0.076   0.076   0.076   0.076 )
209.959: I:1 (   0.069   0.069   0.069 ) T:21 (   0.046   0.069   0.076   0.076   0.076   0.076 )
219.960: I:1 (   0.031   0.031   0.031 ) T:22 (   0.043   0.069   0.076   0.076   0.076   0.076 )
229.960: I:1 (   0.051   0.051   0.051 ) T:23 (   0.046   0.069   0.076   0.076   0.076   0.076 )
239.962: I:1 (   0.014   0.014   0.014 ) T:24 (   0.043   0.069   0.076   0.076   0.076   0.076 )
249.959: I:1 (   0.035   0.035   0.035 ) T:25 (   0.043   0.069   0.076   0.076   0.076   0.076 )
259.960: I:1 (   0.058   0.058   0.058 ) T:26 (   0.043   0.069   0.076   0.076   0.076   0.076 )
269.961: I:1 (   0.023   0.023   0.023 ) T:27 (   0.043   0.069   0.076   0.076   0.076   0.076 )
279.961: I:1 (   0.044   0.044   0.044 ) T:28 (   0.043   0.069   0.076   0.076   0.076   0.076 )
289.961: I:1 (   0.066   0.066   0.066 ) T:29 (   0.044   0.069   0.076   0.076   0.076   0.076 )
299.961: I:1 (   0.034   0.034   0.034 ) T:30 (   0.043   0.066   0.076   0.076   0.076   0.076 )
309.961: I:1 (   0.057   0.057   0.057 ) T:31 (   0.044   0.066   0.076   0.076   0.076   0.076 )
319.961: I:1 (   0.027   0.027   0.027 ) T:32 (   0.043   0.066   0.076   0.076   0.076   0.076 )
329.961: I:1 (   0.048   0.048   0.048 ) T:33 (   0.044   0.066   0.076   0.076   0.076   0.076 )
339.960: I:1 (   0.018   0.018   0.018 ) T:34 (   0.043   0.066   0.076   0.076   0.076   0.076 )
349.961: I:1 (   0.041   0.041   0.041 ) T:35 (   0.043   0.066   0.076   0.076   0.076   0.076 )
359.960: I:1 (   0.063   0.063   0.063 ) T:36 (   0.043   0.066   0.076   0.076   0.076   0.076 )
369.961: I:1 (   0.034   0.034   0.034 ) T:37 (   0.043   0.066   0.076   0.076   0.076   0.076 )
379.960: I:1 (   0.057   0.057   0.057 ) T:38 (   0.043   0.066   0.076   0.076   0.076   0.076 )
389.961: I:1 (   0.028   0.028   0.028 ) T:39 (   0.043   0.066   0.076   0.076   0.076   0.076 )
399.960: I:1 (   0.052   0.052   0.052 ) T:40 (   0.043   0.066   0.076   0.076   0.076   0.076 )
409.961: I:1 (   0.023   0.023   0.023 ) T:41 (   0.043   0.066   0.076   0.076   0.076   0.076 )
419.961: I:1 (   0.046   0.046   0.046 ) T:42 (   0.043   0.066   0.076   0.076   0.076   0.076 )
429.961: I:1 (   0.019   0.019   0.019 ) T:43 (   0.043   0.066   0.076   0.076   0.076   0.076 )
439.961: I:1 (   0.040   0.040   0.040 ) T:44 (   0.041   0.066   0.076   0.076   0.076   0.076 )
449.961: I:1 (   0.062   0.062   0.062 ) T:45 (   0.043   0.066   0.076   0.076   0.076   0.076 )
459.961: I:1 (   0.035   0.035   0.035 ) T:46 (   0.041   0.066   0.076   0.076   0.076   0.076 )
469.961: I:1 (   0.056   0.056   0.056 ) T:47 (   0.043   0.066   0.076   0.076   0.076   0.076 )
479.960: I:1 (   0.030   0.030   0.030 ) T:48 (   0.041   0.066   0.076   0.076   0.076   0.076 )
489.960: I:1 (   0.052   0.052   0.052 ) T:49 (   0.043   0.066   0.076   0.076   0.076   0.076 )
499.960: I:1 (   0.028   0.028   0.028 ) T:50 (   0.041   0.063   0.076   0.076   0.076   0.076 )
509.961: I:1 (   0.050   0.050   0.050 ) T:51 (   0.043   0.063   0.076   0.076   0.076   0.076 )
519.960: I:1 (   0.027   0.027   0.027 ) T:52 (   0.041   0.063   0.076   0.076   0.076   0.076 )
529.961: I:1 (   0.049   0.049   0.049 ) T:53 (   0.043   0.063   0.076   0.076   0.076   0.076 )
539.961: I:1 (   0.027   0.027   0.027 ) T:54 (   0.041   0.063   0.076   0.076   0.076   0.076 )
549.961: I:1 (   0.047   0.047   0.047 ) T:55 (   0.043   0.063   0.076   0.076   0.076   0.076 )
559.960: I:1 (   0.024   0.024   0.024 ) T:56 (   0.041   0.063   0.076   0.076   0.076   0.076 )
569.960: I:1 (   0.047   0.047   0.047 ) T:57 (   0.043   0.063   0.076   0.076   0.076   0.076 )
579.961: I:1 (   0.024   0.024   0.024 ) T:58 (   0.041   0.063   0.076   0.076   0.076   0.076 )
589.961: I:1 (   0.046   0.046   0.046 ) T:59 (   0.043   0.063   0.076   0.076   0.076   0.076 )
599.961: I:1 (   0.026   0.026   0.026 ) T:60 (   0.041   0.063   0.076   0.076   0.076   0.076 )
609.960: I:1 (   0.048   0.048   0.048 ) T:61 (   0.043   0.063   0.076   0.076   0.076   0.076 )
619.961: I:1 (   0.026   0.026   0.026 ) T:62 (   0.041   0.063   0.076   0.076   0.076   0.076 )
629.960: I:1 (   0.050   0.050   0.050 ) T:63 (   0.043   0.063   0.076   0.076   0.076   0.076 )
639.961: I:1 (   0.027   0.027   0.027 ) T:64 (   0.041   0.063   0.076   0.076   0.076   0.076 )
649.961: I:1 (   0.050   0.050   0.050 ) T:65 (   0.043   0.063   0.076   0.076   0.076   0.076 )
659.960: I:1 (   0.031   0.031   0.031 ) T:66 (   0.041   0.063   0.076   0.076   0.076   0.076 )
669.960: I:1 (   0.053   0.053   0.053 ) T:67 (   0.043   0.063   0.076   0.076   0.076   0.076 )
679.961: I:1 (   0.035   0.035   0.035 ) T:68 (   0.041   0.063   0.076   0.076   0.076   0.076 )
689.960: I:1 (   0.057   0.057   0.057 ) T:69 (   0.043   0.063   0.076   0.076   0.076   0.076 )
699.960: I:1 (   0.036   0.036   0.036 ) T:70 (   0.041   0.062   0.076   0.076   0.076   0.076 )
709.960: I:1 (   0.017   0.017   0.017 ) T:71 (   0.041   0.062   0.076   0.076   0.076   0.076 )
719.961: I:1 (   0.040   0.040   0.040 ) T:72 (   0.040   0.062   0.076   0.076   0.076   0.076 )
729.960: I:1 (   0.023   0.023   0.023 ) T:73 (   0.040   0.062   0.076   0.076   0.076   0.076 )
739.961: I:1 (   0.045   0.045   0.045 ) T:74 (   0.040   0.062   0.076   0.076   0.076   0.076 )
749.961: I:1 (   0.029   0.029   0.029 ) T:75 (   0.040   0.062   0.076   0.076   0.076   0.076 )
759.960: I:1 (   0.052   0.052   0.052 ) T:76 (   0.040   0.062   0.076   0.076   0.076   0.076 )
769.961: I:1 (   0.034   0.034   0.034 ) T:77 (   0.040   0.062   0.076   0.076   0.076   0.076 )
779.961: I:1 (   0.019   0.019   0.019 ) T:78 (   0.040   0.062   0.076   0.076   0.076   0.076 )
789.961: I:1 (   0.039   0.039   0.039 ) T:79 (   0.040   0.062   0.076   0.076   0.076   0.076 )
799.960: I:1 (   0.024   0.024   0.024 ) T:80 (   0.039   0.059   0.076   0.076   0.076   0.076 )
809.960: I:1 (   0.047   0.047   0.047 ) T:81 (   0.040   0.059   0.076   0.076   0.076   0.076 )
819.959: I:1 (   0.034   0.034   0.034 ) T:82 (   0.039   0.059   0.076   0.076   0.076   0.076 )
829.959: I:1 (   0.020   0.020   0.020 ) T:83 (   0.039   0.059   0.076   0.076   0.076   0.076 )
839.960: I:1 (   0.043   0.043   0.043 ) T:84 (   0.039   0.059   0.076   0.076   0.076   0.076 )
849.960: I:1 (   0.030   0.030   0.030 ) T:85 (   0.039   0.059   0.076   0.076   0.076   0.076 )
859.961: I:1 (   0.054   0.054   0.054 ) T:86 (   0.039   0.059   0.076   0.076   0.076   0.076 )
869.961: I:1 (   0.040   0.040   0.040 ) T:87 (   0.040   0.059   0.076   0.076   0.076   0.076 )
879.960: I:1 (   0.027   0.027   0.027 ) T:88 (   0.039   0.059   0.076   0.076   0.076   0.076 )
889.960: I:1 (   0.051   0.051   0.051 ) T:89 (   0.040   0.059   0.076   0.076   0.076   0.076 )
899.961: I:1 (   0.039   0.039   0.039 ) T:90 (   0.039   0.058   0.076   0.076   0.076   0.076 )
909.961: I:1 (   0.028   0.028   0.028 ) T:91 (   0.039   0.058   0.076   0.076   0.076   0.076 )
919.961: I:1 (   0.038   0.038   0.038 ) T:92 (   0.039   0.058   0.076   0.076   0.076   0.076 )
929.963: I:1 (   0.047   0.047   0.047 ) T:93 (   0.039   0.058   0.076   0.076   0.076   0.076 )
939.961: I:1 (   0.023   0.023   0.023 ) T:94 (   0.039   0.058   0.076   0.076   0.076   0.076 )
949.961: I:1 (   0.031   0.031   0.031 ) T:95 (   0.039   0.058   0.076   0.076   0.076   0.076 )
959.961: I:1 (   0.040   0.040   0.040 ) T:96 (   0.039   0.058   0.076   0.076   0.076   0.076 )
969.961: I:1 (   0.049   0.049   0.049 ) T:97 (   0.039   0.058   0.076   0.076   0.076   0.076 )
979.961: I:1 (   0.024   0.024   0.024 ) T:98 (   0.039   0.058   0.076   0.076   0.076   0.076 )
989.960: I:1 (   0.032   0.032   0.032 ) T:99 (   0.039   0.058   0.076   0.076   0.076   0.076 )
999.961: I:1 (   0.041   0.041   0.041 ) T:100 (   0.039   0.057   0.070   0.076   0.076   0.076 )
1009.961: I:1 (   0.050   0.050   0.050 ) T:101 (   0.039   0.057   0.070   0.076   0.076   0.076 )
1019.960: I:1 (   0.026   0.026   0.026 ) T:102 (   0.039   0.057   0.070   0.076   0.076   0.076 )
1029.961: I:1 (   0.035   0.035   0.035 ) T:103 (   0.039   0.057   0.070   0.076   0.076   0.076 )
1039.961: I:1 (   0.044   0.044   0.044 ) T:104 (   0.039   0.057   0.070   0.076   0.076   0.076 )
1049.961: I:1 (   0.053   0.053   0.053 ) T:105 (   0.039   0.057   0.070   0.076   0.076   0.076 )
1059.961: I:1 (   0.030   0.030   0.030 ) T:106 (   0.039   0.057   0.070   0.076   0.076   0.076 )
1069.961: I:1 (   0.038   0.038   0.038 ) T:107 (   0.039   0.057   0.070   0.076   0.076   0.076 )
1079.963: I:1 (   0.048   0.048   0.048 ) T:108 (   0.039   0.057   0.070   0.076   0.076   0.076 )
1089.961: I:1 (   0.024   0.024   0.024 ) T:109 (   0.039   0.057   0.070   0.076   0.076   0.076 )
1099.960: I:1 (   0.033   0.033   0.033 ) T:110 (   0.038   0.057   0.070   0.076   0.076   0.076 )
1109.960: I:1 (   0.041   0.041   0.041 ) T:111 (   0.039   0.057   0.070   0.076   0.076   0.076 )
1119.960: I:1 (   0.047   0.047   0.047 ) T:112 (   0.039   0.057   0.070   0.076   0.076   0.076 )
1129.961: I:1 (   0.052   0.052   0.052 ) T:113 (   0.039   0.057   0.070   0.076   0.076   0.076 )
1139.961: I:1 (   0.026   0.026   0.026 ) T:114 (   0.039   0.057   0.070   0.076   0.076   0.076 )
1149.960: I:1 (   0.034   0.034   0.034 ) T:115 (   0.039   0.057   0.070   0.076   0.076   0.076 )
1159.960: I:1 (   0.044   0.044   0.044 ) T:116 (   0.039   0.057   0.070   0.076   0.076   0.076 )
1169.959: I:1 (   0.052   0.052   0.052 ) T:117 (   0.039   0.057   0.070   0.076   0.076   0.076 )
1179.960: I:1 (   0.029   0.029   0.029 ) T:118 (   0.039   0.057   0.070   0.076   0.076   0.076 )
1189.961: I:1 (   0.039   0.039   0.039 ) T:119 (   0.039   0.057   0.070   0.076   0.076   0.076 )
1199.960: I:1 (   0.047   0.047   0.047 ) T:120 (   0.039   0.057   0.070   0.076   0.076   0.076 )
1209.961: I:1 (   0.026   0.026   0.026 ) T:121 (   0.039   0.057   0.070   0.076   0.076   0.076 )
1219.961: I:1 (   0.035   0.035   0.035 ) T:122 (   0.039   0.057   0.070   0.076   0.076   0.076 )
1229.960: I:1 (   0.044   0.044   0.044 ) T:123 (   0.039   0.057   0.070   0.076   0.076   0.076 )
1239.961: I:1 (   0.053   0.053   0.053 ) T:124 (   0.039   0.057   0.070   0.076   0.076   0.076 )
1249.961: I:1 (   0.032   0.032   0.032 ) T:125 (   0.039   0.057   0.070   0.076   0.076   0.076 )
1259.961: I:1 (   0.040   0.040   0.040 ) T:126 (   0.039   0.057   0.070   0.076   0.076   0.076 )
1269.961: I:1 (   0.049   0.049   0.049 ) T:127 (   0.039   0.057   0.070   0.076   0.076   0.076 )
1279.961: I:1 (   0.027   0.027   0.027 ) T:128 (   0.039   0.057   0.070   0.076   0.076   0.076 )
1289.960: I:1 (   0.036   0.036   0.036 ) T:129 (   0.039   0.057   0.070   0.076   0.076   0.076 )
1299.960: I:1 (   0.053   0.053   0.053 ) T:130 (   0.039   0.057   0.070   0.076   0.076   0.076 )
1309.960: I:1 (   0.044   0.044   0.044 ) T:131 (   0.039   0.057   0.070   0.076   0.076   0.076 )
1319.960: I:1 (   0.036   0.036   0.036 ) T:132 (   0.039   0.057   0.070   0.076   0.076   0.076 )
1329.959: I:1 (   0.029   0.029   0.029 ) T:133 (   0.039   0.057   0.070   0.076   0.076   0.076 )
1339.960: I:1 (   0.051   0.051   0.051 ) T:134 (   0.039   0.057   0.070   0.076   0.076   0.076 )
1349.959: I:1 (   0.045   0.045   0.045 ) T:135 (   0.039   0.057   0.070   0.076   0.076   0.076 )
1359.960: I:1 (   0.037   0.037   0.037 ) T:136 (   0.039   0.057   0.070   0.076   0.076   0.076 )
1369.960: I:1 (   0.032   0.032   0.032 ) T:137 (   0.039   0.057   0.070   0.076   0.076   0.076 )
1379.960: I:1 (   0.055   0.055   0.055 ) T:138 (   0.039   0.057   0.070   0.076   0.076   0.076 )
1389.960: I:1 (   0.048   0.048   0.048 ) T:139 (   0.039   0.057   0.070   0.076   0.076   0.076 )
1399.959: I:1 (   0.041   0.041   0.041 ) T:140 (   0.039   0.056   0.070   0.076   0.076   0.076 )
1409.960: I:1 (   0.033   0.033   0.033 ) T:141 (   0.039   0.056   0.070   0.076   0.076   0.076 )
1419.959: I:1 (   0.057   0.057   0.057 ) T:142 (   0.039   0.057   0.070   0.076   0.076   0.076 )
1429.960: I:1 (   0.050   0.050   0.050 ) T:143 (   0.040   0.057   0.070   0.076   0.076   0.076 )
1439.960: I:1 (   0.043   0.043   0.043 ) T:144 (   0.040   0.057   0.070   0.076   0.076   0.076 )
1449.960: I:1 (   0.038   0.038   0.038 ) T:145 (   0.040   0.057   0.070   0.076   0.076   0.076 )
1459.960: I:1 (   0.060   0.060   0.060 ) T:146 (   0.040   0.057   0.070   0.076   0.076   0.076 )
1469.960: I:1 (   0.056   0.056   0.056 ) T:147 (   0.040   0.057   0.070   0.076   0.076   0.076 )
1479.960: I:1 (   0.050   0.050   0.050 ) T:148 (   0.040   0.057   0.070   0.076   0.076   0.076 )
1487.248: I:2 (   0.043   0.060   0.060 ) T:150 (   0.040   0.057   0.070   0.076   0.076   0.076 )
1487.281: I:0 (   0.000   0.000   0.000 ) T:150 (   0.040   0.057   0.070   0.076   0.076   0.076 )
