#[Interval percentile log between 0.000 and <Infinite> seconds (relative to StartTime)]
#[StartTime: 1524904571.389 (seconds since epoch), Sat Apr 28 10:36:11 CEST 2018]
Time: IntervalPercentiles:count ( 50% 90% Max ) TotalPercentiles:count ( 50% 90% 99% 99.9% 99.99% Max )
10.211: I:1 (   0.003   0.003   0.003 ) T:1 (   0.003   0.003   0.003   0.003   0.003   0.003 )
19.978: I:1 (   0.003   0.003   0.003 ) T:2 (   0.003   0.003   0.003   0.003   0.003   0.003 )
29.979: I:1 (   0.003   0.003   0.003 ) T:3 (   0.003   0.003   0.003   0.003   0.003   0.003 )
39.979: I:1 (   0.003   0.003   0.003 ) T:4 (   0.003   0.003   0.003   0.003   0.003   0.003 )
49.979: I:1 (   0.003   0.003   0.003 ) T:5 (   0.003   0.003   0.003   0.003   0.003   0.003 )
59.979: I:1 (   0.003   0.003   0.003 ) T:6 (   0.003   0.003   0.003   0.003   0.003   0.003 )
69.979: I:1 (   0.003   0.003   0.003 ) T:7 (   0.003   0.003   0.003   0.003   0.003   0.003 )
79.979: I:1 (   0.003   0.003   0.003 ) T:8 (   0.003   0.003   0.003   0.003   0.003   0.003 )
89.979: I:1 (   0.003   0.003   0.003 ) T:9 (   0.003   0.003   0.003   0.003   0.003   0.003 )
99.979: I:1 (   0.003   0.003   0.003 ) T:10 (   0.003   0.003   0.003   0.003   0.003   0.003 )
109.979: I:1 (   0.003   0.003   0.003 ) T:11 (   0.003   0.003   0.003   0.003   0.003   0.003 )
119.979: I:1 (   0.003   0.003   0.003 ) T:12 (   0.003   0.003   0.003   0.003   0.003   0.003 )
129.979: I:1 (   0.003   0.003   0.003 ) T:13 (   0.003   0.003   0.003   0.003   0.003   0.003 )
139.979: I:1 (   0.003   0.003   0.003 ) T:14 (   0.003   0.003   0.003   0.003   0.003   0.003 )
149.979: I:1 (   0.003   0.003   0.003 ) T:15 (   0.003   0.003   0.003   0.003   0.003   0.003 )
160.636: I:1 (   0.003   0.003   0.003 ) T:16 (   0.003   0.003   0.003   0.003   0.003   0.003 )
169.978: I:1 (   0.003   0.003   0.003 ) T:17 (   0.003   0.003   0.003   0.003   0.003   0.003 )
179.979: I:1 (   0.003   0.003   0.003 ) T:18 (   0.003   0.003   0.003   0.003   0.003   0.003 )
189.979: I:1 (   0.003   0.003   0.003 ) T:19 (   0.003   0.003   0.003   0.003   0.003   0.003 )
199.979: I:1 (   0.003   0.003   0.003 ) T:20 (   0.003   0.003   0.003   0.003   0.003   0.003 )
209.979: I:1 (   0.003   0.003   0.003 ) T:21 (   0.003   0.003   0.003   0.003   0.003   0.003 )
219.979: I:1 (   0.003   0.003   0.003 ) T:22 (   0.003   0.003   0.003   0.003   0.003   0.003 )
229.979: I:1 (   0.003   0.003   0.003 ) T:23 (   0.003   0.003   0.003   0.003   0.003   0.003 )
239.979: I:1 (   0.003   0.003   0.003 ) T:24 (   0.003   0.003   0.003   0.003   0.003   0.003 )
249.979: I:1 (   0.003   0.003   0.003 ) T:25 (   0.003   0.003   0.003   0.003   0.003   0.003 )
259.979: I:1 (   0.003   0.003   0.003 ) T:26 (   0.003   0.003   0.003   0.003   0.003   0.003 )
269.979: I:1 (   0.003   0.003   0.003 ) T:27 (   0.003   0.003   0.003   0.003   0.003   0.003 )
279.979: I:1 (   0.003   0.003   0.003 ) T:28 (   0.003   0.003   0.003   0.003   0.003   0.003 )
289.979: I:1 (   0.003   0.003   0.003 ) T:29 (   0.003   0.003   0.003   0.003   0.003   0.003 )
299.979: I:1 (   0.003   0.003   0.003 ) T:30 (   0.003   0.003   0.003   0.003   0.003   0.003 )
310.271: I:1 (   0.003   0.003   0.003 ) T:31 (   0.003   0.003   0.003   0.003   0.003   0.003 )
319.978: I:1 (   0.003   0.003   0.003 ) T:32 (   0.003   0.003   0.003   0.003   0.003   0.003 )
329.979: I:1 (   0.003   0.003   0.003 ) T:33 (   0.003   0.003   0.003   0.003   0.003   0.003 )
339.979: I:1 (   0.003   0.003   0.003 ) T:34 (   0.003   0.003   0.003   0.003   0.003   0.003 )
348.972: I:2 (   0.002   0.003   0.003 ) T:36 (   0.003   0.003   0.003   0.003   0.003   0.003 )
349.002: I:0 (   0.000   0.000   0.000 ) T:36 (   0.003   0.003   0.003   0.003   0.003   0.003 )
