#[Interval percentile log between 0.000 and <Infinite> seconds (relative to StartTime)]
#[StartTime: 1524583728.386 (seconds since epoch), Tue Apr 24 17:28:48 CEST 2018]
Time: IntervalPercentiles:count ( 50% 90% Max ) TotalPercentiles:count ( 50% 90% 99% 99.9% 99.99% Max )
9.994: I:1 (   0.000   0.000   0.000 ) T:1 (   0.000   0.000   0.000   0.000   0.000   0.000 )
19.978: I:1 (   0.059   0.059   0.059 ) T:2 (   0.000   0.059   0.059   0.059   0.059   0.059 )
29.980: I:1 (   0.007   0.007   0.007 ) T:3 (   0.007   0.059   0.059   0.059   0.059   0.059 )
39.976: I:1 (   0.006   0.006   0.006 ) T:4 (   0.006   0.059   0.059   0.059   0.059   0.059 )
49.976: I:1 (   0.004   0.004   0.004 ) T:5 (   0.006   0.059   0.059   0.059   0.059   0.059 )
59.974: I:1 (   0.008   0.008   0.008 ) T:6 (   0.006   0.059   0.059   0.059   0.059   0.059 )
69.967: I:1 (   0.006   0.006   0.006 ) T:7 (   0.006   0.059   0.059   0.059   0.059   0.059 )
79.974: I:1 (   0.009   0.009   0.009 ) T:8 (   0.006   0.059   0.059   0.059   0.059   0.059 )
89.974: I:1 (   0.011   0.011   0.011 ) T:9 (   0.007   0.059   0.059   0.059   0.059   0.059 )
99.970: I:1 (   0.006   0.006   0.006 ) T:10 (   0.006   0.011   0.059   0.059   0.059   0.059 )
109.968: I:1 (   0.009   0.009   0.009 ) T:11 (   0.007   0.011   0.059   0.059   0.059   0.059 )
119.968: I:1 (   0.012   0.012   0.012 ) T:12 (   0.007   0.012   0.059   0.059   0.059   0.059 )
129.968: I:1 (   0.011   0.011   0.011 ) T:13 (   0.008   0.012   0.059   0.059   0.059   0.059 )
139.971: I:1 (   0.008   0.008   0.008 ) T:14 (   0.008   0.012   0.059   0.059   0.059   0.059 )
149.967: I:1 (   0.010   0.010   0.010 ) T:15 (   0.008   0.012   0.059   0.059   0.059   0.059 )
159.973: I:1 (   0.012   0.012   0.012 ) T:16 (   0.008   0.012   0.059   0.059   0.059   0.059 )
169.970: I:1 (   0.015   0.015   0.015 ) T:17 (   0.009   0.015   0.059   0.059   0.059   0.059 )
179.968: I:1 (   0.016   0.016   0.016 ) T:18 (   0.009   0.016   0.059   0.059   0.059   0.059 )
189.972: I:1 (   0.016   0.016   0.016 ) T:19 (   0.009   0.016   0.059   0.059   0.059   0.059 )
199.974: I:1 (   0.020   0.020   0.020 ) T:20 (   0.009   0.016   0.059   0.059   0.059   0.059 )
209.970: I:1 (   0.019   0.019   0.019 ) T:21 (   0.010   0.019   0.059   0.059   0.059   0.059 )
219.974: I:1 (   0.024   0.024   0.024 ) T:22 (   0.010   0.020   0.059   0.059   0.059   0.059 )
229.971: I:1 (   0.026   0.026   0.026 ) T:23 (   0.011   0.024   0.059   0.059   0.059   0.059 )
239.970: I:1 (   0.030   0.030   0.030 ) T:24 (   0.011   0.026   0.059   0.059   0.059   0.059 )
249.974: I:1 (   0.033   0.033   0.033 ) T:25 (   0.011   0.030   0.059   0.059   0.059   0.059 )
259.974: I:1 (   0.031   0.031   0.031 ) T:26 (   0.011   0.031   0.059   0.059   0.059   0.059 )
269.974: I:1 (   0.029   0.029   0.029 ) T:27 (   0.012   0.031   0.059   0.059   0.059   0.059 )
279.974: I:1 (   0.031   0.031   0.031 ) T:28 (   0.012   0.031   0.059   0.059   0.059   0.059 )
289.973: I:1 (   0.033   0.033   0.033 ) T:29 (   0.012   0.033   0.059   0.059   0.059   0.059 )
299.974: I:1 (   0.037   0.037   0.037 ) T:30 (   0.012   0.033   0.059   0.059   0.059   0.059 )
309.974: I:1 (   0.038   0.038   0.038 ) T:31 (   0.015   0.033   0.059   0.059   0.059   0.059 )
319.974: I:1 (   0.058   0.058   0.058 ) T:32 (   0.015   0.037   0.059   0.059   0.059   0.059 )
329.972: I:1 (   0.035   0.035   0.035 ) T:33 (   0.016   0.037   0.059   0.059   0.059   0.059 )
339.970: I:1 (   0.037   0.037   0.037 ) T:34 (   0.016   0.037   0.059   0.059   0.059   0.059 )
349.976: I:1 (   0.030   0.030   0.030 ) T:35 (   0.016   0.037   0.059   0.059   0.059   0.059 )
359.974: I:1 (   0.034   0.034   0.034 ) T:36 (   0.016   0.037   0.059   0.059   0.059   0.059 )
369.973: I:1 (   0.029   0.029   0.029 ) T:37 (   0.019   0.037   0.059   0.059   0.059   0.059 )
379.972: I:1 (   0.041   0.041   0.041 ) T:38 (   0.019   0.038   0.059   0.059   0.059   0.059 )
389.974: I:1 (   0.035   0.035   0.035 ) T:39 (   0.020   0.038   0.059   0.059   0.059   0.059 )
399.970: I:1 (   0.038   0.038   0.038 ) T:40 (   0.020   0.038   0.059   0.059   0.059   0.059 )
409.974: I:1 (   0.034   0.034   0.034 ) T:41 (   0.024   0.038   0.059   0.059   0.059   0.059 )
419.970: I:1 (   0.036   0.036   0.036 ) T:42 (   0.024   0.038   0.059   0.059   0.059   0.059 )
429.974: I:1 (   0.042   0.042   0.042 ) T:43 (   0.026   0.038   0.059   0.059   0.059   0.059 )
439.973: I:1 (   0.031   0.031   0.031 ) T:44 (   0.026   0.038   0.059   0.059   0.059   0.059 )
449.972: I:1 (   0.033   0.033   0.033 ) T:45 (   0.029   0.038   0.059   0.059   0.059   0.059 )
459.972: I:1 (   0.034   0.034   0.034 ) T:46 (   0.029   0.038   0.059   0.059   0.059   0.059 )
469.973: I:1 (   0.092   0.092   0.092 ) T:47 (   0.029   0.041   0.092   0.092   0.092   0.092 )
479.970: I:1 (   0.031   0.031   0.031 ) T:48 (   0.029   0.041   0.092   0.092   0.092   0.092 )
489.974: I:1 (   0.023   0.023   0.023 ) T:49 (   0.029   0.041   0.092   0.092   0.092   0.092 )
499.969: I:1 (   0.035   0.035   0.035 ) T:50 (   0.029   0.038   0.092   0.092   0.092   0.092 )
509.972: I:1 (   0.042   0.042   0.042 ) T:51 (   0.030   0.041   0.092   0.092   0.092   0.092 )
519.972: I:1 (   0.043   0.043   0.043 ) T:52 (   0.030   0.042   0.092   0.092   0.092   0.092 )
529.972: I:1 (   0.048   0.048   0.048 ) T:53 (   0.030   0.042   0.092   0.092   0.092   0.092 )
539.974: I:1 (   0.041   0.041   0.041 ) T:54 (   0.030   0.042   0.092   0.092   0.092   0.092 )
549.970: I:1 (   0.041   0.041   0.041 ) T:55 (   0.031   0.042   0.092   0.092   0.092   0.092 )
559.971: I:1 (   0.064   0.064   0.064 ) T:56 (   0.031   0.043   0.092   0.092   0.092   0.092 )
569.972: I:1 (   0.030   0.030   0.030 ) T:57 (   0.031   0.043   0.092   0.092   0.092   0.092 )
579.972: I:1 (   0.043   0.043   0.043 ) T:58 (   0.031   0.043   0.092   0.092   0.092   0.092 )
589.972: I:1 (   0.074   0.074   0.074 ) T:59 (   0.031   0.048   0.092   0.092   0.092   0.092 )
599.973: I:1 (   0.044   0.044   0.044 ) T:60 (   0.031   0.044   0.092   0.092   0.092   0.092 )
609.970: I:1 (   0.025   0.025   0.025 ) T:61 (   0.031   0.044   0.092   0.092   0.092   0.092 )
619.974: I:1 (   0.028   0.028   0.028 ) T:62 (   0.031   0.044   0.092   0.092   0.092   0.092 )
629.973: I:1 (   0.028   0.028   0.028 ) T:63 (   0.031   0.044   0.092   0.092   0.092   0.092 )
639.975: I:1 (   0.030   0.030   0.030 ) T:64 (   0.030   0.044   0.092   0.092   0.092   0.092 )
649.972: I:1 (   0.019   0.019   0.019 ) T:65 (   0.030   0.044   0.092   0.092   0.092   0.092 )
659.974: I:1 (   0.034   0.034   0.034 ) T:66 (   0.030   0.044   0.092   0.092   0.092   0.092 )
669.973: I:1 (   0.062   0.062   0.062 ) T:67 (   0.031   0.048   0.092   0.092   0.092   0.092 )
679.976: I:1 (   0.038   0.038   0.038 ) T:68 (   0.031   0.048   0.092   0.092   0.092   0.092 )
689.974: I:1 (   0.034   0.034   0.034 ) T:69 (   0.031   0.048   0.092   0.092   0.092   0.092 )
699.971: I:1 (   0.042   0.042   0.042 ) T:70 (   0.031   0.044   0.092   0.092   0.092   0.092 )
709.970: I:1 (   0.064   0.064   0.064 ) T:71 (   0.031   0.048   0.092   0.092   0.092   0.092 )
719.974: I:1 (   0.027   0.027   0.027 ) T:72 (   0.031   0.048   0.092   0.092   0.092   0.092 )
729.971: I:1 (   0.043   0.043   0.043 ) T:73 (   0.031   0.048   0.092   0.092   0.092   0.092 )
739.972: I:1 (   0.067   0.067   0.067 ) T:74 (   0.031   0.058   0.092   0.092   0.092   0.092 )
749.974: I:1 (   0.039   0.039   0.039 ) T:75 (   0.031   0.058   0.092   0.092   0.092   0.092 )
759.973: I:1 (   0.027   0.027   0.027 ) T:76 (   0.031   0.058   0.092   0.092   0.092   0.092 )
769.974: I:1 (   0.067   0.067   0.067 ) T:77 (   0.031   0.059   0.092   0.092   0.092   0.092 )
779.973: I:1 (   0.050   0.050   0.050 ) T:78 (   0.031   0.059   0.092   0.092   0.092   0.092 )
789.974: I:1 (   0.076   0.076   0.076 ) T:79 (   0.033   0.062   0.092   0.092   0.092   0.092 )
799.973: I:1 (   0.031   0.031   0.031 ) T:80 (   0.031   0.059   0.092   0.092   0.092   0.092 )
809.974: I:1 (   0.062   0.062   0.062 ) T:81 (   0.033   0.062   0.092   0.092   0.092   0.092 )
819.977: I:1 (   0.032   0.032   0.032 ) T:82 (   0.032   0.062   0.092   0.092   0.092   0.092 )
829.976: I:1 (   0.038   0.038   0.038 ) T:83 (   0.033   0.062   0.092   0.092   0.092   0.092 )
839.976: I:1 (   0.032   0.032   0.032 ) T:84 (   0.032   0.062   0.092   0.092   0.092   0.092 )
849.972: I:1 (   0.059   0.059   0.059 ) T:85 (   0.033   0.062   0.092   0.092   0.092   0.092 )
859.972: I:1 (   0.045   0.045   0.045 ) T:86 (   0.033   0.062   0.092   0.092   0.092   0.092 )
869.974: I:1 (   0.060   0.060   0.060 ) T:87 (   0.033   0.062   0.092   0.092   0.092   0.092 )
879.973: I:1 (   0.032   0.032   0.032 ) T:88 (   0.033   0.062   0.092   0.092   0.092   0.092 )
889.972: I:1 (   0.039   0.039   0.039 ) T:89 (   0.033   0.062   0.092   0.092   0.092   0.092 )
899.970: I:1 (   0.067   0.067   0.067 ) T:90 (   0.033   0.062   0.092   0.092   0.092   0.092 )
909.971: I:1 (   0.046   0.046   0.046 ) T:91 (   0.033   0.062   0.092   0.092   0.092   0.092 )
919.968: I:1 (   0.055   0.055   0.055 ) T:92 (   0.033   0.062   0.092   0.092   0.092   0.092 )
929.974: I:1 (   0.049   0.049   0.049 ) T:93 (   0.034   0.062   0.092   0.092   0.092   0.092 )
939.968: I:1 (   0.062   0.062   0.062 ) T:94 (   0.034   0.062   0.092   0.092   0.092   0.092 )
949.975: I:1 (   0.030   0.030   0.030 ) T:95 (   0.034   0.062   0.092   0.092   0.092   0.092 )
959.971: I:1 (   0.022   0.022   0.022 ) T:96 (   0.033   0.062   0.092   0.092   0.092   0.092 )
969.966: I:1 (   0.065   0.065   0.065 ) T:97 (   0.034   0.062   0.092   0.092   0.092   0.092 )
979.969: I:1 (   0.040   0.040   0.040 ) T:98 (   0.034   0.062   0.092   0.092   0.092   0.092 )
989.972: I:1 (   0.059   0.059   0.059 ) T:99 (   0.034   0.062   0.092   0.092   0.092   0.092 )
999.991: I:1 (   0.031   0.031   0.031 ) T:100 (   0.034   0.062   0.076   0.092   0.092   0.092 )
1009.974: I:1 (   0.068   0.068   0.068 ) T:101 (   0.034   0.062   0.076   0.092   0.092   0.092 )
1019.966: I:1 (   0.039   0.039   0.039 ) T:102 (   0.034   0.062   0.076   0.092   0.092   0.092 )
1029.964: I:1 (   0.015   0.015   0.015 ) T:103 (   0.034   0.062   0.076   0.092   0.092   0.092 )
1039.977: I:1 (   0.000   0.000   0.000 ) T:104 (   0.034   0.062   0.076   0.092   0.092   0.092 )
1049.969: I:1 (   0.035   0.035   0.035 ) T:105 (   0.034   0.062   0.076   0.092   0.092   0.092 )
1059.973: I:1 (   0.048   0.048   0.048 ) T:106 (   0.034   0.062   0.076   0.092   0.092   0.092 )
1069.972: I:1 (   0.072   0.072   0.072 ) T:107 (   0.034   0.064   0.076   0.092   0.092   0.092 )
1079.974: I:1 (   0.036   0.036   0.036 ) T:108 (   0.034   0.064   0.076   0.092   0.092   0.092 )
1089.970: I:1 (   0.061   0.061   0.061 ) T:109 (   0.034   0.064   0.076   0.092   0.092   0.092 )
1099.968: I:1 (   0.041   0.041   0.041 ) T:110 (   0.034   0.062   0.076   0.092   0.092   0.092 )
1110.008: I:1 (   0.095   0.095   0.095 ) T:111 (   0.034   0.064   0.092   0.095   0.095   0.095 )
1119.974: I:1 (   0.040   0.040   0.040 ) T:112 (   0.034   0.064   0.092   0.095   0.095   0.095 )
1129.973: I:1 (   0.058   0.058   0.058 ) T:113 (   0.035   0.064   0.092   0.095   0.095   0.095 )
1139.969: I:1 (   0.052   0.052   0.052 ) T:114 (   0.035   0.064   0.092   0.095   0.095   0.095 )
1149.969: I:1 (   0.066   0.066   0.066 ) T:115 (   0.035   0.064   0.092   0.095   0.095   0.095 )
1159.967: I:1 (   0.073   0.073   0.073 ) T:116 (   0.035   0.065   0.092   0.095   0.095   0.095 )
1169.974: I:1 (   0.069   0.069   0.069 ) T:117 (   0.035   0.066   0.092   0.095   0.095   0.095 )
1179.966: I:1 (   0.045   0.045   0.045 ) T:118 (   0.035   0.066   0.092   0.095   0.095   0.095 )
1189.970: I:1 (   0.068   0.068   0.068 ) T:119 (   0.035   0.067   0.092   0.095   0.095   0.095 )
1199.973: I:1 (   0.064   0.064   0.064 ) T:120 (   0.035   0.066   0.092   0.095   0.095   0.095 )
1209.972: I:1 (   0.047   0.047   0.047 ) T:121 (   0.036   0.066   0.092   0.095   0.095   0.095 )
1219.969: I:1 (   0.097   0.097   0.097 ) T:122 (   0.036   0.067   0.095   0.097   0.097   0.097 )
1229.974: I:1 (   0.039   0.039   0.039 ) T:123 (   0.036   0.067   0.095   0.097   0.097   0.097 )
1239.974: I:1 (   0.059   0.059   0.059 ) T:124 (   0.036   0.067   0.095   0.097   0.097   0.097 )
1249.967: I:1 (   0.048   0.048   0.048 ) T:125 (   0.037   0.067   0.095   0.097   0.097   0.097 )
1259.972: I:1 (   0.063   0.063   0.063 ) T:126 (   0.037   0.067   0.095   0.097   0.097   0.097 )
1269.971: I:1 (   0.069   0.069   0.069 ) T:127 (   0.037   0.067   0.095   0.097   0.097   0.097 )
1279.968: I:1 (   0.041   0.041   0.041 ) T:128 (   0.037   0.067   0.095   0.097   0.097   0.097 )
1289.969: I:1 (   0.088   0.088   0.088 ) T:129 (   0.038   0.067   0.095   0.097   0.097   0.097 )
1299.972: I:1 (   0.071   0.071   0.071 ) T:130 (   0.038   0.067   0.095   0.097   0.097   0.097 )
1309.974: I:1 (   0.070   0.070   0.070 ) T:131 (   0.038   0.068   0.095   0.097   0.097   0.097 )
1319.973: I:1 (   0.037   0.037   0.037 ) T:132 (   0.038   0.068   0.095   0.097   0.097   0.097 )
1329.970: I:1 (   0.069   0.069   0.069 ) T:133 (   0.038   0.068   0.095   0.097   0.097   0.097 )
1339.973: I:1 (   0.067   0.067   0.067 ) T:134 (   0.038   0.068   0.095   0.097   0.097   0.097 )
1349.973: I:1 (   0.040   0.040   0.040 ) T:135 (   0.038   0.068   0.095   0.097   0.097   0.097 )
1359.974: I:1 (   0.063   0.063   0.063 ) T:136 (   0.038   0.068   0.095   0.097   0.097   0.097 )
1369.973: I:1 (   0.099   0.099   0.099 ) T:137 (   0.038   0.069   0.097   0.099   0.099   0.099 )
1379.967: I:1 (   0.077   0.077   0.077 ) T:138 (   0.038   0.069   0.097   0.099   0.099   0.099 )
1389.974: I:1 (   0.047   0.047   0.047 ) T:139 (   0.039   0.069   0.097   0.099   0.099   0.099 )
1399.974: I:1 (   0.070   0.070   0.070 ) T:140 (   0.039   0.069   0.097   0.099   0.099   0.099 )
1409.969: I:1 (   0.089   0.089   0.089 ) T:141 (   0.039   0.069   0.097   0.099   0.099   0.099 )
1419.970: I:1 (   0.070   0.070   0.070 ) T:142 (   0.039   0.070   0.097   0.099   0.099   0.099 )
1429.970: I:1 (   0.065   0.065   0.065 ) T:143 (   0.039   0.070   0.097   0.099   0.099   0.099 )
1439.971: I:1 (   0.041   0.041   0.041 ) T:144 (   0.039   0.070   0.097   0.099   0.099   0.099 )
1449.974: I:1 (   0.062   0.062   0.062 ) T:145 (   0.039   0.070   0.097   0.099   0.099   0.099 )
1459.974: I:1 (   0.060   0.060   0.060 ) T:146 (   0.039   0.070   0.097   0.099   0.099   0.099 )
1469.971: I:1 (   0.100   0.100   0.100 ) T:147 (   0.040   0.070   0.099   0.100   0.100   0.100 )
1479.965: I:1 (   0.071   0.071   0.071 ) T:148 (   0.040   0.070   0.099   0.100   0.100   0.100 )
1489.975: I:1 (   0.064   0.064   0.064 ) T:149 (   0.040   0.070   0.099   0.100   0.100   0.100 )
1499.969: I:1 (   0.051   0.051   0.051 ) T:150 (   0.040   0.070   0.099   0.100   0.100   0.100 )
1509.972: I:1 (   0.070   0.070   0.070 ) T:151 (   0.040   0.070   0.099   0.100   0.100   0.100 )
1519.969: I:1 (   0.043   0.043   0.043 ) T:152 (   0.040   0.070   0.099   0.100   0.100   0.100 )
1529.970: I:1 (   0.096   0.096   0.096 ) T:153 (   0.041   0.070   0.099   0.100   0.100   0.100 )
1539.970: I:1 (   0.020   0.020   0.020 ) T:154 (   0.040   0.070   0.099   0.100   0.100   0.100 )
1549.973: I:1 (   0.071   0.071   0.071 ) T:155 (   0.041   0.071   0.099   0.100   0.100   0.100 )
1559.973: I:1 (   0.095   0.095   0.095 ) T:156 (   0.041   0.071   0.099   0.100   0.100   0.100 )
1569.970: I:1 (   0.070   0.070   0.070 ) T:157 (   0.041   0.071   0.099   0.100   0.100   0.100 )
1579.970: I:1 (   0.020   0.020   0.020 ) T:158 (   0.041   0.071   0.099   0.100   0.100   0.100 )
1589.974: I:1 (   0.072   0.072   0.072 ) T:159 (   0.041   0.071   0.099   0.100   0.100   0.100 )
1599.974: I:1 (   0.093   0.093   0.093 ) T:160 (   0.041   0.071   0.099   0.100   0.100   0.100 )
1609.967: I:1 (   0.067   0.067   0.067 ) T:161 (   0.041   0.071   0.099   0.100   0.100   0.100 )
1619.974: I:1 (   0.037   0.037   0.037 ) T:162 (   0.041   0.071   0.099   0.100   0.100   0.100 )
1629.969: I:1 (   0.075   0.075   0.075 ) T:163 (   0.041   0.072   0.099   0.100   0.100   0.100 )
1639.973: I:1 (   0.071   0.071   0.071 ) T:164 (   0.041   0.072   0.099   0.100   0.100   0.100 )
1649.967: I:1 (   0.071   0.071   0.071 ) T:165 (   0.041   0.072   0.099   0.100   0.100   0.100 )
1659.972: I:1 (   0.039   0.039   0.039 ) T:166 (   0.041   0.072   0.099   0.100   0.100   0.100 )
1669.969: I:1 (   0.085   0.085   0.085 ) T:167 (   0.041   0.072   0.099   0.100   0.100   0.100 )
1679.973: I:1 (   0.063   0.063   0.063 ) T:168 (   0.041   0.072   0.099   0.100   0.100   0.100 )
1689.970: I:1 (   0.090   0.090   0.090 ) T:169 (   0.041   0.073   0.099   0.100   0.100   0.100 )
1699.970: I:1 (   0.042   0.042   0.042 ) T:170 (   0.041   0.072   0.099   0.100   0.100   0.100 )
1709.972: I:1 (   0.072   0.072   0.072 ) T:171 (   0.041   0.072   0.099   0.100   0.100   0.100 )
1719.971: I:1 (   0.071   0.071   0.071 ) T:172 (   0.041   0.072   0.099   0.100   0.100   0.100 )
1729.971: I:1 (   0.096   0.096   0.096 ) T:173 (   0.042   0.073   0.099   0.100   0.100   0.100 )
1739.969: I:1 (   0.042   0.042   0.042 ) T:174 (   0.042   0.073   0.099   0.100   0.100   0.100 )
1749.974: I:1 (   0.041   0.041   0.041 ) T:175 (   0.042   0.073   0.099   0.100   0.100   0.100 )
1759.968: I:1 (   0.062   0.062   0.062 ) T:176 (   0.042   0.073   0.099   0.100   0.100   0.100 )
1769.973: I:1 (   0.081   0.081   0.081 ) T:177 (   0.042   0.074   0.099   0.100   0.100   0.100 )
1779.974: I:1 (   0.046   0.046   0.046 ) T:178 (   0.042   0.074   0.099   0.100   0.100   0.100 )
1789.971: I:1 (   0.062   0.062   0.062 ) T:179 (   0.042   0.074   0.099   0.100   0.100   0.100 )
1799.974: I:1 (   0.108   0.108   0.108 ) T:180 (   0.042   0.074   0.100   0.108   0.108   0.108 )
1809.972: I:1 (   0.066   0.066   0.066 ) T:181 (   0.042   0.074   0.100   0.108   0.108   0.108 )
1819.975: I:1 (   0.055   0.055   0.055 ) T:182 (   0.042   0.074   0.100   0.108   0.108   0.108 )
1829.971: I:1 (   0.027   0.027   0.027 ) T:183 (   0.042   0.074   0.100   0.108   0.108   0.108 )
1839.974: I:1 (   0.075   0.075   0.075 ) T:184 (   0.042   0.075   0.100   0.108   0.108   0.108 )
1849.970: I:1 (   0.071   0.071   0.071 ) T:185 (   0.042   0.075   0.100   0.108   0.108   0.108 )
1859.970: I:1 (   0.059   0.059   0.059 ) T:186 (   0.042   0.075   0.100   0.108   0.108   0.108 )
1869.971: I:1 (   0.019   0.019   0.019 ) T:187 (   0.042   0.075   0.100   0.108   0.108   0.108 )
1879.970: I:1 (   0.098   0.098   0.098 ) T:188 (   0.042   0.075   0.100   0.108   0.108   0.108 )
1889.973: I:1 (   0.066   0.066   0.066 ) T:189 (   0.043   0.075   0.100   0.108   0.108   0.108 )
1899.973: I:1 (   0.071   0.071   0.071 ) T:190 (   0.043   0.075   0.100   0.108   0.108   0.108 )
1909.964: I:1 (   0.036   0.036   0.036 ) T:191 (   0.043   0.075   0.100   0.108   0.108   0.108 )
1919.963: I:1 (   0.000   0.000   0.000 ) T:192 (   0.042   0.075   0.100   0.108   0.108   0.108 )
1929.975: I:1 (   0.000   0.000   0.000 ) T:193 (   0.042   0.075   0.100   0.108   0.108   0.108 )
1939.972: I:1 (   0.007   0.007   0.007 ) T:194 (   0.042   0.075   0.100   0.108   0.108   0.108 )
1949.964: I:1 (   0.055   0.055   0.055 ) T:195 (   0.042   0.075   0.100   0.108   0.108   0.108 )
1959.964: I:1 (   0.003   0.003   0.003 ) T:196 (   0.042   0.075   0.100   0.108   0.108   0.108 )
1969.974: I:1 (   0.002   0.002   0.002 ) T:197 (   0.042   0.075   0.100   0.108   0.108   0.108 )
1979.974: I:1 (   0.007   0.007   0.007 ) T:198 (   0.042   0.075   0.100   0.108   0.108   0.108 )
1989.971: I:1 (   0.053   0.053   0.053 ) T:199 (   0.042   0.075   0.100   0.108   0.108   0.108 )
1999.972: I:1 (   0.048   0.048   0.048 ) T:200 (   0.042   0.074   0.099   0.108   0.108   0.108 )
2009.972: I:1 (   0.099   0.099   0.099 ) T:201 (   0.042   0.075   0.099   0.108   0.108   0.108 )
2019.969: I:1 (   0.091   0.091   0.091 ) T:202 (   0.042   0.075   0.099   0.108   0.108   0.108 )
2029.974: I:1 (   0.090   0.090   0.090 ) T:203 (   0.043   0.076   0.099   0.108   0.108   0.108 )
2039.973: I:1 (   0.089   0.089   0.089 ) T:204 (   0.043   0.077   0.099   0.108   0.108   0.108 )
2049.973: I:1 (   0.062   0.062   0.062 ) T:205 (   0.043   0.077   0.099   0.108   0.108   0.108 )
2059.969: I:1 (   0.038   0.038   0.038 ) T:206 (   0.043   0.077   0.099   0.108   0.108   0.108 )
2069.974: I:1 (   0.046   0.046   0.046 ) T:207 (   0.043   0.077   0.099   0.108   0.108   0.108 )
2079.970: I:1 (   0.040   0.040   0.040 ) T:208 (   0.043   0.077   0.099   0.108   0.108   0.108 )
2089.973: I:1 (   0.060   0.060   0.060 ) T:209 (   0.043   0.077   0.099   0.108   0.108   0.108 )
2099.969: I:1 (   0.047   0.047   0.047 ) T:210 (   0.043   0.076   0.099   0.108   0.108   0.108 )
2109.974: I:1 (   0.098   0.098   0.098 ) T:211 (   0.043   0.077   0.099   0.108   0.108   0.108 )
2119.973: I:1 (   0.032   0.032   0.032 ) T:212 (   0.043   0.077   0.099   0.108   0.108   0.108 )
2129.969: I:1 (   0.075   0.075   0.075 ) T:213 (   0.043   0.077   0.099   0.108   0.108   0.108 )
2139.972: I:1 (   0.075   0.075   0.075 ) T:214 (   0.043   0.077   0.099   0.108   0.108   0.108 )
2149.971: I:1 (   0.074   0.074   0.074 ) T:215 (   0.043   0.077   0.099   0.108   0.108   0.108 )
2159.972: I:1 (   0.066   0.066   0.066 ) T:216 (   0.043   0.077   0.099   0.108   0.108   0.108 )
2169.969: I:1 (   0.053   0.053   0.053 ) T:217 (   0.044   0.077   0.099   0.108   0.108   0.108 )
2179.967: I:1 (   0.075   0.075   0.075 ) T:218 (   0.044   0.077   0.099   0.108   0.108   0.108 )
2189.970: I:1 (   0.096   0.096   0.096 ) T:219 (   0.045   0.081   0.099   0.108   0.108   0.108 )
2199.970: I:1 (   0.072   0.072   0.072 ) T:220 (   0.045   0.077   0.099   0.108   0.108   0.108 )
2209.968: I:1 (   0.069   0.069   0.069 ) T:221 (   0.045   0.077   0.099   0.108   0.108   0.108 )
2219.972: I:1 (   0.072   0.072   0.072 ) T:222 (   0.045   0.077   0.099   0.108   0.108   0.108 )
2229.972: I:1 (   0.070   0.070   0.070 ) T:223 (   0.046   0.077   0.099   0.108   0.108   0.108 )
2239.972: I:1 (   0.069   0.069   0.069 ) T:224 (   0.046   0.077   0.099   0.108   0.108   0.108 )
2249.970: I:1 (   0.092   0.092   0.092 ) T:225 (   0.046   0.081   0.099   0.108   0.108   0.108 )
2259.973: I:1 (   0.043   0.043   0.043 ) T:226 (   0.046   0.081   0.099   0.108   0.108   0.108 )
2269.967: I:1 (   0.082   0.082   0.082 ) T:227 (   0.046   0.082   0.099   0.108   0.108   0.108 )
2279.967: I:1 (   0.075   0.075   0.075 ) T:228 (   0.046   0.082   0.099   0.108   0.108   0.108 )
2289.970: I:1 (   0.091   0.091   0.091 ) T:229 (   0.046   0.085   0.099   0.108   0.108   0.108 )
2299.975: I:1 (   0.072   0.072   0.072 ) T:230 (   0.046   0.082   0.099   0.108   0.108   0.108 )
2309.970: I:1 (   0.076   0.076   0.076 ) T:231 (   0.047   0.082   0.099   0.108   0.108   0.108 )
2319.968: I:1 (   0.096   0.096   0.096 ) T:232 (   0.047   0.085   0.099   0.108   0.108   0.108 )
2329.975: I:1 (   0.073   0.073   0.073 ) T:233 (   0.047   0.085   0.099   0.108   0.108   0.108 )
2339.969: I:1 (   0.066   0.066   0.066 ) T:234 (   0.047   0.085   0.099   0.108   0.108   0.108 )
2349.972: I:1 (   0.065   0.065   0.065 ) T:235 (   0.047   0.085   0.099   0.108   0.108   0.108 )
2359.971: I:1 (   0.073   0.073   0.073 ) T:236 (   0.047   0.085   0.099   0.108   0.108   0.108 )
2369.974: I:1 (   0.108   0.108   0.108 ) T:237 (   0.048   0.088   0.100   0.108   0.108   0.108 )
2379.974: I:1 (   0.052   0.052   0.052 ) T:238 (   0.048   0.088   0.100   0.108   0.108   0.108 )
2389.974: I:1 (   0.038   0.038   0.038 ) T:239 (   0.048   0.088   0.100   0.108   0.108   0.108 )
2399.973: I:1 (   0.077   0.077   0.077 ) T:240 (   0.048   0.085   0.100   0.108   0.108   0.108 )
2409.974: I:1 (   0.070   0.070   0.070 ) T:241 (   0.048   0.085   0.100   0.108   0.108   0.108 )
2419.970: I:1 (   0.058   0.058   0.058 ) T:242 (   0.048   0.085   0.100   0.108   0.108   0.108 )
2429.968: I:1 (   0.073   0.073   0.073 ) T:243 (   0.048   0.085   0.100   0.108   0.108   0.108 )
2440.022: I:1 (   0.076   0.076   0.076 ) T:244 (   0.048   0.085   0.100   0.108   0.108   0.108 )
2449.973: I:1 (   0.063   0.063   0.063 ) T:245 (   0.048   0.085   0.100   0.108   0.108   0.108 )
2459.966: I:1 (   0.050   0.050   0.050 ) T:246 (   0.048   0.085   0.100   0.108   0.108   0.108 )
2469.974: I:1 (   0.018   0.018   0.018 ) T:247 (   0.048   0.085   0.100   0.108   0.108   0.108 )
2479.967: I:1 (   0.026   0.026   0.026 ) T:248 (   0.048   0.085   0.100   0.108   0.108   0.108 )
2489.964: I:1 (   0.045   0.045   0.045 ) T:249 (   0.048   0.085   0.100   0.108   0.108   0.108 )
2499.964: I:1 (   0.000   0.000   0.000 ) T:250 (   0.048   0.082   0.100   0.108   0.108   0.108 )
2509.976: I:1 (   0.000   0.000   0.000 ) T:251 (   0.048   0.082   0.100   0.108   0.108   0.108 )
2519.974: I:1 (   0.008   0.008   0.008 ) T:252 (   0.048   0.082   0.100   0.108   0.108   0.108 )
2529.974: I:1 (   0.026   0.026   0.026 ) T:253 (   0.048   0.082   0.100   0.108   0.108   0.108 )
2539.974: I:1 (   0.040   0.040   0.040 ) T:254 (   0.047   0.082   0.100   0.108   0.108   0.108 )
2549.974: I:1 (   0.016   0.016   0.016 ) T:255 (   0.047   0.082   0.100   0.108   0.108   0.108 )
2559.974: I:1 (   0.000   0.000   0.000 ) T:256 (   0.047   0.082   0.100   0.108   0.108   0.108 )
2569.974: I:1 (   0.055   0.055   0.055 ) T:257 (   0.047   0.082   0.100   0.108   0.108   0.108 )
2579.970: I:1 (   0.016   0.016   0.016 ) T:258 (   0.047   0.082   0.100   0.108   0.108   0.108 )
2589.967: I:1 (   0.054   0.054   0.054 ) T:259 (   0.047   0.082   0.100   0.108   0.108   0.108 )
2599.967: I:1 (   0.003   0.003   0.003 ) T:260 (   0.047   0.081   0.100   0.108   0.108   0.108 )
2609.973: I:1 (   0.010   0.010   0.010 ) T:261 (   0.047   0.081   0.100   0.108   0.108   0.108 )
2619.974: I:1 (   0.055   0.055   0.055 ) T:262 (   0.047   0.081   0.100   0.108   0.108   0.108 )
2629.974: I:1 (   0.053   0.053   0.053 ) T:263 (   0.047   0.081   0.100   0.108   0.108   0.108 )
2639.964: I:1 (   0.043   0.043   0.043 ) T:264 (   0.047   0.081   0.100   0.108   0.108   0.108 )
2649.963: I:1 (   0.000   0.000   0.000 ) T:265 (   0.047   0.081   0.100   0.108   0.108   0.108 )
2659.976: I:1 (   0.002   0.002   0.002 ) T:266 (   0.047   0.081   0.100   0.108   0.108   0.108 )
2669.970: I:1 (   0.046   0.046   0.046 ) T:267 (   0.047   0.081   0.100   0.108   0.108   0.108 )
2679.973: I:1 (   0.034   0.034   0.034 ) T:268 (   0.046   0.081   0.100   0.108   0.108   0.108 )
2689.975: I:1 (   0.044   0.044   0.044 ) T:269 (   0.046   0.081   0.100   0.108   0.108   0.108 )
2699.969: I:1 (   0.022   0.022   0.022 ) T:270 (   0.046   0.077   0.100   0.108   0.108   0.108 )
2709.973: I:1 (   0.067   0.067   0.067 ) T:271 (   0.046   0.077   0.100   0.108   0.108   0.108 )
2719.967: I:1 (   0.066   0.066   0.066 ) T:272 (   0.046   0.077   0.100   0.108   0.108   0.108 )
2729.974: I:1 (   0.074   0.074   0.074 ) T:273 (   0.047   0.077   0.100   0.108   0.108   0.108 )
2740.019: I:1 (   0.005   0.005   0.005 ) T:274 (   0.046   0.077   0.100   0.108   0.108   0.108 )
2749.967: I:1 (   0.048   0.048   0.048 ) T:275 (   0.047   0.077   0.100   0.108   0.108   0.108 )
2759.966: I:1 (   0.015   0.015   0.015 ) T:276 (   0.046   0.077   0.100   0.108   0.108   0.108 )
2769.973: I:1 (   0.047   0.047   0.047 ) T:277 (   0.047   0.077   0.100   0.108   0.108   0.108 )
2779.964: I:1 (   0.011   0.011   0.011 ) T:278 (   0.046   0.077   0.100   0.108   0.108   0.108 )
2789.964: I:1 (   0.000   0.000   0.000 ) T:279 (   0.046   0.077   0.100   0.108   0.108   0.108 )
2799.971: I:1 (   0.000   0.000   0.000 ) T:280 (   0.046   0.077   0.100   0.108   0.108   0.108 )
2809.974: I:1 (   0.002   0.002   0.002 ) T:281 (   0.046   0.077   0.100   0.108   0.108   0.108 )
2819.965: I:1 (   0.040   0.040   0.040 ) T:282 (   0.046   0.077   0.100   0.108   0.108   0.108 )
2829.969: I:1 (   0.020   0.020   0.020 ) T:283 (   0.046   0.077   0.100   0.108   0.108   0.108 )
2839.966: I:1 (   0.045   0.045   0.045 ) T:284 (   0.046   0.077   0.100   0.108   0.108   0.108 )
2849.964: I:1 (   0.009   0.009   0.009 ) T:285 (   0.046   0.077   0.100   0.108   0.108   0.108 )
2859.974: I:1 (   0.000   0.000   0.000 ) T:286 (   0.045   0.077   0.100   0.108   0.108   0.108 )
2869.969: I:1 (   0.044   0.044   0.044 ) T:287 (   0.045   0.077   0.100   0.108   0.108   0.108 )
2879.966: I:1 (   0.055   0.055   0.055 ) T:288 (   0.045   0.077   0.100   0.108   0.108   0.108 )
2889.964: I:1 (   0.036   0.036   0.036 ) T:289 (   0.045   0.077   0.100   0.108   0.108   0.108 )
2899.964: I:1 (   0.000   0.000   0.000 ) T:290 (   0.045   0.076   0.100   0.108   0.108   0.108 )
2909.973: I:1 (   0.000   0.000   0.000 ) T:291 (   0.045   0.076   0.100   0.108   0.108   0.108 )
2919.973: I:1 (   0.010   0.010   0.010 ) T:292 (   0.045   0.076   0.100   0.108   0.108   0.108 )
2929.974: I:1 (   0.050   0.050   0.050 ) T:293 (   0.045   0.076   0.100   0.108   0.108   0.108 )
2939.974: I:1 (   0.043   0.043   0.043 ) T:294 (   0.045   0.076   0.100   0.108   0.108   0.108 )
2949.974: I:1 (   0.019   0.019   0.019 ) T:295 (   0.045   0.076   0.100   0.108   0.108   0.108 )
2959.971: I:1 (   0.050   0.050   0.050 ) T:296 (   0.045   0.076   0.100   0.108   0.108   0.108 )
2969.970: I:1 (   0.047   0.047   0.047 ) T:297 (   0.045   0.076   0.100   0.108   0.108   0.108 )
2979.974: I:1 (   0.053   0.053   0.053 ) T:298 (   0.045   0.076   0.100   0.108   0.108   0.108 )
2989.970: I:1 (   0.043   0.043   0.043 ) T:299 (   0.045   0.076   0.100   0.108   0.108   0.108 )
2999.971: I:1 (   0.021   0.021   0.021 ) T:300 (   0.045   0.076   0.099   0.108   0.108   0.108 )
3009.972: I:1 (   0.044   0.044   0.044 ) T:301 (   0.045   0.076   0.099   0.108   0.108   0.108 )
3019.972: I:1 (   0.017   0.017   0.017 ) T:302 (   0.045   0.076   0.099   0.108   0.108   0.108 )
3029.972: I:1 (   0.046   0.046   0.046 ) T:303 (   0.045   0.076   0.099   0.108   0.108   0.108 )
3039.974: I:1 (   0.050   0.050   0.050 ) T:304 (   0.045   0.076   0.099   0.108   0.108   0.108 )
3049.974: I:1 (   0.043   0.043   0.043 ) T:305 (   0.045   0.076   0.099   0.108   0.108   0.108 )
3059.971: I:1 (   0.050   0.050   0.050 ) T:306 (   0.045   0.076   0.099   0.108   0.108   0.108 )
3069.971: I:1 (   0.040   0.040   0.040 ) T:307 (   0.045   0.076   0.099   0.108   0.108   0.108 )
3079.972: I:1 (   0.045   0.045   0.045 ) T:308 (   0.045   0.076   0.099   0.108   0.108   0.108 )
3089.970: I:1 (   0.021   0.021   0.021 ) T:309 (   0.045   0.076   0.099   0.108   0.108   0.108 )
3099.974: I:1 (   0.048   0.048   0.048 ) T:310 (   0.045   0.076   0.099   0.108   0.108   0.108 )
3109.973: I:1 (   0.011   0.011   0.011 ) T:311 (   0.045   0.076   0.099   0.108   0.108   0.108 )
3119.972: I:1 (   0.041   0.041   0.041 ) T:312 (   0.045   0.076   0.099   0.108   0.108   0.108 )
3129.971: I:1 (   0.014   0.014   0.014 ) T:313 (   0.045   0.076   0.099   0.108   0.108   0.108 )
3139.971: I:1 (   0.019   0.019   0.019 ) T:314 (   0.044   0.076   0.099   0.108   0.108   0.108 )
3149.968: I:1 (   0.020   0.020   0.020 ) T:315 (   0.044   0.076   0.099   0.108   0.108   0.108 )
3159.974: I:1 (   0.050   0.050   0.050 ) T:316 (   0.044   0.076   0.099   0.108   0.108   0.108 )
3169.974: I:1 (   0.044   0.044   0.044 ) T:317 (   0.044   0.076   0.099   0.108   0.108   0.108 )
3179.971: I:1 (   0.050   0.050   0.050 ) T:318 (   0.044   0.076   0.099   0.108   0.108   0.108 )
3189.974: I:1 (   0.074   0.074   0.074 ) T:319 (   0.045   0.076   0.099   0.108   0.108   0.108 )
3199.971: I:1 (   0.026   0.026   0.026 ) T:320 (   0.044   0.075   0.099   0.108   0.108   0.108 )
3209.972: I:1 (   0.055   0.055   0.055 ) T:321 (   0.045   0.075   0.099   0.108   0.108   0.108 )
3219.970: I:1 (   0.051   0.051   0.051 ) T:322 (   0.045   0.075   0.099   0.108   0.108   0.108 )
3229.970: I:1 (   0.020   0.020   0.020 ) T:323 (   0.045   0.075   0.099   0.108   0.108   0.108 )
3239.974: I:1 (   0.047   0.047   0.047 ) T:324 (   0.045   0.075   0.099   0.108   0.108   0.108 )
3249.974: I:1 (   0.047   0.047   0.047 ) T:325 (   0.045   0.075   0.099   0.108   0.108   0.108 )
3259.984: I:1 (   0.049   0.049   0.049 ) T:326 (   0.045   0.075   0.099   0.108   0.108   0.108 )
3269.974: I:1 (   0.078   0.078   0.078 ) T:327 (   0.045   0.076   0.099   0.108   0.108   0.108 )
3279.974: I:1 (   0.025   0.025   0.025 ) T:328 (   0.045   0.076   0.099   0.108   0.108   0.108 )
3289.974: I:1 (   0.025   0.025   0.025 ) T:329 (   0.045   0.076   0.099   0.108   0.108   0.108 )
3299.974: I:1 (   0.027   0.027   0.027 ) T:330 (   0.045   0.075   0.099   0.108   0.108   0.108 )
3309.974: I:1 (   0.050   0.050   0.050 ) T:331 (   0.045   0.075   0.099   0.108   0.108   0.108 )
3319.974: I:1 (   0.049   0.049   0.049 ) T:332 (   0.045   0.075   0.099   0.108   0.108   0.108 )
3329.974: I:1 (   0.031   0.031   0.031 ) T:333 (   0.045   0.075   0.099   0.108   0.108   0.108 )
3339.974: I:1 (   0.020   0.020   0.020 ) T:334 (   0.045   0.075   0.099   0.108   0.108   0.108 )
3349.971: I:1 (   0.025   0.025   0.025 ) T:335 (   0.045   0.075   0.099   0.108   0.108   0.108 )
3359.974: I:1 (   0.026   0.026   0.026 ) T:336 (   0.044   0.075   0.099   0.108   0.108   0.108 )
3369.974: I:1 (   0.026   0.026   0.026 ) T:337 (   0.044   0.075   0.099   0.108   0.108   0.108 )
3379.974: I:1 (   0.053   0.053   0.053 ) T:338 (   0.044   0.075   0.099   0.108   0.108   0.108 )
3389.970: I:1 (   0.056   0.056   0.056 ) T:339 (   0.045   0.075   0.099   0.108   0.108   0.108 )
3399.972: I:1 (   0.087   0.087   0.087 ) T:340 (   0.045   0.075   0.099   0.108   0.108   0.108 )
3409.966: I:1 (   0.056   0.056   0.056 ) T:341 (   0.045   0.075   0.099   0.108   0.108   0.108 )
3419.974: I:1 (   0.025   0.025   0.025 ) T:342 (   0.045   0.075   0.099   0.108   0.108   0.108 )
3429.971: I:1 (   0.046   0.046   0.046 ) T:343 (   0.045   0.075   0.099   0.108   0.108   0.108 )
3439.966: I:1 (   0.029   0.029   0.029 ) T:344 (   0.045   0.075   0.099   0.108   0.108   0.108 )
3449.970: I:1 (   0.028   0.028   0.028 ) T:345 (   0.045   0.075   0.099   0.108   0.108   0.108 )
3459.974: I:1 (   0.050   0.050   0.050 ) T:346 (   0.045   0.075   0.099   0.108   0.108   0.108 )
3469.974: I:1 (   0.053   0.053   0.053 ) T:347 (   0.045   0.075   0.099   0.108   0.108   0.108 )
3479.971: I:1 (   0.047   0.047   0.047 ) T:348 (   0.045   0.075   0.099   0.108   0.108   0.108 )
3489.974: I:1 (   0.019   0.019   0.019 ) T:349 (   0.045   0.075   0.099   0.108   0.108   0.108 )
3499.970: I:1 (   0.074   0.074   0.074 ) T:350 (   0.045   0.075   0.099   0.108   0.108   0.108 )
3509.974: I:1 (   0.053   0.053   0.053 ) T:351 (   0.045   0.075   0.099   0.108   0.108   0.108 )
3519.973: I:1 (   0.096   0.096   0.096 ) T:352 (   0.045   0.075   0.099   0.108   0.108   0.108 )
3529.969: I:1 (   0.064   0.064   0.064 ) T:353 (   0.045   0.075   0.099   0.108   0.108   0.108 )
3539.971: I:1 (   0.102   0.102   0.102 ) T:354 (   0.045   0.076   0.100   0.108   0.108   0.108 )
3549.974: I:1 (   0.096   0.096   0.096 ) T:355 (   0.045   0.076   0.100   0.108   0.108   0.108 )
3559.967: I:1 (   0.069   0.069   0.069 ) T:356 (   0.045   0.076   0.100   0.108   0.108   0.108 )
3569.971: I:1 (   0.075   0.075   0.075 ) T:357 (   0.046   0.076   0.100   0.108   0.108   0.108 )
3579.969: I:1 (   0.095   0.095   0.095 ) T:358 (   0.046   0.076   0.100   0.108   0.108   0.108 )
3589.974: I:1 (   0.069   0.069   0.069 ) T:359 (   0.046   0.076   0.100   0.108   0.108   0.108 )
3599.968: I:1 (   0.103   0.103   0.103 ) T:360 (   0.046   0.076   0.102   0.108   0.108   0.108 )
3609.973: I:1 (   0.034   0.034   0.034 ) T:361 (   0.046   0.076   0.102   0.108   0.108   0.108 )
3619.970: I:1 (   0.070   0.070   0.070 ) T:362 (   0.046   0.076   0.102   0.108   0.108   0.108 )
3629.967: I:1 (   0.094   0.094   0.094 ) T:363 (   0.046   0.077   0.102   0.108   0.108   0.108 )
3639.974: I:1 (   0.072   0.072   0.072 ) T:364 (   0.046   0.077   0.102   0.108   0.108   0.108 )
3649.974: I:1 (   0.097   0.097   0.097 ) T:365 (   0.046   0.077   0.102   0.108   0.108   0.108 )
3659.968: I:1 (   0.034   0.034   0.034 ) T:366 (   0.046   0.077   0.102   0.108   0.108   0.108 )
3669.967: I:1 (   0.100   0.100   0.100 ) T:367 (   0.046   0.078   0.102   0.108   0.108   0.108 )
3679.969: I:1 (   0.073   0.073   0.073 ) T:368 (   0.046   0.078   0.102   0.108   0.108   0.108 )
3689.970: I:1 (   0.071   0.071   0.071 ) T:369 (   0.046   0.078   0.102   0.108   0.108   0.108 )
3699.973: I:1 (   0.105   0.105   0.105 ) T:370 (   0.046   0.078   0.103   0.108   0.108   0.108 )
3709.974: I:1 (   0.073   0.073   0.073 ) T:371 (   0.046   0.078   0.103   0.108   0.108   0.108 )
3719.966: I:1 (   0.071   0.071   0.071 ) T:372 (   0.046   0.078   0.103   0.108   0.108   0.108 )
3729.973: I:1 (   0.071   0.071   0.071 ) T:373 (   0.047   0.078   0.103   0.108   0.108   0.108 )
3739.973: I:1 (   0.101   0.101   0.101 ) T:374 (   0.047   0.081   0.103   0.108   0.108   0.108 )
3749.972: I:1 (   0.046   0.046   0.046 ) T:375 (   0.047   0.081   0.103   0.108   0.108   0.108 )
3759.968: I:1 (   0.023   0.023   0.023 ) T:376 (   0.046   0.081   0.103   0.108   0.108   0.108 )
3769.974: I:1 (   0.077   0.077   0.077 ) T:377 (   0.047   0.081   0.103   0.108   0.108   0.108 )
3779.966: I:1 (   0.103   0.103   0.103 ) T:378 (   0.047   0.082   0.103   0.108   0.108   0.108 )
3789.975: I:1 (   0.043   0.043   0.043 ) T:379 (   0.047   0.082   0.103   0.108   0.108   0.108 )
3799.972: I:1 (   0.022   0.022   0.022 ) T:380 (   0.046   0.081   0.103   0.108   0.108   0.108 )
3809.973: I:1 (   0.101   0.101   0.101 ) T:381 (   0.047   0.082   0.103   0.108   0.108   0.108 )
3819.964: I:1 (   0.081   0.081   0.081 ) T:382 (   0.047   0.082   0.103   0.108   0.108   0.108 )
3829.964: I:1 (   0.000   0.000   0.000 ) T:383 (   0.047   0.082   0.103   0.108   0.108   0.108 )
3839.970: I:1 (   0.000   0.000   0.000 ) T:384 (   0.046   0.082   0.103   0.108   0.108   0.108 )
3849.971: I:1 (   0.062   0.062   0.062 ) T:385 (   0.047   0.082   0.103   0.108   0.108   0.108 )
3859.970: I:1 (   0.068   0.068   0.068 ) T:386 (   0.047   0.082   0.103   0.108   0.108   0.108 )
3869.973: I:1 (   0.087   0.087   0.087 ) T:387 (   0.047   0.085   0.103   0.108   0.108   0.108 )
3879.974: I:1 (   0.030   0.030   0.030 ) T:388 (   0.047   0.085   0.103   0.108   0.108   0.108 )
3889.973: I:1 (   0.071   0.071   0.071 ) T:389 (   0.047   0.085   0.103   0.108   0.108   0.108 )
3899.970: I:1 (   0.068   0.068   0.068 ) T:390 (   0.047   0.082   0.103   0.108   0.108   0.108 )
3909.974: I:1 (   0.101   0.101   0.101 ) T:391 (   0.047   0.085   0.103   0.108   0.108   0.108 )
3919.968: I:1 (   0.078   0.078   0.078 ) T:392 (   0.047   0.085   0.103   0.108   0.108   0.108 )
3929.975: I:1 (   0.078   0.078   0.078 ) T:393 (   0.047   0.085   0.103   0.108   0.108   0.108 )
3939.972: I:1 (   0.109   0.109   0.109 ) T:394 (   0.047   0.087   0.105   0.109   0.109   0.109 )
3949.967: I:1 (   0.075   0.075   0.075 ) T:395 (   0.047   0.087   0.105   0.109   0.109   0.109 )
3959.968: I:1 (   0.075   0.075   0.075 ) T:396 (   0.047   0.087   0.105   0.109   0.109   0.109 )
3969.969: I:1 (   0.066   0.066   0.066 ) T:397 (   0.047   0.087   0.105   0.109   0.109   0.109 )
3979.973: I:1 (   0.073   0.073   0.073 ) T:398 (   0.047   0.087   0.105   0.109   0.109   0.109 )
3989.972: I:1 (   0.076   0.076   0.076 ) T:399 (   0.047   0.087   0.105   0.109   0.109   0.109 )
3999.972: I:1 (   0.069   0.069   0.069 ) T:400 (   0.047   0.085   0.103   0.109   0.109   0.109 )
4009.973: I:1 (   0.029   0.029   0.029 ) T:401 (   0.047   0.085   0.103   0.109   0.109   0.109 )
4019.973: I:1 (   0.075   0.075   0.075 ) T:402 (   0.047   0.085   0.103   0.109   0.109   0.109 )
4029.974: I:1 (   0.065   0.065   0.065 ) T:403 (   0.047   0.085   0.103   0.109   0.109   0.109 )
4039.967: I:1 (   0.068   0.068   0.068 ) T:404 (   0.047   0.085   0.103   0.109   0.109   0.109 )
4049.973: I:1 (   0.108   0.108   0.108 ) T:405 (   0.048   0.087   0.105   0.109   0.109   0.109 )
4059.972: I:1 (   0.042   0.042   0.042 ) T:406 (   0.047   0.087   0.105   0.109   0.109   0.109 )
4069.974: I:1 (   0.047   0.047   0.047 ) T:407 (   0.047   0.087   0.105   0.109   0.109   0.109 )
4079.970: I:1 (   0.042   0.042   0.042 ) T:408 (   0.047   0.087   0.105   0.109   0.109   0.109 )
4089.970: I:1 (   0.074   0.074   0.074 ) T:409 (   0.047   0.087   0.105   0.109   0.109   0.109 )
4099.967: I:1 (   0.075   0.075   0.075 ) T:410 (   0.047   0.085   0.105   0.109   0.109   0.109 )
4109.972: I:1 (   0.102   0.102   0.102 ) T:411 (   0.048   0.087   0.105   0.109   0.109   0.109 )
4119.971: I:1 (   0.079   0.079   0.079 ) T:412 (   0.048   0.087   0.105   0.109   0.109   0.109 )
4129.969: I:1 (   0.077   0.077   0.077 ) T:413 (   0.048   0.087   0.105   0.109   0.109   0.109 )
4139.973: I:1 (   0.065   0.065   0.065 ) T:414 (   0.048   0.087   0.105   0.109   0.109   0.109 )
4149.970: I:1 (   0.036   0.036   0.036 ) T:415 (   0.048   0.087   0.105   0.109   0.109   0.109 )
4159.970: I:1 (   0.105   0.105   0.105 ) T:416 (   0.048   0.087   0.105   0.109   0.109   0.109 )
4169.974: I:1 (   0.047   0.047   0.047 ) T:417 (   0.048   0.087   0.105   0.109   0.109   0.109 )
4179.974: I:1 (   0.076   0.076   0.076 ) T:418 (   0.048   0.087   0.105   0.109   0.109   0.109 )
4189.974: I:1 (   0.076   0.076   0.076 ) T:419 (   0.048   0.087   0.105   0.109   0.109   0.109 )
4199.971: I:1 (   0.071   0.071   0.071 ) T:420 (   0.048   0.087   0.105   0.109   0.109   0.109 )
4209.974: I:1 (   0.074   0.074   0.074 ) T:421 (   0.048   0.087   0.105   0.109   0.109   0.109 )
4219.969: I:1 (   0.063   0.063   0.063 ) T:422 (   0.048   0.087   0.105   0.109   0.109   0.109 )
4229.970: I:1 (   0.074   0.074   0.074 ) T:423 (   0.048   0.087   0.105   0.109   0.109   0.109 )
4239.975: I:1 (   0.070   0.070   0.070 ) T:424 (   0.048   0.087   0.105   0.109   0.109   0.109 )
4249.971: I:1 (   0.077   0.077   0.077 ) T:425 (   0.048   0.087   0.105   0.109   0.109   0.109 )
4259.971: I:1 (   0.065   0.065   0.065 ) T:426 (   0.048   0.087   0.105   0.109   0.109   0.109 )
4269.969: I:1 (   0.082   0.082   0.082 ) T:427 (   0.049   0.087   0.105   0.109   0.109   0.109 )
4279.969: I:1 (   0.075   0.075   0.075 ) T:428 (   0.049   0.087   0.105   0.109   0.109   0.109 )
4289.973: I:1 (   0.027   0.027   0.027 ) T:429 (   0.049   0.087   0.105   0.109   0.109   0.109 )
4299.972: I:1 (   0.075   0.075   0.075 ) T:430 (   0.049   0.085   0.105   0.109   0.109   0.109 )
4309.971: I:1 (   0.076   0.076   0.076 ) T:431 (   0.049   0.085   0.105   0.109   0.109   0.109 )
4319.969: I:1 (   0.077   0.077   0.077 ) T:432 (   0.049   0.085   0.105   0.109   0.109   0.109 )
4329.969: I:1 (   0.055   0.055   0.055 ) T:433 (   0.049   0.085   0.105   0.109   0.109   0.109 )
4339.971: I:1 (   0.077   0.077   0.077 ) T:434 (   0.049   0.085   0.105   0.109   0.109   0.109 )
4349.970: I:1 (   0.076   0.076   0.076 ) T:435 (   0.050   0.085   0.105   0.109   0.109   0.109 )
4359.976: I:1 (   0.075   0.075   0.075 ) T:436 (   0.050   0.085   0.105   0.109   0.109   0.109 )
4369.972: I:1 (   0.012   0.012   0.012 ) T:437 (   0.050   0.085   0.105   0.109   0.109   0.109 )
4379.972: I:1 (   0.083   0.083   0.083 ) T:438 (   0.050   0.085   0.105   0.109   0.109   0.109 )
4389.969: I:1 (   0.069   0.069   0.069 ) T:439 (   0.050   0.085   0.105   0.109   0.109   0.109 )
4399.968: I:1 (   0.076   0.076   0.076 ) T:440 (   0.050   0.083   0.105   0.109   0.109   0.109 )
4409.970: I:1 (   0.046   0.046   0.046 ) T:441 (   0.050   0.083   0.105   0.109   0.109   0.109 )
4419.967: I:1 (   0.039   0.039   0.039 ) T:442 (   0.050   0.083   0.105   0.109   0.109   0.109 )
4429.973: I:1 (   0.085   0.085   0.085 ) T:443 (   0.050   0.085   0.105   0.109   0.109   0.109 )
4439.973: I:1 (   0.080   0.080   0.080 ) T:444 (   0.050   0.085   0.105   0.109   0.109   0.109 )
4449.974: I:1 (   0.044   0.044   0.044 ) T:445 (   0.050   0.085   0.105   0.109   0.109   0.109 )
4459.968: I:1 (   0.042   0.042   0.042 ) T:446 (   0.050   0.085   0.105   0.109   0.109   0.109 )
4469.969: I:1 (   0.111   0.111   0.111 ) T:447 (   0.050   0.085   0.108   0.111   0.111   0.111 )
4479.967: I:1 (   0.078   0.078   0.078 ) T:448 (   0.050   0.085   0.108   0.111   0.111   0.111 )
4489.973: I:1 (   0.054   0.054   0.054 ) T:449 (   0.050   0.085   0.108   0.111   0.111   0.111 )
4499.969: I:1 (   0.039   0.039   0.039 ) T:450 (   0.050   0.085   0.108   0.111   0.111   0.111 )
4509.974: I:1 (   0.105   0.105   0.105 ) T:451 (   0.050   0.085   0.108   0.111   0.111   0.111 )
4519.974: I:1 (   0.080   0.080   0.080 ) T:452 (   0.050   0.085   0.108   0.111   0.111   0.111 )
4529.970: I:1 (   0.064   0.064   0.064 ) T:453 (   0.050   0.085   0.108   0.111   0.111   0.111 )
4539.987: I:1 (   0.021   0.021   0.021 ) T:454 (   0.050   0.085   0.108   0.111   0.111   0.111 )
4549.969: I:1 (   0.075   0.075   0.075 ) T:455 (   0.050   0.085   0.108   0.111   0.111   0.111 )
4559.970: I:1 (   0.045   0.045   0.045 ) T:456 (   0.050   0.085   0.108   0.111   0.111   0.111 )
4569.970: I:1 (   0.079   0.079   0.079 ) T:457 (   0.050   0.085   0.108   0.111   0.111   0.111 )
4579.967: I:1 (   0.041   0.041   0.041 ) T:458 (   0.050   0.085   0.108   0.111   0.111   0.111 )
4589.973: I:1 (   0.072   0.072   0.072 ) T:459 (   0.050   0.085   0.108   0.111   0.111   0.111 )
4599.973: I:1 (   0.080   0.080   0.080 ) T:460 (   0.050   0.085   0.108   0.111   0.111   0.111 )
4609.973: I:1 (   0.079   0.079   0.079 ) T:461 (   0.050   0.085   0.108   0.111   0.111   0.111 )
4619.967: I:1 (   0.045   0.045   0.045 ) T:462 (   0.050   0.085   0.108   0.111   0.111   0.111 )
4629.973: I:1 (   0.041   0.041   0.041 ) T:463 (   0.050   0.085   0.108   0.111   0.111   0.111 )
4639.970: I:1 (   0.077   0.077   0.077 ) T:464 (   0.050   0.085   0.108   0.111   0.111   0.111 )
4649.973: I:1 (   0.105   0.105   0.105 ) T:465 (   0.050   0.085   0.108   0.111   0.111   0.111 )
4659.973: I:1 (   0.026   0.026   0.026 ) T:466 (   0.050   0.085   0.108   0.111   0.111   0.111 )
4669.974: I:1 (   0.078   0.078   0.078 ) T:467 (   0.050   0.085   0.108   0.111   0.111   0.111 )
4679.968: I:1 (   0.113   0.113   0.113 ) T:468 (   0.050   0.087   0.108   0.113   0.113   0.113 )
4689.973: I:1 (   0.037   0.037   0.037 ) T:469 (   0.050   0.087   0.108   0.113   0.113   0.113 )
4699.972: I:1 (   0.036   0.036   0.036 ) T:470 (   0.050   0.085   0.108   0.113   0.113   0.113 )
4709.974: I:1 (   0.053   0.053   0.053 ) T:471 (   0.050   0.085   0.108   0.113   0.113   0.113 )
4719.971: I:1 (   0.044   0.044   0.044 ) T:472 (   0.050   0.085   0.108   0.113   0.113   0.113 )
4729.972: I:1 (   0.070   0.070   0.070 ) T:473 (   0.050   0.085   0.108   0.113   0.113   0.113 )
4739.972: I:1 (   0.037   0.037   0.037 ) T:474 (   0.050   0.085   0.108   0.113   0.113   0.113 )
4749.964: I:1 (   0.049   0.049   0.049 ) T:475 (   0.050   0.085   0.108   0.113   0.113   0.113 )
4759.964: I:1 (   0.002   0.002   0.002 ) T:476 (   0.050   0.085   0.108   0.113   0.113   0.113 )
4769.974: I:1 (   0.000   0.000   0.000 ) T:477 (   0.050   0.085   0.108   0.113   0.113   0.113 )
4779.971: I:1 (   0.029   0.029   0.029 ) T:478 (   0.050   0.085   0.108   0.113   0.113   0.113 )
4789.971: I:1 (   0.074   0.074   0.074 ) T:479 (   0.050   0.085   0.108   0.113   0.113   0.113 )
4799.970: I:1 (   0.083   0.083   0.083 ) T:480 (   0.050   0.085   0.108   0.113   0.113   0.113 )
4809.970: I:1 (   0.079   0.079   0.079 ) T:481 (   0.050   0.085   0.108   0.113   0.113   0.113 )
4819.970: I:1 (   0.078   0.078   0.078 ) T:482 (   0.050   0.085   0.108   0.113   0.113   0.113 )
4829.970: I:1 (   0.070   0.070   0.070 ) T:483 (   0.050   0.085   0.108   0.113   0.113   0.113 )
4839.972: I:1 (   0.041   0.041   0.041 ) T:484 (   0.050   0.085   0.108   0.113   0.113   0.113 )
4849.969: I:1 (   0.075   0.075   0.075 ) T:485 (   0.050   0.085   0.108   0.113   0.113   0.113 )
4859.970: I:1 (   0.070   0.070   0.070 ) T:486 (   0.050   0.085   0.108   0.113   0.113   0.113 )
4869.970: I:1 (   0.075   0.075   0.075 ) T:487 (   0.050   0.085   0.108   0.113   0.113   0.113 )
4879.970: I:1 (   0.082   0.082   0.082 ) T:488 (   0.050   0.085   0.108   0.113   0.113   0.113 )
4889.971: I:1 (   0.074   0.074   0.074 ) T:489 (   0.050   0.085   0.108   0.113   0.113   0.113 )
4899.971: I:1 (   0.040   0.040   0.040 ) T:490 (   0.050   0.083   0.108   0.113   0.113   0.113 )
4909.971: I:1 (   0.122   0.122   0.122 ) T:491 (   0.050   0.085   0.108   0.122   0.122   0.122 )
4919.972: I:1 (   0.071   0.071   0.071 ) T:492 (   0.050   0.085   0.108   0.122   0.122   0.122 )
4929.967: I:1 (   0.043   0.043   0.043 ) T:493 (   0.050   0.085   0.108   0.122   0.122   0.122 )
4939.973: I:1 (   0.072   0.072   0.072 ) T:494 (   0.050   0.085   0.108   0.122   0.122   0.122 )
4949.970: I:1 (   0.082   0.082   0.082 ) T:495 (   0.050   0.085   0.108   0.122   0.122   0.122 )
4959.973: I:1 (   0.092   0.092   0.092 ) T:496 (   0.050   0.085   0.108   0.122   0.122   0.122 )
4969.972: I:1 (   0.080   0.080   0.080 ) T:497 (   0.050   0.085   0.108   0.122   0.122   0.122 )
4979.975: I:1 (   0.074   0.074   0.074 ) T:498 (   0.050   0.085   0.108   0.122   0.122   0.122 )
4989.974: I:1 (   0.075   0.075   0.075 ) T:499 (   0.050   0.085   0.108   0.122   0.122   0.122 )
4999.973: I:1 (   0.083   0.083   0.083 ) T:500 (   0.050   0.085   0.108   0.122   0.122   0.122 )
5009.966: I:1 (   0.077   0.077   0.077 ) T:501 (   0.051   0.085   0.108   0.122   0.122   0.122 )
5019.966: I:1 (   0.077   0.077   0.077 ) T:502 (   0.051   0.085   0.108   0.122   0.122   0.122 )
5029.968: I:1 (   0.078   0.078   0.078 ) T:503 (   0.051   0.085   0.108   0.122   0.122   0.122 )
5039.967: I:1 (   0.084   0.084   0.084 ) T:504 (   0.051   0.085   0.108   0.122   0.122   0.122 )
5049.965: I:1 (   0.080   0.080   0.080 ) T:505 (   0.052   0.085   0.108   0.122   0.122   0.122 )
5059.967: I:1 (   0.073   0.073   0.073 ) T:506 (   0.052   0.085   0.108   0.122   0.122   0.122 )
5069.969: I:1 (   0.081   0.081   0.081 ) T:507 (   0.052   0.085   0.108   0.122   0.122   0.122 )
5079.973: I:1 (   0.074   0.074   0.074 ) T:508 (   0.052   0.085   0.108   0.122   0.122   0.122 )
5089.974: I:1 (   0.088   0.088   0.088 ) T:509 (   0.053   0.085   0.108   0.122   0.122   0.122 )
5099.970: I:1 (   0.032   0.032   0.032 ) T:510 (   0.052   0.085   0.108   0.122   0.122   0.122 )
5109.971: I:1 (   0.042   0.042   0.042 ) T:511 (   0.052   0.085   0.108   0.122   0.122   0.122 )
5119.972: I:1 (   0.084   0.084   0.084 ) T:512 (   0.052   0.085   0.108   0.122   0.122   0.122 )
5129.972: I:1 (   0.086   0.086   0.086 ) T:513 (   0.053   0.085   0.108   0.122   0.122   0.122 )
5139.968: I:1 (   0.080   0.080   0.080 ) T:514 (   0.053   0.085   0.108   0.122   0.122   0.122 )
5149.972: I:1 (   0.083   0.083   0.083 ) T:515 (   0.053   0.085   0.108   0.122   0.122   0.122 )
5159.972: I:1 (   0.080   0.080   0.080 ) T:516 (   0.053   0.085   0.108   0.122   0.122   0.122 )
5169.975: I:1 (   0.070   0.070   0.070 ) T:517 (   0.053   0.085   0.108   0.122   0.122   0.122 )
5179.965: I:1 (   0.072   0.072   0.072 ) T:518 (   0.053   0.085   0.108   0.122   0.122   0.122 )
5189.966: I:1 (   0.116   0.116   0.116 ) T:519 (   0.053   0.086   0.108   0.122   0.122   0.122 )
5199.973: I:1 (   0.049   0.049   0.049 ) T:520 (   0.053   0.085   0.108   0.122   0.122   0.122 )
5209.970: I:1 (   0.059   0.059   0.059 ) T:521 (   0.053   0.085   0.108   0.122   0.122   0.122 )
5219.968: I:1 (   0.045   0.045   0.045 ) T:522 (   0.053   0.085   0.108   0.122   0.122   0.122 )
5229.969: I:1 (   0.078   0.078   0.078 ) T:523 (   0.053   0.085   0.108   0.122   0.122   0.122 )
5239.975: I:1 (   0.085   0.085   0.085 ) T:524 (   0.053   0.085   0.108   0.122   0.122   0.122 )
5249.969: I:1 (   0.061   0.061   0.061 ) T:525 (   0.053   0.085   0.108   0.122   0.122   0.122 )
5259.969: I:1 (   0.080   0.080   0.080 ) T:526 (   0.053   0.085   0.108   0.122   0.122   0.122 )
5269.973: I:1 (   0.085   0.085   0.085 ) T:527 (   0.053   0.085   0.108   0.122   0.122   0.122 )
5279.973: I:1 (   0.074   0.074   0.074 ) T:528 (   0.053   0.085   0.108   0.122   0.122   0.122 )
5289.976: I:1 (   0.057   0.057   0.057 ) T:529 (   0.053   0.085   0.108   0.122   0.122   0.122 )
5299.973: I:1 (   0.083   0.083   0.083 ) T:530 (   0.053   0.085   0.108   0.122   0.122   0.122 )
5309.973: I:1 (   0.087   0.087   0.087 ) T:531 (   0.053   0.085   0.108   0.122   0.122   0.122 )
5319.967: I:1 (   0.087   0.087   0.087 ) T:532 (   0.053   0.086   0.108   0.122   0.122   0.122 )
5329.973: I:1 (   0.063   0.063   0.063 ) T:533 (   0.054   0.086   0.108   0.122   0.122   0.122 )
5339.966: I:1 (   0.030   0.030   0.030 ) T:534 (   0.053   0.086   0.108   0.122   0.122   0.122 )
5349.968: I:1 (   0.082   0.082   0.082 ) T:535 (   0.054   0.086   0.108   0.122   0.122   0.122 )
5359.965: I:1 (   0.083   0.083   0.083 ) T:536 (   0.054   0.086   0.108   0.122   0.122   0.122 )
5369.967: I:1 (   0.073   0.073   0.073 ) T:537 (   0.054   0.086   0.108   0.122   0.122   0.122 )
5379.966: I:1 (   0.015   0.015   0.015 ) T:538 (   0.054   0.086   0.108   0.122   0.122   0.122 )
5389.972: I:1 (   0.088   0.088   0.088 ) T:539 (   0.054   0.087   0.108   0.122   0.122   0.122 )
5399.968: I:1 (   0.080   0.080   0.080 ) T:540 (   0.054   0.086   0.108   0.122   0.122   0.122 )
5409.967: I:1 (   0.082   0.082   0.082 ) T:541 (   0.055   0.086   0.108   0.122   0.122   0.122 )
5419.972: I:1 (   0.007   0.007   0.007 ) T:542 (   0.054   0.086   0.108   0.122   0.122   0.122 )
5429.972: I:1 (   0.085   0.085   0.085 ) T:543 (   0.055   0.086   0.108   0.122   0.122   0.122 )
5439.973: I:1 (   0.087   0.087   0.087 ) T:544 (   0.055   0.087   0.108   0.122   0.122   0.122 )
5449.973: I:1 (   0.089   0.089   0.089 ) T:545 (   0.055   0.087   0.108   0.122   0.122   0.122 )
5459.972: I:1 (   0.020   0.020   0.020 ) T:546 (   0.055   0.087   0.108   0.122   0.122   0.122 )
5469.971: I:1 (   0.064   0.064   0.064 ) T:547 (   0.055   0.087   0.108   0.122   0.122   0.122 )
5479.972: I:1 (   0.080   0.080   0.080 ) T:548 (   0.055   0.087   0.108   0.122   0.122   0.122 )
5489.973: I:1 (   0.084   0.084   0.084 ) T:549 (   0.055   0.087   0.108   0.122   0.122   0.122 )
5499.967: I:1 (   0.036   0.036   0.036 ) T:550 (   0.055   0.087   0.108   0.122   0.122   0.122 )
5509.971: I:1 (   0.064   0.064   0.064 ) T:551 (   0.055   0.087   0.108   0.122   0.122   0.122 )
5519.974: I:1 (   0.030   0.030   0.030 ) T:552 (   0.055   0.087   0.108   0.122   0.122   0.122 )
5529.966: I:1 (   0.037   0.037   0.037 ) T:553 (   0.055   0.087   0.108   0.122   0.122   0.122 )
5539.975: I:1 (   0.123   0.123   0.123 ) T:554 (   0.055   0.087   0.109   0.123   0.123   0.123 )
5549.968: I:1 (   0.007   0.007   0.007 ) T:555 (   0.055   0.087   0.109   0.123   0.123   0.123 )
5559.970: I:1 (   0.083   0.083   0.083 ) T:556 (   0.055   0.087   0.109   0.123   0.123   0.123 )
5569.975: I:1 (   0.114   0.114   0.114 ) T:557 (   0.055   0.087   0.111   0.123   0.123   0.123 )
5579.965: I:1 (   0.082   0.082   0.082 ) T:558 (   0.055   0.087   0.111   0.123   0.123   0.123 )
5589.972: I:1 (   0.016   0.016   0.016 ) T:559 (   0.055   0.087   0.111   0.123   0.123   0.123 )
5599.971: I:1 (   0.080   0.080   0.080 ) T:560 (   0.055   0.087   0.111   0.123   0.123   0.123 )
5609.977: I:1 (   0.083   0.083   0.083 ) T:561 (   0.055   0.087   0.111   0.123   0.123   0.123 )
5619.973: I:1 (   0.117   0.117   0.117 ) T:562 (   0.055   0.087   0.113   0.123   0.123   0.123 )
5629.975: I:1 (   0.035   0.035   0.035 ) T:563 (   0.055   0.087   0.113   0.123   0.123   0.123 )
5639.969: I:1 (   0.051   0.051   0.051 ) T:564 (   0.055   0.087   0.113   0.123   0.123   0.123 )
5649.974: I:1 (   0.080   0.080   0.080 ) T:565 (   0.055   0.087   0.113   0.123   0.123   0.123 )
5660.092: I:1 (   0.083   0.083   0.083 ) T:566 (   0.055   0.087   0.113   0.123   0.123   0.123 )
5669.970: I:1 (   0.120   0.120   0.120 ) T:567 (   0.055   0.087   0.114   0.123   0.123   0.123 )
5679.964: I:1 (   0.013   0.013   0.013 ) T:568 (   0.055   0.087   0.114   0.123   0.123   0.123 )
5689.964: I:1 (   0.000   0.000   0.000 ) T:569 (   0.055   0.087   0.114   0.123   0.123   0.123 )
5699.974: I:1 (   0.000   0.000   0.000 ) T:570 (   0.055   0.087   0.114   0.123   0.123   0.123 )
5709.974: I:1 (   0.079   0.079   0.079 ) T:571 (   0.055   0.087   0.114   0.123   0.123   0.123 )
5719.970: I:1 (   0.111   0.111   0.111 ) T:572 (   0.055   0.087   0.114   0.123   0.123   0.123 )
5729.971: I:1 (   0.047   0.047   0.047 ) T:573 (   0.055   0.087   0.114   0.123   0.123   0.123 )
5739.971: I:1 (   0.079   0.079   0.079 ) T:574 (   0.055   0.087   0.114   0.123   0.123   0.123 )
5749.972: I:1 (   0.068   0.068   0.068 ) T:575 (   0.055   0.087   0.114   0.123   0.123   0.123 )
5759.969: I:1 (   0.081   0.081   0.081 ) T:576 (   0.055   0.087   0.114   0.123   0.123   0.123 )
5769.973: I:1 (   0.083   0.083   0.083 ) T:577 (   0.055   0.087   0.114   0.123   0.123   0.123 )
5779.972: I:1 (   0.083   0.083   0.083 ) T:578 (   0.055   0.087   0.114   0.123   0.123   0.123 )
5789.971: I:1 (   0.064   0.064   0.064 ) T:579 (   0.055   0.087   0.114   0.123   0.123   0.123 )
5799.970: I:1 (   0.045   0.045   0.045 ) T:580 (   0.055   0.087   0.114   0.123   0.123   0.123 )
5809.971: I:1 (   0.078   0.078   0.078 ) T:581 (   0.055   0.087   0.114   0.123   0.123   0.123 )
5819.969: I:1 (   0.109   0.109   0.109 ) T:582 (   0.055   0.087   0.114   0.123   0.123   0.123 )
5829.970: I:1 (   0.085   0.085   0.085 ) T:583 (   0.055   0.087   0.114   0.123   0.123   0.123 )
5839.972: I:1 (   0.082   0.082   0.082 ) T:584 (   0.055   0.087   0.114   0.123   0.123   0.123 )
5849.974: I:1 (   0.069   0.069   0.069 ) T:585 (   0.056   0.087   0.114   0.123   0.123   0.123 )
5859.972: I:1 (   0.084   0.084   0.084 ) T:586 (   0.056   0.087   0.114   0.123   0.123   0.123 )
5869.970: I:1 (   0.082   0.082   0.082 ) T:587 (   0.056   0.087   0.114   0.123   0.123   0.123 )
5879.974: I:1 (   0.083   0.083   0.083 ) T:588 (   0.056   0.087   0.114   0.123   0.123   0.123 )
5889.974: I:1 (   0.079   0.079   0.079 ) T:589 (   0.057   0.087   0.114   0.123   0.123   0.123 )
5899.970: I:1 (   0.084   0.084   0.084 ) T:590 (   0.057   0.087   0.114   0.123   0.123   0.123 )
5909.970: I:1 (   0.087   0.087   0.087 ) T:591 (   0.058   0.087   0.114   0.123   0.123   0.123 )
5919.973: I:1 (   0.092   0.092   0.092 ) T:592 (   0.058   0.087   0.114   0.123   0.123   0.123 )
5929.972: I:1 (   0.081   0.081   0.081 ) T:593 (   0.058   0.087   0.114   0.123   0.123   0.123 )
5939.971: I:1 (   0.081   0.081   0.081 ) T:594 (   0.058   0.087   0.114   0.123   0.123   0.123 )
5949.969: I:1 (   0.047   0.047   0.047 ) T:595 (   0.058   0.087   0.114   0.123   0.123   0.123 )
5959.970: I:1 (   0.082   0.082   0.082 ) T:596 (   0.058   0.087   0.114   0.123   0.123   0.123 )
5969.970: I:1 (   0.118   0.118   0.118 ) T:597 (   0.058   0.087   0.116   0.123   0.123   0.123 )
5979.970: I:1 (   0.047   0.047   0.047 ) T:598 (   0.058   0.087   0.116   0.123   0.123   0.123 )
5989.973: I:1 (   0.084   0.084   0.084 ) T:599 (   0.058   0.087   0.116   0.123   0.123   0.123 )
5999.969: I:1 (   0.075   0.075   0.075 ) T:600 (   0.058   0.087   0.114   0.123   0.123   0.123 )
6009.972: I:1 (   0.080   0.080   0.080 ) T:601 (   0.059   0.087   0.114   0.123   0.123   0.123 )
6019.971: I:1 (   0.079   0.079   0.079 ) T:602 (   0.059   0.087   0.114   0.123   0.123   0.123 )
6029.965: I:1 (   0.083   0.083   0.083 ) T:603 (   0.059   0.087   0.114   0.123   0.123   0.123 )
6039.975: I:1 (   0.073   0.073   0.073 ) T:604 (   0.059   0.087   0.114   0.123   0.123   0.123 )
6049.971: I:1 (   0.092   0.092   0.092 ) T:605 (   0.059   0.087   0.114   0.123   0.123   0.123 )
6059.974: I:1 (   0.083   0.083   0.083 ) T:606 (   0.059   0.087   0.114   0.123   0.123   0.123 )
6069.974: I:1 (   0.084   0.084   0.084 ) T:607 (   0.059   0.087   0.114   0.123   0.123   0.123 )
6079.971: I:1 (   0.080   0.080   0.080 ) T:608 (   0.059   0.087   0.114   0.123   0.123   0.123 )
6089.972: I:1 (   0.082   0.082   0.082 ) T:609 (   0.059   0.087   0.114   0.123   0.123   0.123 )
6099.967: I:1 (   0.048   0.048   0.048 ) T:610 (   0.059   0.087   0.114   0.123   0.123   0.123 )
6109.970: I:1 (   0.067   0.067   0.067 ) T:611 (   0.059   0.087   0.114   0.123   0.123   0.123 )
6119.972: I:1 (   0.082   0.082   0.082 ) T:612 (   0.059   0.087   0.114   0.123   0.123   0.123 )
6129.965: I:1 (   0.083   0.083   0.083 ) T:613 (   0.059   0.087   0.114   0.123   0.123   0.123 )
6139.975: I:1 (   0.083   0.083   0.083 ) T:614 (   0.059   0.087   0.114   0.123   0.123   0.123 )
6149.974: I:1 (   0.027   0.027   0.027 ) T:615 (   0.059   0.087   0.114   0.123   0.123   0.123 )
6159.970: I:1 (   0.093   0.093   0.093 ) T:616 (   0.059   0.087   0.114   0.123   0.123   0.123 )
6169.974: I:1 (   0.081   0.081   0.081 ) T:617 (   0.060   0.087   0.114   0.123   0.123   0.123 )
6179.976: I:1 (   0.085   0.085   0.085 ) T:618 (   0.060   0.087   0.114   0.123   0.123   0.123 )
6189.969: I:1 (   0.025   0.025   0.025 ) T:619 (   0.060   0.087   0.114   0.123   0.123   0.123 )
6199.971: I:1 (   0.077   0.077   0.077 ) T:620 (   0.060   0.087   0.114   0.123   0.123   0.123 )
6209.973: I:1 (   0.087   0.087   0.087 ) T:621 (   0.060   0.087   0.114   0.123   0.123   0.123 )
6219.975: I:1 (   0.036   0.036   0.036 ) T:622 (   0.060   0.087   0.114   0.123   0.123   0.123 )
6229.974: I:1 (   0.056   0.056   0.056 ) T:623 (   0.060   0.087   0.114   0.123   0.123   0.123 )
6239.970: I:1 (   0.091   0.091   0.091 ) T:624 (   0.060   0.087   0.114   0.123   0.123   0.123 )
6249.974: I:1 (   0.078   0.078   0.078 ) T:625 (   0.060   0.087   0.114   0.123   0.123   0.123 )
6259.966: I:1 (   0.082   0.082   0.082 ) T:626 (   0.060   0.087   0.114   0.123   0.123   0.123 )
6269.972: I:1 (   0.061   0.061   0.061 ) T:627 (   0.060   0.087   0.114   0.123   0.123   0.123 )
6279.972: I:1 (   0.037   0.037   0.037 ) T:628 (   0.060   0.087   0.114   0.123   0.123   0.123 )
6289.969: I:1 (   0.083   0.083   0.083 ) T:629 (   0.060   0.087   0.114   0.123   0.123   0.123 )
6299.973: I:1 (   0.083   0.083   0.083 ) T:630 (   0.060   0.087   0.114   0.123   0.123   0.123 )
6309.974: I:1 (   0.071   0.071   0.071 ) T:631 (   0.061   0.087   0.114   0.123   0.123   0.123 )
6319.971: I:1 (   0.022   0.022   0.022 ) T:632 (   0.060   0.087   0.114   0.123   0.123   0.123 )
6329.966: I:1 (   0.072   0.072   0.072 ) T:633 (   0.061   0.087   0.114   0.123   0.123   0.123 )
6339.973: I:1 (   0.085   0.085   0.085 ) T:634 (   0.061   0.087   0.114   0.123   0.123   0.123 )
6349.967: I:1 (   0.077   0.077   0.077 ) T:635 (   0.061   0.087   0.114   0.123   0.123   0.123 )
6359.970: I:1 (   0.013   0.013   0.013 ) T:636 (   0.061   0.087   0.114   0.123   0.123   0.123 )
6369.967: I:1 (   0.085   0.085   0.085 ) T:637 (   0.061   0.087   0.114   0.123   0.123   0.123 )
6379.974: I:1 (   0.088   0.088   0.088 ) T:638 (   0.061   0.087   0.114   0.123   0.123   0.123 )
6389.971: I:1 (   0.080   0.080   0.080 ) T:639 (   0.061   0.087   0.114   0.123   0.123   0.123 )
6399.974: I:1 (   0.014   0.014   0.014 ) T:640 (   0.061   0.087   0.114   0.123   0.123   0.123 )
6409.970: I:1 (   0.091   0.091   0.091 ) T:641 (   0.061   0.087   0.114   0.123   0.123   0.123 )
6419.968: I:1 (   0.079   0.079   0.079 ) T:642 (   0.061   0.087   0.114   0.123   0.123   0.123 )
6429.966: I:1 (   0.084   0.084   0.084 ) T:643 (   0.062   0.087   0.114   0.123   0.123   0.123 )
6439.967: I:1 (   0.062   0.062   0.062 ) T:644 (   0.062   0.087   0.114   0.123   0.123   0.123 )
6449.969: I:1 (   0.072   0.072   0.072 ) T:645 (   0.062   0.087   0.114   0.123   0.123   0.123 )
6459.974: I:1 (   0.089   0.089   0.089 ) T:646 (   0.062   0.088   0.114   0.123   0.123   0.123 )
6469.973: I:1 (   0.085   0.085   0.085 ) T:647 (   0.062   0.088   0.114   0.123   0.123   0.123 )
6479.972: I:1 (   0.072   0.072   0.072 ) T:648 (   0.062   0.088   0.114   0.123   0.123   0.123 )
6489.968: I:1 (   0.022   0.022   0.022 ) T:649 (   0.062   0.088   0.114   0.123   0.123   0.123 )
6499.976: I:1 (   0.040   0.040   0.040 ) T:650 (   0.062   0.087   0.114   0.123   0.123   0.123 )
6509.970: I:1 (   0.083   0.083   0.083 ) T:651 (   0.062   0.087   0.114   0.123   0.123   0.123 )
6519.970: I:1 (   0.044   0.044   0.044 ) T:652 (   0.062   0.087   0.114   0.123   0.123   0.123 )
6529.974: I:1 (   0.011   0.011   0.011 ) T:653 (   0.062   0.087   0.114   0.123   0.123   0.123 )
6539.974: I:1 (   0.090   0.090   0.090 ) T:654 (   0.062   0.088   0.114   0.123   0.123   0.123 )
6549.968: I:1 (   0.075   0.075   0.075 ) T:655 (   0.062   0.088   0.114   0.123   0.123   0.123 )
6559.973: I:1 (   0.083   0.083   0.083 ) T:656 (   0.062   0.088   0.114   0.123   0.123   0.123 )
6569.972: I:1 (   0.009   0.009   0.009 ) T:657 (   0.062   0.088   0.114   0.123   0.123   0.123 )
6579.967: I:1 (   0.081   0.081   0.081 ) T:658 (   0.062   0.088   0.114   0.123   0.123   0.123 )
6589.971: I:1 (   0.081   0.081   0.081 ) T:659 (   0.062   0.088   0.114   0.123   0.123   0.123 )
6600.410: I:1 (   0.085   0.085   0.085 ) T:660 (   0.062   0.087   0.114   0.123   0.123   0.123 )
6609.964: I:1 (   0.063   0.063   0.063 ) T:661 (   0.062   0.087   0.114   0.123   0.123   0.123 )
6619.974: I:1 (   0.000   0.000   0.000 ) T:662 (   0.062   0.087   0.114   0.123   0.123   0.123 )
6629.970: I:1 (   0.003   0.003   0.003 ) T:663 (   0.062   0.087   0.114   0.123   0.123   0.123 )
6639.970: I:1 (   0.086   0.086   0.086 ) T:664 (   0.062   0.087   0.114   0.123   0.123   0.123 )
6649.974: I:1 (   0.079   0.079   0.079 ) T:665 (   0.062   0.087   0.114   0.123   0.123   0.123 )
6659.974: I:1 (   0.075   0.075   0.075 ) T:666 (   0.062   0.087   0.114   0.123   0.123   0.123 )
6669.967: I:1 (   0.082   0.082   0.082 ) T:667 (   0.062   0.087   0.114   0.123   0.123   0.123 )
6679.966: I:1 (   0.086   0.086   0.086 ) T:668 (   0.062   0.087   0.114   0.123   0.123   0.123 )
6689.969: I:1 (   0.091   0.091   0.091 ) T:669 (   0.062   0.088   0.114   0.123   0.123   0.123 )
6699.973: I:1 (   0.042   0.042   0.042 ) T:670 (   0.062   0.087   0.114   0.123   0.123   0.123 )
6709.972: I:1 (   0.075   0.075   0.075 ) T:671 (   0.062   0.087   0.114   0.123   0.123   0.123 )
6719.974: I:1 (   0.047   0.047   0.047 ) T:672 (   0.062   0.087   0.114   0.123   0.123   0.123 )
6729.970: I:1 (   0.117   0.117   0.117 ) T:673 (   0.062   0.088   0.116   0.123   0.123   0.123 )
6739.972: I:1 (   0.089   0.089   0.089 ) T:674 (   0.062   0.088   0.116   0.123   0.123   0.123 )
6749.971: I:1 (   0.121   0.121   0.121 ) T:675 (   0.062   0.088   0.117   0.123   0.123   0.123 )
6759.970: I:1 (   0.089   0.089   0.089 ) T:676 (   0.062   0.088   0.117   0.123   0.123   0.123 )
6769.973: I:1 (   0.038   0.038   0.038 ) T:677 (   0.062   0.088   0.117   0.123   0.123   0.123 )
6779.973: I:1 (   0.084   0.084   0.084 ) T:678 (   0.062   0.088   0.117   0.123   0.123   0.123 )
6789.967: I:1 (   0.085   0.085   0.085 ) T:679 (   0.062   0.088   0.117   0.123   0.123   0.123 )
6799.971: I:1 (   0.083   0.083   0.083 ) T:680 (   0.062   0.088   0.117   0.123   0.123   0.123 )
6809.972: I:1 (   0.081   0.081   0.081 ) T:681 (   0.063   0.088   0.117   0.123   0.123   0.123 )
6819.969: I:1 (   0.089   0.089   0.089 ) T:682 (   0.063   0.088   0.117   0.123   0.123   0.123 )
6829.968: I:1 (   0.125   0.125   0.125 ) T:683 (   0.063   0.089   0.117   0.125   0.125   0.125 )
6839.973: I:1 (   0.030   0.030   0.030 ) T:684 (   0.063   0.089   0.117   0.125   0.125   0.125 )
6849.972: I:1 (   0.048   0.048   0.048 ) T:685 (   0.063   0.089   0.117   0.125   0.125   0.125 )
6859.972: I:1 (   0.085   0.085   0.085 ) T:686 (   0.063   0.089   0.117   0.125   0.125   0.125 )
6869.973: I:1 (   0.088   0.088   0.088 ) T:687 (   0.063   0.089   0.117   0.125   0.125   0.125 )
6879.967: I:1 (   0.079   0.079   0.079 ) T:688 (   0.063   0.089   0.117   0.125   0.125   0.125 )
6889.973: I:1 (   0.081   0.081   0.081 ) T:689 (   0.063   0.089   0.117   0.125   0.125   0.125 )
6899.973: I:1 (   0.046   0.046   0.046 ) T:690 (   0.063   0.088   0.117   0.125   0.125   0.125 )
6909.973: I:1 (   0.087   0.087   0.087 ) T:691 (   0.063   0.088   0.117   0.125   0.125   0.125 )
6919.969: I:1 (   0.086   0.086   0.086 ) T:692 (   0.063   0.088   0.117   0.125   0.125   0.125 )
6929.970: I:1 (   0.050   0.050   0.050 ) T:693 (   0.063   0.088   0.117   0.125   0.125   0.125 )
6939.970: I:1 (   0.086   0.086   0.086 ) T:694 (   0.063   0.088   0.117   0.125   0.125   0.125 )
6949.969: I:1 (   0.086   0.086   0.086 ) T:695 (   0.063   0.088   0.117   0.125   0.125   0.125 )
6959.973: I:1 (   0.087   0.087   0.087 ) T:696 (   0.063   0.088   0.117   0.125   0.125   0.125 )
6969.970: I:1 (   0.054   0.054   0.054 ) T:697 (   0.063   0.088   0.117   0.125   0.125   0.125 )
6979.970: I:1 (   0.100   0.100   0.100 ) T:698 (   0.063   0.089   0.117   0.125   0.125   0.125 )
6989.973: I:1 (   0.083   0.083   0.083 ) T:699 (   0.063   0.089   0.117   0.125   0.125   0.125 )
6999.970: I:1 (   0.091   0.091   0.091 ) T:700 (   0.063   0.089   0.117   0.125   0.125   0.125 )
7009.973: I:1 (   0.086   0.086   0.086 ) T:701 (   0.063   0.089   0.117   0.125   0.125   0.125 )
7019.970: I:1 (   0.090   0.090   0.090 ) T:702 (   0.063   0.089   0.117   0.125   0.125   0.125 )
7029.972: I:1 (   0.075   0.075   0.075 ) T:703 (   0.063   0.089   0.117   0.125   0.125   0.125 )
7039.969: I:1 (   0.087   0.087   0.087 ) T:704 (   0.063   0.089   0.117   0.125   0.125   0.125 )
7049.970: I:1 (   0.092   0.092   0.092 ) T:705 (   0.064   0.089   0.117   0.125   0.125   0.125 )
7059.973: I:1 (   0.087   0.087   0.087 ) T:706 (   0.064   0.089   0.117   0.125   0.125   0.125 )
7069.970: I:1 (   0.025   0.025   0.025 ) T:707 (   0.064   0.089   0.117   0.125   0.125   0.125 )
7079.970: I:1 (   0.091   0.091   0.091 ) T:708 (   0.064   0.089   0.117   0.125   0.125   0.125 )
7089.970: I:1 (   0.050   0.050   0.050 ) T:709 (   0.064   0.089   0.117   0.125   0.125   0.125 )
7099.975: I:1 (   0.072   0.072   0.072 ) T:710 (   0.064   0.089   0.117   0.125   0.125   0.125 )
7109.969: I:1 (   0.028   0.028   0.028 ) T:711 (   0.064   0.089   0.117   0.125   0.125   0.125 )
7119.970: I:1 (   0.096   0.096   0.096 ) T:712 (   0.064   0.089   0.117   0.125   0.125   0.125 )
7129.971: I:1 (   0.085   0.085   0.085 ) T:713 (   0.064   0.089   0.117   0.125   0.125   0.125 )
7139.968: I:1 (   0.089   0.089   0.089 ) T:714 (   0.064   0.089   0.117   0.125   0.125   0.125 )
7149.970: I:1 (   0.030   0.030   0.030 ) T:715 (   0.064   0.089   0.117   0.125   0.125   0.125 )
7159.973: I:1 (   0.085   0.085   0.085 ) T:716 (   0.064   0.089   0.117   0.125   0.125   0.125 )
7169.969: I:1 (   0.086   0.086   0.086 ) T:717 (   0.064   0.089   0.117   0.125   0.125   0.125 )
7179.972: I:1 (   0.089   0.089   0.089 ) T:718 (   0.064   0.089   0.117   0.125   0.125   0.125 )
7189.974: I:1 (   0.016   0.016   0.016 ) T:719 (   0.064   0.089   0.117   0.125   0.125   0.125 )
7199.968: I:1 (   0.089   0.089   0.089 ) T:720 (   0.064   0.089   0.117   0.125   0.125   0.125 )
7209.972: I:1 (   0.086   0.086   0.086 ) T:721 (   0.064   0.089   0.117   0.125   0.125   0.125 )
7219.965: I:1 (   0.093   0.093   0.093 ) T:722 (   0.064   0.089   0.117   0.125   0.125   0.125 )
7229.976: I:1 (   0.022   0.022   0.022 ) T:723 (   0.064   0.089   0.117   0.125   0.125   0.125 )
7239.972: I:1 (   0.079   0.079   0.079 ) T:724 (   0.064   0.089   0.117   0.125   0.125   0.125 )
7249.969: I:1 (   0.033   0.033   0.033 ) T:725 (   0.064   0.089   0.117   0.125   0.125   0.125 )
7259.970: I:1 (   0.107   0.107   0.107 ) T:726 (   0.064   0.089   0.117   0.125   0.125   0.125 )
7269.974: I:1 (   0.037   0.037   0.037 ) T:727 (   0.064   0.089   0.117   0.125   0.125   0.125 )
7279.972: I:1 (   0.071   0.071   0.071 ) T:728 (   0.064   0.089   0.117   0.125   0.125   0.125 )
7289.970: I:1 (   0.102   0.102   0.102 ) T:729 (   0.064   0.089   0.117   0.125   0.125   0.125 )
7299.966: I:1 (   0.037   0.037   0.037 ) T:730 (   0.064   0.089   0.117   0.125   0.125   0.125 )
7309.970: I:1 (   0.084   0.084   0.084 ) T:731 (   0.064   0.089   0.117   0.125   0.125   0.125 )
7319.972: I:1 (   0.010   0.010   0.010 ) T:732 (   0.064   0.089   0.117   0.125   0.125   0.125 )
7329.968: I:1 (   0.092   0.092   0.092 ) T:733 (   0.064   0.089   0.117   0.125   0.125   0.125 )
7339.966: I:1 (   0.086   0.086   0.086 ) T:734 (   0.064   0.089   0.117   0.125   0.125   0.125 )
7349.975: I:1 (   0.084   0.084   0.084 ) T:735 (   0.064   0.089   0.117   0.125   0.125   0.125 )
7359.974: I:1 (   0.013   0.013   0.013 ) T:736 (   0.064   0.089   0.117   0.125   0.125   0.125 )
7369.968: I:1 (   0.078   0.078   0.078 ) T:737 (   0.064   0.089   0.117   0.125   0.125   0.125 )
7379.969: I:1 (   0.081   0.081   0.081 ) T:738 (   0.064   0.089   0.117   0.125   0.125   0.125 )
7389.966: I:1 (   0.086   0.086   0.086 ) T:739 (   0.064   0.089   0.117   0.125   0.125   0.125 )
7399.976: I:1 (   0.059   0.059   0.059 ) T:740 (   0.064   0.089   0.117   0.125   0.125   0.125 )
7409.973: I:1 (   0.026   0.026   0.026 ) T:741 (   0.064   0.089   0.117   0.125   0.125   0.125 )
7419.967: I:1 (   0.107   0.107   0.107 ) T:742 (   0.064   0.089   0.117   0.125   0.125   0.125 )
7429.970: I:1 (   0.085   0.085   0.085 ) T:743 (   0.064   0.089   0.117   0.125   0.125   0.125 )
7439.974: I:1 (   0.076   0.076   0.076 ) T:744 (   0.064   0.089   0.117   0.125   0.125   0.125 )
7449.971: I:1 (   0.055   0.055   0.055 ) T:745 (   0.064   0.089   0.117   0.125   0.125   0.125 )
7459.969: I:1 (   0.080   0.080   0.080 ) T:746 (   0.064   0.089   0.117   0.125   0.125   0.125 )
7469.970: I:1 (   0.079   0.079   0.079 ) T:747 (   0.064   0.089   0.117   0.125   0.125   0.125 )
7479.976: I:1 (   0.043   0.043   0.043 ) T:748 (   0.064   0.089   0.117   0.125   0.125   0.125 )
7489.973: I:1 (   0.049   0.049   0.049 ) T:749 (   0.064   0.089   0.117   0.125   0.125   0.125 )
7499.970: I:1 (   0.125   0.125   0.125 ) T:750 (   0.064   0.089   0.117   0.125   0.125   0.125 )
7509.971: I:1 (   0.032   0.032   0.032 ) T:751 (   0.064   0.089   0.117   0.125   0.125   0.125 )
7519.971: I:1 (   0.088   0.088   0.088 ) T:752 (   0.064   0.089   0.117   0.125   0.125   0.125 )
7529.974: I:1 (   0.055   0.055   0.055 ) T:753 (   0.064   0.089   0.117   0.125   0.125   0.125 )
7539.964: I:1 (   0.052   0.052   0.052 ) T:754 (   0.064   0.089   0.117   0.125   0.125   0.125 )
7549.974: I:1 (   0.000   0.000   0.000 ) T:755 (   0.064   0.089   0.117   0.125   0.125   0.125 )
7559.971: I:1 (   0.019   0.019   0.019 ) T:756 (   0.064   0.089   0.117   0.125   0.125   0.125 )
7569.968: I:1 (   0.077   0.077   0.077 ) T:757 (   0.064   0.089   0.117   0.125   0.125   0.125 )
7579.970: I:1 (   0.073   0.073   0.073 ) T:758 (   0.064   0.089   0.117   0.125   0.125   0.125 )
7589.967: I:1 (   0.080   0.080   0.080 ) T:759 (   0.064   0.089   0.117   0.125   0.125   0.125 )
7599.974: I:1 (   0.123   0.123   0.123 ) T:760 (   0.064   0.089   0.118   0.125   0.125   0.125 )
7609.973: I:1 (   0.051   0.051   0.051 ) T:761 (   0.064   0.089   0.118   0.125   0.125   0.125 )
7619.969: I:1 (   0.107   0.107   0.107 ) T:762 (   0.064   0.089   0.118   0.125   0.125   0.125 )
7629.973: I:1 (   0.082   0.082   0.082 ) T:763 (   0.064   0.089   0.118   0.125   0.125   0.125 )
7639.970: I:1 (   0.084   0.084   0.084 ) T:764 (   0.064   0.089   0.118   0.125   0.125   0.125 )
7649.973: I:1 (   0.043   0.043   0.043 ) T:765 (   0.064   0.089   0.118   0.125   0.125   0.125 )
7659.970: I:1 (   0.076   0.076   0.076 ) T:766 (   0.064   0.089   0.118   0.125   0.125   0.125 )
7669.968: I:1 (   0.079   0.079   0.079 ) T:767 (   0.064   0.089   0.118   0.125   0.125   0.125 )
7679.971: I:1 (   0.113   0.113   0.113 ) T:768 (   0.064   0.090   0.118   0.125   0.125   0.125 )
7689.973: I:1 (   0.035   0.035   0.035 ) T:769 (   0.064   0.090   0.118   0.125   0.125   0.125 )
7699.973: I:1 (   0.048   0.048   0.048 ) T:770 (   0.064   0.089   0.118   0.125   0.125   0.125 )
7709.970: I:1 (   0.045   0.045   0.045 ) T:771 (   0.064   0.089   0.118   0.125   0.125   0.125 )
7719.973: I:1 (   0.079   0.079   0.079 ) T:772 (   0.064   0.089   0.118   0.125   0.125   0.125 )
7729.970: I:1 (   0.078   0.078   0.078 ) T:773 (   0.064   0.089   0.118   0.125   0.125   0.125 )
7739.971: I:1 (   0.072   0.072   0.072 ) T:774 (   0.064   0.089   0.118   0.125   0.125   0.125 )
7749.967: I:1 (   0.080   0.080   0.080 ) T:775 (   0.065   0.089   0.118   0.125   0.125   0.125 )
7753.201: I:2 (   0.005   0.019   0.019 ) T:777 (   0.064   0.089   0.118   0.125   0.125   0.125 )
7753.234: I:0 (   0.000   0.000   0.000 ) T:777 (   0.064   0.089   0.118   0.125   0.125   0.125 )
