#[Interval percentile log between 0.000 and <Infinite> seconds (relative to StartTime)]
#[StartTime: 1524583728.383 (seconds since epoch), Tue Apr 24 17:28:48 CEST 2018]
Time: IntervalPercentiles:count ( 50% 90% Max ) TotalPercentiles:count ( 50% 90% 99% 99.9% 99.99% Max )
9.971: I:1 (   0.001   0.001   0.001 ) T:1 (   0.001   0.001   0.001   0.001   0.001   0.001 )
19.966: I:1 (   0.002   0.002   0.002 ) T:2 (   0.001   0.002   0.002   0.002   0.002   0.002 )
29.967: I:1 (   0.001   0.001   0.001 ) T:3 (   0.001   0.002   0.002   0.002   0.002   0.002 )
39.966: I:1 (   0.002   0.002   0.002 ) T:4 (   0.001   0.002   0.002   0.002   0.002   0.002 )
49.966: I:1 (   0.001   0.001   0.001 ) T:5 (   0.001   0.002   0.002   0.002   0.002   0.002 )
59.966: I:1 (   0.001   0.001   0.001 ) T:6 (   0.001   0.002   0.002   0.002   0.002   0.002 )
69.965: I:1 (   0.001   0.001   0.001 ) T:7 (   0.001   0.002   0.002   0.002   0.002   0.002 )
79.964: I:1 (   0.001   0.001   0.001 ) T:8 (   0.001   0.002   0.002   0.002   0.002   0.002 )
89.964: I:1 (   0.001   0.001   0.001 ) T:9 (   0.001   0.002   0.002   0.002   0.002   0.002 )
99.964: I:1 (   0.001   0.001   0.001 ) T:10 (   0.001   0.002   0.002   0.002   0.002   0.002 )
109.964: I:1 (   0.001   0.001   0.001 ) T:11 (   0.001   0.002   0.002   0.002   0.002   0.002 )
119.964: I:1 (   0.001   0.001   0.001 ) T:12 (   0.001   0.002   0.002   0.002   0.002   0.002 )
129.964: I:1 (   0.001   0.001   0.001 ) T:13 (   0.001   0.002   0.002   0.002   0.002   0.002 )
139.964: I:1 (   0.001   0.001   0.001 ) T:14 (   0.001   0.002   0.002   0.002   0.002   0.002 )
149.964: I:1 (   0.001   0.001   0.001 ) T:15 (   0.001   0.002   0.002   0.002   0.002   0.002 )
159.964: I:1 (   0.001   0.001   0.001 ) T:16 (   0.001   0.002   0.002   0.002   0.002   0.002 )
169.964: I:1 (   0.001   0.001   0.001 ) T:17 (   0.001   0.002   0.002   0.002   0.002   0.002 )
179.964: I:1 (   0.001   0.001   0.001 ) T:18 (   0.001   0.002   0.002   0.002   0.002   0.002 )
189.964: I:1 (   0.001   0.001   0.001 ) T:19 (   0.001   0.002   0.002   0.002   0.002   0.002 )
199.964: I:1 (   0.001   0.001   0.001 ) T:20 (   0.001   0.001   0.002   0.002   0.002   0.002 )
209.964: I:1 (   0.001   0.001   0.001 ) T:21 (   0.001   0.001   0.002   0.002   0.002   0.002 )
219.964: I:1 (   0.001   0.001   0.001 ) T:22 (   0.001   0.001   0.002   0.002   0.002   0.002 )
229.964: I:1 (   0.001   0.001   0.001 ) T:23 (   0.001   0.001   0.002   0.002   0.002   0.002 )
239.964: I:1 (   0.001   0.001   0.001 ) T:24 (   0.001   0.001   0.002   0.002   0.002   0.002 )
249.964: I:1 (   0.001   0.001   0.001 ) T:25 (   0.001   0.001   0.002   0.002   0.002   0.002 )
259.964: I:1 (   0.001   0.001   0.001 ) T:26 (   0.001   0.001   0.002   0.002   0.002   0.002 )
269.964: I:1 (   0.001   0.001   0.001 ) T:27 (   0.001   0.001   0.002   0.002   0.002   0.002 )
279.964: I:1 (   0.002   0.002   0.002 ) T:28 (   0.001   0.002   0.002   0.002   0.002   0.002 )
289.964: I:1 (   0.002   0.002   0.002 ) T:29 (   0.001   0.002   0.002   0.002   0.002   0.002 )
299.964: I:1 (   0.002   0.002   0.002 ) T:30 (   0.001   0.002   0.002   0.002   0.002   0.002 )
309.964: I:1 (   0.002   0.002   0.002 ) T:31 (   0.001   0.002   0.002   0.002   0.002   0.002 )
319.964: I:1 (   0.001   0.001   0.001 ) T:32 (   0.001   0.002   0.002   0.002   0.002   0.002 )
329.964: I:1 (   0.001   0.001   0.001 ) T:33 (   0.001   0.002   0.002   0.002   0.002   0.002 )
339.964: I:1 (   0.001   0.001   0.001 ) T:34 (   0.001   0.002   0.002   0.002   0.002   0.002 )
349.964: I:1 (   0.001   0.001   0.001 ) T:35 (   0.001   0.002   0.002   0.002   0.002   0.002 )
359.964: I:1 (   0.001   0.001   0.001 ) T:36 (   0.001   0.002   0.002   0.002   0.002   0.002 )
369.964: I:1 (   0.001   0.001   0.001 ) T:37 (   0.001   0.002   0.002   0.002   0.002   0.002 )
379.964: I:1 (   0.001   0.001   0.001 ) T:38 (   0.001   0.002   0.002   0.002   0.002   0.002 )
389.964: I:1 (   0.001   0.001   0.001 ) T:39 (   0.001   0.002   0.002   0.002   0.002   0.002 )
399.964: I:1 (   0.001   0.001   0.001 ) T:40 (   0.001   0.002   0.002   0.002   0.002   0.002 )
409.964: I:1 (   0.001   0.001   0.001 ) T:41 (   0.001   0.002   0.002   0.002   0.002   0.002 )
419.964: I:1 (   0.001   0.001   0.001 ) T:42 (   0.001   0.002   0.002   0.002   0.002   0.002 )
429.964: I:1 (   0.001   0.001   0.001 ) T:43 (   0.001   0.002   0.002   0.002   0.002   0.002 )
439.964: I:1 (   0.001   0.001   0.001 ) T:44 (   0.001   0.002   0.002   0.002   0.002   0.002 )
449.964: I:1 (   0.001   0.001   0.001 ) T:45 (   0.001   0.002   0.002   0.002   0.002   0.002 )
459.964: I:1 (   0.001   0.001   0.001 ) T:46 (   0.001   0.002   0.002   0.002   0.002   0.002 )
469.964: I:1 (   0.001   0.001   0.001 ) T:47 (   0.001   0.002   0.002   0.002   0.002   0.002 )
479.964: I:1 (   0.001   0.001   0.001 ) T:48 (   0.001   0.002   0.002   0.002   0.002   0.002 )
489.964: I:1 (   0.001   0.001   0.001 ) T:49 (   0.001   0.002   0.002   0.002   0.002   0.002 )
499.964: I:1 (   0.001   0.001   0.001 ) T:50 (   0.001   0.002   0.002   0.002   0.002   0.002 )
509.964: I:1 (   0.001   0.001   0.001 ) T:51 (   0.001   0.002   0.002   0.002   0.002   0.002 )
519.964: I:1 (   0.001   0.001   0.001 ) T:52 (   0.001   0.002   0.002   0.002   0.002   0.002 )
529.964: I:1 (   0.001   0.001   0.001 ) T:53 (   0.001   0.002   0.002   0.002   0.002   0.002 )
539.967: I:1 (   0.001   0.001   0.001 ) T:54 (   0.001   0.002   0.002   0.002   0.002   0.002 )
549.964: I:1 (   0.001   0.001   0.001 ) T:55 (   0.001   0.002   0.002   0.002   0.002   0.002 )
559.964: I:1 (   0.001   0.001   0.001 ) T:56 (   0.001   0.002   0.002   0.002   0.002   0.002 )
569.964: I:1 (   0.001   0.001   0.001 ) T:57 (   0.001   0.002   0.002   0.002   0.002   0.002 )
579.964: I:1 (   0.001   0.001   0.001 ) T:58 (   0.001   0.002   0.002   0.002   0.002   0.002 )
589.964: I:1 (   0.001   0.001   0.001 ) T:59 (   0.001   0.002   0.002   0.002   0.002   0.002 )
599.964: I:1 (   0.001   0.001   0.001 ) T:60 (   0.001   0.001   0.002   0.002   0.002   0.002 )
609.964: I:1 (   0.001   0.001   0.001 ) T:61 (   0.001   0.001   0.002   0.002   0.002   0.002 )
619.964: I:1 (   0.001   0.001   0.001 ) T:62 (   0.001   0.001   0.002   0.002   0.002   0.002 )
629.964: I:1 (   0.001   0.001   0.001 ) T:63 (   0.001   0.001   0.002   0.002   0.002   0.002 )
639.964: I:1 (   0.001   0.001   0.001 ) T:64 (   0.001   0.001   0.002   0.002   0.002   0.002 )
649.964: I:1 (   0.001   0.001   0.001 ) T:65 (   0.001   0.001   0.002   0.002   0.002   0.002 )
659.964: I:1 (   0.001   0.001   0.001 ) T:66 (   0.001   0.001   0.002   0.002   0.002   0.002 )
669.964: I:1 (   0.001   0.001   0.001 ) T:67 (   0.001   0.001   0.002   0.002   0.002   0.002 )
679.964: I:1 (   0.001   0.001   0.001 ) T:68 (   0.001   0.001   0.002   0.002   0.002   0.002 )
689.964: I:1 (   0.002   0.002   0.002 ) T:69 (   0.001   0.002   0.002   0.002   0.002   0.002 )
699.964: I:1 (   0.002   0.002   0.002 ) T:70 (   0.001   0.002   0.002   0.002   0.002   0.002 )
709.964: I:1 (   0.002   0.002   0.002 ) T:71 (   0.001   0.002   0.002   0.002   0.002   0.002 )
719.964: I:1 (   0.002   0.002   0.002 ) T:72 (   0.001   0.002   0.002   0.002   0.002   0.002 )
729.964: I:1 (   0.001   0.001   0.001 ) T:73 (   0.001   0.002   0.002   0.002   0.002   0.002 )
739.964: I:1 (   0.002   0.002   0.002 ) T:74 (   0.001   0.002   0.002   0.002   0.002   0.002 )
749.964: I:1 (   0.002   0.002   0.002 ) T:75 (   0.001   0.002   0.002   0.002   0.002   0.002 )
759.964: I:1 (   0.002   0.002   0.002 ) T:76 (   0.001   0.002   0.002   0.002   0.002   0.002 )
769.964: I:1 (   0.002   0.002   0.002 ) T:77 (   0.001   0.002   0.002   0.002   0.002   0.002 )
779.964: I:1 (   0.001   0.001   0.001 ) T:78 (   0.001   0.002   0.002   0.002   0.002   0.002 )
789.964: I:1 (   0.001   0.001   0.001 ) T:79 (   0.001   0.002   0.002   0.002   0.002   0.002 )
799.964: I:1 (   0.002   0.002   0.002 ) T:80 (   0.001   0.002   0.002   0.002   0.002   0.002 )
809.964: I:1 (   0.002   0.002   0.002 ) T:81 (   0.001   0.002   0.002   0.002   0.002   0.002 )
819.964: I:1 (   0.001   0.001   0.001 ) T:82 (   0.001   0.002   0.002   0.002   0.002   0.002 )
829.964: I:1 (   0.001   0.001   0.001 ) T:83 (   0.001   0.002   0.002   0.002   0.002   0.002 )
839.964: I:1 (   0.002   0.002   0.002 ) T:84 (   0.001   0.002   0.002   0.002   0.002   0.002 )
849.964: I:1 (   0.001   0.001   0.001 ) T:85 (   0.001   0.002   0.002   0.002   0.002   0.002 )
859.964: I:1 (   0.001   0.001   0.001 ) T:86 (   0.001   0.002   0.002   0.002   0.002   0.002 )
869.964: I:1 (   0.001   0.001   0.001 ) T:87 (   0.001   0.002   0.002   0.002   0.002   0.002 )
879.964: I:1 (   0.001   0.001   0.001 ) T:88 (   0.001   0.002   0.002   0.002   0.002   0.002 )
889.964: I:1 (   0.001   0.001   0.001 ) T:89 (   0.001   0.002   0.002   0.002   0.002   0.002 )
899.964: I:1 (   0.001   0.001   0.001 ) T:90 (   0.001   0.002   0.002   0.002   0.002   0.002 )
909.964: I:1 (   0.001   0.001   0.001 ) T:91 (   0.001   0.002   0.002   0.002   0.002   0.002 )
919.964: I:1 (   0.001   0.001   0.001 ) T:92 (   0.001   0.002   0.002   0.002   0.002   0.002 )
929.964: I:1 (   0.001   0.001   0.001 ) T:93 (   0.001   0.002   0.002   0.002   0.002   0.002 )
939.964: I:1 (   0.001   0.001   0.001 ) T:94 (   0.001   0.002   0.002   0.002   0.002   0.002 )
949.964: I:1 (   0.001   0.001   0.001 ) T:95 (   0.001   0.002   0.002   0.002   0.002   0.002 )
959.964: I:1 (   0.002   0.002   0.002 ) T:96 (   0.001   0.002   0.002   0.002   0.002   0.002 )
969.964: I:1 (   0.002   0.002   0.002 ) T:97 (   0.001   0.002   0.002   0.002   0.002   0.002 )
979.964: I:1 (   0.001   0.001   0.001 ) T:98 (   0.001   0.002   0.002   0.002   0.002   0.002 )
989.964: I:1 (   0.001   0.001   0.001 ) T:99 (   0.001   0.002   0.002   0.002   0.002   0.002 )
999.964: I:1 (   0.002   0.002   0.002 ) T:100 (   0.001   0.002   0.002   0.002   0.002   0.002 )
1009.964: I:1 (   0.001   0.001   0.001 ) T:101 (   0.001   0.002   0.002   0.002   0.002   0.002 )
1019.964: I:1 (   0.001   0.001   0.001 ) T:102 (   0.001   0.002   0.002   0.002   0.002   0.002 )
1029.964: I:1 (   0.001   0.001   0.001 ) T:103 (   0.001   0.002   0.002   0.002   0.002   0.002 )
1039.964: I:1 (   0.002   0.002   0.002 ) T:104 (   0.001   0.002   0.002   0.002   0.002   0.002 )
1049.964: I:1 (   0.002   0.002   0.002 ) T:105 (   0.001   0.002   0.002   0.002   0.002   0.002 )
1059.964: I:1 (   0.002   0.002   0.002 ) T:106 (   0.001   0.002   0.002   0.002   0.002   0.002 )
1069.964: I:1 (   0.002   0.002   0.002 ) T:107 (   0.001   0.002   0.002   0.002   0.002   0.002 )
1079.964: I:1 (   0.002   0.002   0.002 ) T:108 (   0.001   0.002   0.002   0.002   0.002   0.002 )
1089.964: I:1 (   0.002   0.002   0.002 ) T:109 (   0.001   0.002   0.002   0.002   0.002   0.002 )
1099.964: I:1 (   0.002   0.002   0.002 ) T:110 (   0.001   0.002   0.002   0.002   0.002   0.002 )
1109.964: I:1 (   0.002   0.002   0.002 ) T:111 (   0.001   0.002   0.002   0.002   0.002   0.002 )
1119.964: I:1 (   0.001   0.001   0.001 ) T:112 (   0.001   0.002   0.002   0.002   0.002   0.002 )
1129.964: I:1 (   0.001   0.001   0.001 ) T:113 (   0.001   0.002   0.002   0.002   0.002   0.002 )
1139.964: I:1 (   0.001   0.001   0.001 ) T:114 (   0.001   0.002   0.002   0.002   0.002   0.002 )
1149.964: I:1 (   0.001   0.001   0.001 ) T:115 (   0.001   0.002   0.002   0.002   0.002   0.002 )
1159.964: I:1 (   0.001   0.001   0.001 ) T:116 (   0.001   0.002   0.002   0.002   0.002   0.002 )
1169.964: I:1 (   0.001   0.001   0.001 ) T:117 (   0.001   0.002   0.002   0.002   0.002   0.002 )
1179.964: I:1 (   0.001   0.001   0.001 ) T:118 (   0.001   0.002   0.002   0.002   0.002   0.002 )
1189.964: I:1 (   0.001   0.001   0.001 ) T:119 (   0.001   0.002   0.002   0.002   0.002   0.002 )
1199.964: I:1 (   0.001   0.001   0.001 ) T:120 (   0.001   0.002   0.002   0.002   0.002   0.002 )
1209.964: I:1 (   0.001   0.001   0.001 ) T:121 (   0.001   0.002   0.002   0.002   0.002   0.002 )
1219.964: I:1 (   0.001   0.001   0.001 ) T:122 (   0.001   0.002   0.002   0.002   0.002   0.002 )
1229.964: I:1 (   0.001   0.001   0.001 ) T:123 (   0.001   0.002   0.002   0.002   0.002   0.002 )
1239.964: I:1 (   0.001   0.001   0.001 ) T:124 (   0.001   0.002   0.002   0.002   0.002   0.002 )
1249.964: I:1 (   0.001   0.001   0.001 ) T:125 (   0.001   0.002   0.002   0.002   0.002   0.002 )
1259.964: I:1 (   0.001   0.001   0.001 ) T:126 (   0.001   0.002   0.002   0.002   0.002   0.002 )
1269.964: I:1 (   0.001   0.001   0.001 ) T:127 (   0.001   0.002   0.002   0.002   0.002   0.002 )
1279.964: I:1 (   0.001   0.001   0.001 ) T:128 (   0.001   0.002   0.002   0.002   0.002   0.002 )
1289.964: I:1 (   0.001   0.001   0.001 ) T:129 (   0.001   0.002   0.002   0.002   0.002   0.002 )
1299.964: I:1 (   0.001   0.001   0.001 ) T:130 (   0.001   0.002   0.002   0.002   0.002   0.002 )
1309.964: I:1 (   0.001   0.001   0.001 ) T:131 (   0.001   0.002   0.002   0.002   0.002   0.002 )
1319.964: I:1 (   0.001   0.001   0.001 ) T:132 (   0.001   0.002   0.002   0.002   0.002   0.002 )
1329.964: I:1 (   0.001   0.001   0.001 ) T:133 (   0.001   0.002   0.002   0.002   0.002   0.002 )
1339.964: I:1 (   0.001   0.001   0.001 ) T:134 (   0.001   0.002   0.002   0.002   0.002   0.002 )
1349.964: I:1 (   0.001   0.001   0.001 ) T:135 (   0.001   0.002   0.002   0.002   0.002   0.002 )
1359.964: I:1 (   0.001   0.001   0.001 ) T:136 (   0.001   0.002   0.002   0.002   0.002   0.002 )
1369.964: I:1 (   0.001   0.001   0.001 ) T:137 (   0.001   0.002   0.002   0.002   0.002   0.002 )
1379.964: I:1 (   0.001   0.001   0.001 ) T:138 (   0.001   0.002   0.002   0.002   0.002   0.002 )
1389.964: I:1 (   0.001   0.001   0.001 ) T:139 (   0.001   0.002   0.002   0.002   0.002   0.002 )
1399.964: I:1 (   0.001   0.001   0.001 ) T:140 (   0.001   0.002   0.002   0.002   0.002   0.002 )
1409.964: I:1 (   0.001   0.001   0.001 ) T:141 (   0.001   0.002   0.002   0.002   0.002   0.002 )
1419.964: I:1 (   0.001   0.001   0.001 ) T:142 (   0.001   0.002   0.002   0.002   0.002   0.002 )
1429.966: I:1 (   0.001   0.001   0.001 ) T:143 (   0.001   0.002   0.002   0.002   0.002   0.002 )
1439.965: I:1 (   0.001   0.001   0.001 ) T:144 (   0.001   0.002   0.002   0.002   0.002   0.002 )
1449.964: I:1 (   0.001   0.001   0.001 ) T:145 (   0.001   0.002   0.002   0.002   0.002   0.002 )
1459.964: I:1 (   0.001   0.001   0.001 ) T:146 (   0.001   0.002   0.002   0.002   0.002   0.002 )
1469.964: I:1 (   0.001   0.001   0.001 ) T:147 (   0.001   0.002   0.002   0.002   0.002   0.002 )
1479.964: I:1 (   0.001   0.001   0.001 ) T:148 (   0.001   0.002   0.002   0.002   0.002   0.002 )
1489.964: I:1 (   0.001   0.001   0.001 ) T:149 (   0.001   0.002   0.002   0.002   0.002   0.002 )
1499.964: I:1 (   0.001   0.001   0.001 ) T:150 (   0.001   0.002   0.002   0.002   0.002   0.002 )
1509.964: I:1 (   0.001   0.001   0.001 ) T:151 (   0.001   0.002   0.002   0.002   0.002   0.002 )
1519.964: I:1 (   0.001   0.001   0.001 ) T:152 (   0.001   0.002   0.002   0.002   0.002   0.002 )
1529.964: I:1 (   0.002   0.002   0.002 ) T:153 (   0.001   0.002   0.002   0.002   0.002   0.002 )
1539.964: I:1 (   0.002   0.002   0.002 ) T:154 (   0.001   0.002   0.002   0.002   0.002   0.002 )
1549.964: I:1 (   0.002   0.002   0.002 ) T:155 (   0.001   0.002   0.002   0.002   0.002   0.002 )
1559.964: I:1 (   0.002   0.002   0.002 ) T:156 (   0.001   0.002   0.002   0.002   0.002   0.002 )
1569.964: I:1 (   0.001   0.001   0.001 ) T:157 (   0.001   0.002   0.002   0.002   0.002   0.002 )
1579.964: I:1 (   0.001   0.001   0.001 ) T:158 (   0.001   0.002   0.002   0.002   0.002   0.002 )
1589.964: I:1 (   0.002   0.002   0.002 ) T:159 (   0.001   0.002   0.002   0.002   0.002   0.002 )
1599.964: I:1 (   0.002   0.002   0.002 ) T:160 (   0.001   0.002   0.002   0.002   0.002   0.002 )
1609.964: I:1 (   0.002   0.002   0.002 ) T:161 (   0.001   0.002   0.002   0.002   0.002   0.002 )
1619.964: I:1 (   0.002   0.002   0.002 ) T:162 (   0.001   0.002   0.002   0.002   0.002   0.002 )
1629.964: I:1 (   0.002   0.002   0.002 ) T:163 (   0.001   0.002   0.002   0.002   0.002   0.002 )
1639.964: I:1 (   0.002   0.002   0.002 ) T:164 (   0.001   0.002   0.002   0.002   0.002   0.002 )
1649.964: I:1 (   0.002   0.002   0.002 ) T:165 (   0.001   0.002   0.002   0.002   0.002   0.002 )
1659.964: I:1 (   0.002   0.002   0.002 ) T:166 (   0.001   0.002   0.002   0.002   0.002   0.002 )
1669.964: I:1 (   0.002   0.002   0.002 ) T:167 (   0.001   0.002   0.002   0.002   0.002   0.002 )
1679.964: I:1 (   0.002   0.002   0.002 ) T:168 (   0.001   0.002   0.002   0.002   0.002   0.002 )
1689.964: I:1 (   0.001   0.001   0.001 ) T:169 (   0.001   0.002   0.002   0.002   0.002   0.002 )
1699.964: I:1 (   0.002   0.002   0.002 ) T:170 (   0.001   0.002   0.002   0.002   0.002   0.002 )
1709.964: I:1 (   0.002   0.002   0.002 ) T:171 (   0.001   0.002   0.002   0.002   0.002   0.002 )
1719.964: I:1 (   0.002   0.002   0.002 ) T:172 (   0.001   0.002   0.002   0.002   0.002   0.002 )
1729.967: I:1 (   0.002   0.002   0.002 ) T:173 (   0.001   0.002   0.002   0.002   0.002   0.002 )
1739.964: I:1 (   0.002   0.002   0.002 ) T:174 (   0.001   0.002   0.002   0.002   0.002   0.002 )
1749.964: I:1 (   0.001   0.001   0.001 ) T:175 (   0.001   0.002   0.002   0.002   0.002   0.002 )
1759.964: I:1 (   0.001   0.001   0.001 ) T:176 (   0.001   0.002   0.002   0.002   0.002   0.002 )
1769.964: I:1 (   0.001   0.001   0.001 ) T:177 (   0.001   0.002   0.002   0.002   0.002   0.002 )
1779.964: I:1 (   0.001   0.001   0.001 ) T:178 (   0.001   0.002   0.002   0.002   0.002   0.002 )
1789.964: I:1 (   0.001   0.001   0.001 ) T:179 (   0.001   0.002   0.002   0.002   0.002   0.002 )
1799.970: I:1 (   0.001   0.001   0.001 ) T:180 (   0.001   0.002   0.002   0.002   0.002   0.002 )
1809.964: I:1 (   0.001   0.001   0.001 ) T:181 (   0.001   0.002   0.002   0.002   0.002   0.002 )
1819.964: I:1 (   0.002   0.002   0.002 ) T:182 (   0.001   0.002   0.002   0.002   0.002   0.002 )
1829.964: I:1 (   0.002   0.002   0.002 ) T:183 (   0.001   0.002   0.002   0.002   0.002   0.002 )
1839.964: I:1 (   0.001   0.001   0.001 ) T:184 (   0.001   0.002   0.002   0.002   0.002   0.002 )
1849.964: I:1 (   0.001   0.001   0.001 ) T:185 (   0.001   0.002   0.002   0.002   0.002   0.002 )
1859.964: I:1 (   0.001   0.001   0.001 ) T:186 (   0.001   0.002   0.002   0.002   0.002   0.002 )
1869.964: I:1 (   0.002   0.002   0.002 ) T:187 (   0.001   0.002   0.002   0.002   0.002   0.002 )
1879.964: I:1 (   0.001   0.001   0.001 ) T:188 (   0.001   0.002   0.002   0.002   0.002   0.002 )
1889.964: I:1 (   0.001   0.001   0.001 ) T:189 (   0.001   0.002   0.002   0.002   0.002   0.002 )
1899.964: I:1 (   0.002   0.002   0.002 ) T:190 (   0.001   0.002   0.002   0.002   0.002   0.002 )
1909.964: I:1 (   0.002   0.002   0.002 ) T:191 (   0.001   0.002   0.002   0.002   0.002   0.002 )
1919.964: I:1 (   0.002   0.002   0.002 ) T:192 (   0.001   0.002   0.002   0.002   0.002   0.002 )
1929.964: I:1 (   0.002   0.002   0.002 ) T:193 (   0.001   0.002   0.002   0.002   0.002   0.002 )
1939.964: I:1 (   0.002   0.002   0.002 ) T:194 (   0.001   0.002   0.002   0.002   0.002   0.002 )
1949.964: I:1 (   0.002   0.002   0.002 ) T:195 (   0.001   0.002   0.002   0.002   0.002   0.002 )
1959.964: I:1 (   0.002   0.002   0.002 ) T:196 (   0.001   0.002   0.002   0.002   0.002   0.002 )
1969.964: I:1 (   0.003   0.003   0.003 ) T:197 (   0.001   0.002   0.002   0.003   0.003   0.003 )
1979.964: I:1 (   0.003   0.003   0.003 ) T:198 (   0.001   0.002   0.003   0.003   0.003   0.003 )
1989.964: I:1 (   0.003   0.003   0.003 ) T:199 (   0.001   0.002   0.003   0.003   0.003   0.003 )
1999.964: I:1 (   0.003   0.003   0.003 ) T:200 (   0.001   0.002   0.003   0.003   0.003   0.003 )
2009.964: I:1 (   0.003   0.003   0.003 ) T:201 (   0.001   0.002   0.003   0.003   0.003   0.003 )
2019.964: I:1 (   0.003   0.003   0.003 ) T:202 (   0.001   0.002   0.003   0.003   0.003   0.003 )
2029.964: I:1 (   0.002   0.002   0.002 ) T:203 (   0.001   0.002   0.003   0.003   0.003   0.003 )
2039.964: I:1 (   0.002   0.002   0.002 ) T:204 (   0.001   0.002   0.003   0.003   0.003   0.003 )
2049.964: I:1 (   0.002   0.002   0.002 ) T:205 (   0.001   0.002   0.003   0.003   0.003   0.003 )
2059.964: I:1 (   0.002   0.002   0.002 ) T:206 (   0.001   0.002   0.003   0.003   0.003   0.003 )
2069.964: I:1 (   0.002   0.002   0.002 ) T:207 (   0.001   0.002   0.003   0.003   0.003   0.003 )
2079.964: I:1 (   0.002   0.002   0.002 ) T:208 (   0.001   0.002   0.003   0.003   0.003   0.003 )
2089.964: I:1 (   0.002   0.002   0.002 ) T:209 (   0.001   0.002   0.003   0.003   0.003   0.003 )
2099.964: I:1 (   0.002   0.002   0.002 ) T:210 (   0.001   0.002   0.003   0.003   0.003   0.003 )
2109.964: I:1 (   0.002   0.002   0.002 ) T:211 (   0.001   0.002   0.003   0.003   0.003   0.003 )
2119.964: I:1 (   0.002   0.002   0.002 ) T:212 (   0.001   0.002   0.003   0.003   0.003   0.003 )
2129.964: I:1 (   0.002   0.002   0.002 ) T:213 (   0.001   0.002   0.003   0.003   0.003   0.003 )
2139.964: I:1 (   0.001   0.001   0.001 ) T:214 (   0.001   0.002   0.003   0.003   0.003   0.003 )
2149.964: I:1 (   0.001   0.001   0.001 ) T:215 (   0.001   0.002   0.003   0.003   0.003   0.003 )
2159.964: I:1 (   0.001   0.001   0.001 ) T:216 (   0.001   0.002   0.003   0.003   0.003   0.003 )
2169.964: I:1 (   0.001   0.001   0.001 ) T:217 (   0.001   0.002   0.003   0.003   0.003   0.003 )
2179.964: I:1 (   0.001   0.001   0.001 ) T:218 (   0.001   0.002   0.003   0.003   0.003   0.003 )
2189.964: I:1 (   0.001   0.001   0.001 ) T:219 (   0.001   0.002   0.003   0.003   0.003   0.003 )
2199.964: I:1 (   0.002   0.002   0.002 ) T:220 (   0.001   0.002   0.003   0.003   0.003   0.003 )
2209.964: I:1 (   0.002   0.002   0.002 ) T:221 (   0.001   0.002   0.003   0.003   0.003   0.003 )
2219.964: I:1 (   0.002   0.002   0.002 ) T:222 (   0.001   0.002   0.003   0.003   0.003   0.003 )
2229.964: I:1 (   0.001   0.001   0.001 ) T:223 (   0.001   0.002   0.003   0.003   0.003   0.003 )
2239.964: I:1 (   0.001   0.001   0.001 ) T:224 (   0.001   0.002   0.003   0.003   0.003   0.003 )
2249.964: I:1 (   0.001   0.001   0.001 ) T:225 (   0.001   0.002   0.003   0.003   0.003   0.003 )
2259.964: I:1 (   0.001   0.001   0.001 ) T:226 (   0.001   0.002   0.003   0.003   0.003   0.003 )
2269.964: I:1 (   0.001   0.001   0.001 ) T:227 (   0.001   0.002   0.003   0.003   0.003   0.003 )
2279.964: I:1 (   0.001   0.001   0.001 ) T:228 (   0.001   0.002   0.003   0.003   0.003   0.003 )
2289.964: I:1 (   0.002   0.002   0.002 ) T:229 (   0.001   0.002   0.003   0.003   0.003   0.003 )
2299.964: I:1 (   0.001   0.001   0.001 ) T:230 (   0.001   0.002   0.003   0.003   0.003   0.003 )
2309.964: I:1 (   0.001   0.001   0.001 ) T:231 (   0.001   0.002   0.003   0.003   0.003   0.003 )
2319.964: I:1 (   0.001   0.001   0.001 ) T:232 (   0.001   0.002   0.003   0.003   0.003   0.003 )
2329.964: I:1 (   0.001   0.001   0.001 ) T:233 (   0.001   0.002   0.003   0.003   0.003   0.003 )
2339.964: I:1 (   0.001   0.001   0.001 ) T:234 (   0.001   0.002   0.003   0.003   0.003   0.003 )
2349.964: I:1 (   0.001   0.001   0.001 ) T:235 (   0.001   0.002   0.003   0.003   0.003   0.003 )
2359.964: I:1 (   0.001   0.001   0.001 ) T:236 (   0.001   0.002   0.003   0.003   0.003   0.003 )
2369.964: I:1 (   0.001   0.001   0.001 ) T:237 (   0.001   0.002   0.003   0.003   0.003   0.003 )
2379.964: I:1 (   0.001   0.001   0.001 ) T:238 (   0.001   0.002   0.003   0.003   0.003   0.003 )
2389.964: I:1 (   0.001   0.001   0.001 ) T:239 (   0.001   0.002   0.003   0.003   0.003   0.003 )
2399.964: I:1 (   0.001   0.001   0.001 ) T:240 (   0.001   0.002   0.003   0.003   0.003   0.003 )
2409.964: I:1 (   0.001   0.001   0.001 ) T:241 (   0.001   0.002   0.003   0.003   0.003   0.003 )
2419.964: I:1 (   0.001   0.001   0.001 ) T:242 (   0.001   0.002   0.003   0.003   0.003   0.003 )
2429.964: I:1 (   0.001   0.001   0.001 ) T:243 (   0.001   0.002   0.003   0.003   0.003   0.003 )
2440.020: I:1 (   0.001   0.001   0.001 ) T:244 (   0.001   0.002   0.003   0.003   0.003   0.003 )
2449.964: I:1 (   0.001   0.001   0.001 ) T:245 (   0.001   0.002   0.003   0.003   0.003   0.003 )
2459.964: I:1 (   0.001   0.001   0.001 ) T:246 (   0.001   0.002   0.003   0.003   0.003   0.003 )
2469.964: I:1 (   0.002   0.002   0.002 ) T:247 (   0.001   0.002   0.003   0.003   0.003   0.003 )
2479.964: I:1 (   0.002   0.002   0.002 ) T:248 (   0.001   0.002   0.003   0.003   0.003   0.003 )
2489.964: I:1 (   0.002   0.002   0.002 ) T:249 (   0.001   0.002   0.003   0.003   0.003   0.003 )
2499.964: I:1 (   0.002   0.002   0.002 ) T:250 (   0.001   0.002   0.003   0.003   0.003   0.003 )
2509.964: I:1 (   0.002   0.002   0.002 ) T:251 (   0.001   0.002   0.003   0.003   0.003   0.003 )
2519.964: I:1 (   0.002   0.002   0.002 ) T:252 (   0.001   0.002   0.003   0.003   0.003   0.003 )
2529.964: I:1 (   0.002   0.002   0.002 ) T:253 (   0.001   0.002   0.003   0.003   0.003   0.003 )
2539.964: I:1 (   0.002   0.002   0.002 ) T:254 (   0.001   0.002   0.003   0.003   0.003   0.003 )
2549.964: I:1 (   0.002   0.002   0.002 ) T:255 (   0.001   0.002   0.003   0.003   0.003   0.003 )
2559.964: I:1 (   0.002   0.002   0.002 ) T:256 (   0.001   0.002   0.003   0.003   0.003   0.003 )
2569.964: I:1 (   0.002   0.002   0.002 ) T:257 (   0.001   0.002   0.003   0.003   0.003   0.003 )
2579.964: I:1 (   0.003   0.003   0.003 ) T:258 (   0.001   0.002   0.003   0.003   0.003   0.003 )
2589.964: I:1 (   0.003   0.003   0.003 ) T:259 (   0.001   0.002   0.003   0.003   0.003   0.003 )
2599.964: I:1 (   0.003   0.003   0.003 ) T:260 (   0.001   0.002   0.003   0.003   0.003   0.003 )
2609.964: I:1 (   0.003   0.003   0.003 ) T:261 (   0.001   0.002   0.003   0.003   0.003   0.003 )
2619.964: I:1 (   0.003   0.003   0.003 ) T:262 (   0.001   0.002   0.003   0.003   0.003   0.003 )
2629.964: I:1 (   0.003   0.003   0.003 ) T:263 (   0.001   0.002   0.003   0.003   0.003   0.003 )
2639.964: I:1 (   0.003   0.003   0.003 ) T:264 (   0.001   0.002   0.003   0.003   0.003   0.003 )
2649.964: I:1 (   0.003   0.003   0.003 ) T:265 (   0.001   0.002   0.003   0.003   0.003   0.003 )
2659.964: I:1 (   0.003   0.003   0.003 ) T:266 (   0.001   0.002   0.003   0.003   0.003   0.003 )
2669.964: I:1 (   0.003   0.003   0.003 ) T:267 (   0.001   0.002   0.003   0.003   0.003   0.003 )
2679.964: I:1 (   0.003   0.003   0.003 ) T:268 (   0.001   0.002   0.003   0.003   0.003   0.003 )
2689.964: I:1 (   0.003   0.003   0.003 ) T:269 (   0.001   0.002   0.003   0.003   0.003   0.003 )
2699.964: I:1 (   0.003   0.003   0.003 ) T:270 (   0.001   0.002   0.003   0.003   0.003   0.003 )
2709.964: I:1 (   0.002   0.002   0.002 ) T:271 (   0.001   0.002   0.003   0.003   0.003   0.003 )
2719.964: I:1 (   0.002   0.002   0.002 ) T:272 (   0.001   0.002   0.003   0.003   0.003   0.003 )
2729.964: I:1 (   0.002   0.002   0.002 ) T:273 (   0.001   0.002   0.003   0.003   0.003   0.003 )
2739.964: I:1 (   0.002   0.002   0.002 ) T:274 (   0.001   0.002   0.003   0.003   0.003   0.003 )
2749.964: I:1 (   0.002   0.002   0.002 ) T:275 (   0.001   0.002   0.003   0.003   0.003   0.003 )
2759.964: I:1 (   0.002   0.002   0.002 ) T:276 (   0.001   0.002   0.003   0.003   0.003   0.003 )
2769.964: I:1 (   0.002   0.002   0.002 ) T:277 (   0.001   0.002   0.003   0.003   0.003   0.003 )
2779.964: I:1 (   0.002   0.002   0.002 ) T:278 (   0.001   0.002   0.003   0.003   0.003   0.003 )
2789.964: I:1 (   0.003   0.003   0.003 ) T:279 (   0.001   0.002   0.003   0.003   0.003   0.003 )
2799.964: I:1 (   0.003   0.003   0.003 ) T:280 (   0.001   0.002   0.003   0.003   0.003   0.003 )
2809.964: I:1 (   0.003   0.003   0.003 ) T:281 (   0.001   0.002   0.003   0.003   0.003   0.003 )
2819.964: I:1 (   0.003   0.003   0.003 ) T:282 (   0.001   0.002   0.003   0.003   0.003   0.003 )
2829.964: I:1 (   0.003   0.003   0.003 ) T:283 (   0.001   0.002   0.003   0.003   0.003   0.003 )
2839.964: I:1 (   0.003   0.003   0.003 ) T:284 (   0.001   0.002   0.003   0.003   0.003   0.003 )
2849.964: I:1 (   0.003   0.003   0.003 ) T:285 (   0.001   0.002   0.003   0.003   0.003   0.003 )
2859.964: I:1 (   0.003   0.003   0.003 ) T:286 (   0.001   0.002   0.003   0.003   0.003   0.003 )
2869.964: I:1 (   0.003   0.003   0.003 ) T:287 (   0.001   0.002   0.003   0.003   0.003   0.003 )
2879.964: I:1 (   0.003   0.003   0.003 ) T:288 (   0.001   0.003   0.003   0.003   0.003   0.003 )
2889.964: I:1 (   0.003   0.003   0.003 ) T:289 (   0.001   0.003   0.003   0.003   0.003   0.003 )
2899.964: I:1 (   0.003   0.003   0.003 ) T:290 (   0.001   0.003   0.003   0.003   0.003   0.003 )
2909.964: I:1 (   0.003   0.003   0.003 ) T:291 (   0.001   0.003   0.003   0.003   0.003   0.003 )
2919.964: I:1 (   0.003   0.003   0.003 ) T:292 (   0.001   0.003   0.003   0.003   0.003   0.003 )
2929.964: I:1 (   0.003   0.003   0.003 ) T:293 (   0.001   0.003   0.003   0.003   0.003   0.003 )
2939.964: I:1 (   0.003   0.003   0.003 ) T:294 (   0.001   0.003   0.003   0.003   0.003   0.003 )
2949.964: I:1 (   0.003   0.003   0.003 ) T:295 (   0.001   0.003   0.003   0.003   0.003   0.003 )
2959.964: I:1 (   0.003   0.003   0.003 ) T:296 (   0.001   0.003   0.003   0.003   0.003   0.003 )
2969.964: I:1 (   0.003   0.003   0.003 ) T:297 (   0.001   0.003   0.003   0.003   0.003   0.003 )
2979.964: I:1 (   0.003   0.003   0.003 ) T:298 (   0.001   0.003   0.003   0.003   0.003   0.003 )
2989.964: I:1 (   0.003   0.003   0.003 ) T:299 (   0.001   0.003   0.003   0.003   0.003   0.003 )
2999.964: I:1 (   0.003   0.003   0.003 ) T:300 (   0.001   0.003   0.003   0.003   0.003   0.003 )
3009.964: I:1 (   0.003   0.003   0.003 ) T:301 (   0.001   0.003   0.003   0.003   0.003   0.003 )
3019.964: I:1 (   0.003   0.003   0.003 ) T:302 (   0.001   0.003   0.003   0.003   0.003   0.003 )
3029.964: I:1 (   0.003   0.003   0.003 ) T:303 (   0.001   0.003   0.003   0.003   0.003   0.003 )
3039.964: I:1 (   0.003   0.003   0.003 ) T:304 (   0.001   0.003   0.003   0.003   0.003   0.003 )
3049.964: I:1 (   0.003   0.003   0.003 ) T:305 (   0.001   0.003   0.003   0.003   0.003   0.003 )
3059.964: I:1 (   0.003   0.003   0.003 ) T:306 (   0.001   0.003   0.003   0.003   0.003   0.003 )
3069.964: I:1 (   0.002   0.002   0.002 ) T:307 (   0.001   0.003   0.003   0.003   0.003   0.003 )
3079.964: I:1 (   0.002   0.002   0.002 ) T:308 (   0.001   0.003   0.003   0.003   0.003   0.003 )
3089.964: I:1 (   0.002   0.002   0.002 ) T:309 (   0.001   0.003   0.003   0.003   0.003   0.003 )
3099.964: I:1 (   0.002   0.002   0.002 ) T:310 (   0.001   0.003   0.003   0.003   0.003   0.003 )
3109.964: I:1 (   0.002   0.002   0.002 ) T:311 (   0.001   0.003   0.003   0.003   0.003   0.003 )
3119.964: I:1 (   0.002   0.002   0.002 ) T:312 (   0.001   0.003   0.003   0.003   0.003   0.003 )
3129.964: I:1 (   0.002   0.002   0.002 ) T:313 (   0.001   0.003   0.003   0.003   0.003   0.003 )
3139.964: I:1 (   0.002   0.002   0.002 ) T:314 (   0.001   0.003   0.003   0.003   0.003   0.003 )
3149.964: I:1 (   0.002   0.002   0.002 ) T:315 (   0.001   0.003   0.003   0.003   0.003   0.003 )
3159.964: I:1 (   0.002   0.002   0.002 ) T:316 (   0.001   0.003   0.003   0.003   0.003   0.003 )
3169.964: I:1 (   0.002   0.002   0.002 ) T:317 (   0.001   0.003   0.003   0.003   0.003   0.003 )
3179.964: I:1 (   0.002   0.002   0.002 ) T:318 (   0.001   0.003   0.003   0.003   0.003   0.003 )
3189.964: I:1 (   0.002   0.002   0.002 ) T:319 (   0.001   0.003   0.003   0.003   0.003   0.003 )
3199.964: I:1 (   0.002   0.002   0.002 ) T:320 (   0.001   0.003   0.003   0.003   0.003   0.003 )
3209.964: I:1 (   0.002   0.002   0.002 ) T:321 (   0.001   0.003   0.003   0.003   0.003   0.003 )
3219.964: I:1 (   0.002   0.002   0.002 ) T:322 (   0.001   0.003   0.003   0.003   0.003   0.003 )
3229.964: I:1 (   0.002   0.002   0.002 ) T:323 (   0.001   0.003   0.003   0.003   0.003   0.003 )
3239.964: I:1 (   0.002   0.002   0.002 ) T:324 (   0.001   0.003   0.003   0.003   0.003   0.003 )
3249.964: I:1 (   0.002   0.002   0.002 ) T:325 (   0.001   0.003   0.003   0.003   0.003   0.003 )
3259.977: I:1 (   0.002   0.002   0.002 ) T:326 (   0.001   0.003   0.003   0.003   0.003   0.003 )
3269.964: I:1 (   0.002   0.002   0.002 ) T:327 (   0.001   0.003   0.003   0.003   0.003   0.003 )
3279.964: I:1 (   0.002   0.002   0.002 ) T:328 (   0.001   0.003   0.003   0.003   0.003   0.003 )
3289.964: I:1 (   0.002   0.002   0.002 ) T:329 (   0.001   0.003   0.003   0.003   0.003   0.003 )
3299.964: I:1 (   0.002   0.002   0.002 ) T:330 (   0.001   0.003   0.003   0.003   0.003   0.003 )
3309.964: I:1 (   0.002   0.002   0.002 ) T:331 (   0.001   0.003   0.003   0.003   0.003   0.003 )
3319.964: I:1 (   0.003   0.003   0.003 ) T:332 (   0.001   0.003   0.003   0.003   0.003   0.003 )
3329.964: I:1 (   0.003   0.003   0.003 ) T:333 (   0.001   0.003   0.003   0.003   0.003   0.003 )
3339.964: I:1 (   0.003   0.003   0.003 ) T:334 (   0.001   0.003   0.003   0.003   0.003   0.003 )
3349.964: I:1 (   0.002   0.002   0.002 ) T:335 (   0.001   0.003   0.003   0.003   0.003   0.003 )
3359.964: I:1 (   0.002   0.002   0.002 ) T:336 (   0.001   0.003   0.003   0.003   0.003   0.003 )
3369.964: I:1 (   0.002   0.002   0.002 ) T:337 (   0.002   0.003   0.003   0.003   0.003   0.003 )
3379.964: I:1 (   0.002   0.002   0.002 ) T:338 (   0.002   0.003   0.003   0.003   0.003   0.003 )
3389.964: I:1 (   0.002   0.002   0.002 ) T:339 (   0.002   0.003   0.003   0.003   0.003   0.003 )
3399.964: I:1 (   0.002   0.002   0.002 ) T:340 (   0.002   0.003   0.003   0.003   0.003   0.003 )
3409.964: I:1 (   0.002   0.002   0.002 ) T:341 (   0.002   0.003   0.003   0.003   0.003   0.003 )
3419.964: I:1 (   0.002   0.002   0.002 ) T:342 (   0.002   0.003   0.003   0.003   0.003   0.003 )
3429.964: I:1 (   0.002   0.002   0.002 ) T:343 (   0.002   0.003   0.003   0.003   0.003   0.003 )
3439.964: I:1 (   0.002   0.002   0.002 ) T:344 (   0.002   0.003   0.003   0.003   0.003   0.003 )
3449.964: I:1 (   0.002   0.002   0.002 ) T:345 (   0.002   0.003   0.003   0.003   0.003   0.003 )
3459.964: I:1 (   0.002   0.002   0.002 ) T:346 (   0.002   0.003   0.003   0.003   0.003   0.003 )
3469.964: I:1 (   0.002   0.002   0.002 ) T:347 (   0.002   0.003   0.003   0.003   0.003   0.003 )
3479.964: I:1 (   0.002   0.002   0.002 ) T:348 (   0.002   0.003   0.003   0.003   0.003   0.003 )
3489.964: I:1 (   0.002   0.002   0.002 ) T:349 (   0.002   0.003   0.003   0.003   0.003   0.003 )
3499.964: I:1 (   0.002   0.002   0.002 ) T:350 (   0.002   0.003   0.003   0.003   0.003   0.003 )
3509.964: I:1 (   0.002   0.002   0.002 ) T:351 (   0.002   0.003   0.003   0.003   0.003   0.003 )
3519.964: I:1 (   0.002   0.002   0.002 ) T:352 (   0.002   0.003   0.003   0.003   0.003   0.003 )
3529.964: I:1 (   0.002   0.002   0.002 ) T:353 (   0.002   0.003   0.003   0.003   0.003   0.003 )
3539.964: I:1 (   0.002   0.002   0.002 ) T:354 (   0.002   0.003   0.003   0.003   0.003   0.003 )
3549.964: I:1 (   0.002   0.002   0.002 ) T:355 (   0.002   0.003   0.003   0.003   0.003   0.003 )
3559.964: I:1 (   0.002   0.002   0.002 ) T:356 (   0.002   0.003   0.003   0.003   0.003   0.003 )
3569.964: I:1 (   0.002   0.002   0.002 ) T:357 (   0.002   0.003   0.003   0.003   0.003   0.003 )
3579.964: I:1 (   0.002   0.002   0.002 ) T:358 (   0.002   0.003   0.003   0.003   0.003   0.003 )
3589.964: I:1 (   0.002   0.002   0.002 ) T:359 (   0.002   0.003   0.003   0.003   0.003   0.003 )
3599.964: I:1 (   0.002   0.002   0.002 ) T:360 (   0.002   0.003   0.003   0.003   0.003   0.003 )
3609.964: I:1 (   0.001   0.001   0.001 ) T:361 (   0.002   0.003   0.003   0.003   0.003   0.003 )
3619.964: I:1 (   0.001   0.001   0.001 ) T:362 (   0.002   0.003   0.003   0.003   0.003   0.003 )
3629.964: I:1 (   0.001   0.001   0.001 ) T:363 (   0.002   0.003   0.003   0.003   0.003   0.003 )
3639.964: I:1 (   0.001   0.001   0.001 ) T:364 (   0.002   0.003   0.003   0.003   0.003   0.003 )
3649.964: I:1 (   0.001   0.001   0.001 ) T:365 (   0.002   0.003   0.003   0.003   0.003   0.003 )
3659.964: I:1 (   0.001   0.001   0.001 ) T:366 (   0.002   0.003   0.003   0.003   0.003   0.003 )
3669.964: I:1 (   0.001   0.001   0.001 ) T:367 (   0.002   0.003   0.003   0.003   0.003   0.003 )
3679.964: I:1 (   0.001   0.001   0.001 ) T:368 (   0.002   0.003   0.003   0.003   0.003   0.003 )
3689.964: I:1 (   0.001   0.001   0.001 ) T:369 (   0.002   0.003   0.003   0.003   0.003   0.003 )
3699.964: I:1 (   0.001   0.001   0.001 ) T:370 (   0.002   0.003   0.003   0.003   0.003   0.003 )
3709.964: I:1 (   0.001   0.001   0.001 ) T:371 (   0.002   0.003   0.003   0.003   0.003   0.003 )
3719.964: I:1 (   0.001   0.001   0.001 ) T:372 (   0.002   0.003   0.003   0.003   0.003   0.003 )
3729.964: I:1 (   0.001   0.001   0.001 ) T:373 (   0.002   0.003   0.003   0.003   0.003   0.003 )
3739.964: I:1 (   0.001   0.001   0.001 ) T:374 (   0.002   0.003   0.003   0.003   0.003   0.003 )
3749.964: I:1 (   0.001   0.001   0.001 ) T:375 (   0.002   0.003   0.003   0.003   0.003   0.003 )
3759.964: I:1 (   0.001   0.001   0.001 ) T:376 (   0.002   0.003   0.003   0.003   0.003   0.003 )
3769.967: I:1 (   0.001   0.001   0.001 ) T:377 (   0.002   0.003   0.003   0.003   0.003   0.003 )
3779.964: I:1 (   0.001   0.001   0.001 ) T:378 (   0.002   0.003   0.003   0.003   0.003   0.003 )
3789.964: I:1 (   0.001   0.001   0.001 ) T:379 (   0.002   0.003   0.003   0.003   0.003   0.003 )
3799.964: I:1 (   0.001   0.001   0.001 ) T:380 (   0.002   0.003   0.003   0.003   0.003   0.003 )
3809.964: I:1 (   0.001   0.001   0.001 ) T:381 (   0.002   0.003   0.003   0.003   0.003   0.003 )
3819.964: I:1 (   0.001   0.001   0.001 ) T:382 (   0.002   0.003   0.003   0.003   0.003   0.003 )
3829.964: I:1 (   0.002   0.002   0.002 ) T:383 (   0.002   0.003   0.003   0.003   0.003   0.003 )
3839.964: I:1 (   0.002   0.002   0.002 ) T:384 (   0.002   0.003   0.003   0.003   0.003   0.003 )
3849.964: I:1 (   0.002   0.002   0.002 ) T:385 (   0.002   0.003   0.003   0.003   0.003   0.003 )
3859.964: I:1 (   0.002   0.002   0.002 ) T:386 (   0.002   0.003   0.003   0.003   0.003   0.003 )
3869.964: I:1 (   0.002   0.002   0.002 ) T:387 (   0.002   0.003   0.003   0.003   0.003   0.003 )
3879.964: I:1 (   0.002   0.002   0.002 ) T:388 (   0.002   0.003   0.003   0.003   0.003   0.003 )
3889.964: I:1 (   0.002   0.002   0.002 ) T:389 (   0.002   0.003   0.003   0.003   0.003   0.003 )
3899.964: I:1 (   0.002   0.002   0.002 ) T:390 (   0.002   0.003   0.003   0.003   0.003   0.003 )
3909.964: I:1 (   0.002   0.002   0.002 ) T:391 (   0.002   0.003   0.003   0.003   0.003   0.003 )
3919.964: I:1 (   0.002   0.002   0.002 ) T:392 (   0.002   0.003   0.003   0.003   0.003   0.003 )
3929.964: I:1 (   0.002   0.002   0.002 ) T:393 (   0.002   0.003   0.003   0.003   0.003   0.003 )
3939.964: I:1 (   0.002   0.002   0.002 ) T:394 (   0.002   0.003   0.003   0.003   0.003   0.003 )
3949.964: I:1 (   0.001   0.001   0.001 ) T:395 (   0.002   0.003   0.003   0.003   0.003   0.003 )
3959.964: I:1 (   0.001   0.001   0.001 ) T:396 (   0.002   0.003   0.003   0.003   0.003   0.003 )
3969.964: I:1 (   0.001   0.001   0.001 ) T:397 (   0.002   0.003   0.003   0.003   0.003   0.003 )
3979.964: I:1 (   0.001   0.001   0.001 ) T:398 (   0.002   0.003   0.003   0.003   0.003   0.003 )
3989.964: I:1 (   0.002   0.002   0.002 ) T:399 (   0.002   0.003   0.003   0.003   0.003   0.003 )
3999.964: I:1 (   0.001   0.001   0.001 ) T:400 (   0.002   0.003   0.003   0.003   0.003   0.003 )
4009.964: I:1 (   0.001   0.001   0.001 ) T:401 (   0.002   0.003   0.003   0.003   0.003   0.003 )
4019.964: I:1 (   0.001   0.001   0.001 ) T:402 (   0.002   0.003   0.003   0.003   0.003   0.003 )
4029.964: I:1 (   0.001   0.001   0.001 ) T:403 (   0.002   0.003   0.003   0.003   0.003   0.003 )
4039.964: I:1 (   0.001   0.001   0.001 ) T:404 (   0.002   0.003   0.003   0.003   0.003   0.003 )
4049.964: I:1 (   0.001   0.001   0.001 ) T:405 (   0.002   0.003   0.003   0.003   0.003   0.003 )
4059.964: I:1 (   0.001   0.001   0.001 ) T:406 (   0.002   0.003   0.003   0.003   0.003   0.003 )
4069.964: I:1 (   0.002   0.002   0.002 ) T:407 (   0.002   0.003   0.003   0.003   0.003   0.003 )
4079.964: I:1 (   0.002   0.002   0.002 ) T:408 (   0.002   0.003   0.003   0.003   0.003   0.003 )
4089.964: I:1 (   0.002   0.002   0.002 ) T:409 (   0.002   0.003   0.003   0.003   0.003   0.003 )
4099.964: I:1 (   0.001   0.001   0.001 ) T:410 (   0.002   0.003   0.003   0.003   0.003   0.003 )
4109.964: I:1 (   0.001   0.001   0.001 ) T:411 (   0.002   0.003   0.003   0.003   0.003   0.003 )
4119.964: I:1 (   0.001   0.001   0.001 ) T:412 (   0.002   0.003   0.003   0.003   0.003   0.003 )
4129.964: I:1 (   0.001   0.001   0.001 ) T:413 (   0.002   0.003   0.003   0.003   0.003   0.003 )
4139.964: I:1 (   0.001   0.001   0.001 ) T:414 (   0.002   0.003   0.003   0.003   0.003   0.003 )
4149.964: I:1 (   0.001   0.001   0.001 ) T:415 (   0.002   0.003   0.003   0.003   0.003   0.003 )
4159.964: I:1 (   0.001   0.001   0.001 ) T:416 (   0.001   0.003   0.003   0.003   0.003   0.003 )
4169.964: I:1 (   0.001   0.001   0.001 ) T:417 (   0.001   0.003   0.003   0.003   0.003   0.003 )
4179.964: I:1 (   0.001   0.001   0.001 ) T:418 (   0.001   0.003   0.003   0.003   0.003   0.003 )
4189.964: I:1 (   0.001   0.001   0.001 ) T:419 (   0.001   0.003   0.003   0.003   0.003   0.003 )
4199.964: I:1 (   0.001   0.001   0.001 ) T:420 (   0.001   0.003   0.003   0.003   0.003   0.003 )
4209.964: I:1 (   0.001   0.001   0.001 ) T:421 (   0.001   0.003   0.003   0.003   0.003   0.003 )
4219.964: I:1 (   0.001   0.001   0.001 ) T:422 (   0.001   0.003   0.003   0.003   0.003   0.003 )
4229.964: I:1 (   0.002   0.002   0.002 ) T:423 (   0.001   0.003   0.003   0.003   0.003   0.003 )
4239.964: I:1 (   0.002   0.002   0.002 ) T:424 (   0.001   0.003   0.003   0.003   0.003   0.003 )
4249.964: I:1 (   0.001   0.001   0.001 ) T:425 (   0.001   0.003   0.003   0.003   0.003   0.003 )
4259.964: I:1 (   0.001   0.001   0.001 ) T:426 (   0.001   0.003   0.003   0.003   0.003   0.003 )
4269.964: I:1 (   0.001   0.001   0.001 ) T:427 (   0.001   0.003   0.003   0.003   0.003   0.003 )
4279.964: I:1 (   0.001   0.001   0.001 ) T:428 (   0.001   0.003   0.003   0.003   0.003   0.003 )
4289.964: I:1 (   0.002   0.002   0.002 ) T:429 (   0.001   0.003   0.003   0.003   0.003   0.003 )
4299.964: I:1 (   0.001   0.001   0.001 ) T:430 (   0.001   0.003   0.003   0.003   0.003   0.003 )
4309.964: I:1 (   0.001   0.001   0.001 ) T:431 (   0.001   0.003   0.003   0.003   0.003   0.003 )
4319.964: I:1 (   0.001   0.001   0.001 ) T:432 (   0.001   0.003   0.003   0.003   0.003   0.003 )
4329.964: I:1 (   0.001   0.001   0.001 ) T:433 (   0.001   0.003   0.003   0.003   0.003   0.003 )
4339.964: I:1 (   0.001   0.001   0.001 ) T:434 (   0.001   0.003   0.003   0.003   0.003   0.003 )
4349.964: I:1 (   0.001   0.001   0.001 ) T:435 (   0.001   0.003   0.003   0.003   0.003   0.003 )
4359.964: I:1 (   0.001   0.001   0.001 ) T:436 (   0.001   0.003   0.003   0.003   0.003   0.003 )
4369.964: I:1 (   0.002   0.002   0.002 ) T:437 (   0.001   0.003   0.003   0.003   0.003   0.003 )
4379.964: I:1 (   0.002   0.002   0.002 ) T:438 (   0.001   0.003   0.003   0.003   0.003   0.003 )
4389.964: I:1 (   0.002   0.002   0.002 ) T:439 (   0.001   0.003   0.003   0.003   0.003   0.003 )
4399.964: I:1 (   0.001   0.001   0.001 ) T:440 (   0.001   0.003   0.003   0.003   0.003   0.003 )
4409.964: I:1 (   0.002   0.002   0.002 ) T:441 (   0.001   0.003   0.003   0.003   0.003   0.003 )
4419.964: I:1 (   0.001   0.001   0.001 ) T:442 (   0.001   0.003   0.003   0.003   0.003   0.003 )
4429.964: I:1 (   0.001   0.001   0.001 ) T:443 (   0.001   0.003   0.003   0.003   0.003   0.003 )
4439.964: I:1 (   0.001   0.001   0.001 ) T:444 (   0.001   0.003   0.003   0.003   0.003   0.003 )
4449.964: I:1 (   0.002   0.002   0.002 ) T:445 (   0.001   0.003   0.003   0.003   0.003   0.003 )
4459.964: I:1 (   0.001   0.001   0.001 ) T:446 (   0.001   0.003   0.003   0.003   0.003   0.003 )
4469.964: I:1 (   0.001   0.001   0.001 ) T:447 (   0.001   0.003   0.003   0.003   0.003   0.003 )
4479.964: I:1 (   0.002   0.002   0.002 ) T:448 (   0.001   0.003   0.003   0.003   0.003   0.003 )
4489.964: I:1 (   0.002   0.002   0.002 ) T:449 (   0.001   0.003   0.003   0.003   0.003   0.003 )
4499.964: I:1 (   0.002   0.002   0.002 ) T:450 (   0.001   0.003   0.003   0.003   0.003   0.003 )
4509.964: I:1 (   0.001   0.001   0.001 ) T:451 (   0.001   0.003   0.003   0.003   0.003   0.003 )
4519.964: I:1 (   0.001   0.001   0.001 ) T:452 (   0.001   0.003   0.003   0.003   0.003   0.003 )
4529.964: I:1 (   0.002   0.002   0.002 ) T:453 (   0.001   0.003   0.003   0.003   0.003   0.003 )
4539.980: I:1 (   0.002   0.002   0.002 ) T:454 (   0.001   0.003   0.003   0.003   0.003   0.003 )
4549.964: I:1 (   0.002   0.002   0.002 ) T:455 (   0.001   0.003   0.003   0.003   0.003   0.003 )
4559.964: I:1 (   0.002   0.002   0.002 ) T:456 (   0.001   0.003   0.003   0.003   0.003   0.003 )
4569.964: I:1 (   0.002   0.002   0.002 ) T:457 (   0.001   0.003   0.003   0.003   0.003   0.003 )
4579.964: I:1 (   0.002   0.002   0.002 ) T:458 (   0.001   0.003   0.003   0.003   0.003   0.003 )
4589.964: I:1 (   0.002   0.002   0.002 ) T:459 (   0.001   0.003   0.003   0.003   0.003   0.003 )
4599.964: I:1 (   0.002   0.002   0.002 ) T:460 (   0.001   0.003   0.003   0.003   0.003   0.003 )
4609.964: I:1 (   0.001   0.001   0.001 ) T:461 (   0.001   0.003   0.003   0.003   0.003   0.003 )
4619.964: I:1 (   0.002   0.002   0.002 ) T:462 (   0.001   0.003   0.003   0.003   0.003   0.003 )
4629.964: I:1 (   0.002   0.002   0.002 ) T:463 (   0.001   0.003   0.003   0.003   0.003   0.003 )
4639.964: I:1 (   0.001   0.001   0.001 ) T:464 (   0.001   0.003   0.003   0.003   0.003   0.003 )
4649.964: I:1 (   0.001   0.001   0.001 ) T:465 (   0.001   0.003   0.003   0.003   0.003   0.003 )
4659.964: I:1 (   0.002   0.002   0.002 ) T:466 (   0.001   0.003   0.003   0.003   0.003   0.003 )
4669.964: I:1 (   0.002   0.002   0.002 ) T:467 (   0.001   0.003   0.003   0.003   0.003   0.003 )
4679.964: I:1 (   0.002   0.002   0.002 ) T:468 (   0.001   0.003   0.003   0.003   0.003   0.003 )
4689.964: I:1 (   0.002   0.002   0.002 ) T:469 (   0.001   0.003   0.003   0.003   0.003   0.003 )
4699.964: I:1 (   0.002   0.002   0.002 ) T:470 (   0.001   0.003   0.003   0.003   0.003   0.003 )
4709.964: I:1 (   0.002   0.002   0.002 ) T:471 (   0.001   0.003   0.003   0.003   0.003   0.003 )
4719.964: I:1 (   0.002   0.002   0.002 ) T:472 (   0.001   0.003   0.003   0.003   0.003   0.003 )
4729.964: I:1 (   0.002   0.002   0.002 ) T:473 (   0.002   0.003   0.003   0.003   0.003   0.003 )
4739.964: I:1 (   0.002   0.002   0.002 ) T:474 (   0.002   0.003   0.003   0.003   0.003   0.003 )
4749.964: I:1 (   0.002   0.002   0.002 ) T:475 (   0.002   0.003   0.003   0.003   0.003   0.003 )
4759.964: I:1 (   0.002   0.002   0.002 ) T:476 (   0.002   0.003   0.003   0.003   0.003   0.003 )
4769.964: I:1 (   0.002   0.002   0.002 ) T:477 (   0.002   0.003   0.003   0.003   0.003   0.003 )
4779.964: I:1 (   0.002   0.002   0.002 ) T:478 (   0.002   0.003   0.003   0.003   0.003   0.003 )
4789.964: I:1 (   0.002   0.002   0.002 ) T:479 (   0.002   0.003   0.003   0.003   0.003   0.003 )
4799.964: I:1 (   0.002   0.002   0.002 ) T:480 (   0.002   0.003   0.003   0.003   0.003   0.003 )
4809.964: I:1 (   0.002   0.002   0.002 ) T:481 (   0.002   0.003   0.003   0.003   0.003   0.003 )
4819.964: I:1 (   0.002   0.002   0.002 ) T:482 (   0.002   0.003   0.003   0.003   0.003   0.003 )
4829.964: I:1 (   0.001   0.001   0.001 ) T:483 (   0.002   0.003   0.003   0.003   0.003   0.003 )
4839.964: I:1 (   0.001   0.001   0.001 ) T:484 (   0.002   0.003   0.003   0.003   0.003   0.003 )
4849.964: I:1 (   0.001   0.001   0.001 ) T:485 (   0.002   0.003   0.003   0.003   0.003   0.003 )
4859.964: I:1 (   0.001   0.001   0.001 ) T:486 (   0.002   0.003   0.003   0.003   0.003   0.003 )
4869.964: I:1 (   0.001   0.001   0.001 ) T:487 (   0.002   0.003   0.003   0.003   0.003   0.003 )
4879.964: I:1 (   0.001   0.001   0.001 ) T:488 (   0.002   0.003   0.003   0.003   0.003   0.003 )
4889.964: I:1 (   0.001   0.001   0.001 ) T:489 (   0.002   0.003   0.003   0.003   0.003   0.003 )
4899.964: I:1 (   0.001   0.001   0.001 ) T:490 (   0.002   0.003   0.003   0.003   0.003   0.003 )
4909.964: I:1 (   0.001   0.001   0.001 ) T:491 (   0.002   0.003   0.003   0.003   0.003   0.003 )
4919.964: I:1 (   0.001   0.001   0.001 ) T:492 (   0.001   0.003   0.003   0.003   0.003   0.003 )
4929.964: I:1 (   0.001   0.001   0.001 ) T:493 (   0.001   0.003   0.003   0.003   0.003   0.003 )
4939.964: I:1 (   0.001   0.001   0.001 ) T:494 (   0.001   0.003   0.003   0.003   0.003   0.003 )
4949.967: I:1 (   0.001   0.001   0.001 ) T:495 (   0.001   0.003   0.003   0.003   0.003   0.003 )
4959.964: I:1 (   0.001   0.001   0.001 ) T:496 (   0.001   0.003   0.003   0.003   0.003   0.003 )
4969.964: I:1 (   0.001   0.001   0.001 ) T:497 (   0.001   0.003   0.003   0.003   0.003   0.003 )
4979.964: I:1 (   0.001   0.001   0.001 ) T:498 (   0.001   0.003   0.003   0.003   0.003   0.003 )
4989.964: I:1 (   0.001   0.001   0.001 ) T:499 (   0.001   0.003   0.003   0.003   0.003   0.003 )
4999.964: I:1 (   0.001   0.001   0.001 ) T:500 (   0.001   0.002   0.003   0.003   0.003   0.003 )
5009.964: I:1 (   0.001   0.001   0.001 ) T:501 (   0.001   0.002   0.003   0.003   0.003   0.003 )
5019.964: I:1 (   0.001   0.001   0.001 ) T:502 (   0.001   0.002   0.003   0.003   0.003   0.003 )
5029.964: I:1 (   0.001   0.001   0.001 ) T:503 (   0.001   0.002   0.003   0.003   0.003   0.003 )
5039.964: I:1 (   0.001   0.001   0.001 ) T:504 (   0.001   0.002   0.003   0.003   0.003   0.003 )
5049.964: I:1 (   0.001   0.001   0.001 ) T:505 (   0.001   0.002   0.003   0.003   0.003   0.003 )
5059.964: I:1 (   0.001   0.001   0.001 ) T:506 (   0.001   0.002   0.003   0.003   0.003   0.003 )
5069.964: I:1 (   0.001   0.001   0.001 ) T:507 (   0.001   0.002   0.003   0.003   0.003   0.003 )
5079.964: I:1 (   0.001   0.001   0.001 ) T:508 (   0.001   0.002   0.003   0.003   0.003   0.003 )
5089.964: I:1 (   0.001   0.001   0.001 ) T:509 (   0.001   0.002   0.003   0.003   0.003   0.003 )
5099.964: I:1 (   0.001   0.001   0.001 ) T:510 (   0.001   0.002   0.003   0.003   0.003   0.003 )
5109.964: I:1 (   0.001   0.001   0.001 ) T:511 (   0.001   0.002   0.003   0.003   0.003   0.003 )
5119.964: I:1 (   0.001   0.001   0.001 ) T:512 (   0.001   0.002   0.003   0.003   0.003   0.003 )
5129.964: I:1 (   0.001   0.001   0.001 ) T:513 (   0.001   0.002   0.003   0.003   0.003   0.003 )
5139.964: I:1 (   0.001   0.001   0.001 ) T:514 (   0.001   0.002   0.003   0.003   0.003   0.003 )
5149.964: I:1 (   0.001   0.001   0.001 ) T:515 (   0.001   0.002   0.003   0.003   0.003   0.003 )
5159.964: I:1 (   0.001   0.001   0.001 ) T:516 (   0.001   0.002   0.003   0.003   0.003   0.003 )
5169.964: I:1 (   0.001   0.001   0.001 ) T:517 (   0.001   0.002   0.003   0.003   0.003   0.003 )
5179.964: I:1 (   0.001   0.001   0.001 ) T:518 (   0.001   0.002   0.003   0.003   0.003   0.003 )
5189.964: I:1 (   0.001   0.001   0.001 ) T:519 (   0.001   0.002   0.003   0.003   0.003   0.003 )
5199.964: I:1 (   0.001   0.001   0.001 ) T:520 (   0.001   0.002   0.003   0.003   0.003   0.003 )
5209.964: I:1 (   0.001   0.001   0.001 ) T:521 (   0.001   0.002   0.003   0.003   0.003   0.003 )
5219.964: I:1 (   0.001   0.001   0.001 ) T:522 (   0.001   0.002   0.003   0.003   0.003   0.003 )
5229.964: I:1 (   0.001   0.001   0.001 ) T:523 (   0.001   0.002   0.003   0.003   0.003   0.003 )
5239.964: I:1 (   0.001   0.001   0.001 ) T:524 (   0.001   0.002   0.003   0.003   0.003   0.003 )
5249.964: I:1 (   0.001   0.001   0.001 ) T:525 (   0.001   0.002   0.003   0.003   0.003   0.003 )
5259.964: I:1 (   0.001   0.001   0.001 ) T:526 (   0.001   0.002   0.003   0.003   0.003   0.003 )
5269.964: I:1 (   0.001   0.001   0.001 ) T:527 (   0.001   0.002   0.003   0.003   0.003   0.003 )
5279.964: I:1 (   0.001   0.001   0.001 ) T:528 (   0.001   0.002   0.003   0.003   0.003   0.003 )
5289.967: I:1 (   0.001   0.001   0.001 ) T:529 (   0.001   0.002   0.003   0.003   0.003   0.003 )
5299.964: I:1 (   0.001   0.001   0.001 ) T:530 (   0.001   0.002   0.003   0.003   0.003   0.003 )
5309.964: I:1 (   0.001   0.001   0.001 ) T:531 (   0.001   0.002   0.003   0.003   0.003   0.003 )
5319.964: I:1 (   0.001   0.001   0.001 ) T:532 (   0.001   0.002   0.003   0.003   0.003   0.003 )
5329.964: I:1 (   0.002   0.002   0.002 ) T:533 (   0.001   0.002   0.003   0.003   0.003   0.003 )
5339.964: I:1 (   0.002   0.002   0.002 ) T:534 (   0.001   0.002   0.003   0.003   0.003   0.003 )
5349.964: I:1 (   0.001   0.001   0.001 ) T:535 (   0.001   0.002   0.003   0.003   0.003   0.003 )
5359.964: I:1 (   0.001   0.001   0.001 ) T:536 (   0.001   0.002   0.003   0.003   0.003   0.003 )
5369.964: I:1 (   0.002   0.002   0.002 ) T:537 (   0.001   0.002   0.003   0.003   0.003   0.003 )
5379.964: I:1 (   0.002   0.002   0.002 ) T:538 (   0.001   0.002   0.003   0.003   0.003   0.003 )
5389.964: I:1 (   0.001   0.001   0.001 ) T:539 (   0.001   0.002   0.003   0.003   0.003   0.003 )
5399.964: I:1 (   0.001   0.001   0.001 ) T:540 (   0.001   0.002   0.003   0.003   0.003   0.003 )
5409.964: I:1 (   0.001   0.001   0.001 ) T:541 (   0.001   0.002   0.003   0.003   0.003   0.003 )
5419.964: I:1 (   0.001   0.001   0.001 ) T:542 (   0.001   0.002   0.003   0.003   0.003   0.003 )
5429.964: I:1 (   0.001   0.001   0.001 ) T:543 (   0.001   0.002   0.003   0.003   0.003   0.003 )
5439.964: I:1 (   0.001   0.001   0.001 ) T:544 (   0.001   0.002   0.003   0.003   0.003   0.003 )
5449.964: I:1 (   0.001   0.001   0.001 ) T:545 (   0.001   0.002   0.003   0.003   0.003   0.003 )
5459.964: I:1 (   0.002   0.002   0.002 ) T:546 (   0.001   0.002   0.003   0.003   0.003   0.003 )
5469.964: I:1 (   0.001   0.001   0.001 ) T:547 (   0.001   0.002   0.003   0.003   0.003   0.003 )
5479.964: I:1 (   0.001   0.001   0.001 ) T:548 (   0.001   0.002   0.003   0.003   0.003   0.003 )
5489.964: I:1 (   0.001   0.001   0.001 ) T:549 (   0.001   0.002   0.003   0.003   0.003   0.003 )
5499.964: I:1 (   0.002   0.002   0.002 ) T:550 (   0.001   0.002   0.003   0.003   0.003   0.003 )
5509.964: I:1 (   0.002   0.002   0.002 ) T:551 (   0.001   0.002   0.003   0.003   0.003   0.003 )
5519.964: I:1 (   0.001   0.001   0.001 ) T:552 (   0.001   0.002   0.003   0.003   0.003   0.003 )
5529.964: I:1 (   0.001   0.001   0.001 ) T:553 (   0.001   0.002   0.003   0.003   0.003   0.003 )
5539.964: I:1 (   0.001   0.001   0.001 ) T:554 (   0.001   0.002   0.003   0.003   0.003   0.003 )
5549.964: I:1 (   0.001   0.001   0.001 ) T:555 (   0.001   0.002   0.003   0.003   0.003   0.003 )
5559.964: I:1 (   0.002   0.002   0.002 ) T:556 (   0.001   0.002   0.003   0.003   0.003   0.003 )
5569.964: I:1 (   0.001   0.001   0.001 ) T:557 (   0.001   0.002   0.003   0.003   0.003   0.003 )
5579.964: I:1 (   0.001   0.001   0.001 ) T:558 (   0.001   0.002   0.003   0.003   0.003   0.003 )
5589.964: I:1 (   0.002   0.002   0.002 ) T:559 (   0.001   0.002   0.003   0.003   0.003   0.003 )
5599.964: I:1 (   0.002   0.002   0.002 ) T:560 (   0.001   0.002   0.003   0.003   0.003   0.003 )
5609.972: I:1 (   0.001   0.001   0.001 ) T:561 (   0.001   0.002   0.003   0.003   0.003   0.003 )
5619.965: I:1 (   0.001   0.001   0.001 ) T:562 (   0.001   0.002   0.003   0.003   0.003   0.003 )
5629.964: I:1 (   0.001   0.001   0.001 ) T:563 (   0.001   0.002   0.003   0.003   0.003   0.003 )
5639.964: I:1 (   0.002   0.002   0.002 ) T:564 (   0.001   0.002   0.003   0.003   0.003   0.003 )
5649.964: I:1 (   0.001   0.001   0.001 ) T:565 (   0.001   0.002   0.003   0.003   0.003   0.003 )
5660.089: I:1 (   0.001   0.001   0.001 ) T:566 (   0.001   0.002   0.003   0.003   0.003   0.003 )
5669.964: I:1 (   0.001   0.001   0.001 ) T:567 (   0.001   0.002   0.003   0.003   0.003   0.003 )
5679.964: I:1 (   0.002   0.002   0.002 ) T:568 (   0.001   0.002   0.003   0.003   0.003   0.003 )
5689.964: I:1 (   0.002   0.002   0.002 ) T:569 (   0.001   0.002   0.003   0.003   0.003   0.003 )
5699.964: I:1 (   0.002   0.002   0.002 ) T:570 (   0.001   0.002   0.003   0.003   0.003   0.003 )
5709.964: I:1 (   0.002   0.002   0.002 ) T:571 (   0.001   0.002   0.003   0.003   0.003   0.003 )
5719.964: I:1 (   0.002   0.002   0.002 ) T:572 (   0.001   0.002   0.003   0.003   0.003   0.003 )
5729.964: I:1 (   0.002   0.002   0.002 ) T:573 (   0.001   0.002   0.003   0.003   0.003   0.003 )
5739.964: I:1 (   0.002   0.002   0.002 ) T:574 (   0.001   0.002   0.003   0.003   0.003   0.003 )
5749.964: I:1 (   0.002   0.002   0.002 ) T:575 (   0.001   0.002   0.003   0.003   0.003   0.003 )
5759.964: I:1 (   0.001   0.001   0.001 ) T:576 (   0.001   0.002   0.003   0.003   0.003   0.003 )
5769.964: I:1 (   0.001   0.001   0.001 ) T:577 (   0.001   0.002   0.003   0.003   0.003   0.003 )
5779.964: I:1 (   0.002   0.002   0.002 ) T:578 (   0.001   0.002   0.003   0.003   0.003   0.003 )
5789.964: I:1 (   0.002   0.002   0.002 ) T:579 (   0.001   0.002   0.003   0.003   0.003   0.003 )
5799.964: I:1 (   0.002   0.002   0.002 ) T:580 (   0.001   0.002   0.003   0.003   0.003   0.003 )
5809.964: I:1 (   0.002   0.002   0.002 ) T:581 (   0.001   0.002   0.003   0.003   0.003   0.003 )
5819.964: I:1 (   0.002   0.002   0.002 ) T:582 (   0.001   0.002   0.003   0.003   0.003   0.003 )
5829.964: I:1 (   0.001   0.001   0.001 ) T:583 (   0.001   0.002   0.003   0.003   0.003   0.003 )
5839.964: I:1 (   0.001   0.001   0.001 ) T:584 (   0.001   0.002   0.003   0.003   0.003   0.003 )
5849.964: I:1 (   0.001   0.001   0.001 ) T:585 (   0.001   0.002   0.003   0.003   0.003   0.003 )
5859.964: I:1 (   0.001   0.001   0.001 ) T:586 (   0.001   0.002   0.003   0.003   0.003   0.003 )
5869.964: I:1 (   0.001   0.001   0.001 ) T:587 (   0.001   0.002   0.003   0.003   0.003   0.003 )
5879.964: I:1 (   0.001   0.001   0.001 ) T:588 (   0.001   0.002   0.003   0.003   0.003   0.003 )
5889.964: I:1 (   0.001   0.001   0.001 ) T:589 (   0.001   0.002   0.003   0.003   0.003   0.003 )
5899.964: I:1 (   0.001   0.001   0.001 ) T:590 (   0.001   0.002   0.003   0.003   0.003   0.003 )
5909.964: I:1 (   0.001   0.001   0.001 ) T:591 (   0.001   0.002   0.003   0.003   0.003   0.003 )
5919.964: I:1 (   0.001   0.001   0.001 ) T:592 (   0.001   0.002   0.003   0.003   0.003   0.003 )
5929.964: I:1 (   0.001   0.001   0.001 ) T:593 (   0.001   0.002   0.003   0.003   0.003   0.003 )
5939.964: I:1 (   0.001   0.001   0.001 ) T:594 (   0.001   0.002   0.003   0.003   0.003   0.003 )
5949.964: I:1 (   0.001   0.001   0.001 ) T:595 (   0.001   0.002   0.003   0.003   0.003   0.003 )
5959.964: I:1 (   0.001   0.001   0.001 ) T:596 (   0.001   0.002   0.003   0.003   0.003   0.003 )
5969.964: I:1 (   0.001   0.001   0.001 ) T:597 (   0.001   0.002   0.003   0.003   0.003   0.003 )
5979.964: I:1 (   0.001   0.001   0.001 ) T:598 (   0.001   0.002   0.003   0.003   0.003   0.003 )
5989.964: I:1 (   0.001   0.001   0.001 ) T:599 (   0.001   0.002   0.003   0.003   0.003   0.003 )
5999.964: I:1 (   0.001   0.001   0.001 ) T:600 (   0.001   0.002   0.003   0.003   0.003   0.003 )
6009.964: I:1 (   0.001   0.001   0.001 ) T:601 (   0.001   0.002   0.003   0.003   0.003   0.003 )
6019.964: I:1 (   0.001   0.001   0.001 ) T:602 (   0.001   0.002   0.003   0.003   0.003   0.003 )
6029.964: I:1 (   0.001   0.001   0.001 ) T:603 (   0.001   0.002   0.003   0.003   0.003   0.003 )
6039.964: I:1 (   0.001   0.001   0.001 ) T:604 (   0.001   0.002   0.003   0.003   0.003   0.003 )
6049.964: I:1 (   0.001   0.001   0.001 ) T:605 (   0.001   0.002   0.003   0.003   0.003   0.003 )
6059.964: I:1 (   0.001   0.001   0.001 ) T:606 (   0.001   0.002   0.003   0.003   0.003   0.003 )
6069.964: I:1 (   0.001   0.001   0.001 ) T:607 (   0.001   0.002   0.003   0.003   0.003   0.003 )
6079.964: I:1 (   0.001   0.001   0.001 ) T:608 (   0.001   0.002   0.003   0.003   0.003   0.003 )
6089.964: I:1 (   0.001   0.001   0.001 ) T:609 (   0.001   0.002   0.003   0.003   0.003   0.003 )
6099.964: I:1 (   0.001   0.001   0.001 ) T:610 (   0.001   0.002   0.003   0.003   0.003   0.003 )
6109.964: I:1 (   0.001   0.001   0.001 ) T:611 (   0.001   0.002   0.003   0.003   0.003   0.003 )
6119.964: I:1 (   0.001   0.001   0.001 ) T:612 (   0.001   0.002   0.003   0.003   0.003   0.003 )
6129.964: I:1 (   0.001   0.001   0.001 ) T:613 (   0.001   0.002   0.003   0.003   0.003   0.003 )
6139.964: I:1 (   0.001   0.001   0.001 ) T:614 (   0.001   0.002   0.003   0.003   0.003   0.003 )
6149.964: I:1 (   0.002   0.002   0.002 ) T:615 (   0.001   0.002   0.003   0.003   0.003   0.003 )
6159.964: I:1 (   0.001   0.001   0.001 ) T:616 (   0.001   0.002   0.003   0.003   0.003   0.003 )
6169.964: I:1 (   0.001   0.001   0.001 ) T:617 (   0.001   0.002   0.003   0.003   0.003   0.003 )
6179.964: I:1 (   0.001   0.001   0.001 ) T:618 (   0.001   0.002   0.003   0.003   0.003   0.003 )
6189.964: I:1 (   0.001   0.001   0.001 ) T:619 (   0.001   0.002   0.003   0.003   0.003   0.003 )
6199.964: I:1 (   0.001   0.001   0.001 ) T:620 (   0.001   0.002   0.003   0.003   0.003   0.003 )
6209.964: I:1 (   0.001   0.001   0.001 ) T:621 (   0.001   0.002   0.003   0.003   0.003   0.003 )
6219.964: I:1 (   0.001   0.001   0.001 ) T:622 (   0.001   0.002   0.003   0.003   0.003   0.003 )
6229.964: I:1 (   0.001   0.001   0.001 ) T:623 (   0.001   0.002   0.003   0.003   0.003   0.003 )
6239.964: I:1 (   0.001   0.001   0.001 ) T:624 (   0.001   0.002   0.003   0.003   0.003   0.003 )
6249.964: I:1 (   0.001   0.001   0.001 ) T:625 (   0.001   0.002   0.003   0.003   0.003   0.003 )
6259.964: I:1 (   0.001   0.001   0.001 ) T:626 (   0.001   0.002   0.003   0.003   0.003   0.003 )
6269.964: I:1 (   0.001   0.001   0.001 ) T:627 (   0.001   0.002   0.003   0.003   0.003   0.003 )
6279.964: I:1 (   0.002   0.002   0.002 ) T:628 (   0.001   0.002   0.003   0.003   0.003   0.003 )
6289.964: I:1 (   0.002   0.002   0.002 ) T:629 (   0.001   0.002   0.003   0.003   0.003   0.003 )
6299.964: I:1 (   0.002   0.002   0.002 ) T:630 (   0.001   0.002   0.003   0.003   0.003   0.003 )
6309.964: I:1 (   0.002   0.002   0.002 ) T:631 (   0.001   0.002   0.003   0.003   0.003   0.003 )
6319.964: I:1 (   0.002   0.002   0.002 ) T:632 (   0.001   0.002   0.003   0.003   0.003   0.003 )
6329.964: I:1 (   0.002   0.002   0.002 ) T:633 (   0.001   0.002   0.003   0.003   0.003   0.003 )
6339.964: I:1 (   0.002   0.002   0.002 ) T:634 (   0.001   0.002   0.003   0.003   0.003   0.003 )
6349.964: I:1 (   0.001   0.001   0.001 ) T:635 (   0.001   0.002   0.003   0.003   0.003   0.003 )
6359.964: I:1 (   0.002   0.002   0.002 ) T:636 (   0.001   0.002   0.003   0.003   0.003   0.003 )
6369.965: I:1 (   0.002   0.002   0.002 ) T:637 (   0.001   0.002   0.003   0.003   0.003   0.003 )
6379.965: I:1 (   0.002   0.002   0.002 ) T:638 (   0.001   0.002   0.003   0.003   0.003   0.003 )
6389.964: I:1 (   0.002   0.002   0.002 ) T:639 (   0.001   0.002   0.003   0.003   0.003   0.003 )
6399.964: I:1 (   0.002   0.002   0.002 ) T:640 (   0.001   0.002   0.003   0.003   0.003   0.003 )
6409.964: I:1 (   0.002   0.002   0.002 ) T:641 (   0.001   0.002   0.003   0.003   0.003   0.003 )
6419.964: I:1 (   0.001   0.001   0.001 ) T:642 (   0.001   0.002   0.003   0.003   0.003   0.003 )
6429.964: I:1 (   0.001   0.001   0.001 ) T:643 (   0.001   0.002   0.003   0.003   0.003   0.003 )
6439.964: I:1 (   0.002   0.002   0.002 ) T:644 (   0.001   0.002   0.003   0.003   0.003   0.003 )
6449.964: I:1 (   0.002   0.002   0.002 ) T:645 (   0.001   0.002   0.003   0.003   0.003   0.003 )
6459.964: I:1 (   0.002   0.002   0.002 ) T:646 (   0.001   0.002   0.003   0.003   0.003   0.003 )
6469.964: I:1 (   0.002   0.002   0.002 ) T:647 (   0.001   0.002   0.003   0.003   0.003   0.003 )
6479.964: I:1 (   0.002   0.002   0.002 ) T:648 (   0.001   0.002   0.003   0.003   0.003   0.003 )
6489.964: I:1 (   0.002   0.002   0.002 ) T:649 (   0.001   0.002   0.003   0.003   0.003   0.003 )
6499.964: I:1 (   0.002   0.002   0.002 ) T:650 (   0.001   0.002   0.003   0.003   0.003   0.003 )
6509.964: I:1 (   0.002   0.002   0.002 ) T:651 (   0.001   0.002   0.003   0.003   0.003   0.003 )
6519.964: I:1 (   0.001   0.001   0.001 ) T:652 (   0.001   0.002   0.003   0.003   0.003   0.003 )
6529.964: I:1 (   0.002   0.002   0.002 ) T:653 (   0.001   0.002   0.003   0.003   0.003   0.003 )
6539.964: I:1 (   0.002   0.002   0.002 ) T:654 (   0.001   0.002   0.003   0.003   0.003   0.003 )
6549.964: I:1 (   0.002   0.002   0.002 ) T:655 (   0.001   0.002   0.003   0.003   0.003   0.003 )
6559.964: I:1 (   0.002   0.002   0.002 ) T:656 (   0.001   0.002   0.003   0.003   0.003   0.003 )
6569.964: I:1 (   0.002   0.002   0.002 ) T:657 (   0.001   0.002   0.003   0.003   0.003   0.003 )
6579.964: I:1 (   0.002   0.002   0.002 ) T:658 (   0.001   0.002   0.003   0.003   0.003   0.003 )
6589.964: I:1 (   0.002   0.002   0.002 ) T:659 (   0.001   0.002   0.003   0.003   0.003   0.003 )
6600.408: I:1 (   0.001   0.001   0.001 ) T:660 (   0.001   0.002   0.003   0.003   0.003   0.003 )
6609.964: I:1 (   0.002   0.002   0.002 ) T:661 (   0.001   0.002   0.003   0.003   0.003   0.003 )
6619.964: I:1 (   0.002   0.002   0.002 ) T:662 (   0.001   0.002   0.003   0.003   0.003   0.003 )
6629.964: I:1 (   0.002   0.002   0.002 ) T:663 (   0.001   0.002   0.003   0.003   0.003   0.003 )
6639.964: I:1 (   0.002   0.002   0.002 ) T:664 (   0.001   0.002   0.003   0.003   0.003   0.003 )
6649.964: I:1 (   0.002   0.002   0.002 ) T:665 (   0.001   0.002   0.003   0.003   0.003   0.003 )
6659.964: I:1 (   0.002   0.002   0.002 ) T:666 (   0.001   0.002   0.003   0.003   0.003   0.003 )
6669.964: I:1 (   0.002   0.002   0.002 ) T:667 (   0.001   0.002   0.003   0.003   0.003   0.003 )
6679.964: I:1 (   0.002   0.002   0.002 ) T:668 (   0.001   0.002   0.003   0.003   0.003   0.003 )
6689.964: I:1 (   0.002   0.002   0.002 ) T:669 (   0.001   0.002   0.003   0.003   0.003   0.003 )
6699.964: I:1 (   0.002   0.002   0.002 ) T:670 (   0.001   0.002   0.003   0.003   0.003   0.003 )
6709.964: I:1 (   0.002   0.002   0.002 ) T:671 (   0.001   0.002   0.003   0.003   0.003   0.003 )
6719.964: I:1 (   0.002   0.002   0.002 ) T:672 (   0.001   0.002   0.003   0.003   0.003   0.003 )
6729.964: I:1 (   0.002   0.002   0.002 ) T:673 (   0.001   0.002   0.003   0.003   0.003   0.003 )
6739.964: I:1 (   0.002   0.002   0.002 ) T:674 (   0.001   0.002   0.003   0.003   0.003   0.003 )
6749.964: I:1 (   0.002   0.002   0.002 ) T:675 (   0.001   0.002   0.003   0.003   0.003   0.003 )
6759.964: I:1 (   0.001   0.001   0.001 ) T:676 (   0.001   0.002   0.003   0.003   0.003   0.003 )
6769.964: I:1 (   0.001   0.001   0.001 ) T:677 (   0.001   0.002   0.003   0.003   0.003   0.003 )
6779.964: I:1 (   0.001   0.001   0.001 ) T:678 (   0.001   0.002   0.003   0.003   0.003   0.003 )
6789.964: I:1 (   0.001   0.001   0.001 ) T:679 (   0.001   0.002   0.003   0.003   0.003   0.003 )
6799.964: I:1 (   0.001   0.001   0.001 ) T:680 (   0.001   0.002   0.003   0.003   0.003   0.003 )
6809.964: I:1 (   0.001   0.001   0.001 ) T:681 (   0.001   0.002   0.003   0.003   0.003   0.003 )
6819.964: I:1 (   0.001   0.001   0.001 ) T:682 (   0.001   0.002   0.003   0.003   0.003   0.003 )
6829.964: I:1 (   0.001   0.001   0.001 ) T:683 (   0.001   0.002   0.003   0.003   0.003   0.003 )
6839.964: I:1 (   0.001   0.001   0.001 ) T:684 (   0.001   0.002   0.003   0.003   0.003   0.003 )
6849.964: I:1 (   0.001   0.001   0.001 ) T:685 (   0.001   0.002   0.003   0.003   0.003   0.003 )
6859.964: I:1 (   0.001   0.001   0.001 ) T:686 (   0.001   0.002   0.003   0.003   0.003   0.003 )
6869.964: I:1 (   0.001   0.001   0.001 ) T:687 (   0.001   0.002   0.003   0.003   0.003   0.003 )
6879.964: I:1 (   0.001   0.001   0.001 ) T:688 (   0.001   0.002   0.003   0.003   0.003   0.003 )
6889.964: I:1 (   0.001   0.001   0.001 ) T:689 (   0.001   0.002   0.003   0.003   0.003   0.003 )
6899.964: I:1 (   0.001   0.001   0.001 ) T:690 (   0.001   0.002   0.003   0.003   0.003   0.003 )
6909.964: I:1 (   0.001   0.001   0.001 ) T:691 (   0.001   0.002   0.003   0.003   0.003   0.003 )
6919.964: I:1 (   0.001   0.001   0.001 ) T:692 (   0.001   0.002   0.003   0.003   0.003   0.003 )
6929.964: I:1 (   0.001   0.001   0.001 ) T:693 (   0.001   0.002   0.003   0.003   0.003   0.003 )
6939.964: I:1 (   0.001   0.001   0.001 ) T:694 (   0.001   0.002   0.003   0.003   0.003   0.003 )
6949.964: I:1 (   0.001   0.001   0.001 ) T:695 (   0.001   0.002   0.003   0.003   0.003   0.003 )
6959.964: I:1 (   0.001   0.001   0.001 ) T:696 (   0.001   0.002   0.003   0.003   0.003   0.003 )
6969.964: I:1 (   0.001   0.001   0.001 ) T:697 (   0.001   0.002   0.003   0.003   0.003   0.003 )
6979.964: I:1 (   0.001   0.001   0.001 ) T:698 (   0.001   0.002   0.003   0.003   0.003   0.003 )
6989.964: I:1 (   0.001   0.001   0.001 ) T:699 (   0.001   0.002   0.003   0.003   0.003   0.003 )
6999.964: I:1 (   0.001   0.001   0.001 ) T:700 (   0.001   0.002   0.003   0.003   0.003   0.003 )
7009.964: I:1 (   0.001   0.001   0.001 ) T:701 (   0.001   0.002   0.003   0.003   0.003   0.003 )
7019.964: I:1 (   0.001   0.001   0.001 ) T:702 (   0.001   0.002   0.003   0.003   0.003   0.003 )
7029.964: I:1 (   0.001   0.001   0.001 ) T:703 (   0.001   0.002   0.003   0.003   0.003   0.003 )
7039.964: I:1 (   0.001   0.001   0.001 ) T:704 (   0.001   0.002   0.003   0.003   0.003   0.003 )
7049.964: I:1 (   0.001   0.001   0.001 ) T:705 (   0.001   0.002   0.003   0.003   0.003   0.003 )
7059.964: I:1 (   0.001   0.001   0.001 ) T:706 (   0.001   0.002   0.003   0.003   0.003   0.003 )
7069.964: I:1 (   0.001   0.001   0.001 ) T:707 (   0.001   0.002   0.003   0.003   0.003   0.003 )
7079.964: I:1 (   0.001   0.001   0.001 ) T:708 (   0.001   0.002   0.003   0.003   0.003   0.003 )
7089.964: I:1 (   0.001   0.001   0.001 ) T:709 (   0.001   0.002   0.003   0.003   0.003   0.003 )
7099.964: I:1 (   0.001   0.001   0.001 ) T:710 (   0.001   0.002   0.003   0.003   0.003   0.003 )
7109.964: I:1 (   0.001   0.001   0.001 ) T:711 (   0.001   0.002   0.003   0.003   0.003   0.003 )
7119.964: I:1 (   0.001   0.001   0.001 ) T:712 (   0.001   0.002   0.003   0.003   0.003   0.003 )
7129.964: I:1 (   0.001   0.001   0.001 ) T:713 (   0.001   0.002   0.003   0.003   0.003   0.003 )
7139.964: I:1 (   0.001   0.001   0.001 ) T:714 (   0.001   0.002   0.003   0.003   0.003   0.003 )
7149.964: I:1 (   0.001   0.001   0.001 ) T:715 (   0.001   0.002   0.003   0.003   0.003   0.003 )
7159.964: I:1 (   0.001   0.001   0.001 ) T:716 (   0.001   0.002   0.003   0.003   0.003   0.003 )
7169.964: I:1 (   0.001   0.001   0.001 ) T:717 (   0.001   0.002   0.003   0.003   0.003   0.003 )
7179.964: I:1 (   0.001   0.001   0.001 ) T:718 (   0.001   0.002   0.003   0.003   0.003   0.003 )
7189.964: I:1 (   0.001   0.001   0.001 ) T:719 (   0.001   0.002   0.003   0.003   0.003   0.003 )
7199.964: I:1 (   0.001   0.001   0.001 ) T:720 (   0.001   0.002   0.003   0.003   0.003   0.003 )
7209.964: I:1 (   0.001   0.001   0.001 ) T:721 (   0.001   0.002   0.003   0.003   0.003   0.003 )
7219.964: I:1 (   0.001   0.001   0.001 ) T:722 (   0.001   0.002   0.003   0.003   0.003   0.003 )
7229.964: I:1 (   0.001   0.001   0.001 ) T:723 (   0.001   0.002   0.003   0.003   0.003   0.003 )
7239.964: I:1 (   0.001   0.001   0.001 ) T:724 (   0.001   0.002   0.003   0.003   0.003   0.003 )
7249.964: I:1 (   0.001   0.001   0.001 ) T:725 (   0.001   0.002   0.003   0.003   0.003   0.003 )
7259.964: I:1 (   0.001   0.001   0.001 ) T:726 (   0.001   0.002   0.003   0.003   0.003   0.003 )
7269.964: I:1 (   0.001   0.001   0.001 ) T:727 (   0.001   0.002   0.003   0.003   0.003   0.003 )
7279.964: I:1 (   0.001   0.001   0.001 ) T:728 (   0.001   0.002   0.003   0.003   0.003   0.003 )
7289.964: I:1 (   0.001   0.001   0.001 ) T:729 (   0.001   0.002   0.003   0.003   0.003   0.003 )
7299.964: I:1 (   0.001   0.001   0.001 ) T:730 (   0.001   0.002   0.003   0.003   0.003   0.003 )
7309.964: I:1 (   0.001   0.001   0.001 ) T:731 (   0.001   0.002   0.003   0.003   0.003   0.003 )
7319.964: I:1 (   0.002   0.002   0.002 ) T:732 (   0.001   0.002   0.003   0.003   0.003   0.003 )
7329.964: I:1 (   0.002   0.002   0.002 ) T:733 (   0.001   0.002   0.003   0.003   0.003   0.003 )
7339.964: I:1 (   0.002   0.002   0.002 ) T:734 (   0.001   0.002   0.003   0.003   0.003   0.003 )
7349.964: I:1 (   0.002   0.002   0.002 ) T:735 (   0.001   0.002   0.003   0.003   0.003   0.003 )
7359.964: I:1 (   0.002   0.002   0.002 ) T:736 (   0.001   0.002   0.003   0.003   0.003   0.003 )
7369.964: I:1 (   0.002   0.002   0.002 ) T:737 (   0.001   0.002   0.003   0.003   0.003   0.003 )
7379.964: I:1 (   0.001   0.001   0.001 ) T:738 (   0.001   0.002   0.003   0.003   0.003   0.003 )
7389.964: I:1 (   0.001   0.001   0.001 ) T:739 (   0.001   0.002   0.003   0.003   0.003   0.003 )
7399.964: I:1 (   0.002   0.002   0.002 ) T:740 (   0.001   0.002   0.003   0.003   0.003   0.003 )
7409.964: I:1 (   0.002   0.002   0.002 ) T:741 (   0.001   0.002   0.003   0.003   0.003   0.003 )
7419.964: I:1 (   0.002   0.002   0.002 ) T:742 (   0.001   0.002   0.003   0.003   0.003   0.003 )
7429.964: I:1 (   0.002   0.002   0.002 ) T:743 (   0.001   0.002   0.003   0.003   0.003   0.003 )
7439.964: I:1 (   0.002   0.002   0.002 ) T:744 (   0.001   0.002   0.003   0.003   0.003   0.003 )
7449.964: I:1 (   0.002   0.002   0.002 ) T:745 (   0.001   0.002   0.003   0.003   0.003   0.003 )
7459.964: I:1 (   0.001   0.001   0.001 ) T:746 (   0.001   0.002   0.003   0.003   0.003   0.003 )
7469.964: I:1 (   0.001   0.001   0.001 ) T:747 (   0.001   0.002   0.003   0.003   0.003   0.003 )
7479.964: I:1 (   0.001   0.001   0.001 ) T:748 (   0.001   0.002   0.003   0.003   0.003   0.003 )
7489.964: I:1 (   0.002   0.002   0.002 ) T:749 (   0.001   0.002   0.003   0.003   0.003   0.003 )
7499.964: I:1 (   0.002   0.002   0.002 ) T:750 (   0.001   0.002   0.003   0.003   0.003   0.003 )
7509.964: I:1 (   0.001   0.001   0.001 ) T:751 (   0.001   0.002   0.003   0.003   0.003   0.003 )
7519.964: I:1 (   0.001   0.001   0.001 ) T:752 (   0.001   0.002   0.003   0.003   0.003   0.003 )
7529.964: I:1 (   0.001   0.001   0.001 ) T:753 (   0.001   0.002   0.003   0.003   0.003   0.003 )
7539.964: I:1 (   0.002   0.002   0.002 ) T:754 (   0.001   0.002   0.003   0.003   0.003   0.003 )
7549.964: I:1 (   0.002   0.002   0.002 ) T:755 (   0.001   0.002   0.003   0.003   0.003   0.003 )
7559.964: I:1 (   0.002   0.002   0.002 ) T:756 (   0.001   0.002   0.003   0.003   0.003   0.003 )
7569.964: I:1 (   0.002   0.002   0.002 ) T:757 (   0.001   0.002   0.003   0.003   0.003   0.003 )
7579.964: I:1 (   0.002   0.002   0.002 ) T:758 (   0.001   0.002   0.003   0.003   0.003   0.003 )
7589.964: I:1 (   0.002   0.002   0.002 ) T:759 (   0.001   0.002   0.003   0.003   0.003   0.003 )
7599.964: I:1 (   0.002   0.002   0.002 ) T:760 (   0.001   0.002   0.003   0.003   0.003   0.003 )
7609.964: I:1 (   0.002   0.002   0.002 ) T:761 (   0.001   0.002   0.003   0.003   0.003   0.003 )
7619.964: I:1 (   0.002   0.002   0.002 ) T:762 (   0.001   0.002   0.003   0.003   0.003   0.003 )
7629.964: I:1 (   0.002   0.002   0.002 ) T:763 (   0.001   0.002   0.003   0.003   0.003   0.003 )
7639.964: I:1 (   0.002   0.002   0.002 ) T:764 (   0.001   0.002   0.003   0.003   0.003   0.003 )
7649.964: I:1 (   0.002   0.002   0.002 ) T:765 (   0.001   0.002   0.003   0.003   0.003   0.003 )
7659.964: I:1 (   0.002   0.002   0.002 ) T:766 (   0.001   0.002   0.003   0.003   0.003   0.003 )
7669.964: I:1 (   0.002   0.002   0.002 ) T:767 (   0.001   0.002   0.003   0.003   0.003   0.003 )
7679.964: I:1 (   0.001   0.001   0.001 ) T:768 (   0.001   0.002   0.003   0.003   0.003   0.003 )
7689.964: I:1 (   0.001   0.001   0.001 ) T:769 (   0.001   0.002   0.003   0.003   0.003   0.003 )
7699.964: I:1 (   0.001   0.001   0.001 ) T:770 (   0.001   0.002   0.003   0.003   0.003   0.003 )
7709.964: I:1 (   0.001   0.001   0.001 ) T:771 (   0.001   0.002   0.003   0.003   0.003   0.003 )
7719.964: I:1 (   0.001   0.001   0.001 ) T:772 (   0.001   0.002   0.003   0.003   0.003   0.003 )
7729.964: I:1 (   0.001   0.001   0.001 ) T:773 (   0.001   0.002   0.003   0.003   0.003   0.003 )
7739.964: I:1 (   0.001   0.001   0.001 ) T:774 (   0.001   0.002   0.003   0.003   0.003   0.003 )
7749.964: I:1 (   0.001   0.001   0.001 ) T:775 (   0.001   0.002   0.003   0.003   0.003   0.003 )
7753.198: I:2 (   0.001   0.001   0.001 ) T:777 (   0.001   0.002   0.003   0.003   0.003   0.003 )
7753.210: I:0 (   0.000   0.000   0.000 ) T:777 (   0.001   0.002   0.003   0.003   0.003   0.003 )
