#[Interval percentile log between 0.000 and <Infinite> seconds (relative to StartTime)]
#[StartTime: 1524461880.384 (seconds since epoch), Mon Apr 23 07:38:00 CEST 2018]
Time: IntervalPercentiles:count ( 50% 90% Max ) TotalPercentiles:count ( 50% 90% 99% 99.9% 99.99% Max )
9.987: I:1 (   0.000   0.000   0.000 ) T:1 (   0.000   0.000   0.000   0.000   0.000   0.000 )
19.970: I:1 (   0.005   0.005   0.005 ) T:2 (   0.000   0.005   0.005   0.005   0.005   0.005 )
29.969: I:1 (   0.000   0.000   0.000 ) T:3 (   0.000   0.005   0.005   0.005   0.005   0.005 )
39.968: I:1 (   0.001   0.001   0.001 ) T:4 (   0.000   0.005   0.005   0.005   0.005   0.005 )
49.969: I:1 (   0.001   0.001   0.001 ) T:5 (   0.001   0.005   0.005   0.005   0.005   0.005 )
59.967: I:1 (   0.001   0.001   0.001 ) T:6 (   0.001   0.005   0.005   0.005   0.005   0.005 )
69.967: I:1 (   0.001   0.001   0.001 ) T:7 (   0.001   0.005   0.005   0.005   0.005   0.005 )
79.968: I:1 (   0.001   0.001   0.001 ) T:8 (   0.001   0.005   0.005   0.005   0.005   0.005 )
89.967: I:1 (   0.001   0.001   0.001 ) T:9 (   0.001   0.005   0.005   0.005   0.005   0.005 )
99.967: I:1 (   0.001   0.001   0.001 ) T:10 (   0.001   0.001   0.005   0.005   0.005   0.005 )
109.968: I:1 (   0.001   0.001   0.001 ) T:11 (   0.001   0.001   0.005   0.005   0.005   0.005 )
119.968: I:1 (   0.001   0.001   0.001 ) T:12 (   0.001   0.001   0.005   0.005   0.005   0.005 )
129.967: I:1 (   0.001   0.001   0.001 ) T:13 (   0.001   0.001   0.005   0.005   0.005   0.005 )
139.966: I:1 (   0.001   0.001   0.001 ) T:14 (   0.001   0.001   0.005   0.005   0.005   0.005 )
149.967: I:1 (   0.001   0.001   0.001 ) T:15 (   0.001   0.001   0.005   0.005   0.005   0.005 )
159.966: I:1 (   0.001   0.001   0.001 ) T:16 (   0.001   0.001   0.005   0.005   0.005   0.005 )
169.967: I:1 (   0.001   0.001   0.001 ) T:17 (   0.001   0.001   0.005   0.005   0.005   0.005 )
179.967: I:1 (   0.003   0.003   0.003 ) T:18 (   0.001   0.003   0.005   0.005   0.005   0.005 )
189.968: I:1 (   0.001   0.001   0.001 ) T:19 (   0.001   0.003   0.005   0.005   0.005   0.005 )
199.967: I:1 (   0.001   0.001   0.001 ) T:20 (   0.001   0.001   0.005   0.005   0.005   0.005 )
209.967: I:1 (   0.002   0.002   0.002 ) T:21 (   0.001   0.002   0.005   0.005   0.005   0.005 )
219.967: I:1 (   0.001   0.001   0.001 ) T:22 (   0.001   0.002   0.005   0.005   0.005   0.005 )
229.967: I:1 (   0.002   0.002   0.002 ) T:23 (   0.001   0.002   0.005   0.005   0.005   0.005 )
239.967: I:1 (   0.001   0.001   0.001 ) T:24 (   0.001   0.002   0.005   0.005   0.005   0.005 )
249.967: I:1 (   0.002   0.002   0.002 ) T:25 (   0.001   0.002   0.005   0.005   0.005   0.005 )
259.966: I:1 (   0.002   0.002   0.002 ) T:26 (   0.001   0.002   0.005   0.005   0.005   0.005 )
269.967: I:1 (   0.001   0.001   0.001 ) T:27 (   0.001   0.002   0.005   0.005   0.005   0.005 )
279.967: I:1 (   0.002   0.002   0.002 ) T:28 (   0.001   0.002   0.005   0.005   0.005   0.005 )
289.967: I:1 (   0.002   0.002   0.002 ) T:29 (   0.001   0.002   0.005   0.005   0.005   0.005 )
299.967: I:1 (   0.001   0.001   0.001 ) T:30 (   0.001   0.002   0.005   0.005   0.005   0.005 )
309.967: I:1 (   0.002   0.002   0.002 ) T:31 (   0.001   0.002   0.005   0.005   0.005   0.005 )
319.967: I:1 (   0.002   0.002   0.002 ) T:32 (   0.001   0.002   0.005   0.005   0.005   0.005 )
329.968: I:1 (   0.002   0.002   0.002 ) T:33 (   0.001   0.002   0.005   0.005   0.005   0.005 )
340.103: I:1 (   0.002   0.002   0.002 ) T:34 (   0.001   0.002   0.005   0.005   0.005   0.005 )
349.967: I:1 (   0.001   0.001   0.001 ) T:35 (   0.001   0.002   0.005   0.005   0.005   0.005 )
359.967: I:1 (   0.002   0.002   0.002 ) T:36 (   0.001   0.002   0.005   0.005   0.005   0.005 )
369.966: I:1 (   0.002   0.002   0.002 ) T:37 (   0.001   0.002   0.005   0.005   0.005   0.005 )
379.966: I:1 (   0.003   0.003   0.003 ) T:38 (   0.001   0.002   0.005   0.005   0.005   0.005 )
389.967: I:1 (   0.002   0.002   0.002 ) T:39 (   0.001   0.002   0.005   0.005   0.005   0.005 )
399.967: I:1 (   0.002   0.002   0.002 ) T:40 (   0.001   0.002   0.005   0.005   0.005   0.005 )
409.967: I:1 (   0.003   0.003   0.003 ) T:41 (   0.001   0.002   0.005   0.005   0.005   0.005 )
419.967: I:1 (   0.003   0.003   0.003 ) T:42 (   0.001   0.003   0.005   0.005   0.005   0.005 )
429.967: I:1 (   0.003   0.003   0.003 ) T:43 (   0.001   0.003   0.005   0.005   0.005   0.005 )
439.966: I:1 (   0.003   0.003   0.003 ) T:44 (   0.001   0.003   0.005   0.005   0.005   0.005 )
449.967: I:1 (   0.003   0.003   0.003 ) T:45 (   0.001   0.003   0.005   0.005   0.005   0.005 )
459.967: I:1 (   0.003   0.003   0.003 ) T:46 (   0.001   0.003   0.005   0.005   0.005   0.005 )
469.966: I:1 (   0.003   0.003   0.003 ) T:47 (   0.002   0.003   0.005   0.005   0.005   0.005 )
479.966: I:1 (   0.003   0.003   0.003 ) T:48 (   0.002   0.003   0.005   0.005   0.005   0.005 )
489.971: I:1 (   0.004   0.004   0.004 ) T:49 (   0.002   0.003   0.005   0.005   0.005   0.005 )
499.968: I:1 (   0.004   0.004   0.004 ) T:50 (   0.002   0.003   0.005   0.005   0.005   0.005 )
509.966: I:1 (   0.003   0.003   0.003 ) T:51 (   0.002   0.003   0.005   0.005   0.005   0.005 )
519.967: I:1 (   0.003   0.003   0.003 ) T:52 (   0.002   0.003   0.005   0.005   0.005   0.005 )
529.967: I:1 (   0.004   0.004   0.004 ) T:53 (   0.002   0.003   0.005   0.005   0.005   0.005 )
539.967: I:1 (   0.004   0.004   0.004 ) T:54 (   0.002   0.003   0.005   0.005   0.005   0.005 )
549.967: I:1 (   0.003   0.003   0.003 ) T:55 (   0.002   0.003   0.005   0.005   0.005   0.005 )
559.967: I:1 (   0.004   0.004   0.004 ) T:56 (   0.002   0.004   0.005   0.005   0.005   0.005 )
569.967: I:1 (   0.003   0.003   0.003 ) T:57 (   0.002   0.004   0.005   0.005   0.005   0.005 )
579.968: I:1 (   0.004   0.004   0.004 ) T:58 (   0.002   0.004   0.005   0.005   0.005   0.005 )
589.967: I:1 (   0.003   0.003   0.003 ) T:59 (   0.002   0.004   0.005   0.005   0.005   0.005 )
599.967: I:1 (   0.004   0.004   0.004 ) T:60 (   0.002   0.004   0.005   0.005   0.005   0.005 )
609.967: I:1 (   0.004   0.004   0.004 ) T:61 (   0.002   0.004   0.005   0.005   0.005   0.005 )
619.968: I:1 (   0.003   0.003   0.003 ) T:62 (   0.002   0.004   0.005   0.005   0.005   0.005 )
629.967: I:1 (   0.004   0.004   0.004 ) T:63 (   0.002   0.004   0.005   0.005   0.005   0.005 )
639.967: I:1 (   0.003   0.003   0.003 ) T:64 (   0.002   0.004   0.005   0.005   0.005   0.005 )
649.967: I:1 (   0.004   0.004   0.004 ) T:65 (   0.002   0.004   0.005   0.005   0.005   0.005 )
659.967: I:1 (   0.004   0.004   0.004 ) T:66 (   0.002   0.004   0.005   0.005   0.005   0.005 )
669.967: I:1 (   0.004   0.004   0.004 ) T:67 (   0.002   0.004   0.005   0.005   0.005   0.005 )
679.967: I:1 (   0.004   0.004   0.004 ) T:68 (   0.002   0.004   0.005   0.005   0.005   0.005 )
689.967: I:1 (   0.004   0.004   0.004 ) T:69 (   0.002   0.004   0.005   0.005   0.005   0.005 )
699.966: I:1 (   0.003   0.003   0.003 ) T:70 (   0.002   0.004   0.005   0.005   0.005   0.005 )
709.967: I:1 (   0.004   0.004   0.004 ) T:71 (   0.002   0.004   0.005   0.005   0.005   0.005 )
719.967: I:1 (   0.004   0.004   0.004 ) T:72 (   0.002   0.004   0.005   0.005   0.005   0.005 )
729.966: I:1 (   0.004   0.004   0.004 ) T:73 (   0.002   0.004   0.005   0.005   0.005   0.005 )
739.967: I:1 (   0.005   0.005   0.005 ) T:74 (   0.002   0.004   0.005   0.005   0.005   0.005 )
749.967: I:1 (   0.004   0.004   0.004 ) T:75 (   0.003   0.004   0.005   0.005   0.005   0.005 )
759.967: I:1 (   0.004   0.004   0.004 ) T:76 (   0.003   0.004   0.005   0.005   0.005   0.005 )
769.967: I:1 (   0.004   0.004   0.004 ) T:77 (   0.003   0.004   0.005   0.005   0.005   0.005 )
779.967: I:1 (   0.004   0.004   0.004 ) T:78 (   0.003   0.004   0.005   0.005   0.005   0.005 )
789.967: I:1 (   0.004   0.004   0.004 ) T:79 (   0.003   0.004   0.005   0.005   0.005   0.005 )
799.967: I:1 (   0.004   0.004   0.004 ) T:80 (   0.003   0.004   0.005   0.005   0.005   0.005 )
809.967: I:1 (   0.005   0.005   0.005 ) T:81 (   0.003   0.004   0.005   0.005   0.005   0.005 )
819.967: I:1 (   0.003   0.003   0.003 ) T:82 (   0.003   0.004   0.005   0.005   0.005   0.005 )
829.967: I:1 (   0.005   0.005   0.005 ) T:83 (   0.003   0.004   0.005   0.005   0.005   0.005 )
839.967: I:1 (   0.004   0.004   0.004 ) T:84 (   0.003   0.004   0.005   0.005   0.005   0.005 )
849.967: I:1 (   0.004   0.004   0.004 ) T:85 (   0.003   0.004   0.005   0.005   0.005   0.005 )
859.967: I:1 (   0.004   0.004   0.004 ) T:86 (   0.003   0.004   0.005   0.005   0.005   0.005 )
869.967: I:1 (   0.005   0.005   0.005 ) T:87 (   0.003   0.004   0.005   0.005   0.005   0.005 )
879.967: I:1 (   0.004   0.004   0.004 ) T:88 (   0.003   0.004   0.005   0.005   0.005   0.005 )
889.966: I:1 (   0.005   0.005   0.005 ) T:89 (   0.003   0.004   0.005   0.005   0.005   0.005 )
899.966: I:1 (   0.004   0.004   0.004 ) T:90 (   0.003   0.004   0.005   0.005   0.005   0.005 )
909.966: I:1 (   0.005   0.005   0.005 ) T:91 (   0.003   0.004   0.005   0.005   0.005   0.005 )
919.967: I:1 (   0.004   0.004   0.004 ) T:92 (   0.003   0.004   0.005   0.005   0.005   0.005 )
929.966: I:1 (   0.004   0.004   0.004 ) T:93 (   0.003   0.004   0.005   0.005   0.005   0.005 )
939.967: I:1 (   0.005   0.005   0.005 ) T:94 (   0.003   0.004   0.005   0.005   0.005   0.005 )
949.967: I:1 (   0.004   0.004   0.004 ) T:95 (   0.003   0.004   0.005   0.005   0.005   0.005 )
959.967: I:1 (   0.004   0.004   0.004 ) T:96 (   0.003   0.004   0.005   0.005   0.005   0.005 )
969.967: I:1 (   0.005   0.005   0.005 ) T:97 (   0.003   0.004   0.005   0.005   0.005   0.005 )
979.967: I:1 (   0.005   0.005   0.005 ) T:98 (   0.003   0.005   0.005   0.005   0.005   0.005 )
989.967: I:1 (   0.004   0.004   0.004 ) T:99 (   0.003   0.005   0.005   0.005   0.005   0.005 )
999.967: I:1 (   0.005   0.005   0.005 ) T:100 (   0.003   0.005   0.005   0.005   0.005   0.005 )
1009.967: I:1 (   0.004   0.004   0.004 ) T:101 (   0.003   0.005   0.005   0.005   0.005   0.005 )
1019.966: I:1 (   0.005   0.005   0.005 ) T:102 (   0.003   0.005   0.005   0.005   0.005   0.005 )
1029.967: I:1 (   0.005   0.005   0.005 ) T:103 (   0.003   0.005   0.005   0.005   0.005   0.005 )
1039.967: I:1 (   0.005   0.005   0.005 ) T:104 (   0.003   0.005   0.005   0.005   0.005   0.005 )
1049.967: I:1 (   0.005   0.005   0.005 ) T:105 (   0.003   0.005   0.005   0.005   0.005   0.005 )
1059.967: I:1 (   0.005   0.005   0.005 ) T:106 (   0.003   0.005   0.005   0.005   0.005   0.005 )
1069.967: I:1 (   0.005   0.005   0.005 ) T:107 (   0.003   0.005   0.005   0.005   0.005   0.005 )
1079.966: I:1 (   0.005   0.005   0.005 ) T:108 (   0.003   0.005   0.005   0.005   0.005   0.005 )
1089.967: I:1 (   0.005   0.005   0.005 ) T:109 (   0.003   0.005   0.005   0.005   0.005   0.005 )
1099.967: I:1 (   0.004   0.004   0.004 ) T:110 (   0.003   0.005   0.005   0.005   0.005   0.005 )
1109.967: I:1 (   0.006   0.006   0.006 ) T:111 (   0.003   0.005   0.005   0.006   0.006   0.006 )
1119.967: I:1 (   0.004   0.004   0.004 ) T:112 (   0.003   0.005   0.005   0.006   0.006   0.006 )
1129.967: I:1 (   0.005   0.005   0.005 ) T:113 (   0.004   0.005   0.005   0.006   0.006   0.006 )
1139.967: I:1 (   0.004   0.004   0.004 ) T:114 (   0.004   0.005   0.005   0.006   0.006   0.006 )
1149.967: I:1 (   0.005   0.005   0.005 ) T:115 (   0.004   0.005   0.005   0.006   0.006   0.006 )
1159.967: I:1 (   0.005   0.005   0.005 ) T:116 (   0.004   0.005   0.005   0.006   0.006   0.006 )
1169.967: I:1 (   0.006   0.006   0.006 ) T:117 (   0.004   0.005   0.006   0.006   0.006   0.006 )
1179.967: I:1 (   0.005   0.005   0.005 ) T:118 (   0.004   0.005   0.006   0.006   0.006   0.006 )
1189.967: I:1 (   0.005   0.005   0.005 ) T:119 (   0.004   0.005   0.006   0.006   0.006   0.006 )
1199.967: I:1 (   0.004   0.004   0.004 ) T:120 (   0.004   0.005   0.006   0.006   0.006   0.006 )
1209.967: I:1 (   0.006   0.006   0.006 ) T:121 (   0.004   0.005   0.006   0.006   0.006   0.006 )
1219.967: I:1 (   0.005   0.005   0.005 ) T:122 (   0.004   0.005   0.006   0.006   0.006   0.006 )
1229.966: I:1 (   0.005   0.005   0.005 ) T:123 (   0.004   0.005   0.006   0.006   0.006   0.006 )
1239.967: I:1 (   0.005   0.005   0.005 ) T:124 (   0.004   0.005   0.006   0.006   0.006   0.006 )
1249.967: I:1 (   0.005   0.005   0.005 ) T:125 (   0.004   0.005   0.006   0.006   0.006   0.006 )
1259.967: I:1 (   0.006   0.006   0.006 ) T:126 (   0.004   0.005   0.006   0.006   0.006   0.006 )
1269.967: I:1 (   0.004   0.004   0.004 ) T:127 (   0.004   0.005   0.006   0.006   0.006   0.006 )
1279.967: I:1 (   0.006   0.006   0.006 ) T:128 (   0.004   0.005   0.006   0.006   0.006   0.006 )
1289.967: I:1 (   0.004   0.004   0.004 ) T:129 (   0.004   0.005   0.006   0.006   0.006   0.006 )
1299.967: I:1 (   0.005   0.005   0.005 ) T:130 (   0.004   0.005   0.006   0.006   0.006   0.006 )
1309.967: I:1 (   0.006   0.006   0.006 ) T:131 (   0.004   0.005   0.006   0.006   0.006   0.006 )
1319.966: I:1 (   0.005   0.005   0.005 ) T:132 (   0.004   0.005   0.006   0.006   0.006   0.006 )
1329.967: I:1 (   0.006   0.006   0.006 ) T:133 (   0.004   0.005   0.006   0.006   0.006   0.006 )
1339.967: I:1 (   0.005   0.005   0.005 ) T:134 (   0.004   0.005   0.006   0.006   0.006   0.006 )
1349.967: I:1 (   0.006   0.006   0.006 ) T:135 (   0.004   0.005   0.006   0.006   0.006   0.006 )
1359.967: I:1 (   0.005   0.005   0.005 ) T:136 (   0.004   0.005   0.006   0.006   0.006   0.006 )
1369.967: I:1 (   0.006   0.006   0.006 ) T:137 (   0.004   0.005   0.006   0.006   0.006   0.006 )
1379.966: I:1 (   0.005   0.005   0.005 ) T:138 (   0.004   0.005   0.006   0.006   0.006   0.006 )
1389.967: I:1 (   0.006   0.006   0.006 ) T:139 (   0.004   0.005   0.006   0.006   0.006   0.006 )
1399.967: I:1 (   0.005   0.005   0.005 ) T:140 (   0.004   0.005   0.006   0.006   0.006   0.006 )
1409.967: I:1 (   0.006   0.006   0.006 ) T:141 (   0.004   0.005   0.006   0.006   0.006   0.006 )
1419.967: I:1 (   0.005   0.005   0.005 ) T:142 (   0.004   0.005   0.006   0.006   0.006   0.006 )
1429.967: I:1 (   0.006   0.006   0.006 ) T:143 (   0.004   0.005   0.006   0.006   0.006   0.006 )
1439.967: I:1 (   0.006   0.006   0.006 ) T:144 (   0.004   0.005   0.006   0.006   0.006   0.006 )
1449.967: I:1 (   0.006   0.006   0.006 ) T:145 (   0.004   0.005   0.006   0.006   0.006   0.006 )
1459.967: I:1 (   0.006   0.006   0.006 ) T:146 (   0.004   0.006   0.006   0.006   0.006   0.006 )
1469.966: I:1 (   0.006   0.006   0.006 ) T:147 (   0.004   0.006   0.006   0.006   0.006   0.006 )
1479.967: I:1 (   0.006   0.006   0.006 ) T:148 (   0.004   0.006   0.006   0.006   0.006   0.006 )
1489.967: I:1 (   0.006   0.006   0.006 ) T:149 (   0.004   0.006   0.006   0.006   0.006   0.006 )
1499.970: I:1 (   0.007   0.007   0.007 ) T:150 (   0.004   0.006   0.006   0.007   0.007   0.007 )
1509.967: I:1 (   0.006   0.006   0.006 ) T:151 (   0.004   0.006   0.006   0.007   0.007   0.007 )
1519.966: I:1 (   0.006   0.006   0.006 ) T:152 (   0.004   0.006   0.006   0.007   0.007   0.007 )
1529.966: I:1 (   0.007   0.007   0.007 ) T:153 (   0.004   0.006   0.007   0.007   0.007   0.007 )
1539.967: I:1 (   0.006   0.006   0.006 ) T:154 (   0.004   0.006   0.007   0.007   0.007   0.007 )
1549.967: I:1 (   0.006   0.006   0.006 ) T:155 (   0.004   0.006   0.007   0.007   0.007   0.007 )
1559.967: I:1 (   0.006   0.006   0.006 ) T:156 (   0.004   0.006   0.007   0.007   0.007   0.007 )
1569.966: I:1 (   0.007   0.007   0.007 ) T:157 (   0.004   0.006   0.007   0.007   0.007   0.007 )
1579.967: I:1 (   0.007   0.007   0.007 ) T:158 (   0.004   0.006   0.007   0.007   0.007   0.007 )
1589.966: I:1 (   0.006   0.006   0.006 ) T:159 (   0.004   0.006   0.007   0.007   0.007   0.007 )
1599.967: I:1 (   0.007   0.007   0.007 ) T:160 (   0.004   0.006   0.007   0.007   0.007   0.007 )
1609.967: I:1 (   0.007   0.007   0.007 ) T:161 (   0.004   0.006   0.007   0.007   0.007   0.007 )
1619.967: I:1 (   0.007   0.007   0.007 ) T:162 (   0.004   0.006   0.007   0.007   0.007   0.007 )
1629.967: I:1 (   0.007   0.007   0.007 ) T:163 (   0.004   0.006   0.007   0.007   0.007   0.007 )
1639.967: I:1 (   0.008   0.008   0.008 ) T:164 (   0.004   0.006   0.007   0.008   0.008   0.008 )
1649.966: I:1 (   0.007   0.007   0.007 ) T:165 (   0.004   0.006   0.007   0.008   0.008   0.008 )
1659.967: I:1 (   0.007   0.007   0.007 ) T:166 (   0.004   0.006   0.007   0.008   0.008   0.008 )
1669.970: I:1 (   0.007   0.007   0.007 ) T:167 (   0.004   0.006   0.007   0.008   0.008   0.008 )
1679.967: I:1 (   0.008   0.008   0.008 ) T:168 (   0.004   0.006   0.008   0.008   0.008   0.008 )
1689.967: I:1 (   0.006   0.006   0.006 ) T:169 (   0.004   0.006   0.008   0.008   0.008   0.008 )
1699.967: I:1 (   0.007   0.007   0.007 ) T:170 (   0.004   0.006   0.008   0.008   0.008   0.008 )
1709.967: I:1 (   0.008   0.008   0.008 ) T:171 (   0.004   0.006   0.008   0.008   0.008   0.008 )
1719.967: I:1 (   0.007   0.007   0.007 ) T:172 (   0.004   0.006   0.008   0.008   0.008   0.008 )
1729.967: I:1 (   0.006   0.006   0.006 ) T:173 (   0.004   0.006   0.008   0.008   0.008   0.008 )
1739.966: I:1 (   0.007   0.007   0.007 ) T:174 (   0.004   0.006   0.008   0.008   0.008   0.008 )
1749.967: I:1 (   0.008   0.008   0.008 ) T:175 (   0.004   0.007   0.008   0.008   0.008   0.008 )
1759.967: I:1 (   0.007   0.007   0.007 ) T:176 (   0.004   0.007   0.008   0.008   0.008   0.008 )
1769.967: I:1 (   0.007   0.007   0.007 ) T:177 (   0.004   0.007   0.008   0.008   0.008   0.008 )
1779.967: I:1 (   0.008   0.008   0.008 ) T:178 (   0.004   0.007   0.008   0.008   0.008   0.008 )
1789.967: I:1 (   0.007   0.007   0.007 ) T:179 (   0.004   0.007   0.008   0.008   0.008   0.008 )
1799.967: I:1 (   0.007   0.007   0.007 ) T:180 (   0.004   0.007   0.008   0.008   0.008   0.008 )
1809.967: I:1 (   0.007   0.007   0.007 ) T:181 (   0.004   0.007   0.008   0.008   0.008   0.008 )
1819.967: I:1 (   0.008   0.008   0.008 ) T:182 (   0.004   0.007   0.008   0.008   0.008   0.008 )
1829.967: I:1 (   0.008   0.008   0.008 ) T:183 (   0.004   0.007   0.008   0.008   0.008   0.008 )
1839.967: I:1 (   0.007   0.007   0.007 ) T:184 (   0.004   0.007   0.008   0.008   0.008   0.008 )
1849.967: I:1 (   0.008   0.008   0.008 ) T:185 (   0.004   0.007   0.008   0.008   0.008   0.008 )
1859.966: I:1 (   0.007   0.007   0.007 ) T:186 (   0.004   0.007   0.008   0.008   0.008   0.008 )
1869.967: I:1 (   0.007   0.007   0.007 ) T:187 (   0.004   0.007   0.008   0.008   0.008   0.008 )
1879.967: I:1 (   0.008   0.008   0.008 ) T:188 (   0.004   0.007   0.008   0.008   0.008   0.008 )
1889.967: I:1 (   0.008   0.008   0.008 ) T:189 (   0.004   0.007   0.008   0.008   0.008   0.008 )
1899.966: I:1 (   0.005   0.005   0.005 ) T:190 (   0.004   0.007   0.008   0.008   0.008   0.008 )
1909.967: I:1 (   0.003   0.003   0.003 ) T:191 (   0.004   0.007   0.008   0.008   0.008   0.008 )
1919.967: I:1 (   0.003   0.003   0.003 ) T:192 (   0.004   0.007   0.008   0.008   0.008   0.008 )
1929.967: I:1 (   0.002   0.002   0.002 ) T:193 (   0.004   0.007   0.008   0.008   0.008   0.008 )
1939.967: I:1 (   0.003   0.003   0.003 ) T:194 (   0.004   0.007   0.008   0.008   0.008   0.008 )
1949.967: I:1 (   0.002   0.002   0.002 ) T:195 (   0.004   0.007   0.008   0.008   0.008   0.008 )
1959.967: I:1 (   0.006   0.006   0.006 ) T:196 (   0.004   0.007   0.008   0.008   0.008   0.008 )
1969.967: I:1 (   0.008   0.008   0.008 ) T:197 (   0.004   0.007   0.008   0.008   0.008   0.008 )
1979.967: I:1 (   0.007   0.007   0.007 ) T:198 (   0.004   0.007   0.008   0.008   0.008   0.008 )
1989.966: I:1 (   0.008   0.008   0.008 ) T:199 (   0.004   0.007   0.008   0.008   0.008   0.008 )
1999.967: I:1 (   0.008   0.008   0.008 ) T:200 (   0.004   0.007   0.008   0.008   0.008   0.008 )
2009.967: I:1 (   0.007   0.007   0.007 ) T:201 (   0.004   0.007   0.008   0.008   0.008   0.008 )
2019.967: I:1 (   0.008   0.008   0.008 ) T:202 (   0.004   0.007   0.008   0.008   0.008   0.008 )
2029.966: I:1 (   0.008   0.008   0.008 ) T:203 (   0.005   0.007   0.008   0.008   0.008   0.008 )
2039.967: I:1 (   0.007   0.007   0.007 ) T:204 (   0.005   0.007   0.008   0.008   0.008   0.008 )
2049.967: I:1 (   0.007   0.007   0.007 ) T:205 (   0.005   0.007   0.008   0.008   0.008   0.008 )
2059.967: I:1 (   0.009   0.009   0.009 ) T:206 (   0.005   0.007   0.008   0.009   0.009   0.009 )
2069.967: I:1 (   0.009   0.009   0.009 ) T:207 (   0.005   0.007   0.008   0.009   0.009   0.009 )
2079.967: I:1 (   0.008   0.008   0.008 ) T:208 (   0.005   0.007   0.008   0.009   0.009   0.009 )
2089.967: I:1 (   0.009   0.009   0.009 ) T:209 (   0.005   0.007   0.009   0.009   0.009   0.009 )
2099.967: I:1 (   0.008   0.008   0.008 ) T:210 (   0.005   0.007   0.009   0.009   0.009   0.009 )
2109.967: I:1 (   0.009   0.009   0.009 ) T:211 (   0.005   0.007   0.009   0.009   0.009   0.009 )
2119.967: I:1 (   0.009   0.009   0.009 ) T:212 (   0.005   0.008   0.009   0.009   0.009   0.009 )
2129.967: I:1 (   0.009   0.009   0.009 ) T:213 (   0.005   0.008   0.009   0.009   0.009   0.009 )
2139.967: I:1 (   0.009   0.009   0.009 ) T:214 (   0.005   0.008   0.009   0.009   0.009   0.009 )
2149.967: I:1 (   0.009   0.009   0.009 ) T:215 (   0.005   0.008   0.009   0.009   0.009   0.009 )
2159.967: I:1 (   0.009   0.009   0.009 ) T:216 (   0.005   0.008   0.009   0.009   0.009   0.009 )
2169.967: I:1 (   0.010   0.010   0.010 ) T:217 (   0.005   0.008   0.009   0.010   0.010   0.010 )
2179.967: I:1 (   0.008   0.008   0.008 ) T:218 (   0.005   0.008   0.009   0.010   0.010   0.010 )
2189.967: I:1 (   0.010   0.010   0.010 ) T:219 (   0.005   0.008   0.009   0.010   0.010   0.010 )
2199.967: I:1 (   0.009   0.009   0.009 ) T:220 (   0.005   0.008   0.009   0.010   0.010   0.010 )
2209.967: I:1 (   0.010   0.010   0.010 ) T:221 (   0.005   0.008   0.010   0.010   0.010   0.010 )
2219.967: I:1 (   0.010   0.010   0.010 ) T:222 (   0.005   0.008   0.010   0.010   0.010   0.010 )
2229.967: I:1 (   0.010   0.010   0.010 ) T:223 (   0.005   0.008   0.010   0.010   0.010   0.010 )
2239.967: I:1 (   0.009   0.009   0.009 ) T:224 (   0.005   0.008   0.010   0.010   0.010   0.010 )
2249.967: I:1 (   0.008   0.008   0.008 ) T:225 (   0.005   0.008   0.010   0.010   0.010   0.010 )
2259.967: I:1 (   0.007   0.007   0.007 ) T:226 (   0.005   0.008   0.010   0.010   0.010   0.010 )
2269.967: I:1 (   0.008   0.008   0.008 ) T:227 (   0.005   0.008   0.010   0.010   0.010   0.010 )
2279.966: I:1 (   0.008   0.008   0.008 ) T:228 (   0.005   0.008   0.010   0.010   0.010   0.010 )
2289.967: I:1 (   0.009   0.009   0.009 ) T:229 (   0.005   0.008   0.010   0.010   0.010   0.010 )
2299.966: I:1 (   0.008   0.008   0.008 ) T:230 (   0.005   0.008   0.010   0.010   0.010   0.010 )
2309.966: I:1 (   0.008   0.008   0.008 ) T:231 (   0.005   0.008   0.010   0.010   0.010   0.010 )
2319.967: I:1 (   0.008   0.008   0.008 ) T:232 (   0.005   0.008   0.010   0.010   0.010   0.010 )
2329.966: I:1 (   0.008   0.008   0.008 ) T:233 (   0.005   0.008   0.010   0.010   0.010   0.010 )
2339.967: I:1 (   0.007   0.007   0.007 ) T:234 (   0.005   0.008   0.010   0.010   0.010   0.010 )
2349.966: I:1 (   0.008   0.008   0.008 ) T:235 (   0.005   0.008   0.010   0.010   0.010   0.010 )
2359.967: I:1 (   0.008   0.008   0.008 ) T:236 (   0.005   0.008   0.010   0.010   0.010   0.010 )
2369.967: I:1 (   0.008   0.008   0.008 ) T:237 (   0.005   0.008   0.010   0.010   0.010   0.010 )
2379.967: I:1 (   0.008   0.008   0.008 ) T:238 (   0.005   0.008   0.010   0.010   0.010   0.010 )
2387.342: I:2 (   0.004   0.008   0.008 ) T:240 (   0.005   0.008   0.010   0.010   0.010   0.010 )
2387.374: I:0 (   0.000   0.000   0.000 ) T:240 (   0.005   0.008   0.010   0.010   0.010   0.010 )
