#[Interval percentile log between 0.000 and <Infinite> seconds (relative to StartTime)]
#[StartTime: 1524773363.098 (seconds since epoch), Thu Apr 26 22:09:23 CEST 2018]
Time: IntervalPercentiles:count ( 50% 90% Max ) TotalPercentiles:count ( 50% 90% 99% 99.9% 99.99% Max )
10.012: I:1 (   2.383   2.383   2.383 ) T:1 (   2.383   2.383   2.383   2.383   2.383   2.383 )
19.995: I:1 (   3.401   3.401   3.401 ) T:2 (   2.383   3.401   3.401   3.401   3.401   3.401 )
29.989: I:1 (   0.033   0.033   0.033 ) T:3 (   2.383   3.401   3.401   3.401   3.401   3.401 )
39.990: I:1 (   0.051   0.051   0.051 ) T:4 (   0.051   3.401   3.401   3.401   3.401   3.401 )
49.985: I:1 (   0.062   0.062   0.062 ) T:5 (   0.062   3.401   3.401   3.401   3.401   3.401 )
59.990: I:1 (   0.180   0.180   0.180 ) T:6 (   0.062   3.401   3.401   3.401   3.401   3.401 )
69.986: I:1 (   0.073   0.073   0.073 ) T:7 (   0.073   3.401   3.401   3.401   3.401   3.401 )
79.989: I:1 (   0.184   0.184   0.184 ) T:8 (   0.073   3.401   3.401   3.401   3.401   3.401 )
89.990: I:1 (   0.148   0.148   0.148 ) T:9 (   0.148   3.401   3.401   3.401   3.401   3.401 )
99.986: I:1 (   0.194   0.194   0.194 ) T:10 (   0.148   2.383   3.401   3.401   3.401   3.401 )
109.990: I:1 (   0.099   0.099   0.099 ) T:11 (   0.148   2.383   3.401   3.401   3.401   3.401 )
119.988: I:1 (   0.098   0.098   0.098 ) T:12 (   0.099   2.383   3.401   3.401   3.401   3.401 )
129.987: I:1 (   0.208   0.208   0.208 ) T:13 (   0.148   2.383   3.401   3.401   3.401   3.401 )
139.988: I:1 (   0.137   0.137   0.137 ) T:14 (   0.137   2.383   3.401   3.401   3.401   3.401 )
149.988: I:1 (   0.160   0.160   0.160 ) T:15 (   0.148   2.383   3.401   3.401   3.401   3.401 )
159.982: I:1 (   0.119   0.119   0.119 ) T:16 (   0.137   2.383   3.401   3.401   3.401   3.401 )
169.987: I:1 (   0.102   0.102   0.102 ) T:17 (   0.137   2.383   3.401   3.401   3.401   3.401 )
179.983: I:1 (   0.187   0.187   0.187 ) T:18 (   0.137   2.383   3.401   3.401   3.401   3.401 )
189.986: I:1 (   0.254   0.254   0.254 ) T:19 (   0.148   2.383   3.401   3.401   3.401   3.401 )
199.987: I:1 (   0.201   0.201   0.201 ) T:20 (   0.148   0.254   3.401   3.401   3.401   3.401 )
209.984: I:1 (   0.227   0.227   0.227 ) T:21 (   0.160   0.254   3.401   3.401   3.401   3.401 )
219.988: I:1 (   0.159   0.159   0.159 ) T:22 (   0.159   0.254   3.401   3.401   3.401   3.401 )
229.991: I:1 (   0.170   0.170   0.170 ) T:23 (   0.160   0.254   3.401   3.401   3.401   3.401 )
239.983: I:1 (   0.186   0.186   0.186 ) T:24 (   0.160   0.254   3.401   3.401   3.401   3.401 )
249.983: I:1 (   0.195   0.195   0.195 ) T:25 (   0.170   0.254   3.401   3.401   3.401   3.401 )
260.239: I:1 (   0.176   0.176   0.176 ) T:26 (   0.170   0.254   3.401   3.401   3.401   3.401 )
269.988: I:1 (   0.166   0.166   0.166 ) T:27 (   0.170   0.254   3.401   3.401   3.401   3.401 )
279.988: I:1 (   0.129   0.129   0.129 ) T:28 (   0.166   0.254   3.401   3.401   3.401   3.401 )
290.004: I:1 (   0.084   0.084   0.084 ) T:29 (   0.166   0.254   3.401   3.401   3.401   3.401 )
299.983: I:1 (   0.074   0.074   0.074 ) T:30 (   0.160   0.227   3.401   3.401   3.401   3.401 )
309.985: I:1 (   0.148   0.148   0.148 ) T:31 (   0.160   0.227   3.401   3.401   3.401   3.401 )
319.984: I:1 (   0.176   0.176   0.176 ) T:32 (   0.160   0.227   3.401   3.401   3.401   3.401 )
329.986: I:1 (   0.194   0.194   0.194 ) T:33 (   0.166   0.227   3.401   3.401   3.401   3.401 )
339.986: I:1 (   0.166   0.166   0.166 ) T:34 (   0.166   0.227   3.401   3.401   3.401   3.401 )
349.988: I:1 (   0.192   0.192   0.192 ) T:35 (   0.166   0.227   3.401   3.401   3.401   3.401 )
359.987: I:1 (   0.144   0.144   0.144 ) T:36 (   0.166   0.227   3.401   3.401   3.401   3.401 )
369.983: I:1 (   0.217   0.217   0.217 ) T:37 (   0.166   0.227   3.401   3.401   3.401   3.401 )
379.983: I:1 (   0.069   0.069   0.069 ) T:38 (   0.166   0.227   3.401   3.401   3.401   3.401 )
389.988: I:1 (   0.151   0.151   0.151 ) T:39 (   0.166   0.227   3.401   3.401   3.401   3.401 )
399.982: I:1 (   0.177   0.177   0.177 ) T:40 (   0.166   0.217   3.401   3.401   3.401   3.401 )
409.982: I:1 (   0.166   0.166   0.166 ) T:41 (   0.166   0.217   3.401   3.401   3.401   3.401 )
419.983: I:1 (   0.175   0.175   0.175 ) T:42 (   0.166   0.217   3.401   3.401   3.401   3.401 )
429.988: I:1 (   0.163   0.163   0.163 ) T:43 (   0.166   0.217   3.401   3.401   3.401   3.401 )
439.982: I:1 (   0.163   0.163   0.163 ) T:44 (   0.166   0.217   3.401   3.401   3.401   3.401 )
449.985: I:1 (   0.164   0.164   0.164 ) T:45 (   0.166   0.217   3.401   3.401   3.401   3.401 )
459.985: I:1 (   0.156   0.156   0.156 ) T:46 (   0.164   0.217   3.401   3.401   3.401   3.401 )
469.988: I:1 (   2.297   2.297   2.297 ) T:47 (   0.166   0.227   3.401   3.401   3.401   3.401 )
479.982: I:1 (   0.123   0.123   0.123 ) T:48 (   0.164   0.227   3.401   3.401   3.401   3.401 )
489.983: I:1 (   0.098   0.098   0.098 ) T:49 (   0.164   0.227   3.401   3.401   3.401   3.401 )
499.989: I:1 (   0.084   0.084   0.084 ) T:50 (   0.163   0.217   3.401   3.401   3.401   3.401 )
509.987: I:1 (   0.195   0.195   0.195 ) T:51 (   0.164   0.217   3.401   3.401   3.401   3.401 )
519.982: I:1 (   0.150   0.150   0.150 ) T:52 (   0.163   0.217   3.401   3.401   3.401   3.401 )
529.988: I:1 (   0.175   0.175   0.175 ) T:53 (   0.164   0.217   3.401   3.401   3.401   3.401 )
539.982: I:1 (   0.173   0.173   0.173 ) T:54 (   0.164   0.217   3.401   3.401   3.401   3.401 )
549.985: I:1 (   0.199   0.199   0.199 ) T:55 (   0.166   0.217   3.401   3.401   3.401   3.401 )
559.987: I:1 (   0.202   0.202   0.202 ) T:56 (   0.166   0.217   3.401   3.401   3.401   3.401 )
569.983: I:1 (   0.159   0.159   0.159 ) T:57 (   0.166   0.217   3.401   3.401   3.401   3.401 )
579.988: I:1 (   0.159   0.159   0.159 ) T:58 (   0.164   0.217   3.401   3.401   3.401   3.401 )
589.982: I:1 (   0.167   0.167   0.167 ) T:59 (   0.166   0.217   3.401   3.401   3.401   3.401 )
599.982: I:1 (   0.084   0.084   0.084 ) T:60 (   0.164   0.208   3.401   3.401   3.401   3.401 )
609.988: I:1 (   0.185   0.185   0.185 ) T:61 (   0.166   0.208   3.401   3.401   3.401   3.401 )
619.985: I:1 (   0.128   0.128   0.128 ) T:62 (   0.164   0.208   3.401   3.401   3.401   3.401 )
629.988: I:1 (   0.206   0.206   0.206 ) T:63 (   0.166   0.208   3.401   3.401   3.401   3.401 )
639.982: I:1 (   0.131   0.131   0.131 ) T:64 (   0.164   0.208   3.401   3.401   3.401   3.401 )
649.988: I:1 (   0.137   0.137   0.137 ) T:65 (   0.164   0.208   3.401   3.401   3.401   3.401 )
659.985: I:1 (   0.174   0.174   0.174 ) T:66 (   0.164   0.208   3.401   3.401   3.401   3.401 )
669.986: I:1 (   0.179   0.179   0.179 ) T:67 (   0.166   0.208   3.401   3.401   3.401   3.401 )
679.983: I:1 (   0.074   0.074   0.074 ) T:68 (   0.164   0.208   3.401   3.401   3.401   3.401 )
689.988: I:1 (   0.143   0.143   0.143 ) T:69 (   0.164   0.208   3.401   3.401   3.401   3.401 )
699.985: I:1 (   0.134   0.134   0.134 ) T:70 (   0.163   0.206   3.401   3.401   3.401   3.401 )
709.984: I:1 (   0.143   0.143   0.143 ) T:71 (   0.163   0.206   3.401   3.401   3.401   3.401 )
719.983: I:1 (   0.038   0.038   0.038 ) T:72 (   0.163   0.206   3.401   3.401   3.401   3.401 )
729.983: I:1 (   0.193   0.193   0.193 ) T:73 (   0.163   0.206   3.401   3.401   3.401   3.401 )
739.982: I:1 (   0.038   0.038   0.038 ) T:74 (   0.163   0.206   3.401   3.401   3.401   3.401 )
749.984: I:1 (   0.206   0.206   0.206 ) T:75 (   0.163   0.206   3.401   3.401   3.401   3.401 )
759.987: I:1 (   0.112   0.112   0.112 ) T:76 (   0.163   0.206   3.401   3.401   3.401   3.401 )
769.990: I:1 (   0.154   0.154   0.154 ) T:77 (   0.163   0.206   3.401   3.401   3.401   3.401 )
779.988: I:1 (   0.166   0.166   0.166 ) T:78 (   0.163   0.206   3.401   3.401   3.401   3.401 )
789.985: I:1 (   0.087   0.087   0.087 ) T:79 (   0.163   0.206   3.401   3.401   3.401   3.401 )
799.989: I:1 (   0.226   0.226   0.226 ) T:80 (   0.163   0.206   3.401   3.401   3.401   3.401 )
809.985: I:1 (   0.172   0.172   0.172 ) T:81 (   0.163   0.206   3.401   3.401   3.401   3.401 )
819.989: I:1 (   0.135   0.135   0.135 ) T:82 (   0.163   0.206   3.401   3.401   3.401   3.401 )
829.982: I:1 (   0.084   0.084   0.084 ) T:83 (   0.163   0.206   3.401   3.401   3.401   3.401 )
839.982: I:1 (   0.219   0.219   0.219 ) T:84 (   0.163   0.208   3.401   3.401   3.401   3.401 )
849.986: I:1 (   0.139   0.139   0.139 ) T:85 (   0.163   0.208   3.401   3.401   3.401   3.401 )
859.989: I:1 (   0.185   0.185   0.185 ) T:86 (   0.163   0.208   3.401   3.401   3.401   3.401 )
869.985: I:1 (   0.137   0.137   0.137 ) T:87 (   0.163   0.208   3.401   3.401   3.401   3.401 )
879.982: I:1 (   0.184   0.184   0.184 ) T:88 (   0.163   0.208   3.401   3.401   3.401   3.401 )
889.982: I:1 (   0.194   0.194   0.194 ) T:89 (   0.163   0.208   3.401   3.401   3.401   3.401 )
899.983: I:1 (   0.178   0.178   0.178 ) T:90 (   0.163   0.206   3.401   3.401   3.401   3.401 )
909.986: I:1 (   0.138   0.138   0.138 ) T:91 (   0.163   0.206   3.401   3.401   3.401   3.401 )
919.988: I:1 (   0.049   0.049   0.049 ) T:92 (   0.163   0.206   3.401   3.401   3.401   3.401 )
929.988: I:1 (   0.193   0.193   0.193 ) T:93 (   0.163   0.206   3.401   3.401   3.401   3.401 )
940.717: I:1 (   0.048   0.048   0.048 ) T:94 (   0.163   0.206   3.401   3.401   3.401   3.401 )
949.986: I:1 (   3.497   3.497   3.497 ) T:95 (   0.163   0.208   3.497   3.497   3.497   3.497 )
959.987: I:1 (   0.177   0.177   0.177 ) T:96 (   0.163   0.208   3.497   3.497   3.497   3.497 )
969.988: I:1 (   0.097   0.097   0.097 ) T:97 (   0.163   0.208   3.497   3.497   3.497   3.497 )
979.988: I:1 (   0.090   0.090   0.090 ) T:98 (   0.163   0.208   3.497   3.497   3.497   3.497 )
989.984: I:1 (   0.053   0.053   0.053 ) T:99 (   0.163   0.208   3.497   3.497   3.497   3.497 )
999.988: I:1 (   0.276   0.276   0.276 ) T:100 (   0.163   0.208   3.401   3.497   3.497   3.497 )
1009.989: I:1 (   0.267   0.267   0.267 ) T:101 (   0.163   0.217   3.401   3.497   3.497   3.497 )
1019.982: I:1 (   0.078   0.078   0.078 ) T:102 (   0.163   0.217   3.401   3.497   3.497   3.497 )
1029.982: I:1 (   0.270   0.270   0.270 ) T:103 (   0.163   0.219   3.401   3.497   3.497   3.497 )
1039.989: I:1 (   0.270   0.270   0.270 ) T:104 (   0.163   0.226   3.401   3.497   3.497   3.497 )
1049.985: I:1 (   0.203   0.203   0.203 ) T:105 (   0.164   0.226   3.401   3.497   3.497   3.497 )
1059.987: I:1 (   0.160   0.160   0.160 ) T:106 (   0.163   0.226   3.401   3.497   3.497   3.497 )
1069.982: I:1 (   0.393   0.393   0.393 ) T:107 (   0.164   0.227   3.401   3.497   3.497   3.497 )
1079.989: I:1 (   0.294   0.294   0.294 ) T:108 (   0.164   0.254   3.401   3.497   3.497   3.497 )
1089.988: I:1 (   0.330   0.330   0.330 ) T:109 (   0.166   0.267   3.401   3.497   3.497   3.497 )
1099.982: I:1 (   0.409   0.409   0.409 ) T:110 (   0.166   0.267   3.401   3.497   3.497   3.497 )
1109.982: I:1 (   0.337   0.337   0.337 ) T:111 (   0.166   0.270   3.401   3.497   3.497   3.497 )
1119.982: I:1 (   0.128   0.128   0.128 ) T:112 (   0.166   0.270   3.401   3.497   3.497   3.497 )
1129.982: I:1 (   0.224   0.224   0.224 ) T:113 (   0.166   0.270   3.401   3.497   3.497   3.497 )
1139.982: I:1 (   0.354   0.354   0.354 ) T:114 (   0.166   0.270   3.401   3.497   3.497   3.497 )
1149.986: I:1 (   0.232   0.232   0.232 ) T:115 (   0.166   0.270   3.401   3.497   3.497   3.497 )
1159.985: I:1 (   0.323   0.323   0.323 ) T:116 (   0.166   0.276   3.401   3.497   3.497   3.497 )
1169.982: I:1 (   0.410   0.410   0.410 ) T:117 (   0.166   0.294   3.401   3.497   3.497   3.497 )
1179.984: I:1 (   0.224   0.224   0.224 ) T:118 (   0.166   0.294   3.401   3.497   3.497   3.497 )
1189.983: I:1 (   0.111   0.111   0.111 ) T:119 (   0.166   0.294   3.401   3.497   3.497   3.497 )
1199.988: I:1 (   0.334   0.334   0.334 ) T:120 (   0.166   0.294   3.401   3.497   3.497   3.497 )
1209.987: I:1 (   0.108   0.108   0.108 ) T:121 (   0.166   0.294   3.401   3.497   3.497   3.497 )
1219.983: I:1 (   0.242   0.242   0.242 ) T:122 (   0.166   0.294   3.401   3.497   3.497   3.497 )
1229.984: I:1 (   0.349   0.349   0.349 ) T:123 (   0.167   0.323   3.401   3.497   3.497   3.497 )
1239.985: I:1 (   0.229   0.229   0.229 ) T:124 (   0.167   0.323   3.401   3.497   3.497   3.497 )
1249.985: I:1 (   0.243   0.243   0.243 ) T:125 (   0.170   0.323   3.401   3.497   3.497   3.497 )
1259.988: I:1 (   0.261   0.261   0.261 ) T:126 (   0.170   0.323   3.401   3.497   3.497   3.497 )
1269.984: I:1 (   0.337   0.337   0.337 ) T:127 (   0.172   0.330   3.401   3.497   3.497   3.497 )
1279.988: I:1 (   0.118   0.118   0.118 ) T:128 (   0.170   0.330   3.401   3.497   3.497   3.497 )
1289.985: I:1 (   0.237   0.237   0.237 ) T:129 (   0.172   0.330   3.401   3.497   3.497   3.497 )
1299.988: I:1 (   0.247   0.247   0.247 ) T:130 (   0.172   0.323   3.401   3.497   3.497   3.497 )
1309.982: I:1 (   0.123   0.123   0.123 ) T:131 (   0.172   0.323   3.401   3.497   3.497   3.497 )
1319.985: I:1 (   0.246   0.246   0.246 ) T:132 (   0.172   0.323   3.401   3.497   3.497   3.497 )
1329.982: I:1 (   0.127   0.127   0.127 ) T:133 (   0.172   0.323   3.401   3.497   3.497   3.497 )
1339.983: I:1 (   0.265   0.265   0.265 ) T:134 (   0.172   0.323   3.401   3.497   3.497   3.497 )
1349.982: I:1 (   0.280   0.280   0.280 ) T:135 (   0.173   0.323   3.401   3.497   3.497   3.497 )
1359.988: I:1 (   0.271   0.271   0.271 ) T:136 (   0.173   0.323   3.401   3.497   3.497   3.497 )
1369.988: I:1 (   0.283   0.283   0.283 ) T:137 (   0.174   0.323   3.401   3.497   3.497   3.497 )
1379.982: I:1 (   0.127   0.127   0.127 ) T:138 (   0.173   0.323   3.401   3.497   3.497   3.497 )
1389.988: I:1 (   0.142   0.142   0.142 ) T:139 (   0.173   0.323   3.401   3.497   3.497   3.497 )
1399.982: I:1 (   0.286   0.286   0.286 ) T:140 (   0.173   0.294   3.401   3.497   3.497   3.497 )
1409.988: I:1 (   0.308   0.308   0.308 ) T:141 (   0.174   0.308   3.401   3.497   3.497   3.497 )
1419.985: I:1 (   0.230   0.230   0.230 ) T:142 (   0.174   0.308   3.401   3.497   3.497   3.497 )
1429.982: I:1 (   0.124   0.124   0.124 ) T:143 (   0.174   0.308   3.401   3.497   3.497   3.497 )
1439.982: I:1 (   0.127   0.127   0.127 ) T:144 (   0.173   0.308   3.401   3.497   3.497   3.497 )
1449.982: I:1 (   0.265   0.265   0.265 ) T:145 (   0.174   0.308   3.401   3.497   3.497   3.497 )
1459.988: I:1 (   0.133   0.133   0.133 ) T:146 (   0.173   0.308   3.401   3.497   3.497   3.497 )
1469.991: I:1 (   0.278   0.278   0.278 ) T:147 (   0.174   0.308   3.401   3.497   3.497   3.497 )
1479.985: I:1 (   0.146   0.146   0.146 ) T:148 (   0.173   0.308   3.401   3.497   3.497   3.497 )
1489.982: I:1 (   0.302   0.302   0.302 ) T:149 (   0.174   0.308   3.401   3.497   3.497   3.497 )
1499.983: I:1 (   0.187   0.187   0.187 ) T:150 (   0.174   0.302   3.401   3.497   3.497   3.497 )
1509.982: I:1 (   0.166   0.166   0.166 ) T:151 (   0.174   0.302   3.401   3.497   3.497   3.497 )
1519.982: I:1 (   0.086   0.086   0.086 ) T:152 (   0.173   0.302   3.401   3.497   3.497   3.497 )
1529.983: I:1 (   0.091   0.091   0.091 ) T:153 (   0.173   0.302   3.401   3.497   3.497   3.497 )
1539.988: I:1 (   0.093   0.093   0.093 ) T:154 (   0.172   0.302   3.401   3.497   3.497   3.497 )
1549.982: I:1 (   0.192   0.192   0.192 ) T:155 (   0.173   0.302   3.401   3.497   3.497   3.497 )
1560.021: I:1 (   0.185   0.185   0.185 ) T:156 (   0.173   0.302   3.401   3.497   3.497   3.497 )
1569.982: I:1 (   0.200   0.200   0.200 ) T:157 (   0.174   0.302   3.401   3.497   3.497   3.497 )
1579.982: I:1 (   0.096   0.096   0.096 ) T:158 (   0.173   0.302   3.401   3.497   3.497   3.497 )
1589.982: I:1 (   0.217   0.217   0.217 ) T:159 (   0.174   0.302   3.401   3.497   3.497   3.497 )
1599.988: I:1 (   0.174   0.174   0.174 ) T:160 (   0.174   0.294   3.401   3.497   3.497   3.497 )
1609.987: I:1 (   0.177   0.177   0.177 ) T:161 (   0.174   0.294   3.401   3.497   3.497   3.497 )
1620.040: I:1 (   3.733   3.733   3.733 ) T:162 (   0.174   0.302   3.497   3.733   3.733   3.733 )
1629.983: I:1 (   0.049   0.049   0.049 ) T:163 (   0.174   0.302   3.497   3.733   3.733   3.733 )
1639.981: I:1 (   0.031   0.031   0.031 ) T:164 (   0.174   0.302   3.497   3.733   3.733   3.733 )
1649.982: I:1 (   0.082   0.082   0.082 ) T:165 (   0.174   0.302   3.497   3.733   3.733   3.733 )
1659.982: I:1 (   0.050   0.050   0.050 ) T:166 (   0.173   0.302   3.497   3.733   3.733   3.733 )
1669.985: I:1 (   0.125   0.125   0.125 ) T:167 (   0.173   0.302   3.497   3.733   3.733   3.733 )
1679.982: I:1 (   0.075   0.075   0.075 ) T:168 (   0.172   0.302   3.497   3.733   3.733   3.733 )
1689.983: I:1 (   0.180   0.180   0.180 ) T:169 (   0.173   0.302   3.497   3.733   3.733   3.733 )
1699.986: I:1 (   0.096   0.096   0.096 ) T:170 (   0.172   0.294   3.497   3.733   3.733   3.733 )
1709.982: I:1 (   0.107   0.107   0.107 ) T:171 (   0.172   0.294   3.497   3.733   3.733   3.733 )
1719.989: I:1 (   0.245   0.245   0.245 ) T:172 (   0.172   0.294   3.497   3.733   3.733   3.733 )
1729.987: I:1 (   0.135   0.135   0.135 ) T:173 (   0.172   0.294   3.497   3.733   3.733   3.733 )
1739.988: I:1 (   0.136   0.136   0.136 ) T:174 (   0.170   0.294   3.497   3.733   3.733   3.733 )
1749.988: I:1 (   0.133   0.133   0.133 ) T:175 (   0.170   0.294   3.497   3.733   3.733   3.733 )
1759.985: I:1 (   0.267   0.267   0.267 ) T:176 (   0.170   0.294   3.497   3.733   3.733   3.733 )
1769.982: I:1 (   0.138   0.138   0.138 ) T:177 (   0.170   0.294   3.497   3.733   3.733   3.733 )
1779.982: I:1 (   0.135   0.135   0.135 ) T:178 (   0.167   0.294   3.497   3.733   3.733   3.733 )
1789.983: I:1 (   0.136   0.136   0.136 ) T:179 (   0.167   0.294   3.497   3.733   3.733   3.733 )
1799.984: I:1 (   0.279   0.279   0.279 ) T:180 (   0.167   0.286   3.497   3.733   3.733   3.733 )
1809.982: I:1 (   0.144   0.144   0.144 ) T:181 (   0.167   0.286   3.497   3.733   3.733   3.733 )
1819.986: I:1 (   0.277   0.277   0.277 ) T:182 (   0.167   0.286   3.497   3.733   3.733   3.733 )
1829.988: I:1 (   0.141   0.141   0.141 ) T:183 (   0.167   0.286   3.497   3.733   3.733   3.733 )
1839.982: I:1 (   0.144   0.144   0.144 ) T:184 (   0.166   0.286   3.497   3.733   3.733   3.733 )
1849.982: I:1 (   0.284   0.284   0.284 ) T:185 (   0.167   0.286   3.497   3.733   3.733   3.733 )
1859.984: I:1 (   0.145   0.145   0.145 ) T:186 (   0.166   0.286   3.497   3.733   3.733   3.733 )
1869.988: I:1 (   0.147   0.147   0.147 ) T:187 (   0.166   0.286   3.497   3.733   3.733   3.733 )
1879.982: I:1 (   0.150   0.150   0.150 ) T:188 (   0.166   0.286   3.497   3.733   3.733   3.733 )
1889.988: I:1 (   0.141   0.141   0.141 ) T:189 (   0.166   0.286   3.497   3.733   3.733   3.733 )
1899.982: I:1 (   0.155   0.155   0.155 ) T:190 (   0.166   0.284   3.497   3.733   3.733   3.733 )
1909.982: I:1 (   0.154   0.154   0.154 ) T:191 (   0.166   0.284   3.497   3.733   3.733   3.733 )
1919.990: I:1 (   0.308   0.308   0.308 ) T:192 (   0.166   0.286   3.497   3.733   3.733   3.733 )
1929.988: I:1 (   0.149   0.149   0.149 ) T:193 (   0.166   0.286   3.497   3.733   3.733   3.733 )
1939.989: I:1 (   0.160   0.160   0.160 ) T:194 (   0.166   0.286   3.497   3.733   3.733   3.733 )
1950.088: I:1 (   0.000   0.000   0.000 ) T:195 (   0.166   0.286   3.497   3.733   3.733   3.733 )
1959.987: I:1 (   0.157   0.157   0.157 ) T:196 (   0.166   0.286   3.497   3.733   3.733   3.733 )
1969.983: I:1 (   0.153   0.153   0.153 ) T:197 (   0.166   0.286   3.497   3.733   3.733   3.733 )
1979.988: I:1 (   0.105   0.105   0.105 ) T:198 (   0.164   0.286   3.497   3.733   3.733   3.733 )
1989.988: I:1 (   0.000   0.000   0.000 ) T:199 (   0.164   0.286   3.497   3.733   3.733   3.733 )
1999.984: I:1 (   0.096   0.096   0.096 ) T:200 (   0.163   0.284   3.401   3.733   3.733   3.733 )
2009.987: I:1 (   0.109   0.109   0.109 ) T:201 (   0.163   0.284   3.401   3.733   3.733   3.733 )
2019.986: I:1 (   0.106   0.106   0.106 ) T:202 (   0.163   0.284   3.401   3.733   3.733   3.733 )
2029.982: I:1 (   0.114   0.114   0.114 ) T:203 (   0.163   0.284   3.401   3.733   3.733   3.733 )
2039.986: I:1 (   0.120   0.120   0.120 ) T:204 (   0.160   0.284   3.401   3.733   3.733   3.733 )
2049.982: I:1 (   0.127   0.127   0.127 ) T:205 (   0.160   0.284   3.401   3.733   3.733   3.733 )
2059.988: I:1 (   0.136   0.136   0.136 ) T:206 (   0.160   0.284   3.401   3.733   3.733   3.733 )
2069.982: I:1 (   0.144   0.144   0.144 ) T:207 (   0.160   0.284   3.401   3.733   3.733   3.733 )
2079.983: I:1 (   0.149   0.149   0.149 ) T:208 (   0.160   0.284   3.401   3.733   3.733   3.733 )
2089.988: I:1 (   0.316   0.316   0.316 ) T:209 (   0.160   0.286   3.401   3.733   3.733   3.733 )
2099.989: I:1 (   0.157   0.157   0.157 ) T:210 (   0.160   0.284   3.401   3.733   3.733   3.733 )
2109.983: I:1 (   0.158   0.158   0.158 ) T:211 (   0.160   0.284   3.401   3.733   3.733   3.733 )
2119.988: I:1 (   0.155   0.155   0.155 ) T:212 (   0.159   0.284   3.401   3.733   3.733   3.733 )
2129.989: I:1 (   0.354   0.354   0.354 ) T:213 (   0.160   0.286   3.401   3.733   3.733   3.733 )
2139.985: I:1 (   0.000   0.000   0.000 ) T:214 (   0.159   0.286   3.401   3.733   3.733   3.733 )
2149.982: I:1 (   0.176   0.176   0.176 ) T:215 (   0.160   0.286   3.401   3.733   3.733   3.733 )
2160.060: I:1 (   0.177   0.177   0.177 ) T:216 (   0.160   0.286   3.401   3.733   3.733   3.733 )
2169.987: I:1 (   0.361   0.361   0.361 ) T:217 (   0.160   0.294   3.401   3.733   3.733   3.733 )
2179.986: I:1 (   0.000   0.000   0.000 ) T:218 (   0.160   0.294   3.401   3.733   3.733   3.733 )
2189.990: I:1 (   0.179   0.179   0.179 ) T:219 (   0.160   0.294   3.401   3.733   3.733   3.733 )
2199.985: I:1 (   0.179   0.179   0.179 ) T:220 (   0.160   0.286   3.401   3.733   3.733   3.733 )
2209.988: I:1 (   0.180   0.180   0.180 ) T:221 (   0.160   0.286   3.401   3.733   3.733   3.733 )
2219.988: I:1 (   0.184   0.184   0.184 ) T:222 (   0.160   0.286   3.401   3.733   3.733   3.733 )
2229.982: I:1 (   0.187   0.187   0.187 ) T:223 (   0.163   0.286   3.401   3.733   3.733   3.733 )
2239.989: I:1 (   0.188   0.188   0.188 ) T:224 (   0.163   0.286   3.401   3.733   3.733   3.733 )
2249.987: I:1 (   0.185   0.185   0.185 ) T:225 (   0.163   0.286   3.401   3.733   3.733   3.733 )
2259.982: I:1 (   0.187   0.187   0.187 ) T:226 (   0.163   0.286   3.401   3.733   3.733   3.733 )
2269.984: I:1 (   0.000   0.000   0.000 ) T:227 (   0.163   0.286   3.401   3.733   3.733   3.733 )
2279.986: I:1 (   0.195   0.195   0.195 ) T:228 (   0.163   0.286   3.401   3.733   3.733   3.733 )
2289.988: I:1 (   0.196   0.196   0.196 ) T:229 (   0.164   0.286   3.401   3.733   3.733   3.733 )
2299.988: I:1 (   0.196   0.196   0.196 ) T:230 (   0.164   0.284   3.401   3.733   3.733   3.733 )
2309.988: I:1 (   0.192   0.192   0.192 ) T:231 (   0.166   0.284   3.401   3.733   3.733   3.733 )
2319.988: I:1 (   0.204   0.204   0.204 ) T:232 (   0.166   0.284   3.401   3.733   3.733   3.733 )
2329.982: I:1 (   0.200   0.200   0.200 ) T:233 (   0.166   0.284   3.401   3.733   3.733   3.733 )
2339.988: I:1 (   0.202   0.202   0.202 ) T:234 (   0.166   0.284   3.401   3.733   3.733   3.733 )
2349.989: I:1 (   0.000   0.000   0.000 ) T:235 (   0.166   0.284   3.401   3.733   3.733   3.733 )
2359.984: I:1 (   0.206   0.206   0.206 ) T:236 (   0.166   0.284   3.401   3.733   3.733   3.733 )
2369.988: I:1 (   0.194   0.194   0.194 ) T:237 (   0.166   0.284   3.401   3.733   3.733   3.733 )
2379.987: I:1 (   0.208   0.208   0.208 ) T:238 (   0.166   0.284   3.401   3.733   3.733   3.733 )
2389.991: I:1 (   0.000   0.000   0.000 ) T:239 (   0.166   0.284   3.401   3.733   3.733   3.733 )
2399.983: I:1 (   0.204   0.204   0.204 ) T:240 (   0.166   0.283   3.401   3.733   3.733   3.733 )
2409.986: I:1 (   0.200   0.200   0.200 ) T:241 (   0.166   0.283   3.401   3.733   3.733   3.733 )
2419.989: I:1 (   0.205   0.205   0.205 ) T:242 (   0.166   0.283   3.401   3.733   3.733   3.733 )
2429.982: I:1 (   0.213   0.213   0.213 ) T:243 (   0.166   0.283   3.401   3.733   3.733   3.733 )
2440.097: I:1 (   0.212   0.212   0.212 ) T:244 (   0.166   0.283   3.401   3.733   3.733   3.733 )
2449.988: I:1 (   0.220   0.220   0.220 ) T:245 (   0.167   0.283   3.401   3.733   3.733   3.733 )
2459.988: I:1 (   0.000   0.000   0.000 ) T:246 (   0.166   0.283   3.401   3.733   3.733   3.733 )
2469.988: I:1 (   0.214   0.214   0.214 ) T:247 (   0.167   0.283   3.401   3.733   3.733   3.733 )
2479.982: I:1 (   0.219   0.219   0.219 ) T:248 (   0.167   0.283   3.401   3.733   3.733   3.733 )
2489.988: I:1 (   0.222   0.222   0.222 ) T:249 (   0.170   0.283   3.401   3.733   3.733   3.733 )
2499.988: I:1 (   0.000   0.000   0.000 ) T:250 (   0.167   0.280   3.401   3.733   3.733   3.733 )
2509.988: I:1 (   0.225   0.225   0.225 ) T:251 (   0.170   0.280   3.401   3.733   3.733   3.733 )
2519.990: I:1 (   0.224   0.224   0.224 ) T:252 (   0.170   0.280   3.401   3.733   3.733   3.733 )
2529.987: I:1 (   0.224   0.224   0.224 ) T:253 (   0.172   0.280   3.401   3.733   3.733   3.733 )
2539.987: I:1 (   0.223   0.223   0.223 ) T:254 (   0.172   0.280   3.401   3.733   3.733   3.733 )
2549.989: I:1 (   0.000   0.000   0.000 ) T:255 (   0.172   0.280   3.401   3.733   3.733   3.733 )
2559.986: I:1 (   0.230   0.230   0.230 ) T:256 (   0.172   0.280   3.401   3.733   3.733   3.733 )
2569.988: I:1 (   0.000   0.000   0.000 ) T:257 (   0.172   0.280   3.401   3.733   3.733   3.733 )
2579.982: I:1 (   0.227   0.227   0.227 ) T:258 (   0.172   0.280   3.401   3.733   3.733   3.733 )
2589.983: I:1 (   0.000   0.000   0.000 ) T:259 (   0.172   0.280   3.401   3.733   3.733   3.733 )
2599.987: I:1 (   0.233   0.233   0.233 ) T:260 (   0.172   0.279   3.401   3.733   3.733   3.733 )
2609.982: I:1 (   0.229   0.229   0.229 ) T:261 (   0.173   0.279   3.401   3.733   3.733   3.733 )
2622.960: I:1 (   0.243   0.243   0.243 ) T:262 (   0.173   0.279   3.401   3.733   3.733   3.733 )
2629.983: I:1 (   6.323   6.323   6.323 ) T:263 (   0.174   0.280   3.497   6.323   6.323   6.323 )
2639.985: I:1 (   0.000   0.000   0.000 ) T:264 (   0.173   0.280   3.497   6.323   6.323   6.323 )
2649.985: I:1 (   0.453   0.453   0.453 ) T:265 (   0.174   0.283   3.497   6.323   6.323   6.323 )
2659.985: I:1 (   0.172   0.172   0.172 ) T:266 (   0.173   0.283   3.497   6.323   6.323   6.323 )
2669.982: I:1 (   0.000   0.000   0.000 ) T:267 (   0.173   0.283   3.497   6.323   6.323   6.323 )
2679.988: I:1 (   0.205   0.205   0.205 ) T:268 (   0.173   0.283   3.497   6.323   6.323   6.323 )
2690.393: I:1 (   0.195   0.195   0.195 ) T:269 (   0.174   0.283   3.497   6.323   6.323   6.323 )
2699.983: I:1 (   0.201   0.201   0.201 ) T:270 (   0.174   0.280   3.497   6.323   6.323   6.323 )
2709.986: I:1 (   0.000   0.000   0.000 ) T:271 (   0.174   0.280   3.497   6.323   6.323   6.323 )
2719.988: I:1 (   0.201   0.201   0.201 ) T:272 (   0.174   0.280   3.497   6.323   6.323   6.323 )
2729.989: I:1 (   0.193   0.193   0.193 ) T:273 (   0.174   0.280   3.497   6.323   6.323   6.323 )
2739.988: I:1 (   0.000   0.000   0.000 ) T:274 (   0.174   0.280   3.497   6.323   6.323   6.323 )
2749.988: I:1 (   0.206   0.206   0.206 ) T:275 (   0.174   0.280   3.497   6.323   6.323   6.323 )
2759.982: I:1 (   0.000   0.000   0.000 ) T:276 (   0.174   0.280   3.497   6.323   6.323   6.323 )
2769.989: I:1 (   0.211   0.211   0.211 ) T:277 (   0.174   0.280   3.497   6.323   6.323   6.323 )
2779.986: I:1 (   0.218   0.218   0.218 ) T:278 (   0.174   0.280   3.497   6.323   6.323   6.323 )
2789.983: I:1 (   0.000   0.000   0.000 ) T:279 (   0.174   0.280   3.497   6.323   6.323   6.323 )
2799.982: I:1 (   0.214   0.214   0.214 ) T:280 (   0.174   0.279   3.497   6.323   6.323   6.323 )
2809.985: I:1 (   0.212   0.212   0.212 ) T:281 (   0.175   0.279   3.497   6.323   6.323   6.323 )
2819.982: I:1 (   0.000   0.000   0.000 ) T:282 (   0.174   0.279   3.497   6.323   6.323   6.323 )
2829.985: I:1 (   0.223   0.223   0.223 ) T:283 (   0.175   0.279   3.497   6.323   6.323   6.323 )
2839.991: I:1 (   0.230   0.230   0.230 ) T:284 (   0.175   0.279   3.497   6.323   6.323   6.323 )
2849.983: I:1 (   0.000   0.000   0.000 ) T:285 (   0.175   0.279   3.497   6.323   6.323   6.323 )
2859.988: I:1 (   0.250   0.250   0.250 ) T:286 (   0.175   0.279   3.497   6.323   6.323   6.323 )
2869.982: I:1 (   0.000   0.000   0.000 ) T:287 (   0.175   0.279   3.497   6.323   6.323   6.323 )
2879.985: I:1 (   0.253   0.253   0.253 ) T:288 (   0.175   0.279   3.497   6.323   6.323   6.323 )
2889.990: I:1 (   0.249   0.249   0.249 ) T:289 (   0.175   0.279   3.497   6.323   6.323   6.323 )
2899.989: I:1 (   0.000   0.000   0.000 ) T:290 (   0.175   0.278   3.497   6.323   6.323   6.323 )
2909.989: I:1 (   0.263   0.263   0.263 ) T:291 (   0.175   0.278   3.497   6.323   6.323   6.323 )
2919.989: I:1 (   0.263   0.263   0.263 ) T:292 (   0.175   0.278   3.497   6.323   6.323   6.323 )
2929.989: I:1 (   0.260   0.260   0.260 ) T:293 (   0.176   0.278   3.497   6.323   6.323   6.323 )
2939.985: I:1 (   0.000   0.000   0.000 ) T:294 (   0.175   0.278   3.497   6.323   6.323   6.323 )
2949.985: I:1 (   0.000   0.000   0.000 ) T:295 (   0.175   0.278   3.497   6.323   6.323   6.323 )
2959.988: I:1 (   0.262   0.262   0.262 ) T:296 (   0.175   0.278   3.497   6.323   6.323   6.323 )
2969.982: I:1 (   0.251   0.251   0.251 ) T:297 (   0.176   0.278   3.497   6.323   6.323   6.323 )
2979.988: I:1 (   0.222   0.222   0.222 ) T:298 (   0.176   0.278   3.497   6.323   6.323   6.323 )
2989.988: I:1 (   0.000   0.000   0.000 ) T:299 (   0.176   0.278   3.497   6.323   6.323   6.323 )
2999.982: I:1 (   0.167   0.167   0.167 ) T:300 (   0.175   0.277   3.401   6.323   6.323   6.323 )
3010.126: I:1 (   0.171   0.171   0.171 ) T:301 (   0.175   0.277   3.401   6.323   6.323   6.323 )
3019.985: I:1 (   0.000   0.000   0.000 ) T:302 (   0.175   0.277   3.401   6.323   6.323   6.323 )
3029.988: I:1 (   0.175   0.175   0.175 ) T:303 (   0.175   0.277   3.401   6.323   6.323   6.323 )
3039.989: I:1 (   0.178   0.178   0.178 ) T:304 (   0.175   0.277   3.401   6.323   6.323   6.323 )
3049.982: I:1 (   0.181   0.181   0.181 ) T:305 (   0.175   0.277   3.401   6.323   6.323   6.323 )
3059.983: I:1 (   0.000   0.000   0.000 ) T:306 (   0.175   0.277   3.401   6.323   6.323   6.323 )
3069.983: I:1 (   0.187   0.187   0.187 ) T:307 (   0.175   0.277   3.401   6.323   6.323   6.323 )
3079.988: I:1 (   0.183   0.183   0.183 ) T:308 (   0.175   0.277   3.401   6.323   6.323   6.323 )
3089.988: I:1 (   0.191   0.191   0.191 ) T:309 (   0.176   0.277   3.401   6.323   6.323   6.323 )
3099.991: I:1 (   0.206   0.206   0.206 ) T:310 (   0.176   0.276   3.401   6.323   6.323   6.323 )
3109.989: I:1 (   0.000   0.000   0.000 ) T:311 (   0.176   0.276   3.401   6.323   6.323   6.323 )
3120.025: I:1 (   0.201   0.201   0.201 ) T:312 (   0.176   0.276   3.401   6.323   6.323   6.323 )
3129.983: I:1 (   0.202   0.202   0.202 ) T:313 (   0.176   0.276   3.401   6.323   6.323   6.323 )
3139.989: I:1 (   0.000   0.000   0.000 ) T:314 (   0.176   0.276   3.401   6.323   6.323   6.323 )
3144.732: I:2 (   0.000   0.202   0.202 ) T:316 (   0.176   0.276   3.401   6.323   6.323   6.323 )
3144.842: I:0 (   0.000   0.000   0.000 ) T:316 (   0.176   0.276   3.401   6.323   6.323   6.323 )
