#[Interval percentile log between 0.000 and <Infinite> seconds (relative to StartTime)]
#[StartTime: 1524773367.731 (seconds since epoch), Thu Apr 26 22:09:27 CEST 2018]
Time: IntervalPercentiles:count ( 50% 90% Max ) TotalPercentiles:count ( 50% 90% 99% 99.9% 99.99% Max )
5.349: I:1 ( 4657.151 4657.151 4657.151 ) T:1 ( 4657.151 4657.151 4657.151 4657.151 4657.151 4657.151 )
15.346: I:0 (   0.000   0.000   0.000 ) T:1 ( 4657.151 4657.151 4657.151 4657.151 4657.151 4657.151 )
25.346: I:0 (   0.000   0.000   0.000 ) T:1 ( 4657.151 4657.151 4657.151 4657.151 4657.151 4657.151 )
35.346: I:0 (   0.000   0.000   0.000 ) T:1 ( 4657.151 4657.151 4657.151 4657.151 4657.151 4657.151 )
45.345: I:0 (   0.000   0.000   0.000 ) T:1 ( 4657.151 4657.151 4657.151 4657.151 4657.151 4657.151 )
55.346: I:0 (   0.000   0.000   0.000 ) T:1 ( 4657.151 4657.151 4657.151 4657.151 4657.151 4657.151 )
65.345: I:0 (   0.000   0.000   0.000 ) T:1 ( 4657.151 4657.151 4657.151 4657.151 4657.151 4657.151 )
75.346: I:0 (   0.000   0.000   0.000 ) T:1 ( 4657.151 4657.151 4657.151 4657.151 4657.151 4657.151 )
85.346: I:0 (   0.000   0.000   0.000 ) T:1 ( 4657.151 4657.151 4657.151 4657.151 4657.151 4657.151 )
95.345: I:0 (   0.000   0.000   0.000 ) T:1 ( 4657.151 4657.151 4657.151 4657.151 4657.151 4657.151 )
105.346: I:0 (   0.000   0.000   0.000 ) T:1 ( 4657.151 4657.151 4657.151 4657.151 4657.151 4657.151 )
115.345: I:0 (   0.000   0.000   0.000 ) T:1 ( 4657.151 4657.151 4657.151 4657.151 4657.151 4657.151 )
125.346: I:0 (   0.000   0.000   0.000 ) T:1 ( 4657.151 4657.151 4657.151 4657.151 4657.151 4657.151 )
135.345: I:0 (   0.000   0.000   0.000 ) T:1 ( 4657.151 4657.151 4657.151 4657.151 4657.151 4657.151 )
145.346: I:0 (   0.000   0.000   0.000 ) T:1 ( 4657.151 4657.151 4657.151 4657.151 4657.151 4657.151 )
155.345: I:0 (   0.000   0.000   0.000 ) T:1 ( 4657.151 4657.151 4657.151 4657.151 4657.151 4657.151 )
165.345: I:0 (   0.000   0.000   0.000 ) T:1 ( 4657.151 4657.151 4657.151 4657.151 4657.151 4657.151 )
175.345: I:0 (   0.000   0.000   0.000 ) T:1 ( 4657.151 4657.151 4657.151 4657.151 4657.151 4657.151 )
185.345: I:0 (   0.000   0.000   0.000 ) T:1 ( 4657.151 4657.151 4657.151 4657.151 4657.151 4657.151 )
195.345: I:0 (   0.000   0.000   0.000 ) T:1 ( 4657.151 4657.151 4657.151 4657.151 4657.151 4657.151 )
205.345: I:0 (   0.000   0.000   0.000 ) T:1 ( 4657.151 4657.151 4657.151 4657.151 4657.151 4657.151 )
215.345: I:0 (   0.000   0.000   0.000 ) T:1 ( 4657.151 4657.151 4657.151 4657.151 4657.151 4657.151 )
225.345: I:0 (   0.000   0.000   0.000 ) T:1 ( 4657.151 4657.151 4657.151 4657.151 4657.151 4657.151 )
235.345: I:0 (   0.000   0.000   0.000 ) T:1 ( 4657.151 4657.151 4657.151 4657.151 4657.151 4657.151 )
245.345: I:0 (   0.000   0.000   0.000 ) T:1 ( 4657.151 4657.151 4657.151 4657.151 4657.151 4657.151 )
255.596: I:0 (   0.000   0.000   0.000 ) T:1 ( 4657.151 4657.151 4657.151 4657.151 4657.151 4657.151 )
265.345: I:0 (   0.000   0.000   0.000 ) T:1 ( 4657.151 4657.151 4657.151 4657.151 4657.151 4657.151 )
275.345: I:0 (   0.000   0.000   0.000 ) T:1 ( 4657.151 4657.151 4657.151 4657.151 4657.151 4657.151 )
285.365: I:0 (   0.000   0.000   0.000 ) T:1 ( 4657.151 4657.151 4657.151 4657.151 4657.151 4657.151 )
295.345: I:0 (   0.000   0.000   0.000 ) T:1 ( 4657.151 4657.151 4657.151 4657.151 4657.151 4657.151 )
305.345: I:0 (   0.000   0.000   0.000 ) T:1 ( 4657.151 4657.151 4657.151 4657.151 4657.151 4657.151 )
315.345: I:0 (   0.000   0.000   0.000 ) T:1 ( 4657.151 4657.151 4657.151 4657.151 4657.151 4657.151 )
325.345: I:0 (   0.000   0.000   0.000 ) T:1 ( 4657.151 4657.151 4657.151 4657.151 4657.151 4657.151 )
335.345: I:0 (   0.000   0.000   0.000 ) T:1 ( 4657.151 4657.151 4657.151 4657.151 4657.151 4657.151 )
345.345: I:0 (   0.000   0.000   0.000 ) T:1 ( 4657.151 4657.151 4657.151 4657.151 4657.151 4657.151 )
355.345: I:0 (   0.000   0.000   0.000 ) T:1 ( 4657.151 4657.151 4657.151 4657.151 4657.151 4657.151 )
365.345: I:0 (   0.000   0.000   0.000 ) T:1 ( 4657.151 4657.151 4657.151 4657.151 4657.151 4657.151 )
375.345: I:0 (   0.000   0.000   0.000 ) T:1 ( 4657.151 4657.151 4657.151 4657.151 4657.151 4657.151 )
385.345: I:0 (   0.000   0.000   0.000 ) T:1 ( 4657.151 4657.151 4657.151 4657.151 4657.151 4657.151 )
395.345: I:0 (   0.000   0.000   0.000 ) T:1 ( 4657.151 4657.151 4657.151 4657.151 4657.151 4657.151 )
405.345: I:0 (   0.000   0.000   0.000 ) T:1 ( 4657.151 4657.151 4657.151 4657.151 4657.151 4657.151 )
415.345: I:0 (   0.000   0.000   0.000 ) T:1 ( 4657.151 4657.151 4657.151 4657.151 4657.151 4657.151 )
425.345: I:0 (   0.000   0.000   0.000 ) T:1 ( 4657.151 4657.151 4657.151 4657.151 4657.151 4657.151 )
435.345: I:0 (   0.000   0.000   0.000 ) T:1 ( 4657.151 4657.151 4657.151 4657.151 4657.151 4657.151 )
445.345: I:0 (   0.000   0.000   0.000 ) T:1 ( 4657.151 4657.151 4657.151 4657.151 4657.151 4657.151 )
455.345: I:0 (   0.000   0.000   0.000 ) T:1 ( 4657.151 4657.151 4657.151 4657.151 4657.151 4657.151 )
465.345: I:0 (   0.000   0.000   0.000 ) T:1 ( 4657.151 4657.151 4657.151 4657.151 4657.151 4657.151 )
475.345: I:0 (   0.000   0.000   0.000 ) T:1 ( 4657.151 4657.151 4657.151 4657.151 4657.151 4657.151 )
485.345: I:0 (   0.000   0.000   0.000 ) T:1 ( 4657.151 4657.151 4657.151 4657.151 4657.151 4657.151 )
495.345: I:0 (   0.000   0.000   0.000 ) T:1 ( 4657.151 4657.151 4657.151 4657.151 4657.151 4657.151 )
505.345: I:0 (   0.000   0.000   0.000 ) T:1 ( 4657.151 4657.151 4657.151 4657.151 4657.151 4657.151 )
515.345: I:0 (   0.000   0.000   0.000 ) T:1 ( 4657.151 4657.151 4657.151 4657.151 4657.151 4657.151 )
525.345: I:0 (   0.000   0.000   0.000 ) T:1 ( 4657.151 4657.151 4657.151 4657.151 4657.151 4657.151 )
535.345: I:0 (   0.000   0.000   0.000 ) T:1 ( 4657.151 4657.151 4657.151 4657.151 4657.151 4657.151 )
545.345: I:0 (   0.000   0.000   0.000 ) T:1 ( 4657.151 4657.151 4657.151 4657.151 4657.151 4657.151 )
555.345: I:0 (   0.000   0.000   0.000 ) T:1 ( 4657.151 4657.151 4657.151 4657.151 4657.151 4657.151 )
565.345: I:0 (   0.000   0.000   0.000 ) T:1 ( 4657.151 4657.151 4657.151 4657.151 4657.151 4657.151 )
575.345: I:0 (   0.000   0.000   0.000 ) T:1 ( 4657.151 4657.151 4657.151 4657.151 4657.151 4657.151 )
585.345: I:0 (   0.000   0.000   0.000 ) T:1 ( 4657.151 4657.151 4657.151 4657.151 4657.151 4657.151 )
595.345: I:0 (   0.000   0.000   0.000 ) T:1 ( 4657.151 4657.151 4657.151 4657.151 4657.151 4657.151 )
605.345: I:0 (   0.000   0.000   0.000 ) T:1 ( 4657.151 4657.151 4657.151 4657.151 4657.151 4657.151 )
615.345: I:0 (   0.000   0.000   0.000 ) T:1 ( 4657.151 4657.151 4657.151 4657.151 4657.151 4657.151 )
625.345: I:0 (   0.000   0.000   0.000 ) T:1 ( 4657.151 4657.151 4657.151 4657.151 4657.151 4657.151 )
635.345: I:0 (   0.000   0.000   0.000 ) T:1 ( 4657.151 4657.151 4657.151 4657.151 4657.151 4657.151 )
645.345: I:0 (   0.000   0.000   0.000 ) T:1 ( 4657.151 4657.151 4657.151 4657.151 4657.151 4657.151 )
655.345: I:0 (   0.000   0.000   0.000 ) T:1 ( 4657.151 4657.151 4657.151 4657.151 4657.151 4657.151 )
665.345: I:0 (   0.000   0.000   0.000 ) T:1 ( 4657.151 4657.151 4657.151 4657.151 4657.151 4657.151 )
675.345: I:0 (   0.000   0.000   0.000 ) T:1 ( 4657.151 4657.151 4657.151 4657.151 4657.151 4657.151 )
685.345: I:0 (   0.000   0.000   0.000 ) T:1 ( 4657.151 4657.151 4657.151 4657.151 4657.151 4657.151 )
695.345: I:0 (   0.000   0.000   0.000 ) T:1 ( 4657.151 4657.151 4657.151 4657.151 4657.151 4657.151 )
705.345: I:0 (   0.000   0.000   0.000 ) T:1 ( 4657.151 4657.151 4657.151 4657.151 4657.151 4657.151 )
715.345: I:0 (   0.000   0.000   0.000 ) T:1 ( 4657.151 4657.151 4657.151 4657.151 4657.151 4657.151 )
725.345: I:0 (   0.000   0.000   0.000 ) T:1 ( 4657.151 4657.151 4657.151 4657.151 4657.151 4657.151 )
735.345: I:0 (   0.000   0.000   0.000 ) T:1 ( 4657.151 4657.151 4657.151 4657.151 4657.151 4657.151 )
745.345: I:0 (   0.000   0.000   0.000 ) T:1 ( 4657.151 4657.151 4657.151 4657.151 4657.151 4657.151 )
755.345: I:0 (   0.000   0.000   0.000 ) T:1 ( 4657.151 4657.151 4657.151 4657.151 4657.151 4657.151 )
765.345: I:0 (   0.000   0.000   0.000 ) T:1 ( 4657.151 4657.151 4657.151 4657.151 4657.151 4657.151 )
775.345: I:0 (   0.000   0.000   0.000 ) T:1 ( 4657.151 4657.151 4657.151 4657.151 4657.151 4657.151 )
785.345: I:0 (   0.000   0.000   0.000 ) T:1 ( 4657.151 4657.151 4657.151 4657.151 4657.151 4657.151 )
795.345: I:0 (   0.000   0.000   0.000 ) T:1 ( 4657.151 4657.151 4657.151 4657.151 4657.151 4657.151 )
805.345: I:0 (   0.000   0.000   0.000 ) T:1 ( 4657.151 4657.151 4657.151 4657.151 4657.151 4657.151 )
815.345: I:0 (   0.000   0.000   0.000 ) T:1 ( 4657.151 4657.151 4657.151 4657.151 4657.151 4657.151 )
825.345: I:0 (   0.000   0.000   0.000 ) T:1 ( 4657.151 4657.151 4657.151 4657.151 4657.151 4657.151 )
835.345: I:0 (   0.000   0.000   0.000 ) T:1 ( 4657.151 4657.151 4657.151 4657.151 4657.151 4657.151 )
845.345: I:0 (   0.000   0.000   0.000 ) T:1 ( 4657.151 4657.151 4657.151 4657.151 4657.151 4657.151 )
855.345: I:0 (   0.000   0.000   0.000 ) T:1 ( 4657.151 4657.151 4657.151 4657.151 4657.151 4657.151 )
865.345: I:0 (   0.000   0.000   0.000 ) T:1 ( 4657.151 4657.151 4657.151 4657.151 4657.151 4657.151 )
875.345: I:0 (   0.000   0.000   0.000 ) T:1 ( 4657.151 4657.151 4657.151 4657.151 4657.151 4657.151 )
885.345: I:0 (   0.000   0.000   0.000 ) T:1 ( 4657.151 4657.151 4657.151 4657.151 4657.151 4657.151 )
895.345: I:0 (   0.000   0.000   0.000 ) T:1 ( 4657.151 4657.151 4657.151 4657.151 4657.151 4657.151 )
905.345: I:0 (   0.000   0.000   0.000 ) T:1 ( 4657.151 4657.151 4657.151 4657.151 4657.151 4657.151 )
915.345: I:0 (   0.000   0.000   0.000 ) T:1 ( 4657.151 4657.151 4657.151 4657.151 4657.151 4657.151 )
925.345: I:0 (   0.000   0.000   0.000 ) T:1 ( 4657.151 4657.151 4657.151 4657.151 4657.151 4657.151 )
936.079: I:0 (   0.000   0.000   0.000 ) T:1 ( 4657.151 4657.151 4657.151 4657.151 4657.151 4657.151 )
945.345: I:0 (   0.000   0.000   0.000 ) T:1 ( 4657.151 4657.151 4657.151 4657.151 4657.151 4657.151 )
955.345: I:0 (   0.000   0.000   0.000 ) T:1 ( 4657.151 4657.151 4657.151 4657.151 4657.151 4657.151 )
965.345: I:0 (   0.000   0.000   0.000 ) T:1 ( 4657.151 4657.151 4657.151 4657.151 4657.151 4657.151 )
975.345: I:0 (   0.000   0.000   0.000 ) T:1 ( 4657.151 4657.151 4657.151 4657.151 4657.151 4657.151 )
985.345: I:0 (   0.000   0.000   0.000 ) T:1 ( 4657.151 4657.151 4657.151 4657.151 4657.151 4657.151 )
995.345: I:0 (   0.000   0.000   0.000 ) T:1 ( 4657.151 4657.151 4657.151 4657.151 4657.151 4657.151 )
1005.345: I:0 (   0.000   0.000   0.000 ) T:1 ( 4657.151 4657.151 4657.151 4657.151 4657.151 4657.151 )
1015.345: I:0 (   0.000   0.000   0.000 ) T:1 ( 4657.151 4657.151 4657.151 4657.151 4657.151 4657.151 )
1025.345: I:0 (   0.000   0.000   0.000 ) T:1 ( 4657.151 4657.151 4657.151 4657.151 4657.151 4657.151 )
1035.345: I:0 (   0.000   0.000   0.000 ) T:1 ( 4657.151 4657.151 4657.151 4657.151 4657.151 4657.151 )
1045.345: I:0 (   0.000   0.000   0.000 ) T:1 ( 4657.151 4657.151 4657.151 4657.151 4657.151 4657.151 )
1055.345: I:0 (   0.000   0.000   0.000 ) T:1 ( 4657.151 4657.151 4657.151 4657.151 4657.151 4657.151 )
1065.345: I:0 (   0.000   0.000   0.000 ) T:1 ( 4657.151 4657.151 4657.151 4657.151 4657.151 4657.151 )
1075.345: I:0 (   0.000   0.000   0.000 ) T:1 ( 4657.151 4657.151 4657.151 4657.151 4657.151 4657.151 )
1085.345: I:0 (   0.000   0.000   0.000 ) T:1 ( 4657.151 4657.151 4657.151 4657.151 4657.151 4657.151 )
1095.344: I:0 (   0.000   0.000   0.000 ) T:1 ( 4657.151 4657.151 4657.151 4657.151 4657.151 4657.151 )
1105.345: I:0 (   0.000   0.000   0.000 ) T:1 ( 4657.151 4657.151 4657.151 4657.151 4657.151 4657.151 )
1115.345: I:0 (   0.000   0.000   0.000 ) T:1 ( 4657.151 4657.151 4657.151 4657.151 4657.151 4657.151 )
1125.345: I:0 (   0.000   0.000   0.000 ) T:1 ( 4657.151 4657.151 4657.151 4657.151 4657.151 4657.151 )
1135.345: I:0 (   0.000   0.000   0.000 ) T:1 ( 4657.151 4657.151 4657.151 4657.151 4657.151 4657.151 )
1145.345: I:0 (   0.000   0.000   0.000 ) T:1 ( 4657.151 4657.151 4657.151 4657.151 4657.151 4657.151 )
1155.345: I:0 (   0.000   0.000   0.000 ) T:1 ( 4657.151 4657.151 4657.151 4657.151 4657.151 4657.151 )
1165.344: I:0 (   0.000   0.000   0.000 ) T:1 ( 4657.151 4657.151 4657.151 4657.151 4657.151 4657.151 )
1175.345: I:0 (   0.000   0.000   0.000 ) T:1 ( 4657.151 4657.151 4657.151 4657.151 4657.151 4657.151 )
1185.345: I:0 (   0.000   0.000   0.000 ) T:1 ( 4657.151 4657.151 4657.151 4657.151 4657.151 4657.151 )
1195.345: I:0 (   0.000   0.000   0.000 ) T:1 ( 4657.151 4657.151 4657.151 4657.151 4657.151 4657.151 )
1205.345: I:0 (   0.000   0.000   0.000 ) T:1 ( 4657.151 4657.151 4657.151 4657.151 4657.151 4657.151 )
1215.345: I:0 (   0.000   0.000   0.000 ) T:1 ( 4657.151 4657.151 4657.151 4657.151 4657.151 4657.151 )
1225.345: I:0 (   0.000   0.000   0.000 ) T:1 ( 4657.151 4657.151 4657.151 4657.151 4657.151 4657.151 )
1235.345: I:0 (   0.000   0.000   0.000 ) T:1 ( 4657.151 4657.151 4657.151 4657.151 4657.151 4657.151 )
1245.345: I:0 (   0.000   0.000   0.000 ) T:1 ( 4657.151 4657.151 4657.151 4657.151 4657.151 4657.151 )
1255.345: I:0 (   0.000   0.000   0.000 ) T:1 ( 4657.151 4657.151 4657.151 4657.151 4657.151 4657.151 )
1265.345: I:0 (   0.000   0.000   0.000 ) T:1 ( 4657.151 4657.151 4657.151 4657.151 4657.151 4657.151 )
1275.345: I:0 (   0.000   0.000   0.000 ) T:1 ( 4657.151 4657.151 4657.151 4657.151 4657.151 4657.151 )
1285.345: I:0 (   0.000   0.000   0.000 ) T:1 ( 4657.151 4657.151 4657.151 4657.151 4657.151 4657.151 )
1295.345: I:0 (   0.000   0.000   0.000 ) T:1 ( 4657.151 4657.151 4657.151 4657.151 4657.151 4657.151 )
1305.345: I:0 (   0.000   0.000   0.000 ) T:1 ( 4657.151 4657.151 4657.151 4657.151 4657.151 4657.151 )
1315.345: I:0 (   0.000   0.000   0.000 ) T:1 ( 4657.151 4657.151 4657.151 4657.151 4657.151 4657.151 )
1325.345: I:0 (   0.000   0.000   0.000 ) T:1 ( 4657.151 4657.151 4657.151 4657.151 4657.151 4657.151 )
1335.345: I:0 (   0.000   0.000   0.000 ) T:1 ( 4657.151 4657.151 4657.151 4657.151 4657.151 4657.151 )
1345.344: I:0 (   0.000   0.000   0.000 ) T:1 ( 4657.151 4657.151 4657.151 4657.151 4657.151 4657.151 )
1355.345: I:0 (   0.000   0.000   0.000 ) T:1 ( 4657.151 4657.151 4657.151 4657.151 4657.151 4657.151 )
1365.345: I:0 (   0.000   0.000   0.000 ) T:1 ( 4657.151 4657.151 4657.151 4657.151 4657.151 4657.151 )
1375.345: I:0 (   0.000   0.000   0.000 ) T:1 ( 4657.151 4657.151 4657.151 4657.151 4657.151 4657.151 )
1385.345: I:0 (   0.000   0.000   0.000 ) T:1 ( 4657.151 4657.151 4657.151 4657.151 4657.151 4657.151 )
1395.345: I:0 (   0.000   0.000   0.000 ) T:1 ( 4657.151 4657.151 4657.151 4657.151 4657.151 4657.151 )
1405.345: I:0 (   0.000   0.000   0.000 ) T:1 ( 4657.151 4657.151 4657.151 4657.151 4657.151 4657.151 )
1415.345: I:0 (   0.000   0.000   0.000 ) T:1 ( 4657.151 4657.151 4657.151 4657.151 4657.151 4657.151 )
1425.344: I:0 (   0.000   0.000   0.000 ) T:1 ( 4657.151 4657.151 4657.151 4657.151 4657.151 4657.151 )
1435.344: I:0 (   0.000   0.000   0.000 ) T:1 ( 4657.151 4657.151 4657.151 4657.151 4657.151 4657.151 )
1445.344: I:0 (   0.000   0.000   0.000 ) T:1 ( 4657.151 4657.151 4657.151 4657.151 4657.151 4657.151 )
1455.345: I:0 (   0.000   0.000   0.000 ) T:1 ( 4657.151 4657.151 4657.151 4657.151 4657.151 4657.151 )
1465.345: I:0 (   0.000   0.000   0.000 ) T:1 ( 4657.151 4657.151 4657.151 4657.151 4657.151 4657.151 )
1475.345: I:0 (   0.000   0.000   0.000 ) T:1 ( 4657.151 4657.151 4657.151 4657.151 4657.151 4657.151 )
1485.345: I:0 (   0.000   0.000   0.000 ) T:1 ( 4657.151 4657.151 4657.151 4657.151 4657.151 4657.151 )
1495.345: I:0 (   0.000   0.000   0.000 ) T:1 ( 4657.151 4657.151 4657.151 4657.151 4657.151 4657.151 )
1505.344: I:0 (   0.000   0.000   0.000 ) T:1 ( 4657.151 4657.151 4657.151 4657.151 4657.151 4657.151 )
1515.344: I:0 (   0.000   0.000   0.000 ) T:1 ( 4657.151 4657.151 4657.151 4657.151 4657.151 4657.151 )
1525.345: I:0 (   0.000   0.000   0.000 ) T:1 ( 4657.151 4657.151 4657.151 4657.151 4657.151 4657.151 )
1535.345: I:0 (   0.000   0.000   0.000 ) T:1 ( 4657.151 4657.151 4657.151 4657.151 4657.151 4657.151 )
1545.345: I:0 (   0.000   0.000   0.000 ) T:1 ( 4657.151 4657.151 4657.151 4657.151 4657.151 4657.151 )
1555.384: I:0 (   0.000   0.000   0.000 ) T:1 ( 4657.151 4657.151 4657.151 4657.151 4657.151 4657.151 )
1565.345: I:0 (   0.000   0.000   0.000 ) T:1 ( 4657.151 4657.151 4657.151 4657.151 4657.151 4657.151 )
1575.345: I:0 (   0.000   0.000   0.000 ) T:1 ( 4657.151 4657.151 4657.151 4657.151 4657.151 4657.151 )
1585.345: I:0 (   0.000   0.000   0.000 ) T:1 ( 4657.151 4657.151 4657.151 4657.151 4657.151 4657.151 )
1595.345: I:0 (   0.000   0.000   0.000 ) T:1 ( 4657.151 4657.151 4657.151 4657.151 4657.151 4657.151 )
1605.345: I:0 (   0.000   0.000   0.000 ) T:1 ( 4657.151 4657.151 4657.151 4657.151 4657.151 4657.151 )
1615.397: I:0 (   0.000   0.000   0.000 ) T:1 ( 4657.151 4657.151 4657.151 4657.151 4657.151 4657.151 )
1625.345: I:0 (   0.000   0.000   0.000 ) T:1 ( 4657.151 4657.151 4657.151 4657.151 4657.151 4657.151 )
1635.344: I:0 (   0.000   0.000   0.000 ) T:1 ( 4657.151 4657.151 4657.151 4657.151 4657.151 4657.151 )
1645.344: I:0 (   0.000   0.000   0.000 ) T:1 ( 4657.151 4657.151 4657.151 4657.151 4657.151 4657.151 )
1655.344: I:0 (   0.000   0.000   0.000 ) T:1 ( 4657.151 4657.151 4657.151 4657.151 4657.151 4657.151 )
1665.345: I:0 (   0.000   0.000   0.000 ) T:1 ( 4657.151 4657.151 4657.151 4657.151 4657.151 4657.151 )
1675.344: I:0 (   0.000   0.000   0.000 ) T:1 ( 4657.151 4657.151 4657.151 4657.151 4657.151 4657.151 )
1685.345: I:0 (   0.000   0.000   0.000 ) T:1 ( 4657.151 4657.151 4657.151 4657.151 4657.151 4657.151 )
1695.345: I:0 (   0.000   0.000   0.000 ) T:1 ( 4657.151 4657.151 4657.151 4657.151 4657.151 4657.151 )
1705.345: I:0 (   0.000   0.000   0.000 ) T:1 ( 4657.151 4657.151 4657.151 4657.151 4657.151 4657.151 )
1715.345: I:0 (   0.000   0.000   0.000 ) T:1 ( 4657.151 4657.151 4657.151 4657.151 4657.151 4657.151 )
1725.345: I:0 (   0.000   0.000   0.000 ) T:1 ( 4657.151 4657.151 4657.151 4657.151 4657.151 4657.151 )
1735.345: I:0 (   0.000   0.000   0.000 ) T:1 ( 4657.151 4657.151 4657.151 4657.151 4657.151 4657.151 )
1745.345: I:0 (   0.000   0.000   0.000 ) T:1 ( 4657.151 4657.151 4657.151 4657.151 4657.151 4657.151 )
1755.345: I:0 (   0.000   0.000   0.000 ) T:1 ( 4657.151 4657.151 4657.151 4657.151 4657.151 4657.151 )
1765.344: I:0 (   0.000   0.000   0.000 ) T:1 ( 4657.151 4657.151 4657.151 4657.151 4657.151 4657.151 )
1775.344: I:0 (   0.000   0.000   0.000 ) T:1 ( 4657.151 4657.151 4657.151 4657.151 4657.151 4657.151 )
1785.344: I:0 (   0.000   0.000   0.000 ) T:1 ( 4657.151 4657.151 4657.151 4657.151 4657.151 4657.151 )
1795.345: I:0 (   0.000   0.000   0.000 ) T:1 ( 4657.151 4657.151 4657.151 4657.151 4657.151 4657.151 )
1805.344: I:0 (   0.000   0.000   0.000 ) T:1 ( 4657.151 4657.151 4657.151 4657.151 4657.151 4657.151 )
1815.345: I:0 (   0.000   0.000   0.000 ) T:1 ( 4657.151 4657.151 4657.151 4657.151 4657.151 4657.151 )
1825.345: I:0 (   0.000   0.000   0.000 ) T:1 ( 4657.151 4657.151 4657.151 4657.151 4657.151 4657.151 )
1835.344: I:0 (   0.000   0.000   0.000 ) T:1 ( 4657.151 4657.151 4657.151 4657.151 4657.151 4657.151 )
1845.344: I:0 (   0.000   0.000   0.000 ) T:1 ( 4657.151 4657.151 4657.151 4657.151 4657.151 4657.151 )
1855.344: I:0 (   0.000   0.000   0.000 ) T:1 ( 4657.151 4657.151 4657.151 4657.151 4657.151 4657.151 )
1865.345: I:0 (   0.000   0.000   0.000 ) T:1 ( 4657.151 4657.151 4657.151 4657.151 4657.151 4657.151 )
1875.344: I:0 (   0.000   0.000   0.000 ) T:1 ( 4657.151 4657.151 4657.151 4657.151 4657.151 4657.151 )
1885.345: I:0 (   0.000   0.000   0.000 ) T:1 ( 4657.151 4657.151 4657.151 4657.151 4657.151 4657.151 )
1895.344: I:0 (   0.000   0.000   0.000 ) T:1 ( 4657.151 4657.151 4657.151 4657.151 4657.151 4657.151 )
1905.344: I:0 (   0.000   0.000   0.000 ) T:1 ( 4657.151 4657.151 4657.151 4657.151 4657.151 4657.151 )
1915.345: I:0 (   0.000   0.000   0.000 ) T:1 ( 4657.151 4657.151 4657.151 4657.151 4657.151 4657.151 )
1925.345: I:0 (   0.000   0.000   0.000 ) T:1 ( 4657.151 4657.151 4657.151 4657.151 4657.151 4657.151 )
1935.345: I:0 (   0.000   0.000   0.000 ) T:1 ( 4657.151 4657.151 4657.151 4657.151 4657.151 4657.151 )
1945.449: I:0 (   0.000   0.000   0.000 ) T:1 ( 4657.151 4657.151 4657.151 4657.151 4657.151 4657.151 )
1955.344: I:0 (   0.000   0.000   0.000 ) T:1 ( 4657.151 4657.151 4657.151 4657.151 4657.151 4657.151 )
1965.344: I:0 (   0.000   0.000   0.000 ) T:1 ( 4657.151 4657.151 4657.151 4657.151 4657.151 4657.151 )
1975.345: I:0 (   0.000   0.000   0.000 ) T:1 ( 4657.151 4657.151 4657.151 4657.151 4657.151 4657.151 )
1985.345: I:0 (   0.000   0.000   0.000 ) T:1 ( 4657.151 4657.151 4657.151 4657.151 4657.151 4657.151 )
1995.344: I:0 (   0.000   0.000   0.000 ) T:1 ( 4657.151 4657.151 4657.151 4657.151 4657.151 4657.151 )
2005.345: I:0 (   0.000   0.000   0.000 ) T:1 ( 4657.151 4657.151 4657.151 4657.151 4657.151 4657.151 )
2015.345: I:0 (   0.000   0.000   0.000 ) T:1 ( 4657.151 4657.151 4657.151 4657.151 4657.151 4657.151 )
2025.344: I:0 (   0.000   0.000   0.000 ) T:1 ( 4657.151 4657.151 4657.151 4657.151 4657.151 4657.151 )
2035.345: I:0 (   0.000   0.000   0.000 ) T:1 ( 4657.151 4657.151 4657.151 4657.151 4657.151 4657.151 )
2045.344: I:0 (   0.000   0.000   0.000 ) T:1 ( 4657.151 4657.151 4657.151 4657.151 4657.151 4657.151 )
2055.345: I:0 (   0.000   0.000   0.000 ) T:1 ( 4657.151 4657.151 4657.151 4657.151 4657.151 4657.151 )
2065.344: I:0 (   0.000   0.000   0.000 ) T:1 ( 4657.151 4657.151 4657.151 4657.151 4657.151 4657.151 )
2075.344: I:0 (   0.000   0.000   0.000 ) T:1 ( 4657.151 4657.151 4657.151 4657.151 4657.151 4657.151 )
2085.345: I:0 (   0.000   0.000   0.000 ) T:1 ( 4657.151 4657.151 4657.151 4657.151 4657.151 4657.151 )
2095.345: I:0 (   0.000   0.000   0.000 ) T:1 ( 4657.151 4657.151 4657.151 4657.151 4657.151 4657.151 )
2105.344: I:0 (   0.000   0.000   0.000 ) T:1 ( 4657.151 4657.151 4657.151 4657.151 4657.151 4657.151 )
2115.345: I:0 (   0.000   0.000   0.000 ) T:1 ( 4657.151 4657.151 4657.151 4657.151 4657.151 4657.151 )
2125.345: I:0 (   0.000   0.000   0.000 ) T:1 ( 4657.151 4657.151 4657.151 4657.151 4657.151 4657.151 )
2135.345: I:0 (   0.000   0.000   0.000 ) T:1 ( 4657.151 4657.151 4657.151 4657.151 4657.151 4657.151 )
2145.344: I:0 (   0.000   0.000   0.000 ) T:1 ( 4657.151 4657.151 4657.151 4657.151 4657.151 4657.151 )
2155.422: I:0 (   0.000   0.000   0.000 ) T:1 ( 4657.151 4657.151 4657.151 4657.151 4657.151 4657.151 )
2165.345: I:0 (   0.000   0.000   0.000 ) T:1 ( 4657.151 4657.151 4657.151 4657.151 4657.151 4657.151 )
2175.345: I:0 (   0.000   0.000   0.000 ) T:1 ( 4657.151 4657.151 4657.151 4657.151 4657.151 4657.151 )
2185.345: I:0 (   0.000   0.000   0.000 ) T:1 ( 4657.151 4657.151 4657.151 4657.151 4657.151 4657.151 )
2195.345: I:0 (   0.000   0.000   0.000 ) T:1 ( 4657.151 4657.151 4657.151 4657.151 4657.151 4657.151 )
2205.345: I:0 (   0.000   0.000   0.000 ) T:1 ( 4657.151 4657.151 4657.151 4657.151 4657.151 4657.151 )
2215.345: I:0 (   0.000   0.000   0.000 ) T:1 ( 4657.151 4657.151 4657.151 4657.151 4657.151 4657.151 )
2225.344: I:0 (   0.000   0.000   0.000 ) T:1 ( 4657.151 4657.151 4657.151 4657.151 4657.151 4657.151 )
2235.345: I:0 (   0.000   0.000   0.000 ) T:1 ( 4657.151 4657.151 4657.151 4657.151 4657.151 4657.151 )
2245.345: I:0 (   0.000   0.000   0.000 ) T:1 ( 4657.151 4657.151 4657.151 4657.151 4657.151 4657.151 )
2255.344: I:0 (   0.000   0.000   0.000 ) T:1 ( 4657.151 4657.151 4657.151 4657.151 4657.151 4657.151 )
2265.344: I:0 (   0.000   0.000   0.000 ) T:1 ( 4657.151 4657.151 4657.151 4657.151 4657.151 4657.151 )
2275.345: I:0 (   0.000   0.000   0.000 ) T:1 ( 4657.151 4657.151 4657.151 4657.151 4657.151 4657.151 )
2285.345: I:0 (   0.000   0.000   0.000 ) T:1 ( 4657.151 4657.151 4657.151 4657.151 4657.151 4657.151 )
2295.345: I:0 (   0.000   0.000   0.000 ) T:1 ( 4657.151 4657.151 4657.151 4657.151 4657.151 4657.151 )
2305.345: I:0 (   0.000   0.000   0.000 ) T:1 ( 4657.151 4657.151 4657.151 4657.151 4657.151 4657.151 )
2315.345: I:0 (   0.000   0.000   0.000 ) T:1 ( 4657.151 4657.151 4657.151 4657.151 4657.151 4657.151 )
2325.344: I:0 (   0.000   0.000   0.000 ) T:1 ( 4657.151 4657.151 4657.151 4657.151 4657.151 4657.151 )
2335.345: I:0 (   0.000   0.000   0.000 ) T:1 ( 4657.151 4657.151 4657.151 4657.151 4657.151 4657.151 )
2345.345: I:0 (   0.000   0.000   0.000 ) T:1 ( 4657.151 4657.151 4657.151 4657.151 4657.151 4657.151 )
2355.345: I:0 (   0.000   0.000   0.000 ) T:1 ( 4657.151 4657.151 4657.151 4657.151 4657.151 4657.151 )
2365.345: I:0 (   0.000   0.000   0.000 ) T:1 ( 4657.151 4657.151 4657.151 4657.151 4657.151 4657.151 )
2375.345: I:0 (   0.000   0.000   0.000 ) T:1 ( 4657.151 4657.151 4657.151 4657.151 4657.151 4657.151 )
2385.345: I:0 (   0.000   0.000   0.000 ) T:1 ( 4657.151 4657.151 4657.151 4657.151 4657.151 4657.151 )
2395.344: I:0 (   0.000   0.000   0.000 ) T:1 ( 4657.151 4657.151 4657.151 4657.151 4657.151 4657.151 )
2405.345: I:0 (   0.000   0.000   0.000 ) T:1 ( 4657.151 4657.151 4657.151 4657.151 4657.151 4657.151 )
2415.345: I:0 (   0.000   0.000   0.000 ) T:1 ( 4657.151 4657.151 4657.151 4657.151 4657.151 4657.151 )
2425.344: I:0 (   0.000   0.000   0.000 ) T:1 ( 4657.151 4657.151 4657.151 4657.151 4657.151 4657.151 )
2435.459: I:0 (   0.000   0.000   0.000 ) T:1 ( 4657.151 4657.151 4657.151 4657.151 4657.151 4657.151 )
2445.345: I:0 (   0.000   0.000   0.000 ) T:1 ( 4657.151 4657.151 4657.151 4657.151 4657.151 4657.151 )
2455.345: I:0 (   0.000   0.000   0.000 ) T:1 ( 4657.151 4657.151 4657.151 4657.151 4657.151 4657.151 )
2465.345: I:0 (   0.000   0.000   0.000 ) T:1 ( 4657.151 4657.151 4657.151 4657.151 4657.151 4657.151 )
2475.344: I:0 (   0.000   0.000   0.000 ) T:1 ( 4657.151 4657.151 4657.151 4657.151 4657.151 4657.151 )
2485.345: I:0 (   0.000   0.000   0.000 ) T:1 ( 4657.151 4657.151 4657.151 4657.151 4657.151 4657.151 )
2495.345: I:0 (   0.000   0.000   0.000 ) T:1 ( 4657.151 4657.151 4657.151 4657.151 4657.151 4657.151 )
2505.345: I:0 (   0.000   0.000   0.000 ) T:1 ( 4657.151 4657.151 4657.151 4657.151 4657.151 4657.151 )
2515.345: I:0 (   0.000   0.000   0.000 ) T:1 ( 4657.151 4657.151 4657.151 4657.151 4657.151 4657.151 )
2525.345: I:0 (   0.000   0.000   0.000 ) T:1 ( 4657.151 4657.151 4657.151 4657.151 4657.151 4657.151 )
2535.345: I:0 (   0.000   0.000   0.000 ) T:1 ( 4657.151 4657.151 4657.151 4657.151 4657.151 4657.151 )
2545.345: I:0 (   0.000   0.000   0.000 ) T:1 ( 4657.151 4657.151 4657.151 4657.151 4657.151 4657.151 )
2555.345: I:0 (   0.000   0.000   0.000 ) T:1 ( 4657.151 4657.151 4657.151 4657.151 4657.151 4657.151 )
2565.345: I:0 (   0.000   0.000   0.000 ) T:1 ( 4657.151 4657.151 4657.151 4657.151 4657.151 4657.151 )
2575.345: I:0 (   0.000   0.000   0.000 ) T:1 ( 4657.151 4657.151 4657.151 4657.151 4657.151 4657.151 )
2585.345: I:0 (   0.000   0.000   0.000 ) T:1 ( 4657.151 4657.151 4657.151 4657.151 4657.151 4657.151 )
2595.345: I:0 (   0.000   0.000   0.000 ) T:1 ( 4657.151 4657.151 4657.151 4657.151 4657.151 4657.151 )
2605.344: I:0 (   0.000   0.000   0.000 ) T:1 ( 4657.151 4657.151 4657.151 4657.151 4657.151 4657.151 )
2618.323: I:0 (   0.000   0.000   0.000 ) T:1 ( 4657.151 4657.151 4657.151 4657.151 4657.151 4657.151 )
2625.343: I:0 (   0.000   0.000   0.000 ) T:1 ( 4657.151 4657.151 4657.151 4657.151 4657.151 4657.151 )
2635.345: I:0 (   0.000   0.000   0.000 ) T:1 ( 4657.151 4657.151 4657.151 4657.151 4657.151 4657.151 )
2645.345: I:0 (   0.000   0.000   0.000 ) T:1 ( 4657.151 4657.151 4657.151 4657.151 4657.151 4657.151 )
2655.345: I:0 (   0.000   0.000   0.000 ) T:1 ( 4657.151 4657.151 4657.151 4657.151 4657.151 4657.151 )
2665.345: I:0 (   0.000   0.000   0.000 ) T:1 ( 4657.151 4657.151 4657.151 4657.151 4657.151 4657.151 )
2675.345: I:0 (   0.000   0.000   0.000 ) T:1 ( 4657.151 4657.151 4657.151 4657.151 4657.151 4657.151 )
2685.657: I:0 (   0.000   0.000   0.000 ) T:1 ( 4657.151 4657.151 4657.151 4657.151 4657.151 4657.151 )
2695.344: I:0 (   0.000   0.000   0.000 ) T:1 ( 4657.151 4657.151 4657.151 4657.151 4657.151 4657.151 )
2705.345: I:0 (   0.000   0.000   0.000 ) T:1 ( 4657.151 4657.151 4657.151 4657.151 4657.151 4657.151 )
2715.345: I:0 (   0.000   0.000   0.000 ) T:1 ( 4657.151 4657.151 4657.151 4657.151 4657.151 4657.151 )
2725.345: I:0 (   0.000   0.000   0.000 ) T:1 ( 4657.151 4657.151 4657.151 4657.151 4657.151 4657.151 )
2735.345: I:0 (   0.000   0.000   0.000 ) T:1 ( 4657.151 4657.151 4657.151 4657.151 4657.151 4657.151 )
2745.345: I:0 (   0.000   0.000   0.000 ) T:1 ( 4657.151 4657.151 4657.151 4657.151 4657.151 4657.151 )
2755.344: I:0 (   0.000   0.000   0.000 ) T:1 ( 4657.151 4657.151 4657.151 4657.151 4657.151 4657.151 )
2765.345: I:0 (   0.000   0.000   0.000 ) T:1 ( 4657.151 4657.151 4657.151 4657.151 4657.151 4657.151 )
2775.345: I:0 (   0.000   0.000   0.000 ) T:1 ( 4657.151 4657.151 4657.151 4657.151 4657.151 4657.151 )
2785.344: I:0 (   0.000   0.000   0.000 ) T:1 ( 4657.151 4657.151 4657.151 4657.151 4657.151 4657.151 )
2795.344: I:0 (   0.000   0.000   0.000 ) T:1 ( 4657.151 4657.151 4657.151 4657.151 4657.151 4657.151 )
2805.345: I:0 (   0.000   0.000   0.000 ) T:1 ( 4657.151 4657.151 4657.151 4657.151 4657.151 4657.151 )
2815.345: I:0 (   0.000   0.000   0.000 ) T:1 ( 4657.151 4657.151 4657.151 4657.151 4657.151 4657.151 )
2825.345: I:0 (   0.000   0.000   0.000 ) T:1 ( 4657.151 4657.151 4657.151 4657.151 4657.151 4657.151 )
2835.345: I:0 (   0.000   0.000   0.000 ) T:1 ( 4657.151 4657.151 4657.151 4657.151 4657.151 4657.151 )
2845.344: I:0 (   0.000   0.000   0.000 ) T:1 ( 4657.151 4657.151 4657.151 4657.151 4657.151 4657.151 )
2855.345: I:0 (   0.000   0.000   0.000 ) T:1 ( 4657.151 4657.151 4657.151 4657.151 4657.151 4657.151 )
2865.344: I:0 (   0.000   0.000   0.000 ) T:1 ( 4657.151 4657.151 4657.151 4657.151 4657.151 4657.151 )
2875.345: I:0 (   0.000   0.000   0.000 ) T:1 ( 4657.151 4657.151 4657.151 4657.151 4657.151 4657.151 )
2885.345: I:0 (   0.000   0.000   0.000 ) T:1 ( 4657.151 4657.151 4657.151 4657.151 4657.151 4657.151 )
2895.345: I:0 (   0.000   0.000   0.000 ) T:1 ( 4657.151 4657.151 4657.151 4657.151 4657.151 4657.151 )
2905.345: I:0 (   0.000   0.000   0.000 ) T:1 ( 4657.151 4657.151 4657.151 4657.151 4657.151 4657.151 )
2915.351: I:0 (   0.000   0.000   0.000 ) T:1 ( 4657.151 4657.151 4657.151 4657.151 4657.151 4657.151 )
2925.345: I:0 (   0.000   0.000   0.000 ) T:1 ( 4657.151 4657.151 4657.151 4657.151 4657.151 4657.151 )
2935.344: I:0 (   0.000   0.000   0.000 ) T:1 ( 4657.151 4657.151 4657.151 4657.151 4657.151 4657.151 )
2945.345: I:0 (   0.000   0.000   0.000 ) T:1 ( 4657.151 4657.151 4657.151 4657.151 4657.151 4657.151 )
2955.345: I:0 (   0.000   0.000   0.000 ) T:1 ( 4657.151 4657.151 4657.151 4657.151 4657.151 4657.151 )
2965.344: I:0 (   0.000   0.000   0.000 ) T:1 ( 4657.151 4657.151 4657.151 4657.151 4657.151 4657.151 )
2975.345: I:0 (   0.000   0.000   0.000 ) T:1 ( 4657.151 4657.151 4657.151 4657.151 4657.151 4657.151 )
2985.345: I:0 (   0.000   0.000   0.000 ) T:1 ( 4657.151 4657.151 4657.151 4657.151 4657.151 4657.151 )
2995.344: I:0 (   0.000   0.000   0.000 ) T:1 ( 4657.151 4657.151 4657.151 4657.151 4657.151 4657.151 )
3005.469: I:0 (   0.000   0.000   0.000 ) T:1 ( 4657.151 4657.151 4657.151 4657.151 4657.151 4657.151 )
3015.345: I:0 (   0.000   0.000   0.000 ) T:1 ( 4657.151 4657.151 4657.151 4657.151 4657.151 4657.151 )
3025.345: I:0 (   0.000   0.000   0.000 ) T:1 ( 4657.151 4657.151 4657.151 4657.151 4657.151 4657.151 )
3035.345: I:0 (   0.000   0.000   0.000 ) T:1 ( 4657.151 4657.151 4657.151 4657.151 4657.151 4657.151 )
3045.344: I:0 (   0.000   0.000   0.000 ) T:1 ( 4657.151 4657.151 4657.151 4657.151 4657.151 4657.151 )
3055.344: I:0 (   0.000   0.000   0.000 ) T:1 ( 4657.151 4657.151 4657.151 4657.151 4657.151 4657.151 )
3065.344: I:0 (   0.000   0.000   0.000 ) T:1 ( 4657.151 4657.151 4657.151 4657.151 4657.151 4657.151 )
3075.345: I:0 (   0.000   0.000   0.000 ) T:1 ( 4657.151 4657.151 4657.151 4657.151 4657.151 4657.151 )
3085.345: I:0 (   0.000   0.000   0.000 ) T:1 ( 4657.151 4657.151 4657.151 4657.151 4657.151 4657.151 )
3095.345: I:0 (   0.000   0.000   0.000 ) T:1 ( 4657.151 4657.151 4657.151 4657.151 4657.151 4657.151 )
3105.345: I:0 (   0.000   0.000   0.000 ) T:1 ( 4657.151 4657.151 4657.151 4657.151 4657.151 4657.151 )
3115.387: I:0 (   0.000   0.000   0.000 ) T:1 ( 4657.151 4657.151 4657.151 4657.151 4657.151 4657.151 )
3125.344: I:0 (   0.000   0.000   0.000 ) T:1 ( 4657.151 4657.151 4657.151 4657.151 4657.151 4657.151 )
3135.345: I:0 (   0.000   0.000   0.000 ) T:1 ( 4657.151 4657.151 4657.151 4657.151 4657.151 4657.151 )
3140.089: I:0 (   0.000   0.000   0.000 ) T:1 ( 4657.151 4657.151 4657.151 4657.151 4657.151 4657.151 )
3140.191: I:0 (   0.000   0.000   0.000 ) T:1 ( 4657.151 4657.151 4657.151 4657.151 4657.151 4657.151 )
