#[Interval percentile log between 0.000 and <Infinite> seconds (relative to StartTime)]
#[StartTime: 1524537312.881 (seconds since epoch), Tue Apr 24 04:35:12 CEST 2018]
Time: IntervalPercentiles:count ( 50% 90% Max ) TotalPercentiles:count ( 50% 90% 99% 99.9% 99.99% Max )
8.651: I:18 (  63.711 373.503 516.095 ) T:18 (  63.711 373.503 516.095 516.095 516.095 516.095 )
18.632: I:21 (   5.007 264.703 393.215 ) T:39 (  39.167 310.527 516.095 516.095 516.095 516.095 )
28.630: I:15 ( 189.439 536.063 1590.271 ) T:54 (  39.167 373.503 1590.271 1590.271 1590.271 1590.271 )
38.627: I:22 (   5.707 410.367 478.463 ) T:76 (  34.783 393.215 1590.271 1590.271 1590.271 1590.271 )
48.628: I:24 (   4.119 302.079 450.303 ) T:100 (  10.327 354.303 536.063 1590.271 1590.271 1590.271 )
58.627: I:20 (  91.199 297.471 1283.071 ) T:120 (  34.783 353.791 1283.071 1590.271 1590.271 1590.271 )
68.627: I:20 (  30.815 379.135 587.263 ) T:140 (  34.783 362.751 1283.071 1590.271 1590.271 1590.271 )
78.628: I:21 (   3.747 294.911 451.839 ) T:161 (   8.567 362.751 1283.071 1590.271 1590.271 1590.271 )
88.628: I:22 (   3.731 285.439 475.391 ) T:183 (   7.311 354.303 1283.071 1590.271 1590.271 1590.271 )
98.628: I:23 (   6.803 444.159 856.063 ) T:206 (   7.139 373.503 856.063 1590.271 1590.271 1590.271 )
108.627: I:20 (   7.051 331.007 386.303 ) T:226 (   7.139 373.503 856.063 1590.271 1590.271 1590.271 )
118.626: I:22 (  50.751 396.543 503.295 ) T:248 (   7.191 379.135 856.063 1590.271 1590.271 1590.271 )
128.627: I:20 (  46.559 408.831 886.783 ) T:268 (   7.311 380.159 886.783 1590.271 1590.271 1590.271 )
138.627: I:18 (  56.799 450.815 504.831 ) T:286 (   7.459 393.215 886.783 1590.271 1590.271 1590.271 )
148.629: I:21 (   4.207 251.263 429.055 ) T:307 (   7.315 386.303 856.063 1590.271 1590.271 1590.271 )
158.627: I:21 (   6.735 297.215 784.383 ) T:328 (   7.191 386.303 856.063 1590.271 1590.271 1590.271 )
168.627: I:21 (   6.579 464.639 849.407 ) T:349 (   7.191 393.215 856.063 1590.271 1590.271 1590.271 )
178.629: I:21 (  57.247 381.183 417.535 ) T:370 (   7.191 386.303 856.063 1590.271 1590.271 1590.271 )
188.627: I:21 (   5.743 388.351 794.111 ) T:391 (   7.191 388.351 856.063 1590.271 1590.271 1590.271 )
198.627: I:20 (   7.719 426.495 718.847 ) T:411 (   7.311 393.215 849.407 1590.271 1590.271 1590.271 )
208.627: I:21 (   6.515 240.639 340.479 ) T:432 (   7.139 386.303 849.407 1590.271 1590.271 1590.271 )
218.627: I:20 (   6.663 329.471 369.151 ) T:452 (   7.107 380.159 849.407 1590.271 1590.271 1590.271 )
228.627: I:21 ( 122.623 453.631 1014.783 ) T:473 (   7.139 381.183 856.063 1590.271 1590.271 1590.271 )
238.626: I:20 (   3.257 410.367 1037.823 ) T:493 (   7.067 388.351 886.783 1590.271 1590.271 1590.271 )
248.627: I:25 (   7.323 352.511 531.455 ) T:518 (   7.067 386.303 856.063 1590.271 1590.271 1590.271 )
258.627: I:23 (   5.627 306.687 479.487 ) T:541 (   7.067 381.183 856.063 1590.271 1590.271 1590.271 )
268.627: I:19 (   3.367 406.527 435.967 ) T:560 (   7.035 386.303 856.063 1590.271 1590.271 1590.271 )
278.627: I:23 (  47.583 432.895 577.535 ) T:583 (   7.079 393.215 856.063 1590.271 1590.271 1590.271 )
288.627: I:20 (   5.875 322.047 388.607 ) T:603 (   7.051 388.351 849.407 1590.271 1590.271 1590.271 )
298.627: I:19 (   6.355 489.727 1464.319 ) T:622 (   7.035 393.215 856.063 1590.271 1590.271 1590.271 )
308.627: I:22 (   6.179 373.503 382.719 ) T:644 (   6.995 388.351 856.063 1590.271 1590.271 1590.271 )
318.627: I:22 (   6.083 267.775 370.943 ) T:666 (   6.983 382.719 856.063 1590.271 1590.271 1590.271 )
328.627: I:20 (   5.927 269.567 388.095 ) T:686 (   6.927 381.183 856.063 1590.271 1590.271 1590.271 )
338.626: I:22 (  10.847 324.863 459.775 ) T:708 (   6.979 380.159 849.407 1590.271 1590.271 1590.271 )
348.627: I:21 ( 156.927 345.087 462.079 ) T:729 (   7.079 379.135 849.407 1590.271 1590.271 1590.271 )
358.626: I:22 (   3.361 305.663 669.183 ) T:751 (   7.067 375.295 849.407 1590.271 1590.271 1590.271 )
368.627: I:21 (  94.143 332.031 1876.991 ) T:772 (   7.079 375.295 856.063 1876.991 1876.991 1876.991 )
378.627: I:20 (   4.239 393.471 478.463 ) T:792 (   7.051 379.135 856.063 1876.991 1876.991 1876.991 )
388.627: I:20 (   3.571 368.383 703.999 ) T:812 (   7.035 379.135 849.407 1876.991 1876.991 1876.991 )
398.626: I:22 (   6.843 383.743 461.311 ) T:834 (   7.035 380.159 849.407 1876.991 1876.991 1876.991 )
408.626: I:16 (   3.201 784.895 1480.703 ) T:850 (   6.995 382.719 856.063 1876.991 1876.991 1876.991 )
418.626: I:24 (   3.737 284.671 470.527 ) T:874 (   6.927 381.183 856.063 1876.991 1876.991 1876.991 )
428.627: I:24 (   3.733 457.727 777.215 ) T:898 (   6.843 382.719 856.063 1876.991 1876.991 1876.991 )
438.626: I:25 (   7.011 437.247 1127.423 ) T:923 (   6.843 383.743 856.063 1876.991 1876.991 1876.991 )
448.627: I:21 (   3.235 362.751 474.879 ) T:944 (   6.815 383.743 856.063 1876.991 1876.991 1876.991 )
458.627: I:23 (   7.195 443.647 673.279 ) T:967 (   6.843 388.095 856.063 1876.991 1876.991 1876.991 )
468.627: I:22 (   3.201 389.119 1883.135 ) T:989 (   6.815 388.351 886.783 1883.135 1883.135 1883.135 )
478.627: I:23 ( 165.503 407.807 455.167 ) T:1012 (   6.839 388.607 856.063 1876.991 1883.135 1883.135 )
488.626: I:20 (   8.551 265.983 428.799 ) T:1032 (   6.843 388.351 856.063 1876.991 1883.135 1883.135 )
498.626: I:18 (   7.279 822.783 1093.631 ) T:1050 (   6.843 388.607 886.783 1876.991 1883.135 1883.135 )
508.626: I:21 (   6.799 374.783 999.423 ) T:1071 (   6.843 388.607 999.423 1876.991 1883.135 1883.135 )
518.626: I:20 (   6.351 318.975 390.911 ) T:1091 (   6.843 388.351 999.423 1876.991 1883.135 1883.135 )
528.626: I:28 (   4.467 360.191 770.559 ) T:1119 (   6.839 388.095 886.783 1876.991 1883.135 1883.135 )
538.627: I:19 (  20.255 465.663 609.791 ) T:1138 (   6.843 388.607 886.783 1876.991 1883.135 1883.135 )
548.626: I:21 (  47.967 313.343 429.567 ) T:1159 (   6.871 388.351 886.783 1876.991 1883.135 1883.135 )
558.626: I:21 (  29.951 389.375 681.983 ) T:1180 (   6.927 388.351 886.783 1876.991 1883.135 1883.135 )
568.627: I:22 (   6.023 333.055 730.623 ) T:1202 (   6.871 388.095 856.063 1876.991 1883.135 1883.135 )
578.627: I:22 (   3.091 386.815 902.655 ) T:1224 (   6.843 388.095 886.783 1876.991 1883.135 1883.135 )
588.627: I:20 (   5.527 296.447 468.735 ) T:1244 (   6.843 386.815 886.783 1876.991 1883.135 1883.135 )
598.626: I:24 (   5.803 384.511 600.575 ) T:1268 (   6.843 386.815 886.783 1876.991 1883.135 1883.135 )
609.207: I:21 (   4.315 461.311 1626.111 ) T:1289 (   6.839 388.095 902.655 1876.991 1883.135 1883.135 )
618.627: I:21 (   6.123 409.087 516.863 ) T:1310 (   6.827 388.351 886.783 1876.991 1883.135 1883.135 )
628.626: I:23 (   4.243 316.671 413.183 ) T:1333 (   6.815 388.095 886.783 1876.991 1883.135 1883.135 )
638.626: I:18 (   4.139 475.647 1122.303 ) T:1351 (   6.803 388.351 902.655 1876.991 1883.135 1883.135 )
648.625: I:26 (   3.483 275.455 427.263 ) T:1377 (   6.735 388.095 902.655 1876.991 1883.135 1883.135 )
658.627: I:19 ( 196.735 430.335 939.007 ) T:1396 (   6.755 388.095 939.007 1876.991 1883.135 1883.135 )
668.626: I:21 ( 201.087 315.647 1282.047 ) T:1417 (   6.815 386.815 939.007 1876.991 1883.135 1883.135 )
678.626: I:24 (   6.167 439.039 621.055 ) T:1441 (   6.815 386.815 939.007 1876.991 1883.135 1883.135 )
688.626: I:21 (   3.641 295.935 496.639 ) T:1462 (   6.799 386.815 939.007 1876.991 1883.135 1883.135 )
698.626: I:22 (   3.225 366.079 1106.943 ) T:1484 (   6.735 386.815 999.423 1876.991 1883.135 1883.135 )
708.626: I:21 (  46.847 501.759 812.031 ) T:1505 (   6.799 386.815 939.007 1876.991 1883.135 1883.135 )
718.627: I:20 (   6.303 357.631 438.527 ) T:1525 (   6.755 386.815 939.007 1876.991 1883.135 1883.135 )
728.627: I:19 (  41.567 688.639 1227.775 ) T:1544 (   6.799 386.815 999.423 1876.991 1883.135 1883.135 )
738.626: I:23 (   3.213 327.935 741.887 ) T:1567 (   6.683 386.815 999.423 1876.991 1883.135 1883.135 )
748.626: I:26 (   3.247 319.487 446.463 ) T:1593 (   6.655 386.303 999.423 1876.991 1883.135 1883.135 )
758.627: I:21 ( 176.639 353.279 592.895 ) T:1614 (   6.663 386.303 939.007 1876.991 1883.135 1883.135 )
768.626: I:21 (   6.515 384.255 1444.863 ) T:1635 (   6.663 386.303 999.423 1876.991 1883.135 1883.135 )
778.626: I:23 (   5.931 385.279 808.447 ) T:1658 (   6.655 386.303 999.423 1876.991 1883.135 1883.135 )
788.626: I:24 (   3.895 328.191 633.855 ) T:1682 (   6.579 384.767 999.423 1876.991 1883.135 1883.135 )
798.626: I:17 (   6.571 592.895 1417.215 ) T:1699 (   6.579 386.815 1014.783 1876.991 1883.135 1883.135 )
808.627: I:22 (   3.705 338.431 518.143 ) T:1721 (   6.571 385.279 999.423 1876.991 1883.135 1883.135 )
818.627: I:27 (   3.459 433.663 919.039 ) T:1748 (   6.515 386.815 999.423 1876.991 1883.135 1883.135 )
828.626: I:27 (   6.579 365.055 397.567 ) T:1775 (   6.515 385.279 999.423 1876.991 1883.135 1883.135 )
838.626: I:19 ( 173.183 433.919 1378.303 ) T:1794 (   6.531 385.279 1014.783 1876.991 1883.135 1883.135 )
848.627: I:23 (   4.023 371.199 763.903 ) T:1817 (   6.515 385.279 999.423 1876.991 1883.135 1883.135 )
858.627: I:21 (  57.375 392.447 431.359 ) T:1838 (   6.531 386.303 999.423 1876.991 1883.135 1883.135 )
868.627: I:18 (   6.343 439.807 1458.175 ) T:1856 (   6.531 386.815 1014.783 1876.991 1883.135 1883.135 )
878.627: I:19 ( 177.151 443.903 676.351 ) T:1875 (   6.571 386.815 1014.783 1876.991 1883.135 1883.135 )
888.626: I:26 (   3.849 393.471 891.903 ) T:1901 (   6.539 386.815 999.423 1876.991 1883.135 1883.135 )
898.627: I:17 (   3.127 499.967 1098.751 ) T:1918 (   6.515 386.815 1014.783 1876.991 1883.135 1883.135 )
908.627: I:19 (   3.233 422.143 765.951 ) T:1937 (   6.463 386.815 1014.783 1876.991 1883.135 1883.135 )
918.627: I:18 (   3.153 349.439 639.487 ) T:1955 (   6.451 386.815 1014.783 1876.991 1883.135 1883.135 )
928.626: I:22 (   6.519 377.599 404.991 ) T:1977 (   6.455 386.815 1014.783 1876.991 1883.135 1883.135 )
938.627: I:24 (   3.183 508.671 760.831 ) T:2001 (   6.443 386.815 999.423 1626.111 1883.135 1883.135 )
948.627: I:20 (   5.663 432.639 449.535 ) T:2021 (   6.443 386.815 999.423 1626.111 1883.135 1883.135 )
958.626: I:22 (   6.987 436.991 551.423 ) T:2043 (   6.443 388.095 999.423 1626.111 1883.135 1883.135 )
968.626: I:20 (   5.507 437.759 595.455 ) T:2063 (   6.443 388.351 999.423 1626.111 1883.135 1883.135 )
978.626: I:21 (   5.943 431.359 626.175 ) T:2084 (   6.443 388.607 999.423 1626.111 1883.135 1883.135 )
988.627: I:21 (   6.411 445.183 701.439 ) T:2105 (   6.443 388.863 939.007 1626.111 1883.135 1883.135 )
998.627: I:22 (   6.647 292.863 1219.583 ) T:2127 (   6.443 388.863 999.423 1626.111 1883.135 1883.135 )
1008.626: I:21 (   4.059 339.455 494.591 ) T:2148 (   6.415 388.863 999.423 1626.111 1883.135 1883.135 )
1018.626: I:23 (   6.391 403.967 548.863 ) T:2171 (   6.415 388.863 999.423 1626.111 1883.135 1883.135 )
1028.627: I:28 (   5.367 398.079 1297.407 ) T:2199 (   6.403 388.863 1014.783 1626.111 1883.135 1883.135 )
1038.626: I:19 ( 155.647 430.335 704.511 ) T:2218 (   6.403 388.863 999.423 1626.111 1883.135 1883.135 )
1048.627: I:23 (   3.423 333.823 652.799 ) T:2241 (   6.387 388.863 999.423 1626.111 1883.135 1883.135 )
1058.627: I:26 (   5.851 340.479 576.511 ) T:2267 (   6.355 388.863 999.423 1626.111 1883.135 1883.135 )
1068.626: I:19 ( 169.983 405.759 435.199 ) T:2286 (   6.355 388.863 999.423 1626.111 1883.135 1883.135 )
1078.626: I:20 (   5.575 355.327 531.455 ) T:2306 (   6.351 388.863 939.007 1626.111 1883.135 1883.135 )
1088.626: I:18 (   7.187 464.383 711.167 ) T:2324 (   6.355 388.863 939.007 1626.111 1883.135 1883.135 )
1098.626: I:21 (   3.181 334.335 1257.471 ) T:2345 (   6.351 388.607 999.423 1626.111 1883.135 1883.135 )
1108.627: I:23 (   3.121 294.655 376.063 ) T:2368 (   6.339 388.351 999.423 1626.111 1883.135 1883.135 )
1118.627: I:20 (   9.983 354.815 489.983 ) T:2388 (   6.343 388.351 999.423 1626.111 1883.135 1883.135 )
1128.626: I:22 (   3.057 412.927 452.095 ) T:2410 (   6.291 388.351 939.007 1626.111 1883.135 1883.135 )
1138.626: I:22 (   3.525 312.831 379.135 ) T:2432 (   6.227 386.815 939.007 1626.111 1883.135 1883.135 )
1148.626: I:22 (  46.527 340.735 730.111 ) T:2454 (   6.235 386.815 939.007 1626.111 1883.135 1883.135 )
1158.627: I:25 (   6.287 305.407 396.543 ) T:2479 (   6.259 386.303 939.007 1626.111 1883.135 1883.135 )
1168.626: I:20 (   5.331 443.135 1748.991 ) T:2499 (   6.231 386.815 999.423 1748.991 1883.135 1883.135 )
1178.626: I:19 (   5.567 376.831 380.159 ) T:2518 (   6.227 385.535 939.007 1748.991 1883.135 1883.135 )
1188.626: I:23 (   5.223 341.759 593.919 ) T:2541 (   6.215 385.279 939.007 1748.991 1883.135 1883.135 )
1198.627: I:23 (   5.867 303.871 354.047 ) T:2564 (   6.207 384.767 939.007 1748.991 1883.135 1883.135 )
1208.626: I:16 (   5.435 476.927 2338.815 ) T:2580 (   6.179 384.767 999.423 1876.991 2338.815 2338.815 )
1218.626: I:21 (   5.771 381.695 535.039 ) T:2601 (   6.175 384.511 939.007 1876.991 2338.815 2338.815 )
1228.626: I:25 (   3.083 388.607 545.791 ) T:2626 (   6.135 384.767 939.007 1876.991 2338.815 2338.815 )
1238.626: I:20 (   3.757 403.455 1253.375 ) T:2646 (   6.123 385.279 999.423 1876.991 2338.815 2338.815 )
1248.626: I:20 (   5.415 396.031 508.671 ) T:2666 (   6.099 385.279 999.423 1876.991 2338.815 2338.815 )
1258.626: I:24 (   5.227 283.391 368.639 ) T:2690 (   6.083 384.511 999.423 1876.991 2338.815 2338.815 )
1268.626: I:22 (   5.123 330.239 405.247 ) T:2712 (   6.067 384.511 939.007 1876.991 2338.815 2338.815 )
1278.626: I:23 (   6.843 389.375 2445.311 ) T:2735 (   6.083 384.767 999.423 1883.135 2445.311 2445.311 )
1288.626: I:24 (   5.343 359.935 448.767 ) T:2759 (   6.055 384.767 999.423 1883.135 2445.311 2445.311 )
1298.626: I:26 (   3.105 304.383 445.183 ) T:2785 (   6.035 384.511 999.423 1883.135 2445.311 2445.311 )
1308.626: I:20 (   3.891 227.199 419.071 ) T:2805 (   6.023 384.255 939.007 1883.135 2445.311 2445.311 )
1318.626: I:23 (   3.079 360.703 2484.223 ) T:2828 (   5.991 384.255 999.423 2338.815 2484.223 2484.223 )
1328.626: I:22 (  30.031 431.871 472.319 ) T:2850 (   6.003 384.255 999.423 2338.815 2484.223 2484.223 )
1338.626: I:23 (   5.027 295.679 521.215 ) T:2873 (   5.979 383.743 999.423 2338.815 2484.223 2484.223 )
1348.626: I:19 (   3.059 268.287 313.087 ) T:2892 (   5.943 382.207 999.423 2338.815 2484.223 2484.223 )
1358.626: I:23 (   5.215 297.471 440.063 ) T:2915 (   5.927 381.951 939.007 2338.815 2484.223 2484.223 )
1368.625: I:25 (   3.025 302.079 366.079 ) T:2940 (   5.919 381.183 939.007 2338.815 2484.223 2484.223 )
1378.625: I:25 (   5.751 430.079 830.975 ) T:2965 (   5.919 381.951 939.007 2338.815 2484.223 2484.223 )
1388.627: I:16 (   5.067 457.983 1890.303 ) T:2981 (   5.911 381.951 999.423 2338.815 2484.223 2484.223 )
1398.626: I:24 (   3.029 286.975 374.271 ) T:3005 (   5.887 381.439 939.007 1890.303 2484.223 2484.223 )
1408.626: I:21 (   5.543 300.287 910.335 ) T:3026 (   5.875 381.183 939.007 1890.303 2484.223 2484.223 )
1418.625: I:23 (   3.119 284.159 1938.431 ) T:3049 (   5.863 380.927 999.423 1938.431 2484.223 2484.223 )
1428.626: I:23 (   3.851 208.255 340.991 ) T:3072 (   5.851 379.135 999.423 1938.431 2484.223 2484.223 )
1438.626: I:22 (   4.651 262.143 297.983 ) T:3094 (   5.835 377.599 999.423 1938.431 2484.223 2484.223 )
1448.626: I:28 (   5.943 390.911 711.167 ) T:3122 (   5.851 377.599 939.007 1938.431 2484.223 2484.223 )
1458.626: I:20 (   6.103 380.415 401.663 ) T:3142 (   5.855 379.135 939.007 1938.431 2484.223 2484.223 )
1468.626: I:26 (   3.201 304.383 646.655 ) T:3168 (   5.815 379.135 939.007 1938.431 2484.223 2484.223 )
1478.626: I:21 (   3.477 381.695 870.911 ) T:3189 (   5.807 379.135 939.007 1938.431 2484.223 2484.223 )
1488.626: I:17 (   5.183 564.223 1348.607 ) T:3206 (   5.803 380.159 939.007 1938.431 2484.223 2484.223 )
1498.625: I:25 (   6.167 300.543 366.335 ) T:3231 (   5.807 377.599 939.007 1938.431 2484.223 2484.223 )
1508.626: I:20 (  24.719 366.335 866.303 ) T:3251 (   5.811 377.599 939.007 1938.431 2484.223 2484.223 )
1518.626: I:24 (   5.459 250.367 664.063 ) T:3275 (   5.807 376.831 939.007 1938.431 2484.223 2484.223 )
1528.626: I:19 (   3.165 424.447 1127.423 ) T:3294 (   5.803 377.599 999.423 1938.431 2484.223 2484.223 )
1538.626: I:23 (   3.633 308.479 522.495 ) T:3317 (   5.775 376.831 939.007 1938.431 2484.223 2484.223 )
1548.627: I:26 (   5.619 324.095 359.935 ) T:3343 (   5.775 374.783 939.007 1938.431 2484.223 2484.223 )
1558.626: I:20 (   3.021 343.807 447.999 ) T:3363 (   5.751 374.783 939.007 1938.431 2484.223 2484.223 )
1568.626: I:23 ( 107.455 379.391 468.223 ) T:3386 (   5.759 375.295 939.007 1938.431 2484.223 2484.223 )
1578.627: I:20 (  10.503 361.471 680.447 ) T:3406 (   5.771 375.295 919.039 1938.431 2484.223 2484.223 )
1588.626: I:21 (   5.239 396.543 928.767 ) T:3427 (   5.771 376.063 928.767 1938.431 2484.223 2484.223 )
1598.626: I:22 (   3.031 270.335 491.519 ) T:3449 (   5.755 376.063 928.767 1938.431 2484.223 2484.223 )
1608.626: I:25 (   3.765 371.711 949.247 ) T:3474 (   5.743 375.295 939.007 1938.431 2484.223 2484.223 )
1618.626: I:21 (   5.103 391.679 901.631 ) T:3495 (   5.735 376.063 939.007 1938.431 2484.223 2484.223 )
1628.627: I:24 (   3.793 314.367 359.167 ) T:3519 (   5.707 374.783 928.767 1938.431 2484.223 2484.223 )
1638.626: I:28 (   3.173 159.487 347.135 ) T:3547 (   5.667 374.271 928.767 1938.431 2484.223 2484.223 )
1648.626: I:18 ( 161.279 449.791 1528.831 ) T:3565 (   5.703 374.527 939.007 1938.431 2484.223 2484.223 )
1658.626: I:21 (   5.339 363.775 578.559 ) T:3586 (   5.675 374.527 939.007 1938.431 2484.223 2484.223 )
1668.626: I:22 (   3.029 246.399 426.751 ) T:3608 (   5.663 374.271 928.767 1938.431 2484.223 2484.223 )
1678.625: I:23 (   5.255 443.391 558.591 ) T:3631 (   5.659 374.271 928.767 1938.431 2484.223 2484.223 )
1688.626: I:24 (  10.015 422.143 1406.975 ) T:3655 (   5.675 374.527 949.247 1938.431 2484.223 2484.223 )
1698.625: I:26 (   3.207 255.231 294.399 ) T:3681 (   5.667 373.503 949.247 1938.431 2484.223 2484.223 )
1708.626: I:20 (  20.879 375.039 1064.959 ) T:3701 (   5.671 374.271 949.247 1938.431 2484.223 2484.223 )
1718.626: I:24 (   3.013 264.191 532.479 ) T:3725 (   5.663 373.503 949.247 1938.431 2484.223 2484.223 )
1728.626: I:18 (   3.065 396.799 476.927 ) T:3743 (   5.659 374.271 949.247 1938.431 2484.223 2484.223 )
1738.626: I:24 (   5.219 379.647 469.759 ) T:3767 (   5.655 374.271 949.247 1938.431 2484.223 2484.223 )
1748.625: I:20 (   3.899 358.143 425.727 ) T:3787 (   5.651 374.271 949.247 1938.431 2484.223 2484.223 )
1758.625: I:18 (   3.665 499.455 1875.967 ) T:3805 (   5.643 374.271 949.247 1938.431 2484.223 2484.223 )
1768.626: I:21 (   5.555 362.239 414.719 ) T:3826 (   5.639 374.271 949.247 1938.431 2484.223 2484.223 )
1778.626: I:21 ( 145.151 244.991 403.711 ) T:3847 (   5.651 374.271 949.247 1938.431 2484.223 2484.223 )
1788.626: I:21 (   5.331 339.199 779.775 ) T:3868 (   5.643 373.503 949.247 1938.431 2484.223 2484.223 )
1798.626: I:26 (   3.981 239.999 429.567 ) T:3894 (   5.635 373.503 949.247 1938.431 2484.223 2484.223 )
1808.626: I:24 (   3.055 432.895 739.327 ) T:3918 (   5.623 373.503 939.007 1938.431 2484.223 2484.223 )
1818.626: I:20 (   5.487 220.543 1111.039 ) T:3938 (   5.623 373.503 949.247 1938.431 2484.223 2484.223 )
1828.628: I:20 (   5.671 244.863 1039.359 ) T:3958 (   5.627 373.503 999.423 1938.431 2484.223 2484.223 )
1838.626: I:22 (   3.095 316.927 570.879 ) T:3980 (   5.615 373.503 999.423 1938.431 2484.223 2484.223 )
1848.626: I:26 (   3.067 351.231 748.031 ) T:4006 (   5.615 373.503 949.247 1890.303 2484.223 2484.223 )
1858.626: I:22 (   2.975 340.479 516.863 ) T:4028 (   5.611 373.503 949.247 1890.303 2484.223 2484.223 )
1868.626: I:28 (   3.019 364.799 385.023 ) T:4056 (   5.607 372.735 949.247 1890.303 2484.223 2484.223 )
1878.626: I:23 (   2.975 255.359 796.159 ) T:4079 (   5.575 371.967 949.247 1890.303 2484.223 2484.223 )
1888.626: I:21 (   2.997 318.463 364.543 ) T:4100 (   5.571 371.711 939.007 1890.303 2484.223 2484.223 )
1898.626: I:22 (   5.351 338.175 594.431 ) T:4122 (   5.571 371.711 939.007 1890.303 2484.223 2484.223 )
1908.626: I:23 (   5.427 395.263 501.759 ) T:4145 (   5.571 371.711 939.007 1890.303 2484.223 2484.223 )
1918.626: I:20 (   4.323 220.031 502.015 ) T:4165 (   5.559 371.711 939.007 1890.303 2484.223 2484.223 )
1928.626: I:23 (  70.463 366.591 544.255 ) T:4188 (   5.567 371.711 939.007 1890.303 2484.223 2484.223 )
1938.627: I:21 (   5.351 386.815 780.287 ) T:4209 (   5.567 371.711 928.767 1890.303 2484.223 2484.223 )
1948.626: I:23 (   5.231 364.287 562.175 ) T:4232 (   5.563 371.711 928.767 1890.303 2484.223 2484.223 )
1958.626: I:22 (   4.755 297.983 593.407 ) T:4254 (   5.563 371.711 928.767 1890.303 2484.223 2484.223 )
1968.626: I:21 (   6.227 242.943 718.847 ) T:4275 (   5.563 371.199 928.767 1890.303 2484.223 2484.223 )
1978.626: I:21 (  56.511 328.191 778.239 ) T:4296 (   5.567 371.199 928.767 1890.303 2484.223 2484.223 )
1988.626: I:22 (   9.135 375.295 817.151 ) T:4318 (   5.571 371.711 919.039 1890.303 2484.223 2484.223 )
1998.626: I:21 (  46.751 338.431 1083.391 ) T:4339 (   5.587 371.711 928.767 1890.303 2484.223 2484.223 )
2008.626: I:26 (   5.159 414.975 753.663 ) T:4365 (   5.587 371.711 928.767 1890.303 2484.223 2484.223 )
2018.626: I:24 (   4.723 337.919 417.023 ) T:4389 (   5.575 371.711 928.767 1890.303 2484.223 2484.223 )
2028.626: I:20 (   3.683 448.255 1346.559 ) T:4409 (   5.571 371.711 928.767 1890.303 2484.223 2484.223 )
2038.626: I:21 (   5.135 322.303 986.623 ) T:4430 (   5.571 371.711 939.007 1890.303 2484.223 2484.223 )
2048.626: I:17 (   8.967 947.711 1263.615 ) T:4447 (   5.571 371.711 949.247 1890.303 2484.223 2484.223 )
2058.626: I:21 ( 150.911 385.023 485.375 ) T:4468 (   5.575 371.967 949.247 1890.303 2484.223 2484.223 )
2068.626: I:21 (   5.415 232.191 431.103 ) T:4489 (   5.575 371.967 949.247 1890.303 2484.223 2484.223 )
2078.626: I:27 (   5.235 366.847 447.999 ) T:4516 (   5.571 371.711 947.711 1890.303 2484.223 2484.223 )
2088.626: I:16 (  45.343 1070.079 1477.631 ) T:4532 (   5.575 371.711 986.623 1890.303 2484.223 2484.223 )
2098.626: I:19 (  54.783 460.799 497.151 ) T:4551 (   5.611 371.967 986.623 1890.303 2484.223 2484.223 )
2108.626: I:24 (   4.103 369.919 511.999 ) T:4575 (   5.587 371.967 986.623 1890.303 2484.223 2484.223 )
2118.626: I:19 (   5.723 378.879 1615.871 ) T:4594 (   5.587 371.967 999.423 1890.303 2484.223 2484.223 )
2128.626: I:21 (   3.133 330.239 373.247 ) T:4615 (   5.571 371.967 986.623 1890.303 2484.223 2484.223 )
2138.626: I:25 (   3.053 356.351 461.823 ) T:4640 (   5.563 371.711 986.623 1890.303 2484.223 2484.223 )
2148.626: I:20 (   2.985   6.471 464.383 ) T:4660 (   5.543 371.711 986.623 1890.303 2484.223 2484.223 )
2158.626: I:21 (  95.295 341.503 401.919 ) T:4681 (   5.559 371.711 986.623 1890.303 2484.223 2484.223 )
2168.626: I:21 ( 185.215 402.431 454.399 ) T:4702 (   5.559 371.967 949.247 1890.303 2484.223 2484.223 )
2178.626: I:25 (  57.983 356.863 409.087 ) T:4727 (   5.567 371.967 949.247 1890.303 2484.223 2484.223 )
2188.626: I:30 (   3.211 235.007 902.655 ) T:4757 (   5.559 371.711 949.247 1890.303 2484.223 2484.223 )
2198.626: I:32 (   3.877 235.903 351.999 ) T:4789 (   5.559 370.943 949.247 1890.303 2484.223 2484.223 )
2208.626: I:25 (   5.547 342.783 669.695 ) T:4814 (   5.555 370.431 947.711 1890.303 2484.223 2484.223 )
2218.626: I:28 (   4.887 305.151 373.247 ) T:4842 (   5.531 370.175 947.711 1890.303 2484.223 2484.223 )
2228.626: I:28 (   3.921 233.727 407.295 ) T:4870 (   5.511 369.151 947.711 1890.303 2484.223 2484.223 )
2238.626: I:26 (   5.299 284.927 355.327 ) T:4896 (   5.511 369.151 947.711 1890.303 2484.223 2484.223 )
2248.626: I:26 (  56.671 346.111 706.047 ) T:4922 (   5.523 368.895 939.007 1890.303 2484.223 2484.223 )
2258.626: I:22 ( 187.391 452.095 1149.951 ) T:4944 (   5.531 369.919 947.711 1890.303 2484.223 2484.223 )
2268.626: I:23 ( 149.503 303.103 397.567 ) T:4967 (   5.559 369.151 947.711 1890.303 2484.223 2484.223 )
2278.626: I:25 (   6.051 401.919 730.623 ) T:4992 (   5.559 369.919 947.711 1890.303 2484.223 2484.223 )
2288.626: I:20 (   6.583 342.015 1219.583 ) T:5012 (   5.563 369.919 947.711 1883.135 2484.223 2484.223 )
2298.626: I:28 (   6.027 639.999 791.551 ) T:5040 (   5.563 370.431 947.711 1883.135 2484.223 2484.223 )
2308.626: I:26 (   5.267 340.991 395.263 ) T:5066 (   5.559 370.175 947.711 1883.135 2484.223 2484.223 )
2318.626: I:33 (   3.567 276.479 344.063 ) T:5099 (   5.555 369.151 947.711 1883.135 2484.223 2484.223 )
2328.626: I:28 (   3.055 237.823 477.695 ) T:5127 (   5.543 369.151 939.007 1883.135 2484.223 2484.223 )
2338.626: I:22 (   4.347 261.759 559.615 ) T:5149 (   5.531 368.895 939.007 1883.135 2484.223 2484.223 )
2348.626: I:24 (   5.675 595.455 1061.887 ) T:5173 (   5.543 369.151 947.711 1883.135 2484.223 2484.223 )
2358.626: I:28 (   2.995 338.943 451.071 ) T:5201 (   5.527 368.895 939.007 1883.135 2484.223 2484.223 )
2368.626: I:26 (   3.145 310.271 515.327 ) T:5227 (   5.527 368.639 939.007 1883.135 2484.223 2484.223 )
2378.626: I:26 (   4.747 263.423 851.455 ) T:5253 (   5.523 368.127 939.007 1883.135 2484.223 2484.223 )
2388.625: I:26 (   4.171 342.271 1613.823 ) T:5279 (   5.519 368.127 947.711 1883.135 2484.223 2484.223 )
2398.626: I:22 ( 118.975 306.943 359.935 ) T:5301 (   5.531 366.847 939.007 1883.135 2484.223 2484.223 )
2408.626: I:27 (   5.327 304.895 363.519 ) T:5328 (   5.531 366.591 939.007 1883.135 2484.223 2484.223 )
2418.625: I:33 (   4.871 339.711 932.863 ) T:5361 (   5.527 366.335 939.007 1883.135 2484.223 2484.223 )
2428.626: I:24 (   2.985 310.527 1094.655 ) T:5385 (   5.515 366.335 947.711 1883.135 2484.223 2484.223 )
2438.626: I:25 (  58.559 312.831 378.623 ) T:5410 (   5.523 366.335 939.007 1883.135 2484.223 2484.223 )
2448.626: I:24 (   5.195 315.135 1538.047 ) T:5434 (   5.519 366.079 947.711 1883.135 2484.223 2484.223 )
2458.626: I:25 (   5.811 308.479 672.767 ) T:5459 (   5.527 366.079 947.711 1883.135 2484.223 2484.223 )
2468.626: I:24 (   3.697 382.463 408.319 ) T:5483 (   5.523 366.335 947.711 1883.135 2484.223 2484.223 )
2478.626: I:30 (   3.625 215.551 476.415 ) T:5513 (   5.507 366.079 939.007 1883.135 2484.223 2484.223 )
2488.626: I:26 (   3.729 245.887 1774.591 ) T:5539 (   5.491 365.823 947.711 1883.135 2484.223 2484.223 )
2498.626: I:31 (   4.511 277.503 450.559 ) T:5570 (   5.483 365.055 947.711 1883.135 2484.223 2484.223 )
2508.626: I:32 (   5.503 326.399 415.231 ) T:5602 (   5.487 364.799 939.007 1883.135 2484.223 2484.223 )
2518.626: I:26 (   3.019 333.567 791.039 ) T:5628 (   5.483 364.799 939.007 1883.135 2484.223 2484.223 )
2528.626: I:23 (   3.733 325.631 569.343 ) T:5651 (   5.475 364.799 939.007 1883.135 2484.223 2484.223 )
2538.626: I:29 (   3.731 328.959 382.975 ) T:5680 (   5.463 364.799 939.007 1883.135 2484.223 2484.223 )
2548.626: I:28 (   5.307 341.247 1177.599 ) T:5708 (   5.463 364.799 939.007 1883.135 2484.223 2484.223 )
2558.626: I:27 (   3.301 436.223 886.271 ) T:5735 (   5.447 364.799 939.007 1883.135 2484.223 2484.223 )
2568.626: I:28 (   3.845 358.399 449.279 ) T:5763 (   5.435 364.543 939.007 1883.135 2484.223 2484.223 )
2578.626: I:24 (   4.151 206.719 218.879 ) T:5787 (   5.431 364.287 939.007 1883.135 2484.223 2484.223 )
2588.626: I:24 (   5.239 296.191 366.079 ) T:5811 (   5.427 364.287 932.863 1883.135 2484.223 2484.223 )
2598.626: I:25 (   7.679 389.119 809.471 ) T:5836 (   5.431 364.287 932.863 1883.135 2484.223 2484.223 )
2608.626: I:31 (   4.847 223.999 432.639 ) T:5867 (   5.427 363.775 932.863 1883.135 2484.223 2484.223 )
2618.626: I:29 (   5.111 463.103 572.415 ) T:5896 (   5.419 363.775 932.863 1883.135 2484.223 2484.223 )
2628.626: I:25 (  57.695 252.927 660.991 ) T:5921 (   5.427 363.263 928.767 1883.135 2484.223 2484.223 )
2638.626: I:28 (   3.915 293.631 469.503 ) T:5949 (   5.415 363.007 928.767 1883.135 2484.223 2484.223 )
2648.626: I:35 (   5.103 265.727 770.047 ) T:5984 (   5.415 362.751 928.767 1883.135 2484.223 2484.223 )
2658.626: I:25 (   4.895 263.167 867.327 ) T:6009 (   5.415 362.751 919.039 1876.991 2484.223 2484.223 )
2668.626: I:30 (   6.239 281.087 791.039 ) T:6039 (   5.415 362.751 919.039 1876.991 2484.223 2484.223 )
2678.626: I:26 (   4.363 313.343 418.303 ) T:6065 (   5.415 362.239 919.039 1876.991 2484.223 2484.223 )
2688.626: I:26 (   4.967 334.591 793.087 ) T:6091 (   5.415 362.239 919.039 1876.991 2484.223 2484.223 )
2698.626: I:28 (   5.447 308.991 981.503 ) T:6119 (   5.415 361.983 919.039 1876.991 2484.223 2484.223 )
2708.686: I:26 (   5.423 253.823 411.903 ) T:6145 (   5.419 361.471 919.039 1876.991 2484.223 2484.223 )
2718.626: I:27 (   5.903 328.959 1289.215 ) T:6172 (   5.427 360.959 928.767 1876.991 2484.223 2484.223 )
2728.626: I:26 (   3.741 403.455 1035.263 ) T:6198 (   5.415 361.471 932.863 1876.991 2484.223 2484.223 )
2738.626: I:29 (   5.363 358.399 448.255 ) T:6227 (   5.415 360.959 928.767 1876.991 2484.223 2484.223 )
2748.626: I:25 (   5.355 254.847 1363.967 ) T:6252 (   5.415 360.703 932.863 1876.991 2484.223 2484.223 )
2758.626: I:30 (   6.003 325.887 972.799 ) T:6282 (   5.423 360.191 939.007 1876.991 2484.223 2484.223 )
2768.626: I:26 (   6.371 327.679 430.079 ) T:6308 (   5.427 359.935 932.863 1876.991 2484.223 2484.223 )
2778.626: I:26 (   3.865 312.063 354.303 ) T:6334 (   5.423 359.423 932.863 1876.991 2484.223 2484.223 )
2788.626: I:22 (  14.079 287.231 1274.879 ) T:6356 (   5.427 359.423 939.007 1876.991 2484.223 2484.223 )
2798.626: I:28 (   5.159 268.543 835.583 ) T:6384 (   5.427 359.167 939.007 1876.991 2484.223 2484.223 )
2808.626: I:29 (   5.235 326.399 453.631 ) T:6413 (   5.427 358.399 932.863 1876.991 2484.223 2484.223 )
2818.626: I:21 (   4.159 339.967 883.199 ) T:6434 (   5.427 358.399 932.863 1876.991 2484.223 2484.223 )
2828.626: I:27 (   5.331 300.799 559.103 ) T:6461 (   5.427 358.143 932.863 1876.991 2484.223 2484.223 )
2838.626: I:27 (   5.447 259.199 345.087 ) T:6488 (   5.427 357.631 932.863 1876.991 2484.223 2484.223 )
2848.626: I:32 (   4.087 243.199 766.975 ) T:6520 (   5.415 357.631 928.767 1876.991 2484.223 2484.223 )
2858.626: I:21 (   6.179 337.663 1449.983 ) T:6541 (   5.419 357.631 932.863 1876.991 2484.223 2484.223 )
2868.626: I:22 (   3.797 370.175 528.895 ) T:6563 (   5.419 357.631 932.863 1876.991 2484.223 2484.223 )
2878.626: I:33 (   3.959 304.895 453.375 ) T:6596 (   5.415 357.631 932.863 1876.991 2484.223 2484.223 )
2888.626: I:22 (  45.375 340.991 637.439 ) T:6618 (   5.415 357.631 928.767 1876.991 2484.223 2484.223 )
2898.626: I:31 (   3.907 322.559 743.935 ) T:6649 (   5.415 357.631 928.767 1876.991 2484.223 2484.223 )
2908.627: I:26 (   3.747 355.327 440.575 ) T:6675 (   5.411 357.119 928.767 1876.991 2484.223 2484.223 )
2918.626: I:24 (  71.679 300.543 886.271 ) T:6699 (   5.415 357.119 928.767 1876.991 2484.223 2484.223 )
2928.625: I:25 (  81.343 367.871 541.183 ) T:6724 (   5.419 357.119 919.039 1876.991 2484.223 2484.223 )
2938.626: I:28 (   5.383 286.463 484.607 ) T:6752 (   5.419 356.863 919.039 1876.991 2484.223 2484.223 )
2948.626: I:27 (   4.135 310.527 473.343 ) T:6779 (   5.415 356.863 919.039 1876.991 2484.223 2484.223 )
2958.626: I:25 (   5.603 270.591 368.127 ) T:6804 (   5.415 356.351 910.335 1876.991 2484.223 2484.223 )
2968.626: I:23 (  56.575 264.191 381.695 ) T:6827 (   5.427 355.839 910.335 1876.991 2484.223 2484.223 )
2978.626: I:21 ( 193.535 336.895 397.055 ) T:6848 (   5.431 355.839 910.335 1876.991 2484.223 2484.223 )
2988.626: I:25 (  48.159 359.935 1442.815 ) T:6873 (   5.435 355.839 919.039 1876.991 2484.223 2484.223 )
2998.626: I:24 (   5.523 306.431 674.815 ) T:6897 (   5.435 355.839 919.039 1876.991 2484.223 2484.223 )
3008.626: I:29 (   5.295 301.823 378.623 ) T:6926 (   5.435 355.583 910.335 1876.991 2484.223 2484.223 )
3018.626: I:22 (   3.707 269.567 408.575 ) T:6948 (   5.427 355.583 910.335 1876.991 2484.223 2484.223 )
3028.626: I:30 (   4.927 200.063 252.031 ) T:6978 (   5.427 355.327 910.335 1876.991 2484.223 2484.223 )
3038.626: I:28 (   6.127 293.631 695.295 ) T:7006 (   5.427 355.327 902.655 1875.967 2484.223 2484.223 )
3048.626: I:30 ( 139.007 283.903 384.767 ) T:7036 (   5.435 355.327 902.655 1875.967 2484.223 2484.223 )
3058.626: I:25 (   3.767 340.479 1389.567 ) T:7061 (   5.435 355.071 910.335 1875.967 2484.223 2484.223 )
3068.626: I:23 (   3.639 280.319 682.495 ) T:7084 (   5.427 355.071 910.335 1875.967 2484.223 2484.223 )
3078.626: I:24 (   5.255 331.519 445.695 ) T:7108 (   5.427 355.071 902.655 1875.967 2484.223 2484.223 )
3088.627: I:31 (   3.027 263.935 774.143 ) T:7139 (   5.423 354.815 902.655 1875.967 2484.223 2484.223 )
3098.626: I:28 (   9.079 386.047 548.863 ) T:7167 (   5.427 354.815 902.655 1875.967 2484.223 2484.223 )
3108.626: I:26 (   6.559 304.639 362.751 ) T:7193 (   5.427 354.559 902.655 1875.967 2484.223 2484.223 )
3118.626: I:25 (   5.131 310.527 410.367 ) T:7218 (   5.423 354.303 902.655 1875.967 2484.223 2484.223 )
3128.626: I:30 (   5.027 269.823 653.823 ) T:7248 (   5.415 354.303 902.655 1875.967 2484.223 2484.223 )
3138.626: I:29 (   6.091 287.743 337.407 ) T:7277 (   5.423 354.047 902.655 1875.967 2484.223 2484.223 )
3148.626: I:27 (   5.719 312.575 355.071 ) T:7304 (   5.423 353.791 901.631 1875.967 2484.223 2484.223 )
3158.626: I:22 (   3.687 294.911 2549.759 ) T:7326 (   5.423 353.791 902.655 1876.991 2549.759 2549.759 )
3168.626: I:29 (   5.091 211.199 311.295 ) T:7355 (   5.415 353.279 902.655 1876.991 2549.759 2549.759 )
3178.626: I:29 (   5.503 232.831 400.895 ) T:7384 (   5.415 352.511 902.655 1876.991 2549.759 2549.759 )
3188.626: I:24 (   3.629 279.551 1101.823 ) T:7408 (   5.415 352.511 902.655 1876.991 2549.759 2549.759 )
3198.626: I:23 (   5.323 317.695 425.471 ) T:7431 (   5.411 352.511 902.655 1876.991 2549.759 2549.759 )
3208.626: I:24 (   3.833 329.983 506.111 ) T:7455 (   5.403 352.511 902.655 1876.991 2549.759 2549.759 )
3218.626: I:26 (   4.975 321.535 654.335 ) T:7481 (   5.403 351.999 902.655 1876.991 2549.759 2549.759 )
3228.626: I:25 (   5.259 379.135 1161.215 ) T:7506 (   5.403 351.999 902.655 1876.991 2549.759 2549.759 )
3238.626: I:27 (   3.371 332.287 418.815 ) T:7533 (   5.387 351.999 902.655 1876.991 2549.759 2549.759 )
3248.626: I:26 (   3.549 247.935 856.063 ) T:7559 (   5.387 351.999 902.655 1876.991 2549.759 2549.759 )
3258.626: I:23 (   5.795 405.247 1735.679 ) T:7582 (   5.387 351.999 902.655 1876.991 2549.759 2549.759 )
3268.626: I:27 (   3.631 297.983 322.303 ) T:7609 (   5.383 351.743 902.655 1876.991 2549.759 2549.759 )
3278.626: I:24 (  95.295 360.447 446.975 ) T:7633 (   5.387 351.999 902.655 1876.991 2549.759 2549.759 )
3288.626: I:23 (   5.335 307.711 369.663 ) T:7656 (   5.387 351.743 902.655 1876.991 2549.759 2549.759 )
3298.626: I:24 (   5.563 335.359 1292.287 ) T:7680 (   5.387 351.487 902.655 1876.991 2549.759 2549.759 )
3308.626: I:24 (   6.059 324.351 372.991 ) T:7704 (   5.395 351.231 902.655 1876.991 2549.759 2549.759 )
3318.626: I:24 (  99.647 336.383 781.823 ) T:7728 (   5.403 351.231 902.655 1876.991 2549.759 2549.759 )
3328.626: I:28 (   5.263 208.255 380.671 ) T:7756 (   5.403 351.231 902.655 1876.991 2549.759 2549.759 )
3338.626: I:29 (   3.877 461.567 2123.775 ) T:7785 (   5.399 351.231 902.655 1883.135 2549.759 2549.759 )
3348.626: I:24 (   3.231 174.207 245.247 ) T:7809 (   5.387 350.719 902.655 1883.135 2549.759 2549.759 )
3358.626: I:21 (   5.811 319.487 370.431 ) T:7830 (   5.391 349.439 902.655 1883.135 2549.759 2549.759 )
3368.626: I:26 (   5.479 303.103 982.015 ) T:7856 (   5.395 349.439 902.655 1883.135 2549.759 2549.759 )
3378.626: I:24 (   3.243 315.647 447.999 ) T:7880 (   5.387 349.183 902.655 1883.135 2549.759 2549.759 )
3388.626: I:22 (  46.751 343.295 543.743 ) T:7902 (   5.403 349.183 902.655 1883.135 2549.759 2549.759 )
3398.626: I:26 (   5.115 305.919 724.479 ) T:7928 (   5.387 348.927 902.655 1883.135 2549.759 2549.759 )
3408.626: I:20 (  47.711 388.351 404.223 ) T:7948 (   5.395 349.439 902.655 1883.135 2549.759 2549.759 )
3418.626: I:27 (   5.979 312.319 385.023 ) T:7975 (   5.403 348.927 902.655 1883.135 2549.759 2549.759 )
3428.626: I:20 (   5.071 263.167 400.127 ) T:7995 (   5.403 348.927 902.655 1883.135 2549.759 2549.759 )
3438.626: I:23 (   5.635 352.511 1517.567 ) T:8018 (   5.403 348.927 902.655 1876.991 2549.759 2549.759 )
3448.626: I:27 (   5.375 318.463 356.095 ) T:8045 (   5.403 348.927 902.655 1876.991 2549.759 2549.759 )
3458.626: I:27 (  54.239 374.271 671.743 ) T:8072 (   5.415 349.183 902.655 1876.991 2549.759 2549.759 )
3468.626: I:25 (   5.403 260.095 859.647 ) T:8097 (   5.415 349.183 902.655 1876.991 2549.759 2549.759 )
3478.626: I:29 (   5.539 288.767 404.223 ) T:8126 (   5.415 348.927 901.631 1876.991 2549.759 2549.759 )
3488.626: I:23 (   3.605 362.495 980.479 ) T:8149 (   5.411 349.183 902.655 1876.991 2549.759 2549.759 )
3498.626: I:22 (  11.359 379.903 1094.655 ) T:8171 (   5.415 349.183 902.655 1876.991 2549.759 2549.759 )
3508.625: I:21 (   5.727 322.559 381.951 ) T:8192 (   5.415 348.927 902.655 1876.991 2549.759 2549.759 )
3518.626: I:26 ( 168.703 368.639 444.671 ) T:8218 (   5.423 349.183 902.655 1876.991 2549.759 2549.759 )
3528.626: I:24 (   5.339 263.679 702.975 ) T:8242 (   5.423 348.927 902.655 1876.991 2549.759 2549.759 )
3538.626: I:24 (   5.971 329.727 661.503 ) T:8266 (   5.427 348.927 902.655 1876.991 2549.759 2549.759 )
3548.626: I:26 (   4.119 327.935 445.439 ) T:8292 (   5.423 348.927 902.655 1876.991 2549.759 2549.759 )
3558.626: I:22 (   6.267 362.239 971.775 ) T:8314 (   5.427 348.927 902.655 1876.991 2549.759 2549.759 )
3568.626: I:23 (  53.407 265.215 1200.127 ) T:8337 (   5.431 348.927 902.655 1876.991 2549.759 2549.759 )
3578.626: I:28 (   3.837 243.583 359.679 ) T:8365 (   5.427 348.927 902.655 1876.991 2549.759 2549.759 )
3588.626: I:25 (  74.623 291.071 436.479 ) T:8390 (   5.431 348.671 902.655 1876.991 2549.759 2549.759 )
3598.626: I:25 (   5.595 261.375 692.735 ) T:8415 (   5.435 348.671 902.655 1876.991 2549.759 2549.759 )
3608.626: I:27 (   6.895 401.407 506.367 ) T:8442 (   5.435 348.927 902.655 1876.991 2549.759 2549.759 )
3618.626: I:24 (   6.927 333.823 393.727 ) T:8466 (   5.435 348.927 902.655 1876.991 2549.759 2549.759 )
3628.626: I:20 (  13.327 371.199 396.031 ) T:8486 (   5.435 348.927 902.655 1876.991 2549.759 2549.759 )
3638.625: I:26 (   4.863 373.503 543.743 ) T:8512 (   5.435 348.927 901.631 1876.991 2549.759 2549.759 )
3648.626: I:29 (   6.123 315.135 343.295 ) T:8541 (   5.439 348.671 901.631 1876.991 2549.759 2549.759 )
3658.626: I:21 (   6.323 254.335 1580.031 ) T:8562 (   5.447 348.415 902.655 1876.991 2549.759 2549.759 )
3668.626: I:27 (   4.093 319.999 365.055 ) T:8589 (   5.447 348.415 902.655 1876.991 2549.759 2549.759 )
3678.626: I:26 (   4.903 271.103 809.983 ) T:8615 (   5.447 348.415 901.631 1876.991 2549.759 2549.759 )
3688.626: I:26 (   4.207 227.967 384.767 ) T:8641 (   5.439 348.159 901.631 1876.991 2549.759 2549.759 )
3698.626: I:25 (   3.331 241.151 1023.999 ) T:8666 (   5.435 348.159 902.655 1876.991 2549.759 2549.759 )
3708.626: I:22 (   5.179 302.591 317.951 ) T:8688 (   5.435 347.647 902.655 1876.991 2549.759 2549.759 )
3718.626: I:23 (   3.805 397.823 927.231 ) T:8711 (   5.435 348.159 902.655 1876.991 2549.759 2549.759 )
3728.626: I:22 ( 155.903 326.911 455.423 ) T:8733 (   5.439 347.647 902.655 1876.991 2549.759 2549.759 )
3738.626: I:26 (   4.851 286.719 356.607 ) T:8759 (   5.435 347.647 902.655 1876.991 2549.759 2549.759 )
3748.626: I:24 (   5.807 391.423 541.695 ) T:8783 (   5.443 347.647 902.655 1876.991 2549.759 2549.759 )
3758.626: I:24 (   5.863 403.711 477.951 ) T:8807 (   5.447 348.159 901.631 1876.991 2549.759 2549.759 )
3768.626: I:23 (  12.447 381.951 936.959 ) T:8830 (   5.447 348.159 902.655 1876.991 2549.759 2549.759 )
3778.626: I:24 (   5.455 254.207 332.031 ) T:8854 (   5.447 347.647 902.655 1876.991 2549.759 2549.759 )
3788.626: I:27 (   6.019 299.519 823.807 ) T:8881 (   5.447 347.647 902.655 1876.991 2549.759 2549.759 )
3798.626: I:23 (   6.723 372.223 523.775 ) T:8904 (   5.447 347.647 901.631 1876.991 2549.759 2549.759 )
3808.626: I:29 (   4.123 310.271 427.775 ) T:8933 (   5.447 347.647 901.631 1876.991 2549.759 2549.759 )
3818.625: I:26 (   5.299 473.087 662.015 ) T:8959 (   5.447 347.647 901.631 1876.991 2549.759 2549.759 )
3828.625: I:26 (   3.957 331.775 760.831 ) T:8985 (   5.447 347.647 901.631 1876.991 2549.759 2549.759 )
3838.626: I:24 (   5.287 276.479 384.767 ) T:9009 (   5.443 347.647 891.903 1875.967 2549.759 2549.759 )
3848.626: I:27 (   3.943 362.239 610.815 ) T:9036 (   5.435 347.647 891.903 1875.967 2549.759 2549.759 )
3858.626: I:25 (   5.323 313.343 430.079 ) T:9061 (   5.435 347.647 891.903 1875.967 2549.759 2549.759 )
3868.626: I:23 (   6.095 322.559 395.263 ) T:9084 (   5.435 347.391 891.903 1875.967 2549.759 2549.759 )
3878.626: I:21 (   3.237 449.023 603.135 ) T:9105 (   5.435 347.647 886.783 1875.967 2549.759 2549.759 )
3888.626: I:25 (   3.761 187.903 452.095 ) T:9130 (   5.427 347.391 886.783 1875.967 2549.759 2549.759 )
3898.626: I:24 (   3.731 390.399 788.991 ) T:9154 (   5.427 347.647 886.783 1875.967 2549.759 2549.759 )
3908.626: I:24 (   5.127 325.887 867.327 ) T:9178 (   5.427 347.647 886.783 1875.967 2549.759 2549.759 )
3918.626: I:26 (   3.659 429.055 1008.127 ) T:9204 (   5.419 347.647 886.783 1875.967 2549.759 2549.759 )
3928.625: I:24 (   5.375 291.839 441.599 ) T:9228 (   5.419 347.647 886.783 1875.967 2549.759 2549.759 )
3938.626: I:25 (  52.383 303.871 325.631 ) T:9253 (   5.427 347.135 886.783 1875.967 2549.759 2549.759 )
3948.626: I:26 (   5.747 317.695 671.231 ) T:9279 (   5.431 347.135 886.783 1875.967 2549.759 2549.759 )
3958.626: I:22 (   5.571 244.223 387.839 ) T:9301 (   5.435 346.879 886.271 1875.967 2549.759 2549.759 )
3968.666: I:24 (   3.931 254.207 794.111 ) T:9325 (   5.435 346.879 886.271 1875.967 2549.759 2549.759 )
3978.626: I:29 (   5.075 228.607 314.623 ) T:9354 (   5.435 346.367 886.271 1875.967 2549.759 2549.759 )
3988.626: I:24 (   5.879 324.863 1285.119 ) T:9378 (   5.435 346.367 886.783 1875.967 2549.759 2549.759 )
3998.626: I:31 (   3.981 278.527 403.711 ) T:9409 (   5.435 346.111 886.271 1875.967 2549.759 2549.759 )
4008.626: I:29 (   3.153 286.975 381.183 ) T:9438 (   5.427 345.343 886.271 1875.967 2549.759 2549.759 )
4018.626: I:29 (   4.943 336.383 673.279 ) T:9467 (   5.427 345.087 886.271 1875.967 2549.759 2549.759 )
4028.626: I:25 (   6.019 423.935 1435.647 ) T:9492 (   5.427 345.087 886.783 1875.967 2549.759 2549.759 )
4038.626: I:24 (  49.215 363.519 690.687 ) T:9516 (   5.427 345.343 886.271 1875.967 2549.759 2549.759 )
4048.626: I:26 (   3.837 244.735 765.951 ) T:9542 (   5.427 345.087 886.271 1875.967 2549.759 2549.759 )
4058.626: I:20 ( 108.607 365.311 1315.839 ) T:9562 (   5.435 345.343 886.783 1875.967 2549.759 2549.759 )
4068.626: I:22 ( 119.743 400.127 778.239 ) T:9584 (   5.439 345.599 886.783 1875.967 2549.759 2549.759 )
4078.626: I:24 (   5.195 350.463 407.039 ) T:9608 (   5.439 346.111 886.271 1875.967 2549.759 2549.759 )
4088.626: I:28 (   3.869 268.543 308.479 ) T:9636 (   5.435 345.343 886.271 1875.967 2549.759 2549.759 )
4098.626: I:26 (   5.559 298.239 1464.319 ) T:9662 (   5.435 345.087 886.783 1875.967 2549.759 2549.759 )
4108.626: I:26 (   3.021 270.847 699.903 ) T:9688 (   5.427 345.087 886.783 1875.967 2549.759 2549.759 )
4118.626: I:21 (   5.803 261.503 449.791 ) T:9709 (   5.427 345.087 886.271 1875.967 2549.759 2549.759 )
4128.626: I:23 (  97.855 324.351 451.327 ) T:9732 (   5.435 344.319 886.271 1875.967 2549.759 2549.759 )
4138.626: I:23 ( 145.535 432.127 1542.143 ) T:9755 (   5.439 345.087 886.783 1875.967 2549.759 2549.759 )
4148.626: I:25 (  91.583 274.943 378.367 ) T:9780 (   5.447 344.319 886.783 1875.967 2549.759 2549.759 )
4158.626: I:28 (   5.859 280.575 381.183 ) T:9808 (   5.447 344.063 886.271 1875.967 2549.759 2549.759 )
4168.626: I:24 (   3.701 368.639 711.167 ) T:9832 (   5.447 344.063 886.271 1875.967 2549.759 2549.759 )
4178.626: I:26 (  49.535 403.199 731.647 ) T:9858 (   5.447 344.319 886.271 1875.967 2549.759 2549.759 )
4188.626: I:24 (   5.067 304.127 408.831 ) T:9882 (   5.447 344.063 886.271 1875.967 2549.759 2549.759 )
4198.626: I:23 (   6.099 280.575 949.759 ) T:9905 (   5.447 344.063 886.271 1875.967 2549.759 2549.759 )
4208.626: I:26 (   4.147 311.551 471.295 ) T:9931 (   5.447 344.063 886.271 1875.967 2549.759 2549.759 )
4218.626: I:25 (  43.615 370.687 387.327 ) T:9956 (   5.455 344.319 886.271 1875.967 2549.759 2549.759 )
4228.626: I:23 (   4.943 279.039 425.727 ) T:9979 (   5.451 344.063 886.271 1875.967 2549.759 2549.759 )
4238.003: I:21 (   4.747 345.087 424.959 ) T:10000 (   5.451 344.063 886.271 1774.591 2484.223 2549.759 )
4238.305: I:0 (   0.000   0.000   0.000 ) T:10000 (   5.451 344.063 886.271 1774.591 2484.223 2549.759 )
