#[Interval percentile log between 0.000 and <Infinite> seconds (relative to StartTime)]
#[StartTime: 1524670105.710 (seconds since epoch), Wed Apr 25 17:28:25 CEST 2018]
Time: IntervalPercentiles:count ( 50% 90% Max ) TotalPercentiles:count ( 50% 90% 99% 99.9% 99.99% Max )
9.763: I:4843 (   0.044   0.052   1.827 ) T:4843 (   0.044   0.052   0.086   0.144   1.827   1.827 )
19.731: I:2149 (   0.044   0.048   1.227 ) T:6992 (   0.044   0.050   0.084   0.144   1.827   1.827 )
29.725: I:1647 (   0.043   0.047   0.084 ) T:8639 (   0.044   0.049   0.083   0.129   1.827   1.827 )
39.723: I:1384 (   0.042   0.047   0.083 ) T:10023 (   0.044   0.049   0.081   0.124   1.227   1.827 )
49.727: I:1212 (   0.044   0.047   0.091 ) T:11235 (   0.044   0.049   0.080   0.123   1.227   1.827 )
59.721: I:1096 (   0.044   0.047   0.084 ) T:12331 (   0.044   0.049   0.079   0.123   1.227   1.827 )
69.720: I:1007 (   0.044   0.049   0.088 ) T:13338 (   0.044   0.049   0.078   0.120   1.227   1.827 )
79.725: I:935 (   0.044   0.049   0.444 ) T:14273 (   0.044   0.049   0.077   0.123   1.227   1.827 )
89.724: I:879 (   0.044   0.045   0.094 ) T:15152 (   0.044   0.048   0.077   0.120   1.227   1.827 )
99.721: I:831 (   0.045   0.049   0.088 ) T:15983 (   0.044   0.049   0.077   0.120   1.227   1.827 )
109.723: I:789 (   0.045   0.049   0.238 ) T:16772 (   0.044   0.049   0.076   0.120   1.227   1.827 )
119.722: I:754 (   0.046   0.050   0.089 ) T:17526 (   0.044   0.049   0.076   0.118   1.227   1.827 )
129.722: I:722 (   0.046   0.050   0.087 ) T:18248 (   0.044   0.049   0.076   0.112   1.227   1.827 )
139.722: I:695 (   0.045   0.046   0.074 ) T:18943 (   0.044   0.049   0.075   0.112   1.227   1.827 )
149.721: I:672 (   0.045   0.050   0.173 ) T:19615 (   0.044   0.049   0.075   0.112   1.227   1.827 )
159.721: I:649 (   0.046   0.050   0.084 ) T:20264 (   0.044   0.049   0.075   0.106   0.865   1.827 )
169.721: I:630 (   0.046   0.050   0.096 ) T:20894 (   0.044   0.049   0.075   0.106   0.865   1.827 )
179.720: I:610 (   0.046   0.051   5.143 ) T:21504 (   0.044   0.049   0.075   0.112   1.227   5.143 )
189.719: I:595 (   0.046   0.047   0.081 ) T:22099 (   0.045   0.049   0.074   0.106   1.227   5.143 )
199.719: I:580 (   0.046   0.047   0.079 ) T:22679 (   0.045   0.049   0.074   0.106   1.227   5.143 )
209.718: I:565 (   0.046   0.047   0.076 ) T:23244 (   0.045   0.049   0.073   0.105   1.227   5.143 )
219.718: I:552 (   0.046   0.047   0.080 ) T:23796 (   0.045   0.049   0.073   0.105   1.227   5.143 )
229.718: I:540 (   0.046   0.047   0.073 ) T:24336 (   0.045   0.049   0.073   0.105   1.227   5.143 )
239.719: I:527 (   0.046   0.050   4.927 ) T:24863 (   0.045   0.049   0.073   0.106   1.827   5.143 )
249.718: I:516 (   0.046   0.048   0.077 ) T:25379 (   0.045   0.049   0.073   0.105   1.827   5.143 )
259.718: I:506 (   0.046   0.047   0.081 ) T:25885 (   0.045   0.049   0.073   0.105   1.827   5.143 )
269.718: I:497 (   0.046   0.047   0.079 ) T:26382 (   0.045   0.049   0.072   0.105   1.827   5.143 )
279.718: I:488 (   0.046   0.048   0.079 ) T:26870 (   0.045   0.049   0.072   0.105   1.827   5.143 )
289.718: I:478 (   0.046   0.047   0.077 ) T:27348 (   0.045   0.049   0.072   0.103   1.827   5.143 )
299.718: I:471 (   0.046   0.048   0.090 ) T:27819 (   0.045   0.049   0.072   0.103   1.827   5.143 )
309.719: I:460 (   0.047   0.051   0.186 ) T:28279 (   0.045   0.049   0.072   0.103   1.827   5.143 )
319.719: I:455 (   0.047   0.048   0.081 ) T:28734 (   0.045   0.049   0.072   0.103   1.827   5.143 )
329.718: I:449 (   0.046   0.048   0.076 ) T:29183 (   0.045   0.049   0.072   0.101   1.827   5.143 )
339.718: I:441 (   0.047   0.048   0.075 ) T:29624 (   0.045   0.049   0.071   0.101   1.827   5.143 )
349.718: I:435 (   0.046   0.047   0.080 ) T:30059 (   0.045   0.049   0.071   0.099   1.227   5.143 )
359.720: I:430 (   0.046   0.047   0.076 ) T:30489 (   0.045   0.049   0.071   0.099   1.227   5.143 )
369.719: I:423 (   0.046   0.047   0.077 ) T:30912 (   0.045   0.049   0.071   0.099   1.227   5.143 )
379.720: I:416 (   0.047   0.051   0.358 ) T:31328 (   0.045   0.049   0.071   0.099   1.227   5.143 )
389.718: I:412 (   0.047   0.048   0.079 ) T:31740 (   0.045   0.049   0.071   0.099   1.227   5.143 )
399.720: I:407 (   0.047   0.048   0.076 ) T:32147 (   0.045   0.049   0.071   0.098   1.227   5.143 )
409.718: I:402 (   0.046   0.048   0.102 ) T:32549 (   0.045   0.049   0.071   0.099   1.227   5.143 )
419.718: I:397 (   0.047   0.048   0.081 ) T:32946 (   0.045   0.049   0.071   0.099   1.227   5.143 )
429.718: I:392 (   0.046   0.048   0.079 ) T:33338 (   0.045   0.049   0.071   0.098   1.227   5.143 )
439.717: I:388 (   0.046   0.048   0.076 ) T:33726 (   0.045   0.049   0.070   0.098   1.227   5.143 )
449.718: I:384 (   0.046   0.048   0.070 ) T:34110 (   0.046   0.049   0.070   0.097   1.227   5.143 )
459.719: I:377 (   0.047   0.051   0.421 ) T:34487 (   0.046   0.049   0.070   0.098   1.227   5.143 )
469.718: I:375 (   0.047   0.048   0.077 ) T:34862 (   0.046   0.049   0.070   0.098   1.227   5.143 )
479.718: I:371 (   0.047   0.048   0.077 ) T:35233 (   0.046   0.049   0.070   0.097   1.227   5.143 )
489.718: I:368 (   0.047   0.048   0.071 ) T:35601 (   0.046   0.049   0.070   0.097   1.227   5.143 )
499.718: I:363 (   0.047   0.048   0.079 ) T:35964 (   0.046   0.049   0.070   0.097   1.227   5.143 )
509.718: I:360 (   0.047   0.048   0.077 ) T:36324 (   0.046   0.049   0.070   0.097   1.227   5.143 )
519.718: I:356 (   0.047   0.049   0.083 ) T:36680 (   0.046   0.049   0.070   0.097   1.227   5.143 )
529.718: I:353 (   0.047   0.050   0.086 ) T:37033 (   0.046   0.049   0.070   0.097   1.227   5.143 )
539.721: I:347 (   0.048   0.052   0.518 ) T:37380 (   0.046   0.049   0.070   0.097   1.227   5.143 )
549.719: I:347 (   0.048   0.049   0.085 ) T:37727 (   0.046   0.049   0.070   0.097   1.227   5.143 )
559.718: I:342 (   0.047   0.049   0.074 ) T:38069 (   0.046   0.049   0.070   0.097   1.227   5.143 )
569.718: I:340 (   0.047   0.049   0.087 ) T:38409 (   0.046   0.049   0.070   0.097   1.227   5.143 )
579.718: I:338 (   0.047   0.049   0.079 ) T:38747 (   0.046   0.049   0.070   0.097   1.227   5.143 )
589.717: I:333 (   0.047   0.049   0.070 ) T:39080 (   0.046   0.049   0.070   0.096   1.227   5.143 )
599.718: I:331 (   0.047   0.048   0.080 ) T:39411 (   0.046   0.049   0.070   0.096   1.227   5.143 )
609.718: I:329 (   0.047   0.048   0.073 ) T:39740 (   0.046   0.049   0.070   0.096   1.227   5.143 )
619.728: I:327 (   0.048   0.052   0.224 ) T:40067 (   0.046   0.049   0.070   0.096   0.865   5.143 )
629.719: I:321 (   0.048   0.050   4.435 ) T:40388 (   0.046   0.049   0.070   0.097   1.227   5.143 )
639.718: I:321 (   0.048   0.050   0.083 ) T:40709 (   0.046   0.049   0.070   0.097   1.227   5.143 )
649.719: I:316 (   0.048   0.050   0.071 ) T:41025 (   0.046   0.049   0.070   0.096   1.227   5.143 )
659.718: I:315 (   0.048   0.050   0.079 ) T:41340 (   0.046   0.049   0.070   0.096   1.227   5.143 )
669.717: I:313 (   0.047   0.049   0.071 ) T:41653 (   0.046   0.049   0.070   0.096   1.227   5.143 )
679.718: I:312 (   0.047   0.049   0.079 ) T:41965 (   0.046   0.049   0.070   0.096   1.227   5.143 )
689.717: I:310 (   0.048   0.050   0.078 ) T:42275 (   0.046   0.049   0.070   0.096   1.227   5.143 )
699.718: I:306 (   0.048   0.050   0.096 ) T:42581 (   0.046   0.049   0.070   0.096   1.227   5.143 )
709.718: I:303 (   0.048   0.053   0.335 ) T:42884 (   0.046   0.049   0.070   0.096   1.227   5.143 )
719.718: I:302 (   0.048   0.050   0.072 ) T:43186 (   0.046   0.049   0.070   0.096   1.227   5.143 )
729.718: I:300 (   0.048   0.049   0.095 ) T:43486 (   0.046   0.049   0.070   0.096   1.227   5.143 )
739.718: I:298 (   0.048   0.049   0.078 ) T:43784 (   0.046   0.049   0.070   0.096   1.227   5.143 )
749.718: I:297 (   0.048   0.049   0.072 ) T:44081 (   0.046   0.049   0.070   0.096   1.227   5.143 )
759.718: I:294 (   0.048   0.050   0.085 ) T:44375 (   0.046   0.049   0.070   0.096   1.227   5.143 )
769.718: I:290 (   0.048   0.049   0.097 ) T:44665 (   0.046   0.049   0.070   0.096   1.227   5.143 )
779.719: I:289 (   0.048   0.051   0.101 ) T:44954 (   0.046   0.049   0.070   0.096   1.227   5.143 )
789.718: I:288 (   0.047   0.050   0.070 ) T:45242 (   0.046   0.049   0.070   0.096   1.227   5.143 )
799.718: I:286 (   0.048   0.051   0.321 ) T:45528 (   0.046   0.049   0.070   0.096   1.227   5.143 )
809.718: I:285 (   0.048   0.049   0.086 ) T:45813 (   0.046   0.049   0.070   0.096   1.227   5.143 )
819.718: I:283 (   0.049   0.051   0.074 ) T:46096 (   0.046   0.049   0.071   0.096   1.227   5.143 )
829.718: I:281 (   0.049   0.050   0.088 ) T:46377 (   0.046   0.049   0.071   0.096   1.227   5.143 )
839.718: I:279 (   0.049   0.050   0.086 ) T:46656 (   0.046   0.049   0.071   0.096   1.227   5.143 )
849.718: I:279 (   0.048   0.050   0.077 ) T:46935 (   0.046   0.049   0.071   0.096   1.227   5.143 )
859.718: I:276 (   0.048   0.050   0.089 ) T:47211 (   0.046   0.049   0.071   0.096   1.227   5.143 )
869.718: I:275 (   0.048   0.049   0.088 ) T:47486 (   0.046   0.049   0.071   0.096   1.227   5.143 )
879.717: I:273 (   0.050   0.055   0.092 ) T:47759 (   0.046   0.049   0.071   0.096   1.227   5.143 )
889.719: I:270 (   0.050   0.053   4.243 ) T:48029 (   0.046   0.049   0.071   0.096   1.827   5.143 )
899.718: I:268 (   0.050   0.052   0.103 ) T:48297 (   0.046   0.049   0.071   0.097   1.827   5.143 )
909.717: I:268 (   0.049   0.050   0.073 ) T:48565 (   0.046   0.049   0.071   0.097   1.827   5.143 )
919.717: I:268 (   0.049   0.050   0.088 ) T:48833 (   0.046   0.049   0.071   0.097   1.827   5.143 )
929.717: I:265 (   0.049   0.050   0.071 ) T:49098 (   0.046   0.049   0.071   0.096   1.827   5.143 )
939.718: I:264 (   0.049   0.052   0.112 ) T:49362 (   0.046   0.049   0.071   0.097   1.827   5.143 )
949.717: I:263 (   0.050   0.052   0.089 ) T:49625 (   0.046   0.050   0.071   0.097   1.827   5.143 )
959.717: I:261 (   0.048   0.050   0.086 ) T:49886 (   0.046   0.050   0.071   0.097   1.827   5.143 )
969.717: I:261 (   0.049   0.052   0.072 ) T:50147 (   0.046   0.050   0.071   0.097   1.227   5.143 )
979.718: I:258 (   0.050   0.055   3.923 ) T:50405 (   0.046   0.050   0.071   0.097   1.827   5.143 )
989.717: I:256 (   0.050   0.051   0.072 ) T:50661 (   0.046   0.050   0.071   0.097   1.827   5.143 )
999.718: I:256 (   0.050   0.052   0.091 ) T:50917 (   0.046   0.050   0.071   0.097   1.827   5.143 )
1009.718: I:254 (   0.050   0.051   0.083 ) T:51171 (   0.046   0.050   0.071   0.097   1.827   5.143 )
1019.719: I:253 (   0.050   0.052   0.133 ) T:51424 (   0.046   0.050   0.071   0.098   1.827   5.143 )
1029.718: I:253 (   0.049   0.051   0.084 ) T:51677 (   0.046   0.050   0.071   0.098   1.827   5.143 )
1039.718: I:250 (   0.049   0.051   0.080 ) T:51927 (   0.047   0.050   0.071   0.098   1.827   5.143 )
1049.717: I:250 (   0.049   0.050   0.074 ) T:52177 (   0.047   0.050   0.071   0.097   1.827   5.143 )
1059.718: I:250 (   0.049   0.052   0.085 ) T:52427 (   0.047   0.050   0.071   0.097   1.827   5.143 )
1069.725: I:246 (   0.049   0.055   0.084 ) T:52673 (   0.047   0.050   0.071   0.097   1.827   5.143 )
1079.719: I:246 (   0.050   0.052   3.927 ) T:52919 (   0.047   0.050   0.071   0.098   3.923   5.143 )
1089.718: I:246 (   0.049   0.051   0.073 ) T:53165 (   0.047   0.050   0.071   0.097   3.923   5.143 )
1099.718: I:243 (   0.049   0.050   0.090 ) T:53408 (   0.047   0.050   0.071   0.097   3.923   5.143 )
1109.717: I:243 (   0.049   0.051   0.077 ) T:53651 (   0.047   0.050   0.071   0.097   3.923   5.143 )
1119.717: I:242 (   0.049   0.051   0.093 ) T:53893 (   0.047   0.050   0.071   0.097   3.923   5.143 )
1129.717: I:239 (   0.049   0.051   0.073 ) T:54132 (   0.047   0.050   0.071   0.097   3.923   5.143 )
1139.718: I:239 (   0.049   0.052   0.097 ) T:54371 (   0.047   0.050   0.071   0.097   3.923   5.143 )
1149.717: I:240 (   0.049   0.050   0.078 ) T:54611 (   0.047   0.050   0.071   0.097   3.923   5.143 )
1159.718: I:237 (   0.049   0.056   0.099 ) T:54848 (   0.047   0.050   0.071   0.097   3.923   5.143 )
1169.718: I:237 (   0.050   0.054   4.025 ) T:55085 (   0.047   0.050   0.071   0.098   3.927   5.143 )
1179.717: I:235 (   0.050   0.052   0.079 ) T:55320 (   0.047   0.050   0.071   0.098   3.927   5.143 )
1189.717: I:234 (   0.049   0.051   0.079 ) T:55554 (   0.047   0.050   0.071   0.098   3.927   5.143 )
1199.717: I:234 (   0.049   0.050   0.076 ) T:55788 (   0.047   0.050   0.071   0.098   3.927   5.143 )
1209.718: I:233 (   0.049   0.051   0.113 ) T:56021 (   0.047   0.050   0.071   0.098   3.927   5.143 )
1219.717: I:232 (   0.049   0.051   0.072 ) T:56253 (   0.047   0.050   0.071   0.098   3.927   5.143 )
1229.718: I:230 (   0.049   0.050   0.092 ) T:56483 (   0.047   0.050   0.071   0.098   3.927   5.143 )
1239.718: I:230 (   0.049   0.052   0.082 ) T:56713 (   0.047   0.050   0.071   0.098   3.927   5.143 )
1249.718: I:228 (   0.049   0.051   0.112 ) T:56941 (   0.047   0.050   0.071   0.099   3.927   5.143 )
1259.718: I:227 (   0.050   0.058   0.091 ) T:57168 (   0.047   0.050   0.071   0.098   3.927   5.143 )
1269.718: I:227 (   0.050   0.052   3.883 ) T:57395 (   0.047   0.050   0.071   0.099   3.927   5.143 )
1279.717: I:225 (   0.049   0.051   0.075 ) T:57620 (   0.047   0.050   0.071   0.099   3.927   5.143 )
1289.717: I:226 (   0.049   0.051   0.077 ) T:57846 (   0.047   0.050   0.071   0.099   3.927   5.143 )
1299.718: I:224 (   0.050   0.052   0.125 ) T:58070 (   0.047   0.050   0.071   0.099   3.927   5.143 )
1309.717: I:224 (   0.050   0.052   0.081 ) T:58294 (   0.047   0.050   0.071   0.099   3.927   5.143 )
1319.717: I:223 (   0.050   0.051   0.094 ) T:58517 (   0.047   0.050   0.071   0.099   3.927   5.143 )
1329.719: I:222 (   0.050   0.051   0.073 ) T:58739 (   0.047   0.050   0.071   0.099   3.927   5.143 )
1339.717: I:220 (   0.050   0.052   0.081 ) T:58959 (   0.047   0.050   0.071   0.099   3.927   5.143 )
1349.717: I:221 (   0.049   0.055   0.073 ) T:59180 (   0.047   0.050   0.071   0.098   3.927   5.143 )
1359.719: I:219 (   0.050   0.057   7.523 ) T:59399 (   0.047   0.050   0.071   0.099   4.025   7.523 )
1369.718: I:217 (   0.051   0.052   4.009 ) T:59616 (   0.047   0.050   0.072   0.099   4.025   7.523 )
1379.718: I:217 (   0.050   0.053   0.087 ) T:59833 (   0.047   0.050   0.072   0.099   4.025   7.523 )
1389.717: I:217 (   0.050   0.052   0.102 ) T:60050 (   0.047   0.050   0.072   0.099   4.009   7.523 )
1399.717: I:217 (   0.049   0.051   0.074 ) T:60267 (   0.047   0.050   0.072   0.099   4.009   7.523 )
1409.717: I:215 (   0.050   0.052   0.092 ) T:60482 (   0.047   0.050   0.072   0.099   4.009   7.523 )
1419.717: I:215 (   0.050   0.052   0.076 ) T:60697 (   0.047   0.050   0.072   0.099   4.009   7.523 )
1429.717: I:214 (   0.050   0.052   0.087 ) T:60911 (   0.047   0.050   0.072   0.099   4.009   7.523 )
1439.718: I:213 (   0.049   0.051   0.085 ) T:61124 (   0.047   0.050   0.072   0.099   4.009   7.523 )
1449.717: I:213 (   0.049   0.051   0.080 ) T:61337 (   0.047   0.050   0.072   0.099   4.009   7.523 )
1459.718: I:211 (   0.050   0.058   3.193 ) T:61548 (   0.047   0.050   0.072   0.099   4.009   7.523 )
1469.717: I:211 (   0.049   0.051   0.072 ) T:61759 (   0.047   0.050   0.072   0.099   4.009   7.523 )
1479.718: I:211 (   0.049   0.052   0.078 ) T:61970 (   0.047   0.050   0.072   0.099   4.009   7.523 )
1489.717: I:209 (   0.049   0.050   0.071 ) T:62179 (   0.047   0.050   0.072   0.099   4.009   7.523 )
1499.717: I:210 (   0.049   0.051   0.078 ) T:62389 (   0.047   0.050   0.072   0.099   4.009   7.523 )
1509.717: I:208 (   0.049   0.051   0.073 ) T:62597 (   0.047   0.050   0.072   0.099   4.009   7.523 )
1519.717: I:208 (   0.049   0.051   0.072 ) T:62805 (   0.047   0.050   0.072   0.099   4.009   7.523 )
1529.717: I:207 (   0.049   0.051   0.090 ) T:63012 (   0.047   0.050   0.072   0.098   4.009   7.523 )
1539.717: I:206 (   0.049   0.051   0.076 ) T:63218 (   0.047   0.050   0.072   0.098   4.009   7.523 )
1549.717: I:207 (   0.050   0.055   0.102 ) T:63425 (   0.047   0.050   0.072   0.099   4.009   7.523 )
1559.717: I:204 (   0.050   0.054   0.376 ) T:63629 (   0.047   0.051   0.072   0.099   4.009   7.523 )
1569.717: I:204 (   0.050   0.052   0.073 ) T:63833 (   0.047   0.051   0.072   0.099   4.009   7.523 )
1579.717: I:204 (   0.049   0.051   0.097 ) T:64037 (   0.047   0.051   0.072   0.099   4.009   7.523 )
1589.718: I:203 (   0.049   0.051   0.074 ) T:64240 (   0.047   0.051   0.072   0.099   4.009   7.523 )
1599.717: I:202 (   0.049   0.051   0.093 ) T:64442 (   0.047   0.051   0.072   0.099   4.009   7.523 )
1609.717: I:201 (   0.049   0.051   0.074 ) T:64643 (   0.047   0.051   0.072   0.099   4.009   7.523 )
1619.718: I:201 (   0.049   0.052   0.078 ) T:64844 (   0.047   0.051   0.072   0.099   4.009   7.523 )
1629.717: I:201 (   0.049   0.051   0.084 ) T:65045 (   0.047   0.051   0.072   0.098   4.009   7.523 )
1639.717: I:198 (   0.049   0.050   0.117 ) T:65243 (   0.047   0.051   0.072   0.099   4.009   7.523 )
1649.718: I:199 (   0.049   0.055   0.088 ) T:65442 (   0.047   0.051   0.072   0.099   4.009   7.523 )
1659.719: I:197 (   0.050   0.053   0.095 ) T:65639 (   0.047   0.051   0.072   0.099   4.009   7.523 )
1669.717: I:198 (   0.049   0.051   0.074 ) T:65837 (   0.047   0.051   0.072   0.099   4.009   7.523 )
1679.717: I:198 (   0.049   0.051   0.116 ) T:66035 (   0.047   0.051   0.072   0.099   4.009   7.523 )
1689.717: I:195 (   0.049   0.050   0.087 ) T:66230 (   0.047   0.051   0.072   0.099   4.009   7.523 )
1699.718: I:196 (   0.049   0.050   0.099 ) T:66426 (   0.047   0.051   0.072   0.099   4.009   7.523 )
1709.717: I:196 (   0.049   0.051   0.093 ) T:66622 (   0.047   0.051   0.072   0.099   4.009   7.523 )
1719.717: I:194 (   0.049   0.051   0.125 ) T:66816 (   0.047   0.051   0.072   0.100   4.009   7.523 )
1729.717: I:195 (   0.049   0.051   0.093 ) T:67011 (   0.047   0.051   0.072   0.099   4.009   7.523 )
1739.717: I:194 (   0.050   0.052   0.100 ) T:67205 (   0.047   0.051   0.072   0.100   4.009   7.523 )
1749.725: I:192 (   0.049   0.056   0.099 ) T:67397 (   0.047   0.051   0.072   0.100   4.009   7.523 )
1759.718: I:192 (   0.050   0.052   0.083 ) T:67589 (   0.047   0.051   0.072   0.100   4.009   7.523 )
1769.717: I:192 (   0.050   0.052   0.073 ) T:67781 (   0.047   0.051   0.072   0.100   4.009   7.523 )
1779.717: I:192 (   0.050   0.052   0.095 ) T:67973 (   0.047   0.051   0.072   0.100   4.009   7.523 )
1789.717: I:190 (   0.049   0.051   0.077 ) T:68163 (   0.047   0.051   0.072   0.099   4.009   7.523 )
1799.717: I:190 (   0.049   0.051   0.072 ) T:68353 (   0.047   0.051   0.072   0.099   4.009   7.523 )
1809.717: I:190 (   0.049   0.051   0.091 ) T:68543 (   0.047   0.051   0.072   0.099   4.009   7.523 )
1819.717: I:190 (   0.049   0.051   0.078 ) T:68733 (   0.047   0.051   0.072   0.099   4.009   7.523 )
1829.718: I:188 (   0.049   0.051   0.076 ) T:68921 (   0.047   0.051   0.072   0.099   4.009   7.523 )
1839.717: I:189 (   0.049   0.051   0.110 ) T:69110 (   0.047   0.051   0.072   0.099   4.009   7.523 )
1849.726: I:188 (   0.049   0.052   0.083 ) T:69298 (   0.047   0.051   0.072   0.099   4.009   7.523 )
1859.719: I:186 (   0.050   0.053   0.090 ) T:69484 (   0.047   0.051   0.072   0.099   4.009   7.523 )
1869.717: I:187 (   0.049   0.051   0.080 ) T:69671 (   0.047   0.051   0.072   0.099   4.009   7.523 )
1879.717: I:186 (   0.049   0.051   0.074 ) T:69857 (   0.047   0.051   0.072   0.099   4.009   7.523 )
1889.718: I:186 (   0.049   0.051   0.121 ) T:70043 (   0.047   0.051   0.072   0.100   3.927   7.523 )
1899.717: I:184 (   0.049   0.051   0.103 ) T:70227 (   0.047   0.051   0.072   0.100   3.927   7.523 )
1909.717: I:185 (   0.049   0.051   0.122 ) T:70412 (   0.047   0.051   0.072   0.101   3.927   7.523 )
1919.717: I:184 (   0.049   0.051   0.080 ) T:70596 (   0.047   0.051   0.072   0.101   3.927   7.523 )
1929.717: I:185 (   0.049   0.051   0.086 ) T:70781 (   0.048   0.051   0.072   0.101   3.927   7.523 )
1939.718: I:183 (   0.049   0.052   0.092 ) T:70964 (   0.048   0.051   0.072   0.101   3.927   7.523 )
1949.717: I:183 (   0.049   0.050   0.079 ) T:71147 (   0.048   0.051   0.072   0.100   3.927   7.523 )
1959.718: I:181 (   0.051   0.054   0.103 ) T:71328 (   0.048   0.051   0.072   0.101   3.927   7.523 )
1969.717: I:182 (   0.050   0.052   0.104 ) T:71510 (   0.048   0.051   0.072   0.101   3.927   7.523 )
1979.718: I:181 (   0.051   0.053   0.106 ) T:71691 (   0.048   0.051   0.072   0.102   3.927   7.523 )
1989.717: I:181 (   0.050   0.052   0.105 ) T:71872 (   0.048   0.051   0.072   0.102   3.927   7.523 )
1999.717: I:181 (   0.050   0.051   0.107 ) T:72053 (   0.048   0.051   0.072   0.102   3.927   7.523 )
2009.717: I:180 (   0.050   0.051   0.085 ) T:72233 (   0.048   0.051   0.072   0.102   3.927   7.523 )
2019.718: I:179 (   0.050   0.053   0.098 ) T:72412 (   0.048   0.051   0.072   0.102   3.927   7.523 )
2029.717: I:179 (   0.050   0.052   0.127 ) T:72591 (   0.048   0.051   0.072   0.102   3.927   7.523 )
2039.718: I:179 (   0.049   0.051   0.072 ) T:72770 (   0.048   0.051   0.072   0.102   3.927   7.523 )
2049.717: I:178 (   0.049   0.051   0.093 ) T:72948 (   0.048   0.051   0.072   0.102   3.927   7.523 )
2059.718: I:177 (   0.050   0.052   0.436 ) T:73125 (   0.048   0.051   0.072   0.102   3.927   7.523 )
2069.718: I:177 (   0.050   0.052   0.090 ) T:73302 (   0.048   0.051   0.072   0.102   3.927   7.523 )
2079.717: I:177 (   0.050   0.053   0.098 ) T:73479 (   0.048   0.051   0.072   0.102   3.927   7.523 )
2089.718: I:176 (   0.050   0.052   0.079 ) T:73655 (   0.048   0.051   0.072   0.102   3.927   7.523 )
2099.718: I:176 (   0.050   0.053   0.129 ) T:73831 (   0.048   0.051   0.072   0.103   3.927   7.523 )
2109.717: I:176 (   0.050   0.052   0.105 ) T:74007 (   0.048   0.051   0.072   0.103   3.927   7.523 )
2119.717: I:176 (   0.050   0.052   0.107 ) T:74183 (   0.048   0.051   0.072   0.103   3.927   7.523 )
2129.717: I:174 (   0.050   0.052   0.095 ) T:74357 (   0.048   0.051   0.072   0.103   3.927   7.523 )
2139.718: I:174 (   0.050   0.052   0.105 ) T:74531 (   0.048   0.051   0.072   0.103   3.927   7.523 )
2149.717: I:174 (   0.050   0.053   0.085 ) T:74705 (   0.048   0.051   0.072   0.103   3.927   7.523 )
2159.717: I:174 (   0.051   0.054   0.510 ) T:74879 (   0.048   0.051   0.072   0.103   3.927   7.523 )
2169.717: I:173 (   0.051   0.052   0.103 ) T:75052 (   0.048   0.051   0.072   0.103   3.927   7.523 )
2179.717: I:172 (   0.050   0.052   0.076 ) T:75224 (   0.048   0.051   0.072   0.103   3.927   7.523 )
2189.718: I:173 (   0.050   0.052   0.087 ) T:75397 (   0.048   0.051   0.072   0.103   3.927   7.523 )
2199.717: I:172 (   0.050   0.052   0.108 ) T:75569 (   0.048   0.051   0.072   0.103   3.927   7.523 )
2209.718: I:171 (   0.050   0.052   0.074 ) T:75740 (   0.048   0.051   0.072   0.103   3.927   7.523 )
2219.718: I:171 (   0.050   0.052   0.108 ) T:75911 (   0.048   0.051   0.072   0.103   3.927   7.523 )
2229.717: I:171 (   0.050   0.052   0.108 ) T:76082 (   0.048   0.051   0.072   0.103   3.927   7.523 )
2239.717: I:171 (   0.050   0.052   0.102 ) T:76253 (   0.048   0.051   0.072   0.103   3.927   7.523 )
2249.718: I:170 (   0.050   0.051   0.094 ) T:76423 (   0.048   0.051   0.072   0.103   3.927   7.523 )
2259.718: I:169 (   0.050   0.053   0.340 ) T:76592 (   0.048   0.051   0.072   0.104   3.927   7.523 )
2269.718: I:169 (   0.051   0.054   0.082 ) T:76761 (   0.048   0.051   0.072   0.104   3.927   7.523 )
2279.718: I:169 (   0.050   0.052   0.104 ) T:76930 (   0.048   0.051   0.072   0.104   3.927   7.523 )
2289.717: I:169 (   0.050   0.052   0.080 ) T:77099 (   0.048   0.051   0.072   0.104   3.927   7.523 )
2299.717: I:168 (   0.050   0.052   0.075 ) T:77267 (   0.048   0.051   0.072   0.104   3.927   7.523 )
2309.717: I:168 (   0.050   0.052   0.085 ) T:77435 (   0.048   0.051   0.072   0.104   3.927   7.523 )
2319.718: I:168 (   0.050   0.054   0.105 ) T:77603 (   0.048   0.051   0.072   0.104   3.927   7.523 )
2329.717: I:166 (   0.050   0.052   0.094 ) T:77769 (   0.048   0.051   0.072   0.104   3.927   7.523 )
2339.718: I:167 (   0.050   0.053   0.088 ) T:77936 (   0.048   0.051   0.072   0.104   3.927   7.523 )
2349.717: I:166 (   0.050   0.051   0.112 ) T:78102 (   0.048   0.051   0.072   0.104   3.927   7.523 )
2359.723: I:167 (   0.050   0.051   0.092 ) T:78269 (   0.048   0.051   0.073   0.104   3.927   7.523 )
2369.718: I:164 (   0.051   0.053   0.077 ) T:78433 (   0.048   0.051   0.073   0.104   3.927   7.523 )
2379.717: I:166 (   0.051   0.055   0.092 ) T:78599 (   0.048   0.051   0.073   0.104   3.927   7.523 )
2389.718: I:164 (   0.051   0.053   0.100 ) T:78763 (   0.048   0.051   0.073   0.104   3.927   7.523 )
2399.717: I:166 (   0.050   0.052   0.079 ) T:78929 (   0.048   0.051   0.073   0.104   3.927   7.523 )
2409.717: I:163 (   0.050   0.052   0.107 ) T:79092 (   0.048   0.051   0.073   0.104   3.927   7.523 )
2419.718: I:164 (   0.050   0.052   0.101 ) T:79256 (   0.048   0.051   0.073   0.104   3.927   7.523 )
2429.717: I:165 (   0.050   0.051   0.102 ) T:79421 (   0.048   0.051   0.073   0.104   3.927   7.523 )
2439.718: I:162 (   0.050   0.053   0.106 ) T:79583 (   0.048   0.051   0.073   0.105   3.927   7.523 )
2449.717: I:163 (   0.051   0.053   0.077 ) T:79746 (   0.048   0.051   0.073   0.105   3.927   7.523 )
2459.717: I:162 (   0.051   0.053   0.076 ) T:79908 (   0.048   0.051   0.073   0.105   3.927   7.523 )
2469.717: I:162 (   0.050   0.053   0.608 ) T:80070 (   0.048   0.051   0.073   0.105   3.923   7.523 )
2479.718: I:162 (   0.051   0.054   0.090 ) T:80232 (   0.048   0.051   0.073   0.105   3.923   7.523 )
2489.717: I:162 (   0.051   0.053   0.080 ) T:80394 (   0.048   0.051   0.073   0.105   3.923   7.523 )
2499.718: I:161 (   0.051   0.053   0.137 ) T:80555 (   0.048   0.051   0.073   0.105   3.923   7.523 )
2509.717: I:162 (   0.050   0.054   0.075 ) T:80717 (   0.048   0.051   0.073   0.105   3.923   7.523 )
2519.717: I:160 (   0.050   0.052   0.074 ) T:80877 (   0.048   0.051   0.073   0.105   3.923   7.523 )
2529.717: I:161 (   0.050   0.052   0.116 ) T:81038 (   0.048   0.051   0.073   0.105   3.923   7.523 )
2539.717: I:160 (   0.050   0.052   0.077 ) T:81198 (   0.048   0.051   0.073   0.105   3.923   7.523 )
2549.718: I:160 (   0.050   0.052   0.120 ) T:81358 (   0.048   0.051   0.073   0.105   3.923   7.523 )
2559.718: I:159 (   0.050   0.053   0.091 ) T:81517 (   0.048   0.051   0.073   0.105   3.923   7.523 )
2569.725: I:160 (   0.051   0.053   0.084 ) T:81677 (   0.048   0.051   0.073   0.105   3.923   7.523 )
2579.718: I:157 (   0.051   0.056   3.267 ) T:81834 (   0.048   0.051   0.073   0.105   3.923   7.523 )
2589.717: I:159 (   0.051   0.053   0.112 ) T:81993 (   0.048   0.051   0.073   0.105   3.923   7.523 )
2599.717: I:158 (   0.051   0.053   0.074 ) T:82151 (   0.048   0.051   0.073   0.105   3.923   7.523 )
2609.717: I:158 (   0.051   0.053   0.083 ) T:82309 (   0.048   0.051   0.073   0.105   3.923   7.523 )
2619.717: I:157 (   0.051   0.053   0.103 ) T:82466 (   0.048   0.051   0.073   0.105   3.923   7.523 )
2629.718: I:158 (   0.051   0.053   0.098 ) T:82624 (   0.048   0.051   0.073   0.105   3.923   7.523 )
2639.718: I:157 (   0.050   0.052   0.114 ) T:82781 (   0.048   0.051   0.073   0.105   3.923   7.523 )
2649.717: I:156 (   0.050   0.053   0.085 ) T:82937 (   0.048   0.051   0.073   0.105   3.923   7.523 )
2659.717: I:157 (   0.050   0.052   0.098 ) T:83094 (   0.048   0.051   0.073   0.105   3.923   7.523 )
2669.718: I:156 (   0.050   0.052   0.130 ) T:83250 (   0.048   0.051   0.073   0.105   3.923   7.523 )
2679.718: I:155 (   0.051   0.054   0.083 ) T:83405 (   0.048   0.051   0.073   0.105   3.923   7.523 )
2689.718: I:156 (   0.051   0.053   0.112 ) T:83561 (   0.048   0.051   0.073   0.106   3.923   7.523 )
2699.717: I:155 (   0.052   0.056   0.078 ) T:83716 (   0.048   0.051   0.073   0.106   3.923   7.523 )
2709.717: I:155 (   0.051   0.053   0.096 ) T:83871 (   0.048   0.051   0.073   0.106   3.923   7.523 )
2719.717: I:154 (   0.050   0.053   0.094 ) T:84025 (   0.048   0.051   0.073   0.105   3.923   7.523 )
2729.718: I:155 (   0.050   0.052   0.096 ) T:84180 (   0.048   0.051   0.073   0.105   3.923   7.523 )
2739.717: I:154 (   0.051   0.054   0.107 ) T:84334 (   0.048   0.051   0.073   0.106   3.923   7.523 )
2749.718: I:154 (   0.051   0.054   0.119 ) T:84488 (   0.048   0.051   0.073   0.106   3.923   7.523 )
2759.718: I:153 (   0.050   0.052   0.074 ) T:84641 (   0.048   0.051   0.073   0.106   3.923   7.523 )
2769.717: I:154 (   0.050   0.052   0.082 ) T:84795 (   0.048   0.051   0.073   0.106   3.923   7.523 )
2779.719: I:152 (   0.052   0.056   3.079 ) T:84947 (   0.048   0.051   0.073   0.107   3.923   7.523 )
2789.718: I:152 (   0.051   0.053   0.120 ) T:85099 (   0.048   0.051   0.073   0.107   3.923   7.523 )
2799.718: I:153 (   0.051   0.054   0.075 ) T:85252 (   0.048   0.051   0.073   0.107   3.923   7.523 )
2809.717: I:152 (   0.051   0.053   0.089 ) T:85404 (   0.048   0.051   0.073   0.107   3.923   7.523 )
2819.718: I:151 (   0.052   0.054   0.141 ) T:85555 (   0.048   0.051   0.073   0.107   3.923   7.523 )
2829.717: I:152 (   0.051   0.054   0.107 ) T:85707 (   0.048   0.051   0.073   0.107   3.923   7.523 )
2839.717: I:152 (   0.051   0.053   0.098 ) T:85859 (   0.048   0.051   0.073   0.107   3.923   7.523 )
2849.717: I:150 (   0.051   0.053   0.074 ) T:86009 (   0.048   0.051   0.073   0.107   3.923   7.523 )
2859.717: I:151 (   0.051   0.053   0.114 ) T:86160 (   0.048   0.051   0.073   0.107   3.923   7.523 )
2869.724: I:151 (   0.051   0.053   0.075 ) T:86311 (   0.048   0.051   0.073   0.107   3.923   7.523 )
2879.718: I:150 (   0.052   0.054   0.084 ) T:86461 (   0.048   0.051   0.073   0.107   3.923   7.523 )
2889.717: I:149 (   0.051   0.053   0.109 ) T:86610 (   0.048   0.051   0.073   0.107   3.923   7.523 )
2899.717: I:150 (   0.051   0.052   0.093 ) T:86760 (   0.048   0.051   0.073   0.107   3.923   7.523 )
2909.718: I:150 (   0.051   0.053   0.082 ) T:86910 (   0.048   0.051   0.073   0.107   3.923   7.523 )
2919.718: I:149 (   0.052   0.055   0.123 ) T:87059 (   0.048   0.051   0.073   0.107   3.923   7.523 )
2929.718: I:149 (   0.052   0.054   0.084 ) T:87208 (   0.048   0.051   0.073   0.107   3.923   7.523 )
2939.717: I:148 (   0.051   0.054   0.088 ) T:87356 (   0.048   0.051   0.073   0.107   3.923   7.523 )
2949.717: I:149 (   0.051   0.053   0.102 ) T:87505 (   0.048   0.052   0.073   0.107   3.923   7.523 )
2959.718: I:148 (   0.051   0.053   0.082 ) T:87653 (   0.048   0.052   0.073   0.107   3.923   7.523 )
2969.718: I:149 (   0.051   0.052   0.100 ) T:87802 (   0.048   0.052   0.073   0.107   3.923   7.523 )
2979.718: I:147 (   0.052   0.056   0.107 ) T:87949 (   0.048   0.052   0.073   0.107   3.923   7.523 )
2989.718: I:148 (   0.052   0.054   0.098 ) T:88097 (   0.048   0.052   0.073   0.107   3.923   7.523 )
2999.718: I:146 (   0.051   0.053   0.092 ) T:88243 (   0.048   0.052   0.073   0.107   3.923   7.523 )
3009.717: I:148 (   0.051   0.053   0.082 ) T:88391 (   0.048   0.052   0.073   0.107   3.923   7.523 )
3019.718: I:146 (   0.051   0.053   0.110 ) T:88537 (   0.048   0.052   0.073   0.107   3.923   7.523 )
3029.717: I:147 (   0.051   0.052   0.112 ) T:88684 (   0.048   0.052   0.073   0.107   3.923   7.523 )
3039.718: I:146 (   0.051   0.053   0.077 ) T:88830 (   0.048   0.052   0.073   0.107   3.923   7.523 )
3049.717: I:146 (   0.051   0.054   0.078 ) T:88976 (   0.048   0.052   0.073   0.107   3.923   7.523 )
3059.718: I:146 (   0.051   0.054   0.188 ) T:89122 (   0.048   0.052   0.073   0.107   3.923   7.523 )
3069.718: I:145 (   0.051   0.054   0.307 ) T:89267 (   0.048   0.052   0.073   0.108   3.923   7.523 )
3079.718: I:145 (   0.051   0.054   0.081 ) T:89412 (   0.048   0.052   0.073   0.108   3.923   7.523 )
3089.717: I:145 (   0.051   0.052   0.092 ) T:89557 (   0.048   0.052   0.073   0.108   3.923   7.523 )
3099.718: I:144 (   0.051   0.052   0.096 ) T:89701 (   0.048   0.052   0.073   0.108   3.923   7.523 )
3109.718: I:145 (   0.051   0.053   0.086 ) T:89846 (   0.048   0.052   0.073   0.108   3.923   7.523 )
3119.718: I:145 (   0.050   0.052   0.073 ) T:89991 (   0.048   0.052   0.073   0.108   3.923   7.523 )
3129.718: I:144 (   0.050   0.053   0.094 ) T:90135 (   0.048   0.052   0.073   0.108   3.883   7.523 )
3139.717: I:144 (   0.050   0.052   0.076 ) T:90279 (   0.048   0.052   0.073   0.108   3.883   7.523 )
3149.718: I:144 (   0.051   0.052   0.126 ) T:90423 (   0.048   0.052   0.073   0.108   3.883   7.523 )
3159.718: I:143 (   0.051   0.053   0.124 ) T:90566 (   0.048   0.052   0.073   0.108   3.883   7.523 )
3169.718: I:143 (   0.051   0.054   0.562 ) T:90709 (   0.048   0.052   0.073   0.108   3.883   7.523 )
3179.718: I:143 (   0.052   0.054   0.085 ) T:90852 (   0.048   0.052   0.073   0.108   3.883   7.523 )
3189.717: I:143 (   0.052   0.054   0.085 ) T:90995 (   0.048   0.052   0.073   0.108   3.883   7.523 )
3199.717: I:143 (   0.051   0.055   0.137 ) T:91138 (   0.048   0.052   0.073   0.108   3.883   7.523 )
3209.717: I:142 (   0.051   0.053   0.082 ) T:91280 (   0.048   0.052   0.073   0.108   3.883   7.523 )
3219.718: I:142 (   0.051   0.055   0.084 ) T:91422 (   0.048   0.052   0.073   0.108   3.883   7.523 )
3229.717: I:143 (   0.051   0.053   0.129 ) T:91565 (   0.048   0.052   0.073   0.109   3.883   7.523 )
3239.718: I:141 (   0.050   0.052   0.105 ) T:91706 (   0.048   0.052   0.073   0.109   3.883   7.523 )
3249.717: I:141 (   0.050   0.052   0.116 ) T:91847 (   0.048   0.052   0.073   0.110   3.883   7.523 )
3259.726: I:142 (   0.050   0.052   0.080 ) T:91989 (   0.048   0.052   0.073   0.110   3.883   7.523 )
3269.718: I:141 (   0.051   0.053   2.629 ) T:92130 (   0.048   0.052   0.073   0.110   3.883   7.523 )
3279.717: I:140 (   0.051   0.054   0.074 ) T:92270 (   0.048   0.052   0.073   0.110   3.883   7.523 )
3289.717: I:141 (   0.051   0.053   0.116 ) T:92411 (   0.049   0.052   0.073   0.110   3.883   7.523 )
3299.717: I:140 (   0.051   0.056   0.120 ) T:92551 (   0.049   0.052   0.074   0.111   3.883   7.523 )
3309.717: I:140 (   0.050   0.052   0.126 ) T:92691 (   0.049   0.052   0.074   0.112   3.883   7.523 )
3319.717: I:140 (   0.050   0.052   0.098 ) T:92831 (   0.049   0.052   0.074   0.112   3.883   7.523 )
3329.717: I:140 (   0.050   0.052   0.079 ) T:92971 (   0.049   0.052   0.074   0.112   3.883   7.523 )
3339.717: I:140 (   0.051   0.053   0.125 ) T:93111 (   0.049   0.052   0.074   0.112   3.883   7.523 )
3349.717: I:140 (   0.050   0.053   0.102 ) T:93251 (   0.049   0.052   0.074   0.112   3.883   7.523 )
3359.717: I:138 (   0.050   0.055   0.482 ) T:93389 (   0.049   0.052   0.074   0.112   3.883   7.523 )
3369.717: I:139 (   0.051   0.054   0.085 ) T:93528 (   0.049   0.052   0.074   0.112   3.883   7.523 )
3379.717: I:139 (   0.051   0.053   0.112 ) T:93667 (   0.049   0.052   0.074   0.112   3.883   7.523 )
3389.717: I:139 (   0.050   0.053   0.105 ) T:93806 (   0.049   0.052   0.074   0.112   3.883   7.523 )
3399.718: I:138 (   0.051   0.053   0.119 ) T:93944 (   0.049   0.052   0.074   0.112   3.883   7.523 )
3409.717: I:138 (   0.051   0.054   0.095 ) T:94082 (   0.049   0.052   0.074   0.112   3.883   7.523 )
3419.717: I:138 (   0.051   0.053   0.095 ) T:94220 (   0.049   0.052   0.074   0.112   3.883   7.523 )
3429.717: I:138 (   0.051   0.053   0.102 ) T:94358 (   0.049   0.052   0.074   0.112   3.883   7.523 )
3439.717: I:138 (   0.051   0.053   0.086 ) T:94496 (   0.049   0.052   0.074   0.112   3.883   7.523 )
3449.717: I:137 (   0.050   0.052   0.156 ) T:94633 (   0.049   0.052   0.074   0.112   3.883   7.523 )
3459.718: I:137 (   0.051   0.054   0.439 ) T:94770 (   0.049   0.052   0.074   0.112   3.883   7.523 )
3469.717: I:137 (   0.052   0.054   0.074 ) T:94907 (   0.049   0.052   0.074   0.112   3.883   7.523 )
3479.717: I:136 (   0.051   0.054   0.114 ) T:95043 (   0.049   0.052   0.074   0.112   3.883   7.523 )
3489.717: I:137 (   0.051   0.053   0.116 ) T:95180 (   0.049   0.052   0.074   0.112   3.883   7.523 )
3499.717: I:136 (   0.051   0.053   0.103 ) T:95316 (   0.049   0.052   0.074   0.112   3.883   7.523 )
3509.717: I:137 (   0.051   0.053   0.091 ) T:95453 (   0.049   0.052   0.074   0.112   3.883   7.523 )
3519.717: I:135 (   0.051   0.054   0.127 ) T:95588 (   0.049   0.052   0.074   0.112   3.883   7.523 )
3529.718: I:136 (   0.051   0.053   0.127 ) T:95724 (   0.049   0.052   0.074   0.112   3.883   7.523 )
3539.717: I:136 (   0.051   0.054   0.120 ) T:95860 (   0.049   0.052   0.074   0.113   3.883   7.523 )
3549.717: I:135 (   0.050   0.052   0.094 ) T:95995 (   0.049   0.052   0.074   0.113   3.883   7.523 )
3559.718: I:136 (   0.051   0.056   4.815 ) T:96131 (   0.049   0.052   0.074   0.114   3.923   7.523 )
3569.718: I:134 (   0.051   0.053   0.076 ) T:96265 (   0.049   0.052   0.074   0.114   3.923   7.523 )
3579.717: I:135 (   0.051   0.053   0.094 ) T:96400 (   0.049   0.052   0.074   0.114   3.923   7.523 )
3589.718: I:134 (   0.051   0.054   0.116 ) T:96534 (   0.049   0.052   0.074   0.114   3.923   7.523 )
3599.717: I:135 (   0.051   0.053   0.129 ) T:96669 (   0.049   0.052   0.074   0.115   3.923   7.523 )
3609.717: I:134 (   0.051   0.053   0.100 ) T:96803 (   0.049   0.052   0.074   0.115   3.923   7.523 )
3619.717: I:134 (   0.051   0.053   0.100 ) T:96937 (   0.049   0.052   0.074   0.115   3.923   7.523 )
3629.717: I:134 (   0.051   0.053   0.099 ) T:97071 (   0.049   0.052   0.074   0.114   3.923   7.523 )
3639.717: I:134 (   0.051   0.053   0.139 ) T:97205 (   0.049   0.052   0.074   0.115   3.923   7.523 )
3649.717: I:133 (   0.051   0.053   0.133 ) T:97338 (   0.049   0.052   0.074   0.115   3.923   7.523 )
3659.718: I:133 (   0.052   0.056   0.269 ) T:97471 (   0.049   0.052   0.074   0.116   3.923   7.523 )
3669.717: I:133 (   0.051   0.055   0.115 ) T:97604 (   0.049   0.052   0.074   0.116   3.923   7.523 )
3679.717: I:133 (   0.051   0.054   0.074 ) T:97737 (   0.049   0.052   0.074   0.116   3.923   7.523 )
3689.717: I:133 (   0.051   0.052   0.095 ) T:97870 (   0.049   0.052   0.074   0.116   3.923   7.523 )
3699.718: I:133 (   0.051   0.054   0.127 ) T:98003 (   0.049   0.052   0.074   0.116   3.923   7.523 )
3709.717: I:132 (   0.051   0.053   0.115 ) T:98135 (   0.049   0.052   0.074   0.116   3.923   7.523 )
3719.717: I:132 (   0.050   0.052   0.074 ) T:98267 (   0.049   0.052   0.074   0.116   3.923   7.523 )
3729.718: I:132 (   0.051   0.054   0.156 ) T:98399 (   0.049   0.052   0.074   0.116   3.923   7.523 )
3739.717: I:132 (   0.050   0.052   0.147 ) T:98531 (   0.049   0.052   0.074   0.116   3.923   7.523 )
3749.720: I:132 (   0.051   0.055   2.059 ) T:98663 (   0.049   0.052   0.074   0.116   3.923   7.523 )
3759.719: I:131 (   0.051   0.055   0.101 ) T:98794 (   0.049   0.052   0.074   0.116   3.923   7.523 )
3769.719: I:131 (   0.048   0.051   0.072 ) T:98925 (   0.049   0.052   0.074   0.116   3.923   7.523 )
3779.719: I:131 (   0.048   0.051   0.079 ) T:99056 (   0.049   0.052   0.074   0.116   3.923   7.523 )
3789.719: I:131 (   0.047   0.050   0.116 ) T:99187 (   0.049   0.052   0.074   0.116   3.923   7.523 )
3799.719: I:131 (   0.048   0.050   0.078 ) T:99318 (   0.049   0.052   0.074   0.116   3.923   7.523 )
3809.720: I:131 (   0.047   0.050   0.096 ) T:99449 (   0.049   0.052   0.074   0.116   3.923   7.523 )
3819.720: I:130 (   0.048   0.051   0.124 ) T:99579 (   0.049   0.052   0.074   0.116   3.923   7.523 )
3829.720: I:130 (   0.048   0.051   0.102 ) T:99709 (   0.049   0.052   0.074   0.116   3.923   7.523 )
3839.719: I:130 (   0.047   0.049   0.073 ) T:99839 (   0.049   0.052   0.074   0.116   3.923   7.523 )
3849.720: I:130 (   0.048   0.051   0.098 ) T:99969 (   0.049   0.052   0.074   0.116   3.923   7.523 )
3852.994: I:31 (   0.048   0.051   0.063 ) T:100000 (   0.049   0.052   0.074   0.116   3.883   7.523 )
3853.039: I:0 (   0.000   0.000   0.000 ) T:100000 (   0.049   0.052   0.074   0.116   3.883   7.523 )
