#[Interval percentile log between 0.000 and <Infinite> seconds (relative to StartTime)]
#[StartTime: 1524306327.328 (seconds since epoch), Sat Apr 21 12:25:27 CEST 2018]
Time: IntervalPercentiles:count ( 50% 90% Max ) TotalPercentiles:count ( 50% 90% 99% 99.9% 99.99% Max )
9.985: I:1 (   0.016   0.016   0.016 ) T:1 (   0.016   0.016   0.016   0.016   0.016   0.016 )
19.969: I:1 (   0.027   0.027   0.027 ) T:2 (   0.016   0.027   0.027   0.027   0.027   0.027 )
29.967: I:1 (   0.046   0.046   0.046 ) T:3 (   0.027   0.046   0.046   0.046   0.046   0.046 )
39.967: I:1 (   0.067   0.067   0.067 ) T:4 (   0.027   0.067   0.067   0.067   0.067   0.067 )
49.967: I:1 (   0.028   0.028   0.028 ) T:5 (   0.028   0.067   0.067   0.067   0.067   0.067 )
59.965: I:1 (   0.049   0.049   0.049 ) T:6 (   0.028   0.067   0.067   0.067   0.067   0.067 )
69.969: I:1 (   0.071   0.071   0.071 ) T:7 (   0.046   0.071   0.071   0.071   0.071   0.071 )
79.965: I:1 (   0.030   0.030   0.030 ) T:8 (   0.030   0.071   0.071   0.071   0.071   0.071 )
89.965: I:1 (   0.053   0.053   0.053 ) T:9 (   0.046   0.071   0.071   0.071   0.071   0.071 )
99.966: I:1 (   0.076   0.076   0.076 ) T:10 (   0.046   0.071   0.076   0.076   0.076   0.076 )
109.964: I:1 (   0.035   0.035   0.035 ) T:11 (   0.046   0.071   0.076   0.076   0.076   0.076 )
119.965: I:1 (   0.057   0.057   0.057 ) T:12 (   0.046   0.071   0.076   0.076   0.076   0.076 )
129.966: I:1 (   0.018   0.018   0.018 ) T:13 (   0.046   0.071   0.076   0.076   0.076   0.076 )
139.966: I:1 (   0.040   0.040   0.040 ) T:14 (   0.040   0.071   0.076   0.076   0.076   0.076 )
149.964: I:1 (   0.064   0.064   0.064 ) T:15 (   0.046   0.071   0.076   0.076   0.076   0.076 )
159.964: I:1 (   0.024   0.024   0.024 ) T:16 (   0.040   0.071   0.076   0.076   0.076   0.076 )
169.965: I:1 (   0.048   0.048   0.048 ) T:17 (   0.046   0.071   0.076   0.076   0.076   0.076 )
179.966: I:1 (   0.069   0.069   0.069 ) T:18 (   0.046   0.071   0.076   0.076   0.076   0.076 )
189.966: I:1 (   0.030   0.030   0.030 ) T:19 (   0.046   0.071   0.076   0.076   0.076   0.076 )
199.965: I:1 (   0.054   0.054   0.054 ) T:20 (   0.046   0.069   0.076   0.076   0.076   0.076 )
209.965: I:1 (   0.017   0.017   0.017 ) T:21 (   0.046   0.069   0.076   0.076   0.076   0.076 )
219.964: I:1 (   0.040   0.040   0.040 ) T:22 (   0.040   0.069   0.076   0.076   0.076   0.076 )
229.964: I:1 (   0.062   0.062   0.062 ) T:23 (   0.046   0.069   0.076   0.076   0.076   0.076 )
239.965: I:1 (   0.027   0.027   0.027 ) T:24 (   0.040   0.069   0.076   0.076   0.076   0.076 )
249.965: I:1 (   0.050   0.050   0.050 ) T:25 (   0.046   0.069   0.076   0.076   0.076   0.076 )
259.964: I:1 (   0.015   0.015   0.015 ) T:26 (   0.040   0.069   0.076   0.076   0.076   0.076 )
269.965: I:1 (   0.038   0.038   0.038 ) T:27 (   0.040   0.069   0.076   0.076   0.076   0.076 )
279.965: I:1 (   0.060   0.060   0.060 ) T:28 (   0.040   0.069   0.076   0.076   0.076   0.076 )
289.965: I:1 (   0.029   0.029   0.029 ) T:29 (   0.040   0.069   0.076   0.076   0.076   0.076 )
299.965: I:1 (   0.050   0.050   0.050 ) T:30 (   0.040   0.067   0.076   0.076   0.076   0.076 )
309.965: I:1 (   0.018   0.018   0.018 ) T:31 (   0.040   0.067   0.076   0.076   0.076   0.076 )
319.964: I:1 (   0.040   0.040   0.040 ) T:32 (   0.040   0.067   0.076   0.076   0.076   0.076 )
329.965: I:1 (   0.062   0.062   0.062 ) T:33 (   0.040   0.067   0.076   0.076   0.076   0.076 )
339.965: I:1 (   0.032   0.032   0.032 ) T:34 (   0.040   0.067   0.076   0.076   0.076   0.076 )
349.965: I:1 (   0.053   0.053   0.053 ) T:35 (   0.040   0.067   0.076   0.076   0.076   0.076 )
359.965: I:1 (   0.023   0.023   0.023 ) T:36 (   0.040   0.067   0.076   0.076   0.076   0.076 )
369.965: I:1 (   0.047   0.047   0.047 ) T:37 (   0.040   0.067   0.076   0.076   0.076   0.076 )
379.965: I:1 (   0.017   0.017   0.017 ) T:38 (   0.040   0.067   0.076   0.076   0.076   0.076 )
389.965: I:1 (   0.039   0.039   0.039 ) T:39 (   0.040   0.067   0.076   0.076   0.076   0.076 )
399.965: I:1 (   0.062   0.062   0.062 ) T:40 (   0.040   0.064   0.076   0.076   0.076   0.076 )
409.965: I:1 (   0.032   0.032   0.032 ) T:41 (   0.040   0.064   0.076   0.076   0.076   0.076 )
419.963: I:1 (   0.055   0.055   0.055 ) T:42 (   0.040   0.064   0.076   0.076   0.076   0.076 )
429.965: I:1 (   0.026   0.026   0.026 ) T:43 (   0.040   0.064   0.076   0.076   0.076   0.076 )
439.965: I:1 (   0.048   0.048   0.048 ) T:44 (   0.040   0.064   0.076   0.076   0.076   0.076 )
449.965: I:1 (   0.020   0.020   0.020 ) T:45 (   0.040   0.064   0.076   0.076   0.076   0.076 )
459.967: I:1 (   0.043   0.043   0.043 ) T:46 (   0.040   0.064   0.076   0.076   0.076   0.076 )
469.965: I:1 (   0.016   0.016   0.016 ) T:47 (   0.040   0.064   0.076   0.076   0.076   0.076 )
479.964: I:1 (   0.038   0.038   0.038 ) T:48 (   0.040   0.064   0.076   0.076   0.076   0.076 )
489.965: I:1 (   0.014   0.014   0.014 ) T:49 (   0.040   0.064   0.076   0.076   0.076   0.076 )
499.965: I:1 (   0.036   0.036   0.036 ) T:50 (   0.039   0.062   0.076   0.076   0.076   0.076 )
509.964: I:1 (   0.059   0.059   0.059 ) T:51 (   0.040   0.062   0.076   0.076   0.076   0.076 )
519.965: I:1 (   0.035   0.035   0.035 ) T:52 (   0.039   0.062   0.076   0.076   0.076   0.076 )
529.965: I:1 (   0.057   0.057   0.057 ) T:53 (   0.040   0.062   0.076   0.076   0.076   0.076 )
539.965: I:1 (   0.034   0.034   0.034 ) T:54 (   0.039   0.062   0.076   0.076   0.076   0.076 )
549.965: I:1 (   0.056   0.056   0.056 ) T:55 (   0.040   0.062   0.076   0.076   0.076   0.076 )
559.965: I:1 (   0.028   0.028   0.028 ) T:56 (   0.039   0.062   0.076   0.076   0.076   0.076 )
569.965: I:1 (   0.037   0.037   0.037 ) T:57 (   0.039   0.062   0.076   0.076   0.076   0.076 )
579.965: I:1 (   0.053   0.053   0.053 ) T:58 (   0.039   0.062   0.076   0.076   0.076   0.076 )
589.965: I:1 (   0.033   0.033   0.033 ) T:59 (   0.039   0.062   0.076   0.076   0.076   0.076 )
599.965: I:1 (   0.056   0.056   0.056 ) T:60 (   0.039   0.062   0.076   0.076   0.076   0.076 )
609.965: I:1 (   0.035   0.035   0.035 ) T:61 (   0.039   0.062   0.076   0.076   0.076   0.076 )
619.965: I:1 (   0.058   0.058   0.058 ) T:62 (   0.039   0.062   0.076   0.076   0.076   0.076 )
629.964: I:1 (   0.038   0.038   0.038 ) T:63 (   0.039   0.062   0.076   0.076   0.076   0.076 )
639.965: I:1 (   0.018   0.018   0.018 ) T:64 (   0.038   0.062   0.076   0.076   0.076   0.076 )
649.965: I:1 (   0.041   0.041   0.041 ) T:65 (   0.039   0.062   0.076   0.076   0.076   0.076 )
659.965: I:1 (   0.022   0.022   0.022 ) T:66 (   0.038   0.062   0.076   0.076   0.076   0.076 )
669.965: I:1 (   0.045   0.045   0.045 ) T:67 (   0.039   0.062   0.076   0.076   0.076   0.076 )
679.965: I:1 (   0.026   0.026   0.026 ) T:68 (   0.038   0.062   0.076   0.076   0.076   0.076 )
689.965: I:1 (   0.048   0.048   0.048 ) T:69 (   0.039   0.062   0.076   0.076   0.076   0.076 )
699.965: I:1 (   0.030   0.030   0.030 ) T:70 (   0.038   0.062   0.076   0.076   0.076   0.076 )
709.965: I:1 (   0.053   0.053   0.053 ) T:71 (   0.039   0.062   0.076   0.076   0.076   0.076 )
719.965: I:1 (   0.035   0.035   0.035 ) T:72 (   0.038   0.062   0.076   0.076   0.076   0.076 )
729.965: I:1 (   0.058   0.058   0.058 ) T:73 (   0.039   0.062   0.076   0.076   0.076   0.076 )
739.965: I:1 (   0.038   0.038   0.038 ) T:74 (   0.038   0.062   0.076   0.076   0.076   0.076 )
749.965: I:1 (   0.022   0.022   0.022 ) T:75 (   0.038   0.062   0.076   0.076   0.076   0.076 )
759.965: I:1 (   0.045   0.045   0.045 ) T:76 (   0.038   0.062   0.076   0.076   0.076   0.076 )
769.965: I:1 (   0.027   0.027   0.027 ) T:77 (   0.038   0.062   0.076   0.076   0.076   0.076 )
779.965: I:1 (   0.051   0.051   0.051 ) T:78 (   0.038   0.062   0.076   0.076   0.076   0.076 )
789.965: I:1 (   0.032   0.032   0.032 ) T:79 (   0.038   0.062   0.076   0.076   0.076   0.076 )
799.965: I:1 (   0.055   0.055   0.055 ) T:80 (   0.038   0.060   0.076   0.076   0.076   0.076 )
809.964: I:1 (   0.039   0.039   0.039 ) T:81 (   0.039   0.060   0.076   0.076   0.076   0.076 )
819.964: I:1 (   0.023   0.023   0.023 ) T:82 (   0.038   0.060   0.076   0.076   0.076   0.076 )
829.965: I:1 (   0.044   0.044   0.044 ) T:83 (   0.039   0.060   0.076   0.076   0.076   0.076 )
839.965: I:1 (   0.030   0.030   0.030 ) T:84 (   0.038   0.060   0.076   0.076   0.076   0.076 )
849.965: I:1 (   0.052   0.052   0.052 ) T:85 (   0.039   0.060   0.076   0.076   0.076   0.076 )
859.965: I:1 (   0.037   0.037   0.037 ) T:86 (   0.038   0.060   0.076   0.076   0.076   0.076 )
869.965: I:1 (   0.024   0.024   0.024 ) T:87 (   0.038   0.060   0.076   0.076   0.076   0.076 )
879.964: I:1 (   0.046   0.046   0.046 ) T:88 (   0.038   0.060   0.076   0.076   0.076   0.076 )
889.964: I:1 (   0.034   0.034   0.034 ) T:89 (   0.038   0.060   0.076   0.076   0.076   0.076 )
899.965: I:1 (   0.056   0.056   0.056 ) T:90 (   0.038   0.059   0.076   0.076   0.076   0.076 )
909.964: I:1 (   0.043   0.043   0.043 ) T:91 (   0.039   0.059   0.076   0.076   0.076   0.076 )
919.965: I:1 (   0.031   0.031   0.031 ) T:92 (   0.038   0.059   0.076   0.076   0.076   0.076 )
929.965: I:1 (   0.053   0.053   0.053 ) T:93 (   0.039   0.059   0.076   0.076   0.076   0.076 )
939.965: I:1 (   0.041   0.041   0.041 ) T:94 (   0.039   0.059   0.076   0.076   0.076   0.076 )
949.965: I:1 (   0.031   0.031   0.031 ) T:95 (   0.039   0.059   0.076   0.076   0.076   0.076 )
959.965: I:1 (   0.051   0.051   0.051 ) T:96 (   0.039   0.059   0.076   0.076   0.076   0.076 )
969.964: I:1 (   0.041   0.041   0.041 ) T:97 (   0.039   0.059   0.076   0.076   0.076   0.076 )
979.965: I:1 (   0.030   0.030   0.030 ) T:98 (   0.039   0.059   0.076   0.076   0.076   0.076 )
989.965: I:1 (   0.051   0.051   0.051 ) T:99 (   0.039   0.059   0.076   0.076   0.076   0.076 )
999.965: I:1 (   0.042   0.042   0.042 ) T:100 (   0.039   0.058   0.071   0.076   0.076   0.076 )
1009.965: I:1 (   0.033   0.033   0.033 ) T:101 (   0.039   0.058   0.071   0.076   0.076   0.076 )
1019.965: I:1 (   0.055   0.055   0.055 ) T:102 (   0.039   0.058   0.071   0.076   0.076   0.076 )
1029.965: I:1 (   0.046   0.046   0.046 ) T:103 (   0.040   0.058   0.071   0.076   0.076   0.076 )
1039.965: I:1 (   0.037   0.037   0.037 ) T:104 (   0.039   0.058   0.071   0.076   0.076   0.076 )
1049.965: I:1 (   0.057   0.057   0.057 ) T:105 (   0.040   0.058   0.071   0.076   0.076   0.076 )
1059.965: I:1 (   0.049   0.049   0.049 ) T:106 (   0.040   0.058   0.071   0.076   0.076   0.076 )
1069.965: I:1 (   0.039   0.039   0.039 ) T:107 (   0.040   0.058   0.071   0.076   0.076   0.076 )
1079.965: I:1 (   0.031   0.031   0.031 ) T:108 (   0.039   0.058   0.071   0.076   0.076   0.076 )
1089.965: I:1 (   0.053   0.053   0.053 ) T:109 (   0.040   0.058   0.071   0.076   0.076   0.076 )
1099.964: I:1 (   0.045   0.045   0.045 ) T:110 (   0.040   0.058   0.071   0.076   0.076   0.076 )
1109.963: I:1 (   0.037   0.037   0.037 ) T:111 (   0.040   0.058   0.071   0.076   0.076   0.076 )
1119.965: I:1 (   0.057   0.057   0.057 ) T:112 (   0.040   0.058   0.071   0.076   0.076   0.076 )
1129.965: I:1 (   0.048   0.048   0.048 ) T:113 (   0.040   0.058   0.071   0.076   0.076   0.076 )
1139.964: I:1 (   0.038   0.038   0.038 ) T:114 (   0.040   0.058   0.071   0.076   0.076   0.076 )
1149.963: I:1 (   0.059   0.059   0.059 ) T:115 (   0.040   0.058   0.071   0.076   0.076   0.076 )
1159.965: I:1 (   0.051   0.051   0.051 ) T:116 (   0.040   0.058   0.071   0.076   0.076   0.076 )
1169.964: I:1 (   0.042   0.042   0.042 ) T:117 (   0.040   0.058   0.071   0.076   0.076   0.076 )
1179.965: I:1 (   0.064   0.064   0.064 ) T:118 (   0.040   0.059   0.071   0.076   0.076   0.076 )
1189.964: I:1 (   0.057   0.057   0.057 ) T:119 (   0.041   0.059   0.071   0.076   0.076   0.076 )
1199.965: I:1 (   0.048   0.048   0.048 ) T:120 (   0.041   0.058   0.071   0.076   0.076   0.076 )
1209.965: I:1 (   0.040   0.040   0.040 ) T:121 (   0.041   0.058   0.071   0.076   0.076   0.076 )
1219.965: I:1 (   0.062   0.062   0.062 ) T:122 (   0.041   0.059   0.071   0.076   0.076   0.076 )
1229.965: I:1 (   0.056   0.056   0.056 ) T:123 (   0.041   0.059   0.071   0.076   0.076   0.076 )
1239.965: I:1 (   0.048   0.048   0.048 ) T:124 (   0.041   0.059   0.071   0.076   0.076   0.076 )
1247.291: I:2 (   0.041   0.058   0.058 ) T:126 (   0.041   0.059   0.071   0.076   0.076   0.076 )
1247.321: I:0 (   0.000   0.000   0.000 ) T:126 (   0.041   0.059   0.071   0.076   0.076   0.076 )
