#[Interval percentile log between 0.000 and <Infinite> seconds (relative to StartTime)]
#[StartTime: 1524878282.285 (seconds since epoch), Sat Apr 28 03:18:02 CEST 2018]
Time: IntervalPercentiles:count ( 50% 90% Max ) TotalPercentiles:count ( 50% 90% 99% 99.9% 99.99% Max )
9.982: I:1 (   0.000   0.000   0.000 ) T:1 (   0.000   0.000   0.000   0.000   0.000   0.000 )
19.965: I:1 (   0.039   0.039   0.039 ) T:2 (   0.000   0.039   0.039   0.039   0.039   0.039 )
29.965: I:1 (   0.000   0.000   0.000 ) T:3 (   0.000   0.039   0.039   0.039   0.039   0.039 )
39.959: I:1 (   0.006   0.006   0.006 ) T:4 (   0.000   0.039   0.039   0.039   0.039   0.039 )
49.961: I:1 (   0.000   0.000   0.000 ) T:5 (   0.000   0.039   0.039   0.039   0.039   0.039 )
59.960: I:1 (   0.000   0.000   0.000 ) T:6 (   0.000   0.039   0.039   0.039   0.039   0.039 )
69.961: I:1 (   0.000   0.000   0.000 ) T:7 (   0.000   0.039   0.039   0.039   0.039   0.039 )
79.960: I:1 (   0.000   0.000   0.000 ) T:8 (   0.000   0.039   0.039   0.039   0.039   0.039 )
89.961: I:1 (   0.000   0.000   0.000 ) T:9 (   0.000   0.039   0.039   0.039   0.039   0.039 )
99.960: I:1 (   0.000   0.000   0.000 ) T:10 (   0.000   0.006   0.039   0.039   0.039   0.039 )
109.961: I:1 (   0.003   0.003   0.003 ) T:11 (   0.000   0.006   0.039   0.039   0.039   0.039 )
119.961: I:1 (   0.000   0.000   0.000 ) T:12 (   0.000   0.006   0.039   0.039   0.039   0.039 )
129.961: I:1 (   0.000   0.000   0.000 ) T:13 (   0.000   0.006   0.039   0.039   0.039   0.039 )
139.962: I:1 (   0.000   0.000   0.000 ) T:14 (   0.000   0.006   0.039   0.039   0.039   0.039 )
149.956: I:1 (   0.000   0.000   0.000 ) T:15 (   0.000   0.006   0.039   0.039   0.039   0.039 )
159.959: I:1 (   0.000   0.000   0.000 ) T:16 (   0.000   0.006   0.039   0.039   0.039   0.039 )
169.959: I:1 (   0.004   0.004   0.004 ) T:17 (   0.000   0.006   0.039   0.039   0.039   0.039 )
179.959: I:1 (   0.000   0.000   0.000 ) T:18 (   0.000   0.006   0.039   0.039   0.039   0.039 )
189.960: I:1 (   0.000   0.000   0.000 ) T:19 (   0.000   0.006   0.039   0.039   0.039   0.039 )
199.958: I:1 (   0.000   0.000   0.000 ) T:20 (   0.000   0.004   0.039   0.039   0.039   0.039 )
209.961: I:1 (   0.000   0.000   0.000 ) T:21 (   0.000   0.004   0.039   0.039   0.039   0.039 )
219.960: I:1 (   0.003   0.003   0.003 ) T:22 (   0.000   0.004   0.039   0.039   0.039   0.039 )
229.960: I:1 (   0.000   0.000   0.000 ) T:23 (   0.000   0.004   0.039   0.039   0.039   0.039 )
239.959: I:1 (   0.000   0.000   0.000 ) T:24 (   0.000   0.004   0.039   0.039   0.039   0.039 )
249.959: I:1 (   0.000   0.000   0.000 ) T:25 (   0.000   0.004   0.039   0.039   0.039   0.039 )
259.960: I:1 (   0.003   0.003   0.003 ) T:26 (   0.000   0.004   0.039   0.039   0.039   0.039 )
269.957: I:1 (   0.000   0.000   0.000 ) T:27 (   0.000   0.004   0.039   0.039   0.039   0.039 )
279.959: I:1 (   0.000   0.000   0.000 ) T:28 (   0.000   0.004   0.039   0.039   0.039   0.039 )
289.960: I:1 (   0.000   0.000   0.000 ) T:29 (   0.000   0.004   0.039   0.039   0.039   0.039 )
299.959: I:1 (   0.004   0.004   0.004 ) T:30 (   0.000   0.004   0.039   0.039   0.039   0.039 )
309.959: I:1 (   0.000   0.000   0.000 ) T:31 (   0.000   0.004   0.039   0.039   0.039   0.039 )
319.959: I:1 (   0.000   0.000   0.000 ) T:32 (   0.000   0.004   0.039   0.039   0.039   0.039 )
329.957: I:1 (   0.000   0.000   0.000 ) T:33 (   0.000   0.004   0.039   0.039   0.039   0.039 )
339.960: I:1 (   0.004   0.004   0.004 ) T:34 (   0.000   0.004   0.039   0.039   0.039   0.039 )
349.959: I:1 (   0.000   0.000   0.000 ) T:35 (   0.000   0.004   0.039   0.039   0.039   0.039 )
359.959: I:1 (   0.000   0.000   0.000 ) T:36 (   0.000   0.004   0.039   0.039   0.039   0.039 )
369.960: I:1 (   0.004   0.004   0.004 ) T:37 (   0.000   0.004   0.039   0.039   0.039   0.039 )
379.959: I:1 (   0.000   0.000   0.000 ) T:38 (   0.000   0.004   0.039   0.039   0.039   0.039 )
389.959: I:1 (   0.000   0.000   0.000 ) T:39 (   0.000   0.004   0.039   0.039   0.039   0.039 )
399.957: I:1 (   0.007   0.007   0.007 ) T:40 (   0.000   0.004   0.039   0.039   0.039   0.039 )
409.959: I:1 (   0.000   0.000   0.000 ) T:41 (   0.000   0.004   0.039   0.039   0.039   0.039 )
419.959: I:1 (   0.000   0.000   0.000 ) T:42 (   0.000   0.004   0.039   0.039   0.039   0.039 )
429.959: I:1 (   0.004   0.004   0.004 ) T:43 (   0.000   0.004   0.039   0.039   0.039   0.039 )
439.959: I:1 (   0.000   0.000   0.000 ) T:44 (   0.000   0.004   0.039   0.039   0.039   0.039 )
449.959: I:1 (   0.000   0.000   0.000 ) T:45 (   0.000   0.004   0.039   0.039   0.039   0.039 )
459.958: I:1 (   0.007   0.007   0.007 ) T:46 (   0.000   0.004   0.039   0.039   0.039   0.039 )
469.960: I:1 (   0.000   0.000   0.000 ) T:47 (   0.000   0.004   0.039   0.039   0.039   0.039 )
479.959: I:1 (   0.000   0.000   0.000 ) T:48 (   0.000   0.004   0.039   0.039   0.039   0.039 )
489.958: I:1 (   0.006   0.006   0.006 ) T:49 (   0.000   0.006   0.039   0.039   0.039   0.039 )
499.959: I:1 (   0.000   0.000   0.000 ) T:50 (   0.000   0.004   0.039   0.039   0.039   0.039 )
509.957: I:1 (   0.005   0.005   0.005 ) T:51 (   0.000   0.005   0.039   0.039   0.039   0.039 )
519.959: I:1 (   0.000   0.000   0.000 ) T:52 (   0.000   0.005   0.039   0.039   0.039   0.039 )
529.959: I:1 (   0.000   0.000   0.000 ) T:53 (   0.000   0.005   0.039   0.039   0.039   0.039 )
539.959: I:1 (   0.007   0.007   0.007 ) T:54 (   0.000   0.006   0.039   0.039   0.039   0.039 )
549.959: I:1 (   0.000   0.000   0.000 ) T:55 (   0.000   0.006   0.039   0.039   0.039   0.039 )
559.957: I:1 (   0.005   0.005   0.005 ) T:56 (   0.000   0.006   0.039   0.039   0.039   0.039 )
569.960: I:1 (   0.000   0.000   0.000 ) T:57 (   0.000   0.006   0.039   0.039   0.039   0.039 )
579.960: I:1 (   0.005   0.005   0.005 ) T:58 (   0.000   0.006   0.039   0.039   0.039   0.039 )
589.959: I:1 (   0.000   0.000   0.000 ) T:59 (   0.000   0.006   0.039   0.039   0.039   0.039 )
599.959: I:1 (   0.000   0.000   0.000 ) T:60 (   0.000   0.005   0.039   0.039   0.039   0.039 )
609.959: I:1 (   0.004   0.004   0.004 ) T:61 (   0.000   0.005   0.039   0.039   0.039   0.039 )
619.959: I:1 (   0.000   0.000   0.000 ) T:62 (   0.000   0.005   0.039   0.039   0.039   0.039 )
629.959: I:1 (   0.004   0.004   0.004 ) T:63 (   0.000   0.005   0.039   0.039   0.039   0.039 )
639.959: I:1 (   0.000   0.000   0.000 ) T:64 (   0.000   0.005   0.039   0.039   0.039   0.039 )
649.960: I:1 (   0.004   0.004   0.004 ) T:65 (   0.000   0.005   0.039   0.039   0.039   0.039 )
659.959: I:1 (   0.000   0.000   0.000 ) T:66 (   0.000   0.005   0.039   0.039   0.039   0.039 )
669.957: I:1 (   0.004   0.004   0.004 ) T:67 (   0.000   0.005   0.039   0.039   0.039   0.039 )
679.959: I:1 (   0.004   0.004   0.004 ) T:68 (   0.000   0.005   0.039   0.039   0.039   0.039 )
689.958: I:1 (   0.000   0.000   0.000 ) T:69 (   0.000   0.005   0.039   0.039   0.039   0.039 )
699.958: I:1 (   0.005   0.005   0.005 ) T:70 (   0.000   0.005   0.039   0.039   0.039   0.039 )
709.959: I:1 (   0.000   0.000   0.000 ) T:71 (   0.000   0.005   0.039   0.039   0.039   0.039 )
719.959: I:1 (   0.004   0.004   0.004 ) T:72 (   0.000   0.005   0.039   0.039   0.039   0.039 )
729.960: I:1 (   0.000   0.000   0.000 ) T:73 (   0.000   0.005   0.039   0.039   0.039   0.039 )
739.959: I:1 (   0.005   0.005   0.005 ) T:74 (   0.000   0.005   0.039   0.039   0.039   0.039 )
749.959: I:1 (   0.006   0.006   0.006 ) T:75 (   0.000   0.005   0.039   0.039   0.039   0.039 )
759.958: I:1 (   0.000   0.000   0.000 ) T:76 (   0.000   0.005   0.039   0.039   0.039   0.039 )
769.960: I:1 (   0.004   0.004   0.004 ) T:77 (   0.000   0.005   0.039   0.039   0.039   0.039 )
779.957: I:1 (   0.004   0.004   0.004 ) T:78 (   0.000   0.005   0.039   0.039   0.039   0.039 )
789.957: I:1 (   0.000   0.000   0.000 ) T:79 (   0.000   0.005   0.039   0.039   0.039   0.039 )
799.959: I:1 (   0.005   0.005   0.005 ) T:80 (   0.000   0.005   0.039   0.039   0.039   0.039 )
809.959: I:1 (   0.004   0.004   0.004 ) T:81 (   0.000   0.005   0.039   0.039   0.039   0.039 )
819.959: I:1 (   0.000   0.000   0.000 ) T:82 (   0.000   0.005   0.039   0.039   0.039   0.039 )
829.959: I:1 (   0.003   0.003   0.003 ) T:83 (   0.000   0.005   0.039   0.039   0.039   0.039 )
839.957: I:1 (   0.003   0.003   0.003 ) T:84 (   0.000   0.005   0.039   0.039   0.039   0.039 )
849.958: I:1 (   0.000   0.000   0.000 ) T:85 (   0.000   0.005   0.039   0.039   0.039   0.039 )
859.957: I:1 (   0.003   0.003   0.003 ) T:86 (   0.000   0.005   0.039   0.039   0.039   0.039 )
869.958: I:1 (   0.003   0.003   0.003 ) T:87 (   0.000   0.005   0.039   0.039   0.039   0.039 )
879.957: I:1 (   0.002   0.002   0.002 ) T:88 (   0.000   0.005   0.039   0.039   0.039   0.039 )
889.959: I:1 (   0.000   0.000   0.000 ) T:89 (   0.000   0.005   0.039   0.039   0.039   0.039 )
899.959: I:1 (   0.003   0.003   0.003 ) T:90 (   0.000   0.005   0.039   0.039   0.039   0.039 )
909.959: I:1 (   0.003   0.003   0.003 ) T:91 (   0.000   0.005   0.039   0.039   0.039   0.039 )
919.959: I:1 (   0.002   0.002   0.002 ) T:92 (   0.000   0.005   0.039   0.039   0.039   0.039 )
929.959: I:1 (   0.003   0.003   0.003 ) T:93 (   0.000   0.005   0.039   0.039   0.039   0.039 )
939.959: I:1 (   0.000   0.000   0.000 ) T:94 (   0.000   0.005   0.039   0.039   0.039   0.039 )
949.959: I:1 (   0.003   0.003   0.003 ) T:95 (   0.000   0.005   0.039   0.039   0.039   0.039 )
959.960: I:1 (   0.002   0.002   0.002 ) T:96 (   0.000   0.005   0.039   0.039   0.039   0.039 )
969.957: I:1 (   0.003   0.003   0.003 ) T:97 (   0.000   0.005   0.039   0.039   0.039   0.039 )
979.957: I:1 (   0.003   0.003   0.003 ) T:98 (   0.000   0.005   0.039   0.039   0.039   0.039 )
989.958: I:1 (   0.002   0.002   0.002 ) T:99 (   0.000   0.005   0.039   0.039   0.039   0.039 )
999.957: I:1 (   0.003   0.003   0.003 ) T:100 (   0.000   0.005   0.007   0.039   0.039   0.039 )
1009.960: I:1 (   0.002   0.002   0.002 ) T:101 (   0.000   0.005   0.007   0.039   0.039   0.039 )
1019.959: I:1 (   0.003   0.003   0.003 ) T:102 (   0.000   0.005   0.007   0.039   0.039   0.039 )
1029.957: I:1 (   0.005   0.005   0.005 ) T:103 (   0.000   0.005   0.007   0.039   0.039   0.039 )
1039.959: I:1 (   0.004   0.004   0.004 ) T:104 (   0.000   0.005   0.007   0.039   0.039   0.039 )
1049.959: I:1 (   0.006   0.006   0.006 ) T:105 (   0.000   0.005   0.007   0.039   0.039   0.039 )
1059.958: I:1 (   0.005   0.005   0.005 ) T:106 (   0.000   0.005   0.007   0.039   0.039   0.039 )
1069.959: I:1 (   0.009   0.009   0.009 ) T:107 (   0.000   0.005   0.009   0.039   0.039   0.039 )
1079.959: I:1 (   0.005   0.005   0.005 ) T:108 (   0.000   0.005   0.009   0.039   0.039   0.039 )
1089.959: I:1 (   0.004   0.004   0.004 ) T:109 (   0.000   0.005   0.009   0.039   0.039   0.039 )
1099.959: I:1 (   0.009   0.009   0.009 ) T:110 (   0.000   0.005   0.009   0.039   0.039   0.039 )
1109.958: I:1 (   0.005   0.005   0.005 ) T:111 (   0.002   0.005   0.009   0.039   0.039   0.039 )
1119.959: I:1 (   0.002   0.002   0.002 ) T:112 (   0.002   0.005   0.009   0.039   0.039   0.039 )
1129.959: I:1 (   0.005   0.005   0.005 ) T:113 (   0.002   0.005   0.009   0.039   0.039   0.039 )
1139.960: I:1 (   0.004   0.004   0.004 ) T:114 (   0.002   0.005   0.009   0.039   0.039   0.039 )
1149.958: I:1 (   0.009   0.009   0.009 ) T:115 (   0.002   0.005   0.009   0.039   0.039   0.039 )
1159.959: I:1 (   0.006   0.006   0.006 ) T:116 (   0.002   0.006   0.009   0.039   0.039   0.039 )
1169.957: I:1 (   0.004   0.004   0.004 ) T:117 (   0.002   0.006   0.009   0.039   0.039   0.039 )
1179.958: I:1 (   0.003   0.003   0.003 ) T:118 (   0.002   0.006   0.009   0.039   0.039   0.039 )
1189.958: I:1 (   0.002   0.002   0.002 ) T:119 (   0.002   0.006   0.009   0.039   0.039   0.039 )
1199.959: I:1 (   0.003   0.003   0.003 ) T:120 (   0.002   0.005   0.009   0.039   0.039   0.039 )
1209.960: I:1 (   0.023   0.023   0.023 ) T:121 (   0.002   0.006   0.023   0.039   0.039   0.039 )
1219.958: I:1 (   0.003   0.003   0.003 ) T:122 (   0.002   0.006   0.023   0.039   0.039   0.039 )
1229.957: I:1 (   0.003   0.003   0.003 ) T:123 (   0.002   0.006   0.023   0.039   0.039   0.039 )
1239.960: I:1 (   0.004   0.004   0.004 ) T:124 (   0.002   0.006   0.023   0.039   0.039   0.039 )
1249.959: I:1 (   0.003   0.003   0.003 ) T:125 (   0.003   0.006   0.023   0.039   0.039   0.039 )
1259.962: I:1 (   0.002   0.002   0.002 ) T:126 (   0.002   0.006   0.023   0.039   0.039   0.039 )
1269.960: I:1 (   0.003   0.003   0.003 ) T:127 (   0.003   0.006   0.023   0.039   0.039   0.039 )
1279.959: I:1 (   0.002   0.002   0.002 ) T:128 (   0.002   0.006   0.023   0.039   0.039   0.039 )
1289.959: I:1 (   0.005   0.005   0.005 ) T:129 (   0.003   0.006   0.023   0.039   0.039   0.039 )
1299.960: I:1 (   0.002   0.002   0.002 ) T:130 (   0.002   0.005   0.023   0.039   0.039   0.039 )
1309.957: I:1 (   0.002   0.002   0.002 ) T:131 (   0.002   0.005   0.023   0.039   0.039   0.039 )
1319.959: I:1 (   0.003   0.003   0.003 ) T:132 (   0.002   0.005   0.023   0.039   0.039   0.039 )
1329.960: I:1 (   0.005   0.005   0.005 ) T:133 (   0.003   0.005   0.023   0.039   0.039   0.039 )
1339.959: I:1 (   0.002   0.002   0.002 ) T:134 (   0.002   0.005   0.023   0.039   0.039   0.039 )
1349.958: I:1 (   0.003   0.003   0.003 ) T:135 (   0.003   0.005   0.023   0.039   0.039   0.039 )
1359.959: I:1 (   0.004   0.004   0.004 ) T:136 (   0.003   0.005   0.023   0.039   0.039   0.039 )
1369.959: I:1 (   0.003   0.003   0.003 ) T:137 (   0.003   0.005   0.023   0.039   0.039   0.039 )
1379.960: I:1 (   0.002   0.002   0.002 ) T:138 (   0.003   0.005   0.023   0.039   0.039   0.039 )
1389.958: I:1 (   0.003   0.003   0.003 ) T:139 (   0.003   0.005   0.023   0.039   0.039   0.039 )
1399.957: I:1 (   0.005   0.005   0.005 ) T:140 (   0.003   0.005   0.023   0.039   0.039   0.039 )
1409.960: I:1 (   0.002   0.002   0.002 ) T:141 (   0.003   0.005   0.023   0.039   0.039   0.039 )
1419.959: I:1 (   0.002   0.002   0.002 ) T:142 (   0.003   0.005   0.023   0.039   0.039   0.039 )
1429.958: I:1 (   0.005   0.005   0.005 ) T:143 (   0.003   0.005   0.023   0.039   0.039   0.039 )
1439.960: I:1 (   0.003   0.003   0.003 ) T:144 (   0.003   0.005   0.023   0.039   0.039   0.039 )
1449.960: I:1 (   0.004   0.004   0.004 ) T:145 (   0.003   0.005   0.023   0.039   0.039   0.039 )
1459.959: I:1 (   0.004   0.004   0.004 ) T:146 (   0.003   0.005   0.023   0.039   0.039   0.039 )
1469.960: I:1 (   0.002   0.002   0.002 ) T:147 (   0.003   0.005   0.023   0.039   0.039   0.039 )
1479.959: I:1 (   0.004   0.004   0.004 ) T:148 (   0.003   0.005   0.023   0.039   0.039   0.039 )
1489.959: I:1 (   0.003   0.003   0.003 ) T:149 (   0.003   0.005   0.023   0.039   0.039   0.039 )
1499.959: I:1 (   0.005   0.005   0.005 ) T:150 (   0.003   0.005   0.023   0.039   0.039   0.039 )
1509.959: I:1 (   0.003   0.003   0.003 ) T:151 (   0.003   0.005   0.023   0.039   0.039   0.039 )
1519.957: I:1 (   0.002   0.002   0.002 ) T:152 (   0.003   0.005   0.023   0.039   0.039   0.039 )
1529.959: I:1 (   0.005   0.005   0.005 ) T:153 (   0.003   0.005   0.023   0.039   0.039   0.039 )
1539.958: I:1 (   0.005   0.005   0.005 ) T:154 (   0.003   0.005   0.023   0.039   0.039   0.039 )
1549.958: I:1 (   0.003   0.003   0.003 ) T:155 (   0.003   0.005   0.023   0.039   0.039   0.039 )
1559.959: I:1 (   0.005   0.005   0.005 ) T:156 (   0.003   0.005   0.023   0.039   0.039   0.039 )
1569.959: I:1 (   0.003   0.003   0.003 ) T:157 (   0.003   0.005   0.023   0.039   0.039   0.039 )
1579.960: I:1 (   0.002   0.002   0.002 ) T:158 (   0.003   0.005   0.023   0.039   0.039   0.039 )
1589.957: I:1 (   0.006   0.006   0.006 ) T:159 (   0.003   0.005   0.023   0.039   0.039   0.039 )
1599.958: I:1 (   0.002   0.002   0.002 ) T:160 (   0.003   0.005   0.023   0.039   0.039   0.039 )
1609.959: I:1 (   0.005   0.005   0.005 ) T:161 (   0.003   0.005   0.023   0.039   0.039   0.039 )
1619.959: I:1 (   0.002   0.002   0.002 ) T:162 (   0.003   0.005   0.023   0.039   0.039   0.039 )
1629.959: I:1 (   0.005   0.005   0.005 ) T:163 (   0.003   0.005   0.023   0.039   0.039   0.039 )
1639.960: I:1 (   0.003   0.003   0.003 ) T:164 (   0.003   0.005   0.023   0.039   0.039   0.039 )
1649.957: I:1 (   0.006   0.006   0.006 ) T:165 (   0.003   0.005   0.023   0.039   0.039   0.039 )
1659.959: I:1 (   0.002   0.002   0.002 ) T:166 (   0.003   0.005   0.023   0.039   0.039   0.039 )
1669.959: I:1 (   0.005   0.005   0.005 ) T:167 (   0.003   0.005   0.023   0.039   0.039   0.039 )
1679.960: I:1 (   0.002   0.002   0.002 ) T:168 (   0.003   0.005   0.023   0.039   0.039   0.039 )
1689.959: I:1 (   0.006   0.006   0.006 ) T:169 (   0.003   0.005   0.023   0.039   0.039   0.039 )
1699.960: I:1 (   0.003   0.003   0.003 ) T:170 (   0.003   0.005   0.023   0.039   0.039   0.039 )
1709.960: I:1 (   0.004   0.004   0.004 ) T:171 (   0.003   0.005   0.023   0.039   0.039   0.039 )
1719.958: I:1 (   0.003   0.003   0.003 ) T:172 (   0.003   0.005   0.023   0.039   0.039   0.039 )
1729.960: I:1 (   0.005   0.005   0.005 ) T:173 (   0.003   0.005   0.023   0.039   0.039   0.039 )
1739.958: I:1 (   0.002   0.002   0.002 ) T:174 (   0.003   0.005   0.023   0.039   0.039   0.039 )
1749.958: I:1 (   0.005   0.005   0.005 ) T:175 (   0.003   0.005   0.023   0.039   0.039   0.039 )
1759.960: I:1 (   0.004   0.004   0.004 ) T:176 (   0.003   0.005   0.023   0.039   0.039   0.039 )
1769.957: I:1 (   0.002   0.002   0.002 ) T:177 (   0.003   0.005   0.023   0.039   0.039   0.039 )
1779.960: I:1 (   0.005   0.005   0.005 ) T:178 (   0.003   0.005   0.023   0.039   0.039   0.039 )
1789.958: I:1 (   0.006   0.006   0.006 ) T:179 (   0.003   0.005   0.023   0.039   0.039   0.039 )
1799.959: I:1 (   0.006   0.006   0.006 ) T:180 (   0.003   0.005   0.023   0.039   0.039   0.039 )
1809.958: I:1 (   0.002   0.002   0.002 ) T:181 (   0.003   0.005   0.023   0.039   0.039   0.039 )
1819.959: I:1 (   0.005   0.005   0.005 ) T:182 (   0.003   0.005   0.023   0.039   0.039   0.039 )
1829.958: I:1 (   0.004   0.004   0.004 ) T:183 (   0.003   0.005   0.023   0.039   0.039   0.039 )
1839.958: I:1 (   0.003   0.003   0.003 ) T:184 (   0.003   0.005   0.023   0.039   0.039   0.039 )
1849.960: I:1 (   0.005   0.005   0.005 ) T:185 (   0.003   0.005   0.023   0.039   0.039   0.039 )
1859.958: I:1 (   0.005   0.005   0.005 ) T:186 (   0.003   0.005   0.023   0.039   0.039   0.039 )
1869.959: I:1 (   0.002   0.002   0.002 ) T:187 (   0.003   0.005   0.023   0.039   0.039   0.039 )
1879.958: I:1 (   0.005   0.005   0.005 ) T:188 (   0.003   0.005   0.023   0.039   0.039   0.039 )
1889.959: I:1 (   0.006   0.006   0.006 ) T:189 (   0.003   0.006   0.023   0.039   0.039   0.039 )
1899.959: I:1 (   0.002   0.002   0.002 ) T:190 (   0.003   0.005   0.023   0.039   0.039   0.039 )
1909.960: I:1 (   0.006   0.006   0.006 ) T:191 (   0.003   0.006   0.023   0.039   0.039   0.039 )
1919.960: I:1 (   0.004   0.004   0.004 ) T:192 (   0.003   0.006   0.023   0.039   0.039   0.039 )
1929.958: I:1 (   0.006   0.006   0.006 ) T:193 (   0.003   0.006   0.023   0.039   0.039   0.039 )
1939.959: I:1 (   0.003   0.003   0.003 ) T:194 (   0.003   0.006   0.023   0.039   0.039   0.039 )
1949.960: I:1 (   0.005   0.005   0.005 ) T:195 (   0.003   0.006   0.023   0.039   0.039   0.039 )
1959.960: I:1 (   0.005   0.005   0.005 ) T:196 (   0.003   0.006   0.023   0.039   0.039   0.039 )
1969.960: I:1 (   0.005   0.005   0.005 ) T:197 (   0.003   0.006   0.023   0.039   0.039   0.039 )
1979.959: I:1 (   0.005   0.005   0.005 ) T:198 (   0.003   0.006   0.023   0.039   0.039   0.039 )
1989.960: I:1 (   0.003   0.003   0.003 ) T:199 (   0.003   0.006   0.023   0.039   0.039   0.039 )
1999.959: I:1 (   0.006   0.006   0.006 ) T:200 (   0.003   0.006   0.009   0.039   0.039   0.039 )
2009.958: I:1 (   0.005   0.005   0.005 ) T:201 (   0.003   0.006   0.009   0.039   0.039   0.039 )
2019.960: I:1 (   0.005   0.005   0.005 ) T:202 (   0.003   0.006   0.009   0.039   0.039   0.039 )
2029.959: I:1 (   0.006   0.006   0.006 ) T:203 (   0.003   0.006   0.009   0.039   0.039   0.039 )
2039.958: I:1 (   0.005   0.005   0.005 ) T:204 (   0.003   0.006   0.009   0.039   0.039   0.039 )
2049.960: I:1 (   0.002   0.002   0.002 ) T:205 (   0.003   0.006   0.009   0.039   0.039   0.039 )
2059.960: I:1 (   0.006   0.006   0.006 ) T:206 (   0.003   0.006   0.009   0.039   0.039   0.039 )
2069.958: I:1 (   0.005   0.005   0.005 ) T:207 (   0.003   0.006   0.009   0.039   0.039   0.039 )
2079.958: I:1 (   0.003   0.003   0.003 ) T:208 (   0.003   0.006   0.009   0.039   0.039   0.039 )
2089.959: I:1 (   0.003   0.003   0.003 ) T:209 (   0.003   0.006   0.009   0.039   0.039   0.039 )
2099.960: I:1 (   0.003   0.003   0.003 ) T:210 (   0.003   0.006   0.009   0.039   0.039   0.039 )
2109.959: I:1 (   0.000   0.000   0.000 ) T:211 (   0.003   0.006   0.009   0.039   0.039   0.039 )
2119.959: I:1 (   0.004   0.004   0.004 ) T:212 (   0.003   0.006   0.009   0.039   0.039   0.039 )
2129.959: I:1 (   0.002   0.002   0.002 ) T:213 (   0.003   0.006   0.009   0.039   0.039   0.039 )
2139.959: I:1 (   0.000   0.000   0.000 ) T:214 (   0.003   0.006   0.009   0.039   0.039   0.039 )
2149.959: I:1 (   0.002   0.002   0.002 ) T:215 (   0.003   0.006   0.009   0.039   0.039   0.039 )
2159.958: I:1 (   0.003   0.003   0.003 ) T:216 (   0.003   0.006   0.009   0.039   0.039   0.039 )
2169.960: I:1 (   0.003   0.003   0.003 ) T:217 (   0.003   0.006   0.009   0.039   0.039   0.039 )
2179.960: I:1 (   0.000   0.000   0.000 ) T:218 (   0.003   0.006   0.009   0.039   0.039   0.039 )
2189.960: I:1 (   0.005   0.005   0.005 ) T:219 (   0.003   0.006   0.009   0.039   0.039   0.039 )
2199.960: I:1 (   0.006   0.006   0.006 ) T:220 (   0.003   0.006   0.009   0.039   0.039   0.039 )
2209.957: I:1 (   0.002   0.002   0.002 ) T:221 (   0.003   0.006   0.009   0.039   0.039   0.039 )
2219.958: I:1 (   0.005   0.005   0.005 ) T:222 (   0.003   0.006   0.009   0.039   0.039   0.039 )
2229.957: I:1 (   0.005   0.005   0.005 ) T:223 (   0.003   0.006   0.009   0.039   0.039   0.039 )
2239.960: I:1 (   0.005   0.005   0.005 ) T:224 (   0.003   0.006   0.009   0.039   0.039   0.039 )
2249.958: I:1 (   0.005   0.005   0.005 ) T:225 (   0.003   0.006   0.009   0.039   0.039   0.039 )
2259.957: I:1 (   0.005   0.005   0.005 ) T:226 (   0.003   0.006   0.009   0.039   0.039   0.039 )
2269.960: I:1 (   0.005   0.005   0.005 ) T:227 (   0.003   0.006   0.009   0.039   0.039   0.039 )
2279.959: I:1 (   0.005   0.005   0.005 ) T:228 (   0.003   0.006   0.009   0.039   0.039   0.039 )
2289.958: I:1 (   0.005   0.005   0.005 ) T:229 (   0.003   0.006   0.009   0.039   0.039   0.039 )
2299.959: I:1 (   0.005   0.005   0.005 ) T:230 (   0.003   0.006   0.009   0.039   0.039   0.039 )
2309.957: I:1 (   0.005   0.005   0.005 ) T:231 (   0.003   0.006   0.009   0.039   0.039   0.039 )
2319.958: I:1 (   0.005   0.005   0.005 ) T:232 (   0.003   0.006   0.009   0.039   0.039   0.039 )
2329.959: I:1 (   0.004   0.004   0.004 ) T:233 (   0.003   0.006   0.009   0.039   0.039   0.039 )
2339.960: I:1 (   0.005   0.005   0.005 ) T:234 (   0.003   0.006   0.009   0.039   0.039   0.039 )
2349.959: I:1 (   0.005   0.005   0.005 ) T:235 (   0.003   0.006   0.009   0.039   0.039   0.039 )
2359.958: I:1 (   0.006   0.006   0.006 ) T:236 (   0.003   0.006   0.009   0.039   0.039   0.039 )
2369.958: I:1 (   0.005   0.005   0.005 ) T:237 (   0.003   0.006   0.009   0.039   0.039   0.039 )
2379.957: I:1 (   0.005   0.005   0.005 ) T:238 (   0.003   0.006   0.009   0.039   0.039   0.039 )
2389.960: I:1 (   0.005   0.005   0.005 ) T:239 (   0.003   0.006   0.009   0.039   0.039   0.039 )
2399.958: I:1 (   0.005   0.005   0.005 ) T:240 (   0.003   0.006   0.009   0.039   0.039   0.039 )
2409.959: I:1 (   0.005   0.005   0.005 ) T:241 (   0.003   0.006   0.009   0.039   0.039   0.039 )
2419.957: I:1 (   0.008   0.008   0.008 ) T:242 (   0.003   0.006   0.009   0.039   0.039   0.039 )
2429.957: I:1 (   0.005   0.005   0.005 ) T:243 (   0.003   0.006   0.009   0.039   0.039   0.039 )
2439.960: I:1 (   0.005   0.005   0.005 ) T:244 (   0.003   0.006   0.009   0.039   0.039   0.039 )
2449.964: I:1 (   0.005   0.005   0.005 ) T:245 (   0.003   0.006   0.009   0.039   0.039   0.039 )
2459.957: I:1 (   0.008   0.008   0.008 ) T:246 (   0.003   0.006   0.009   0.039   0.039   0.039 )
2469.960: I:1 (   0.005   0.005   0.005 ) T:247 (   0.003   0.006   0.009   0.039   0.039   0.039 )
2479.957: I:1 (   0.005   0.005   0.005 ) T:248 (   0.003   0.006   0.009   0.039   0.039   0.039 )
2489.960: I:1 (   0.005   0.005   0.005 ) T:249 (   0.003   0.006   0.009   0.039   0.039   0.039 )
2499.959: I:1 (   0.005   0.005   0.005 ) T:250 (   0.003   0.006   0.009   0.039   0.039   0.039 )
2509.959: I:1 (   0.005   0.005   0.005 ) T:251 (   0.003   0.006   0.009   0.039   0.039   0.039 )
2519.963: I:1 (   0.006   0.006   0.006 ) T:252 (   0.003   0.006   0.009   0.039   0.039   0.039 )
2529.959: I:1 (   0.007   0.007   0.007 ) T:253 (   0.003   0.006   0.009   0.039   0.039   0.039 )
2539.957: I:1 (   0.004   0.004   0.004 ) T:254 (   0.003   0.006   0.009   0.039   0.039   0.039 )
2549.959: I:1 (   0.005   0.005   0.005 ) T:255 (   0.003   0.006   0.009   0.039   0.039   0.039 )
2559.957: I:1 (   0.006   0.006   0.006 ) T:256 (   0.003   0.006   0.009   0.039   0.039   0.039 )
2569.957: I:1 (   0.005   0.005   0.005 ) T:257 (   0.003   0.006   0.009   0.039   0.039   0.039 )
2579.957: I:1 (   0.005   0.005   0.005 ) T:258 (   0.003   0.006   0.009   0.039   0.039   0.039 )
2589.959: I:1 (   0.005   0.005   0.005 ) T:259 (   0.003   0.006   0.009   0.039   0.039   0.039 )
2599.960: I:1 (   0.007   0.007   0.007 ) T:260 (   0.003   0.006   0.009   0.039   0.039   0.039 )
2609.959: I:1 (   0.005   0.005   0.005 ) T:261 (   0.004   0.006   0.009   0.039   0.039   0.039 )
2619.958: I:1 (   0.004   0.004   0.004 ) T:262 (   0.004   0.006   0.009   0.039   0.039   0.039 )
2629.958: I:1 (   0.005   0.005   0.005 ) T:263 (   0.004   0.006   0.009   0.039   0.039   0.039 )
2639.960: I:1 (   0.008   0.008   0.008 ) T:264 (   0.004   0.006   0.009   0.039   0.039   0.039 )
2649.960: I:1 (   0.005   0.005   0.005 ) T:265 (   0.004   0.006   0.009   0.039   0.039   0.039 )
2659.958: I:1 (   0.007   0.007   0.007 ) T:266 (   0.004   0.006   0.009   0.039   0.039   0.039 )
2669.960: I:1 (   0.006   0.006   0.006 ) T:267 (   0.004   0.006   0.009   0.039   0.039   0.039 )
2679.957: I:1 (   0.008   0.008   0.008 ) T:268 (   0.004   0.006   0.009   0.039   0.039   0.039 )
2689.959: I:1 (   0.005   0.005   0.005 ) T:269 (   0.004   0.006   0.009   0.039   0.039   0.039 )
2697.098: I:2 (   0.003   0.010   0.010 ) T:271 (   0.004   0.006   0.010   0.039   0.039   0.039 )
2697.140: I:0 (   0.000   0.000   0.000 ) T:271 (   0.004   0.006   0.010   0.039   0.039   0.039 )
