#[Interval percentile log between 0.000 and <Infinite> seconds (relative to StartTime)]
#[StartTime: 1524649258.322 (seconds since epoch), Wed Apr 25 11:40:58 CEST 2018]
Time: IntervalPercentiles:count ( 50% 90% Max ) TotalPercentiles:count ( 50% 90% 99% 99.9% 99.99% Max )
10.020: I:1 (   3.667   3.667   3.667 ) T:1 (   3.667   3.667   3.667   3.667   3.667   3.667 )
19.996: I:1 (   1.806   1.806   1.806 ) T:2 (   1.806   3.667   3.667   3.667   3.667   3.667 )
29.993: I:1 (   0.025   0.025   0.025 ) T:3 (   1.806   3.667   3.667   3.667   3.667   3.667 )
39.992: I:1 (   0.017   0.017   0.017 ) T:4 (   0.025   3.667   3.667   3.667   3.667   3.667 )
49.994: I:1 (   0.020   0.020   0.020 ) T:5 (   0.025   3.667   3.667   3.667   3.667   3.667 )
59.990: I:1 (   0.048   0.048   0.048 ) T:6 (   0.025   3.667   3.667   3.667   3.667   3.667 )
69.988: I:1 (   0.108   0.108   0.108 ) T:7 (   0.048   3.667   3.667   3.667   3.667   3.667 )
79.990: I:1 (   0.147   0.147   0.147 ) T:8 (   0.048   3.667   3.667   3.667   3.667   3.667 )
89.993: I:1 (   0.104   0.104   0.104 ) T:9 (   0.104   3.667   3.667   3.667   3.667   3.667 )
99.991: I:1 (   0.172   0.172   0.172 ) T:10 (   0.104   1.806   3.667   3.667   3.667   3.667 )
109.991: I:1 (   0.150   0.150   0.150 ) T:11 (   0.108   1.806   3.667   3.667   3.667   3.667 )
119.991: I:1 (   0.118   0.118   0.118 ) T:12 (   0.108   1.806   3.667   3.667   3.667   3.667 )
129.995: I:1 (   0.154   0.154   0.154 ) T:13 (   0.118   1.806   3.667   3.667   3.667   3.667 )
139.989: I:1 (   0.093   0.093   0.093 ) T:14 (   0.108   1.806   3.667   3.667   3.667   3.667 )
150.000: I:1 (   0.136   0.136   0.136 ) T:15 (   0.118   1.806   3.667   3.667   3.667   3.667 )
159.986: I:1 (   0.079   0.079   0.079 ) T:16 (   0.108   1.806   3.667   3.667   3.667   3.667 )
169.990: I:1 (   0.151   0.151   0.151 ) T:17 (   0.118   1.806   3.667   3.667   3.667   3.667 )
179.987: I:1 (   0.199   0.199   0.199 ) T:18 (   0.118   1.806   3.667   3.667   3.667   3.667 )
189.993: I:1 (   0.216   0.216   0.216 ) T:19 (   0.136   1.806   3.667   3.667   3.667   3.667 )
199.992: I:1 (   0.176   0.176   0.176 ) T:20 (   0.136   0.216   3.667   3.667   3.667   3.667 )
209.992: I:1 (   0.185   0.185   0.185 ) T:21 (   0.147   0.216   3.667   3.667   3.667   3.667 )
219.992: I:1 (   0.219   0.219   0.219 ) T:22 (   0.147   0.219   3.667   3.667   3.667   3.667 )
229.987: I:1 (   0.209   0.209   0.209 ) T:23 (   0.150   0.219   3.667   3.667   3.667   3.667 )
239.992: I:1 (   0.219   0.219   0.219 ) T:24 (   0.150   0.219   3.667   3.667   3.667   3.667 )
249.992: I:1 (   0.201   0.201   0.201 ) T:25 (   0.151   0.219   3.667   3.667   3.667   3.667 )
259.993: I:1 (   0.180   0.180   0.180 ) T:26 (   0.151   0.219   3.667   3.667   3.667   3.667 )
269.987: I:1 (   0.210   0.210   0.210 ) T:27 (   0.154   0.219   3.667   3.667   3.667   3.667 )
279.989: I:1 (   0.160   0.160   0.160 ) T:28 (   0.154   0.219   3.667   3.667   3.667   3.667 )
289.992: I:1 (   0.170   0.170   0.170 ) T:29 (   0.160   0.219   3.667   3.667   3.667   3.667 )
299.987: I:1 (   0.135   0.135   0.135 ) T:30 (   0.154   0.219   3.667   3.667   3.667   3.667 )
309.992: I:1 (   0.160   0.160   0.160 ) T:31 (   0.160   0.219   3.667   3.667   3.667   3.667 )
319.992: I:1 (   0.138   0.138   0.138 ) T:32 (   0.154   0.219   3.667   3.667   3.667   3.667 )
330.009: I:1 (   0.093   0.093   0.093 ) T:33 (   0.154   0.219   3.667   3.667   3.667   3.667 )
339.990: I:1 (   0.112   0.112   0.112 ) T:34 (   0.151   0.219   3.667   3.667   3.667   3.667 )
349.986: I:1 (   0.117   0.117   0.117 ) T:35 (   0.151   0.219   3.667   3.667   3.667   3.667 )
359.988: I:1 (   0.148   0.148   0.148 ) T:36 (   0.150   0.219   3.667   3.667   3.667   3.667 )
369.985: I:1 (   0.177   0.177   0.177 ) T:37 (   0.151   0.219   3.667   3.667   3.667   3.667 )
379.992: I:1 (   0.179   0.179   0.179 ) T:38 (   0.151   0.219   3.667   3.667   3.667   3.667 )
389.993: I:1 (   0.145   0.145   0.145 ) T:39 (   0.151   0.219   3.667   3.667   3.667   3.667 )
399.987: I:1 (   0.170   0.170   0.170 ) T:40 (   0.151   0.216   3.667   3.667   3.667   3.667 )
409.991: I:1 (   0.169   0.169   0.169 ) T:41 (   0.154   0.216   3.667   3.667   3.667   3.667 )
419.985: I:1 (   0.156   0.156   0.156 ) T:42 (   0.154   0.216   3.667   3.667   3.667   3.667 )
429.987: I:1 (   0.104   0.104   0.104 ) T:43 (   0.154   0.216   3.667   3.667   3.667   3.667 )
440.192: I:1 (   0.123   0.123   0.123 ) T:44 (   0.151   0.216   3.667   3.667   3.667   3.667 )
449.992: I:1 (   0.131   0.131   0.131 ) T:45 (   0.151   0.216   3.667   3.667   3.667   3.667 )
459.992: I:1 (   0.110   0.110   0.110 ) T:46 (   0.150   0.216   3.667   3.667   3.667   3.667 )
469.992: I:1 (   0.163   0.163   0.163 ) T:47 (   0.151   0.216   3.667   3.667   3.667   3.667 )
479.991: I:1 (   0.165   0.165   0.165 ) T:48 (   0.151   0.216   3.667   3.667   3.667   3.667 )
490.248: I:1 (   0.141   0.141   0.141 ) T:49 (   0.151   0.216   3.667   3.667   3.667   3.667 )
499.987: I:1 (   2.295   2.295   2.295 ) T:50 (   0.151   0.216   3.667   3.667   3.667   3.667 )
509.992: I:1 (   0.048   0.048   0.048 ) T:51 (   0.151   0.216   3.667   3.667   3.667   3.667 )
519.991: I:1 (   0.083   0.083   0.083 ) T:52 (   0.150   0.216   3.667   3.667   3.667   3.667 )
529.988: I:1 (   0.143   0.143   0.143 ) T:53 (   0.150   0.216   3.667   3.667   3.667   3.667 )
539.985: I:1 (   0.137   0.137   0.137 ) T:54 (   0.148   0.216   3.667   3.667   3.667   3.667 )
549.987: I:1 (   0.084   0.084   0.084 ) T:55 (   0.148   0.216   3.667   3.667   3.667   3.667 )
559.988: I:1 (   0.166   0.166   0.166 ) T:56 (   0.148   0.216   3.667   3.667   3.667   3.667 )
569.991: I:1 (   0.138   0.138   0.138 ) T:57 (   0.148   0.216   3.667   3.667   3.667   3.667 )
579.988: I:1 (   0.092   0.092   0.092 ) T:58 (   0.147   0.216   3.667   3.667   3.667   3.667 )
589.992: I:1 (   0.045   0.045   0.045 ) T:59 (   0.147   0.216   3.667   3.667   3.667   3.667 )
599.991: I:1 (   0.138   0.138   0.138 ) T:60 (   0.145   0.210   3.667   3.667   3.667   3.667 )
609.992: I:1 (   0.116   0.116   0.116 ) T:61 (   0.145   0.210   3.667   3.667   3.667   3.667 )
619.992: I:1 (   0.115   0.115   0.115 ) T:62 (   0.143   0.210   3.667   3.667   3.667   3.667 )
629.992: I:1 (   0.118   0.118   0.118 ) T:63 (   0.143   0.210   3.667   3.667   3.667   3.667 )
639.986: I:1 (   0.149   0.149   0.149 ) T:64 (   0.143   0.210   3.667   3.667   3.667   3.667 )
649.986: I:1 (   0.119   0.119   0.119 ) T:65 (   0.143   0.210   3.667   3.667   3.667   3.667 )
659.990: I:1 (   0.214   0.214   0.214 ) T:66 (   0.143   0.214   3.667   3.667   3.667   3.667 )
669.986: I:1 (   0.084   0.084   0.084 ) T:67 (   0.143   0.214   3.667   3.667   3.667   3.667 )
679.986: I:1 (   0.142   0.142   0.142 ) T:68 (   0.142   0.214   3.667   3.667   3.667   3.667 )
689.991: I:1 (   0.149   0.149   0.149 ) T:69 (   0.143   0.214   3.667   3.667   3.667   3.667 )
699.992: I:1 (   0.122   0.122   0.122 ) T:70 (   0.142   0.210   3.667   3.667   3.667   3.667 )
709.992: I:1 (   0.093   0.093   0.093 ) T:71 (   0.142   0.210   3.667   3.667   3.667   3.667 )
719.991: I:1 (   0.093   0.093   0.093 ) T:72 (   0.141   0.210   3.667   3.667   3.667   3.667 )
729.992: I:1 (   0.126   0.126   0.126 ) T:73 (   0.141   0.210   3.667   3.667   3.667   3.667 )
739.992: I:1 (   0.066   0.066   0.066 ) T:74 (   0.138   0.210   3.667   3.667   3.667   3.667 )
749.986: I:1 (   0.124   0.124   0.124 ) T:75 (   0.138   0.210   3.667   3.667   3.667   3.667 )
759.986: I:1 (   0.131   0.131   0.131 ) T:76 (   0.138   0.210   3.667   3.667   3.667   3.667 )
769.986: I:1 (   0.165   0.165   0.165 ) T:77 (   0.138   0.210   3.667   3.667   3.667   3.667 )
779.989: I:1 (   0.138   0.138   0.138 ) T:78 (   0.138   0.210   3.667   3.667   3.667   3.667 )
789.990: I:1 (   0.261   0.261   0.261 ) T:79 (   0.138   0.214   3.667   3.667   3.667   3.667 )
799.985: I:1 (   0.364   0.364   0.364 ) T:80 (   0.138   0.214   3.667   3.667   3.667   3.667 )
809.985: I:1 (   0.316   0.316   0.316 ) T:81 (   0.141   0.216   3.667   3.667   3.667   3.667 )
820.128: I:1 (   0.408   0.408   0.408 ) T:82 (   0.141   0.219   3.667   3.667   3.667   3.667 )
829.987: I:1 (   0.570   0.570   0.570 ) T:83 (   0.142   0.219   3.667   3.667   3.667   3.667 )
839.992: I:1 (   0.387   0.387   0.387 ) T:84 (   0.142   0.261   3.667   3.667   3.667   3.667 )
849.986: I:1 (   0.612   0.612   0.612 ) T:85 (   0.143   0.316   3.667   3.667   3.667   3.667 )
859.987: I:1 (   0.568   0.568   0.568 ) T:86 (   0.143   0.364   3.667   3.667   3.667   3.667 )
870.002: I:1 (   0.730   0.730   0.730 ) T:87 (   0.145   0.387   3.667   3.667   3.667   3.667 )
879.986: I:1 (   0.618   0.618   0.618 ) T:88 (   0.145   0.408   3.667   3.667   3.667   3.667 )
889.989: I:1 (   0.659   0.659   0.659 ) T:89 (   0.147   0.568   3.667   3.667   3.667   3.667 )
899.989: I:1 (   0.659   0.659   0.659 ) T:90 (   0.147   0.568   3.667   3.667   3.667   3.667 )
909.991: I:1 (   0.452   0.452   0.452 ) T:91 (   0.148   0.568   3.667   3.667   3.667   3.667 )
919.988: I:1 (   0.505   0.505   0.505 ) T:92 (   0.148   0.568   3.667   3.667   3.667   3.667 )
929.986: I:1 (   0.390   0.390   0.390 ) T:93 (   0.149   0.568   3.667   3.667   3.667   3.667 )
940.015: I:1 (   0.265   0.265   0.265 ) T:94 (   0.149   0.568   3.667   3.667   3.667   3.667 )
949.989: I:1 (   0.236   0.236   0.236 ) T:95 (   0.149   0.568   3.667   3.667   3.667   3.667 )
959.992: I:1 (   2.547   2.547   2.547 ) T:96 (   0.149   0.570   3.667   3.667   3.667   3.667 )
969.989: I:1 (   0.072   0.072   0.072 ) T:97 (   0.149   0.570   3.667   3.667   3.667   3.667 )
979.992: I:1 (   0.124   0.124   0.124 ) T:98 (   0.149   0.570   3.667   3.667   3.667   3.667 )
989.987: I:1 (   0.091   0.091   0.091 ) T:99 (   0.149   0.570   3.667   3.667   3.667   3.667 )
999.990: I:1 (   0.146   0.146   0.146 ) T:100 (   0.148   0.568   2.547   3.667   3.667   3.667 )
1009.987: I:1 (   0.110   0.110   0.110 ) T:101 (   0.148   0.568   2.547   3.667   3.667   3.667 )
1019.988: I:1 (   0.166   0.166   0.166 ) T:102 (   0.148   0.568   2.547   3.667   3.667   3.667 )
1029.991: I:1 (   0.169   0.169   0.169 ) T:103 (   0.149   0.568   2.547   3.667   3.667   3.667 )
1039.988: I:1 (   0.188   0.188   0.188 ) T:104 (   0.149   0.568   2.547   3.667   3.667   3.667 )
1049.987: I:1 (   0.138   0.138   0.138 ) T:105 (   0.149   0.568   2.547   3.667   3.667   3.667 )
1059.986: I:1 (   0.304   0.304   0.304 ) T:106 (   0.149   0.568   2.547   3.667   3.667   3.667 )
1069.992: I:1 (   0.467   0.467   0.467 ) T:107 (   0.149   0.568   2.547   3.667   3.667   3.667 )
1079.986: I:1 (   0.406   0.406   0.406 ) T:108 (   0.149   0.568   2.547   3.667   3.667   3.667 )
1090.079: I:1 (   0.483   0.483   0.483 ) T:109 (   0.150   0.568   2.547   3.667   3.667   3.667 )
1099.992: I:1 (   0.551   0.551   0.551 ) T:110 (   0.150   0.551   2.547   3.667   3.667   3.667 )
1109.990: I:1 (   0.290   0.290   0.290 ) T:111 (   0.151   0.551   2.547   3.667   3.667   3.667 )
1119.990: I:1 (   0.299   0.299   0.299 ) T:112 (   0.151   0.551   2.547   3.667   3.667   3.667 )
1130.088: I:1 (   0.595   0.595   0.595 ) T:113 (   0.154   0.568   2.547   3.667   3.667   3.667 )
1139.986: I:1 (   0.612   0.612   0.612 ) T:114 (   0.154   0.570   2.547   3.667   3.667   3.667 )
1149.993: I:1 (   0.301   0.301   0.301 ) T:115 (   0.156   0.570   2.547   3.667   3.667   3.667 )
1159.986: I:1 (   0.705   0.705   0.705 ) T:116 (   0.156   0.595   2.547   3.667   3.667   3.667 )
1169.986: I:1 (   0.648   0.648   0.648 ) T:117 (   0.160   0.612   2.547   3.667   3.667   3.667 )
1179.992: I:1 (   0.637   0.637   0.637 ) T:118 (   0.160   0.612   2.547   3.667   3.667   3.667 )
1189.992: I:1 (   0.553   0.553   0.553 ) T:119 (   0.160   0.612   2.547   3.667   3.667   3.667 )
1199.987: I:1 (   0.553   0.553   0.553 ) T:120 (   0.160   0.612   2.547   3.667   3.667   3.667 )
1209.992: I:1 (   0.199   0.199   0.199 ) T:121 (   0.163   0.612   2.547   3.667   3.667   3.667 )
1219.992: I:1 (   0.367   0.367   0.367 ) T:122 (   0.163   0.612   2.547   3.667   3.667   3.667 )
1229.989: I:1 (   0.128   0.128   0.128 ) T:123 (   0.163   0.612   2.547   3.667   3.667   3.667 )
1239.986: I:1 (   0.233   0.233   0.233 ) T:124 (   0.163   0.612   2.547   3.667   3.667   3.667 )
1249.992: I:1 (   0.245   0.245   0.245 ) T:125 (   0.165   0.612   2.547   3.667   3.667   3.667 )
1259.988: I:1 (   0.093   0.093   0.093 ) T:126 (   0.163   0.612   2.547   3.667   3.667   3.667 )
1269.985: I:1 (   0.199   0.199   0.199 ) T:127 (   0.165   0.612   2.547   3.667   3.667   3.667 )
1279.986: I:1 (   0.192   0.192   0.192 ) T:128 (   0.165   0.612   2.547   3.667   3.667   3.667 )
1289.992: I:1 (   0.192   0.192   0.192 ) T:129 (   0.165   0.612   2.547   3.667   3.667   3.667 )
1299.986: I:1 (   0.098   0.098   0.098 ) T:130 (   0.165   0.595   2.547   3.667   3.667   3.667 )
1309.990: I:1 (   0.203   0.203   0.203 ) T:131 (   0.165   0.595   2.547   3.667   3.667   3.667 )
1319.987: I:1 (   0.108   0.108   0.108 ) T:132 (   0.165   0.595   2.547   3.667   3.667   3.667 )
1329.986: I:1 (   0.239   0.239   0.239 ) T:133 (   0.165   0.595   2.547   3.667   3.667   3.667 )
1339.991: I:1 (   0.137   0.137   0.137 ) T:134 (   0.165   0.595   2.547   3.667   3.667   3.667 )
1349.992: I:1 (   0.345   0.345   0.345 ) T:135 (   0.165   0.595   2.547   3.667   3.667   3.667 )
1359.992: I:1 (   0.228   0.228   0.228 ) T:136 (   0.165   0.595   2.547   3.667   3.667   3.667 )
1369.987: I:1 (   0.249   0.249   0.249 ) T:137 (   0.166   0.595   2.547   3.667   3.667   3.667 )
1379.992: I:1 (   0.593   0.593   0.593 ) T:138 (   0.166   0.595   2.547   3.667   3.667   3.667 )
1390.024: I:1 (   0.350   0.350   0.350 ) T:139 (   0.166   0.595   2.547   3.667   3.667   3.667 )
1399.985: I:1 (   0.371   0.371   0.371 ) T:140 (   0.166   0.593   2.547   3.667   3.667   3.667 )
1409.991: I:1 (   0.403   0.403   0.403 ) T:141 (   0.169   0.593   2.547   3.667   3.667   3.667 )
1419.992: I:1 (   0.431   0.431   0.431 ) T:142 (   0.169   0.593   2.547   3.667   3.667   3.667 )
1429.987: I:1 (   0.477   0.477   0.477 ) T:143 (   0.169   0.593   2.547   3.667   3.667   3.667 )
1440.438: I:1 (   0.488   0.488   0.488 ) T:144 (   0.169   0.593   2.547   3.667   3.667   3.667 )
1449.988: I:1 (   1.058   1.058   1.058 ) T:145 (   0.170   0.595   2.547   3.667   3.667   3.667 )
1459.990: I:1 (   0.400   0.400   0.400 ) T:146 (   0.170   0.595   2.547   3.667   3.667   3.667 )
1469.986: I:1 (   0.375   0.375   0.375 ) T:147 (   0.170   0.595   2.547   3.667   3.667   3.667 )
1479.989: I:1 (   0.364   0.364   0.364 ) T:148 (   0.170   0.595   2.547   3.667   3.667   3.667 )
1489.986: I:1 (   0.646   0.646   0.646 ) T:149 (   0.172   0.612   2.547   3.667   3.667   3.667 )
1499.986: I:1 (   0.391   0.391   0.391 ) T:150 (   0.172   0.595   2.547   3.667   3.667   3.667 )
1509.986: I:1 (   0.364   0.364   0.364 ) T:151 (   0.176   0.595   2.547   3.667   3.667   3.667 )
1519.992: I:1 (   0.192   0.192   0.192 ) T:152 (   0.176   0.595   2.547   3.667   3.667   3.667 )
1529.989: I:1 (   3.149   3.149   3.149 ) T:153 (   0.177   0.612   3.149   3.667   3.667   3.667 )
1539.989: I:1 (   0.019   0.019   0.019 ) T:154 (   0.176   0.612   3.149   3.667   3.667   3.667 )
1549.989: I:1 (   0.058   0.058   0.058 ) T:155 (   0.176   0.612   3.149   3.667   3.667   3.667 )
1559.987: I:1 (   0.037   0.037   0.037 ) T:156 (   0.172   0.612   3.149   3.667   3.667   3.667 )
1569.986: I:1 (   0.045   0.045   0.045 ) T:157 (   0.172   0.612   3.149   3.667   3.667   3.667 )
1579.992: I:1 (   0.056   0.056   0.056 ) T:158 (   0.170   0.612   3.149   3.667   3.667   3.667 )
1589.992: I:1 (   0.061   0.061   0.061 ) T:159 (   0.170   0.612   3.149   3.667   3.667   3.667 )
1599.988: I:1 (   0.164   0.164   0.164 ) T:160 (   0.170   0.595   3.149   3.667   3.667   3.667 )
1609.991: I:1 (   0.134   0.134   0.134 ) T:161 (   0.170   0.595   3.149   3.667   3.667   3.667 )
1619.988: I:1 (   0.157   0.157   0.157 ) T:162 (   0.169   0.595   3.149   3.667   3.667   3.667 )
1629.992: I:1 (   0.186   0.186   0.186 ) T:163 (   0.170   0.595   3.149   3.667   3.667   3.667 )
1639.994: I:1 (   0.000   0.000   0.000 ) T:164 (   0.169   0.595   3.149   3.667   3.667   3.667 )
1649.990: I:1 (   0.184   0.184   0.184 ) T:165 (   0.170   0.595   3.149   3.667   3.667   3.667 )
1659.987: I:1 (   0.177   0.177   0.177 ) T:166 (   0.170   0.595   3.149   3.667   3.667   3.667 )
1669.986: I:1 (   0.167   0.167   0.167 ) T:167 (   0.170   0.595   3.149   3.667   3.667   3.667 )
1679.986: I:1 (   0.338   0.338   0.338 ) T:168 (   0.170   0.595   3.149   3.667   3.667   3.667 )
1689.989: I:1 (   0.159   0.159   0.159 ) T:169 (   0.170   0.595   3.149   3.667   3.667   3.667 )
1699.986: I:1 (   0.170   0.170   0.170 ) T:170 (   0.170   0.593   3.149   3.667   3.667   3.667 )
1709.986: I:1 (   0.163   0.163   0.163 ) T:171 (   0.170   0.593   3.149   3.667   3.667   3.667 )
1719.986: I:1 (   0.182   0.182   0.182 ) T:172 (   0.170   0.593   3.149   3.667   3.667   3.667 )
1729.989: I:1 (   0.172   0.172   0.172 ) T:173 (   0.170   0.593   3.149   3.667   3.667   3.667 )
1739.992: I:1 (   0.320   0.320   0.320 ) T:174 (   0.170   0.593   3.149   3.667   3.667   3.667 )
1749.987: I:1 (   0.000   0.000   0.000 ) T:175 (   0.170   0.593   3.149   3.667   3.667   3.667 )
1759.989: I:1 (   0.318   0.318   0.318 ) T:176 (   0.170   0.593   3.149   3.667   3.667   3.667 )
1769.990: I:1 (   0.000   0.000   0.000 ) T:177 (   0.170   0.593   3.149   3.667   3.667   3.667 )
1779.992: I:1 (   0.295   0.295   0.295 ) T:178 (   0.170   0.593   3.149   3.667   3.667   3.667 )
1789.987: I:1 (   0.152   0.152   0.152 ) T:179 (   0.170   0.593   3.149   3.667   3.667   3.667 )
1799.987: I:1 (   0.000   0.000   0.000 ) T:180 (   0.170   0.570   3.149   3.667   3.667   3.667 )
1809.989: I:1 (   0.315   0.315   0.315 ) T:181 (   0.170   0.570   3.149   3.667   3.667   3.667 )
1819.990: I:1 (   0.164   0.164   0.164 ) T:182 (   0.170   0.570   3.149   3.667   3.667   3.667 )
1829.992: I:1 (   0.145   0.145   0.145 ) T:183 (   0.170   0.570   3.149   3.667   3.667   3.667 )
1839.991: I:1 (   0.158   0.158   0.158 ) T:184 (   0.169   0.570   3.149   3.667   3.667   3.667 )
1849.988: I:1 (   0.157   0.157   0.157 ) T:185 (   0.169   0.570   3.149   3.667   3.667   3.667 )
1859.986: I:1 (   0.146   0.146   0.146 ) T:186 (   0.169   0.570   3.149   3.667   3.667   3.667 )
1869.988: I:1 (   0.103   0.103   0.103 ) T:187 (   0.169   0.570   3.149   3.667   3.667   3.667 )
1879.985: I:1 (   0.114   0.114   0.114 ) T:188 (   0.167   0.570   3.149   3.667   3.667   3.667 )
1889.992: I:1 (   0.111   0.111   0.111 ) T:189 (   0.167   0.570   3.149   3.667   3.667   3.667 )
1899.986: I:1 (   0.125   0.125   0.125 ) T:190 (   0.166   0.568   3.149   3.667   3.667   3.667 )
1909.989: I:1 (   0.120   0.120   0.120 ) T:191 (   0.166   0.568   3.149   3.667   3.667   3.667 )
1919.988: I:1 (   0.124   0.124   0.124 ) T:192 (   0.166   0.568   3.149   3.667   3.667   3.667 )
1929.985: I:1 (   0.131   0.131   0.131 ) T:193 (   0.166   0.568   3.149   3.667   3.667   3.667 )
1939.989: I:1 (   0.133   0.133   0.133 ) T:194 (   0.165   0.568   3.149   3.667   3.667   3.667 )
1949.992: I:1 (   0.128   0.128   0.128 ) T:195 (   0.165   0.568   3.149   3.667   3.667   3.667 )
1959.988: I:1 (   0.129   0.129   0.129 ) T:196 (   0.165   0.568   3.149   3.667   3.667   3.667 )
1969.992: I:1 (   0.129   0.129   0.129 ) T:197 (   0.165   0.568   3.149   3.667   3.667   3.667 )
1979.993: I:1 (   0.132   0.132   0.132 ) T:198 (   0.164   0.568   3.149   3.667   3.667   3.667 )
1989.986: I:1 (   0.000   0.000   0.000 ) T:199 (   0.164   0.568   3.149   3.667   3.667   3.667 )
1999.992: I:1 (   0.260   0.260   0.260 ) T:200 (   0.164   0.553   2.547   3.667   3.667   3.667 )
2009.989: I:1 (   0.000   0.000   0.000 ) T:201 (   0.164   0.553   2.547   3.667   3.667   3.667 )
2019.987: I:1 (   0.153   0.153   0.153 ) T:202 (   0.164   0.553   2.547   3.667   3.667   3.667 )
2030.702: I:1 (   0.243   0.243   0.243 ) T:203 (   0.164   0.553   2.547   3.667   3.667   3.667 )
2039.990: I:1 (   0.255   0.255   0.255 ) T:204 (   0.164   0.553   2.547   3.667   3.667   3.667 )
2049.992: I:1 (   0.260   0.260   0.260 ) T:205 (   0.165   0.553   2.547   3.667   3.667   3.667 )
2059.987: I:1 (   0.260   0.260   0.260 ) T:206 (   0.165   0.553   2.547   3.667   3.667   3.667 )
2069.992: I:1 (   0.261   0.261   0.261 ) T:207 (   0.165   0.553   2.547   3.667   3.667   3.667 )
2079.991: I:1 (   0.261   0.261   0.261 ) T:208 (   0.165   0.553   2.547   3.667   3.667   3.667 )
2089.992: I:1 (   0.000   0.000   0.000 ) T:209 (   0.165   0.553   2.547   3.667   3.667   3.667 )
2099.988: I:1 (   0.266   0.266   0.266 ) T:210 (   0.165   0.553   2.547   3.667   3.667   3.667 )
2109.985: I:1 (   0.256   0.256   0.256 ) T:211 (   0.166   0.553   2.547   3.667   3.667   3.667 )
2119.986: I:1 (   0.266   0.266   0.266 ) T:212 (   0.166   0.553   2.547   3.667   3.667   3.667 )
2129.991: I:1 (   0.269   0.269   0.269 ) T:213 (   0.166   0.553   2.547   3.667   3.667   3.667 )
2139.985: I:1 (   0.272   0.272   0.272 ) T:214 (   0.166   0.553   2.547   3.667   3.667   3.667 )
2149.991: I:1 (   0.274   0.274   0.274 ) T:215 (   0.167   0.553   2.547   3.667   3.667   3.667 )
2159.992: I:1 (   0.281   0.281   0.281 ) T:216 (   0.167   0.553   2.547   3.667   3.667   3.667 )
2169.992: I:1 (   0.000   0.000   0.000 ) T:217 (   0.167   0.553   2.547   3.667   3.667   3.667 )
2179.990: I:1 (   0.265   0.265   0.265 ) T:218 (   0.167   0.553   2.547   3.667   3.667   3.667 )
2189.986: I:1 (   0.280   0.280   0.280 ) T:219 (   0.169   0.553   2.547   3.667   3.667   3.667 )
2199.986: I:1 (   0.000   0.000   0.000 ) T:220 (   0.167   0.551   2.547   3.667   3.667   3.667 )
2209.986: I:1 (   0.279   0.279   0.279 ) T:221 (   0.169   0.551   2.547   3.667   3.667   3.667 )
2219.991: I:1 (   0.281   0.281   0.281 ) T:222 (   0.169   0.551   2.547   3.667   3.667   3.667 )
2229.992: I:1 (   0.284   0.284   0.284 ) T:223 (   0.169   0.551   2.547   3.667   3.667   3.667 )
2240.195: I:1 (   0.286   0.286   0.286 ) T:224 (   0.169   0.551   2.547   3.667   3.667   3.667 )
2249.992: I:1 (   0.277   0.277   0.277 ) T:225 (   0.170   0.551   2.547   3.667   3.667   3.667 )
2259.989: I:1 (   0.000   0.000   0.000 ) T:226 (   0.169   0.551   2.547   3.667   3.667   3.667 )
2269.989: I:1 (   0.289   0.289   0.289 ) T:227 (   0.170   0.551   2.547   3.667   3.667   3.667 )
2279.992: I:1 (   0.296   0.296   0.296 ) T:228 (   0.170   0.551   2.547   3.667   3.667   3.667 )
2289.992: I:1 (   0.000   0.000   0.000 ) T:229 (   0.170   0.551   2.547   3.667   3.667   3.667 )
2299.986: I:1 (   0.296   0.296   0.296 ) T:230 (   0.170   0.505   2.547   3.667   3.667   3.667 )
2309.991: I:1 (   0.000   0.000   0.000 ) T:231 (   0.170   0.505   2.547   3.667   3.667   3.667 )
2319.988: I:1 (   0.299   0.299   0.299 ) T:232 (   0.170   0.505   2.547   3.667   3.667   3.667 )
2329.989: I:1 (   0.304   0.304   0.304 ) T:233 (   0.170   0.505   2.547   3.667   3.667   3.667 )
2339.992: I:1 (   0.000   0.000   0.000 ) T:234 (   0.170   0.505   2.547   3.667   3.667   3.667 )
2349.992: I:1 (   0.305   0.305   0.305 ) T:235 (   0.170   0.505   2.547   3.667   3.667   3.667 )
2359.987: I:1 (   0.309   0.309   0.309 ) T:236 (   0.170   0.505   2.547   3.667   3.667   3.667 )
2369.989: I:1 (   0.315   0.315   0.315 ) T:237 (   0.170   0.505   2.547   3.667   3.667   3.667 )
2379.989: I:1 (   0.317   0.317   0.317 ) T:238 (   0.170   0.505   2.547   3.667   3.667   3.667 )
2389.989: I:1 (   0.000   0.000   0.000 ) T:239 (   0.170   0.505   2.547   3.667   3.667   3.667 )
2399.991: I:1 (   0.317   0.317   0.317 ) T:240 (   0.170   0.488   2.547   3.667   3.667   3.667 )
2409.993: I:1 (   0.000   0.000   0.000 ) T:241 (   0.170   0.488   2.547   3.667   3.667   3.667 )
2419.986: I:1 (   5.147   5.147   5.147 ) T:242 (   0.170   0.505   3.149   5.147   5.147   5.147 )
2429.991: I:1 (   0.000   0.000   0.000 ) T:243 (   0.170   0.505   3.149   5.147   5.147   5.147 )
2439.992: I:1 (   0.436   0.436   0.436 ) T:244 (   0.170   0.505   3.149   5.147   5.147   5.147 )
2449.986: I:1 (   0.221   0.221   0.221 ) T:245 (   0.172   0.505   3.149   5.147   5.147   5.147 )
2459.990: I:1 (   0.000   0.000   0.000 ) T:246 (   0.170   0.505   3.149   5.147   5.147   5.147 )
2469.986: I:1 (   0.226   0.226   0.226 ) T:247 (   0.172   0.505   3.149   5.147   5.147   5.147 )
2479.991: I:1 (   0.241   0.241   0.241 ) T:248 (   0.172   0.505   3.149   5.147   5.147   5.147 )
2489.992: I:1 (   0.000   0.000   0.000 ) T:249 (   0.172   0.505   3.149   5.147   5.147   5.147 )
2499.989: I:1 (   0.257   0.257   0.257 ) T:250 (   0.172   0.488   3.149   5.147   5.147   5.147 )
2510.270: I:1 (   0.273   0.273   0.273 ) T:251 (   0.172   0.488   3.149   5.147   5.147   5.147 )
2519.992: I:1 (   0.282   0.282   0.282 ) T:252 (   0.172   0.488   3.149   5.147   5.147   5.147 )
2529.987: I:1 (   0.000   0.000   0.000 ) T:253 (   0.172   0.488   3.149   5.147   5.147   5.147 )
2539.989: I:1 (   0.300   0.300   0.300 ) T:254 (   0.172   0.488   3.149   5.147   5.147   5.147 )
2549.989: I:1 (   0.306   0.306   0.306 ) T:255 (   0.176   0.488   3.149   5.147   5.147   5.147 )
2559.987: I:1 (   0.000   0.000   0.000 ) T:256 (   0.172   0.488   3.149   5.147   5.147   5.147 )
2569.992: I:1 (   0.325   0.325   0.325 ) T:257 (   0.176   0.488   3.149   5.147   5.147   5.147 )
2579.988: I:1 (   0.000   0.000   0.000 ) T:258 (   0.172   0.488   3.149   5.147   5.147   5.147 )
2589.991: I:1 (   0.335   0.335   0.335 ) T:259 (   0.176   0.488   3.149   5.147   5.147   5.147 )
2599.988: I:1 (   0.352   0.352   0.352 ) T:260 (   0.176   0.483   3.149   5.147   5.147   5.147 )
2609.991: I:1 (   0.373   0.373   0.373 ) T:261 (   0.177   0.483   3.149   5.147   5.147   5.147 )
2619.990: I:1 (   0.000   0.000   0.000 ) T:262 (   0.176   0.483   3.149   5.147   5.147   5.147 )
2629.992: I:1 (   0.394   0.394   0.394 ) T:263 (   0.177   0.483   3.149   5.147   5.147   5.147 )
2639.987: I:1 (   0.419   0.419   0.419 ) T:264 (   0.177   0.483   3.149   5.147   5.147   5.147 )
2649.992: I:1 (   0.000   0.000   0.000 ) T:265 (   0.177   0.483   3.149   5.147   5.147   5.147 )
2659.986: I:1 (   0.443   0.443   0.443 ) T:266 (   0.177   0.483   3.149   5.147   5.147   5.147 )
2669.992: I:1 (   0.365   0.365   0.365 ) T:267 (   0.177   0.483   3.149   5.147   5.147   5.147 )
2680.374: I:1 (   0.367   0.367   0.367 ) T:268 (   0.177   0.483   3.149   5.147   5.147   5.147 )
2689.990: I:1 (   0.000   0.000   0.000 ) T:269 (   0.177   0.483   3.149   5.147   5.147   5.147 )
2699.987: I:1 (   0.361   0.361   0.361 ) T:270 (   0.177   0.477   3.149   5.147   5.147   5.147 )
2709.986: I:1 (   0.000   0.000   0.000 ) T:271 (   0.177   0.477   3.149   5.147   5.147   5.147 )
2719.985: I:1 (   0.366   0.366   0.366 ) T:272 (   0.177   0.477   3.149   5.147   5.147   5.147 )
2729.985: I:1 (   0.366   0.366   0.366 ) T:273 (   0.179   0.477   3.149   5.147   5.147   5.147 )
2739.992: I:1 (   0.365   0.365   0.365 ) T:274 (   0.179   0.477   3.149   5.147   5.147   5.147 )
2749.987: I:1 (   0.000   0.000   0.000 ) T:275 (   0.179   0.477   3.149   5.147   5.147   5.147 )
2759.990: I:1 (   0.365   0.365   0.365 ) T:276 (   0.179   0.477   3.149   5.147   5.147   5.147 )
2769.989: I:1 (   0.347   0.347   0.347 ) T:277 (   0.180   0.477   3.149   5.147   5.147   5.147 )
2779.988: I:1 (   0.000   0.000   0.000 ) T:278 (   0.179   0.477   3.149   5.147   5.147   5.147 )
2789.991: I:1 (   0.363   0.363   0.363 ) T:279 (   0.180   0.477   3.149   5.147   5.147   5.147 )
2799.992: I:1 (   0.349   0.349   0.349 ) T:280 (   0.180   0.467   3.149   5.147   5.147   5.147 )
2809.989: I:1 (   0.000   0.000   0.000 ) T:281 (   0.180   0.467   3.149   5.147   5.147   5.147 )
2819.993: I:1 (   0.361   0.361   0.361 ) T:282 (   0.180   0.467   3.149   5.147   5.147   5.147 )
2829.989: I:1 (   0.366   0.366   0.366 ) T:283 (   0.182   0.467   3.149   5.147   5.147   5.147 )
2840.047: I:1 (   0.360   0.360   0.360 ) T:284 (   0.182   0.467   3.149   5.147   5.147   5.147 )
2849.990: I:1 (   0.359   0.359   0.359 ) T:285 (   0.184   0.467   3.149   5.147   5.147   5.147 )
2859.986: I:1 (   0.000   0.000   0.000 ) T:286 (   0.182   0.467   3.149   5.147   5.147   5.147 )
2869.990: I:1 (   0.357   0.357   0.357 ) T:287 (   0.184   0.467   3.149   5.147   5.147   5.147 )
2879.986: I:1 (   0.365   0.365   0.365 ) T:288 (   0.184   0.467   3.149   5.147   5.147   5.147 )
2889.991: I:1 (   0.362   0.362   0.362 ) T:289 (   0.185   0.467   3.149   5.147   5.147   5.147 )
2899.992: I:1 (   0.000   0.000   0.000 ) T:290 (   0.184   0.452   3.149   5.147   5.147   5.147 )
2905.593: I:2 (   0.000   0.360   0.360 ) T:292 (   0.184   0.452   3.149   5.147   5.147   5.147 )
2905.625: I:0 (   0.000   0.000   0.000 ) T:292 (   0.184   0.452   3.149   5.147   5.147   5.147 )
