#[Interval percentile log between 0.000 and <Infinite> seconds (relative to StartTime)]
#[StartTime: 1524649261.279 (seconds since epoch), Wed Apr 25 11:41:01 CEST 2018]
Time: IntervalPercentiles:count ( 50% 90% Max ) TotalPercentiles:count ( 50% 90% 99% 99.9% 99.99% Max )
7.069: I:1 ( 2975.743 2975.743 2975.743 ) T:1 ( 2975.743 2975.743 2975.743 2975.743 2975.743 2975.743 )
17.043: I:0 (   0.000   0.000   0.000 ) T:1 ( 2975.743 2975.743 2975.743 2975.743 2975.743 2975.743 )
27.039: I:0 (   0.000   0.000   0.000 ) T:1 ( 2975.743 2975.743 2975.743 2975.743 2975.743 2975.743 )
37.038: I:0 (   0.000   0.000   0.000 ) T:1 ( 2975.743 2975.743 2975.743 2975.743 2975.743 2975.743 )
47.039: I:0 (   0.000   0.000   0.000 ) T:1 ( 2975.743 2975.743 2975.743 2975.743 2975.743 2975.743 )
57.036: I:0 (   0.000   0.000   0.000 ) T:1 ( 2975.743 2975.743 2975.743 2975.743 2975.743 2975.743 )
67.034: I:0 (   0.000   0.000   0.000 ) T:1 ( 2975.743 2975.743 2975.743 2975.743 2975.743 2975.743 )
77.035: I:0 (   0.000   0.000   0.000 ) T:1 ( 2975.743 2975.743 2975.743 2975.743 2975.743 2975.743 )
87.038: I:0 (   0.000   0.000   0.000 ) T:1 ( 2975.743 2975.743 2975.743 2975.743 2975.743 2975.743 )
97.038: I:0 (   0.000   0.000   0.000 ) T:1 ( 2975.743 2975.743 2975.743 2975.743 2975.743 2975.743 )
107.037: I:0 (   0.000   0.000   0.000 ) T:1 ( 2975.743 2975.743 2975.743 2975.743 2975.743 2975.743 )
117.036: I:0 (   0.000   0.000   0.000 ) T:1 ( 2975.743 2975.743 2975.743 2975.743 2975.743 2975.743 )
127.041: I:0 (   0.000   0.000   0.000 ) T:1 ( 2975.743 2975.743 2975.743 2975.743 2975.743 2975.743 )
137.037: I:0 (   0.000   0.000   0.000 ) T:1 ( 2975.743 2975.743 2975.743 2975.743 2975.743 2975.743 )
147.045: I:0 (   0.000   0.000   0.000 ) T:1 ( 2975.743 2975.743 2975.743 2975.743 2975.743 2975.743 )
157.031: I:0 (   0.000   0.000   0.000 ) T:1 ( 2975.743 2975.743 2975.743 2975.743 2975.743 2975.743 )
167.036: I:0 (   0.000   0.000   0.000 ) T:1 ( 2975.743 2975.743 2975.743 2975.743 2975.743 2975.743 )
177.032: I:0 (   0.000   0.000   0.000 ) T:1 ( 2975.743 2975.743 2975.743 2975.743 2975.743 2975.743 )
187.040: I:0 (   0.000   0.000   0.000 ) T:1 ( 2975.743 2975.743 2975.743 2975.743 2975.743 2975.743 )
197.037: I:0 (   0.000   0.000   0.000 ) T:1 ( 2975.743 2975.743 2975.743 2975.743 2975.743 2975.743 )
207.039: I:0 (   0.000   0.000   0.000 ) T:1 ( 2975.743 2975.743 2975.743 2975.743 2975.743 2975.743 )
217.038: I:0 (   0.000   0.000   0.000 ) T:1 ( 2975.743 2975.743 2975.743 2975.743 2975.743 2975.743 )
227.032: I:0 (   0.000   0.000   0.000 ) T:1 ( 2975.743 2975.743 2975.743 2975.743 2975.743 2975.743 )
237.037: I:0 (   0.000   0.000   0.000 ) T:1 ( 2975.743 2975.743 2975.743 2975.743 2975.743 2975.743 )
247.038: I:0 (   0.000   0.000   0.000 ) T:1 ( 2975.743 2975.743 2975.743 2975.743 2975.743 2975.743 )
257.038: I:0 (   0.000   0.000   0.000 ) T:1 ( 2975.743 2975.743 2975.743 2975.743 2975.743 2975.743 )
267.032: I:0 (   0.000   0.000   0.000 ) T:1 ( 2975.743 2975.743 2975.743 2975.743 2975.743 2975.743 )
277.035: I:0 (   0.000   0.000   0.000 ) T:1 ( 2975.743 2975.743 2975.743 2975.743 2975.743 2975.743 )
287.037: I:0 (   0.000   0.000   0.000 ) T:1 ( 2975.743 2975.743 2975.743 2975.743 2975.743 2975.743 )
297.033: I:0 (   0.000   0.000   0.000 ) T:1 ( 2975.743 2975.743 2975.743 2975.743 2975.743 2975.743 )
307.038: I:0 (   0.000   0.000   0.000 ) T:1 ( 2975.743 2975.743 2975.743 2975.743 2975.743 2975.743 )
317.039: I:0 (   0.000   0.000   0.000 ) T:1 ( 2975.743 2975.743 2975.743 2975.743 2975.743 2975.743 )
327.055: I:0 (   0.000   0.000   0.000 ) T:1 ( 2975.743 2975.743 2975.743 2975.743 2975.743 2975.743 )
337.036: I:0 (   0.000   0.000   0.000 ) T:1 ( 2975.743 2975.743 2975.743 2975.743 2975.743 2975.743 )
347.032: I:0 (   0.000   0.000   0.000 ) T:1 ( 2975.743 2975.743 2975.743 2975.743 2975.743 2975.743 )
357.034: I:0 (   0.000   0.000   0.000 ) T:1 ( 2975.743 2975.743 2975.743 2975.743 2975.743 2975.743 )
367.031: I:0 (   0.000   0.000   0.000 ) T:1 ( 2975.743 2975.743 2975.743 2975.743 2975.743 2975.743 )
377.038: I:0 (   0.000   0.000   0.000 ) T:1 ( 2975.743 2975.743 2975.743 2975.743 2975.743 2975.743 )
387.038: I:0 (   0.000   0.000   0.000 ) T:1 ( 2975.743 2975.743 2975.743 2975.743 2975.743 2975.743 )
397.033: I:0 (   0.000   0.000   0.000 ) T:1 ( 2975.743 2975.743 2975.743 2975.743 2975.743 2975.743 )
407.036: I:0 (   0.000   0.000   0.000 ) T:1 ( 2975.743 2975.743 2975.743 2975.743 2975.743 2975.743 )
417.031: I:0 (   0.000   0.000   0.000 ) T:1 ( 2975.743 2975.743 2975.743 2975.743 2975.743 2975.743 )
427.031: I:0 (   0.000   0.000   0.000 ) T:1 ( 2975.743 2975.743 2975.743 2975.743 2975.743 2975.743 )
437.237: I:0 (   0.000   0.000   0.000 ) T:1 ( 2975.743 2975.743 2975.743 2975.743 2975.743 2975.743 )
447.037: I:0 (   0.000   0.000   0.000 ) T:1 ( 2975.743 2975.743 2975.743 2975.743 2975.743 2975.743 )
457.037: I:0 (   0.000   0.000   0.000 ) T:1 ( 2975.743 2975.743 2975.743 2975.743 2975.743 2975.743 )
467.038: I:0 (   0.000   0.000   0.000 ) T:1 ( 2975.743 2975.743 2975.743 2975.743 2975.743 2975.743 )
477.038: I:0 (   0.000   0.000   0.000 ) T:1 ( 2975.743 2975.743 2975.743 2975.743 2975.743 2975.743 )
487.295: I:0 (   0.000   0.000   0.000 ) T:1 ( 2975.743 2975.743 2975.743 2975.743 2975.743 2975.743 )
497.033: I:0 (   0.000   0.000   0.000 ) T:1 ( 2975.743 2975.743 2975.743 2975.743 2975.743 2975.743 )
507.037: I:0 (   0.000   0.000   0.000 ) T:1 ( 2975.743 2975.743 2975.743 2975.743 2975.743 2975.743 )
517.037: I:0 (   0.000   0.000   0.000 ) T:1 ( 2975.743 2975.743 2975.743 2975.743 2975.743 2975.743 )
527.034: I:0 (   0.000   0.000   0.000 ) T:1 ( 2975.743 2975.743 2975.743 2975.743 2975.743 2975.743 )
537.031: I:0 (   0.000   0.000   0.000 ) T:1 ( 2975.743 2975.743 2975.743 2975.743 2975.743 2975.743 )
547.032: I:0 (   0.000   0.000   0.000 ) T:1 ( 2975.743 2975.743 2975.743 2975.743 2975.743 2975.743 )
557.034: I:0 (   0.000   0.000   0.000 ) T:1 ( 2975.743 2975.743 2975.743 2975.743 2975.743 2975.743 )
567.036: I:0 (   0.000   0.000   0.000 ) T:1 ( 2975.743 2975.743 2975.743 2975.743 2975.743 2975.743 )
577.036: I:0 (   0.000   0.000   0.000 ) T:1 ( 2975.743 2975.743 2975.743 2975.743 2975.743 2975.743 )
587.037: I:0 (   0.000   0.000   0.000 ) T:1 ( 2975.743 2975.743 2975.743 2975.743 2975.743 2975.743 )
597.037: I:0 (   0.000   0.000   0.000 ) T:1 ( 2975.743 2975.743 2975.743 2975.743 2975.743 2975.743 )
607.037: I:0 (   0.000   0.000   0.000 ) T:1 ( 2975.743 2975.743 2975.743 2975.743 2975.743 2975.743 )
617.037: I:0 (   0.000   0.000   0.000 ) T:1 ( 2975.743 2975.743 2975.743 2975.743 2975.743 2975.743 )
627.037: I:0 (   0.000   0.000   0.000 ) T:1 ( 2975.743 2975.743 2975.743 2975.743 2975.743 2975.743 )
637.031: I:0 (   0.000   0.000   0.000 ) T:1 ( 2975.743 2975.743 2975.743 2975.743 2975.743 2975.743 )
647.031: I:0 (   0.000   0.000   0.000 ) T:1 ( 2975.743 2975.743 2975.743 2975.743 2975.743 2975.743 )
657.036: I:0 (   0.000   0.000   0.000 ) T:1 ( 2975.743 2975.743 2975.743 2975.743 2975.743 2975.743 )
667.031: I:0 (   0.000   0.000   0.000 ) T:1 ( 2975.743 2975.743 2975.743 2975.743 2975.743 2975.743 )
677.031: I:0 (   0.000   0.000   0.000 ) T:1 ( 2975.743 2975.743 2975.743 2975.743 2975.743 2975.743 )
687.036: I:0 (   0.000   0.000   0.000 ) T:1 ( 2975.743 2975.743 2975.743 2975.743 2975.743 2975.743 )
697.037: I:0 (   0.000   0.000   0.000 ) T:1 ( 2975.743 2975.743 2975.743 2975.743 2975.743 2975.743 )
707.037: I:0 (   0.000   0.000   0.000 ) T:1 ( 2975.743 2975.743 2975.743 2975.743 2975.743 2975.743 )
717.036: I:0 (   0.000   0.000   0.000 ) T:1 ( 2975.743 2975.743 2975.743 2975.743 2975.743 2975.743 )
727.037: I:0 (   0.000   0.000   0.000 ) T:1 ( 2975.743 2975.743 2975.743 2975.743 2975.743 2975.743 )
737.037: I:0 (   0.000   0.000   0.000 ) T:1 ( 2975.743 2975.743 2975.743 2975.743 2975.743 2975.743 )
747.031: I:0 (   0.000   0.000   0.000 ) T:1 ( 2975.743 2975.743 2975.743 2975.743 2975.743 2975.743 )
757.032: I:0 (   0.000   0.000   0.000 ) T:1 ( 2975.743 2975.743 2975.743 2975.743 2975.743 2975.743 )
767.031: I:0 (   0.000   0.000   0.000 ) T:1 ( 2975.743 2975.743 2975.743 2975.743 2975.743 2975.743 )
777.035: I:0 (   0.000   0.000   0.000 ) T:1 ( 2975.743 2975.743 2975.743 2975.743 2975.743 2975.743 )
787.036: I:0 (   0.000   0.000   0.000 ) T:1 ( 2975.743 2975.743 2975.743 2975.743 2975.743 2975.743 )
797.031: I:0 (   0.000   0.000   0.000 ) T:1 ( 2975.743 2975.743 2975.743 2975.743 2975.743 2975.743 )
807.031: I:0 (   0.000   0.000   0.000 ) T:1 ( 2975.743 2975.743 2975.743 2975.743 2975.743 2975.743 )
817.173: I:0 (   0.000   0.000   0.000 ) T:1 ( 2975.743 2975.743 2975.743 2975.743 2975.743 2975.743 )
827.032: I:0 (   0.000   0.000   0.000 ) T:1 ( 2975.743 2975.743 2975.743 2975.743 2975.743 2975.743 )
837.037: I:0 (   0.000   0.000   0.000 ) T:1 ( 2975.743 2975.743 2975.743 2975.743 2975.743 2975.743 )
847.031: I:0 (   0.000   0.000   0.000 ) T:1 ( 2975.743 2975.743 2975.743 2975.743 2975.743 2975.743 )
857.032: I:0 (   0.000   0.000   0.000 ) T:1 ( 2975.743 2975.743 2975.743 2975.743 2975.743 2975.743 )
867.048: I:0 (   0.000   0.000   0.000 ) T:1 ( 2975.743 2975.743 2975.743 2975.743 2975.743 2975.743 )
877.031: I:0 (   0.000   0.000   0.000 ) T:1 ( 2975.743 2975.743 2975.743 2975.743 2975.743 2975.743 )
887.036: I:0 (   0.000   0.000   0.000 ) T:1 ( 2975.743 2975.743 2975.743 2975.743 2975.743 2975.743 )
897.035: I:0 (   0.000   0.000   0.000 ) T:1 ( 2975.743 2975.743 2975.743 2975.743 2975.743 2975.743 )
907.037: I:0 (   0.000   0.000   0.000 ) T:1 ( 2975.743 2975.743 2975.743 2975.743 2975.743 2975.743 )
917.035: I:0 (   0.000   0.000   0.000 ) T:1 ( 2975.743 2975.743 2975.743 2975.743 2975.743 2975.743 )
927.031: I:0 (   0.000   0.000   0.000 ) T:1 ( 2975.743 2975.743 2975.743 2975.743 2975.743 2975.743 )
937.060: I:0 (   0.000   0.000   0.000 ) T:1 ( 2975.743 2975.743 2975.743 2975.743 2975.743 2975.743 )
947.035: I:0 (   0.000   0.000   0.000 ) T:1 ( 2975.743 2975.743 2975.743 2975.743 2975.743 2975.743 )
957.037: I:0 (   0.000   0.000   0.000 ) T:1 ( 2975.743 2975.743 2975.743 2975.743 2975.743 2975.743 )
967.035: I:0 (   0.000   0.000   0.000 ) T:1 ( 2975.743 2975.743 2975.743 2975.743 2975.743 2975.743 )
977.038: I:0 (   0.000   0.000   0.000 ) T:1 ( 2975.743 2975.743 2975.743 2975.743 2975.743 2975.743 )
987.032: I:0 (   0.000   0.000   0.000 ) T:1 ( 2975.743 2975.743 2975.743 2975.743 2975.743 2975.743 )
997.035: I:0 (   0.000   0.000   0.000 ) T:1 ( 2975.743 2975.743 2975.743 2975.743 2975.743 2975.743 )
1007.032: I:0 (   0.000   0.000   0.000 ) T:1 ( 2975.743 2975.743 2975.743 2975.743 2975.743 2975.743 )
1017.034: I:0 (   0.000   0.000   0.000 ) T:1 ( 2975.743 2975.743 2975.743 2975.743 2975.743 2975.743 )
1027.037: I:0 (   0.000   0.000   0.000 ) T:1 ( 2975.743 2975.743 2975.743 2975.743 2975.743 2975.743 )
1037.035: I:0 (   0.000   0.000   0.000 ) T:1 ( 2975.743 2975.743 2975.743 2975.743 2975.743 2975.743 )
1047.032: I:0 (   0.000   0.000   0.000 ) T:1 ( 2975.743 2975.743 2975.743 2975.743 2975.743 2975.743 )
1057.031: I:0 (   0.000   0.000   0.000 ) T:1 ( 2975.743 2975.743 2975.743 2975.743 2975.743 2975.743 )
1067.037: I:0 (   0.000   0.000   0.000 ) T:1 ( 2975.743 2975.743 2975.743 2975.743 2975.743 2975.743 )
1077.033: I:0 (   0.000   0.000   0.000 ) T:1 ( 2975.743 2975.743 2975.743 2975.743 2975.743 2975.743 )
1087.124: I:0 (   0.000   0.000   0.000 ) T:1 ( 2975.743 2975.743 2975.743 2975.743 2975.743 2975.743 )
1097.038: I:0 (   0.000   0.000   0.000 ) T:1 ( 2975.743 2975.743 2975.743 2975.743 2975.743 2975.743 )
1107.036: I:0 (   0.000   0.000   0.000 ) T:1 ( 2975.743 2975.743 2975.743 2975.743 2975.743 2975.743 )
1117.037: I:0 (   0.000   0.000   0.000 ) T:1 ( 2975.743 2975.743 2975.743 2975.743 2975.743 2975.743 )
1127.133: I:0 (   0.000   0.000   0.000 ) T:1 ( 2975.743 2975.743 2975.743 2975.743 2975.743 2975.743 )
1137.031: I:0 (   0.000   0.000   0.000 ) T:1 ( 2975.743 2975.743 2975.743 2975.743 2975.743 2975.743 )
1147.038: I:0 (   0.000   0.000   0.000 ) T:1 ( 2975.743 2975.743 2975.743 2975.743 2975.743 2975.743 )
1157.031: I:0 (   0.000   0.000   0.000 ) T:1 ( 2975.743 2975.743 2975.743 2975.743 2975.743 2975.743 )
1167.031: I:0 (   0.000   0.000   0.000 ) T:1 ( 2975.743 2975.743 2975.743 2975.743 2975.743 2975.743 )
1177.037: I:0 (   0.000   0.000   0.000 ) T:1 ( 2975.743 2975.743 2975.743 2975.743 2975.743 2975.743 )
1187.037: I:0 (   0.000   0.000   0.000 ) T:1 ( 2975.743 2975.743 2975.743 2975.743 2975.743 2975.743 )
1197.031: I:0 (   0.000   0.000   0.000 ) T:1 ( 2975.743 2975.743 2975.743 2975.743 2975.743 2975.743 )
1207.037: I:0 (   0.000   0.000   0.000 ) T:1 ( 2975.743 2975.743 2975.743 2975.743 2975.743 2975.743 )
1217.037: I:0 (   0.000   0.000   0.000 ) T:1 ( 2975.743 2975.743 2975.743 2975.743 2975.743 2975.743 )
1227.035: I:0 (   0.000   0.000   0.000 ) T:1 ( 2975.743 2975.743 2975.743 2975.743 2975.743 2975.743 )
1237.032: I:0 (   0.000   0.000   0.000 ) T:1 ( 2975.743 2975.743 2975.743 2975.743 2975.743 2975.743 )
1247.038: I:0 (   0.000   0.000   0.000 ) T:1 ( 2975.743 2975.743 2975.743 2975.743 2975.743 2975.743 )
1257.034: I:0 (   0.000   0.000   0.000 ) T:1 ( 2975.743 2975.743 2975.743 2975.743 2975.743 2975.743 )
1267.031: I:0 (   0.000   0.000   0.000 ) T:1 ( 2975.743 2975.743 2975.743 2975.743 2975.743 2975.743 )
1277.032: I:0 (   0.000   0.000   0.000 ) T:1 ( 2975.743 2975.743 2975.743 2975.743 2975.743 2975.743 )
1287.038: I:0 (   0.000   0.000   0.000 ) T:1 ( 2975.743 2975.743 2975.743 2975.743 2975.743 2975.743 )
1297.032: I:0 (   0.000   0.000   0.000 ) T:1 ( 2975.743 2975.743 2975.743 2975.743 2975.743 2975.743 )
1307.036: I:0 (   0.000   0.000   0.000 ) T:1 ( 2975.743 2975.743 2975.743 2975.743 2975.743 2975.743 )
1317.033: I:0 (   0.000   0.000   0.000 ) T:1 ( 2975.743 2975.743 2975.743 2975.743 2975.743 2975.743 )
1327.031: I:0 (   0.000   0.000   0.000 ) T:1 ( 2975.743 2975.743 2975.743 2975.743 2975.743 2975.743 )
1337.036: I:0 (   0.000   0.000   0.000 ) T:1 ( 2975.743 2975.743 2975.743 2975.743 2975.743 2975.743 )
1347.037: I:0 (   0.000   0.000   0.000 ) T:1 ( 2975.743 2975.743 2975.743 2975.743 2975.743 2975.743 )
1357.037: I:0 (   0.000   0.000   0.000 ) T:1 ( 2975.743 2975.743 2975.743 2975.743 2975.743 2975.743 )
1367.339: I:0 (   0.000   0.000   0.000 ) T:1 ( 2975.743 2975.743 2975.743 2975.743 2975.743 2975.743 )
1377.038: I:0 (   0.000   0.000   0.000 ) T:1 ( 2975.743 2975.743 2975.743 2975.743 2975.743 2975.743 )
1387.069: I:0 (   0.000   0.000   0.000 ) T:1 ( 2975.743 2975.743 2975.743 2975.743 2975.743 2975.743 )
1397.032: I:0 (   0.000   0.000   0.000 ) T:1 ( 2975.743 2975.743 2975.743 2975.743 2975.743 2975.743 )
1407.036: I:0 (   0.000   0.000   0.000 ) T:1 ( 2975.743 2975.743 2975.743 2975.743 2975.743 2975.743 )
1417.039: I:0 (   0.000   0.000   0.000 ) T:1 ( 2975.743 2975.743 2975.743 2975.743 2975.743 2975.743 )
1427.032: I:0 (   0.000   0.000   0.000 ) T:1 ( 2975.743 2975.743 2975.743 2975.743 2975.743 2975.743 )
1437.483: I:0 (   0.000   0.000   0.000 ) T:1 ( 2975.743 2975.743 2975.743 2975.743 2975.743 2975.743 )
1447.035: I:0 (   0.000   0.000   0.000 ) T:1 ( 2975.743 2975.743 2975.743 2975.743 2975.743 2975.743 )
1457.036: I:0 (   0.000   0.000   0.000 ) T:1 ( 2975.743 2975.743 2975.743 2975.743 2975.743 2975.743 )
1467.031: I:0 (   0.000   0.000   0.000 ) T:1 ( 2975.743 2975.743 2975.743 2975.743 2975.743 2975.743 )
1477.035: I:0 (   0.000   0.000   0.000 ) T:1 ( 2975.743 2975.743 2975.743 2975.743 2975.743 2975.743 )
1487.032: I:0 (   0.000   0.000   0.000 ) T:1 ( 2975.743 2975.743 2975.743 2975.743 2975.743 2975.743 )
1497.031: I:0 (   0.000   0.000   0.000 ) T:1 ( 2975.743 2975.743 2975.743 2975.743 2975.743 2975.743 )
1507.031: I:0 (   0.000   0.000   0.000 ) T:1 ( 2975.743 2975.743 2975.743 2975.743 2975.743 2975.743 )
1517.037: I:0 (   0.000   0.000   0.000 ) T:1 ( 2975.743 2975.743 2975.743 2975.743 2975.743 2975.743 )
1527.034: I:0 (   0.000   0.000   0.000 ) T:1 ( 2975.743 2975.743 2975.743 2975.743 2975.743 2975.743 )
1537.035: I:0 (   0.000   0.000   0.000 ) T:1 ( 2975.743 2975.743 2975.743 2975.743 2975.743 2975.743 )
1547.035: I:0 (   0.000   0.000   0.000 ) T:1 ( 2975.743 2975.743 2975.743 2975.743 2975.743 2975.743 )
1557.032: I:0 (   0.000   0.000   0.000 ) T:1 ( 2975.743 2975.743 2975.743 2975.743 2975.743 2975.743 )
1567.031: I:0 (   0.000   0.000   0.000 ) T:1 ( 2975.743 2975.743 2975.743 2975.743 2975.743 2975.743 )
1577.037: I:0 (   0.000   0.000   0.000 ) T:1 ( 2975.743 2975.743 2975.743 2975.743 2975.743 2975.743 )
1587.037: I:0 (   0.000   0.000   0.000 ) T:1 ( 2975.743 2975.743 2975.743 2975.743 2975.743 2975.743 )
1597.034: I:0 (   0.000   0.000   0.000 ) T:1 ( 2975.743 2975.743 2975.743 2975.743 2975.743 2975.743 )
1607.037: I:0 (   0.000   0.000   0.000 ) T:1 ( 2975.743 2975.743 2975.743 2975.743 2975.743 2975.743 )
1617.035: I:0 (   0.000   0.000   0.000 ) T:1 ( 2975.743 2975.743 2975.743 2975.743 2975.743 2975.743 )
1627.037: I:0 (   0.000   0.000   0.000 ) T:1 ( 2975.743 2975.743 2975.743 2975.743 2975.743 2975.743 )
1637.040: I:0 (   0.000   0.000   0.000 ) T:1 ( 2975.743 2975.743 2975.743 2975.743 2975.743 2975.743 )
1647.036: I:0 (   0.000   0.000   0.000 ) T:1 ( 2975.743 2975.743 2975.743 2975.743 2975.743 2975.743 )
1657.032: I:0 (   0.000   0.000   0.000 ) T:1 ( 2975.743 2975.743 2975.743 2975.743 2975.743 2975.743 )
1667.031: I:0 (   0.000   0.000   0.000 ) T:1 ( 2975.743 2975.743 2975.743 2975.743 2975.743 2975.743 )
1677.031: I:0 (   0.000   0.000   0.000 ) T:1 ( 2975.743 2975.743 2975.743 2975.743 2975.743 2975.743 )
1687.036: I:0 (   0.000   0.000   0.000 ) T:1 ( 2975.743 2975.743 2975.743 2975.743 2975.743 2975.743 )
1697.031: I:0 (   0.000   0.000   0.000 ) T:1 ( 2975.743 2975.743 2975.743 2975.743 2975.743 2975.743 )
1707.031: I:0 (   0.000   0.000   0.000 ) T:1 ( 2975.743 2975.743 2975.743 2975.743 2975.743 2975.743 )
1717.032: I:0 (   0.000   0.000   0.000 ) T:1 ( 2975.743 2975.743 2975.743 2975.743 2975.743 2975.743 )
1727.035: I:0 (   0.000   0.000   0.000 ) T:1 ( 2975.743 2975.743 2975.743 2975.743 2975.743 2975.743 )
1737.038: I:0 (   0.000   0.000   0.000 ) T:1 ( 2975.743 2975.743 2975.743 2975.743 2975.743 2975.743 )
1747.032: I:0 (   0.000   0.000   0.000 ) T:1 ( 2975.743 2975.743 2975.743 2975.743 2975.743 2975.743 )
1757.034: I:0 (   0.000   0.000   0.000 ) T:1 ( 2975.743 2975.743 2975.743 2975.743 2975.743 2975.743 )
1767.036: I:0 (   0.000   0.000   0.000 ) T:1 ( 2975.743 2975.743 2975.743 2975.743 2975.743 2975.743 )
1777.038: I:0 (   0.000   0.000   0.000 ) T:1 ( 2975.743 2975.743 2975.743 2975.743 2975.743 2975.743 )
1787.032: I:0 (   0.000   0.000   0.000 ) T:1 ( 2975.743 2975.743 2975.743 2975.743 2975.743 2975.743 )
1797.033: I:0 (   0.000   0.000   0.000 ) T:1 ( 2975.743 2975.743 2975.743 2975.743 2975.743 2975.743 )
1807.035: I:0 (   0.000   0.000   0.000 ) T:1 ( 2975.743 2975.743 2975.743 2975.743 2975.743 2975.743 )
1817.036: I:0 (   0.000   0.000   0.000 ) T:1 ( 2975.743 2975.743 2975.743 2975.743 2975.743 2975.743 )
1827.037: I:0 (   0.000   0.000   0.000 ) T:1 ( 2975.743 2975.743 2975.743 2975.743 2975.743 2975.743 )
1837.036: I:0 (   0.000   0.000   0.000 ) T:1 ( 2975.743 2975.743 2975.743 2975.743 2975.743 2975.743 )
1847.035: I:0 (   0.000   0.000   0.000 ) T:1 ( 2975.743 2975.743 2975.743 2975.743 2975.743 2975.743 )
1857.031: I:0 (   0.000   0.000   0.000 ) T:1 ( 2975.743 2975.743 2975.743 2975.743 2975.743 2975.743 )
1867.035: I:0 (   0.000   0.000   0.000 ) T:1 ( 2975.743 2975.743 2975.743 2975.743 2975.743 2975.743 )
1877.032: I:0 (   0.000   0.000   0.000 ) T:1 ( 2975.743 2975.743 2975.743 2975.743 2975.743 2975.743 )
1887.037: I:0 (   0.000   0.000   0.000 ) T:1 ( 2975.743 2975.743 2975.743 2975.743 2975.743 2975.743 )
1897.031: I:0 (   0.000   0.000   0.000 ) T:1 ( 2975.743 2975.743 2975.743 2975.743 2975.743 2975.743 )
1907.035: I:0 (   0.000   0.000   0.000 ) T:1 ( 2975.743 2975.743 2975.743 2975.743 2975.743 2975.743 )
1917.034: I:0 (   0.000   0.000   0.000 ) T:1 ( 2975.743 2975.743 2975.743 2975.743 2975.743 2975.743 )
1927.031: I:0 (   0.000   0.000   0.000 ) T:1 ( 2975.743 2975.743 2975.743 2975.743 2975.743 2975.743 )
1937.034: I:0 (   0.000   0.000   0.000 ) T:1 ( 2975.743 2975.743 2975.743 2975.743 2975.743 2975.743 )
1947.037: I:0 (   0.000   0.000   0.000 ) T:1 ( 2975.743 2975.743 2975.743 2975.743 2975.743 2975.743 )
1957.034: I:0 (   0.000   0.000   0.000 ) T:1 ( 2975.743 2975.743 2975.743 2975.743 2975.743 2975.743 )
1967.038: I:0 (   0.000   0.000   0.000 ) T:1 ( 2975.743 2975.743 2975.743 2975.743 2975.743 2975.743 )
1977.039: I:0 (   0.000   0.000   0.000 ) T:1 ( 2975.743 2975.743 2975.743 2975.743 2975.743 2975.743 )
1987.031: I:0 (   0.000   0.000   0.000 ) T:1 ( 2975.743 2975.743 2975.743 2975.743 2975.743 2975.743 )
1997.037: I:0 (   0.000   0.000   0.000 ) T:1 ( 2975.743 2975.743 2975.743 2975.743 2975.743 2975.743 )
2007.035: I:0 (   0.000   0.000   0.000 ) T:1 ( 2975.743 2975.743 2975.743 2975.743 2975.743 2975.743 )
2017.032: I:0 (   0.000   0.000   0.000 ) T:1 ( 2975.743 2975.743 2975.743 2975.743 2975.743 2975.743 )
2027.747: I:0 (   0.000   0.000   0.000 ) T:1 ( 2975.743 2975.743 2975.743 2975.743 2975.743 2975.743 )
2037.036: I:0 (   0.000   0.000   0.000 ) T:1 ( 2975.743 2975.743 2975.743 2975.743 2975.743 2975.743 )
2047.037: I:0 (   0.000   0.000   0.000 ) T:1 ( 2975.743 2975.743 2975.743 2975.743 2975.743 2975.743 )
2057.031: I:0 (   0.000   0.000   0.000 ) T:1 ( 2975.743 2975.743 2975.743 2975.743 2975.743 2975.743 )
2067.037: I:0 (   0.000   0.000   0.000 ) T:1 ( 2975.743 2975.743 2975.743 2975.743 2975.743 2975.743 )
2077.037: I:0 (   0.000   0.000   0.000 ) T:1 ( 2975.743 2975.743 2975.743 2975.743 2975.743 2975.743 )
2087.037: I:0 (   0.000   0.000   0.000 ) T:1 ( 2975.743 2975.743 2975.743 2975.743 2975.743 2975.743 )
2097.034: I:0 (   0.000   0.000   0.000 ) T:1 ( 2975.743 2975.743 2975.743 2975.743 2975.743 2975.743 )
2107.031: I:0 (   0.000   0.000   0.000 ) T:1 ( 2975.743 2975.743 2975.743 2975.743 2975.743 2975.743 )
2117.032: I:0 (   0.000   0.000   0.000 ) T:1 ( 2975.743 2975.743 2975.743 2975.743 2975.743 2975.743 )
2127.036: I:0 (   0.000   0.000   0.000 ) T:1 ( 2975.743 2975.743 2975.743 2975.743 2975.743 2975.743 )
2137.032: I:0 (   0.000   0.000   0.000 ) T:1 ( 2975.743 2975.743 2975.743 2975.743 2975.743 2975.743 )
2147.036: I:0 (   0.000   0.000   0.000 ) T:1 ( 2975.743 2975.743 2975.743 2975.743 2975.743 2975.743 )
2157.037: I:0 (   0.000   0.000   0.000 ) T:1 ( 2975.743 2975.743 2975.743 2975.743 2975.743 2975.743 )
2167.038: I:0 (   0.000   0.000   0.000 ) T:1 ( 2975.743 2975.743 2975.743 2975.743 2975.743 2975.743 )
2177.036: I:0 (   0.000   0.000   0.000 ) T:1 ( 2975.743 2975.743 2975.743 2975.743 2975.743 2975.743 )
2187.031: I:0 (   0.000   0.000   0.000 ) T:1 ( 2975.743 2975.743 2975.743 2975.743 2975.743 2975.743 )
2197.031: I:0 (   0.000   0.000   0.000 ) T:1 ( 2975.743 2975.743 2975.743 2975.743 2975.743 2975.743 )
2207.031: I:0 (   0.000   0.000   0.000 ) T:1 ( 2975.743 2975.743 2975.743 2975.743 2975.743 2975.743 )
2217.036: I:0 (   0.000   0.000   0.000 ) T:1 ( 2975.743 2975.743 2975.743 2975.743 2975.743 2975.743 )
2227.037: I:0 (   0.000   0.000   0.000 ) T:1 ( 2975.743 2975.743 2975.743 2975.743 2975.743 2975.743 )
2237.240: I:0 (   0.000   0.000   0.000 ) T:1 ( 2975.743 2975.743 2975.743 2975.743 2975.743 2975.743 )
2247.037: I:0 (   0.000   0.000   0.000 ) T:1 ( 2975.743 2975.743 2975.743 2975.743 2975.743 2975.743 )
2257.035: I:0 (   0.000   0.000   0.000 ) T:1 ( 2975.743 2975.743 2975.743 2975.743 2975.743 2975.743 )
2267.035: I:0 (   0.000   0.000   0.000 ) T:1 ( 2975.743 2975.743 2975.743 2975.743 2975.743 2975.743 )
2277.037: I:0 (   0.000   0.000   0.000 ) T:1 ( 2975.743 2975.743 2975.743 2975.743 2975.743 2975.743 )
2287.037: I:0 (   0.000   0.000   0.000 ) T:1 ( 2975.743 2975.743 2975.743 2975.743 2975.743 2975.743 )
2297.031: I:0 (   0.000   0.000   0.000 ) T:1 ( 2975.743 2975.743 2975.743 2975.743 2975.743 2975.743 )
2307.036: I:0 (   0.000   0.000   0.000 ) T:1 ( 2975.743 2975.743 2975.743 2975.743 2975.743 2975.743 )
2317.035: I:0 (   0.000   0.000   0.000 ) T:1 ( 2975.743 2975.743 2975.743 2975.743 2975.743 2975.743 )
2327.035: I:0 (   0.000   0.000   0.000 ) T:1 ( 2975.743 2975.743 2975.743 2975.743 2975.743 2975.743 )
2337.037: I:0 (   0.000   0.000   0.000 ) T:1 ( 2975.743 2975.743 2975.743 2975.743 2975.743 2975.743 )
2347.037: I:0 (   0.000   0.000   0.000 ) T:1 ( 2975.743 2975.743 2975.743 2975.743 2975.743 2975.743 )
2357.031: I:0 (   0.000   0.000   0.000 ) T:1 ( 2975.743 2975.743 2975.743 2975.743 2975.743 2975.743 )
2367.035: I:0 (   0.000   0.000   0.000 ) T:1 ( 2975.743 2975.743 2975.743 2975.743 2975.743 2975.743 )
2377.035: I:0 (   0.000   0.000   0.000 ) T:1 ( 2975.743 2975.743 2975.743 2975.743 2975.743 2975.743 )
2387.035: I:0 (   0.000   0.000   0.000 ) T:1 ( 2975.743 2975.743 2975.743 2975.743 2975.743 2975.743 )
2397.036: I:0 (   0.000   0.000   0.000 ) T:1 ( 2975.743 2975.743 2975.743 2975.743 2975.743 2975.743 )
2407.038: I:0 (   0.000   0.000   0.000 ) T:1 ( 2975.743 2975.743 2975.743 2975.743 2975.743 2975.743 )
2417.032: I:0 (   0.000   0.000   0.000 ) T:1 ( 2975.743 2975.743 2975.743 2975.743 2975.743 2975.743 )
2427.037: I:0 (   0.000   0.000   0.000 ) T:1 ( 2975.743 2975.743 2975.743 2975.743 2975.743 2975.743 )
2437.037: I:0 (   0.000   0.000   0.000 ) T:1 ( 2975.743 2975.743 2975.743 2975.743 2975.743 2975.743 )
2447.031: I:0 (   0.000   0.000   0.000 ) T:1 ( 2975.743 2975.743 2975.743 2975.743 2975.743 2975.743 )
2457.036: I:0 (   0.000   0.000   0.000 ) T:1 ( 2975.743 2975.743 2975.743 2975.743 2975.743 2975.743 )
2467.032: I:0 (   0.000   0.000   0.000 ) T:1 ( 2975.743 2975.743 2975.743 2975.743 2975.743 2975.743 )
2477.036: I:0 (   0.000   0.000   0.000 ) T:1 ( 2975.743 2975.743 2975.743 2975.743 2975.743 2975.743 )
2487.037: I:0 (   0.000   0.000   0.000 ) T:1 ( 2975.743 2975.743 2975.743 2975.743 2975.743 2975.743 )
2497.035: I:0 (   0.000   0.000   0.000 ) T:1 ( 2975.743 2975.743 2975.743 2975.743 2975.743 2975.743 )
2507.315: I:0 (   0.000   0.000   0.000 ) T:1 ( 2975.743 2975.743 2975.743 2975.743 2975.743 2975.743 )
2517.037: I:0 (   0.000   0.000   0.000 ) T:1 ( 2975.743 2975.743 2975.743 2975.743 2975.743 2975.743 )
2527.031: I:0 (   0.000   0.000   0.000 ) T:1 ( 2975.743 2975.743 2975.743 2975.743 2975.743 2975.743 )
2537.033: I:0 (   0.000   0.000   0.000 ) T:1 ( 2975.743 2975.743 2975.743 2975.743 2975.743 2975.743 )
2547.035: I:0 (   0.000   0.000   0.000 ) T:1 ( 2975.743 2975.743 2975.743 2975.743 2975.743 2975.743 )
2557.032: I:0 (   0.000   0.000   0.000 ) T:1 ( 2975.743 2975.743 2975.743 2975.743 2975.743 2975.743 )
2567.037: I:0 (   0.000   0.000   0.000 ) T:1 ( 2975.743 2975.743 2975.743 2975.743 2975.743 2975.743 )
2577.034: I:0 (   0.000   0.000   0.000 ) T:1 ( 2975.743 2975.743 2975.743 2975.743 2975.743 2975.743 )
2587.036: I:0 (   0.000   0.000   0.000 ) T:1 ( 2975.743 2975.743 2975.743 2975.743 2975.743 2975.743 )
2597.035: I:0 (   0.000   0.000   0.000 ) T:1 ( 2975.743 2975.743 2975.743 2975.743 2975.743 2975.743 )
2607.037: I:0 (   0.000   0.000   0.000 ) T:1 ( 2975.743 2975.743 2975.743 2975.743 2975.743 2975.743 )
2617.036: I:0 (   0.000   0.000   0.000 ) T:1 ( 2975.743 2975.743 2975.743 2975.743 2975.743 2975.743 )
2627.037: I:0 (   0.000   0.000   0.000 ) T:1 ( 2975.743 2975.743 2975.743 2975.743 2975.743 2975.743 )
2637.031: I:0 (   0.000   0.000   0.000 ) T:1 ( 2975.743 2975.743 2975.743 2975.743 2975.743 2975.743 )
2647.038: I:0 (   0.000   0.000   0.000 ) T:1 ( 2975.743 2975.743 2975.743 2975.743 2975.743 2975.743 )
2657.031: I:0 (   0.000   0.000   0.000 ) T:1 ( 2975.743 2975.743 2975.743 2975.743 2975.743 2975.743 )
2667.037: I:0 (   0.000   0.000   0.000 ) T:1 ( 2975.743 2975.743 2975.743 2975.743 2975.743 2975.743 )
2677.435: I:0 (   0.000   0.000   0.000 ) T:1 ( 2975.743 2975.743 2975.743 2975.743 2975.743 2975.743 )
2687.035: I:0 (   0.000   0.000   0.000 ) T:1 ( 2975.743 2975.743 2975.743 2975.743 2975.743 2975.743 )
2697.033: I:0 (   0.000   0.000   0.000 ) T:1 ( 2975.743 2975.743 2975.743 2975.743 2975.743 2975.743 )
2707.032: I:0 (   0.000   0.000   0.000 ) T:1 ( 2975.743 2975.743 2975.743 2975.743 2975.743 2975.743 )
2717.031: I:0 (   0.000   0.000   0.000 ) T:1 ( 2975.743 2975.743 2975.743 2975.743 2975.743 2975.743 )
2727.031: I:0 (   0.000   0.000   0.000 ) T:1 ( 2975.743 2975.743 2975.743 2975.743 2975.743 2975.743 )
2737.037: I:0 (   0.000   0.000   0.000 ) T:1 ( 2975.743 2975.743 2975.743 2975.743 2975.743 2975.743 )
2747.031: I:0 (   0.000   0.000   0.000 ) T:1 ( 2975.743 2975.743 2975.743 2975.743 2975.743 2975.743 )
2757.035: I:0 (   0.000   0.000   0.000 ) T:1 ( 2975.743 2975.743 2975.743 2975.743 2975.743 2975.743 )
2767.035: I:0 (   0.000   0.000   0.000 ) T:1 ( 2975.743 2975.743 2975.743 2975.743 2975.743 2975.743 )
2777.034: I:0 (   0.000   0.000   0.000 ) T:1 ( 2975.743 2975.743 2975.743 2975.743 2975.743 2975.743 )
2787.037: I:0 (   0.000   0.000   0.000 ) T:1 ( 2975.743 2975.743 2975.743 2975.743 2975.743 2975.743 )
2797.037: I:0 (   0.000   0.000   0.000 ) T:1 ( 2975.743 2975.743 2975.743 2975.743 2975.743 2975.743 )
2807.035: I:0 (   0.000   0.000   0.000 ) T:1 ( 2975.743 2975.743 2975.743 2975.743 2975.743 2975.743 )
2817.038: I:0 (   0.000   0.000   0.000 ) T:1 ( 2975.743 2975.743 2975.743 2975.743 2975.743 2975.743 )
2827.035: I:0 (   0.000   0.000   0.000 ) T:1 ( 2975.743 2975.743 2975.743 2975.743 2975.743 2975.743 )
2837.093: I:0 (   0.000   0.000   0.000 ) T:1 ( 2975.743 2975.743 2975.743 2975.743 2975.743 2975.743 )
2847.035: I:0 (   0.000   0.000   0.000 ) T:1 ( 2975.743 2975.743 2975.743 2975.743 2975.743 2975.743 )
2857.032: I:0 (   0.000   0.000   0.000 ) T:1 ( 2975.743 2975.743 2975.743 2975.743 2975.743 2975.743 )
2867.038: I:0 (   0.000   0.000   0.000 ) T:1 ( 2975.743 2975.743 2975.743 2975.743 2975.743 2975.743 )
2877.031: I:0 (   0.000   0.000   0.000 ) T:1 ( 2975.743 2975.743 2975.743 2975.743 2975.743 2975.743 )
2887.037: I:0 (   0.000   0.000   0.000 ) T:1 ( 2975.743 2975.743 2975.743 2975.743 2975.743 2975.743 )
2897.037: I:0 (   0.000   0.000   0.000 ) T:1 ( 2975.743 2975.743 2975.743 2975.743 2975.743 2975.743 )
2902.640: I:0 (   0.000   0.000   0.000 ) T:1 ( 2975.743 2975.743 2975.743 2975.743 2975.743 2975.743 )
2902.673: I:0 (   0.000   0.000   0.000 ) T:1 ( 2975.743 2975.743 2975.743 2975.743 2975.743 2975.743 )
