#[Interval percentile log between 0.000 and <Infinite> seconds (relative to StartTime)]
#[StartTime: 1524770332.858 (seconds since epoch), Thu Apr 26 21:18:52 CEST 2018]
Time: IntervalPercentiles:count ( 50% 90% Max ) TotalPercentiles:count ( 50% 90% 99% 99.9% 99.99% Max )
5.527: I:4023 (   0.082   0.256 163.711 ) T:4023 (   0.082   0.256   0.668 133.375 163.711 163.711 )
15.502: I:19498 (   0.042   0.062 320.767 ) T:23521 (   0.043   0.086   0.380 134.271 266.239 320.767 )
25.508: I:20987 (   0.041   0.060 472.063 ) T:44508 (   0.042   0.074   0.287 133.759 294.911 472.063 )
35.495: I:48608 (   0.040   0.044 377.855 ) T:93116 (   0.041   0.061   0.170   9.151 266.239 472.063 )
45.500: I:34419 (   0.040   0.043 367.615 ) T:127535 (   0.040   0.059   0.131   5.719 274.687 472.063 )
55.499: I:46733 (   0.040   0.043 501.759 ) T:174268 (   0.040   0.055   0.112   1.655 285.183 501.759 )
65.493: I:38239 (   0.040   0.046 780.799 ) T:212507 (   0.040   0.054   0.105   1.555 292.607 780.799 )
75.493: I:63010 (   0.040   0.043 756.735 ) T:275517 (   0.040   0.047   0.101   1.217 294.911 780.799 )
85.495: I:54844 (   0.040   0.044 571.903 ) T:330361 (   0.040   0.045   0.099   1.192 285.695 780.799 )
95.498: I:63808 (   0.040   0.043 1554.431 ) T:394169 (   0.040   0.044   0.097   1.163 285.695 1554.431 )
105.498: I:64901 (   0.040   0.044 655.871 ) T:459070 (   0.040   0.044   0.097   1.150 285.183 1554.431 )
115.492: I:56822 (   0.041   0.044 600.575 ) T:515892 (   0.040   0.044   0.096   1.142 285.183 1554.431 )
125.498: I:48046 (   0.040   0.044 945.151 ) T:563938 (   0.040   0.044   0.095   1.139 285.695 1554.431 )
135.494: I:54009 (   0.041   0.044 566.783 ) T:617947 (   0.040   0.044   0.094   1.132 294.655 1554.431 )
145.492: I:65356 (   0.041   0.044 756.735 ) T:683303 (   0.040   0.044   0.093   1.126 292.607 1554.431 )
155.493: I:59601 (   0.041   0.044 1110.015 ) T:742904 (   0.041   0.044   0.092   1.123 294.655 1554.431 )
165.496: I:82128 (   0.042   0.045 1078.271 ) T:825032 (   0.041   0.044   0.090   1.115 285.183 1554.431 )
175.498: I:20913 (   0.042   0.085 877.567 ) T:845945 (   0.041   0.044   0.094   1.121 290.047 1554.431 )
185.495: I:44519 (   0.041   0.045 444.415 ) T:890464 (   0.041   0.044   0.096   1.120 285.695 1554.431 )
195.493: I:62984 (   0.042   0.045 1079.295 ) T:953448 (   0.041   0.044   0.095   1.117 284.927 1554.431 )
205.499: I:47214 (   0.041   0.045 643.071 ) T:1000662 (   0.041   0.044   0.094   1.116 285.695 1554.431 )
215.494: I:29886 (   0.042   0.057 772.607 ) T:1030548 (   0.041   0.045   0.094   1.115 285.695 1554.431 )
225.495: I:64851 (   0.041   0.044 656.383 ) T:1095399 (   0.041   0.044   0.094   1.111 285.695 1554.431 )
235.500: I:12158 (   0.043   0.078 288.767 ) T:1107557 (   0.041   0.045   0.094   1.112 285.695 1554.431 )
245.496: I:21040 (   0.042   0.065 3082.239 ) T:1128597 (   0.041   0.045   0.094   1.114 285.695 3082.239 )
255.500: I:49774 (   0.041   0.044 305.919 ) T:1178371 (   0.041   0.045   0.094   1.110 279.807 3082.239 )
265.495: I:39772 (   0.041   0.045 830.975 ) T:1218143 (   0.041   0.045   0.094   1.108 285.695 3082.239 )
275.492: I:63714 (   0.041   0.044 613.375 ) T:1281857 (   0.041   0.045   0.094   1.104 284.927 3082.239 )
285.496: I:56721 (   0.041   0.044 342.783 ) T:1338578 (   0.041   0.045   0.093   1.100 275.455 3082.239 )
295.495: I:70033 (   0.042   0.044 883.711 ) T:1408611 (   0.041   0.045   0.092   1.096 274.687 3082.239 )
305.492: I:40527 (   0.041   0.045 932.351 ) T:1449138 (   0.041   0.045   0.092   1.094 274.687 3082.239 )
315.495: I:70902 (   0.041   0.044 511.999 ) T:1520040 (   0.041   0.045   0.091   1.090 266.239 3082.239 )
325.492: I:65073 (   0.041   0.044 992.255 ) T:1585113 (   0.041   0.045   0.090   1.086 265.983 3082.239 )
335.493: I:64167 (   0.041   0.044 603.647 ) T:1649280 (   0.041   0.045   0.090   1.083 265.983 3082.239 )
345.496: I:46328 (   0.041   0.044 1772.543 ) T:1695608 (   0.041   0.045   0.089   1.081 265.727 3082.239 )
355.492: I:72372 (   0.041   0.044 1052.671 ) T:1767980 (   0.041   0.044   0.089   1.077 261.119 3082.239 )
365.497: I:39591 (   0.041   0.045 367.103 ) T:1807571 (   0.041   0.045   0.089   1.076 265.727 3082.239 )
375.495: I:34447 (   0.041   0.047 1501.183 ) T:1842018 (   0.041   0.045   0.088   1.076 265.983 3082.239 )
385.494: I:13354 (   0.042   0.066 2234.367 ) T:1855372 (   0.041   0.045   0.089   1.077 265.983 3082.239 )
395.493: I:51976 (   0.041   0.045 511.999 ) T:1907348 (   0.041   0.045   0.089   1.076 265.983 3082.239 )
405.493: I:50343 (   0.041   0.044 997.887 ) T:1957691 (   0.041   0.045   0.089   1.073 264.703 3082.239 )
415.493: I:70574 (   0.042   0.045 707.583 ) T:2028265 (   0.041   0.045   0.089   1.069 264.447 3082.239 )
425.495: I:59830 (   0.042   0.046 499.199 ) T:2088095 (   0.041   0.045   0.088   1.067 260.223 3082.239 )
435.500: I:32434 (   0.042   0.047 1270.783 ) T:2120529 (   0.041   0.045   0.089   1.066 261.119 3082.239 )
445.497: I:35450 (   0.042   0.056 740.351 ) T:2155979 (   0.041   0.045   0.089   1.067 261.119 3082.239 )
455.494: I:47781 (   0.042   0.045 2947.071 ) T:2203760 (   0.041   0.045   0.088   1.064 261.119 3082.239 )
465.493: I:75695 (   0.042   0.045 725.503 ) T:2279455 (   0.041   0.045   0.088   1.061 257.023 3082.239 )
475.495: I:77574 (   0.043   0.045 608.255 ) T:2357029 (   0.041   0.045   0.087   1.056 255.999 3082.239 )
485.492: I:50757 (   0.043   0.046 966.143 ) T:2407786 (   0.041   0.045   0.087   1.055 260.223 3082.239 )
495.493: I:77209 (   0.043   0.045 556.543 ) T:2484995 (   0.041   0.045   0.087   1.052 255.999 3082.239 )
505.493: I:66539 (   0.043   0.046 879.103 ) T:2551534 (   0.041   0.045   0.086   1.050 255.743 3082.239 )
515.500: I:41924 (   0.043   0.046 678.911 ) T:2593458 (   0.041   0.045   0.086   1.049 256.511 3082.239 )
525.493: I:58215 (   0.043   0.046 406.271 ) T:2651673 (   0.041   0.045   0.086   1.048 255.999 3082.239 )
535.499: I:47017 (   0.043   0.046 741.887 ) T:2698690 (   0.041   0.045   0.086   1.047 255.999 3082.239 )
545.493: I:31552 (   0.044   0.059 583.679 ) T:2730242 (   0.042   0.045   0.086   1.047 255.999 3082.239 )
555.500: I:30611 (   0.043   0.049 445.695 ) T:2760853 (   0.042   0.045   0.087   1.048 255.999 3082.239 )
565.493: I:53204 (   0.043   0.046 2975.743 ) T:2814057 (   0.042   0.045   0.087   1.047 255.999 3082.239 )
575.498: I:23233 (   0.044   0.064 413.695 ) T:2837290 (   0.042   0.045   0.087   1.048 255.999 3082.239 )
585.500: I:17972 (   0.043   0.066 264.959 ) T:2855262 (   0.042   0.045   0.087   1.050 255.999 3082.239 )
595.495: I:57839 (   0.043   0.046 760.319 ) T:2913101 (   0.042   0.045   0.087   1.048 254.591 3082.239 )
605.494: I:55051 (   0.042   0.045 583.167 ) T:2968152 (   0.042   0.045   0.087   1.046 255.615 3082.239 )
615.498: I:50648 (   0.043   0.046 505.087 ) T:3018800 (   0.042   0.045   0.087   1.045 255.743 3082.239 )
625.500: I:13918 (   0.045   0.065 265.727 ) T:3032718 (   0.042   0.045   0.087   1.047 255.615 3082.239 )
635.492: I:36412 (   0.043   0.059 462.335 ) T:3069130 (   0.042   0.045   0.087   1.048 255.743 3082.239 )
645.494: I:30342 (   0.043   0.062 454.655 ) T:3099472 (   0.042   0.045   0.088   1.048 255.743 3082.239 )
655.527: I:58575 (   0.042   0.045 506.111 ) T:3158047 (   0.042   0.045   0.088   1.047 253.951 3082.239 )
665.493: I:56531 (   0.043   0.045 1236.991 ) T:3214578 (   0.042   0.045   0.088   1.046 253.951 3082.239 )
675.494: I:75368 (   0.042   0.045 483.839 ) T:3289946 (   0.042   0.045   0.087   1.045 252.927 3082.239 )
685.492: I:53365 (   0.043   0.045 904.191 ) T:3343311 (   0.042   0.045   0.087   1.044 252.927 3082.239 )
695.500: I:17352 (   0.044   0.066 1458.175 ) T:3360663 (   0.042   0.045   0.088   1.045 253.951 3082.239 )
705.500: I:31692 (   0.043   0.059 402.943 ) T:3392355 (   0.042   0.045   0.088   1.045 255.743 3082.239 )
715.500: I:47281 (   0.043   0.046 498.175 ) T:3439636 (   0.042   0.045   0.088   1.044 255.743 3082.239 )
725.499: I:58954 (   0.043   0.046 576.511 ) T:3498590 (   0.042   0.045   0.087   1.043 255.999 3082.239 )
735.500: I:58462 (   0.043   0.046 448.767 ) T:3557052 (   0.042   0.045   0.087   1.042 255.743 3082.239 )
745.500: I:31476 (   0.044   0.062 453.375 ) T:3588528 (   0.042   0.045   0.088   1.042 255.999 3082.239 )
755.494: I:61004 (   0.043   0.046 634.367 ) T:3649532 (   0.042   0.045   0.087   1.041 255.999 3082.239 )
765.597: I:45242 (   0.043   0.046 480.767 ) T:3694774 (   0.042   0.045   0.087   1.040 255.743 3082.239 )
775.495: I:68160 (   0.043   0.046 658.431 ) T:3762934 (   0.042   0.046   0.087   1.040 255.615 3082.239 )
785.499: I:28157 (   0.044   0.061 475.903 ) T:3791091 (   0.042   0.046   0.087   1.040 255.743 3082.239 )
795.497: I:48375 (   0.043   0.046 1477.631 ) T:3839466 (   0.042   0.046   0.087   1.040 256.511 3082.239 )
805.492: I:68588 (   0.043   0.046 947.711 ) T:3908054 (   0.042   0.046   0.087   1.038 255.999 3082.239 )
815.496: I:50068 (   0.043   0.045 504.575 ) T:3958122 (   0.042   0.046   0.086   1.038 255.999 3082.239 )
825.493: I:31464 (   0.042   0.045 230.271 ) T:3989586 (   0.042   0.046   0.086   1.038 255.743 3082.239 )
835.499: I:40599 (   0.043   0.047 713.215 ) T:4030185 (   0.042   0.046   0.086   1.038 255.615 3082.239 )
845.499: I:25137 (   0.043   0.063 285.439 ) T:4055322 (   0.042   0.046   0.087   1.038 255.615 3082.239 )
855.500: I:38404 (   0.042   0.045 624.127 ) T:4093726 (   0.042   0.046   0.087   1.038 255.743 3082.239 )
865.500: I:33840 (   0.043   0.059 558.079 ) T:4127566 (   0.042   0.046   0.087   1.038 256.511 3082.239 )
875.494: I:45873 (   0.042   0.046 477.951 ) T:4173439 (   0.042   0.046   0.086   1.037 256.511 3082.239 )
885.499: I:40051 (   0.043   0.047 568.831 ) T:4213490 (   0.042   0.046   0.086   1.037 255.999 3082.239 )
895.495: I:59067 (   0.043   0.045 595.455 ) T:4272557 (   0.042   0.046   0.086   1.037 256.511 3082.239 )
905.498: I:55508 (   0.043   0.045 602.111 ) T:4328065 (   0.042   0.046   0.086   1.037 256.511 3082.239 )
915.497: I:35410 (   0.043   0.047 1234.943 ) T:4363475 (   0.042   0.046   0.086   1.037 256.895 3082.239 )
925.493: I:18238 (   0.044   0.065 397.823 ) T:4381713 (   0.042   0.046   0.086   1.037 256.511 3082.239 )
935.499: I:15996 (   0.044   0.067 417.535 ) T:4397709 (   0.042   0.046   0.086   1.038 258.815 3082.239 )
945.599: I:62777 (   0.043   0.045 663.039 ) T:4460486 (   0.042   0.046   0.086   1.037 256.895 3082.239 )
955.499: I:62736 (   0.043   0.046 623.103 ) T:4523222 (   0.042   0.046   0.086   1.036 255.999 3082.239 )
965.499: I:45404 (   0.043   0.046 449.791 ) T:4568626 (   0.042   0.046   0.086   1.036 256.511 3082.239 )
975.492: I:49590 (   0.043   0.046 1298.431 ) T:4618216 (   0.042   0.046   0.086   1.036 256.511 3082.239 )
985.499: I:27352 (   0.043   0.051 474.623 ) T:4645568 (   0.042   0.046   0.086   1.036 256.895 3082.239 )
995.499: I:28826 (   0.043   0.047 426.751 ) T:4674394 (   0.042   0.046   0.086   1.036 258.815 3082.239 )
1005.492: I:58616 (   0.043   0.046 645.119 ) T:4733010 (   0.042   0.046   0.085   1.036 256.895 3082.239 )
1015.497: I:50393 (   0.043   0.046 990.207 ) T:4783403 (   0.042   0.046   0.085   1.035 258.815 3082.239 )
1025.495: I:63368 (   0.043   0.046 866.303 ) T:4846771 (   0.042   0.046   0.085   1.035 258.943 3082.239 )
1035.497: I:57735 (   0.043   0.046 495.103 ) T:4904506 (   0.042   0.046   0.085   1.034 258.815 3082.239 )
1045.499: I:60190 (   0.043   0.045 1308.671 ) T:4964696 (   0.042   0.046   0.085   1.034 258.943 3082.239 )
1055.495: I:62723 (   0.043   0.045 465.663 ) T:5027419 (   0.042   0.046   0.085   1.034 257.663 3082.239 )
1065.495: I:46028 (   0.043   0.045 346.111 ) T:5073447 (   0.042   0.046   0.085   1.034 258.943 3082.239 )
1075.494: I:57498 (   0.043   0.046 1616.895 ) T:5130945 (   0.042   0.046   0.085   1.033 258.815 3082.239 )
1085.494: I:61376 (   0.043   0.045 536.063 ) T:5192321 (   0.042   0.046   0.085   1.033 258.815 3082.239 )
1095.499: I:23119 (   0.044   0.082 536.575 ) T:5215440 (   0.042   0.046   0.086   1.033 259.583 3082.239 )
1105.496: I:12535 (   0.044   0.078 451.583 ) T:5227975 (   0.042   0.046   0.086   1.034 259.967 3082.239 )
1115.494: I:71096 (   0.043   0.046 993.791 ) T:5299071 (   0.042   0.046   0.086   1.033 258.943 3082.239 )
1125.492: I:76504 (   0.043   0.046 537.087 ) T:5375575 (   0.042   0.046   0.086   1.032 257.023 3082.239 )
1135.500: I:44322 (   0.044   0.047 693.759 ) T:5419897 (   0.042   0.046   0.086   1.032 258.431 3082.239 )
1145.493: I:13792 (   0.044   0.063 361.215 ) T:5433689 (   0.042   0.046   0.086   1.033 258.815 3082.239 )
1155.499: I:40970 (   0.043   0.047 386.303 ) T:5474659 (   0.042   0.046   0.086   1.033 258.943 3082.239 )
1165.495: I:58461 (   0.044   0.046 543.743 ) T:5533120 (   0.042   0.046   0.086   1.032 258.815 3082.239 )
1175.500: I:66828 (   0.043   0.046 465.407 ) T:5599948 (   0.042   0.046   0.086   1.032 256.895 3082.239 )
1185.492: I:49339 (   0.043   0.046 644.095 ) T:5649287 (   0.042   0.046   0.086   1.032 258.431 3082.239 )
1195.494: I:61975 (   0.043   0.046 535.039 ) T:5711262 (   0.042   0.046   0.086   1.031 256.895 3082.239 )
1205.499: I:70924 (   0.043   0.046 424.959 ) T:5782186 (   0.042   0.046   0.085   1.031 255.999 3082.239 )
1215.495: I:72671 (   0.043   0.046 1870.847 ) T:5854857 (   0.042   0.046   0.085   1.031 255.615 3082.239 )
1225.492: I:42599 (   0.043   0.046 1612.799 ) T:5897456 (   0.042   0.046   0.085   1.030 255.743 3082.239 )
1235.492: I:61202 (   0.043   0.046 519.935 ) T:5958658 (   0.042   0.046   0.085   1.030 255.743 3082.239 )
1245.492: I:58911 (   0.043   0.045 1214.463 ) T:6017569 (   0.042   0.046   0.085   1.029 255.743 3082.239 )
1255.493: I:61627 (   0.043   0.046 624.127 ) T:6079196 (   0.042   0.046   0.085   1.029 255.743 3082.239 )
1265.493: I:59903 (   0.043   0.046 456.447 ) T:6139099 (   0.042   0.046   0.085   1.029 255.359 3082.239 )
1275.493: I:54259 (   0.043   0.046 541.695 ) T:6193358 (   0.042   0.046   0.085   1.028 254.463 3082.239 )
1285.498: I:37681 (   0.043   0.049 540.159 ) T:6231039 (   0.042   0.046   0.085   1.028 255.487 3082.239 )
1295.494: I:40325 (   0.043   0.046 3371.007 ) T:6271364 (   0.042   0.046   0.085   1.028 255.615 3371.007 )
1305.497: I:22852 (   0.044   0.067 1042.431 ) T:6294216 (   0.042   0.046   0.085   1.028 255.999 3371.007 )
1315.501: I:41444 (   0.043   0.048 679.423 ) T:6335660 (   0.042   0.046   0.086   1.028 256.511 3371.007 )
1325.498: I:58466 (   0.043   0.046 666.623 ) T:6394126 (   0.042   0.046   0.086   1.028 256.511 3371.007 )
1335.496: I:24350 (   0.043   0.046 1326.079 ) T:6418476 (   0.042   0.046   0.086   1.028 257.023 3371.007 )
1345.495: I:52496 (   0.043   0.046 512.511 ) T:6470972 (   0.042   0.046   0.086   1.028 256.895 3371.007 )
1355.495: I:55147 (   0.043   0.046 409.087 ) T:6526119 (   0.042   0.046   0.086   1.027 256.895 3371.007 )
1365.500: I:48431 (   0.043   0.046 1146.879 ) T:6574550 (   0.042   0.046   0.085   1.027 256.895 3371.007 )
1375.495: I:37518 (   0.043   0.046 3549.183 ) T:6612068 (   0.042   0.046   0.085   1.027 258.175 3549.183 )
1385.498: I:60317 (   0.043   0.046 375.551 ) T:6672385 (   0.042   0.046   0.085   1.026 257.023 3549.183 )
1395.497: I:18882 (   0.044   0.068 676.351 ) T:6691267 (   0.042   0.046   0.086   1.027 258.431 3549.183 )
1405.494: I:18761 (   0.044   0.065 491.263 ) T:6710028 (   0.042   0.046   0.086   1.027 258.943 3549.183 )
1415.500: I:48390 (   0.043   0.046 607.231 ) T:6758418 (   0.042   0.046   0.086   1.027 258.943 3549.183 )
1425.492: I:67477 (   0.043   0.045 824.319 ) T:6825895 (   0.042   0.046   0.085   1.026 258.815 3549.183 )
1435.500: I:33320 (   0.043   0.047 675.839 ) T:6859215 (   0.042   0.046   0.086   1.026 258.943 3549.183 )
1445.493: I:47725 (   0.043   0.045 383.743 ) T:6906940 (   0.042   0.046   0.086   1.026 259.583 3549.183 )
1455.499: I:50814 (   0.043   0.045 537.599 ) T:6957754 (   0.042   0.046   0.086   1.026 259.967 3549.183 )
1465.492: I:70944 (   0.043   0.046 969.215 ) T:7028698 (   0.042   0.046   0.086   1.026 258.943 3549.183 )
1475.492: I:50650 (   0.043   0.046 743.935 ) T:7079348 (   0.042   0.046   0.085   1.025 259.455 3549.183 )
1485.499: I:57965 (   0.043   0.046 894.463 ) T:7137313 (   0.042   0.046   0.085   1.025 259.455 3549.183 )
1495.494: I:28552 (   0.043   0.046 1233.919 ) T:7165865 (   0.042   0.046   0.085   1.025 258.943 3549.183 )
1505.499: I:52657 (   0.043   0.046 604.671 ) T:7218522 (   0.042   0.046   0.085   1.025 258.815 3549.183 )
1515.495: I:45066 (   0.044   0.047 733.183 ) T:7263588 (   0.042   0.046   0.085   1.024 258.943 3549.183 )
1525.492: I:44327 (   0.043   0.046 656.895 ) T:7307915 (   0.042   0.046   0.085   1.024 259.455 3549.183 )
1535.493: I:60025 (   0.044   0.047 684.543 ) T:7367940 (   0.042   0.046   0.085   1.024 259.455 3549.183 )
1545.493: I:47950 (   0.044   0.047 446.975 ) T:7415890 (   0.042   0.046   0.085   1.024 259.455 3549.183 )
1555.493: I:38264 (   0.044   0.049 463.103 ) T:7454154 (   0.042   0.046   0.085   1.024 259.583 3549.183 )
1565.495: I:24230 (   0.044   0.058 553.471 ) T:7478384 (   0.042   0.046   0.085   1.024 260.223 3549.183 )
1575.495: I:46264 (   0.043   0.046 611.327 ) T:7524648 (   0.042   0.046   0.085   1.024 260.223 3549.183 )
1585.492: I:48227 (   0.044   0.047 1121.279 ) T:7572875 (   0.042   0.046   0.085   1.024 260.223 3549.183 )
1595.497: I:24383 (   0.044   0.063 943.615 ) T:7597258 (   0.042   0.046   0.085   1.024 260.863 3549.183 )
1605.493: I:32670 (   0.043   0.062 419.839 ) T:7629928 (   0.042   0.046   0.085   1.024 260.479 3549.183 )
1615.499: I:36387 (   0.043   0.046 534.015 ) T:7666315 (   0.042   0.046   0.085   1.024 260.863 3549.183 )
1625.492: I:43017 (   0.043   0.047 835.583 ) T:7709332 (   0.042   0.046   0.085   1.024 261.119 3549.183 )
1635.494: I:59102 (   0.043   0.046 709.119 ) T:7768434 (   0.042   0.046   0.085   1.024 261.119 3549.183 )
1645.492: I:50969 (   0.043   0.046 1176.575 ) T:7819403 (   0.042   0.046   0.085   1.023 261.119 3549.183 )
1655.499: I:48169 (   0.043   0.046 478.207 ) T:7867572 (   0.042   0.046   0.085   1.023 260.479 3549.183 )
1665.492: I:54348 (   0.043   0.046 1113.087 ) T:7921920 (   0.043   0.046   0.085   1.023 260.607 3549.183 )
1675.539: I:53893 (   0.043   0.046 696.319 ) T:7975813 (   0.043   0.046   0.085   1.023 260.863 3549.183 )
1685.492: I:48511 (   0.043   0.046 919.039 ) T:8024324 (   0.043   0.046   0.085   1.023 261.759 3549.183 )
1695.495: I:37295 (   0.043   0.050 1125.375 ) T:8061619 (   0.043   0.046   0.085   1.023 261.759 3549.183 )
1705.498: I:60209 (   0.043   0.046 409.855 ) T:8121828 (   0.043   0.046   0.085   1.022 261.247 3549.183 )
1715.493: I:55520 (   0.044   0.047 631.295 ) T:8177348 (   0.043   0.046   0.085   1.022 261.247 3549.183 )
1725.500: I:52464 (   0.043   0.046 876.031 ) T:8229812 (   0.043   0.046   0.085   1.022 260.863 3549.183 )
1735.492: I:50404 (   0.043   0.046 719.359 ) T:8280216 (   0.043   0.046   0.085   1.022 261.119 3549.183 )
1745.495: I:23031 (   0.043   0.046 445.439 ) T:8303247 (   0.043   0.046   0.085   1.022 263.167 3549.183 )
1755.497: I:35202 (   0.044   0.059 558.591 ) T:8338449 (   0.043   0.046   0.085   1.022 261.247 3549.183 )
1765.495: I:56555 (   0.043   0.046 596.991 ) T:8395004 (   0.043   0.046   0.085   1.022 261.119 3549.183 )
1775.500: I:25183 (   0.043   0.046 369.151 ) T:8420187 (   0.043   0.046   0.085   1.021 260.863 3549.183 )
1785.499: I:39325 (   0.043   0.046 1369.087 ) T:8459512 (   0.043   0.046   0.085   1.021 261.119 3549.183 )
1795.492: I:46029 (   0.043   0.046 539.135 ) T:8505541 (   0.043   0.046   0.085   1.021 261.247 3549.183 )
1805.499: I:47502 (   0.043   0.046 526.335 ) T:8553043 (   0.043   0.046   0.085   1.021 263.167 3549.183 )
1815.498: I:50905 (   0.043   0.046 1188.863 ) T:8603948 (   0.043   0.046   0.085   1.021 263.679 3549.183 )
1825.498: I:44490 (   0.043   0.046 261.119 ) T:8648438 (   0.043   0.046   0.085   1.021 261.759 3549.183 )
1835.499: I:40306 (   0.043   0.046 397.311 ) T:8688744 (   0.043   0.046   0.085   1.020 261.119 3549.183 )
1845.494: I:46066 (   0.043   0.046 1234.943 ) T:8734810 (   0.043   0.046   0.084   1.020 261.247 3549.183 )
1855.493: I:39961 (   0.043   0.046 520.703 ) T:8774771 (   0.043   0.046   0.084   1.020 263.679 3549.183 )
1865.492: I:49461 (   0.043   0.046 945.663 ) T:8824232 (   0.043   0.046   0.084   1.020 263.679 3549.183 )
1875.498: I:36536 (   0.043   0.046 714.239 ) T:8860768 (   0.043   0.046   0.084   1.020 263.679 3549.183 )
1885.500: I:20967 (   0.043   0.046 1043.967 ) T:8881735 (   0.043   0.046   0.084   1.020 263.935 3549.183 )
1895.499: I:46033 (   0.043   0.046 517.887 ) T:8927768 (   0.043   0.046   0.084   1.020 263.935 3549.183 )
1905.497: I:53896 (   0.043   0.046 1219.583 ) T:8981664 (   0.043   0.046   0.084   1.020 263.167 3549.183 )
1915.493: I:41527 (   0.043   0.046 510.719 ) T:9023191 (   0.043   0.046   0.084   1.020 263.167 3549.183 )
1925.493: I:46347 (   0.043   0.046 482.559 ) T:9069538 (   0.043   0.046   0.084   1.019 261.247 3549.183 )
1935.499: I:53929 (   0.044   0.046 1139.711 ) T:9123467 (   0.043   0.046   0.084   1.019 261.119 3549.183 )
1945.498: I:48965 (   0.044   0.046 488.191 ) T:9172432 (   0.043   0.046   0.084   1.019 260.479 3549.183 )
1955.492: I:58921 (   0.044   0.046 494.335 ) T:9231353 (   0.043   0.046   0.084   1.019 260.095 3549.183 )
1965.495: I:42836 (   0.043   0.046 982.527 ) T:9274189 (   0.043   0.046   0.084   1.019 259.967 3549.183 )
1975.498: I:41945 (   0.044   0.046 429.823 ) T:9316134 (   0.043   0.046   0.084   1.019 259.711 3549.183 )
1985.492: I:46905 (   0.043   0.046 1886.207 ) T:9363039 (   0.043   0.046   0.084   1.018 259.583 3549.183 )
1995.492: I:48050 (   0.044   0.047 555.007 ) T:9411089 (   0.043   0.046   0.084   1.018 259.583 3549.183 )
2005.756: I:49374 (   0.043   0.046 714.239 ) T:9460463 (   0.043   0.046   0.084   1.018 260.095 3549.183 )
2015.493: I:42343 (   0.044   0.047 1679.359 ) T:9502806 (   0.043   0.046   0.084   1.018 260.479 3549.183 )
2025.495: I:42030 (   0.043   0.046 731.135 ) T:9544836 (   0.043   0.046   0.084   1.018 260.863 3549.183 )
2035.492: I:32552 (   0.043   0.046 906.239 ) T:9577388 (   0.043   0.046   0.084   1.018 260.863 3549.183 )
2045.495: I:52328 (   0.043   0.046 935.935 ) T:9629716 (   0.043   0.046   0.084   1.018 260.863 3549.183 )
2055.500: I:39935 (   0.043   0.046 577.023 ) T:9669651 (   0.043   0.046   0.084   1.018 261.119 3549.183 )
2065.492: I:39393 (   0.043   0.046 807.423 ) T:9709044 (   0.043   0.046   0.084   1.018 261.759 3549.183 )
2075.492: I:66605 (   0.043   0.046 975.871 ) T:9775649 (   0.043   0.046   0.083   1.017 260.863 3549.183 )
2085.500: I:26542 (   0.044   0.061 626.687 ) T:9802191 (   0.043   0.046   0.084   1.018 261.247 3549.183 )
2095.492: I:35873 (   0.043   0.046 482.047 ) T:9838064 (   0.043   0.046   0.084   1.018 262.015 3549.183 )
2105.495: I:38103 (   0.043   0.046 1271.807 ) T:9876167 (   0.043   0.046   0.083   1.017 263.423 3549.183 )
2115.495: I:26091 (   0.043   0.049 874.495 ) T:9902258 (   0.043   0.046   0.084   1.018 263.679 3549.183 )
2125.499: I:47648 (   0.043   0.046 742.399 ) T:9949906 (   0.043   0.046   0.083   1.017 263.935 3549.183 )
2135.492: I:40537 (   0.043   0.046 558.079 ) T:9990443 (   0.043   0.046   0.084   1.017 264.447 3549.183 )
2145.492: I:45973 (   0.043   0.046 1029.631 ) T:10036416 (   0.043   0.046   0.083   1.017 264.447 3549.183 )
2155.495: I:39554 (   0.043   0.045 539.647 ) T:10075970 (   0.043   0.046   0.083   1.017 264.447 3549.183 )
2168.386: I:13206 (   0.043   0.063 5324.799 ) T:10089176 (   0.043   0.046   0.083   1.017 264.959 5324.799 )
2175.498: I:34428 (   0.043   0.046 611.839 ) T:10123604 (   0.043   0.046   0.083   1.017 264.959 5324.799 )
2185.493: I:40150 (   0.043   0.046 396.543 ) T:10163754 (   0.043   0.046   0.083   1.017 264.959 5324.799 )
2195.495: I:44471 (   0.043   0.045 892.927 ) T:10208225 (   0.043   0.046   0.083   1.017 265.471 5324.799 )
2205.498: I:43795 (   0.043   0.045 692.735 ) T:10252020 (   0.043   0.046   0.083   1.016 265.471 5324.799 )
2215.492: I:45494 (   0.043   0.046 638.975 ) T:10297514 (   0.043   0.046   0.083   1.016 265.727 5324.799 )
2225.492: I:53049 (   0.043   0.046 1030.655 ) T:10350563 (   0.043   0.046   0.083   1.016 265.727 5324.799 )
2235.492: I:42878 (   0.043   0.046 477.951 ) T:10393441 (   0.043   0.046   0.083   1.016 265.727 5324.799 )
2245.496: I:46212 (   0.043   0.046 909.823 ) T:10439653 (   0.043   0.046   0.083   1.015 265.727 5324.799 )
2255.492: I:41714 (   0.043   0.046 1010.175 ) T:10481367 (   0.043   0.046   0.083   1.015 265.727 5324.799 )
2265.492: I:39546 (   0.043   0.046 538.623 ) T:10520913 (   0.043   0.046   0.083   1.015 265.983 5324.799 )
2275.497: I:36420 (   0.043   0.046 1264.639 ) T:10557333 (   0.043   0.046   0.083   1.015 266.239 5324.799 )
2285.492: I:46538 (   0.043   0.046 694.271 ) T:10603871 (   0.043   0.046   0.083   1.015 266.239 5324.799 )
2295.494: I:59419 (   0.044   0.046 763.903 ) T:10663290 (   0.043   0.046   0.083   1.014 265.983 5324.799 )
2305.493: I:38333 (   0.043   0.046 338.943 ) T:10701623 (   0.043   0.046   0.083   1.014 266.239 5324.799 )
2315.493: I:38589 (   0.043   0.046 807.935 ) T:10740212 (   0.043   0.046   0.083   1.014 266.239 5324.799 )
2325.499: I:44374 (   0.043   0.046 795.647 ) T:10784586 (   0.043   0.046   0.083   1.014 266.239 5324.799 )
2335.491: I:45259 (   0.043   0.046 966.143 ) T:10829845 (   0.043   0.046   0.083   1.014 267.263 5324.799 )
2345.498: I:42465 (   0.043   0.045 1225.727 ) T:10872310 (   0.043   0.046   0.083   1.013 267.263 5324.799 )
2355.495: I:49398 (   0.043   0.046 674.303 ) T:10921708 (   0.043   0.046   0.083   1.013 267.263 5324.799 )
2365.492: I:46899 (   0.043   0.046 772.607 ) T:10968607 (   0.043   0.046   0.083   1.013 267.263 5324.799 )
2375.500: I:17178 (   0.043   0.046 726.527 ) T:10985785 (   0.043   0.046   0.083   1.013 267.263 5324.799 )
2385.500: I:44334 (   0.043   0.045 668.159 ) T:11030119 (   0.043   0.046   0.083   1.013 267.263 5324.799 )
2395.499: I:46063 (   0.043   0.046 637.439 ) T:11076182 (   0.043   0.046   0.083   1.012 267.263 5324.799 )
2405.500: I:26241 (   0.043   0.046 3692.543 ) T:11102423 (   0.043   0.046   0.083   1.012 267.519 5324.799 )
2415.497: I:20104 (   0.044   0.064 481.023 ) T:11122527 (   0.043   0.046   0.083   1.013 267.519 5324.799 )
2425.499: I:43767 (   0.043   0.046 554.495 ) T:11166294 (   0.043   0.046   0.083   1.012 268.031 5324.799 )
2435.494: I:48191 (   0.043   0.045 670.719 ) T:11214485 (   0.043   0.046   0.083   1.012 268.031 5324.799 )
2445.495: I:43469 (   0.043   0.046 837.119 ) T:11257954 (   0.043   0.046   0.083   1.012 268.031 5324.799 )
2455.498: I:37591 (   0.043   0.046 534.527 ) T:11295545 (   0.043   0.046   0.083   1.012 268.543 5324.799 )
2465.498: I:48333 (   0.043   0.046 908.287 ) T:11343878 (   0.043   0.046   0.083   1.011 268.031 5324.799 )
2475.492: I:35868 (   0.043   0.046 1062.911 ) T:11379746 (   0.043   0.046   0.083   1.011 269.055 5324.799 )
2485.499: I:32720 (   0.043   0.046 698.367 ) T:11412466 (   0.043   0.046   0.083   1.011 269.055 5324.799 )
2495.496: I:36938 (   0.043   0.046 828.927 ) T:11449404 (   0.043   0.046   0.083   1.011 269.055 5324.799 )
2505.499: I:42980 (   0.043   0.046 572.415 ) T:11492384 (   0.043   0.046   0.083   1.011 269.567 5324.799 )
2515.499: I:46888 (   0.043   0.046 1132.543 ) T:11539272 (   0.043   0.046   0.083   1.011 269.823 5324.799 )
2525.492: I:46751 (   0.043   0.046 1145.855 ) T:11586023 (   0.043   0.046   0.082   1.010 269.823 5324.799 )
2535.492: I:33170 (   0.043   0.046 1527.807 ) T:11619193 (   0.043   0.046   0.082   1.010 270.079 5324.799 )
2545.497: I:43451 (   0.043   0.046 829.439 ) T:11662644 (   0.043   0.046   0.082   1.010 270.079 5324.799 )
2555.496: I:41471 (   0.043   0.046 722.431 ) T:11704115 (   0.043   0.046   0.082   1.010 270.591 5324.799 )
2565.492: I:45708 (   0.043   0.046 722.431 ) T:11749823 (   0.043   0.046   0.082   1.010 270.847 5324.799 )
2575.497: I:43929 (   0.043   0.045 933.375 ) T:11793752 (   0.043   0.046   0.082   1.009 270.847 5324.799 )
2585.500: I:37796 (   0.043   0.046 1273.855 ) T:11831548 (   0.043   0.046   0.082   1.009 271.103 5324.799 )
2595.493: I:43896 (   0.043   0.046 951.295 ) T:11875444 (   0.043   0.046   0.082   1.009 270.847 5324.799 )
2605.725: I:46959 (   0.043   0.046 1031.679 ) T:11922403 (   0.043   0.046   0.082   1.009 270.847 5324.799 )
2615.492: I:41808 (   0.043   0.046 1418.239 ) T:11964211 (   0.043   0.046   0.082   1.008 270.847 5324.799 )
2625.496: I:44333 (   0.043   0.046 624.127 ) T:12008544 (   0.043   0.046   0.082   1.008 271.103 5324.799 )
2635.493: I:37435 (   0.043   0.046 674.303 ) T:12045979 (   0.043   0.046   0.082   1.008 271.615 5324.799 )
2645.493: I:21341 (   0.043   0.059 761.855 ) T:12067320 (   0.043   0.046   0.082   1.008 272.127 5324.799 )
2655.500: I:44016 (   0.043   0.046 732.671 ) T:12111336 (   0.043   0.046   0.082   1.008 271.615 5324.799 )
2665.568: I:42656 (   0.044   0.046 702.463 ) T:12153992 (   0.043   0.046   0.082   1.008 272.383 5324.799 )
2675.500: I:19689 (   0.044   0.063 439.039 ) T:12173681 (   0.043   0.046   0.082   1.008 273.151 5324.799 )
2685.492: I:41459 (   0.043   0.046 489.471 ) T:12215140 (   0.043   0.046   0.082   1.008 273.151 5324.799 )
2695.499: I:39847 (   0.043   0.046 749.567 ) T:12254987 (   0.043   0.046   0.082   1.007 273.151 5324.799 )
2705.556: I:19932 (   0.044   0.046 563.199 ) T:12274919 (   0.043   0.046   0.082   1.008 273.407 5324.799 )
2715.493: I:17549 (   0.043   0.046 504.063 ) T:12292468 (   0.043   0.046   0.082   1.008 273.919 5324.799 )
2725.492: I:29397 (   0.043   0.046 1482.751 ) T:12321865 (   0.043   0.046   0.082   1.008 274.175 5324.799 )
2735.495: I:22490 (   0.043   0.047 2494.463 ) T:12344355 (   0.043   0.046   0.082   1.008 274.687 5324.799 )
2745.492: I:42254 (   0.044   0.046 300.031 ) T:12386609 (   0.043   0.046   0.082   1.007 273.919 5324.799 )
2755.500: I:45035 (   0.043   0.046 643.071 ) T:12431644 (   0.043   0.046   0.082   1.007 273.663 5324.799 )
2765.500: I:24160 (   0.044   0.046 477.183 ) T:12455804 (   0.043   0.046   0.082   1.007 273.919 5324.799 )
2775.500: I:38276 (   0.043   0.046 518.655 ) T:12494080 (   0.043   0.046   0.082   1.007 274.175 5324.799 )
2785.495: I:30403 (   0.043   0.046 368.383 ) T:12524483 (   0.043   0.046   0.082   1.007 273.919 5324.799 )
2795.495: I:29135 (   0.043   0.045 2836.479 ) T:12553618 (   0.043   0.046   0.082   1.007 274.431 5324.799 )
2805.492: I:46049 (   0.043   0.045 906.751 ) T:12599667 (   0.043   0.046   0.082   1.006 273.919 5324.799 )
2815.498: I:41927 (   0.043   0.046 503.807 ) T:12641594 (   0.043   0.046   0.082   1.006 274.175 5324.799 )
2825.492: I:47421 (   0.043   0.046 849.919 ) T:12689015 (   0.043   0.046   0.082   1.006 274.431 5324.799 )
2835.497: I:37713 (   0.043   0.046 1171.455 ) T:12726728 (   0.043   0.046   0.082   1.006 274.687 5324.799 )
2845.492: I:38500 (   0.043   0.045 575.487 ) T:12765228 (   0.043   0.046   0.082   1.005 274.687 5324.799 )
2855.492: I:51741 (   0.043   0.045 545.279 ) T:12816969 (   0.043   0.046   0.082   1.005 274.687 5324.799 )
2865.668: I:51943 (   0.043   0.046 795.135 ) T:12868912 (   0.043   0.046   0.082   1.005 274.687 5324.799 )
2875.492: I:41470 (   0.043   0.045 758.783 ) T:12910382 (   0.043   0.046   0.082   1.004 274.687 5324.799 )
2885.500: I:32237 (   0.043   0.045 761.855 ) T:12942619 (   0.043   0.046   0.082   1.004 274.687 5324.799 )
2895.498: I:46352 (   0.043   0.046 549.887 ) T:12988971 (   0.043   0.046   0.082   1.004 274.687 5324.799 )
2905.495: I:46847 (   0.043   0.046 1294.335 ) T:13035818 (   0.043   0.046   0.082   1.003 274.687 5324.799 )
2915.500: I:39516 (   0.043   0.046 414.463 ) T:13075334 (   0.043   0.046   0.082   1.003 274.687 5324.799 )
2925.496: I:20977 (   0.043   0.046 781.311 ) T:13096311 (   0.043   0.046   0.082   1.003 274.943 5324.799 )
2935.499: I:46752 (   0.043   0.046 842.751 ) T:13143063 (   0.043   0.046   0.082   1.003 274.943 5324.799 )
2945.496: I:43182 (   0.043   0.046 1071.103 ) T:13186245 (   0.043   0.046   0.082   1.003 274.943 5324.799 )
2955.497: I:48098 (   0.044   0.046 1070.079 ) T:13234343 (   0.043   0.046   0.082   1.003 274.943 5324.799 )
2965.499: I:43469 (   0.043   0.046 1213.439 ) T:13277812 (   0.043   0.046   0.082   1.002 274.943 5324.799 )
2975.496: I:44094 (   0.043   0.046 613.887 ) T:13321906 (   0.043   0.046   0.082   1.002 274.943 5324.799 )
2978.101: I:11426 (   0.043   0.046 198.527 ) T:13333332 (   0.043   0.046   0.082   1.002 274.943 5324.799 )
2978.191: I:0 (   0.000   0.000   0.000 ) T:13333332 (   0.043   0.046   0.082   1.002 274.943 5324.799 )
