#[Interval percentile log between 0.000 and <Infinite> seconds (relative to StartTime)]
#[StartTime: 1524770332.837 (seconds since epoch), Thu Apr 26 21:18:52 CEST 2018]
Time: IntervalPercentiles:count ( 50% 90% Max ) TotalPercentiles:count ( 50% 90% 99% 99.9% 99.99% Max )
5.552: I:1 ( 4493.311 4493.311 4493.311 ) T:1 ( 4493.311 4493.311 4493.311 4493.311 4493.311 4493.311 )
15.526: I:0 (   0.000   0.000   0.000 ) T:1 ( 4493.311 4493.311 4493.311 4493.311 4493.311 4493.311 )
25.533: I:0 (   0.000   0.000   0.000 ) T:1 ( 4493.311 4493.311 4493.311 4493.311 4493.311 4493.311 )
35.518: I:0 (   0.000   0.000   0.000 ) T:1 ( 4493.311 4493.311 4493.311 4493.311 4493.311 4493.311 )
45.524: I:0 (   0.000   0.000   0.000 ) T:1 ( 4493.311 4493.311 4493.311 4493.311 4493.311 4493.311 )
55.521: I:0 (   0.000   0.000   0.000 ) T:1 ( 4493.311 4493.311 4493.311 4493.311 4493.311 4493.311 )
65.516: I:0 (   0.000   0.000   0.000 ) T:1 ( 4493.311 4493.311 4493.311 4493.311 4493.311 4493.311 )
75.516: I:0 (   0.000   0.000   0.000 ) T:1 ( 4493.311 4493.311 4493.311 4493.311 4493.311 4493.311 )
85.519: I:0 (   0.000   0.000   0.000 ) T:1 ( 4493.311 4493.311 4493.311 4493.311 4493.311 4493.311 )
95.522: I:0 (   0.000   0.000   0.000 ) T:1 ( 4493.311 4493.311 4493.311 4493.311 4493.311 4493.311 )
105.522: I:0 (   0.000   0.000   0.000 ) T:1 ( 4493.311 4493.311 4493.311 4493.311 4493.311 4493.311 )
115.516: I:0 (   0.000   0.000   0.000 ) T:1 ( 4493.311 4493.311 4493.311 4493.311 4493.311 4493.311 )
125.522: I:0 (   0.000   0.000   0.000 ) T:1 ( 4493.311 4493.311 4493.311 4493.311 4493.311 4493.311 )
135.516: I:0 (   0.000   0.000   0.000 ) T:1 ( 4493.311 4493.311 4493.311 4493.311 4493.311 4493.311 )
145.516: I:0 (   0.000   0.000   0.000 ) T:1 ( 4493.311 4493.311 4493.311 4493.311 4493.311 4493.311 )
155.516: I:0 (   0.000   0.000   0.000 ) T:1 ( 4493.311 4493.311 4493.311 4493.311 4493.311 4493.311 )
165.521: I:0 (   0.000   0.000   0.000 ) T:1 ( 4493.311 4493.311 4493.311 4493.311 4493.311 4493.311 )
175.521: I:0 (   0.000   0.000   0.000 ) T:1 ( 4493.311 4493.311 4493.311 4493.311 4493.311 4493.311 )
185.519: I:0 (   0.000   0.000   0.000 ) T:1 ( 4493.311 4493.311 4493.311 4493.311 4493.311 4493.311 )
195.516: I:0 (   0.000   0.000   0.000 ) T:1 ( 4493.311 4493.311 4493.311 4493.311 4493.311 4493.311 )
205.523: I:0 (   0.000   0.000   0.000 ) T:1 ( 4493.311 4493.311 4493.311 4493.311 4493.311 4493.311 )
215.516: I:0 (   0.000   0.000   0.000 ) T:1 ( 4493.311 4493.311 4493.311 4493.311 4493.311 4493.311 )
225.519: I:0 (   0.000   0.000   0.000 ) T:1 ( 4493.311 4493.311 4493.311 4493.311 4493.311 4493.311 )
235.523: I:0 (   0.000   0.000   0.000 ) T:1 ( 4493.311 4493.311 4493.311 4493.311 4493.311 4493.311 )
245.519: I:0 (   0.000   0.000   0.000 ) T:1 ( 4493.311 4493.311 4493.311 4493.311 4493.311 4493.311 )
255.523: I:0 (   0.000   0.000   0.000 ) T:1 ( 4493.311 4493.311 4493.311 4493.311 4493.311 4493.311 )
265.519: I:0 (   0.000   0.000   0.000 ) T:1 ( 4493.311 4493.311 4493.311 4493.311 4493.311 4493.311 )
275.516: I:0 (   0.000   0.000   0.000 ) T:1 ( 4493.311 4493.311 4493.311 4493.311 4493.311 4493.311 )
285.519: I:0 (   0.000   0.000   0.000 ) T:1 ( 4493.311 4493.311 4493.311 4493.311 4493.311 4493.311 )
295.519: I:0 (   0.000   0.000   0.000 ) T:1 ( 4493.311 4493.311 4493.311 4493.311 4493.311 4493.311 )
305.516: I:0 (   0.000   0.000   0.000 ) T:1 ( 4493.311 4493.311 4493.311 4493.311 4493.311 4493.311 )
315.519: I:0 (   0.000   0.000   0.000 ) T:1 ( 4493.311 4493.311 4493.311 4493.311 4493.311 4493.311 )
325.516: I:0 (   0.000   0.000   0.000 ) T:1 ( 4493.311 4493.311 4493.311 4493.311 4493.311 4493.311 )
335.516: I:0 (   0.000   0.000   0.000 ) T:1 ( 4493.311 4493.311 4493.311 4493.311 4493.311 4493.311 )
345.519: I:0 (   0.000   0.000   0.000 ) T:1 ( 4493.311 4493.311 4493.311 4493.311 4493.311 4493.311 )
355.516: I:0 (   0.000   0.000   0.000 ) T:1 ( 4493.311 4493.311 4493.311 4493.311 4493.311 4493.311 )
365.521: I:0 (   0.000   0.000   0.000 ) T:1 ( 4493.311 4493.311 4493.311 4493.311 4493.311 4493.311 )
375.517: I:0 (   0.000   0.000   0.000 ) T:1 ( 4493.311 4493.311 4493.311 4493.311 4493.311 4493.311 )
385.517: I:0 (   0.000   0.000   0.000 ) T:1 ( 4493.311 4493.311 4493.311 4493.311 4493.311 4493.311 )
395.516: I:0 (   0.000   0.000   0.000 ) T:1 ( 4493.311 4493.311 4493.311 4493.311 4493.311 4493.311 )
405.516: I:0 (   0.000   0.000   0.000 ) T:1 ( 4493.311 4493.311 4493.311 4493.311 4493.311 4493.311 )
415.516: I:0 (   0.000   0.000   0.000 ) T:1 ( 4493.311 4493.311 4493.311 4493.311 4493.311 4493.311 )
425.519: I:0 (   0.000   0.000   0.000 ) T:1 ( 4493.311 4493.311 4493.311 4493.311 4493.311 4493.311 )
435.523: I:0 (   0.000   0.000   0.000 ) T:1 ( 4493.311 4493.311 4493.311 4493.311 4493.311 4493.311 )
445.522: I:0 (   0.000   0.000   0.000 ) T:1 ( 4493.311 4493.311 4493.311 4493.311 4493.311 4493.311 )
455.519: I:0 (   0.000   0.000   0.000 ) T:1 ( 4493.311 4493.311 4493.311 4493.311 4493.311 4493.311 )
465.516: I:0 (   0.000   0.000   0.000 ) T:1 ( 4493.311 4493.311 4493.311 4493.311 4493.311 4493.311 )
475.520: I:0 (   0.000   0.000   0.000 ) T:1 ( 4493.311 4493.311 4493.311 4493.311 4493.311 4493.311 )
485.514: I:0 (   0.000   0.000   0.000 ) T:1 ( 4493.311 4493.311 4493.311 4493.311 4493.311 4493.311 )
495.517: I:0 (   0.000   0.000   0.000 ) T:1 ( 4493.311 4493.311 4493.311 4493.311 4493.311 4493.311 )
505.516: I:0 (   0.000   0.000   0.000 ) T:1 ( 4493.311 4493.311 4493.311 4493.311 4493.311 4493.311 )
515.523: I:0 (   0.000   0.000   0.000 ) T:1 ( 4493.311 4493.311 4493.311 4493.311 4493.311 4493.311 )
525.516: I:0 (   0.000   0.000   0.000 ) T:1 ( 4493.311 4493.311 4493.311 4493.311 4493.311 4493.311 )
535.522: I:0 (   0.000   0.000   0.000 ) T:1 ( 4493.311 4493.311 4493.311 4493.311 4493.311 4493.311 )
545.516: I:0 (   0.000   0.000   0.000 ) T:1 ( 4493.311 4493.311 4493.311 4493.311 4493.311 4493.311 )
555.523: I:0 (   0.000   0.000   0.000 ) T:1 ( 4493.311 4493.311 4493.311 4493.311 4493.311 4493.311 )
565.516: I:0 (   0.000   0.000   0.000 ) T:1 ( 4493.311 4493.311 4493.311 4493.311 4493.311 4493.311 )
575.522: I:0 (   0.000   0.000   0.000 ) T:1 ( 4493.311 4493.311 4493.311 4493.311 4493.311 4493.311 )
585.523: I:0 (   0.000   0.000   0.000 ) T:1 ( 4493.311 4493.311 4493.311 4493.311 4493.311 4493.311 )
595.519: I:0 (   0.000   0.000   0.000 ) T:1 ( 4493.311 4493.311 4493.311 4493.311 4493.311 4493.311 )
605.516: I:0 (   0.000   0.000   0.000 ) T:1 ( 4493.311 4493.311 4493.311 4493.311 4493.311 4493.311 )
615.522: I:0 (   0.000   0.000   0.000 ) T:1 ( 4493.311 4493.311 4493.311 4493.311 4493.311 4493.311 )
625.524: I:0 (   0.000   0.000   0.000 ) T:1 ( 4493.311 4493.311 4493.311 4493.311 4493.311 4493.311 )
635.516: I:0 (   0.000   0.000   0.000 ) T:1 ( 4493.311 4493.311 4493.311 4493.311 4493.311 4493.311 )
645.518: I:0 (   0.000   0.000   0.000 ) T:1 ( 4493.311 4493.311 4493.311 4493.311 4493.311 4493.311 )
655.552: I:0 (   0.000   0.000   0.000 ) T:1 ( 4493.311 4493.311 4493.311 4493.311 4493.311 4493.311 )
665.516: I:0 (   0.000   0.000   0.000 ) T:1 ( 4493.311 4493.311 4493.311 4493.311 4493.311 4493.311 )
675.518: I:0 (   0.000   0.000   0.000 ) T:1 ( 4493.311 4493.311 4493.311 4493.311 4493.311 4493.311 )
685.514: I:0 (   0.000   0.000   0.000 ) T:1 ( 4493.311 4493.311 4493.311 4493.311 4493.311 4493.311 )
695.523: I:0 (   0.000   0.000   0.000 ) T:1 ( 4493.311 4493.311 4493.311 4493.311 4493.311 4493.311 )
705.523: I:0 (   0.000   0.000   0.000 ) T:1 ( 4493.311 4493.311 4493.311 4493.311 4493.311 4493.311 )
715.525: I:0 (   0.000   0.000   0.000 ) T:1 ( 4493.311 4493.311 4493.311 4493.311 4493.311 4493.311 )
725.522: I:0 (   0.000   0.000   0.000 ) T:1 ( 4493.311 4493.311 4493.311 4493.311 4493.311 4493.311 )
735.524: I:0 (   0.000   0.000   0.000 ) T:1 ( 4493.311 4493.311 4493.311 4493.311 4493.311 4493.311 )
745.523: I:0 (   0.000   0.000   0.000 ) T:1 ( 4493.311 4493.311 4493.311 4493.311 4493.311 4493.311 )
755.517: I:0 (   0.000   0.000   0.000 ) T:1 ( 4493.311 4493.311 4493.311 4493.311 4493.311 4493.311 )
765.620: I:0 (   0.000   0.000   0.000 ) T:1 ( 4493.311 4493.311 4493.311 4493.311 4493.311 4493.311 )
775.519: I:0 (   0.000   0.000   0.000 ) T:1 ( 4493.311 4493.311 4493.311 4493.311 4493.311 4493.311 )
785.523: I:0 (   0.000   0.000   0.000 ) T:1 ( 4493.311 4493.311 4493.311 4493.311 4493.311 4493.311 )
795.520: I:0 (   0.000   0.000   0.000 ) T:1 ( 4493.311 4493.311 4493.311 4493.311 4493.311 4493.311 )
805.515: I:0 (   0.000   0.000   0.000 ) T:1 ( 4493.311 4493.311 4493.311 4493.311 4493.311 4493.311 )
815.521: I:0 (   0.000   0.000   0.000 ) T:1 ( 4493.311 4493.311 4493.311 4493.311 4493.311 4493.311 )
825.515: I:0 (   0.000   0.000   0.000 ) T:1 ( 4493.311 4493.311 4493.311 4493.311 4493.311 4493.311 )
835.523: I:0 (   0.000   0.000   0.000 ) T:1 ( 4493.311 4493.311 4493.311 4493.311 4493.311 4493.311 )
845.522: I:0 (   0.000   0.000   0.000 ) T:1 ( 4493.311 4493.311 4493.311 4493.311 4493.311 4493.311 )
855.523: I:0 (   0.000   0.000   0.000 ) T:1 ( 4493.311 4493.311 4493.311 4493.311 4493.311 4493.311 )
865.523: I:0 (   0.000   0.000   0.000 ) T:1 ( 4493.311 4493.311 4493.311 4493.311 4493.311 4493.311 )
875.517: I:0 (   0.000   0.000   0.000 ) T:1 ( 4493.311 4493.311 4493.311 4493.311 4493.311 4493.311 )
885.521: I:0 (   0.000   0.000   0.000 ) T:1 ( 4493.311 4493.311 4493.311 4493.311 4493.311 4493.311 )
895.519: I:0 (   0.000   0.000   0.000 ) T:1 ( 4493.311 4493.311 4493.311 4493.311 4493.311 4493.311 )
905.522: I:0 (   0.000   0.000   0.000 ) T:1 ( 4493.311 4493.311 4493.311 4493.311 4493.311 4493.311 )
915.521: I:0 (   0.000   0.000   0.000 ) T:1 ( 4493.311 4493.311 4493.311 4493.311 4493.311 4493.311 )
925.515: I:0 (   0.000   0.000   0.000 ) T:1 ( 4493.311 4493.311 4493.311 4493.311 4493.311 4493.311 )
935.523: I:0 (   0.000   0.000   0.000 ) T:1 ( 4493.311 4493.311 4493.311 4493.311 4493.311 4493.311 )
945.624: I:0 (   0.000   0.000   0.000 ) T:1 ( 4493.311 4493.311 4493.311 4493.311 4493.311 4493.311 )
955.522: I:0 (   0.000   0.000   0.000 ) T:1 ( 4493.311 4493.311 4493.311 4493.311 4493.311 4493.311 )
965.522: I:0 (   0.000   0.000   0.000 ) T:1 ( 4493.311 4493.311 4493.311 4493.311 4493.311 4493.311 )
975.516: I:0 (   0.000   0.000   0.000 ) T:1 ( 4493.311 4493.311 4493.311 4493.311 4493.311 4493.311 )
985.522: I:0 (   0.000   0.000   0.000 ) T:1 ( 4493.311 4493.311 4493.311 4493.311 4493.311 4493.311 )
995.522: I:0 (   0.000   0.000   0.000 ) T:1 ( 4493.311 4493.311 4493.311 4493.311 4493.311 4493.311 )
1005.515: I:0 (   0.000   0.000   0.000 ) T:1 ( 4493.311 4493.311 4493.311 4493.311 4493.311 4493.311 )
1015.521: I:0 (   0.000   0.000   0.000 ) T:1 ( 4493.311 4493.311 4493.311 4493.311 4493.311 4493.311 )
1025.519: I:0 (   0.000   0.000   0.000 ) T:1 ( 4493.311 4493.311 4493.311 4493.311 4493.311 4493.311 )
1035.520: I:0 (   0.000   0.000   0.000 ) T:1 ( 4493.311 4493.311 4493.311 4493.311 4493.311 4493.311 )
1045.523: I:0 (   0.000   0.000   0.000 ) T:1 ( 4493.311 4493.311 4493.311 4493.311 4493.311 4493.311 )
1055.519: I:0 (   0.000   0.000   0.000 ) T:1 ( 4493.311 4493.311 4493.311 4493.311 4493.311 4493.311 )
1065.519: I:0 (   0.000   0.000   0.000 ) T:1 ( 4493.311 4493.311 4493.311 4493.311 4493.311 4493.311 )
1075.519: I:0 (   0.000   0.000   0.000 ) T:1 ( 4493.311 4493.311 4493.311 4493.311 4493.311 4493.311 )
1085.518: I:0 (   0.000   0.000   0.000 ) T:1 ( 4493.311 4493.311 4493.311 4493.311 4493.311 4493.311 )
1095.523: I:0 (   0.000   0.000   0.000 ) T:1 ( 4493.311 4493.311 4493.311 4493.311 4493.311 4493.311 )
1105.519: I:0 (   0.000   0.000   0.000 ) T:1 ( 4493.311 4493.311 4493.311 4493.311 4493.311 4493.311 )
1115.517: I:0 (   0.000   0.000   0.000 ) T:1 ( 4493.311 4493.311 4493.311 4493.311 4493.311 4493.311 )
1125.514: I:0 (   0.000   0.000   0.000 ) T:1 ( 4493.311 4493.311 4493.311 4493.311 4493.311 4493.311 )
1135.523: I:0 (   0.000   0.000   0.000 ) T:1 ( 4493.311 4493.311 4493.311 4493.311 4493.311 4493.311 )
1145.516: I:0 (   0.000   0.000   0.000 ) T:1 ( 4493.311 4493.311 4493.311 4493.311 4493.311 4493.311 )
1155.522: I:0 (   0.000   0.000   0.000 ) T:1 ( 4493.311 4493.311 4493.311 4493.311 4493.311 4493.311 )
1165.519: I:0 (   0.000   0.000   0.000 ) T:1 ( 4493.311 4493.311 4493.311 4493.311 4493.311 4493.311 )
1175.522: I:0 (   0.000   0.000   0.000 ) T:1 ( 4493.311 4493.311 4493.311 4493.311 4493.311 4493.311 )
1185.515: I:0 (   0.000   0.000   0.000 ) T:1 ( 4493.311 4493.311 4493.311 4493.311 4493.311 4493.311 )
1195.518: I:0 (   0.000   0.000   0.000 ) T:1 ( 4493.311 4493.311 4493.311 4493.311 4493.311 4493.311 )
1205.521: I:0 (   0.000   0.000   0.000 ) T:1 ( 4493.311 4493.311 4493.311 4493.311 4493.311 4493.311 )
1215.519: I:0 (   0.000   0.000   0.000 ) T:1 ( 4493.311 4493.311 4493.311 4493.311 4493.311 4493.311 )
1225.516: I:0 (   0.000   0.000   0.000 ) T:1 ( 4493.311 4493.311 4493.311 4493.311 4493.311 4493.311 )
1235.515: I:0 (   0.000   0.000   0.000 ) T:1 ( 4493.311 4493.311 4493.311 4493.311 4493.311 4493.311 )
1245.515: I:0 (   0.000   0.000   0.000 ) T:1 ( 4493.311 4493.311 4493.311 4493.311 4493.311 4493.311 )
1255.516: I:0 (   0.000   0.000   0.000 ) T:1 ( 4493.311 4493.311 4493.311 4493.311 4493.311 4493.311 )
1265.516: I:0 (   0.000   0.000   0.000 ) T:1 ( 4493.311 4493.311 4493.311 4493.311 4493.311 4493.311 )
1275.516: I:0 (   0.000   0.000   0.000 ) T:1 ( 4493.311 4493.311 4493.311 4493.311 4493.311 4493.311 )
1285.522: I:0 (   0.000   0.000   0.000 ) T:1 ( 4493.311 4493.311 4493.311 4493.311 4493.311 4493.311 )
1295.516: I:0 (   0.000   0.000   0.000 ) T:1 ( 4493.311 4493.311 4493.311 4493.311 4493.311 4493.311 )
1305.522: I:0 (   0.000   0.000   0.000 ) T:1 ( 4493.311 4493.311 4493.311 4493.311 4493.311 4493.311 )
1315.526: I:0 (   0.000   0.000   0.000 ) T:1 ( 4493.311 4493.311 4493.311 4493.311 4493.311 4493.311 )
1325.522: I:0 (   0.000   0.000   0.000 ) T:1 ( 4493.311 4493.311 4493.311 4493.311 4493.311 4493.311 )
1335.519: I:0 (   0.000   0.000   0.000 ) T:1 ( 4493.311 4493.311 4493.311 4493.311 4493.311 4493.311 )
1345.519: I:0 (   0.000   0.000   0.000 ) T:1 ( 4493.311 4493.311 4493.311 4493.311 4493.311 4493.311 )
1355.519: I:0 (   0.000   0.000   0.000 ) T:1 ( 4493.311 4493.311 4493.311 4493.311 4493.311 4493.311 )
1365.523: I:0 (   0.000   0.000   0.000 ) T:1 ( 4493.311 4493.311 4493.311 4493.311 4493.311 4493.311 )
1375.519: I:0 (   0.000   0.000   0.000 ) T:1 ( 4493.311 4493.311 4493.311 4493.311 4493.311 4493.311 )
1385.522: I:0 (   0.000   0.000   0.000 ) T:1 ( 4493.311 4493.311 4493.311 4493.311 4493.311 4493.311 )
1395.521: I:0 (   0.000   0.000   0.000 ) T:1 ( 4493.311 4493.311 4493.311 4493.311 4493.311 4493.311 )
1405.517: I:0 (   0.000   0.000   0.000 ) T:1 ( 4493.311 4493.311 4493.311 4493.311 4493.311 4493.311 )
1415.523: I:0 (   0.000   0.000   0.000 ) T:1 ( 4493.311 4493.311 4493.311 4493.311 4493.311 4493.311 )
1425.514: I:0 (   0.000   0.000   0.000 ) T:1 ( 4493.311 4493.311 4493.311 4493.311 4493.311 4493.311 )
1435.523: I:0 (   0.000   0.000   0.000 ) T:1 ( 4493.311 4493.311 4493.311 4493.311 4493.311 4493.311 )
1445.516: I:0 (   0.000   0.000   0.000 ) T:1 ( 4493.311 4493.311 4493.311 4493.311 4493.311 4493.311 )
1455.523: I:0 (   0.000   0.000   0.000 ) T:1 ( 4493.311 4493.311 4493.311 4493.311 4493.311 4493.311 )
1465.516: I:0 (   0.000   0.000   0.000 ) T:1 ( 4493.311 4493.311 4493.311 4493.311 4493.311 4493.311 )
1475.515: I:0 (   0.000   0.000   0.000 ) T:1 ( 4493.311 4493.311 4493.311 4493.311 4493.311 4493.311 )
1485.522: I:0 (   0.000   0.000   0.000 ) T:1 ( 4493.311 4493.311 4493.311 4493.311 4493.311 4493.311 )
1495.519: I:0 (   0.000   0.000   0.000 ) T:1 ( 4493.311 4493.311 4493.311 4493.311 4493.311 4493.311 )
1505.522: I:0 (   0.000   0.000   0.000 ) T:1 ( 4493.311 4493.311 4493.311 4493.311 4493.311 4493.311 )
1515.519: I:0 (   0.000   0.000   0.000 ) T:1 ( 4493.311 4493.311 4493.311 4493.311 4493.311 4493.311 )
1525.514: I:0 (   0.000   0.000   0.000 ) T:1 ( 4493.311 4493.311 4493.311 4493.311 4493.311 4493.311 )
1535.516: I:0 (   0.000   0.000   0.000 ) T:1 ( 4493.311 4493.311 4493.311 4493.311 4493.311 4493.311 )
1545.516: I:0 (   0.000   0.000   0.000 ) T:1 ( 4493.311 4493.311 4493.311 4493.311 4493.311 4493.311 )
1555.516: I:0 (   0.000   0.000   0.000 ) T:1 ( 4493.311 4493.311 4493.311 4493.311 4493.311 4493.311 )
1565.519: I:0 (   0.000   0.000   0.000 ) T:1 ( 4493.311 4493.311 4493.311 4493.311 4493.311 4493.311 )
1575.519: I:0 (   0.000   0.000   0.000 ) T:1 ( 4493.311 4493.311 4493.311 4493.311 4493.311 4493.311 )
1585.516: I:0 (   0.000   0.000   0.000 ) T:1 ( 4493.311 4493.311 4493.311 4493.311 4493.311 4493.311 )
1595.521: I:0 (   0.000   0.000   0.000 ) T:1 ( 4493.311 4493.311 4493.311 4493.311 4493.311 4493.311 )
1605.516: I:0 (   0.000   0.000   0.000 ) T:1 ( 4493.311 4493.311 4493.311 4493.311 4493.311 4493.311 )
1615.524: I:0 (   0.000   0.000   0.000 ) T:1 ( 4493.311 4493.311 4493.311 4493.311 4493.311 4493.311 )
1625.516: I:0 (   0.000   0.000   0.000 ) T:1 ( 4493.311 4493.311 4493.311 4493.311 4493.311 4493.311 )
1635.519: I:0 (   0.000   0.000   0.000 ) T:1 ( 4493.311 4493.311 4493.311 4493.311 4493.311 4493.311 )
1645.516: I:0 (   0.000   0.000   0.000 ) T:1 ( 4493.311 4493.311 4493.311 4493.311 4493.311 4493.311 )
1655.522: I:0 (   0.000   0.000   0.000 ) T:1 ( 4493.311 4493.311 4493.311 4493.311 4493.311 4493.311 )
1665.515: I:0 (   0.000   0.000   0.000 ) T:1 ( 4493.311 4493.311 4493.311 4493.311 4493.311 4493.311 )
1675.562: I:0 (   0.000   0.000   0.000 ) T:1 ( 4493.311 4493.311 4493.311 4493.311 4493.311 4493.311 )
1685.515: I:0 (   0.000   0.000   0.000 ) T:1 ( 4493.311 4493.311 4493.311 4493.311 4493.311 4493.311 )
1695.518: I:0 (   0.000   0.000   0.000 ) T:1 ( 4493.311 4493.311 4493.311 4493.311 4493.311 4493.311 )
1705.523: I:0 (   0.000   0.000   0.000 ) T:1 ( 4493.311 4493.311 4493.311 4493.311 4493.311 4493.311 )
1715.516: I:0 (   0.000   0.000   0.000 ) T:1 ( 4493.311 4493.311 4493.311 4493.311 4493.311 4493.311 )
1725.523: I:0 (   0.000   0.000   0.000 ) T:1 ( 4493.311 4493.311 4493.311 4493.311 4493.311 4493.311 )
1735.515: I:0 (   0.000   0.000   0.000 ) T:1 ( 4493.311 4493.311 4493.311 4493.311 4493.311 4493.311 )
1745.519: I:0 (   0.000   0.000   0.000 ) T:1 ( 4493.311 4493.311 4493.311 4493.311 4493.311 4493.311 )
1755.522: I:0 (   0.000   0.000   0.000 ) T:1 ( 4493.311 4493.311 4493.311 4493.311 4493.311 4493.311 )
1765.519: I:0 (   0.000   0.000   0.000 ) T:1 ( 4493.311 4493.311 4493.311 4493.311 4493.311 4493.311 )
1775.523: I:0 (   0.000   0.000   0.000 ) T:1 ( 4493.311 4493.311 4493.311 4493.311 4493.311 4493.311 )
1785.522: I:0 (   0.000   0.000   0.000 ) T:1 ( 4493.311 4493.311 4493.311 4493.311 4493.311 4493.311 )
1795.515: I:0 (   0.000   0.000   0.000 ) T:1 ( 4493.311 4493.311 4493.311 4493.311 4493.311 4493.311 )
1805.523: I:0 (   0.000   0.000   0.000 ) T:1 ( 4493.311 4493.311 4493.311 4493.311 4493.311 4493.311 )
1815.522: I:0 (   0.000   0.000   0.000 ) T:1 ( 4493.311 4493.311 4493.311 4493.311 4493.311 4493.311 )
1825.522: I:0 (   0.000   0.000   0.000 ) T:1 ( 4493.311 4493.311 4493.311 4493.311 4493.311 4493.311 )
1835.522: I:0 (   0.000   0.000   0.000 ) T:1 ( 4493.311 4493.311 4493.311 4493.311 4493.311 4493.311 )
1845.516: I:0 (   0.000   0.000   0.000 ) T:1 ( 4493.311 4493.311 4493.311 4493.311 4493.311 4493.311 )
1855.516: I:0 (   0.000   0.000   0.000 ) T:1 ( 4493.311 4493.311 4493.311 4493.311 4493.311 4493.311 )
1865.515: I:0 (   0.000   0.000   0.000 ) T:1 ( 4493.311 4493.311 4493.311 4493.311 4493.311 4493.311 )
1875.522: I:0 (   0.000   0.000   0.000 ) T:1 ( 4493.311 4493.311 4493.311 4493.311 4493.311 4493.311 )
1885.523: I:0 (   0.000   0.000   0.000 ) T:1 ( 4493.311 4493.311 4493.311 4493.311 4493.311 4493.311 )
1895.522: I:0 (   0.000   0.000   0.000 ) T:1 ( 4493.311 4493.311 4493.311 4493.311 4493.311 4493.311 )
1905.519: I:0 (   0.000   0.000   0.000 ) T:1 ( 4493.311 4493.311 4493.311 4493.311 4493.311 4493.311 )
1915.516: I:0 (   0.000   0.000   0.000 ) T:1 ( 4493.311 4493.311 4493.311 4493.311 4493.311 4493.311 )
1925.516: I:0 (   0.000   0.000   0.000 ) T:1 ( 4493.311 4493.311 4493.311 4493.311 4493.311 4493.311 )
1935.522: I:0 (   0.000   0.000   0.000 ) T:1 ( 4493.311 4493.311 4493.311 4493.311 4493.311 4493.311 )
1945.524: I:0 (   0.000   0.000   0.000 ) T:1 ( 4493.311 4493.311 4493.311 4493.311 4493.311 4493.311 )
1955.514: I:0 (   0.000   0.000   0.000 ) T:1 ( 4493.311 4493.311 4493.311 4493.311 4493.311 4493.311 )
1965.519: I:0 (   0.000   0.000   0.000 ) T:1 ( 4493.311 4493.311 4493.311 4493.311 4493.311 4493.311 )
1975.522: I:0 (   0.000   0.000   0.000 ) T:1 ( 4493.311 4493.311 4493.311 4493.311 4493.311 4493.311 )
1985.515: I:0 (   0.000   0.000   0.000 ) T:1 ( 4493.311 4493.311 4493.311 4493.311 4493.311 4493.311 )
1995.515: I:0 (   0.000   0.000   0.000 ) T:1 ( 4493.311 4493.311 4493.311 4493.311 4493.311 4493.311 )
2005.780: I:0 (   0.000   0.000   0.000 ) T:1 ( 4493.311 4493.311 4493.311 4493.311 4493.311 4493.311 )
2015.516: I:0 (   0.000   0.000   0.000 ) T:1 ( 4493.311 4493.311 4493.311 4493.311 4493.311 4493.311 )
2025.519: I:0 (   0.000   0.000   0.000 ) T:1 ( 4493.311 4493.311 4493.311 4493.311 4493.311 4493.311 )
2035.516: I:0 (   0.000   0.000   0.000 ) T:1 ( 4493.311 4493.311 4493.311 4493.311 4493.311 4493.311 )
2045.519: I:0 (   0.000   0.000   0.000 ) T:1 ( 4493.311 4493.311 4493.311 4493.311 4493.311 4493.311 )
2055.523: I:0 (   0.000   0.000   0.000 ) T:1 ( 4493.311 4493.311 4493.311 4493.311 4493.311 4493.311 )
2065.515: I:0 (   0.000   0.000   0.000 ) T:1 ( 4493.311 4493.311 4493.311 4493.311 4493.311 4493.311 )
2075.514: I:0 (   0.000   0.000   0.000 ) T:1 ( 4493.311 4493.311 4493.311 4493.311 4493.311 4493.311 )
2085.523: I:0 (   0.000   0.000   0.000 ) T:1 ( 4493.311 4493.311 4493.311 4493.311 4493.311 4493.311 )
2095.516: I:0 (   0.000   0.000   0.000 ) T:1 ( 4493.311 4493.311 4493.311 4493.311 4493.311 4493.311 )
2105.519: I:0 (   0.000   0.000   0.000 ) T:1 ( 4493.311 4493.311 4493.311 4493.311 4493.311 4493.311 )
2115.520: I:0 (   0.000   0.000   0.000 ) T:1 ( 4493.311 4493.311 4493.311 4493.311 4493.311 4493.311 )
2125.521: I:0 (   0.000   0.000   0.000 ) T:1 ( 4493.311 4493.311 4493.311 4493.311 4493.311 4493.311 )
2135.516: I:0 (   0.000   0.000   0.000 ) T:1 ( 4493.311 4493.311 4493.311 4493.311 4493.311 4493.311 )
2145.515: I:0 (   0.000   0.000   0.000 ) T:1 ( 4493.311 4493.311 4493.311 4493.311 4493.311 4493.311 )
2155.519: I:0 (   0.000   0.000   0.000 ) T:1 ( 4493.311 4493.311 4493.311 4493.311 4493.311 4493.311 )
2168.410: I:0 (   0.000   0.000   0.000 ) T:1 ( 4493.311 4493.311 4493.311 4493.311 4493.311 4493.311 )
2175.522: I:0 (   0.000   0.000   0.000 ) T:1 ( 4493.311 4493.311 4493.311 4493.311 4493.311 4493.311 )
2185.516: I:0 (   0.000   0.000   0.000 ) T:1 ( 4493.311 4493.311 4493.311 4493.311 4493.311 4493.311 )
2195.519: I:0 (   0.000   0.000   0.000 ) T:1 ( 4493.311 4493.311 4493.311 4493.311 4493.311 4493.311 )
2205.522: I:0 (   0.000   0.000   0.000 ) T:1 ( 4493.311 4493.311 4493.311 4493.311 4493.311 4493.311 )
2215.516: I:0 (   0.000   0.000   0.000 ) T:1 ( 4493.311 4493.311 4493.311 4493.311 4493.311 4493.311 )
2225.515: I:0 (   0.000   0.000   0.000 ) T:1 ( 4493.311 4493.311 4493.311 4493.311 4493.311 4493.311 )
2235.515: I:0 (   0.000   0.000   0.000 ) T:1 ( 4493.311 4493.311 4493.311 4493.311 4493.311 4493.311 )
2245.520: I:0 (   0.000   0.000   0.000 ) T:1 ( 4493.311 4493.311 4493.311 4493.311 4493.311 4493.311 )
2255.514: I:0 (   0.000   0.000   0.000 ) T:1 ( 4493.311 4493.311 4493.311 4493.311 4493.311 4493.311 )
2265.516: I:0 (   0.000   0.000   0.000 ) T:1 ( 4493.311 4493.311 4493.311 4493.311 4493.311 4493.311 )
2275.522: I:0 (   0.000   0.000   0.000 ) T:1 ( 4493.311 4493.311 4493.311 4493.311 4493.311 4493.311 )
2285.515: I:0 (   0.000   0.000   0.000 ) T:1 ( 4493.311 4493.311 4493.311 4493.311 4493.311 4493.311 )
2295.519: I:0 (   0.000   0.000   0.000 ) T:1 ( 4493.311 4493.311 4493.311 4493.311 4493.311 4493.311 )
2305.516: I:0 (   0.000   0.000   0.000 ) T:1 ( 4493.311 4493.311 4493.311 4493.311 4493.311 4493.311 )
2315.516: I:0 (   0.000   0.000   0.000 ) T:1 ( 4493.311 4493.311 4493.311 4493.311 4493.311 4493.311 )
2325.522: I:0 (   0.000   0.000   0.000 ) T:1 ( 4493.311 4493.311 4493.311 4493.311 4493.311 4493.311 )
2335.514: I:0 (   0.000   0.000   0.000 ) T:1 ( 4493.311 4493.311 4493.311 4493.311 4493.311 4493.311 )
2345.521: I:0 (   0.000   0.000   0.000 ) T:1 ( 4493.311 4493.311 4493.311 4493.311 4493.311 4493.311 )
2355.519: I:0 (   0.000   0.000   0.000 ) T:1 ( 4493.311 4493.311 4493.311 4493.311 4493.311 4493.311 )
2365.516: I:0 (   0.000   0.000   0.000 ) T:1 ( 4493.311 4493.311 4493.311 4493.311 4493.311 4493.311 )
2375.523: I:0 (   0.000   0.000   0.000 ) T:1 ( 4493.311 4493.311 4493.311 4493.311 4493.311 4493.311 )
2385.523: I:0 (   0.000   0.000   0.000 ) T:1 ( 4493.311 4493.311 4493.311 4493.311 4493.311 4493.311 )
2395.522: I:0 (   0.000   0.000   0.000 ) T:1 ( 4493.311 4493.311 4493.311 4493.311 4493.311 4493.311 )
2405.524: I:0 (   0.000   0.000   0.000 ) T:1 ( 4493.311 4493.311 4493.311 4493.311 4493.311 4493.311 )
2415.523: I:0 (   0.000   0.000   0.000 ) T:1 ( 4493.311 4493.311 4493.311 4493.311 4493.311 4493.311 )
2425.523: I:0 (   0.000   0.000   0.000 ) T:1 ( 4493.311 4493.311 4493.311 4493.311 4493.311 4493.311 )
2435.517: I:0 (   0.000   0.000   0.000 ) T:1 ( 4493.311 4493.311 4493.311 4493.311 4493.311 4493.311 )
2445.519: I:0 (   0.000   0.000   0.000 ) T:1 ( 4493.311 4493.311 4493.311 4493.311 4493.311 4493.311 )
2455.522: I:0 (   0.000   0.000   0.000 ) T:1 ( 4493.311 4493.311 4493.311 4493.311 4493.311 4493.311 )
2465.522: I:0 (   0.000   0.000   0.000 ) T:1 ( 4493.311 4493.311 4493.311 4493.311 4493.311 4493.311 )
2475.516: I:0 (   0.000   0.000   0.000 ) T:1 ( 4493.311 4493.311 4493.311 4493.311 4493.311 4493.311 )
2485.522: I:0 (   0.000   0.000   0.000 ) T:1 ( 4493.311 4493.311 4493.311 4493.311 4493.311 4493.311 )
2495.519: I:0 (   0.000   0.000   0.000 ) T:1 ( 4493.311 4493.311 4493.311 4493.311 4493.311 4493.311 )
2505.523: I:0 (   0.000   0.000   0.000 ) T:1 ( 4493.311 4493.311 4493.311 4493.311 4493.311 4493.311 )
2515.522: I:0 (   0.000   0.000   0.000 ) T:1 ( 4493.311 4493.311 4493.311 4493.311 4493.311 4493.311 )
2525.515: I:0 (   0.000   0.000   0.000 ) T:1 ( 4493.311 4493.311 4493.311 4493.311 4493.311 4493.311 )
2535.515: I:0 (   0.000   0.000   0.000 ) T:1 ( 4493.311 4493.311 4493.311 4493.311 4493.311 4493.311 )
2545.521: I:0 (   0.000   0.000   0.000 ) T:1 ( 4493.311 4493.311 4493.311 4493.311 4493.311 4493.311 )
2555.519: I:0 (   0.000   0.000   0.000 ) T:1 ( 4493.311 4493.311 4493.311 4493.311 4493.311 4493.311 )
2565.514: I:0 (   0.000   0.000   0.000 ) T:1 ( 4493.311 4493.311 4493.311 4493.311 4493.311 4493.311 )
2575.521: I:0 (   0.000   0.000   0.000 ) T:1 ( 4493.311 4493.311 4493.311 4493.311 4493.311 4493.311 )
2585.523: I:0 (   0.000   0.000   0.000 ) T:1 ( 4493.311 4493.311 4493.311 4493.311 4493.311 4493.311 )
2595.516: I:0 (   0.000   0.000   0.000 ) T:1 ( 4493.311 4493.311 4493.311 4493.311 4493.311 4493.311 )
2605.749: I:0 (   0.000   0.000   0.000 ) T:1 ( 4493.311 4493.311 4493.311 4493.311 4493.311 4493.311 )
2615.515: I:0 (   0.000   0.000   0.000 ) T:1 ( 4493.311 4493.311 4493.311 4493.311 4493.311 4493.311 )
2625.520: I:0 (   0.000   0.000   0.000 ) T:1 ( 4493.311 4493.311 4493.311 4493.311 4493.311 4493.311 )
2635.516: I:0 (   0.000   0.000   0.000 ) T:1 ( 4493.311 4493.311 4493.311 4493.311 4493.311 4493.311 )
2645.516: I:0 (   0.000   0.000   0.000 ) T:1 ( 4493.311 4493.311 4493.311 4493.311 4493.311 4493.311 )
2655.523: I:0 (   0.000   0.000   0.000 ) T:1 ( 4493.311 4493.311 4493.311 4493.311 4493.311 4493.311 )
2665.592: I:0 (   0.000   0.000   0.000 ) T:1 ( 4493.311 4493.311 4493.311 4493.311 4493.311 4493.311 )
2675.523: I:0 (   0.000   0.000   0.000 ) T:1 ( 4493.311 4493.311 4493.311 4493.311 4493.311 4493.311 )
2685.514: I:0 (   0.000   0.000   0.000 ) T:1 ( 4493.311 4493.311 4493.311 4493.311 4493.311 4493.311 )
2695.522: I:0 (   0.000   0.000   0.000 ) T:1 ( 4493.311 4493.311 4493.311 4493.311 4493.311 4493.311 )
2705.579: I:0 (   0.000   0.000   0.000 ) T:1 ( 4493.311 4493.311 4493.311 4493.311 4493.311 4493.311 )
2715.516: I:0 (   0.000   0.000   0.000 ) T:1 ( 4493.311 4493.311 4493.311 4493.311 4493.311 4493.311 )
2725.516: I:0 (   0.000   0.000   0.000 ) T:1 ( 4493.311 4493.311 4493.311 4493.311 4493.311 4493.311 )
2735.519: I:0 (   0.000   0.000   0.000 ) T:1 ( 4493.311 4493.311 4493.311 4493.311 4493.311 4493.311 )
2745.515: I:0 (   0.000   0.000   0.000 ) T:1 ( 4493.311 4493.311 4493.311 4493.311 4493.311 4493.311 )
2755.523: I:0 (   0.000   0.000   0.000 ) T:1 ( 4493.311 4493.311 4493.311 4493.311 4493.311 4493.311 )
2765.523: I:0 (   0.000   0.000   0.000 ) T:1 ( 4493.311 4493.311 4493.311 4493.311 4493.311 4493.311 )
2775.523: I:0 (   0.000   0.000   0.000 ) T:1 ( 4493.311 4493.311 4493.311 4493.311 4493.311 4493.311 )
2785.519: I:0 (   0.000   0.000   0.000 ) T:1 ( 4493.311 4493.311 4493.311 4493.311 4493.311 4493.311 )
2795.519: I:0 (   0.000   0.000   0.000 ) T:1 ( 4493.311 4493.311 4493.311 4493.311 4493.311 4493.311 )
2805.516: I:0 (   0.000   0.000   0.000 ) T:1 ( 4493.311 4493.311 4493.311 4493.311 4493.311 4493.311 )
2815.522: I:0 (   0.000   0.000   0.000 ) T:1 ( 4493.311 4493.311 4493.311 4493.311 4493.311 4493.311 )
2825.516: I:0 (   0.000   0.000   0.000 ) T:1 ( 4493.311 4493.311 4493.311 4493.311 4493.311 4493.311 )
2835.520: I:0 (   0.000   0.000   0.000 ) T:1 ( 4493.311 4493.311 4493.311 4493.311 4493.311 4493.311 )
2845.514: I:0 (   0.000   0.000   0.000 ) T:1 ( 4493.311 4493.311 4493.311 4493.311 4493.311 4493.311 )
2855.515: I:0 (   0.000   0.000   0.000 ) T:1 ( 4493.311 4493.311 4493.311 4493.311 4493.311 4493.311 )
2865.691: I:0 (   0.000   0.000   0.000 ) T:1 ( 4493.311 4493.311 4493.311 4493.311 4493.311 4493.311 )
2875.516: I:0 (   0.000   0.000   0.000 ) T:1 ( 4493.311 4493.311 4493.311 4493.311 4493.311 4493.311 )
2885.523: I:0 (   0.000   0.000   0.000 ) T:1 ( 4493.311 4493.311 4493.311 4493.311 4493.311 4493.311 )
2895.520: I:0 (   0.000   0.000   0.000 ) T:1 ( 4493.311 4493.311 4493.311 4493.311 4493.311 4493.311 )
2905.518: I:0 (   0.000   0.000   0.000 ) T:1 ( 4493.311 4493.311 4493.311 4493.311 4493.311 4493.311 )
2915.523: I:0 (   0.000   0.000   0.000 ) T:1 ( 4493.311 4493.311 4493.311 4493.311 4493.311 4493.311 )
2925.519: I:0 (   0.000   0.000   0.000 ) T:1 ( 4493.311 4493.311 4493.311 4493.311 4493.311 4493.311 )
2935.522: I:0 (   0.000   0.000   0.000 ) T:1 ( 4493.311 4493.311 4493.311 4493.311 4493.311 4493.311 )
2945.519: I:0 (   0.000   0.000   0.000 ) T:1 ( 4493.311 4493.311 4493.311 4493.311 4493.311 4493.311 )
2955.520: I:0 (   0.000   0.000   0.000 ) T:1 ( 4493.311 4493.311 4493.311 4493.311 4493.311 4493.311 )
2965.521: I:0 (   0.000   0.000   0.000 ) T:1 ( 4493.311 4493.311 4493.311 4493.311 4493.311 4493.311 )
2975.519: I:0 (   0.000   0.000   0.000 ) T:1 ( 4493.311 4493.311 4493.311 4493.311 4493.311 4493.311 )
2978.124: I:0 (   0.000   0.000   0.000 ) T:1 ( 4493.311 4493.311 4493.311 4493.311 4493.311 4493.311 )
2978.217: I:0 (   0.000   0.000   0.000 ) T:1 ( 4493.311 4493.311 4493.311 4493.311 4493.311 4493.311 )
