#[Interval percentile log between 0.000 and <Infinite> seconds (relative to StartTime)]
#[StartTime: 1524394387.082 (seconds since epoch), Sun Apr 22 12:53:07 CEST 2018]
Time: IntervalPercentiles:count ( 50% 90% Max ) TotalPercentiles:count ( 50% 90% 99% 99.9% 99.99% Max )
10.000: I:1 (   0.000   0.000   0.000 ) T:1 (   0.000   0.000   0.000   0.000   0.000   0.000 )
19.983: I:1 (   0.006   0.006   0.006 ) T:2 (   0.000   0.006   0.006   0.006   0.006   0.006 )
29.980: I:1 (   0.000   0.000   0.000 ) T:3 (   0.000   0.006   0.006   0.006   0.006   0.006 )
39.980: I:1 (   0.000   0.000   0.000 ) T:4 (   0.000   0.006   0.006   0.006   0.006   0.006 )
49.980: I:1 (   0.005   0.005   0.005 ) T:5 (   0.000   0.006   0.006   0.006   0.006   0.006 )
59.981: I:1 (   0.000   0.000   0.000 ) T:6 (   0.000   0.006   0.006   0.006   0.006   0.006 )
69.981: I:1 (   0.004   0.004   0.004 ) T:7 (   0.000   0.006   0.006   0.006   0.006   0.006 )
79.978: I:1 (   0.000   0.000   0.000 ) T:8 (   0.000   0.006   0.006   0.006   0.006   0.006 )
89.978: I:1 (   0.004   0.004   0.004 ) T:9 (   0.000   0.006   0.006   0.006   0.006   0.006 )
99.978: I:1 (   0.000   0.000   0.000 ) T:10 (   0.000   0.005   0.006   0.006   0.006   0.006 )
109.979: I:1 (   0.005   0.005   0.005 ) T:11 (   0.000   0.005   0.006   0.006   0.006   0.006 )
119.976: I:1 (   0.000   0.000   0.000 ) T:12 (   0.000   0.005   0.006   0.006   0.006   0.006 )
129.977: I:1 (   0.004   0.004   0.004 ) T:13 (   0.000   0.005   0.006   0.006   0.006   0.006 )
139.976: I:1 (   0.000   0.000   0.000 ) T:14 (   0.000   0.005   0.006   0.006   0.006   0.006 )
149.978: I:1 (   0.005   0.005   0.005 ) T:15 (   0.000   0.005   0.006   0.006   0.006   0.006 )
159.978: I:1 (   0.000   0.000   0.000 ) T:16 (   0.000   0.005   0.006   0.006   0.006   0.006 )
169.980: I:1 (   0.001   0.001   0.001 ) T:17 (   0.000   0.005   0.006   0.006   0.006   0.006 )
179.977: I:1 (   0.000   0.000   0.000 ) T:18 (   0.000   0.005   0.006   0.006   0.006   0.006 )
189.977: I:1 (   0.002   0.002   0.002 ) T:19 (   0.000   0.005   0.006   0.006   0.006   0.006 )
199.978: I:1 (   0.001   0.001   0.001 ) T:20 (   0.000   0.005   0.006   0.006   0.006   0.006 )
209.978: I:1 (   0.000   0.000   0.000 ) T:21 (   0.000   0.005   0.006   0.006   0.006   0.006 )
219.978: I:1 (   0.002   0.002   0.002 ) T:22 (   0.000   0.005   0.006   0.006   0.006   0.006 )
229.971: I:1 (   0.000   0.000   0.000 ) T:23 (   0.000   0.005   0.006   0.006   0.006   0.006 )
239.978: I:1 (   0.002   0.002   0.002 ) T:24 (   0.000   0.005   0.006   0.006   0.006   0.006 )
249.977: I:1 (   0.000   0.000   0.000 ) T:25 (   0.000   0.005   0.006   0.006   0.006   0.006 )
259.973: I:1 (   0.002   0.002   0.002 ) T:26 (   0.000   0.005   0.006   0.006   0.006   0.006 )
269.976: I:1 (   0.000   0.000   0.000 ) T:27 (   0.000   0.005   0.006   0.006   0.006   0.006 )
279.972: I:1 (   0.001   0.001   0.001 ) T:28 (   0.000   0.005   0.006   0.006   0.006   0.006 )
289.982: I:1 (   0.002   0.002   0.002 ) T:29 (   0.001   0.005   0.006   0.006   0.006   0.006 )
299.979: I:1 (   0.000   0.000   0.000 ) T:30 (   0.000   0.005   0.006   0.006   0.006   0.006 )
309.978: I:1 (   0.002   0.002   0.002 ) T:31 (   0.001   0.005   0.006   0.006   0.006   0.006 )
319.978: I:1 (   0.000   0.000   0.000 ) T:32 (   0.000   0.005   0.006   0.006   0.006   0.006 )
329.972: I:1 (   0.002   0.002   0.002 ) T:33 (   0.001   0.005   0.006   0.006   0.006   0.006 )
339.975: I:1 (   0.001   0.001   0.001 ) T:34 (   0.001   0.005   0.006   0.006   0.006   0.006 )
349.979: I:1 (   0.000   0.000   0.000 ) T:35 (   0.001   0.005   0.006   0.006   0.006   0.006 )
359.980: I:1 (   0.002   0.002   0.002 ) T:36 (   0.001   0.005   0.006   0.006   0.006   0.006 )
369.978: I:1 (   0.002   0.002   0.002 ) T:37 (   0.001   0.005   0.006   0.006   0.006   0.006 )
379.981: I:1 (   0.000   0.000   0.000 ) T:38 (   0.001   0.005   0.006   0.006   0.006   0.006 )
389.974: I:1 (   0.001   0.001   0.001 ) T:39 (   0.001   0.005   0.006   0.006   0.006   0.006 )
399.978: I:1 (   0.002   0.002   0.002 ) T:40 (   0.001   0.004   0.006   0.006   0.006   0.006 )
409.970: I:1 (   0.000   0.000   0.000 ) T:41 (   0.001   0.004   0.006   0.006   0.006   0.006 )
419.978: I:1 (   0.002   0.002   0.002 ) T:42 (   0.001   0.004   0.006   0.006   0.006   0.006 )
429.978: I:1 (   0.002   0.002   0.002 ) T:43 (   0.001   0.004   0.006   0.006   0.006   0.006 )
439.978: I:1 (   0.000   0.000   0.000 ) T:44 (   0.001   0.004   0.006   0.006   0.006   0.006 )
449.972: I:1 (   0.001   0.001   0.001 ) T:45 (   0.001   0.004   0.006   0.006   0.006   0.006 )
459.979: I:1 (   0.002   0.002   0.002 ) T:46 (   0.001   0.004   0.006   0.006   0.006   0.006 )
469.971: I:1 (   0.000   0.000   0.000 ) T:47 (   0.001   0.004   0.006   0.006   0.006   0.006 )
479.976: I:1 (   0.001   0.001   0.001 ) T:48 (   0.001   0.004   0.006   0.006   0.006   0.006 )
489.976: I:1 (   0.001   0.001   0.001 ) T:49 (   0.001   0.004   0.006   0.006   0.006   0.006 )
499.979: I:1 (   0.000   0.000   0.000 ) T:50 (   0.001   0.004   0.006   0.006   0.006   0.006 )
509.978: I:1 (   0.002   0.002   0.002 ) T:51 (   0.001   0.004   0.006   0.006   0.006   0.006 )
519.975: I:1 (   0.002   0.002   0.002 ) T:52 (   0.001   0.004   0.006   0.006   0.006   0.006 )
529.975: I:1 (   0.001   0.001   0.001 ) T:53 (   0.001   0.004   0.006   0.006   0.006   0.006 )
539.972: I:1 (   0.000   0.000   0.000 ) T:54 (   0.001   0.004   0.006   0.006   0.006   0.006 )
549.978: I:1 (   0.002   0.002   0.002 ) T:55 (   0.001   0.004   0.006   0.006   0.006   0.006 )
559.978: I:1 (   0.002   0.002   0.002 ) T:56 (   0.001   0.004   0.006   0.006   0.006   0.006 )
569.978: I:1 (   0.001   0.001   0.001 ) T:57 (   0.001   0.004   0.006   0.006   0.006   0.006 )
579.976: I:1 (   0.000   0.000   0.000 ) T:58 (   0.001   0.004   0.006   0.006   0.006   0.006 )
589.979: I:1 (   0.000   0.000   0.000 ) T:59 (   0.001   0.004   0.006   0.006   0.006   0.006 )
599.976: I:1 (   0.002   0.002   0.002 ) T:60 (   0.001   0.004   0.006   0.006   0.006   0.006 )
609.978: I:1 (   0.001   0.001   0.001 ) T:61 (   0.001   0.004   0.006   0.006   0.006   0.006 )
619.975: I:1 (   0.002   0.002   0.002 ) T:62 (   0.001   0.004   0.006   0.006   0.006   0.006 )
629.978: I:1 (   0.000   0.000   0.000 ) T:63 (   0.001   0.004   0.006   0.006   0.006   0.006 )
639.975: I:1 (   0.002   0.002   0.002 ) T:64 (   0.001   0.004   0.006   0.006   0.006   0.006 )
649.976: I:1 (   0.002   0.002   0.002 ) T:65 (   0.001   0.004   0.006   0.006   0.006   0.006 )
659.977: I:1 (   0.002   0.002   0.002 ) T:66 (   0.001   0.004   0.006   0.006   0.006   0.006 )
669.976: I:1 (   0.002   0.002   0.002 ) T:67 (   0.001   0.004   0.006   0.006   0.006   0.006 )
679.977: I:1 (   0.000   0.000   0.000 ) T:68 (   0.001   0.004   0.006   0.006   0.006   0.006 )
689.976: I:1 (   0.002   0.002   0.002 ) T:69 (   0.001   0.004   0.006   0.006   0.006   0.006 )
699.978: I:1 (   0.001   0.001   0.001 ) T:70 (   0.001   0.002   0.006   0.006   0.006   0.006 )
709.975: I:1 (   0.002   0.002   0.002 ) T:71 (   0.001   0.002   0.006   0.006   0.006   0.006 )
719.973: I:1 (   0.002   0.002   0.002 ) T:72 (   0.001   0.002   0.006   0.006   0.006   0.006 )
729.971: I:1 (   0.001   0.001   0.001 ) T:73 (   0.001   0.002   0.006   0.006   0.006   0.006 )
739.978: I:1 (   0.002   0.002   0.002 ) T:74 (   0.001   0.002   0.006   0.006   0.006   0.006 )
749.976: I:1 (   0.001   0.001   0.001 ) T:75 (   0.001   0.002   0.006   0.006   0.006   0.006 )
759.978: I:1 (   0.002   0.002   0.002 ) T:76 (   0.001   0.002   0.006   0.006   0.006   0.006 )
769.975: I:1 (   0.002   0.002   0.002 ) T:77 (   0.001   0.002   0.006   0.006   0.006   0.006 )
779.975: I:1 (   0.002   0.002   0.002 ) T:78 (   0.001   0.002   0.006   0.006   0.006   0.006 )
789.975: I:1 (   0.001   0.001   0.001 ) T:79 (   0.001   0.002   0.006   0.006   0.006   0.006 )
799.975: I:1 (   0.002   0.002   0.002 ) T:80 (   0.001   0.002   0.006   0.006   0.006   0.006 )
809.972: I:1 (   0.002   0.002   0.002 ) T:81 (   0.001   0.002   0.006   0.006   0.006   0.006 )
819.978: I:1 (   0.000   0.000   0.000 ) T:82 (   0.001   0.002   0.006   0.006   0.006   0.006 )
829.979: I:1 (   0.001   0.001   0.001 ) T:83 (   0.001   0.002   0.006   0.006   0.006   0.006 )
839.978: I:1 (   0.002   0.002   0.002 ) T:84 (   0.001   0.002   0.006   0.006   0.006   0.006 )
849.975: I:1 (   0.001   0.001   0.001 ) T:85 (   0.001   0.002   0.006   0.006   0.006   0.006 )
859.973: I:1 (   0.002   0.002   0.002 ) T:86 (   0.001   0.002   0.006   0.006   0.006   0.006 )
869.976: I:1 (   0.002   0.002   0.002 ) T:87 (   0.001   0.002   0.006   0.006   0.006   0.006 )
879.976: I:1 (   0.002   0.002   0.002 ) T:88 (   0.001   0.002   0.006   0.006   0.006   0.006 )
889.979: I:1 (   0.001   0.001   0.001 ) T:89 (   0.001   0.002   0.006   0.006   0.006   0.006 )
899.974: I:1 (   0.001   0.001   0.001 ) T:90 (   0.001   0.002   0.006   0.006   0.006   0.006 )
909.978: I:1 (   0.002   0.002   0.002 ) T:91 (   0.001   0.002   0.006   0.006   0.006   0.006 )
919.969: I:1 (   0.001   0.001   0.001 ) T:92 (   0.001   0.002   0.006   0.006   0.006   0.006 )
929.977: I:1 (   0.002   0.002   0.002 ) T:93 (   0.001   0.002   0.006   0.006   0.006   0.006 )
939.968: I:1 (   0.002   0.002   0.002 ) T:94 (   0.001   0.002   0.006   0.006   0.006   0.006 )
949.975: I:1 (   0.001   0.001   0.001 ) T:95 (   0.001   0.002   0.006   0.006   0.006   0.006 )
959.978: I:1 (   0.001   0.001   0.001 ) T:96 (   0.001   0.002   0.006   0.006   0.006   0.006 )
969.977: I:1 (   0.002   0.002   0.002 ) T:97 (   0.001   0.002   0.006   0.006   0.006   0.006 )
979.978: I:1 (   0.002   0.002   0.002 ) T:98 (   0.001   0.002   0.006   0.006   0.006   0.006 )
989.978: I:1 (   0.001   0.001   0.001 ) T:99 (   0.001   0.002   0.006   0.006   0.006   0.006 )
999.978: I:1 (   0.002   0.002   0.002 ) T:100 (   0.001   0.002   0.005   0.006   0.006   0.006 )
1009.971: I:1 (   0.002   0.002   0.002 ) T:101 (   0.001   0.002   0.005   0.006   0.006   0.006 )
1019.970: I:1 (   0.001   0.001   0.001 ) T:102 (   0.001   0.002   0.005   0.006   0.006   0.006 )
1029.976: I:1 (   0.000   0.000   0.000 ) T:103 (   0.001   0.002   0.005   0.006   0.006   0.006 )
1039.973: I:1 (   0.002   0.002   0.002 ) T:104 (   0.001   0.002   0.005   0.006   0.006   0.006 )
1049.979: I:1 (   0.002   0.002   0.002 ) T:105 (   0.001   0.002   0.005   0.006   0.006   0.006 )
1059.976: I:1 (   0.001   0.001   0.001 ) T:106 (   0.001   0.002   0.005   0.006   0.006   0.006 )
1069.978: I:1 (   0.002   0.002   0.002 ) T:107 (   0.001   0.002   0.005   0.006   0.006   0.006 )
1079.977: I:1 (   0.001   0.001   0.001 ) T:108 (   0.001   0.002   0.005   0.006   0.006   0.006 )
1089.976: I:1 (   0.002   0.002   0.002 ) T:109 (   0.001   0.002   0.005   0.006   0.006   0.006 )
1099.975: I:1 (   0.002   0.002   0.002 ) T:110 (   0.001   0.002   0.005   0.006   0.006   0.006 )
1109.972: I:1 (   0.002   0.002   0.002 ) T:111 (   0.002   0.002   0.005   0.006   0.006   0.006 )
1119.974: I:1 (   0.001   0.001   0.001 ) T:112 (   0.001   0.002   0.005   0.006   0.006   0.006 )
1129.976: I:1 (   0.002   0.002   0.002 ) T:113 (   0.002   0.002   0.005   0.006   0.006   0.006 )
1139.970: I:1 (   0.002   0.002   0.002 ) T:114 (   0.002   0.002   0.005   0.006   0.006   0.006 )
1149.974: I:1 (   0.001   0.001   0.001 ) T:115 (   0.002   0.002   0.005   0.006   0.006   0.006 )
1159.975: I:1 (   0.002   0.002   0.002 ) T:116 (   0.002   0.002   0.005   0.006   0.006   0.006 )
1169.975: I:1 (   0.002   0.002   0.002 ) T:117 (   0.002   0.002   0.005   0.006   0.006   0.006 )
1179.978: I:1 (   0.002   0.002   0.002 ) T:118 (   0.002   0.002   0.005   0.006   0.006   0.006 )
1189.974: I:1 (   0.001   0.001   0.001 ) T:119 (   0.002   0.002   0.005   0.006   0.006   0.006 )
1199.968: I:1 (   0.002   0.002   0.002 ) T:120 (   0.002   0.002   0.005   0.006   0.006   0.006 )
1209.975: I:1 (   0.002   0.002   0.002 ) T:121 (   0.002   0.002   0.005   0.006   0.006   0.006 )
1219.975: I:1 (   0.002   0.002   0.002 ) T:122 (   0.002   0.002   0.005   0.006   0.006   0.006 )
1229.978: I:1 (   0.001   0.001   0.001 ) T:123 (   0.002   0.002   0.005   0.006   0.006   0.006 )
1239.975: I:1 (   0.004   0.004   0.004 ) T:124 (   0.002   0.002   0.005   0.006   0.006   0.006 )
1249.977: I:1 (   0.000   0.000   0.000 ) T:125 (   0.002   0.002   0.005   0.006   0.006   0.006 )
1259.977: I:1 (   0.001   0.001   0.001 ) T:126 (   0.002   0.002   0.005   0.006   0.006   0.006 )
1269.976: I:1 (   0.002   0.002   0.002 ) T:127 (   0.002   0.002   0.005   0.006   0.006   0.006 )
1279.975: I:1 (   0.003   0.003   0.003 ) T:128 (   0.002   0.002   0.005   0.006   0.006   0.006 )
1289.971: I:1 (   0.000   0.000   0.000 ) T:129 (   0.002   0.002   0.005   0.006   0.006   0.006 )
1299.969: I:1 (   0.003   0.003   0.003 ) T:130 (   0.002   0.002   0.005   0.006   0.006   0.006 )
1309.974: I:1 (   0.002   0.002   0.002 ) T:131 (   0.002   0.002   0.005   0.006   0.006   0.006 )
1319.977: I:1 (   0.002   0.002   0.002 ) T:132 (   0.002   0.002   0.005   0.006   0.006   0.006 )
1329.977: I:1 (   0.001   0.001   0.001 ) T:133 (   0.002   0.002   0.005   0.006   0.006   0.006 )
1339.977: I:1 (   0.000   0.000   0.000 ) T:134 (   0.002   0.002   0.005   0.006   0.006   0.006 )
1349.975: I:1 (   0.004   0.004   0.004 ) T:135 (   0.002   0.002   0.005   0.006   0.006   0.006 )
1359.975: I:1 (   0.002   0.002   0.002 ) T:136 (   0.002   0.002   0.005   0.006   0.006   0.006 )
1369.975: I:1 (   0.002   0.002   0.002 ) T:137 (   0.002   0.002   0.005   0.006   0.006   0.006 )
1379.975: I:1 (   0.002   0.002   0.002 ) T:138 (   0.002   0.002   0.005   0.006   0.006   0.006 )
1389.975: I:1 (   0.002   0.002   0.002 ) T:139 (   0.002   0.002   0.005   0.006   0.006   0.006 )
1399.975: I:1 (   0.001   0.001   0.001 ) T:140 (   0.002   0.002   0.005   0.006   0.006   0.006 )
1409.978: I:1 (   0.028   0.028   0.028 ) T:141 (   0.002   0.002   0.006   0.028   0.028   0.028 )
1419.975: I:1 (   0.001   0.001   0.001 ) T:142 (   0.002   0.002   0.006   0.028   0.028   0.028 )
1429.972: I:1 (   0.002   0.002   0.002 ) T:143 (   0.002   0.002   0.006   0.028   0.028   0.028 )
1439.975: I:1 (   0.002   0.002   0.002 ) T:144 (   0.002   0.002   0.006   0.028   0.028   0.028 )
1449.975: I:1 (   0.001   0.001   0.001 ) T:145 (   0.002   0.002   0.006   0.028   0.028   0.028 )
1459.975: I:1 (   0.002   0.002   0.002 ) T:146 (   0.002   0.002   0.006   0.028   0.028   0.028 )
1469.980: I:1 (   0.001   0.001   0.001 ) T:147 (   0.002   0.002   0.006   0.028   0.028   0.028 )
1479.976: I:1 (   0.002   0.002   0.002 ) T:148 (   0.002   0.002   0.006   0.028   0.028   0.028 )
1489.978: I:1 (   0.002   0.002   0.002 ) T:149 (   0.002   0.002   0.006   0.028   0.028   0.028 )
1499.975: I:1 (   0.001   0.001   0.001 ) T:150 (   0.002   0.002   0.006   0.028   0.028   0.028 )
1509.975: I:1 (   0.002   0.002   0.002 ) T:151 (   0.002   0.002   0.006   0.028   0.028   0.028 )
1519.968: I:1 (   0.001   0.001   0.001 ) T:152 (   0.002   0.002   0.006   0.028   0.028   0.028 )
1529.968: I:1 (   0.002   0.002   0.002 ) T:153 (   0.002   0.002   0.006   0.028   0.028   0.028 )
1539.973: I:1 (   0.001   0.001   0.001 ) T:154 (   0.002   0.002   0.006   0.028   0.028   0.028 )
1549.973: I:1 (   0.002   0.002   0.002 ) T:155 (   0.002   0.002   0.006   0.028   0.028   0.028 )
1559.975: I:1 (   0.001   0.001   0.001 ) T:156 (   0.002   0.002   0.006   0.028   0.028   0.028 )
1569.974: I:1 (   0.002   0.002   0.002 ) T:157 (   0.002   0.002   0.006   0.028   0.028   0.028 )
1579.969: I:1 (   0.002   0.002   0.002 ) T:158 (   0.002   0.002   0.006   0.028   0.028   0.028 )
1589.977: I:1 (   0.001   0.001   0.001 ) T:159 (   0.002   0.002   0.006   0.028   0.028   0.028 )
1599.978: I:1 (   0.002   0.002   0.002 ) T:160 (   0.002   0.002   0.006   0.028   0.028   0.028 )
1609.980: I:1 (   0.001   0.001   0.001 ) T:161 (   0.002   0.002   0.006   0.028   0.028   0.028 )
1619.978: I:1 (   0.002   0.002   0.002 ) T:162 (   0.002   0.002   0.006   0.028   0.028   0.028 )
1629.975: I:1 (   0.002   0.002   0.002 ) T:163 (   0.002   0.002   0.006   0.028   0.028   0.028 )
1639.979: I:1 (   0.001   0.001   0.001 ) T:164 (   0.002   0.002   0.006   0.028   0.028   0.028 )
1649.977: I:1 (   0.002   0.002   0.002 ) T:165 (   0.002   0.002   0.006   0.028   0.028   0.028 )
1659.969: I:1 (   0.002   0.002   0.002 ) T:166 (   0.002   0.002   0.006   0.028   0.028   0.028 )
1669.978: I:1 (   0.002   0.002   0.002 ) T:167 (   0.002   0.002   0.006   0.028   0.028   0.028 )
1679.978: I:1 (   0.001   0.001   0.001 ) T:168 (   0.002   0.002   0.006   0.028   0.028   0.028 )
1689.975: I:1 (   0.002   0.002   0.002 ) T:169 (   0.002   0.002   0.006   0.028   0.028   0.028 )
1699.980: I:1 (   0.001   0.001   0.001 ) T:170 (   0.002   0.002   0.006   0.028   0.028   0.028 )
1709.978: I:1 (   0.002   0.002   0.002 ) T:171 (   0.002   0.002   0.006   0.028   0.028   0.028 )
1719.978: I:1 (   0.003   0.003   0.003 ) T:172 (   0.002   0.002   0.006   0.028   0.028   0.028 )
1729.976: I:1 (   0.002   0.002   0.002 ) T:173 (   0.002   0.002   0.006   0.028   0.028   0.028 )
1739.978: I:1 (   0.002   0.002   0.002 ) T:174 (   0.002   0.002   0.006   0.028   0.028   0.028 )
1749.975: I:1 (   0.002   0.002   0.002 ) T:175 (   0.002   0.002   0.006   0.028   0.028   0.028 )
1759.980: I:1 (   0.023   0.023   0.023 ) T:176 (   0.002   0.002   0.023   0.028   0.028   0.028 )
1769.980: I:1 (   0.002   0.002   0.002 ) T:177 (   0.002   0.002   0.023   0.028   0.028   0.028 )
1779.977: I:1 (   0.001   0.001   0.001 ) T:178 (   0.002   0.002   0.023   0.028   0.028   0.028 )
1789.975: I:1 (   0.001   0.001   0.001 ) T:179 (   0.002   0.002   0.023   0.028   0.028   0.028 )
1799.977: I:1 (   0.002   0.002   0.002 ) T:180 (   0.002   0.002   0.023   0.028   0.028   0.028 )
1809.977: I:1 (   0.002   0.002   0.002 ) T:181 (   0.002   0.002   0.023   0.028   0.028   0.028 )
1819.977: I:1 (   0.001   0.001   0.001 ) T:182 (   0.002   0.002   0.023   0.028   0.028   0.028 )
1829.976: I:1 (   0.001   0.001   0.001 ) T:183 (   0.002   0.002   0.023   0.028   0.028   0.028 )
1839.977: I:1 (   0.002   0.002   0.002 ) T:184 (   0.002   0.002   0.023   0.028   0.028   0.028 )
1849.974: I:1 (   0.002   0.002   0.002 ) T:185 (   0.002   0.002   0.023   0.028   0.028   0.028 )
1859.971: I:1 (   0.001   0.001   0.001 ) T:186 (   0.002   0.002   0.023   0.028   0.028   0.028 )
1869.969: I:1 (   0.002   0.002   0.002 ) T:187 (   0.002   0.002   0.023   0.028   0.028   0.028 )
1879.977: I:1 (   0.002   0.002   0.002 ) T:188 (   0.002   0.002   0.023   0.028   0.028   0.028 )
1889.976: I:1 (   0.002   0.002   0.002 ) T:189 (   0.002   0.002   0.023   0.028   0.028   0.028 )
1899.978: I:1 (   0.001   0.001   0.001 ) T:190 (   0.002   0.002   0.023   0.028   0.028   0.028 )
1909.978: I:1 (   0.002   0.002   0.002 ) T:191 (   0.002   0.002   0.023   0.028   0.028   0.028 )
1919.969: I:1 (   0.002   0.002   0.002 ) T:192 (   0.002   0.002   0.023   0.028   0.028   0.028 )
1929.976: I:1 (   0.002   0.002   0.002 ) T:193 (   0.002   0.002   0.023   0.028   0.028   0.028 )
1939.979: I:1 (   0.003   0.003   0.003 ) T:194 (   0.002   0.002   0.023   0.028   0.028   0.028 )
1949.978: I:1 (   0.001   0.001   0.001 ) T:195 (   0.002   0.002   0.023   0.028   0.028   0.028 )
1959.977: I:1 (   0.002   0.002   0.002 ) T:196 (   0.002   0.002   0.023   0.028   0.028   0.028 )
1969.972: I:1 (   0.001   0.001   0.001 ) T:197 (   0.002   0.002   0.023   0.028   0.028   0.028 )
1979.969: I:1 (   0.002   0.002   0.002 ) T:198 (   0.002   0.002   0.023   0.028   0.028   0.028 )
1989.979: I:1 (   0.002   0.002   0.002 ) T:199 (   0.002   0.002   0.023   0.028   0.028   0.028 )
1999.978: I:1 (   0.002   0.002   0.002 ) T:200 (   0.002   0.002   0.006   0.028   0.028   0.028 )
2009.971: I:1 (   0.001   0.001   0.001 ) T:201 (   0.002   0.002   0.006   0.028   0.028   0.028 )
2019.978: I:1 (   0.002   0.002   0.002 ) T:202 (   0.002   0.002   0.006   0.028   0.028   0.028 )
2029.974: I:1 (   0.002   0.002   0.002 ) T:203 (   0.002   0.002   0.006   0.028   0.028   0.028 )
2039.975: I:1 (   0.001   0.001   0.001 ) T:204 (   0.002   0.002   0.006   0.028   0.028   0.028 )
2049.972: I:1 (   0.002   0.002   0.002 ) T:205 (   0.002   0.002   0.006   0.028   0.028   0.028 )
2059.981: I:1 (   0.001   0.001   0.001 ) T:206 (   0.002   0.002   0.006   0.028   0.028   0.028 )
2069.977: I:1 (   0.002   0.002   0.002 ) T:207 (   0.002   0.002   0.006   0.028   0.028   0.028 )
2079.974: I:1 (   0.001   0.001   0.001 ) T:208 (   0.002   0.002   0.006   0.028   0.028   0.028 )
2089.978: I:1 (   0.002   0.002   0.002 ) T:209 (   0.002   0.002   0.006   0.028   0.028   0.028 )
2099.977: I:1 (   0.019   0.019   0.019 ) T:210 (   0.002   0.002   0.019   0.028   0.028   0.028 )
2109.978: I:1 (   0.001   0.001   0.001 ) T:211 (   0.002   0.002   0.019   0.028   0.028   0.028 )
2119.978: I:1 (   0.003   0.003   0.003 ) T:212 (   0.002   0.002   0.019   0.028   0.028   0.028 )
2129.968: I:1 (   0.002   0.002   0.002 ) T:213 (   0.002   0.002   0.019   0.028   0.028   0.028 )
2139.978: I:1 (   0.001   0.001   0.001 ) T:214 (   0.002   0.002   0.019   0.028   0.028   0.028 )
2149.977: I:1 (   0.002   0.002   0.002 ) T:215 (   0.002   0.002   0.019   0.028   0.028   0.028 )
2159.978: I:1 (   0.002   0.002   0.002 ) T:216 (   0.002   0.002   0.019   0.028   0.028   0.028 )
2169.978: I:1 (   0.001   0.001   0.001 ) T:217 (   0.002   0.002   0.019   0.028   0.028   0.028 )
2179.978: I:1 (   0.002   0.002   0.002 ) T:218 (   0.002   0.002   0.019   0.028   0.028   0.028 )
2189.978: I:1 (   0.002   0.002   0.002 ) T:219 (   0.002   0.002   0.019   0.028   0.028   0.028 )
2199.978: I:1 (   0.001   0.001   0.001 ) T:220 (   0.002   0.002   0.019   0.028   0.028   0.028 )
2209.978: I:1 (   0.001   0.001   0.001 ) T:221 (   0.002   0.002   0.019   0.028   0.028   0.028 )
2219.979: I:1 (   0.002   0.002   0.002 ) T:222 (   0.002   0.002   0.019   0.028   0.028   0.028 )
2229.977: I:1 (   0.002   0.002   0.002 ) T:223 (   0.002   0.002   0.019   0.028   0.028   0.028 )
2239.978: I:1 (   0.001   0.001   0.001 ) T:224 (   0.002   0.002   0.019   0.028   0.028   0.028 )
2249.974: I:1 (   0.002   0.002   0.002 ) T:225 (   0.002   0.002   0.019   0.028   0.028   0.028 )
2259.978: I:1 (   0.001   0.001   0.001 ) T:226 (   0.002   0.002   0.019   0.028   0.028   0.028 )
2269.975: I:1 (   0.002   0.002   0.002 ) T:227 (   0.002   0.002   0.019   0.028   0.028   0.028 )
2279.977: I:1 (   0.002   0.002   0.002 ) T:228 (   0.002   0.002   0.019   0.028   0.028   0.028 )
2289.974: I:1 (   0.001   0.001   0.001 ) T:229 (   0.002   0.002   0.019   0.028   0.028   0.028 )
2299.972: I:1 (   0.002   0.002   0.002 ) T:230 (   0.002   0.002   0.019   0.028   0.028   0.028 )
2309.978: I:1 (   0.001   0.001   0.001 ) T:231 (   0.002   0.002   0.019   0.028   0.028   0.028 )
2319.977: I:1 (   0.002   0.002   0.002 ) T:232 (   0.002   0.002   0.019   0.028   0.028   0.028 )
2329.978: I:1 (   0.001   0.001   0.001 ) T:233 (   0.002   0.002   0.019   0.028   0.028   0.028 )
2339.978: I:1 (   0.003   0.003   0.003 ) T:234 (   0.002   0.002   0.019   0.028   0.028   0.028 )
2349.978: I:1 (   0.002   0.002   0.002 ) T:235 (   0.002   0.002   0.019   0.028   0.028   0.028 )
2359.978: I:1 (   0.001   0.001   0.001 ) T:236 (   0.002   0.002   0.019   0.028   0.028   0.028 )
2369.978: I:1 (   0.002   0.002   0.002 ) T:237 (   0.002   0.002   0.019   0.028   0.028   0.028 )
2379.971: I:1 (   0.002   0.002   0.002 ) T:238 (   0.002   0.002   0.019   0.028   0.028   0.028 )
2389.971: I:1 (   0.002   0.002   0.002 ) T:239 (   0.002   0.002   0.019   0.028   0.028   0.028 )
2399.978: I:1 (   0.002   0.002   0.002 ) T:240 (   0.002   0.002   0.019   0.028   0.028   0.028 )
2409.977: I:1 (   0.001   0.001   0.001 ) T:241 (   0.002   0.002   0.019   0.028   0.028   0.028 )
2419.972: I:1 (   0.002   0.002   0.002 ) T:242 (   0.002   0.002   0.019   0.028   0.028   0.028 )
2429.975: I:1 (   0.020   0.020   0.020 ) T:243 (   0.002   0.002   0.020   0.028   0.028   0.028 )
2437.041: I:2 (   0.001   0.002   0.002 ) T:245 (   0.002   0.002   0.020   0.028   0.028   0.028 )
2437.079: I:0 (   0.000   0.000   0.000 ) T:245 (   0.002   0.002   0.020   0.028   0.028   0.028 )
