#[Interval percentile log between 0.000 and <Infinite> seconds (relative to StartTime)]
#[StartTime: 1524394387.077 (seconds since epoch), Sun Apr 22 12:53:07 CEST 2018]
Time: IntervalPercentiles:count ( 50% 90% Max ) TotalPercentiles:count ( 50% 90% 99% 99.9% 99.99% Max )
9.993: I:1 (   0.015   0.015   0.015 ) T:1 (   0.015   0.015   0.015   0.015   0.015   0.015 )
19.974: I:1 (   0.028   0.028   0.028 ) T:2 (   0.015   0.028   0.028   0.028   0.028   0.028 )
29.973: I:1 (   0.051   0.051   0.051 ) T:3 (   0.028   0.051   0.051   0.051   0.051   0.051 )
39.972: I:1 (   0.077   0.077   0.077 ) T:4 (   0.028   0.077   0.077   0.077   0.077   0.077 )
49.971: I:1 (   0.042   0.042   0.042 ) T:5 (   0.042   0.077   0.077   0.077   0.077   0.077 )
59.972: I:1 (   0.072   0.072   0.072 ) T:6 (   0.042   0.077   0.077   0.077   0.077   0.077 )
69.970: I:1 (   0.041   0.041   0.041 ) T:7 (   0.042   0.077   0.077   0.077   0.077   0.077 )
79.970: I:1 (   0.071   0.071   0.071 ) T:8 (   0.042   0.077   0.077   0.077   0.077   0.077 )
89.970: I:1 (   0.039   0.039   0.039 ) T:9 (   0.042   0.077   0.077   0.077   0.077   0.077 )
99.970: I:1 (   0.069   0.069   0.069 ) T:10 (   0.042   0.072   0.077   0.077   0.077   0.077 )
109.970: I:1 (   0.037   0.037   0.037 ) T:11 (   0.042   0.072   0.077   0.077   0.077   0.077 )
119.970: I:1 (   0.068   0.068   0.068 ) T:12 (   0.042   0.072   0.077   0.077   0.077   0.077 )
129.970: I:1 (   0.032   0.032   0.032 ) T:13 (   0.042   0.072   0.077   0.077   0.077   0.077 )
139.970: I:1 (   0.063   0.063   0.063 ) T:14 (   0.042   0.072   0.077   0.077   0.077   0.077 )
149.970: I:1 (   0.034   0.034   0.034 ) T:15 (   0.042   0.072   0.077   0.077   0.077   0.077 )
159.970: I:1 (   0.064   0.064   0.064 ) T:16 (   0.042   0.072   0.077   0.077   0.077   0.077 )
169.970: I:1 (   0.037   0.037   0.037 ) T:17 (   0.042   0.072   0.077   0.077   0.077   0.077 )
179.970: I:1 (   0.068   0.068   0.068 ) T:18 (   0.042   0.072   0.077   0.077   0.077   0.077 )
189.969: I:1 (   0.041   0.041   0.041 ) T:19 (   0.042   0.072   0.077   0.077   0.077   0.077 )
199.970: I:1 (   0.016   0.016   0.016 ) T:20 (   0.041   0.071   0.077   0.077   0.077   0.077 )
209.970: I:1 (   0.047   0.047   0.047 ) T:21 (   0.042   0.071   0.077   0.077   0.077   0.077 )
219.970: I:1 (   0.022   0.022   0.022 ) T:22 (   0.041   0.071   0.077   0.077   0.077   0.077 )
229.969: I:1 (   0.053   0.053   0.053 ) T:23 (   0.042   0.071   0.077   0.077   0.077   0.077 )
239.969: I:1 (   0.030   0.030   0.030 ) T:24 (   0.041   0.071   0.077   0.077   0.077   0.077 )
249.970: I:1 (   0.062   0.062   0.062 ) T:25 (   0.042   0.071   0.077   0.077   0.077   0.077 )
259.967: I:1 (   0.038   0.038   0.038 ) T:26 (   0.041   0.071   0.077   0.077   0.077   0.077 )
269.968: I:1 (   0.068   0.068   0.068 ) T:27 (   0.042   0.071   0.077   0.077   0.077   0.077 )
279.968: I:1 (   0.047   0.047   0.047 ) T:28 (   0.042   0.071   0.077   0.077   0.077   0.077 )
289.968: I:1 (   0.027   0.027   0.027 ) T:29 (   0.042   0.071   0.077   0.077   0.077   0.077 )
299.970: I:1 (   0.054   0.054   0.054 ) T:30 (   0.042   0.069   0.077   0.077   0.077   0.077 )
309.970: I:1 (   0.035   0.035   0.035 ) T:31 (   0.042   0.069   0.077   0.077   0.077   0.077 )
319.970: I:1 (   0.066   0.066   0.066 ) T:32 (   0.042   0.069   0.077   0.077   0.077   0.077 )
329.967: I:1 (   0.047   0.047   0.047 ) T:33 (   0.047   0.069   0.077   0.077   0.077   0.077 )
339.968: I:1 (   0.028   0.028   0.028 ) T:34 (   0.042   0.069   0.077   0.077   0.077   0.077 )
349.969: I:1 (   0.057   0.057   0.057 ) T:35 (   0.047   0.069   0.077   0.077   0.077   0.077 )
359.970: I:1 (   0.042   0.042   0.042 ) T:36 (   0.042   0.069   0.077   0.077   0.077   0.077 )
369.969: I:1 (   0.025   0.025   0.025 ) T:37 (   0.042   0.069   0.077   0.077   0.077   0.077 )
379.969: I:1 (   0.057   0.057   0.057 ) T:38 (   0.042   0.069   0.077   0.077   0.077   0.077 )
389.968: I:1 (   0.042   0.042   0.042 ) T:39 (   0.042   0.069   0.077   0.077   0.077   0.077 )
399.968: I:1 (   0.027   0.027   0.027 ) T:40 (   0.042   0.068   0.077   0.077   0.077   0.077 )
409.968: I:1 (   0.057   0.057   0.057 ) T:41 (   0.042   0.068   0.077   0.077   0.077   0.077 )
419.970: I:1 (   0.043   0.043   0.043 ) T:42 (   0.042   0.068   0.077   0.077   0.077   0.077 )
429.968: I:1 (   0.030   0.030   0.030 ) T:43 (   0.042   0.068   0.077   0.077   0.077   0.077 )
439.969: I:1 (   0.058   0.058   0.058 ) T:44 (   0.042   0.068   0.077   0.077   0.077   0.077 )
449.969: I:1 (   0.046   0.046   0.046 ) T:45 (   0.043   0.068   0.077   0.077   0.077   0.077 )
459.970: I:1 (   0.031   0.031   0.031 ) T:46 (   0.042   0.068   0.077   0.077   0.077   0.077 )
469.967: I:1 (   0.060   0.060   0.060 ) T:47 (   0.043   0.068   0.077   0.077   0.077   0.077 )
479.968: I:1 (   0.049   0.049   0.049 ) T:48 (   0.043   0.068   0.077   0.077   0.077   0.077 )
489.969: I:1 (   0.037   0.037   0.037 ) T:49 (   0.043   0.068   0.077   0.077   0.077   0.077 )
499.970: I:1 (   0.068   0.068   0.068 ) T:50 (   0.043   0.068   0.077   0.077   0.077   0.077 )
509.969: I:1 (   0.059   0.059   0.059 ) T:51 (   0.046   0.068   0.077   0.077   0.077   0.077 )
519.969: I:1 (   0.048   0.048   0.048 ) T:52 (   0.046   0.068   0.077   0.077   0.077   0.077 )
529.969: I:1 (   0.038   0.038   0.038 ) T:53 (   0.046   0.068   0.077   0.077   0.077   0.077 )
539.969: I:1 (   0.069   0.069   0.069 ) T:54 (   0.046   0.068   0.077   0.077   0.077   0.077 )
549.969: I:1 (   0.061   0.061   0.061 ) T:55 (   0.047   0.068   0.077   0.077   0.077   0.077 )
559.969: I:1 (   0.051   0.051   0.051 ) T:56 (   0.047   0.068   0.077   0.077   0.077   0.077 )
569.969: I:1 (   0.042   0.042   0.042 ) T:57 (   0.047   0.068   0.077   0.077   0.077   0.077 )
579.969: I:1 (   0.060   0.060   0.060 ) T:58 (   0.047   0.068   0.077   0.077   0.077   0.077 )
589.970: I:1 (   0.071   0.071   0.071 ) T:59 (   0.047   0.069   0.077   0.077   0.077   0.077 )
599.969: I:1 (   0.058   0.058   0.058 ) T:60 (   0.047   0.068   0.077   0.077   0.077   0.077 )
609.972: I:1 (   0.048   0.048   0.048 ) T:61 (   0.047   0.068   0.077   0.077   0.077   0.077 )
619.968: I:1 (   0.044   0.044   0.044 ) T:62 (   0.047   0.068   0.077   0.077   0.077   0.077 )
629.970: I:1 (   0.074   0.074   0.074 ) T:63 (   0.047   0.069   0.077   0.077   0.077   0.077 )
639.969: I:1 (   0.068   0.068   0.068 ) T:64 (   0.047   0.069   0.077   0.077   0.077   0.077 )
649.969: I:1 (   0.060   0.060   0.060 ) T:65 (   0.048   0.069   0.077   0.077   0.077   0.077 )
659.969: I:1 (   0.057   0.057   0.057 ) T:66 (   0.048   0.069   0.077   0.077   0.077   0.077 )
669.969: I:1 (   0.052   0.052   0.052 ) T:67 (   0.048   0.069   0.077   0.077   0.077   0.077 )
679.970: I:1 (   0.081   0.081   0.081 ) T:68 (   0.048   0.069   0.081   0.081   0.081   0.081 )
689.969: I:1 (   0.076   0.076   0.076 ) T:69 (   0.049   0.071   0.081   0.081   0.081   0.081 )
699.969: I:1 (   0.073   0.073   0.073 ) T:70 (   0.049   0.071   0.081   0.081   0.081   0.081 )
709.969: I:1 (   0.071   0.071   0.071 ) T:71 (   0.051   0.071   0.081   0.081   0.081   0.081 )
719.969: I:1 (   0.071   0.071   0.071 ) T:72 (   0.051   0.071   0.081   0.081   0.081   0.081 )
729.968: I:1 (   0.070   0.070   0.070 ) T:73 (   0.051   0.071   0.081   0.081   0.081   0.081 )
739.968: I:1 (   0.068   0.068   0.068 ) T:74 (   0.051   0.071   0.081   0.081   0.081   0.081 )
749.969: I:1 (   0.068   0.068   0.068 ) T:75 (   0.052   0.071   0.081   0.081   0.081   0.081 )
759.969: I:1 (   0.067   0.067   0.067 ) T:76 (   0.052   0.071   0.081   0.081   0.081   0.081 )
769.969: I:1 (   0.067   0.067   0.067 ) T:77 (   0.053   0.071   0.081   0.081   0.081   0.081 )
779.969: I:1 (   0.066   0.066   0.066 ) T:78 (   0.053   0.071   0.081   0.081   0.081   0.081 )
789.969: I:1 (   0.067   0.067   0.067 ) T:79 (   0.054   0.071   0.081   0.081   0.081   0.081 )
799.969: I:1 (   0.068   0.068   0.068 ) T:80 (   0.054   0.071   0.081   0.081   0.081   0.081 )
809.968: I:1 (   0.068   0.068   0.068 ) T:81 (   0.057   0.071   0.081   0.081   0.081   0.081 )
819.968: I:1 (   0.098   0.098   0.098 ) T:82 (   0.057   0.071   0.098   0.098   0.098   0.098 )
829.969: I:1 (   0.098   0.098   0.098 ) T:83 (   0.057   0.071   0.098   0.098   0.098   0.098 )
839.970: I:1 (   0.101   0.101   0.101 ) T:84 (   0.057   0.072   0.101   0.101   0.101   0.101 )
849.970: I:1 (   0.102   0.102   0.102 ) T:85 (   0.057   0.073   0.102   0.102   0.102   0.102 )
859.967: I:1 (   0.103   0.103   0.103 ) T:86 (   0.057   0.074   0.103   0.103   0.103   0.103 )
869.968: I:1 (   0.105   0.105   0.105 ) T:87 (   0.057   0.076   0.105   0.105   0.105   0.105 )
879.969: I:1 (   0.106   0.106   0.106 ) T:88 (   0.057   0.077   0.106   0.106   0.106   0.106 )
889.969: I:1 (   0.107   0.107   0.107 ) T:89 (   0.058   0.081   0.107   0.107   0.107   0.107 )
899.969: I:1 (   0.105   0.105   0.105 ) T:90 (   0.058   0.081   0.107   0.107   0.107   0.107 )
909.969: I:1 (   0.107   0.107   0.107 ) T:91 (   0.058   0.098   0.107   0.107   0.107   0.107 )
919.968: I:1 (   0.109   0.109   0.109 ) T:92 (   0.058   0.098   0.109   0.109   0.109   0.109 )
929.968: I:1 (   0.110   0.110   0.110 ) T:93 (   0.059   0.101   0.110   0.110   0.110   0.110 )
939.968: I:1 (   0.112   0.112   0.112 ) T:94 (   0.059   0.102   0.112   0.112   0.112   0.112 )
949.967: I:1 (   0.111   0.111   0.111 ) T:95 (   0.060   0.103   0.112   0.112   0.112   0.112 )
959.970: I:1 (   0.113   0.113   0.113 ) T:96 (   0.060   0.105   0.113   0.113   0.113   0.113 )
969.969: I:1 (   0.110   0.110   0.110 ) T:97 (   0.060   0.105   0.113   0.113   0.113   0.113 )
979.969: I:1 (   0.109   0.109   0.109 ) T:98 (   0.060   0.106   0.113   0.113   0.113   0.113 )
989.969: I:1 (   0.109   0.109   0.109 ) T:99 (   0.060   0.107   0.113   0.113   0.113   0.113 )
999.969: I:1 (   0.108   0.108   0.108 ) T:100 (   0.060   0.107   0.112   0.113   0.113   0.113 )
1009.968: I:1 (   0.108   0.108   0.108 ) T:101 (   0.061   0.107   0.112   0.113   0.113   0.113 )
1019.967: I:1 (   0.104   0.104   0.104 ) T:102 (   0.061   0.107   0.112   0.113   0.113   0.113 )
1029.970: I:1 (   0.132   0.132   0.132 ) T:103 (   0.062   0.108   0.113   0.132   0.132   0.132 )
1039.969: I:1 (   0.130   0.130   0.130 ) T:104 (   0.062   0.108   0.130   0.132   0.132   0.132 )
1049.969: I:1 (   0.129   0.129   0.129 ) T:105 (   0.063   0.109   0.130   0.132   0.132   0.132 )
1059.969: I:1 (   0.130   0.130   0.130 ) T:106 (   0.063   0.109   0.130   0.132   0.132   0.132 )
1069.969: I:1 (   0.131   0.131   0.131 ) T:107 (   0.064   0.109   0.131   0.132   0.132   0.132 )
1079.969: I:1 (   0.132   0.132   0.132 ) T:108 (   0.064   0.110   0.132   0.132   0.132   0.132 )
1089.969: I:1 (   0.133   0.133   0.133 ) T:109 (   0.066   0.110   0.132   0.133   0.133   0.133 )
1099.968: I:1 (   0.134   0.134   0.134 ) T:110 (   0.066   0.110   0.133   0.134   0.134   0.134 )
1109.968: I:1 (   0.136   0.136   0.136 ) T:111 (   0.066   0.111   0.134   0.136   0.136   0.136 )
1119.969: I:1 (   0.140   0.140   0.140 ) T:112 (   0.066   0.112   0.136   0.140   0.140   0.140 )
1129.969: I:1 (   0.140   0.140   0.140 ) T:113 (   0.067   0.113   0.140   0.140   0.140   0.140 )
1139.968: I:1 (   0.143   0.143   0.143 ) T:114 (   0.067   0.129   0.140   0.143   0.143   0.143 )
1149.968: I:1 (   0.146   0.146   0.146 ) T:115 (   0.067   0.130   0.143   0.146   0.146   0.146 )
1159.968: I:1 (   0.149   0.149   0.149 ) T:116 (   0.067   0.130   0.146   0.149   0.149   0.149 )
1169.968: I:1 (   0.151   0.151   0.151 ) T:117 (   0.067   0.131   0.149   0.151   0.151   0.151 )
1179.969: I:1 (   0.152   0.152   0.152 ) T:118 (   0.067   0.132   0.151   0.152   0.152   0.152 )
1189.968: I:1 (   0.155   0.155   0.155 ) T:119 (   0.068   0.132   0.152   0.155   0.155   0.155 )
1199.967: I:1 (   0.158   0.158   0.158 ) T:120 (   0.068   0.132   0.155   0.158   0.158   0.158 )
1209.968: I:1 (   0.161   0.161   0.161 ) T:121 (   0.068   0.133   0.158   0.161   0.161   0.161 )
1219.969: I:1 (   0.163   0.163   0.163 ) T:122 (   0.068   0.134   0.161   0.163   0.163   0.163 )
1229.969: I:1 (   0.165   0.165   0.165 ) T:123 (   0.068   0.136   0.163   0.165   0.165   0.165 )
1239.969: I:1 (   0.141   0.141   0.141 ) T:124 (   0.068   0.140   0.163   0.165   0.165   0.165 )
1249.969: I:1 (   0.169   0.169   0.169 ) T:125 (   0.068   0.140   0.165   0.169   0.169   0.169 )
1259.969: I:1 (   0.171   0.171   0.171 ) T:126 (   0.068   0.141   0.169   0.171   0.171   0.171 )
1269.969: I:1 (   0.173   0.173   0.173 ) T:127 (   0.068   0.143   0.171   0.173   0.173   0.173 )
1279.969: I:1 (   0.147   0.147   0.147 ) T:128 (   0.068   0.146   0.171   0.173   0.173   0.173 )
1289.968: I:1 (   0.176   0.176   0.176 ) T:129 (   0.068   0.147   0.173   0.176   0.176   0.176 )
1299.967: I:1 (   0.151   0.151   0.151 ) T:130 (   0.068   0.147   0.173   0.176   0.176   0.176 )
1309.970: I:1 (   0.153   0.153   0.153 ) T:131 (   0.068   0.149   0.173   0.176   0.176   0.176 )
1319.969: I:1 (   0.155   0.155   0.155 ) T:132 (   0.068   0.151   0.173   0.176   0.176   0.176 )
1329.969: I:1 (   0.158   0.158   0.158 ) T:133 (   0.068   0.151   0.173   0.176   0.176   0.176 )
1339.969: I:1 (   0.185   0.185   0.185 ) T:134 (   0.068   0.152   0.176   0.185   0.185   0.185 )
1349.969: I:1 (   0.160   0.160   0.160 ) T:135 (   0.068   0.153   0.176   0.185   0.185   0.185 )
1359.969: I:1 (   0.161   0.161   0.161 ) T:136 (   0.068   0.155   0.176   0.185   0.185   0.185 )
1369.969: I:1 (   0.164   0.164   0.164 ) T:137 (   0.069   0.155   0.176   0.185   0.185   0.185 )
1379.969: I:1 (   0.166   0.166   0.166 ) T:138 (   0.069   0.158   0.176   0.185   0.185   0.185 )
1389.969: I:1 (   0.167   0.167   0.167 ) T:139 (   0.069   0.158   0.176   0.185   0.185   0.185 )
1399.969: I:1 (   0.168   0.168   0.168 ) T:140 (   0.069   0.158   0.176   0.185   0.185   0.185 )
1409.969: I:1 (   0.022   0.022   0.022 ) T:141 (   0.069   0.158   0.176   0.185   0.185   0.185 )
1419.969: I:1 (   0.027   0.027   0.027 ) T:142 (   0.069   0.158   0.176   0.185   0.185   0.185 )
1429.968: I:1 (   0.030   0.030   0.030 ) T:143 (   0.069   0.158   0.176   0.185   0.185   0.185 )
1439.968: I:1 (   0.032   0.032   0.032 ) T:144 (   0.068   0.158   0.176   0.185   0.185   0.185 )
1449.969: I:1 (   0.030   0.030   0.030 ) T:145 (   0.068   0.158   0.176   0.185   0.185   0.185 )
1459.969: I:1 (   0.032   0.032   0.032 ) T:146 (   0.068   0.158   0.176   0.185   0.185   0.185 )
1469.969: I:1 (   0.034   0.034   0.034 ) T:147 (   0.068   0.158   0.176   0.185   0.185   0.185 )
1479.969: I:1 (   0.037   0.037   0.037 ) T:148 (   0.068   0.158   0.176   0.185   0.185   0.185 )
1489.969: I:1 (   0.040   0.040   0.040 ) T:149 (   0.068   0.158   0.176   0.185   0.185   0.185 )
1499.969: I:1 (   0.044   0.044   0.044 ) T:150 (   0.068   0.158   0.176   0.185   0.185   0.185 )
1509.969: I:1 (   0.045   0.045   0.045 ) T:151 (   0.068   0.158   0.176   0.185   0.185   0.185 )
1519.968: I:1 (   0.050   0.050   0.050 ) T:152 (   0.068   0.158   0.176   0.185   0.185   0.185 )
1529.967: I:1 (   0.052   0.052   0.052 ) T:153 (   0.068   0.158   0.176   0.185   0.185   0.185 )
1539.967: I:1 (   0.055   0.055   0.055 ) T:154 (   0.068   0.158   0.176   0.185   0.185   0.185 )
1549.967: I:1 (   0.058   0.058   0.058 ) T:155 (   0.068   0.158   0.176   0.185   0.185   0.185 )
1559.967: I:1 (   0.058   0.058   0.058 ) T:156 (   0.068   0.158   0.176   0.185   0.185   0.185 )
1569.967: I:1 (   0.061   0.061   0.061 ) T:157 (   0.068   0.158   0.176   0.185   0.185   0.185 )
1579.967: I:1 (   0.062   0.062   0.062 ) T:158 (   0.068   0.158   0.176   0.185   0.185   0.185 )
1589.970: I:1 (   0.066   0.066   0.066 ) T:159 (   0.068   0.158   0.176   0.185   0.185   0.185 )
1599.969: I:1 (   0.067   0.067   0.067 ) T:160 (   0.068   0.155   0.176   0.185   0.185   0.185 )
1609.969: I:1 (   0.071   0.071   0.071 ) T:161 (   0.068   0.155   0.176   0.185   0.185   0.185 )
1619.969: I:1 (   0.074   0.074   0.074 ) T:162 (   0.068   0.155   0.176   0.185   0.185   0.185 )
1629.969: I:1 (   0.076   0.076   0.076 ) T:163 (   0.068   0.155   0.176   0.185   0.185   0.185 )
1639.969: I:1 (   0.080   0.080   0.080 ) T:164 (   0.068   0.155   0.176   0.185   0.185   0.185 )
1649.969: I:1 (   0.084   0.084   0.084 ) T:165 (   0.068   0.155   0.176   0.185   0.185   0.185 )
1659.968: I:1 (   0.086   0.086   0.086 ) T:166 (   0.068   0.155   0.176   0.185   0.185   0.185 )
1669.968: I:1 (   0.089   0.089   0.089 ) T:167 (   0.068   0.155   0.176   0.185   0.185   0.185 )
1679.969: I:1 (   0.092   0.092   0.092 ) T:168 (   0.068   0.155   0.176   0.185   0.185   0.185 )
1689.968: I:1 (   0.095   0.095   0.095 ) T:169 (   0.068   0.155   0.176   0.185   0.185   0.185 )
1699.968: I:1 (   0.098   0.098   0.098 ) T:170 (   0.068   0.155   0.176   0.185   0.185   0.185 )
1709.969: I:1 (   0.099   0.099   0.099 ) T:171 (   0.068   0.155   0.176   0.185   0.185   0.185 )
1719.971: I:1 (   0.077   0.077   0.077 ) T:172 (   0.068   0.155   0.176   0.185   0.185   0.185 )
1729.968: I:1 (   0.080   0.080   0.080 ) T:173 (   0.068   0.155   0.176   0.185   0.185   0.185 )
1739.969: I:1 (   0.083   0.083   0.083 ) T:174 (   0.068   0.155   0.176   0.185   0.185   0.185 )
1749.968: I:1 (   0.085   0.085   0.085 ) T:175 (   0.068   0.155   0.176   0.185   0.185   0.185 )
1759.968: I:1 (   0.020   0.020   0.020 ) T:176 (   0.068   0.155   0.176   0.185   0.185   0.185 )
1769.969: I:1 (   0.024   0.024   0.024 ) T:177 (   0.068   0.155   0.176   0.185   0.185   0.185 )
1779.969: I:1 (   0.026   0.026   0.026 ) T:178 (   0.068   0.155   0.176   0.185   0.185   0.185 )
1789.968: I:1 (   0.030   0.030   0.030 ) T:179 (   0.068   0.155   0.176   0.185   0.185   0.185 )
1799.968: I:1 (   0.033   0.033   0.033 ) T:180 (   0.068   0.153   0.176   0.185   0.185   0.185 )
1809.969: I:1 (   0.037   0.037   0.037 ) T:181 (   0.068   0.153   0.176   0.185   0.185   0.185 )
1819.969: I:1 (   0.039   0.039   0.039 ) T:182 (   0.068   0.153   0.176   0.185   0.185   0.185 )
1829.969: I:1 (   0.044   0.044   0.044 ) T:183 (   0.068   0.153   0.176   0.185   0.185   0.185 )
1839.969: I:1 (   0.047   0.047   0.047 ) T:184 (   0.068   0.153   0.176   0.185   0.185   0.185 )
1849.969: I:1 (   0.051   0.051   0.051 ) T:185 (   0.068   0.153   0.176   0.185   0.185   0.185 )
1859.968: I:1 (   0.054   0.054   0.054 ) T:186 (   0.068   0.153   0.176   0.185   0.185   0.185 )
1869.967: I:1 (   0.057   0.057   0.057 ) T:187 (   0.068   0.153   0.176   0.185   0.185   0.185 )
1879.968: I:1 (   0.059   0.059   0.059 ) T:188 (   0.068   0.153   0.176   0.185   0.185   0.185 )
1889.968: I:1 (   0.063   0.063   0.063 ) T:189 (   0.068   0.153   0.176   0.185   0.185   0.185 )
1899.968: I:1 (   0.066   0.066   0.066 ) T:190 (   0.068   0.152   0.176   0.185   0.185   0.185 )
1909.969: I:1 (   0.070   0.070   0.070 ) T:191 (   0.068   0.152   0.176   0.185   0.185   0.185 )
1919.968: I:1 (   0.071   0.071   0.071 ) T:192 (   0.068   0.152   0.176   0.185   0.185   0.185 )
1929.968: I:1 (   0.073   0.073   0.073 ) T:193 (   0.068   0.152   0.176   0.185   0.185   0.185 )
1939.969: I:1 (   0.049   0.049   0.049 ) T:194 (   0.068   0.152   0.176   0.185   0.185   0.185 )
1949.969: I:1 (   0.054   0.054   0.054 ) T:195 (   0.068   0.152   0.176   0.185   0.185   0.185 )
1959.969: I:1 (   0.057   0.057   0.057 ) T:196 (   0.068   0.152   0.176   0.185   0.185   0.185 )
1969.968: I:1 (   0.060   0.060   0.060 ) T:197 (   0.068   0.152   0.176   0.185   0.185   0.185 )
1979.967: I:1 (   0.062   0.062   0.062 ) T:198 (   0.067   0.152   0.176   0.185   0.185   0.185 )
1989.968: I:1 (   0.064   0.064   0.064 ) T:199 (   0.067   0.152   0.176   0.185   0.185   0.185 )
1999.969: I:1 (   0.069   0.069   0.069 ) T:200 (   0.067   0.151   0.173   0.185   0.185   0.185 )
2009.968: I:1 (   0.073   0.073   0.073 ) T:201 (   0.068   0.151   0.173   0.185   0.185   0.185 )
2019.968: I:1 (   0.075   0.075   0.075 ) T:202 (   0.068   0.151   0.173   0.185   0.185   0.185 )
2029.968: I:1 (   0.079   0.079   0.079 ) T:203 (   0.068   0.151   0.173   0.185   0.185   0.185 )
2039.968: I:1 (   0.081   0.081   0.081 ) T:204 (   0.068   0.151   0.173   0.185   0.185   0.185 )
2049.968: I:1 (   0.084   0.084   0.084 ) T:205 (   0.068   0.151   0.173   0.185   0.185   0.185 )
2059.968: I:1 (   0.087   0.087   0.087 ) T:206 (   0.068   0.151   0.173   0.185   0.185   0.185 )
2069.969: I:1 (   0.090   0.090   0.090 ) T:207 (   0.068   0.151   0.173   0.185   0.185   0.185 )
2079.968: I:1 (   0.094   0.094   0.094 ) T:208 (   0.068   0.151   0.173   0.185   0.185   0.185 )
2089.968: I:1 (   0.097   0.097   0.097 ) T:209 (   0.068   0.151   0.173   0.185   0.185   0.185 )
2099.969: I:1 (   0.038   0.038   0.038 ) T:210 (   0.068   0.151   0.173   0.185   0.185   0.185 )
2109.971: I:1 (   0.044   0.044   0.044 ) T:211 (   0.068   0.151   0.173   0.185   0.185   0.185 )
2119.970: I:1 (   0.020   0.020   0.020 ) T:212 (   0.068   0.151   0.173   0.185   0.185   0.185 )
2129.967: I:1 (   0.023   0.023   0.023 ) T:213 (   0.068   0.151   0.173   0.185   0.185   0.185 )
2139.968: I:1 (   0.025   0.025   0.025 ) T:214 (   0.068   0.151   0.173   0.185   0.185   0.185 )
2149.968: I:1 (   0.030   0.030   0.030 ) T:215 (   0.068   0.151   0.173   0.185   0.185   0.185 )
2159.968: I:1 (   0.032   0.032   0.032 ) T:216 (   0.068   0.151   0.173   0.185   0.185   0.185 )
2169.969: I:1 (   0.035   0.035   0.035 ) T:217 (   0.068   0.151   0.173   0.185   0.185   0.185 )
2179.969: I:1 (   0.039   0.039   0.039 ) T:218 (   0.067   0.151   0.173   0.185   0.185   0.185 )
2189.969: I:1 (   0.043   0.043   0.043 ) T:219 (   0.067   0.151   0.173   0.185   0.185   0.185 )
2199.969: I:1 (   0.047   0.047   0.047 ) T:220 (   0.067   0.149   0.173   0.185   0.185   0.185 )
2209.969: I:1 (   0.050   0.050   0.050 ) T:221 (   0.067   0.149   0.173   0.185   0.185   0.185 )
2219.969: I:1 (   0.054   0.054   0.054 ) T:222 (   0.067   0.149   0.173   0.185   0.185   0.185 )
2229.968: I:1 (   0.057   0.057   0.057 ) T:223 (   0.067   0.149   0.173   0.185   0.185   0.185 )
2239.968: I:1 (   0.060   0.060   0.060 ) T:224 (   0.067   0.149   0.173   0.185   0.185   0.185 )
2249.968: I:1 (   0.062   0.062   0.062 ) T:225 (   0.067   0.149   0.173   0.185   0.185   0.185 )
2259.968: I:1 (   0.065   0.065   0.065 ) T:226 (   0.066   0.149   0.173   0.185   0.185   0.185 )
2269.969: I:1 (   0.066   0.066   0.066 ) T:227 (   0.066   0.149   0.173   0.185   0.185   0.185 )
2279.968: I:1 (   0.069   0.069   0.069 ) T:228 (   0.066   0.149   0.173   0.185   0.185   0.185 )
2289.968: I:1 (   0.071   0.071   0.071 ) T:229 (   0.067   0.149   0.173   0.185   0.185   0.185 )
2299.969: I:1 (   0.073   0.073   0.073 ) T:230 (   0.067   0.147   0.173   0.185   0.185   0.185 )
2309.969: I:1 (   0.077   0.077   0.077 ) T:231 (   0.067   0.147   0.173   0.185   0.185   0.185 )
2319.968: I:1 (   0.082   0.082   0.082 ) T:232 (   0.067   0.147   0.173   0.185   0.185   0.185 )
2329.970: I:1 (   0.084   0.084   0.084 ) T:233 (   0.067   0.147   0.173   0.185   0.185   0.185 )
2339.968: I:1 (   0.060   0.060   0.060 ) T:234 (   0.067   0.147   0.173   0.185   0.185   0.185 )
2349.969: I:1 (   0.065   0.065   0.065 ) T:235 (   0.067   0.147   0.173   0.185   0.185   0.185 )
2359.969: I:1 (   0.067   0.067   0.067 ) T:236 (   0.067   0.147   0.173   0.185   0.185   0.185 )
2369.969: I:1 (   0.070   0.070   0.070 ) T:237 (   0.067   0.147   0.173   0.185   0.185   0.185 )
2379.968: I:1 (   0.073   0.073   0.073 ) T:238 (   0.067   0.147   0.173   0.185   0.185   0.185 )
2389.967: I:1 (   0.078   0.078   0.078 ) T:239 (   0.067   0.147   0.173   0.185   0.185   0.185 )
2399.968: I:1 (   0.080   0.080   0.080 ) T:240 (   0.067   0.146   0.173   0.185   0.185   0.185 )
2409.969: I:1 (   0.083   0.083   0.083 ) T:241 (   0.067   0.146   0.173   0.185   0.185   0.185 )
2419.968: I:1 (   0.087   0.087   0.087 ) T:242 (   0.067   0.146   0.173   0.185   0.185   0.185 )
2429.968: I:1 (   0.031   0.031   0.031 ) T:243 (   0.067   0.146   0.173   0.185   0.185   0.185 )
2437.032: I:2 (   0.033   0.038   0.038 ) T:245 (   0.067   0.146   0.173   0.185   0.185   0.185 )
2437.069: I:0 (   0.000   0.000   0.000 ) T:245 (   0.067   0.146   0.173   0.185   0.185   0.185 )
